CPHI 16 
CETA 22 -2.40 -2.10 -1.85 -1.60 -1.40 -1.20 -1.00 -0.80 -0.60 -0.40 -0.20  0.00  0.20  0.40  0.60  0.80  1.00  1.20  1.40  1.60  1.85  2.10  2.40 
RMIN  6 
RTRK 12 
RETA 11  0.00  0.20  0.40  0.60  0.80  1.00  1.20  1.40  1.60  1.85  2.10  2.40 
T 0 0   0  0  0  0    0.0000000   0.0006174   0.0016774   0.0031880   0.0122719   0.0692370   0.2780276   0.6535433   1.0000000   1.0000000   1.0000000   1.0000000   1.0000000
T 0 0   0  0  0  1    0.0000000   0.0001354   0.0005459   0.0023920   0.0124343   0.0590489   0.2262877   0.5889114   1.0000000   1.0000000   1.0000000   1.0000000   1.0000000
T 0 0   0  0  0  2    0.0000000   0.0001294   0.0005243   0.0017488   0.0107047   0.0555296   0.2094740   0.5738720   1.0000000   1.0000000   1.0000000   1.0000000   1.0000000
T 0 0   0  0  0  3    0.0000000   0.0002015   0.0005867   0.0017170   0.0115356   0.0627351   0.2260086   0.5868161   1.0000000   1.0000000   1.0000000   1.0000000   1.0000000
T 0 0   0  0  0  4    0.0000000   0.0003907   0.0025396   0.0143279   0.0629528   0.2043776   0.4892906   0.8222971   1.0000000   1.0000000   1.0000000   1.0000000   1.0000000
T 0 0   0  0  0  5    0.0000000   0.0009833   0.0074319   0.0513680   0.2055027   0.5328830   0.8761381   0.9993922   1.0000000   1.0000000   1.0000000   1.0000000   1.0000000
T 0 0   0  0  0  6    0.0000000   0.0002959   0.0012101   0.0103076   0.0673314   0.2771700   0.6633683   0.9312166   0.9981963   0.9999994   1.0000000   1.0000000   1.0000000
T 0 0   0  0  0  7    0.0000000   0.0000583   0.0003953   0.0009066   0.0047834   0.0308238   0.1189337   0.2972425   0.5813239   0.8692031   0.9842107   0.9998683   1.0000000
T 0 0   0  0  0  8    0.0000000   0.0000019   0.0000351   0.0001224   0.0003944   0.0009957   0.0042109   0.0251107   0.1194546   0.3938732   0.7895316   0.9692909   1.0000000
T 0 0   0  0  0  9    0.0000000   0.0000072   0.0000100   0.0000333   0.0005408   0.0035534   0.0183417   0.0860144   0.3020499   0.6584964   0.9386042   0.9999342   1.0000000
T 0 0   0  0  0 10    0.0000000   0.0067141   0.0290557   0.0464353   0.0795622   0.1688626   0.3381590   0.6900122   0.9105257   0.9702516   0.9998314   1.0000000   1.0000000
T 0 0   0  1  0  0    0.0000000   0.0005148   0.0016399   0.0047460   0.0213440   0.1017716   0.3374237   0.6994022   1.0000000   1.0000000   1.0000000   1.0000000   1.0000000
T 0 0   0  1  0  1    0.0000000   0.0002633   0.0010891   0.0042307   0.0181163   0.0752157   0.2537985   0.6193956   1.0000000   1.0000000   1.0000000   1.0000000   1.0000000
T 0 0   0  1  0  2    0.0000000   0.0002194   0.0008486   0.0027728   0.0124455   0.0616642   0.2339277   0.6064318   1.0000000   1.0000000   1.0000000   1.0000000   1.0000000
T 0 0   0  1  0  3    0.0000000   0.0002283   0.0008669   0.0027852   0.0140251   0.0700545   0.2491207   0.6198491   1.0000000   1.0000000   1.0000000   1.0000000   1.0000000
T 0 0   0  1  0  4    0.0000000   0.0004356   0.0027620   0.0153929   0.0663357   0.2155446   0.5058694   0.8320271   1.0000000   1.0000000   1.0000000   1.0000000   1.0000000
T 0 0   0  1  0  5    0.0000000   0.0011873   0.0094478   0.0577925   0.2246261   0.5586818   0.8900123   0.9996500   1.0000000   1.0000000   1.0000000   1.0000000   1.0000000
T 0 0   0  1  0  6    0.0000000   0.0004626   0.0026649   0.0180020   0.0942133   0.3329130   0.7236541   0.9536823   0.9988141   0.9999984   1.0000000   1.0000000   1.0000000
T 0 0   0  1  0  7    0.0000000   0.0002246   0.0006446   0.0024765   0.0123245   0.0526267   0.1570011   0.3413836   0.6074237   0.8728054   0.9849908   0.9998878   1.0000000
T 0 0   0  1  0  8    0.0000000   0.0009562   0.0014955   0.0017998   0.0022382   0.0036136   0.0107994   0.0452511   0.1686405   0.4573475   0.8251665   0.9710661   1.0000000
T 0 0   0  1  0  9    0.0000000   0.0021003   0.0074838   0.0131257   0.0159362   0.0198461   0.0401951   0.1288935   0.3661962   0.7154288   0.9583841   0.9999941   1.0000000
T 0 0   0  1  0 10    0.0000000   0.0032254   0.0170235   0.0428863   0.0843736   0.1746921   0.3942474   0.7474223   0.9511020   0.9856143   0.9999985   1.0000000   1.0000000
R 0 0   0  0  0  0    0.0253576   0.0253576   0.0128287   0.0109595   0.0104595   0.0102026   0.0100150   0.0098581   0.0098581   0.0098581   0.0098581   0.0098581
R 0 0   0  0  0  1    0.0122798   0.0122798   0.0122798   0.0122798   0.0111934   0.0109503   0.0109754   0.0108621   0.0108621   0.0108621   0.0108621   0.0108621
R 0 0   0  0  0  2    0.0130097   0.0130097   0.0130097   0.0130097   0.0121884   0.0120291   0.0118600   0.0116981   0.0116981   0.0116981   0.0116981   0.0116981
R 0 0   0  0  0  3    0.0140471   0.0140471   0.0140471   0.0140471   0.0128436   0.0126149   0.0123856   0.0122570   0.0122570   0.0122570   0.0122570   0.0122570
R 0 0   0  0  0  4    0.0197239   0.0197239   0.0197239   0.0177018   0.0170027   0.0159123   0.0145108   0.0131235   0.0131235   0.0131235   0.0131235   0.0131235
R 0 0   0  0  0  5    0.0212935   0.0212935   0.0197325   0.0192336   0.0187752   0.0180916   0.0170218   0.0170218   0.0170218   0.0170218   0.0170218   0.0170218
R 0 0   0  0  0  6    0.0209098   0.0209098   0.0209098   0.0207367   0.0208473   0.0207490   0.0208824   0.0207785   0.0207785   0.0207785   0.0207785   0.0207785
R 0 0   0  0  0  7    0.0231029   0.0231029   0.0231029   0.0231029   0.0212789   0.0214481   0.0212900   0.0210390   0.0206293   0.0198029   0.0198029   0.0198029
R 0 0   0  0  0  8    0.0218674   0.0218674   0.0218674   0.0218674   0.0218674   0.0218674   0.0218674   0.0212585   0.0210625   0.0209894   0.0203586   0.0192185
R 0 0   0  0  0  9    0.0322194   0.0322194   0.0322194   0.0322194   0.0322194   0.0322194   0.0302407   0.0289090   0.0275300   0.0264879   0.0252806   0.0252806
R 0 0   0  0  0 10    0.0828094   0.0734940   0.0639626   0.0550960   0.0477775   0.0442456   0.0410102   0.0356627   0.0342561   0.0313162   0.0313162   0.0313162
R 0 0   0  0  1  0    0.0000000   0.0000000   0.0000000   0.0000837   0.0000868   0.0000820   0.0000736   0.0000663   0.0000663   0.0000663   0.0000663   0.0000663
R 0 0   0  0  1  1    0.0000874   0.0000874   0.0000874   0.0000874   0.0000711   0.0000724   0.0000636   0.0000574   0.0000574   0.0000574   0.0000574   0.0000574
R 0 0   0  0  1  2    0.0000752   0.0000752   0.0000752   0.0000752   0.0000719   0.0000660   0.0000612   0.0000537   0.0000537   0.0000537   0.0000537   0.0000537
R 0 0   0  0  1  3    0.0000851   0.0000851   0.0000851   0.0000851   0.0000713   0.0000603   0.0000560   0.0000501   0.0000501   0.0000501   0.0000501   0.0000501
R 0 0   0  0  1  4    0.0001461   0.0001461   0.0001461   0.0000977   0.0000948   0.0000759   0.0000557   0.0000462   0.0000462   0.0000462   0.0000462   0.0000462
R 0 0   0  0  1  5    0.0001217   0.0001217   0.0000859   0.0000774   0.0000698   0.0000620   0.0000474   0.0000474   0.0000474   0.0000474   0.0000474   0.0000474
R 0 0   0  0  1  6    0.0000762   0.0000762   0.0000762   0.0000570   0.0000623   0.0000598   0.0000569   0.0000346   0.0000346   0.0000346   0.0000346   0.0000346
R 0 0   0  0  1  7    0.0000925   0.0000925   0.0000925   0.0000925   0.0000873   0.0000769   0.0000748   0.0000768   0.0000760   0.0000592   0.0000592   0.0000592
R 0 0   0  0  1  8    0.0001249   0.0001249   0.0001249   0.0001249   0.0001249   0.0001249   0.0001249   0.0001174   0.0001061   0.0001022   0.0000919   0.0000743
R 0 0   0  0  1  9    0.0002936   0.0002936   0.0002936   0.0002936   0.0002936   0.0002936   0.0002312   0.0002043   0.0001854   0.0001543   0.0001428   0.0001428
R 0 0   0  0  1 10    0.0015181   0.0011873   0.0009508   0.0008022   0.0005915   0.0004904   0.0004008   0.0002669   0.0002108   0.0001759   0.0001759   0.0001759
R 0 0   0  0  2  0    0.0000000   0.0000000   0.0000000   0.0000000   0.0000152   0.0000186   0.0000200   0.0000113   0.0000113   0.0000113   0.0000113   0.0000113
R 0 0   0  0  2  1    0.0000000   0.0000000   0.0000000   0.0000000   0.0000000   0.0000228   0.0000152   0.0000206   0.0000206   0.0000206   0.0000206   0.0000206
R 0 0   0  0  2  2    0.0000495   0.0000495   0.0000495   0.0000495   0.0000661   0.0000216   0.0000169   0.0000194   0.0000194   0.0000194   0.0000194   0.0000194
R 0 0   0  0  2  3    0.0000562   0.0000562   0.0000562   0.0000562   0.0000308   0.0000152   0.0000207   0.0000129   0.0000129   0.0000129   0.0000129   0.0000129
R 0 0   0  0  2  4    0.0000000   0.0000000   0.0000000   0.0000000   0.0000147   0.0000196   0.0000163   0.0000199   0.0000199   0.0000199   0.0000199   0.0000199
R 0 0   0  0  2  5    0.0000000   0.0000000   0.0000000   0.0000117   0.0000281   0.0000232   0.0000142   0.0000142   0.0000142   0.0000142   0.0000142   0.0000142
R 0 0   0  0  2  6    0.0000000   0.0000000   0.0000000   0.0000000   0.0000120   0.0000106   0.0000000   0.0000205   0.0000205   0.0000205   0.0000205   0.0000205
R 0 0   0  0  2  7    0.0000000   0.0000000   0.0000000   0.0000000   0.0000493   0.0000000   0.0000000   0.0000090   0.0000080   0.0000216   0.0000216   0.0000216
R 0 0   0  0  2  8    0.0000000   0.0000000   0.0000000   0.0000000   0.0000000   0.0000000   0.0000000   0.0000000   0.0000071   0.0000151   0.0000000   0.0000000
R 0 0   0  0  2  9    0.0000000   0.0000000   0.0000000   0.0000000   0.0000000   0.0000000   0.0000490   0.0000558   0.0000189   0.0000409   0.0000273   0.0000273
R 0 0   0  0  2 10    0.0000000   0.0000000   0.0000000   0.0000000   0.0000000   0.0000347   0.0001158   0.0000659   0.0000000   0.0000000   0.0000000   0.0000000
R 0 0   0  0  3  0    1.0185752   1.0185752   0.9730174   0.9938465   0.9866111   0.9816501   0.9794860   0.9809680   0.9809680   0.9809680   0.9809680   0.9809680
R 0 0   0  0  3  1    0.9874918   0.9874918   0.9874918   0.9874918   0.9812849   0.9801172   0.9777362   0.9775172   0.9775172   0.9775172   0.9775172   0.9775172
R 0 0   0  0  3  2    0.9792031   0.9792031   0.9792031   0.9792031   0.9860243   0.9815029   0.9795184   0.9792736   0.9792736   0.9792736   0.9792736   0.9792736
R 0 0   0  0  3  3    0.9647168   0.9647168   0.9647168   0.9647168   0.9889196   0.9827124   0.9799382   0.9795942   0.9795942   0.9795942   0.9795942   0.9795942
R 0 0   0  0  3  4    0.9850899   0.9850899   0.9850899   0.9742220   0.9727058   0.9719693   0.9764460   0.9847584   0.9847584   0.9847584   0.9847584   0.9847584
R 0 0   0  0  3  5    0.9742167   0.9742167   0.9797687   0.9778423   0.9721759   0.9702757   0.9666938   0.9666938   0.9666938   0.9666938   0.9666938   0.9666938
R 0 0   0  0  3  6    0.9910704   0.9910704   0.9910704   0.9872980   0.9845700   0.9825550   0.9809284   0.9781278   0.9781278   0.9781278   0.9781278   0.9781278
R 0 0   0  0  3  7    0.9850652   0.9850652   0.9850652   0.9850652   1.0014833   0.9877099   0.9850462   0.9827328   0.9838966   0.9822704   0.9822704   0.9822704
R 0 0   0  0  3  8    0.9964525   0.9964525   0.9964525   0.9964525   0.9964525   0.9964525   0.9964525   0.9852100   0.9805731   0.9820512   0.9842054   0.9960336
R 0 0   0  0  3  9    0.9938683   0.9938683   0.9938683   0.9938683   0.9938683   0.9938683   0.9780573   0.9723155   0.9711929   0.9816809   0.9913241   0.9913241
R 0 0   0  0  3 10    1.0022430   1.0060789   0.9872552   0.9702340   0.9686171   0.9658809   0.9654667   0.9654785   0.9857022   0.9869029   0.9869029   0.9869029
R 0 0   0  0  4  0    1.4039125   1.4039125   1.3432729   2.1364098   2.2558784   2.2742600   2.2391155   2.2725239   2.2725239   2.2725239   2.2725239   2.2725239
R 0 0   0  0  4  1    1.9857343   1.9857343   1.9857343   1.9857343   2.1492003   2.2221295   2.2043136   2.2039982   2.2039982   2.2039982   2.2039982   2.2039982
R 0 0   0  0  4  2    1.9220204   1.9220204   1.9220204   1.9220204   2.1913168   2.2552653   2.2336295   2.2312460   2.2312460   2.2312460   2.2312460   2.2312460
R 0 0   0  0  4  3    1.7842984   1.7842984   1.7842984   1.7842984   2.2667117   2.2614437   2.2349628   2.2263351   2.2263351   2.2263351   2.2263351   2.2263351
R 0 0   0  0  4  4    1.8940085   1.8940085   1.8940085   2.0246645   2.0844427   2.0864670   2.2027658   2.3417947   2.3417947   2.3417947   2.3417947   2.3417947
R 0 0   0  0  4  5    1.7417255   1.7417255   2.0657532   2.1533597   2.0866076   2.0820313   2.0064541   2.0064541   2.0064541   2.0064541   2.0064541   2.0064541
R 0 0   0  0  4  6    1.9708768   1.9708768   1.9708768   2.2150665   2.3187158   2.3504693   2.3420744   2.2755350   2.2755350   2.2755350   2.2755350   2.2755350
R 0 0   0  0  4  7    1.7958309   1.7958309   1.7958309   1.7958309   2.2720912   2.3510397   2.3413014   2.3475745   2.3855099   2.3473753   2.3473753   2.3473753
R 0 0   0  0  4  8    2.2394800   2.2394800   2.2394800   2.2394800   2.2394800   2.2394800   2.2394800   2.2466550   2.2245393   2.2688638   2.3094296   2.2989811
R 0 0   0  0  4  9    2.0876519   2.0876519   2.0876519   2.0876519   2.0876519   2.0876519   2.0440754   2.0564320   2.0417237   2.1987774   2.1982815   2.1982815
R 0 0   0  0  4 10    2.0059617   2.2206959   1.9797509   1.9006288   1.9778816   1.9626679   1.9571380   1.9375972   2.0789878   2.0207044   2.0207044   2.0207044
R 0 0   0  0  5  0   11.8606316  11.8606316   7.7902920   3.4474174   3.6390051   3.8614134   4.2304826   3.9271455   3.9271455   3.9271455   3.9271455   3.9271455
R 0 0   0  0  5  1    3.8991733   3.8991733   3.8991733   3.8991733   4.1143745   4.0612789   4.3725416   4.3288681   4.3288681   4.3288681   4.3288681   4.3288681
R 0 0   0  0  5  2    3.9166930   3.9166930   3.9166930   3.9166930   4.2547596   4.0408249   4.1359733   4.3113247   4.3113247   4.3113247   4.3113247   4.3113247
R 0 0   0  0  5  3    5.0220684   5.0220684   5.0220684   5.0220684   3.8534532   4.0308341   4.2964192   4.3514493   4.3514493   4.3514493   4.3514493   4.3514493
R 0 0   0  0  5  4    5.0742067   5.0742067   5.0742067   4.9907009   5.1465742   5.0100413   3.9583540   3.2190971   3.2190971   3.2190971   3.2190971   3.2190971
R 0 0   0  0  5  5    4.6758176   4.6758176   4.9678795   4.6449118   5.3305322   4.7112631   4.1277099   4.1277099   4.1277099   4.1277099   4.1277099   4.1277099
R 0 0   0  0  5  6    3.1695596   3.1695596   3.1695596   4.0018526   3.4542524   2.9629401   2.3993695   2.0087529   2.0087529   2.0087529   2.0087529   2.0087529
R 0 0   0  0  5  7    4.1378695   4.1378695   4.1378695   4.1378695   3.7415249   3.1214540   2.9435719   2.8796419   2.5792144   2.0865178   2.0865178   2.0865178
R 0 0   0  0  5  8    3.8696863   3.8696863   3.8696863   3.8696863   3.8696863   3.8696863   3.8696863   4.4509807   4.6225551   4.2586199   3.5083817   3.9612584
R 0 0   0  0  5  9    4.7018172   4.7018172   4.7018172   4.7018172   4.7018172   4.7018172   6.7168083   6.0925944   6.6696568   5.4532708   5.7217762   5.7217762
R 0 0   0  0  5 10    5.7473704   4.1720920   4.3599276   5.5884076   5.3803109   6.6671214   8.0193894   8.7655481   6.4724929   6.8947851   6.8947851   6.8947851
F  0  0   0  0  0  0    1.0092477   1.0285163   0.9907377   1.0005626   0.9741179   0.9968334   0.9933462   0.9896354   0.9899494   0.9848999   0.9818794
F  0  0   0  1  0  0    1.0745994   1.0806981   1.0646793   1.0624217   1.0518217   1.0767857   1.0728210   1.0560221   1.0412078   1.0635601   1.0826724
C  0  0   0  0  0  0  -0.2580619 -0.1159264 -0.1802893 -0.3897480 -0.2657349 -0.1626579 -0.1576897 -0.1898265 -0.2578610 -0.1580843 -0.2448234 -0.1620234 -0.1947058 -0.3172645 -0.3347530 -0.0418791
C  0  0   0  0  0  1  -0.0626270 -0.1594234 -0.1366528 -0.1206488 -0.1396288 -0.0978938 -0.1524268 -0.1261711 -0.0441255 -0.1316245 -0.0218280 -0.1045877 -0.1583409 -0.1342719 -0.2003261 -0.0432013
C  0  0   0  0  0  2  -0.1137085 -0.1070804 -0.1139573 -0.1314270 -0.0156600 -0.0543956 -0.0836303 -0.0944273 -0.0193604 -0.0743565 -0.0466578 -0.0673608 -0.1253481 -0.0598745 -0.0351635 -0.1000566
C  0  0   0  0  0  3  -0.0588671 -0.0789500 -0.1294413 -0.0285180  0.0291301 -0.1345572 -0.0912742 -0.0256316 -0.0425434 -0.0213386 -0.1082004 -0.0596228 -0.1520554 -0.1084997 -0.1017448 -0.0114292
C  0  0   0  0  0  4  -0.0862888 -0.0875039 -0.0492958 -0.0895745 -0.1020298 -0.0866916 -0.0483318 -0.0439419 -0.0361948 -0.0303818 -0.0621637 -0.0377646 -0.1263976 -0.1157416 -0.0251157 -0.0685222
C  0  0   0  0  0  5  -0.0236741  0.0100821 -0.0722281  0.0540964 -0.0115162 -0.0276719 -0.0333929 -0.0171061  0.0402093 -0.0142017 -0.0043323 -0.0066880 -0.0376849  0.0246341  0.0752038 -0.0576990
C  0  0   0  0  0  6  -0.0107429  0.0784790  0.0322198 -0.0006084 -0.0062483  0.0232853 -0.0411607 -0.0742775 -0.0300739 -0.0422719  0.0047556  0.0199686 -0.0639573 -0.0027233 -0.0477919  0.0809835
C  0  0   0  0  0  7  -0.0453973  0.0104817  0.0115770 -0.0114197  0.0045247  0.0431302  0.0241038  0.0006809 -0.0278189 -0.0200532  0.0629427 -0.0385720  0.0053394 -0.0280804 -0.0306527  0.0186285
C  0  0   0  0  0  8  -0.0121228  0.0030421  0.0391734  0.0261135 -0.0128995  0.0347859  0.0026546 -0.0234812  0.0074003  0.0287673 -0.0167185  0.0050376 -0.0062650  0.0578054 -0.0590511 -0.0138742
C  0  0   0  0  0  9  -0.0439187  0.0259524 -0.0121985  0.0416517  0.0294337  0.0366664 -0.0046135  0.0320501 -0.0407906  0.0094250  0.0472640  0.0381300 -0.0116936  0.0517086 -0.0130700  0.0481420
C  0  0   0  0  0 10  -0.0231661  0.0100351  0.0418250  0.0600395  0.0031724  0.0036399 -0.0381827 -0.0268899  0.0130526 -0.0540311  0.0117164 -0.0014883 -0.0365395  0.0507956  0.0135574  0.0475873
C  0  0   0  0  0 11  -0.0492304  0.0308156 -0.0420797  0.0522972  0.0198362  0.0562645  0.0464156  0.0874616  0.0133535  0.0322505  0.0201983 -0.0206617 -0.0009763  0.0187009  0.0003332 -0.0028438
C  0  0   0  0  0 12   0.0565554 -0.0134928  0.0006800  0.0076862  0.0107732  0.0287446 -0.0232990 -0.0092039 -0.0049039  0.0630272  0.0139293 -0.0017832 -0.0570247 -0.0009493  0.0203436  0.0223949
C  0  0   0  0  0 13  -0.0330031 -0.0013600  0.0337553  0.0040794 -0.0009010 -0.0205811  0.0175919 -0.0044365  0.0312886  0.0364316 -0.0198017  0.0163078 -0.0096066  0.0153272 -0.0090052  0.0080160
C  0  0   0  0  0 14  -0.0322343 -0.0057041 -0.0240684 -0.0087730 -0.0102906 -0.0073531 -0.0037616  0.0104429 -0.0255103 -0.0202039  0.0711995 -0.0547623  0.0213341  0.0315764 -0.0078279 -0.0608323
C  0  0   0  0  0 15  -0.0720702 -0.0435125 -0.0130542  0.0250333  0.0286737 -0.0578521 -0.0053365  0.0198005  0.0043909 -0.0125378 -0.0200428 -0.1034623 -0.0088342  0.0085730 -0.0751255  0.0060386
C  0  0   0  0  0 16   0.0884838  0.0250569 -0.0130843  0.0116608 -0.0283966 -0.0891997 -0.0265362  0.0006374 -0.0700537  0.1133546  0.0122611 -0.0597934 -0.0703627 -0.0095019 -0.0845640 -0.0091309
C  0  0   0  0  0 17  -0.0880132 -0.0840881 -0.1221580 -0.1039953 -0.1254510 -0.0425005 -0.0535395 -0.0094704 -0.0245318 -0.0682381 -0.0027102 -0.0158058 -0.1003943 -0.1472371 -0.0513092 -0.0156557
C  0  0   0  0  0 18  -0.1428193 -0.0435857 -0.0159869 -0.0541692 -0.1490322 -0.0449667 -0.0568031 -0.0359923 -0.0522575 -0.0206323 -0.0300084 -0.0891818 -0.0407241 -0.0049801 -0.1555148 -0.0086687
C  0  0   0  0  0 19   0.0219149 -0.0895999 -0.2072201 -0.0211320 -0.1126918 -0.0670365 -0.1313433 -0.0397477 -0.1175718 -0.0609461 -0.0733363 -0.0863377 -0.0691467 -0.0608643 -0.0581127 -0.0971882
C  0  0   0  0  0 20  -0.1029308 -0.0706543 -0.0575382 -0.0594251 -0.1480869 -0.1450747 -0.1799356 -0.1395195 -0.1520775 -0.1967142 -0.1585362  0.0067187 -0.0293801 -0.1679702 -0.1548093 -0.1588208
C  0  0   0  0  0 21  -0.1977072 -0.1999121 -0.3250670 -0.1718789 -0.2005119 -0.1724356 -0.2528361 -0.0717960 -0.1848797 -0.1169229 -0.1970351 -0.2845276 -0.3461290 -0.3869285 -0.2489724 -0.2627449
C  0  0   0  0  1  0  -0.0018587 -0.0002222 -0.0004912 -0.0019056 -0.0029453  0.0025261  0.0006823  0.0006725  0.0019791 -0.0005977 -0.0033885  0.0032877  0.0057462  0.0046134  0.0054592  0.0063151
C  0  0   0  0  1  1   0.0011498  0.0009830 -0.0020957 -0.0027499 -0.0007840 -0.0019401  0.0043630  0.0008571  0.0022833 -0.0015110 -0.0016338 -0.0024354  0.0026916  0.0041237  0.0020477  0.0023706
C  0  0   0  0  1  2   0.0027930 -0.0009237 -0.0001162  0.0001267 -0.0018532  0.0009570  0.0001648  0.0006523 -0.0011612  0.0011048 -0.0016596 -0.0017318  0.0016859 -0.0007509  0.0002467 -0.0001884
C  0  0   0  0  1  3   0.0025406 -0.0001038  0.0004202 -0.0018833 -0.0009330  0.0016735  0.0020633 -0.0012715 -0.0024054 -0.0020918 -0.0010922 -0.0015012  0.0006603 -0.0010836  0.0002510  0.0023449
C  0  0   0  0  1  4   0.0025034 -0.0003953 -0.0008646  0.0023158  0.0010560 -0.0010185  0.0015877 -0.0001077  0.0009702  0.0007546 -0.0006322 -0.0016742  0.0017964 -0.0003863 -0.0000796 -0.0023857
C  0  0   0  0  1  5   0.0013616  0.0008812 -0.0018588  0.0016124  0.0002553 -0.0006346 -0.0005845  0.0005994 -0.0000362  0.0004210  0.0017332 -0.0013078  0.0002908  0.0000396  0.0003896 -0.0009008
C  0  0   0  0  1  6   0.0022075 -0.0002055 -0.0005857  0.0005068  0.0007988 -0.0002414 -0.0009729 -0.0004635  0.0005846 -0.0011405 -0.0003851 -0.0001210 -0.0009943 -0.0022541  0.0013865 -0.0007182
C  0  0   0  0  1  7   0.0019735 -0.0001264  0.0008221  0.0003893  0.0020252  0.0009199 -0.0013832  0.0001568  0.0009241 -0.0012227  0.0013310 -0.0015590 -0.0008904 -0.0001307  0.0000328  0.0001763
C  0  0   0  0  1  8   0.0015803  0.0010415  0.0002524 -0.0005587  0.0012457  0.0011074  0.0009940  0.0001748  0.0018450  0.0001319 -0.0000069 -0.0013040 -0.0004932  0.0006888  0.0001310  0.0008066
C  0  0   0  0  1  9  -0.0018750  0.0008669  0.0016329  0.0001612  0.0002951  0.0003485  0.0007739  0.0007960 -0.0007327 -0.0014798 -0.0027890 -0.0007320 -0.0011521  0.0000854 -0.0012983  0.0006643
C  0  0   0  0  1 10   0.0007825  0.0002592  0.0014247  0.0017153  0.0016174 -0.0003066  0.0005618 -0.0002737 -0.0019390 -0.0016997 -0.0002266 -0.0008649 -0.0012133 -0.0007811  0.0000173  0.0011398
C  0  0   0  0  1 11   0.0002285  0.0002992  0.0003251  0.0008641  0.0000902  0.0004090 -0.0022144 -0.0013771 -0.0026445  0.0000887 -0.0002003 -0.0013663  0.0007416 -0.0001578 -0.0003142 -0.0005989
C  0  0   0  0  1 12   0.0004290 -0.0001339  0.0002743 -0.0005478  0.0006929 -0.0005271  0.0011658 -0.0001953  0.0003897 -0.0000365 -0.0000739  0.0017762  0.0002016 -0.0001242  0.0002215  0.0012894
C  0  0   0  0  1 13   0.0026077 -0.0012488  0.0004865  0.0018059  0.0024204  0.0007250 -0.0007776  0.0006594 -0.0002973 -0.0013069 -0.0008951 -0.0018615 -0.0007797  0.0010247  0.0003044  0.0015166
C  0  0   0  0  1 14   0.0019371  0.0004666  0.0022632  0.0014295  0.0016760  0.0017045 -0.0005875  0.0012835  0.0000934  0.0005922  0.0002063  0.0003012  0.0005342  0.0004195 -0.0005490  0.0021563
C  0  0   0  0  1 15   0.0015826  0.0000645 -0.0002937  0.0005941  0.0007444  0.0018715  0.0008554 -0.0010163  0.0006841 -0.0008717 -0.0004613  0.0009975 -0.0000267  0.0007042  0.0005791  0.0004300
C  0  0   0  0  1 16   0.0021955  0.0025158  0.0012583  0.0013588 -0.0004869  0.0023106  0.0007546  0.0000349  0.0007466 -0.0008749  0.0007743  0.0002213 -0.0001751  0.0013100  0.0023587  0.0019069
C  0  0   0  0  1 17   0.0006474 -0.0013533  0.0000422  0.0032995  0.0014239  0.0031120  0.0022276  0.0020760 -0.0002023  0.0030940  0.0016558 -0.0003399  0.0012152 -0.0009448  0.0047686  0.0044546
C  0  0   0  0  1 18   0.0055098  0.0043779  0.0020836  0.0010853  0.0001078  0.0019736  0.0043734  0.0011473 -0.0007517  0.0015835  0.0037178  0.0018708 -0.0000147  0.0000442  0.0059748  0.0049857
C  0  0   0  0  1 19   0.0025634  0.0024627  0.0011626  0.0019355  0.0007346  0.0015354  0.0029858  0.0014518  0.0033045  0.0030664 -0.0003774  0.0004740  0.0017084  0.0020495  0.0035228  0.0045389
C  0  0   0  0  1 20   0.0054834  0.0055039  0.0046028  0.0037523  0.0015070  0.0040562  0.0028810  0.0040159  0.0032282  0.0036417  0.0000199 -0.0015722  0.0027938  0.0038812  0.0052759  0.0057441
C  0  0   0  0  1 21   0.0129857  0.0125575  0.0062714  0.0017796 -0.0030750 -0.0052321 -0.0083179 -0.0009940 -0.0022122 -0.0030067 -0.0002488  0.0051081  0.0017678  0.0055051  0.0097018  0.0042980
C  0  0   0  1  0  0  -0.4473875 -0.3418306 -0.3442640 -0.3645803 -0.2328427 -0.3961414 -0.3447461 -0.3087044 -0.3231843 -0.2952314 -0.3670498 -0.4744905 -0.4233025 -0.4203657 -0.4149706 -0.4542474
C  0  0   0  1  0  1  -0.2866578 -0.3418850 -0.2856291 -0.2819439 -0.3227430 -0.2931837 -0.2784563 -0.2409065 -0.2844384 -0.2371355 -0.3102691 -0.3072335 -0.3676231 -0.3849931 -0.3419230 -0.3201324
C  0  0   0  1  0  2  -0.3233394 -0.3315800 -0.2620349 -0.2933280 -0.2865105 -0.2519541 -0.2641452 -0.2512361 -0.2455474 -0.2295165 -0.2896423 -0.2959887 -0.3333498 -0.3593825 -0.2802102 -0.3424788
C  0  0   0  1  0  3  -0.2908711 -0.2977091 -0.3093173 -0.2783793 -0.2763240 -0.2237807 -0.1915934 -0.1544204 -0.1843244 -0.2140827 -0.2283347 -0.2641640 -0.2599346 -0.2917598 -0.3012921 -0.2729914
C  0  0   0  1  0  4  -0.2881210 -0.2585140 -0.2761711 -0.2525005 -0.2456419 -0.2054649 -0.2558878 -0.2393762 -0.2289141 -0.1982382 -0.1974323 -0.2818151 -0.3015499 -0.2605422 -0.3170824 -0.2967513
C  0  0   0  1  0  5  -0.2047899 -0.1784800 -0.1912600 -0.1606670 -0.1536069 -0.1469788 -0.1886668 -0.1509638 -0.1550344 -0.1481115 -0.1704948 -0.2029993 -0.2241344 -0.1560308 -0.1870026 -0.1914451
C  0  0   0  1  0  6  -0.1522834 -0.1306764 -0.1780556 -0.1705635 -0.1208218 -0.1319882 -0.1409457 -0.1347144 -0.1436915 -0.1212843 -0.1021783 -0.1167908 -0.1218821 -0.1442390 -0.1465371 -0.1851788
C  0  0   0  1  0  7  -0.1535082 -0.1515309 -0.1492978 -0.1279313 -0.1624453 -0.1650283 -0.1708430 -0.1308299 -0.1373750 -0.1004811 -0.1021447 -0.1376536 -0.1582326 -0.1434900 -0.1362496 -0.1346807
C  0  0   0  1  0  8  -0.1778790 -0.0984498 -0.1346257 -0.1521348 -0.1609509 -0.1601339 -0.1484030 -0.1518373 -0.1447855 -0.1146329 -0.1244351 -0.1701378 -0.1193744 -0.1646532 -0.1410185 -0.1384835
C  0  0   0  1  0  9  -0.1351532 -0.1351949 -0.0914831 -0.1351188 -0.1053364 -0.1378091 -0.1140099 -0.1721032 -0.1079951 -0.1308716 -0.0769502 -0.1418133 -0.1289642 -0.1011771 -0.1352216 -0.1403856
C  0  0   0  1  0 10  -0.1380383 -0.1089959 -0.1227808 -0.1444311 -0.1474365 -0.1328387 -0.1375518 -0.1214706 -0.0950576 -0.1272110 -0.1283996 -0.1205182 -0.1093989 -0.1306761 -0.1157202 -0.1200507
C  0  0   0  1  0 11  -0.1334088 -0.1156311 -0.1433259 -0.1052222 -0.1034618 -0.1086804 -0.1199386 -0.1209780 -0.1462911 -0.0884508 -0.1086774 -0.1242669 -0.1103641 -0.1389164 -0.0953388 -0.1186023
C  0  0   0  1  0 12  -0.0989801 -0.1150026 -0.1335668 -0.1045514 -0.1398305 -0.1245631 -0.1402238 -0.1740911 -0.1319271 -0.1212956 -0.1232917 -0.0983454 -0.0977138 -0.1254738 -0.1110002 -0.1245240
C  0  0   0  1  0 13  -0.1125993 -0.1487255 -0.1607966 -0.1271036 -0.1368417 -0.1608008 -0.1520133 -0.1518287 -0.1177470 -0.1284074 -0.1591882 -0.1339159 -0.1560827 -0.1364274 -0.1587837 -0.1323206
C  0  0   0  1  0 14  -0.1323534 -0.1549223 -0.1456892 -0.1505771 -0.1694746 -0.1352695 -0.1473389 -0.2116205 -0.1519576 -0.1486832 -0.1318215 -0.1354001 -0.1442843 -0.0909247 -0.1373226 -0.1831493
C  0  0   0  1  0 15  -0.1129569 -0.1822465 -0.1460766 -0.1342780 -0.1607168 -0.1200131 -0.1525490 -0.1572727 -0.1589257 -0.1262757 -0.1068276 -0.1651227 -0.1353071 -0.0995148 -0.0951788 -0.1498053
C  0  0   0  1  0 16  -0.1705394 -0.1542610 -0.1580379 -0.1428496 -0.1669993 -0.1653316 -0.1982088 -0.2107076 -0.1618739 -0.1928667 -0.1343039 -0.1419538 -0.1398848 -0.1495127 -0.1435445 -0.1198297
C  0  0   0  1  0 17  -0.2528978 -0.2774176 -0.2083653 -0.2804752 -0.2199822 -0.2691736 -0.2586047 -0.2524948 -0.2452439 -0.2503740 -0.2467323 -0.2147308 -0.2044323 -0.2817377 -0.2302138 -0.2510004
C  0  0   0  1  0 18  -0.2605285 -0.2647958 -0.2627102 -0.2493608 -0.2367694 -0.2403624 -0.2845303 -0.2676328 -0.2560301 -0.2284910 -0.2634359 -0.2636397 -0.2636405 -0.1945085 -0.1911190 -0.2208684
C  0  0   0  1  0 19  -0.2675968 -0.2561857 -0.2899069 -0.3099286 -0.2929869 -0.2806832 -0.2660141 -0.2209785 -0.2774089 -0.2767058 -0.2204110 -0.2740935 -0.2432768 -0.2560261 -0.2683022 -0.2573648
C  0  0   0  1  0 20  -0.2626853 -0.2925054 -0.3447717 -0.3266267 -0.3211092 -0.2314242 -0.2866909 -0.3186332 -0.3490420 -0.3093758 -0.3196496 -0.2748449 -0.3543768 -0.2981991 -0.2640311 -0.3021662
C  0  0   0  1  0 21  -0.4074402 -0.3816237 -0.3663587 -0.3613790 -0.3055385 -0.2741655 -0.3182720 -0.3514014 -0.3927675 -0.3340305 -0.3320687 -0.3501919 -0.3066878 -0.3483238 -0.3598121 -0.3780023
C  0  0   0  1  1  0   0.0460251  0.0492673  0.0405483  0.0247052  0.0016074 -0.0205288 -0.0333161 -0.0420431 -0.0463114 -0.0363023 -0.0336361 -0.0187451  0.0027243  0.0053105  0.0247908  0.0380113
C  0  0   0  1  1  1   0.0248294  0.0225710  0.0179439  0.0107108  0.0024139 -0.0077589 -0.0152002 -0.0182481 -0.0177500 -0.0151957 -0.0152391 -0.0072161  0.0034669  0.0089212  0.0121034  0.0238946
C  0  0   0  1  1  2   0.0123545  0.0133149  0.0089523  0.0057820  0.0015266 -0.0031593 -0.0079384 -0.0083175 -0.0093487 -0.0060660 -0.0052189 -0.0031477  0.0005992  0.0033273  0.0047391  0.0107849
C  0  0   0  1  1  3   0.0076866  0.0070880  0.0022491  0.0041064  0.0011179  0.0004065 -0.0038339 -0.0018352  0.0004438 -0.0000847 -0.0025327 -0.0007840  0.0016841  0.0027805  0.0022188  0.0063789
C  0  0   0  1  1  4   0.0019339  0.0024752  0.0005777  0.0006081  0.0031025  0.0020775  0.0003689  0.0017966  0.0044681  0.0029042 -0.0008088 -0.0003626  0.0022097  0.0014933  0.0037440  0.0024064
C  0  0   0  1  1  5   0.0014332  0.0006686  0.0001313  0.0032873  0.0031879  0.0036923  0.0031955  0.0040073  0.0048629  0.0023980 -0.0010839 -0.0007460  0.0018827  0.0024147  0.0020314 -0.0005196
C  0  0   0  1  1  6   0.0010672  0.0015684  0.0013029  0.0037360  0.0043834  0.0042292  0.0048809  0.0047074  0.0043083  0.0011685  0.0004023  0.0004590  0.0007370  0.0010580  0.0006038 -0.0003788
C  0  0   0  1  1  7  -0.0010108  0.0017790  0.0018418  0.0041892  0.0043553  0.0037500  0.0056085  0.0035213  0.0035581  0.0008382 -0.0003448 -0.0001348  0.0013943  0.0010547  0.0013561 -0.0013248
C  0  0   0  1  1  8  -0.0008079  0.0009817  0.0021853  0.0017834  0.0046885  0.0038321  0.0047029  0.0049326  0.0051555  0.0014427  0.0006782 -0.0001410  0.0016444  0.0011439  0.0014037 -0.0010642
C  0  0   0  1  1  9   0.0010580  0.0022220  0.0017033  0.0029655  0.0026013  0.0026868  0.0036481  0.0035282  0.0025210 -0.0004015  0.0011469  0.0006737  0.0012080  0.0000425 -0.0000464 -0.0017856
C  0  0   0  1  1 10  -0.0004226  0.0019919  0.0015827  0.0015970  0.0021373  0.0016700  0.0021966  0.0026336  0.0028729 -0.0002992 -0.0006919  0.0001201 -0.0006125  0.0007411  0.0017432 -0.0010926
C  0  0   0  1  1 11  -0.0000909  0.0015725  0.0010915  0.0019871  0.0025854 -0.0001539  0.0011581  0.0020794  0.0024537  0.0013674 -0.0018305 -0.0004220 -0.0002173 -0.0003676  0.0002638 -0.0019338
C  0  0   0  1  1 12  -0.0000463  0.0017473  0.0024252  0.0037270  0.0022821  0.0012218  0.0009398  0.0027092  0.0041477  0.0009828  0.0012628  0.0006846  0.0006756 -0.0004720  0.0007602 -0.0011848
C  0  0   0  1  1 13  -0.0001574  0.0020208  0.0024271  0.0031456  0.0028490  0.0027711  0.0041141  0.0055269  0.0047350  0.0011677  0.0010715 -0.0002416 -0.0005262 -0.0021361  0.0001338 -0.0015174
C  0  0   0  1  1 14  -0.0006999  0.0008023  0.0023172  0.0036353  0.0036432  0.0024078  0.0035684  0.0059761  0.0051989  0.0017510  0.0015806 -0.0006837 -0.0018333 -0.0015834 -0.0017986 -0.0023100
C  0  0   0  1  1 15  -0.0018616  0.0002626  0.0026908  0.0036891  0.0027861 -0.0007582  0.0029478  0.0033289  0.0059441  0.0030435  0.0019983  0.0001233 -0.0028323 -0.0055020 -0.0055358 -0.0049733
C  0  0   0  1  1 16  -0.0014361  0.0012323  0.0033054  0.0045511  0.0031127  0.0009856  0.0035976  0.0037255  0.0042446  0.0063205  0.0026173  0.0024730 -0.0012448 -0.0016357 -0.0047863 -0.0053164
C  0  0   0  1  1 17  -0.0035631  0.0020042  0.0015860  0.0061198  0.0019287 -0.0016229  0.0010630  0.0036715  0.0041132  0.0042761  0.0041528  0.0016560 -0.0012187 -0.0042589 -0.0051289 -0.0046743
C  0  0   0  1  1 18   0.0005660  0.0072519  0.0052225  0.0066787  0.0042930 -0.0001473 -0.0021139 -0.0005795  0.0028121  0.0041531  0.0019239  0.0010959 -0.0013773 -0.0037369 -0.0057861 -0.0039717
C  0  0   0  1  1 19   0.0021104  0.0082234  0.0119917  0.0100047  0.0064443  0.0019492 -0.0024871 -0.0006050  0.0028351  0.0052175  0.0024098 -0.0002252 -0.0027688 -0.0045910 -0.0053702 -0.0022286
C  0  0   0  1  1 20   0.0013553  0.0145529  0.0180406  0.0134126  0.0064092  0.0031219 -0.0020333 -0.0011903  0.0009452  0.0060475  0.0015087 -0.0025241 -0.0067900 -0.0084974 -0.0059342 -0.0047718
C  0  0   0  1  1 21   0.0090541  0.0211291  0.0307687  0.0224422  0.0155093  0.0159727  0.0105752  0.0113031  0.0118094  0.0137210  0.0014850 -0.0034270 -0.0089509 -0.0176345 -0.0077518  0.0008515
