CPHI 16 
CETA 22 -2.40 -2.10 -1.85 -1.60 -1.40 -1.20 -1.00 -0.80 -0.60 -0.40 -0.20  0.00  0.20  0.40  0.60  0.80  1.00  1.20  1.40  1.60  1.85  2.10  2.40 
RMIN  6 
RTRK 12 
RETA 11  0.00  0.20  0.40  0.60  0.80  1.00  1.20  1.40  1.60  1.85  2.10  2.40 
T 0 1   0  0  0  0    0.0000000   0.0006085   0.0016521   0.0031730   0.0123047   0.0694603   0.2777178   0.6539838   1.0000000   1.0000000   1.0000000   1.0000000   1.0000000
T 0 1   0  0  0  1    0.0000000   0.0001505   0.0005114   0.0024540   0.0125715   0.0592977   0.2263719   0.5885732   1.0000000   1.0000000   1.0000000   1.0000000   1.0000000
T 0 1   0  0  0  2    0.0000000   0.0001224   0.0004995   0.0017673   0.0108326   0.0554873   0.2092913   0.5733063   1.0000000   1.0000000   1.0000000   1.0000000   1.0000000
T 0 1   0  0  0  3    0.0000000   0.0002000   0.0005431   0.0017075   0.0113891   0.0621136   0.2257538   0.5869517   1.0000000   1.0000000   1.0000000   1.0000000   1.0000000
T 0 1   0  0  0  4    0.0000000   0.0004012   0.0026004   0.0145547   0.0629600   0.2050551   0.4896824   0.8224270   1.0000000   1.0000000   1.0000000   1.0000000   1.0000000
T 0 1   0  0  0  5    0.0000000   0.0009764   0.0073992   0.0512032   0.2052724   0.5333340   0.8761641   0.9993739   1.0000000   1.0000000   1.0000000   1.0000000   1.0000000
T 0 1   0  0  0  6    0.0000000   0.0003160   0.0012681   0.0102655   0.0671275   0.2771382   0.6637030   0.9314451   0.9982989   0.9999988   1.0000000   1.0000000   1.0000000
T 0 1   0  0  0  7    0.0000000   0.0000514   0.0003790   0.0009030   0.0045205   0.0307200   0.1184635   0.2969859   0.5804817   0.8693995   0.9840696   0.9998475   1.0000000
T 0 1   0  0  0  8    0.0000000   0.0000019   0.0000302   0.0001213   0.0003774   0.0009812   0.0042427   0.0249037   0.1192845   0.3943479   0.7896809   0.9694343   1.0000000
T 0 1   0  0  0  9    0.0000000   0.0000117   0.0000117   0.0000385   0.0005625   0.0034600   0.0182902   0.0861441   0.3014185   0.6581729   0.9387212   0.9999397   1.0000000
T 0 1   0  0  0 10    0.0000000   0.0066805   0.0291410   0.0464735   0.0798656   0.1691724   0.3375642   0.6892524   0.9100148   0.9701999   0.9998343   1.0000000   1.0000000
T 0 1   0  1  0  0    0.0000000   0.0005148   0.0016399   0.0047460   0.0213440   0.1017716   0.3374237   0.6994022   1.0000000   1.0000000   1.0000000   1.0000000   1.0000000
T 0 1   0  1  0  1    0.0000000   0.0002633   0.0010891   0.0042307   0.0181163   0.0752157   0.2537985   0.6193956   1.0000000   1.0000000   1.0000000   1.0000000   1.0000000
T 0 1   0  1  0  2    0.0000000   0.0002194   0.0008486   0.0027728   0.0124455   0.0616642   0.2339277   0.6064318   1.0000000   1.0000000   1.0000000   1.0000000   1.0000000
T 0 1   0  1  0  3    0.0000000   0.0002283   0.0008669   0.0027852   0.0140251   0.0700545   0.2491207   0.6198491   1.0000000   1.0000000   1.0000000   1.0000000   1.0000000
T 0 1   0  1  0  4    0.0000000   0.0004356   0.0027620   0.0153929   0.0663357   0.2155446   0.5058694   0.8320271   1.0000000   1.0000000   1.0000000   1.0000000   1.0000000
T 0 1   0  1  0  5    0.0000000   0.0011873   0.0094478   0.0577925   0.2246261   0.5586818   0.8900123   0.9996500   1.0000000   1.0000000   1.0000000   1.0000000   1.0000000
T 0 1   0  1  0  6    0.0000000   0.0004626   0.0026649   0.0180020   0.0942133   0.3329130   0.7236541   0.9536823   0.9988141   0.9999984   1.0000000   1.0000000   1.0000000
T 0 1   0  1  0  7    0.0000000   0.0002246   0.0006446   0.0024765   0.0123245   0.0526267   0.1570011   0.3413836   0.6074237   0.8728054   0.9849908   0.9998878   1.0000000
T 0 1   0  1  0  8    0.0000000   0.0009562   0.0014955   0.0017998   0.0022382   0.0036136   0.0107994   0.0452511   0.1686405   0.4573475   0.8251665   0.9710661   1.0000000
T 0 1   0  1  0  9    0.0000000   0.0021003   0.0074838   0.0131257   0.0159362   0.0198461   0.0401951   0.1288935   0.3661962   0.7154288   0.9583841   0.9999941   1.0000000
T 0 1   0  1  0 10    0.0000000   0.0032254   0.0170235   0.0428863   0.0843736   0.1746921   0.3942474   0.7474223   0.9511020   0.9856143   0.9999985   1.0000000   1.0000000
R 0 1   0  0  0  0    0.0229319   0.0229319   0.0131728   0.0104872   0.0102414   0.0101866   0.0100038   0.0098214   0.0098214   0.0098214   0.0098214   0.0098214
R 0 1   0  0  0  1    0.0118527   0.0118527   0.0118527   0.0118527   0.0109024   0.0108694   0.0110084   0.0108461   0.0108461   0.0108461   0.0108461   0.0108461
R 0 1   0  0  0  2    0.0124772   0.0124772   0.0124772   0.0124772   0.0120517   0.0119857   0.0118548   0.0116910   0.0116910   0.0116910   0.0116910   0.0116910
R 0 1   0  0  0  3    0.0130158   0.0130158   0.0130158   0.0130158   0.0126617   0.0125720   0.0123733   0.0122043   0.0122043   0.0122043   0.0122043   0.0122043
R 0 1   0  0  0  4    0.0183325   0.0183325   0.0183325   0.0174878   0.0169355   0.0158753   0.0145359   0.0130372   0.0130372   0.0130372   0.0130372   0.0130372
R 0 1   0  0  0  5    0.0202918   0.0202918   0.0193448   0.0190917   0.0187351   0.0180996   0.0169247   0.0169247   0.0169247   0.0169247   0.0169247   0.0169247
R 0 1   0  0  0  6    0.0200510   0.0200510   0.0200510   0.0205223   0.0208163   0.0206883   0.0207712   0.0205078   0.0205078   0.0205078   0.0205078   0.0205078
R 0 1   0  0  0  7    0.0226106   0.0226106   0.0226106   0.0226106   0.0202161   0.0212595   0.0212131   0.0209807   0.0205635   0.0197469   0.0197469   0.0197469
R 0 1   0  0  0  8    0.0215736   0.0215736   0.0215736   0.0215736   0.0215736   0.0215736   0.0215736   0.0210139   0.0210114   0.0209269   0.0203309   0.0186336
R 0 1   0  0  0  9    0.0311810   0.0311810   0.0311810   0.0311810   0.0311810   0.0311810   0.0298769   0.0287922   0.0274612   0.0264948   0.0250232   0.0250232
R 0 1   0  0  0 10    0.0797206   0.0712107   0.0609027   0.0538043   0.0473566   0.0442568   0.0409950   0.0354285   0.0335740   0.0310102   0.0310102   0.0310102
R 0 1   0  0  1  0    0.0000000   0.0000000   0.0000000   0.0000787   0.0000772   0.0000802   0.0000721   0.0000646   0.0000646   0.0000646   0.0000646   0.0000646
R 0 1   0  0  1  1    0.0000713   0.0000713   0.0000713   0.0000713   0.0000606   0.0000662   0.0000619   0.0000560   0.0000560   0.0000560   0.0000560   0.0000560
R 0 1   0  0  1  2    0.0000591   0.0000591   0.0000591   0.0000591   0.0000688   0.0000650   0.0000614   0.0000523   0.0000523   0.0000523   0.0000523   0.0000523
R 0 1   0  0  1  3    0.0000453   0.0000453   0.0000453   0.0000453   0.0000629   0.0000578   0.0000546   0.0000478   0.0000478   0.0000478   0.0000478   0.0000478
R 0 1   0  0  1  4    0.0000998   0.0000998   0.0000998   0.0000861   0.0000911   0.0000748   0.0000546   0.0000455   0.0000455   0.0000455   0.0000455   0.0000455
R 0 1   0  0  1  5    0.0001337   0.0001337   0.0000740   0.0000675   0.0000671   0.0000612   0.0000474   0.0000474   0.0000474   0.0000474   0.0000474   0.0000474
R 0 1   0  0  1  6    0.0000580   0.0000580   0.0000580   0.0000467   0.0000630   0.0000544   0.0000488   0.0000248   0.0000248   0.0000248   0.0000248   0.0000248
R 0 1   0  0  1  7    0.0001550   0.0001550   0.0001550   0.0001550   0.0000492   0.0000710   0.0000699   0.0000732   0.0000719   0.0000629   0.0000629   0.0000629
R 0 1   0  0  1  8    0.0001506   0.0001506   0.0001506   0.0001506   0.0001506   0.0001506   0.0001506   0.0001191   0.0001049   0.0000983   0.0000835   0.0000570
R 0 1   0  0  1  9    0.0003149   0.0003149   0.0003149   0.0003149   0.0003149   0.0003149   0.0002213   0.0001891   0.0001813   0.0001530   0.0001215   0.0001215
R 0 1   0  0  1 10    0.0014436   0.0011436   0.0008399   0.0008183   0.0005710   0.0004770   0.0003812   0.0002572   0.0001719   0.0001841   0.0001841   0.0001841
R 0 1   0  0  2  0    0.0000000   0.0000000   0.0000000   0.0000000   0.0000000   0.0000079   0.0000171   0.0000137   0.0000137   0.0000137   0.0000137   0.0000137
R 0 1   0  0  2  1    0.0000000   0.0000000   0.0000000   0.0000000   0.0000000   0.0000149   0.0000000   0.0000037   0.0000037   0.0000037   0.0000037   0.0000037
R 0 1   0  0  2  2    0.0000627   0.0000627   0.0000627   0.0000627   0.0000711   0.0000136   0.0000105   0.0000148   0.0000148   0.0000148   0.0000148   0.0000148
R 0 1   0  0  2  3    0.0000000   0.0000000   0.0000000   0.0000000   0.0000000   0.0000121   0.0000136   0.0000134   0.0000134   0.0000134   0.0000134   0.0000134
R 0 1   0  0  2  4    0.0000000   0.0000000   0.0000000   0.0000000   0.0000000   0.0000197   0.0000078   0.0000124   0.0000124   0.0000124   0.0000124   0.0000124
R 0 1   0  0  2  5    0.0000000   0.0000000   0.0000000   0.0000000   0.0000107   0.0000135   0.0000000   0.0000000   0.0000000   0.0000000   0.0000000   0.0000000
R 0 1   0  0  2  6    0.0000000   0.0000000   0.0000000   0.0000000   0.0000000   0.0000137   0.0000000   0.0000000   0.0000000   0.0000000   0.0000000   0.0000000
R 0 1   0  0  2  7    0.0000000   0.0000000   0.0000000   0.0000000   0.0000000   0.0000000   0.0000000   0.0000000   0.0000000   0.0000000   0.0000000   0.0000000
R 0 1   0  0  2  8    0.0000000   0.0000000   0.0000000   0.0000000   0.0000000   0.0000000   0.0000000   0.0000000   0.0000000   0.0000082   0.0000000   0.0000000
R 0 1   0  0  2  9    0.0000000   0.0000000   0.0000000   0.0000000   0.0000000   0.0000000   0.0000438   0.0000000   0.0000000   0.0000000   0.0000000   0.0000000
R 0 1   0  0  2 10    0.0000000   0.0000000   0.0000000   0.0000000   0.0000000   0.0000000   0.0000301   0.0000537   0.0000000   0.0000000   0.0000000   0.0000000
R 0 1   0  0  3  0    1.2016398   1.2016398   0.9966152   1.0271675   1.0016765   0.9855413   0.9826324   0.9824689   0.9824689   0.9824689   0.9824689   0.9824689
R 0 1   0  0  3  1    1.0083601   1.0083601   1.0083601   1.0083601   0.9932024   0.9839253   0.9798063   0.9779562   0.9779562   0.9779562   0.9779562   0.9779562
R 0 1   0  0  3  2    1.0063968   1.0063968   1.0063968   1.0063968   1.0026883   0.9842345   0.9815039   0.9818700   0.9818700   0.9818700   0.9818700   0.9818700
R 0 1   0  0  3  3    1.0043699   1.0043699   1.0043699   1.0043699   1.0020496   0.9850023   0.9805477   0.9823737   0.9823737   0.9823737   0.9823737   0.9823737
R 0 1   0  0  3  4    1.0150008   1.0150008   1.0150008   0.9842474   0.9794574   0.9768336   0.9802846   0.9873626   0.9873626   0.9873626   0.9873626   0.9873626
R 0 1   0  0  3  5    1.0437149   1.0437149   0.9972166   0.9843523   0.9737124   0.9730176   0.9714084   0.9714084   0.9714084   0.9714084   0.9714084   0.9714084
R 0 1   0  0  3  6    1.0334993   1.0334993   1.0334993   0.9905472   0.9882183   0.9845752   0.9831866   0.9917577   0.9917577   0.9917577   0.9917577   0.9917577
R 0 1   0  0  3  7    1.0268255   1.0268255   1.0268255   1.0268255   1.0411098   0.9932969   0.9934892   0.9847640   0.9865292   0.9857851   0.9857851   0.9857851
R 0 1   0  0  3  8    1.0118726   1.0118726   1.0118726   1.0118726   1.0118726   1.0118726   1.0118726   0.9923774   0.9847123   0.9833087   0.9870987   1.0143112
R 0 1   0  0  3  9    1.0231875   1.0231875   1.0231875   1.0231875   1.0231875   1.0231875   0.9895129   0.9748539   0.9733768   0.9876725   0.9993619   0.9993619
R 0 1   0  0  3 10    1.0436539   1.0328157   1.0294321   0.9986078   0.9750011   0.9699029   0.9704797   0.9692111   1.0005564   1.0126222   1.0126222   1.0126222
R 0 1   0  0  4  0    1.5547485   1.5547485   1.3263954   2.0984276   2.2334947   2.3259700   2.2606689   2.1261525   2.1261525   2.1261525   2.1261525   2.1261525
R 0 1   0  0  4  1    1.9363726   1.9363726   1.9363726   1.9363726   2.0997060   2.2113919   2.2196135   2.1989282   2.1989282   2.1989282   2.1989282   2.1989282
R 0 1   0  0  4  2    1.9333270   1.9333270   1.9333270   1.9333270   2.2668828   2.2033915   2.2372116   2.2555725   2.2555725   2.2555725   2.2555725   2.2555725
R 0 1   0  0  4  3    1.7466909   1.7466909   1.7466909   1.7466909   2.2672399   2.2649927   2.2146328   2.2470109   2.2470109   2.2470109   2.2470109   2.2470109
R 0 1   0  0  4  4    1.8171288   1.8171288   1.8171288   1.9711391   2.0908650   2.1277729   2.2421895   2.2953297   2.2953297   2.2953297   2.2953297   2.2953297
R 0 1   0  0  4  5    1.9243639   1.9243639   2.0391779   2.1492771   2.0719392   2.0933856   1.9986455   1.9986455   1.9986455   1.9986455   1.9986455   1.9986455
R 0 1   0  0  4  6    1.9660839   1.9660839   1.9660839   2.1542796   2.2030939   2.3500693   2.3301504   2.3004103   2.3004103   2.3004103   2.3004103   2.3004103
R 0 1   0  0  4  7    1.8441985   1.8441985   1.8441985   1.8441985   2.1858427   2.3313425   2.3993429   2.3528064   2.3663813   2.3187541   2.3187541   2.3187541
R 0 1   0  0  4  8    2.2501838   2.2501838   2.2501838   2.2501838   2.2501838   2.2501838   2.2501838   2.1921664   2.2478395   2.2547722   2.3223807   2.1910020
R 0 1   0  0  4  9    2.0260694   2.0260694   2.0260694   2.0260694   2.0260694   2.0260694   1.9770237   2.0587773   2.0519907   2.2538837   2.1346874   2.1346874
R 0 1   0  0  4 10    2.0346327   2.2573562   2.0280857   1.9284380   1.9705531   1.9666830   1.9993779   1.9717952   1.9993469   2.0633833   2.0633833   2.0633833
R 0 1   0  0  5  0   12.3612143  12.3612143  11.2541566   3.4972518   3.6164138   3.6133206   4.1455691   5.6036240   5.6036240   5.6036240   5.6036240   5.6036240
R 0 1   0  0  5  1    4.1983574   4.1983574   4.1983574   4.1983574   4.2364136   4.1546491   4.2172772   4.2529937   4.2529937   4.2529937   4.2529937   4.2529937
R 0 1   0  0  5  2    3.8282504   3.8282504   3.8282504   3.8282504   4.0428930   4.4555376   4.0723855   4.1156351   4.1156351   4.1156351   4.1156351   4.1156351
R 0 1   0  0  5  3    5.3032982   5.3032982   5.3032982   5.3032982   3.7539168   3.9612585   4.4581737   4.2204649   4.2204649   4.2204649   4.2204649   4.2204649
R 0 1   0  0  5  4    4.9821565   4.9821565   4.9821565   5.7308890   5.1202207   4.7492272   3.8062896   3.3833562   3.3833562   3.3833562   3.3833562   3.3833562
R 0 1   0  0  5  5    3.7925808   3.7925808   5.1552763   4.7448583   5.5400396   4.6395829   4.1569463   4.1569463   4.1569463   4.1569463   4.1569463   4.1569463
R 0 1   0  0  5  6    3.2741006   3.2741006   3.2741006   4.3366099   4.7247514   2.9921370   2.4792238   1.9912689   1.9912689   1.9912689   1.9912689   1.9912689
R 0 1   0  0  5  7    4.1329733   4.1329733   4.1329733   4.1329733   4.1385692   3.1322344   2.7773139   2.8546322   2.6320065   2.1958316   2.1958316   2.1958316
R 0 1   0  0  5  8    3.8603433   3.8603433   3.8603433   3.8603433   3.8603433   3.8603433   3.8603433   4.5125047   4.5231221   4.3681460   3.5017252   4.3500329
R 0 1   0  0  5  9    4.6529790   4.6529790   4.6529790   4.6529790   4.6529790   4.6529790   8.2252544   5.7484219   6.5903615   4.8027952   7.2342103   7.2342103
R 0 1   0  0  5 10    6.7522192   4.0617496   4.2638856   5.3403824   5.2924523   6.9555784   7.4493790   7.9927171   8.2433070   7.0222587   7.0222587   7.0222587
F  0  1   0  0  0  0    0.9749979   1.0350584   0.9983444   1.0147974   0.9734699   0.9922417   0.9885330   0.9928941   0.9877252   0.9864960   0.9816537
F  0  1   0  1  0  0    1.0859719   1.0620624   1.0970274   1.0423873   1.0629347   1.0820515   1.0765949   1.0585306   1.0320136   1.0714473   1.0808979
C  0  1   0  0  0  0  -0.1987720 -0.0494269 -0.1704257 -0.3932570 -0.3452727 -0.2397133 -0.2398531 -0.0734659 -0.2478952 -0.1344278 -0.3377131 -0.1932994 -0.2127360 -0.3800244 -0.3425161  0.0361120
C  0  1   0  0  0  1   0.0499810 -0.1682707 -0.1282366 -0.1118885 -0.2045542 -0.0897072 -0.0904887 -0.1624998 -0.0736672 -0.1562291  0.0196501 -0.1935142 -0.1727991 -0.0451766 -0.2525616 -0.0225200
C  0  1   0  0  0  2  -0.1377289 -0.0666113 -0.1182709 -0.0860145 -0.0689643 -0.0950836 -0.0379574 -0.0617728 -0.0377254 -0.0972918 -0.0493380 -0.0727919 -0.0710979 -0.0227405 -0.1067870 -0.1323381
C  0  1   0  0  0  3  -0.0501476 -0.0840991 -0.1061478 -0.0598886 -0.0105798 -0.0974859 -0.0856150 -0.0079266 -0.1138213 -0.0211443 -0.0303423 -0.1112538 -0.2124965 -0.1560673 -0.1395992 -0.0458081
C  0  1   0  0  0  4  -0.1455631 -0.0288073 -0.0873748 -0.1051450 -0.0579326 -0.0983957  0.0187853 -0.0434455 -0.0541202 -0.0873575 -0.0412123 -0.0518622 -0.0953428 -0.1245531 -0.0258545 -0.0744640
C  0  1   0  0  0  5   0.0378997  0.0004770 -0.0026215  0.1119734 -0.0028225 -0.0816072  0.0586773 -0.0870158 -0.0556585  0.0028848 -0.0435062 -0.0220960  0.0291219  0.0358249  0.0830732 -0.0826230
C  0  1   0  0  0  6  -0.0689233  0.0673378  0.0626464  0.0719687 -0.0543582 -0.0096471 -0.0100875 -0.0691939 -0.0357430 -0.0545618  0.0297252 -0.0319739 -0.0788038 -0.0040913 -0.0315934  0.1288561
C  0  1   0  0  0  7  -0.0670025  0.0437029  0.0310316 -0.0481141  0.0510722  0.0462245  0.0981190 -0.0228005 -0.0534366  0.0436647 -0.0101183  0.0189382  0.0458771 -0.0654985 -0.0883638  0.0473005
C  0  1   0  0  0  8  -0.0073742  0.0062950  0.0642758  0.0446726  0.0482026  0.0337850  0.0629821 -0.0238280 -0.0072551  0.0162505  0.0299571 -0.0074113  0.0151234  0.0502140 -0.1038950 -0.0084854
C  0  1   0  0  0  9  -0.0413421  0.0746603 -0.0143422  0.0444539  0.0001917  0.1141043  0.0329885  0.0900111  0.0040567 -0.0077930  0.0357949  0.0728029 -0.0216720  0.0168235 -0.0086446  0.0067301
C  0  1   0  0  0 10   0.0316971 -0.0290677  0.0555089  0.0310208 -0.0282412  0.0942315 -0.0266286 -0.0205182  0.0166626 -0.0749932 -0.0202074  0.0441257 -0.0318563  0.0142549 -0.0914939  0.0281169
C  0  1   0  0  0 11  -0.0835194  0.0270433 -0.0393722  0.0334159  0.0054125  0.0491851  0.0962625  0.0228185 -0.0198091  0.0058678 -0.0010084 -0.0161930 -0.0465530  0.0648060 -0.0012716  0.0491682
C  0  1   0  0  0 12   0.0512778  0.0296535  0.0387674 -0.0275378  0.0765463  0.0516781  0.0391515 -0.0189890 -0.0345935  0.0023991 -0.0095351 -0.0100420 -0.0797739 -0.0240301  0.0729373 -0.0161811
C  0  1   0  0  0 13  -0.0047683  0.0587538  0.0810032 -0.0219195  0.0223021 -0.0215655  0.0219114 -0.0188691  0.0282524  0.0403939 -0.0237585  0.0352942 -0.0221381  0.0371178 -0.0351481  0.0380090
C  0  1   0  0  0 14   0.0292403 -0.0045179 -0.0336047  0.0347943 -0.0455483 -0.0097854 -0.0350525  0.0416973 -0.0226694 -0.0313304  0.0244795 -0.0725275  0.0374044 -0.0146567 -0.0392462 -0.0525455
C  0  1   0  0  0 15  -0.1797364 -0.0259748  0.0179927  0.0104080 -0.0247227 -0.0617167 -0.0295516  0.0462528 -0.0070554  0.0307469  0.0191464 -0.1221054 -0.0323841 -0.0673474 -0.0605087  0.0242357
C  0  1   0  0  0 16   0.1445364  0.0593852  0.0527195  0.0340689 -0.1229821 -0.0437691 -0.0089670  0.0802584 -0.1382791  0.1061093  0.0700830 -0.0868411 -0.1111506 -0.0680596 -0.0423903  0.0336970
C  0  1   0  0  0 17  -0.0819970 -0.0769647 -0.1176933 -0.0530503 -0.1949369 -0.0021726 -0.0546437 -0.0227677 -0.0089155  0.0145279 -0.0004834 -0.0863102 -0.0487314 -0.1957120 -0.1606320 -0.0608906
C  0  1   0  0  0 18  -0.0717061 -0.0699157 -0.1306192 -0.0757239 -0.1799451 -0.0364597 -0.0215993 -0.0708320  0.0253305 -0.0222847 -0.0976704 -0.1335853  0.0136843 -0.1113755 -0.2717244  0.0620281
C  0  1   0  0  0 19  -0.0151872 -0.0499760 -0.2408637 -0.0403876 -0.1328789 -0.1066805 -0.1127618 -0.0761699 -0.1802589 -0.1145368 -0.0643867 -0.1982805 -0.0394341  0.0706299 -0.0709915 -0.1368550
C  0  1   0  0  0 20  -0.1517079 -0.0471751 -0.0987625 -0.0429945 -0.0972571 -0.1132410 -0.1374148 -0.0981023 -0.0750761 -0.3196876 -0.1483093 -0.0566370 -0.0707554 -0.1890696 -0.1529543 -0.1904296
C  0  1   0  0  0 21  -0.1217404 -0.3109057 -0.1879068 -0.2774397 -0.2011186 -0.0757499 -0.2203976  0.0080407 -0.0329831 -0.0260443 -0.2151283 -0.3016942 -0.3558565 -0.3429975 -0.1021105 -0.2160082
C  0  1   0  0  1  0  -0.0030412 -0.0017092 -0.0025833 -0.0036614 -0.0032199  0.0021600  0.0004325 -0.0040649  0.0056789 -0.0032567 -0.0012177  0.0015792  0.0047722  0.0061356  0.0047462  0.0068185
C  0  1   0  0  1  1   0.0007023  0.0021221  0.0003985 -0.0038987 -0.0031284 -0.0014136  0.0038474  0.0028544  0.0023482 -0.0007770 -0.0004953 -0.0034823  0.0037570  0.0043978  0.0022657  0.0023560
C  0  1   0  0  1  2   0.0037927 -0.0013945  0.0001516  0.0011352 -0.0012521  0.0016423  0.0017010  0.0020566 -0.0017495 -0.0000110 -0.0027894  0.0009935  0.0006741 -0.0007519 -0.0000759 -0.0009646
C  0  1   0  0  1  3   0.0029876 -0.0010165  0.0008981 -0.0005382  0.0009340  0.0031835  0.0017230 -0.0007087 -0.0017917 -0.0011962 -0.0025077 -0.0007861  0.0018623 -0.0020416  0.0010607  0.0031223
C  0  1   0  0  1  4   0.0014921  0.0006715  0.0000045  0.0028563  0.0020083 -0.0016846  0.0030537 -0.0013371  0.0035791  0.0002047  0.0002958 -0.0017207  0.0034909 -0.0004606 -0.0004082 -0.0013867
C  0  1   0  0  1  5   0.0010595  0.0018935 -0.0012685  0.0021328  0.0026762 -0.0003460  0.0004720  0.0011344 -0.0006744  0.0022439  0.0025435  0.0013762 -0.0013325  0.0012190  0.0003216 -0.0012152
C  0  1   0  0  1  6   0.0016713 -0.0008937 -0.0009659  0.0025606 -0.0008589  0.0010274 -0.0024021 -0.0008866  0.0004976 -0.0020399  0.0003368 -0.0001941 -0.0013560 -0.0019279  0.0020455 -0.0006933
C  0  1   0  0  1  7   0.0017501  0.0005091  0.0002629  0.0013028  0.0021875  0.0017121 -0.0012232  0.0002534  0.0008740 -0.0023495  0.0018175 -0.0003885 -0.0003697 -0.0002201 -0.0004513  0.0008297
C  0  1   0  0  1  8   0.0025337  0.0007831  0.0006834 -0.0009714  0.0003547  0.0009101  0.0009441  0.0010620  0.0028718  0.0003976  0.0024587 -0.0020545 -0.0006548  0.0015655 -0.0002753  0.0003486
C  0  1   0  0  1  9  -0.0019940  0.0013675  0.0021726 -0.0003653  0.0006130  0.0003104  0.0019911  0.0006045 -0.0003589 -0.0001836 -0.0019578 -0.0005580 -0.0007342  0.0010310 -0.0005197  0.0010697
C  0  1   0  0  1 10   0.0014546  0.0020648  0.0009375  0.0010383  0.0023957  0.0012660  0.0003854 -0.0006005 -0.0020620 -0.0019218  0.0002303 -0.0009079 -0.0007210  0.0004799 -0.0000240  0.0013947
C  0  1   0  0  1 11  -0.0025313  0.0005540 -0.0001940  0.0010276 -0.0003765  0.0032272 -0.0021167 -0.0025599 -0.0029176 -0.0000176  0.0006668 -0.0022232  0.0013380  0.0010393 -0.0002185 -0.0005192
C  0  1   0  0  1 12   0.0006845  0.0006672  0.0012980 -0.0013903  0.0016458 -0.0005550  0.0007124 -0.0001151  0.0006787 -0.0009681  0.0013675  0.0019003 -0.0006164  0.0002323  0.0006964  0.0009856
C  0  1   0  0  1 13   0.0032051 -0.0010282  0.0000656  0.0014876  0.0028875  0.0011326  0.0007373  0.0002338 -0.0011160 -0.0020882 -0.0023188 -0.0007180 -0.0004243  0.0002674 -0.0001600  0.0022518
C  0  1   0  0  1 14   0.0014054  0.0023240  0.0028993  0.0013462  0.0023641  0.0010463 -0.0019706  0.0017445 -0.0004631 -0.0003702 -0.0007910 -0.0005039  0.0019348  0.0018377 -0.0009459  0.0024332
C  0  1   0  0  1 15   0.0013949 -0.0009427 -0.0001788  0.0013704 -0.0000658  0.0026851  0.0009784 -0.0017088  0.0015431  0.0013550  0.0009490 -0.0009353  0.0013252  0.0021323  0.0021500  0.0004196
C  0  1   0  0  1 16   0.0020977  0.0027767 -0.0005588 -0.0005067  0.0000682  0.0043459  0.0018734  0.0007008  0.0001802 -0.0003572  0.0015278  0.0025739 -0.0004228  0.0015904  0.0017383  0.0026907
C  0  1   0  0  1 17   0.0022994  0.0000774  0.0013020  0.0045397 -0.0009113  0.0025359  0.0031551  0.0022165 -0.0006500  0.0047994  0.0013392  0.0020964  0.0009769 -0.0002817  0.0064889  0.0052892
C  0  1   0  0  1 18   0.0086245  0.0045521  0.0033977  0.0016950  0.0009678  0.0027836  0.0061140 -0.0000762 -0.0012650  0.0026132  0.0023685  0.0038445  0.0004146 -0.0009291  0.0043428  0.0049059
C  0  1   0  0  1 19   0.0045820  0.0030141  0.0020724  0.0018369 -0.0013908  0.0009501  0.0056199  0.0018395  0.0033442  0.0013440 -0.0014784  0.0009042  0.0015804  0.0017604  0.0056253  0.0039466
C  0  1   0  0  1 20   0.0054321  0.0039055  0.0044057  0.0034473  0.0033541  0.0037634  0.0016685  0.0030669  0.0056791  0.0029681 -0.0015478  0.0002701  0.0029538  0.0059616  0.0034826  0.0054348
C  0  1   0  0  1 21   0.0143893  0.0141924  0.0058857 -0.0005970 -0.0034694 -0.0067252 -0.0086606  0.0019374  0.0014662  0.0012418  0.0027332  0.0075518  0.0030235  0.0078717  0.0120108  0.0029661
C  0  1   0  1  0  0  -0.4189541 -0.3329642 -0.3765036 -0.3335293 -0.2045547 -0.3687140 -0.3610534 -0.2553890 -0.2768851 -0.1996888 -0.3887147 -0.4104263 -0.3620909 -0.4423352 -0.3761291 -0.4692037
C  0  1   0  1  0  1  -0.2948343 -0.3179214 -0.3182641 -0.2423971 -0.3671988 -0.3139398 -0.2519185 -0.2329963 -0.2639970 -0.2310897 -0.3114562 -0.3186549 -0.3392215 -0.3734393 -0.3010281 -0.2722087
C  0  1   0  1  0  2  -0.3352575 -0.3451875 -0.2227726 -0.2672110 -0.2971400 -0.2515684 -0.2825086 -0.2535981 -0.3011164 -0.2176916 -0.3005804 -0.2827713 -0.3531536 -0.3932128 -0.3176993 -0.3993786
C  0  1   0  1  0  3  -0.3087055 -0.2696590 -0.3143088 -0.2646500 -0.3200379 -0.2811232 -0.2118586 -0.2092439 -0.1679761 -0.1854627 -0.2294155 -0.2878498 -0.2465837 -0.3171937 -0.3086877 -0.2310428
C  0  1   0  1  0  4  -0.2931688 -0.2530891 -0.2546998 -0.2474792 -0.2529679 -0.2145664 -0.2084024 -0.2418527 -0.2108691 -0.2166210 -0.2002634 -0.2683891 -0.3276151 -0.2575317 -0.2912233 -0.3156196
C  0  1   0  1  0  5  -0.1514540 -0.1914101 -0.1086486 -0.1316219 -0.1558475 -0.1269051 -0.1976940 -0.1610674 -0.0953455 -0.1641870 -0.1483852 -0.1934251 -0.1835822 -0.1403577 -0.1701804 -0.1817373
C  0  1   0  1  0  6  -0.1811501 -0.1735431 -0.2195658 -0.2397749 -0.1042817 -0.1662964 -0.1850724 -0.1641941 -0.1655349 -0.0849453 -0.1008296 -0.1494405 -0.1476921 -0.1442055 -0.1795328 -0.1382414
C  0  1   0  1  0  7  -0.1357189 -0.1736785 -0.1545652 -0.1285841 -0.1461579 -0.1602450 -0.1727605 -0.1160643 -0.1440678 -0.0985608 -0.1080046 -0.1516136 -0.1362742 -0.1234880 -0.0963235 -0.1232921
C  0  1   0  1  0  8  -0.1750870 -0.1095203 -0.1076466 -0.1503856 -0.1632173 -0.1753732 -0.1518188 -0.1479654 -0.1340973 -0.1250801 -0.1431772 -0.1545049 -0.1096893 -0.1458612 -0.1337005 -0.1454357
C  0  1   0  1  0  9  -0.1299775 -0.1291675 -0.0984348 -0.1250146 -0.1289494 -0.1438497 -0.1068483 -0.1669596 -0.1240661 -0.1561417 -0.0866408 -0.1265868 -0.1371149 -0.1235607 -0.1414422 -0.1415900
C  0  1   0  1  0 10  -0.1244808 -0.1158012 -0.1452854 -0.1410223 -0.1480239 -0.1525013 -0.1132903 -0.1014729 -0.0877842 -0.1427971 -0.1215404 -0.1223401 -0.1229090 -0.1285743 -0.0883108 -0.1113782
C  0  1   0  1  0 11  -0.1449695 -0.1554513 -0.1758280 -0.1232437 -0.1075765 -0.1307621 -0.0958767 -0.1395052 -0.1429119 -0.1078653 -0.1345487 -0.1186094 -0.1303686 -0.1018299 -0.0882713 -0.1328974
C  0  1   0  1  0 12  -0.1055040 -0.1426464 -0.1274330 -0.0911465 -0.1361762 -0.1159719 -0.1468243 -0.1712595 -0.1231960 -0.1033990 -0.1075224 -0.1043328 -0.0908188 -0.1287572 -0.0966905 -0.1269987
C  0  1   0  1  0 13  -0.0847301 -0.1222478 -0.1378567 -0.1233679 -0.1315509 -0.1482093 -0.1535454 -0.1290655 -0.0959430 -0.0989925 -0.1397813 -0.0984059 -0.1280415 -0.1002265 -0.1787723 -0.1145126
C  0  1   0  1  0 14  -0.1021063 -0.1765503 -0.1449090 -0.1554701 -0.1957301 -0.1285737 -0.1381610 -0.2429256 -0.1836172 -0.1581357 -0.1229081 -0.1453284 -0.1197690 -0.1176361 -0.1234383 -0.1884549
C  0  1   0  1  0 15  -0.1490225 -0.1893469 -0.2171883 -0.1717270 -0.1970494 -0.1219271 -0.1732941 -0.1875460 -0.1646959 -0.1226865 -0.1097386 -0.1809336 -0.1347555 -0.0942661 -0.0997745 -0.1643468
C  0  1   0  1  0 16  -0.1639823 -0.1577168 -0.1495658 -0.1535090 -0.1274095 -0.1652076 -0.1952308 -0.1744945 -0.1415402 -0.1935839 -0.1005067 -0.1545965 -0.1427521 -0.1425081 -0.1173600 -0.1094944
C  0  1   0  1  0 17  -0.2499458 -0.2872525 -0.1966246 -0.3052237 -0.2034973 -0.2623666 -0.2736184 -0.2600394 -0.2565751 -0.2710552 -0.2669344 -0.1955761 -0.2246810 -0.2674497 -0.1975341 -0.2869429
C  0  1   0  1  0 18  -0.2372093 -0.2851711 -0.2853401 -0.2323151 -0.2367230 -0.2158720 -0.3450567 -0.2752775 -0.3059344 -0.2686060 -0.2308333 -0.2512938 -0.2185443 -0.2289443 -0.2190164 -0.2362717
C  0  1   0  1  0 19  -0.2445729 -0.2914655 -0.3064402 -0.3440604 -0.2962695 -0.2833775 -0.2828833 -0.2330243 -0.3137971 -0.2668176 -0.2522503 -0.2796143 -0.2651717 -0.2292718 -0.3143914 -0.2576995
C  0  1   0  1  0 20  -0.2308589 -0.3136767 -0.2883404 -0.3372523 -0.3105199 -0.2532002 -0.2956330 -0.2928870 -0.3659137 -0.2944835 -0.2737379 -0.2702804 -0.3303509 -0.2615255 -0.2428182 -0.3012685
C  0  1   0  1  0 21  -0.3990554 -0.3245634 -0.3874654 -0.3596111 -0.3066329 -0.2728114 -0.3255612 -0.3372468 -0.4004729 -0.3127809 -0.3089390 -0.2754359 -0.3466475 -0.4290551 -0.4185159 -0.3738353
C  0  1   0  1  1  0   0.0457168  0.0476277  0.0398653  0.0240178  0.0013780 -0.0189633 -0.0332603 -0.0415515 -0.0454084 -0.0368886 -0.0355792 -0.0183986  0.0034662  0.0061065  0.0234996  0.0377184
C  0  1   0  1  1  1   0.0265497  0.0247787  0.0190535  0.0124579  0.0026225 -0.0080773 -0.0129862 -0.0168003 -0.0186069 -0.0138819 -0.0135634 -0.0067974  0.0036843  0.0104836  0.0141254  0.0254019
C  0  1   0  1  1  2   0.0129035  0.0153098  0.0098094  0.0063854  0.0022822 -0.0023131 -0.0070134 -0.0078855 -0.0087323 -0.0057625 -0.0038904 -0.0033054  0.0013118  0.0038321  0.0045106  0.0118501
C  0  1   0  1  1  3   0.0086752  0.0072627  0.0041219  0.0049328  0.0013453  0.0015946 -0.0026309  0.0000502  0.0010228  0.0008400 -0.0012094  0.0004968  0.0018478  0.0044650  0.0020009  0.0072473
C  0  1   0  1  1  4   0.0028844  0.0026382  0.0004552  0.0011098  0.0033827  0.0019347  0.0011944  0.0020895  0.0056752  0.0050158 -0.0003920  0.0000041  0.0025834  0.0020629  0.0044623  0.0015945
C  0  1   0  1  1  5   0.0013389  0.0017884 -0.0000834  0.0044951  0.0043223  0.0047715  0.0034789  0.0058545  0.0050193  0.0033564 -0.0003925 -0.0003872  0.0022770  0.0026494  0.0032010 -0.0004145
C  0  1   0  1  1  6   0.0013531  0.0021029  0.0019632  0.0037610  0.0049354  0.0043237  0.0050740  0.0060015  0.0048259  0.0015281  0.0004714  0.0010668  0.0003402  0.0010731  0.0008047 -0.0006646
C  0  1   0  1  1  7   0.0004783  0.0014142  0.0026353  0.0047623  0.0043160  0.0037658  0.0059000  0.0037476  0.0037336  0.0021054 -0.0001463  0.0009997  0.0009003  0.0014110  0.0014004 -0.0009665
C  0  1   0  1  1  8   0.0001635  0.0022128  0.0030544  0.0023194  0.0052470  0.0044772  0.0060355  0.0058735  0.0061776  0.0025974  0.0013673  0.0001443  0.0035108  0.0017660  0.0012882 -0.0003856
C  0  1   0  1  1  9   0.0021539  0.0030553  0.0026236  0.0029510  0.0036143  0.0032955  0.0038421  0.0044435  0.0036581 -0.0000503  0.0019578  0.0006621  0.0022283  0.0009716  0.0006082 -0.0007789
C  0  1   0  1  1 10   0.0002787  0.0026399  0.0018197  0.0027393  0.0022752  0.0021387  0.0024403  0.0034098  0.0032202 -0.0000665 -0.0003883  0.0005543 -0.0000001  0.0003618  0.0022955 -0.0006877
C  0  1   0  1  1 11   0.0009958  0.0019222  0.0008798  0.0028427  0.0033456  0.0001636  0.0020773  0.0025660  0.0023241  0.0019255 -0.0013681 -0.0000193 -0.0002481 -0.0006875  0.0008245 -0.0013789
C  0  1   0  1  1 12   0.0009533  0.0025506  0.0029554  0.0052373  0.0025696  0.0012765  0.0018653  0.0022695  0.0052445  0.0017632  0.0019317  0.0024399  0.0018361 -0.0001557  0.0016526 -0.0000456
C  0  1   0  1  1 13   0.0010389  0.0028391  0.0031841  0.0038759  0.0032763  0.0032511  0.0050117  0.0064655  0.0053704  0.0018208  0.0023869 -0.0001405 -0.0006245 -0.0015439  0.0013908 -0.0006256
C  0  1   0  1  1 14  -0.0004213  0.0016787  0.0028814  0.0037229  0.0043115  0.0033300  0.0039872  0.0073656  0.0062985  0.0018092  0.0024367  0.0002461 -0.0012982 -0.0012575 -0.0008931 -0.0013478
C  0  1   0  1  1 15  -0.0018580 -0.0001010  0.0036361  0.0030546  0.0036737 -0.0008232  0.0038162  0.0043170  0.0070357  0.0036628  0.0033414  0.0007718 -0.0031266 -0.0049630 -0.0050582 -0.0039965
C  0  1   0  1  1 16  -0.0012012  0.0011936  0.0033413  0.0051140  0.0027043  0.0011233  0.0032473  0.0045646  0.0049049  0.0067331  0.0027277  0.0040517  0.0002437 -0.0014308 -0.0042597 -0.0046608
C  0  1   0  1  1 17  -0.0031373  0.0023794  0.0022097  0.0075974  0.0031759 -0.0008234  0.0023031  0.0037452  0.0033909  0.0041164  0.0038276  0.0027449 -0.0004116 -0.0029970 -0.0038884 -0.0045716
C  0  1   0  1  1 18   0.0013714  0.0081475  0.0059134  0.0085980  0.0054270  0.0010736 -0.0015193 -0.0000080  0.0033806  0.0051206  0.0019951  0.0014431 -0.0008030 -0.0035240 -0.0054485 -0.0033821
C  0  1   0  1  1 19   0.0024974  0.0094275  0.0121845  0.0096348  0.0070350  0.0023836 -0.0016774 -0.0003745  0.0030414  0.0051666  0.0025647 -0.0004641 -0.0023636 -0.0042907 -0.0055986 -0.0019582
C  0  1   0  1  1 20   0.0035554  0.0161597  0.0179951  0.0151984  0.0081724  0.0036997 -0.0007116  0.0007433  0.0010119  0.0063528  0.0028843 -0.0009377 -0.0045024 -0.0065173 -0.0033437 -0.0041121
C  0  1   0  1  1 21   0.0094549  0.0214712  0.0298385  0.0217904  0.0157758  0.0156945  0.0113581  0.0124385  0.0120345  0.0151350  0.0018095 -0.0034488 -0.0085800 -0.0196630 -0.0078218  0.0025405
