CPHI 16 
CETA 22 -2.40 -2.10 -1.85 -1.60 -1.40 -1.20 -1.00 -0.80 -0.60 -0.40 -0.20  0.00  0.20  0.40  0.60  0.80  1.00  1.20  1.40  1.60  1.85  2.10  2.40 
RMIN  6 
RTRK 12 
RETA 11  0.00  0.20  0.40  0.60  0.80  1.00  1.20  1.40  1.60  1.85  2.10  2.40 
T 0 1   1  0  0  0    0.0000000   0.0006733   0.0016746   0.0031459   0.0121551   0.0690373   0.2780474   0.6533445   1.0000000   1.0000000   1.0000000   1.0000000   1.0000000
T 0 1   1  0  0  1    0.0000000   0.0001319   0.0005133   0.0023525   0.0123294   0.0588505   0.2267816   0.5892278   1.0000000   1.0000000   1.0000000   1.0000000   1.0000000
T 0 1   1  0  0  2    0.0000000   0.0001261   0.0004959   0.0017564   0.0107225   0.0555029   0.2099576   0.5738672   1.0000000   1.0000000   1.0000000   1.0000000   1.0000000
T 0 1   1  0  0  3    0.0000000   0.0001718   0.0005283   0.0016984   0.0116843   0.0629655   0.2259196   0.5866436   1.0000000   1.0000000   1.0000000   1.0000000   1.0000000
T 0 1   1  0  0  4    0.0000000   0.0004029   0.0025532   0.0142719   0.0630362   0.2049009   0.4897622   0.8223008   1.0000000   1.0000000   1.0000000   1.0000000   1.0000000
T 0 1   1  0  0  5    0.0000000   0.0009693   0.0073338   0.0511142   0.2052828   0.5332600   0.8762580   0.9993455   1.0000000   1.0000000   1.0000000   1.0000000   1.0000000
T 0 1   1  0  0  6    0.0000000   0.0002859   0.0012049   0.0101285   0.0670689   0.2771672   0.6631362   0.9318246   0.9981215   0.9999982   1.0000000   1.0000000   1.0000000
T 0 1   1  0  0  7    0.0000000   0.0000611   0.0004156   0.0009153   0.0047243   0.0311465   0.1191024   0.2975528   0.5821767   0.8692253   0.9841767   0.9998699   1.0000000
T 0 1   1  0  0  8    0.0000000   0.0000007   0.0000366   0.0001377   0.0003919   0.0010160   0.0042089   0.0252673   0.1195736   0.3941647   0.7893508   0.9690009   1.0000000
T 0 1   1  0  0  9    0.0000000   0.0000090   0.0000105   0.0000337   0.0005614   0.0035644   0.0182791   0.0855329   0.3012523   0.6579535   0.9386003   0.9999357   1.0000000
T 0 1   1  0  0 10    0.0000000   0.0067336   0.0289805   0.0466902   0.0799633   0.1691940   0.3383014   0.6905783   0.9104193   0.9702516   0.9998358   1.0000000   1.0000000
T 0 1   1  1  0  0    0.0000000   0.0005148   0.0016399   0.0047460   0.0213440   0.1017716   0.3374237   0.6994022   1.0000000   1.0000000   1.0000000   1.0000000   1.0000000
T 0 1   1  1  0  1    0.0000000   0.0002633   0.0010891   0.0042307   0.0181163   0.0752157   0.2537985   0.6193956   1.0000000   1.0000000   1.0000000   1.0000000   1.0000000
T 0 1   1  1  0  2    0.0000000   0.0002194   0.0008486   0.0027728   0.0124455   0.0616642   0.2339277   0.6064318   1.0000000   1.0000000   1.0000000   1.0000000   1.0000000
T 0 1   1  1  0  3    0.0000000   0.0002283   0.0008669   0.0027852   0.0140251   0.0700545   0.2491207   0.6198491   1.0000000   1.0000000   1.0000000   1.0000000   1.0000000
T 0 1   1  1  0  4    0.0000000   0.0004356   0.0027620   0.0153929   0.0663357   0.2155446   0.5058694   0.8320271   1.0000000   1.0000000   1.0000000   1.0000000   1.0000000
T 0 1   1  1  0  5    0.0000000   0.0011873   0.0094478   0.0577925   0.2246261   0.5586818   0.8900123   0.9996500   1.0000000   1.0000000   1.0000000   1.0000000   1.0000000
T 0 1   1  1  0  6    0.0000000   0.0004626   0.0026649   0.0180020   0.0942133   0.3329130   0.7236541   0.9536823   0.9988141   0.9999984   1.0000000   1.0000000   1.0000000
T 0 1   1  1  0  7    0.0000000   0.0002246   0.0006446   0.0024765   0.0123245   0.0526267   0.1570011   0.3413836   0.6074237   0.8728054   0.9849908   0.9998878   1.0000000
T 0 1   1  1  0  8    0.0000000   0.0009562   0.0014955   0.0017998   0.0022382   0.0036136   0.0107994   0.0452511   0.1686405   0.4573475   0.8251665   0.9710661   1.0000000
T 0 1   1  1  0  9    0.0000000   0.0021003   0.0074838   0.0131257   0.0159362   0.0198461   0.0401951   0.1288935   0.3661962   0.7154288   0.9583841   0.9999941   1.0000000
T 0 1   1  1  0 10    0.0000000   0.0032254   0.0170235   0.0428863   0.0843736   0.1746921   0.3942474   0.7474223   0.9511020   0.9856143   0.9999985   1.0000000   1.0000000
R 0 1   1  0  0  0    0.0228273   0.0228273   0.0115420   0.0108182   0.0103517   0.0102082   0.0100016   0.0098277   0.0098277   0.0098277   0.0098277   0.0098277
R 0 1   1  0  0  1    0.0118797   0.0118797   0.0118797   0.0118797   0.0110161   0.0108577   0.0109445   0.0108547   0.0108547   0.0108547   0.0108547   0.0108547
R 0 1   1  0  0  2    0.0125595   0.0125595   0.0125595   0.0125595   0.0120409   0.0120746   0.0118539   0.0116841   0.0116841   0.0116841   0.0116841   0.0116841
R 0 1   1  0  0  3    0.0131947   0.0131947   0.0131947   0.0131947   0.0126345   0.0125533   0.0123624   0.0122389   0.0122389   0.0122389   0.0122389   0.0122389
R 0 1   1  0  0  4    0.0186576   0.0186576   0.0186576   0.0174276   0.0169645   0.0158657   0.0144368   0.0130776   0.0130776   0.0130776   0.0130776   0.0130776
R 0 1   1  0  0  5    0.0209974   0.0209974   0.0195693   0.0191643   0.0187515   0.0180801   0.0168963   0.0168963   0.0168963   0.0168963   0.0168963   0.0168963
R 0 1   1  0  0  6    0.0198247   0.0198247   0.0198247   0.0202347   0.0207216   0.0207567   0.0207494   0.0206224   0.0206224   0.0206224   0.0206224   0.0206224
R 0 1   1  0  0  7    0.0227594   0.0227594   0.0227594   0.0227594   0.0206525   0.0210023   0.0212206   0.0209388   0.0205614   0.0196782   0.0196782   0.0196782
R 0 1   1  0  0  8    0.0213375   0.0213375   0.0213375   0.0213375   0.0213375   0.0213375   0.0213375   0.0209196   0.0210335   0.0209976   0.0203217   0.0189815
R 0 1   1  0  0  9    0.0308740   0.0308740   0.0308740   0.0308740   0.0308740   0.0308740   0.0298511   0.0288458   0.0275459   0.0264529   0.0250635   0.0250635
R 0 1   1  0  0 10    0.0810624   0.0707646   0.0598756   0.0535720   0.0470210   0.0440928   0.0409478   0.0355670   0.0336397   0.0300765   0.0300765   0.0300765
R 0 1   1  0  1  0    0.0000000   0.0000000   0.0000000   0.0000933   0.0000835   0.0000802   0.0000723   0.0000634   0.0000634   0.0000634   0.0000634   0.0000634
R 0 1   1  0  1  1    0.0000795   0.0000795   0.0000795   0.0000795   0.0000680   0.0000671   0.0000637   0.0000557   0.0000557   0.0000557   0.0000557   0.0000557
R 0 1   1  0  1  2    0.0000556   0.0000556   0.0000556   0.0000556   0.0000709   0.0000683   0.0000595   0.0000541   0.0000541   0.0000541   0.0000541   0.0000541
R 0 1   1  0  1  3    0.0000590   0.0000590   0.0000590   0.0000590   0.0000595   0.0000548   0.0000552   0.0000491   0.0000491   0.0000491   0.0000491   0.0000491
R 0 1   1  0  1  4    0.0001019   0.0001019   0.0001019   0.0000873   0.0000923   0.0000753   0.0000560   0.0000466   0.0000466   0.0000466   0.0000466   0.0000466
R 0 1   1  0  1  5    0.0001316   0.0001316   0.0001072   0.0000782   0.0000676   0.0000626   0.0000405   0.0000405   0.0000405   0.0000405   0.0000405   0.0000405
R 0 1   1  0  1  6    0.0000389   0.0000389   0.0000389   0.0000430   0.0000626   0.0000582   0.0000502   0.0000256   0.0000256   0.0000256   0.0000256   0.0000256
R 0 1   1  0  1  7    0.0000803   0.0000803   0.0000803   0.0000803   0.0000740   0.0000564   0.0000670   0.0000726   0.0000700   0.0000571   0.0000571   0.0000571
R 0 1   1  0  1  8    0.0001115   0.0001115   0.0001115   0.0001115   0.0001115   0.0001115   0.0001115   0.0001058   0.0001038   0.0001043   0.0000927   0.0000813
R 0 1   1  0  1  9    0.0002582   0.0002582   0.0002582   0.0002582   0.0002582   0.0002582   0.0002115   0.0001977   0.0001896   0.0001568   0.0001331   0.0001331
R 0 1   1  0  1 10    0.0015417   0.0011134   0.0008129   0.0007783   0.0005626   0.0004865   0.0003854   0.0002625   0.0002117   0.0000969   0.0000969   0.0000969
R 0 1   1  0  2  0    0.0000000   0.0000000   0.0000000   0.0000000   0.0000000   0.0000056   0.0000139   0.0000072   0.0000072   0.0000072   0.0000072   0.0000072
R 0 1   1  0  2  1    0.0000000   0.0000000   0.0000000   0.0000000   0.0000000   0.0000243   0.0000096   0.0000130   0.0000130   0.0000130   0.0000130   0.0000130
R 0 1   1  0  2  2    0.0000000   0.0000000   0.0000000   0.0000000   0.0000502   0.0000000   0.0000134   0.0000239   0.0000239   0.0000239   0.0000239   0.0000239
R 0 1   1  0  2  3    0.0001683   0.0001683   0.0001683   0.0001683   0.0000000   0.0000210   0.0000125   0.0000070   0.0000070   0.0000070   0.0000070   0.0000070
R 0 1   1  0  2  4    0.0000000   0.0000000   0.0000000   0.0000000   0.0000000   0.0000202   0.0000219   0.0000000   0.0000000   0.0000000   0.0000000   0.0000000
R 0 1   1  0  2  5    0.0000000   0.0000000   0.0000000   0.0000000   0.0000177   0.0000283   0.0000155   0.0000155   0.0000155   0.0000155   0.0000155   0.0000155
R 0 1   1  0  2  6    0.0000000   0.0000000   0.0000000   0.0000000   0.0000000   0.0000000   0.0000000   0.0000000   0.0000000   0.0000000   0.0000000   0.0000000
R 0 1   1  0  2  7    0.0000000   0.0000000   0.0000000   0.0000000   0.0000000   0.0000000   0.0000000   0.0000000   0.0000000   0.0000208   0.0000208   0.0000208
R 0 1   1  0  2  8    0.0000000   0.0000000   0.0000000   0.0000000   0.0000000   0.0000000   0.0000000   0.0000000   0.0000000   0.0000114   0.0000000   0.0000000
R 0 1   1  0  2  9    0.0000000   0.0000000   0.0000000   0.0000000   0.0000000   0.0000000   0.0000644   0.0000000   0.0000000   0.0000000   0.0000000   0.0000000
R 0 1   1  0  2 10    0.0000000   0.0000000   0.0000000   0.0000000   0.0000000   0.0000000   0.0000489   0.0000000   0.0000000   0.0000000   0.0000000   0.0000000
R 0 1   1  0  3  0    1.0966997   1.0966997   1.1120982   1.0219385   0.9961895   0.9860631   0.9795540   0.9822038   0.9822038   0.9822038   0.9822038   0.9822038
R 0 1   1  0  3  1    1.0137427   1.0137427   1.0137427   1.0137427   0.9869801   0.9830123   0.9779421   0.9795649   0.9795649   0.9795649   0.9795649   0.9795649
R 0 1   1  0  3  2    1.0168905   1.0168905   1.0168905   1.0168905   0.9992766   0.9863747   0.9814140   0.9795126   0.9795126   0.9795126   0.9795126   0.9795126
R 0 1   1  0  3  3    1.0067007   1.0067007   1.0067007   1.0067007   1.0056942   0.9873062   0.9815555   0.9811577   0.9811577   0.9811577   0.9811577   0.9811577
R 0 1   1  0  3  4    1.0108155   1.0108155   1.0108155   0.9898309   0.9807151   0.9770694   0.9805084   0.9879718   0.9879718   0.9879718   0.9879718   0.9879718
R 0 1   1  0  3  5    1.0099624   1.0099624   0.9900047   0.9814849   0.9770266   0.9727656   0.9746988   0.9746988   0.9746988   0.9746988   0.9746988   0.9746988
R 0 1   1  0  3  6    1.0247552   1.0247552   1.0247552   1.0118734   0.9870209   0.9843953   0.9827172   0.9859773   0.9859773   0.9859773   0.9859773   0.9859773
R 0 1   1  0  3  7    1.0338953   1.0338953   1.0338953   1.0338953   1.0344672   0.9987321   0.9880159   0.9835170   0.9871231   0.9790839   0.9790839   0.9790839
R 0 1   1  0  3  8    1.0169593   1.0169593   1.0169593   1.0169593   1.0169593   1.0169593   1.0169593   0.9927994   0.9845055   0.9840846   0.9888329   1.0115036
R 0 1   1  0  3  9    1.0139931   1.0139931   1.0139931   1.0139931   1.0139931   1.0139931   0.9897689   0.9797103   0.9699635   0.9842844   1.0024696   1.0024696
R 0 1   1  0  3 10    1.0392827   1.0413830   1.0248130   0.9951446   0.9820635   0.9713381   0.9671625   0.9641933   1.0114912   1.0155275   1.0155275   1.0155275
R 0 1   1  0  4  0    1.3542997   1.3542997   1.5319680   2.0697261   2.2258349   2.3009908   2.2256766   2.2516608   2.2516608   2.2516608   2.2516608   2.2516608
R 0 1   1  0  4  1    1.9641300   1.9641300   1.9641300   1.9641300   2.0668201   2.2083207   2.1726895   2.2126430   2.2126430   2.2126430   2.2126430   2.2126430
R 0 1   1  0  4  2    1.8637244   1.8637244   1.8637244   1.8637244   2.1610500   2.2869913   2.2467474   2.2153941   2.2153941   2.2153941   2.2153941   2.2153941
R 0 1   1  0  4  3    1.8956963   1.8956963   1.8956963   1.8956963   2.3001632   2.2905880   2.2334518   2.2214706   2.2214706   2.2214706   2.2214706   2.2214706
R 0 1   1  0  4  4    1.7834081   1.7834081   1.7834081   2.0575560   2.1056209   2.1164203   2.2215051   2.2918874   2.2918874   2.2918874   2.2918874   2.2918874
R 0 1   1  0  4  5    1.7683694   1.7683694   2.0330102   2.1144109   2.1420914   2.1004209   2.0287595   2.0287595   2.0287595   2.0287595   2.0287595   2.0287595
R 0 1   1  0  4  6    2.0006323   2.0006323   2.0006323   2.2685903   2.2746451   2.3550089   2.3279281   2.3186130   2.3186130   2.3186130   2.3186130   2.3186130
R 0 1   1  0  4  7    1.8506271   1.8506271   1.8506271   1.8506271   2.3324478   2.3494322   2.3223257   2.2932984   2.4047273   1.9573397   1.9573397   1.9573397
R 0 1   1  0  4  8    2.1449159   2.1449159   2.1449159   2.1449159   2.1449159   2.1449159   2.1449159   2.1821586   2.2379573   2.2885966   2.3033565   2.2880944
R 0 1   1  0  4  9    2.0080016   2.0080016   2.0080016   2.0080016   2.0080016   2.0080016   1.9790392   2.0907672   1.9987468   2.1823515   2.1901570   2.1901570
R 0 1   1  0  4 10    1.8804668   2.2829339   1.8949443   1.9375847   1.9777220   1.9749809   1.9401226   1.8903587   2.1546401   2.0242692   2.0242692   2.0242692
R 0 1   1  0  5  0    9.4835606   9.4835606   5.1987880   3.6224349   3.6981311   3.5969213   4.2561099   4.0408848   4.0408848   4.0408848   4.0408848   4.0408848
R 0 1   1  0  5  1    4.2304074   4.2304074   4.2304074   4.2304074   4.8174441   4.1521097   4.5573398   4.2942228   4.2942228   4.2942228   4.2942228   4.2942228
R 0 1   1  0  5  2    4.2263205   4.2263205   4.2263205   4.2263205   4.5625188   3.7802279   4.0840039   4.4881120   4.4881120   4.4881120   4.4881120   4.4881120
R 0 1   1  0  5  3    4.0064718   4.0064718   4.0064718   4.0064718   3.9750713   3.8757161   4.2101479   4.3659593   4.3659593   4.3659593   4.3659593   4.3659593
R 0 1   1  0  5  4    5.9950645   5.9950645   5.9950645   4.6983503   5.1042395   4.8961866   3.8348261   3.4076407   3.4076407   3.4076407   3.4076407   3.4076407
R 0 1   1  0  5  5    4.8073418   4.8073418   5.4121534   4.8060282   4.8807621   4.5475730   3.9659600   3.9659600   3.9659600   3.9659600   3.9659600   3.9659600
R 0 1   1  0  5  6    2.9279496   2.9279496   2.9279496   3.7819189   3.5519841   2.9193551   2.4564976   1.8811753   1.8811753   1.8811753   1.8811753   1.8811753
R 0 1   1  0  5  7    3.6794807   3.6794807   3.6794807   3.6794807   3.3766064   3.0746230   3.0100939   3.0576793   2.5002148   4.0008774   4.0008774   4.0008774
R 0 1   1  0  5  8    4.2088981   4.2088981   4.2088981   4.2088981   4.2088981   4.2088981   4.2088981   4.7340794   4.4878994   4.1426339   3.4471979   4.4763601
R 0 1   1  0  5  9    5.2204453   5.2204453   5.2204453   5.2204453   5.2204453   5.2204453   8.1431077   5.8973489   7.3085644   5.6376068   5.3617219   5.3617219
R 0 1   1  0  5 10    8.3423059   3.9874993   4.6108640   5.2342900   5.6450649   6.6018418   8.3039885   8.8733035   5.5297171   6.8322887   6.8322887   6.8322887
F  0  1   1  0  0  0    1.0029789   1.0138206   0.9935314   0.9925636   0.9824153   0.9990843   0.9895377   0.9913007   0.9867693   0.9815898   0.9821549
F  0  1   1  1  0  0    1.0806582   1.0507135   1.0507318   1.0661564   1.0509344   1.0731212   1.0636987   1.0563850   1.0386594   1.0654267   1.0832513
C  0  1   1  0  0  0  -0.3859952 -0.1698669 -0.1759927 -0.4614317 -0.3451129 -0.0797260 -0.1822375 -0.1782281 -0.1724488 -0.1157075 -0.2776724 -0.2338003 -0.1527761 -0.3129090 -0.4125713  0.0553852
C  0  1   1  0  0  1  -0.0679572 -0.2408651 -0.0926132 -0.1468369 -0.1253472 -0.0405816 -0.1283741 -0.1775912 -0.0803981 -0.0791499 -0.0040149 -0.1363611 -0.0846875 -0.1843499 -0.2255442 -0.0108541
C  0  1   1  0  0  2  -0.1350946 -0.1439502 -0.1792678 -0.1800810 -0.0386924  0.0031610 -0.1786138 -0.2155872  0.0467179 -0.0877003 -0.0246585 -0.1016077 -0.1083774  0.0050205 -0.1035407 -0.1340453
C  0  1   1  0  0  3  -0.1216363 -0.1459611 -0.1379132 -0.0389591  0.0498851 -0.2235318 -0.1766532 -0.0401443 -0.1511574 -0.0992480 -0.1228613 -0.1141528 -0.1181372 -0.1893450 -0.1093567 -0.0084211
C  0  1   1  0  0  4  -0.0520416 -0.0411910 -0.0766293 -0.0143334 -0.1343745 -0.0657983 -0.0493393  0.0334801 -0.0304976  0.0728382  0.0091011  0.0533411 -0.0804402 -0.0875712 -0.0067275 -0.1279758
C  0  1   1  0  0  5   0.0231048  0.0227732 -0.0282058  0.0769018 -0.1285228 -0.0615934 -0.0642410 -0.0540000  0.0856563 -0.0320484  0.0094832  0.0293855 -0.1342932  0.0985977  0.0773234 -0.0267163
C  0  1   1  0  0  6   0.0665919  0.1380383 -0.0325191 -0.0531673 -0.0273607 -0.0347735 -0.1281655 -0.0843402 -0.0017386 -0.0715509 -0.0451547 -0.0217850 -0.0443261 -0.0646386  0.0407597  0.0451436
C  0  1   1  0  0  7  -0.0364608  0.0343493  0.0447526 -0.1355306 -0.0101099  0.0447644  0.0277141  0.0328523  0.0008926  0.0299397  0.0203809 -0.0305689  0.0145339 -0.0394295  0.0104840  0.0487835
C  0  1   1  0  0  8  -0.0101908  0.0060755  0.0134670 -0.0141197 -0.0144432  0.1084676 -0.0266045  0.0124172 -0.0111740  0.0625984 -0.0183976 -0.0249574 -0.0541993  0.0331165 -0.0905898 -0.0509644
C  0  1   1  0  0  9  -0.0168430  0.0443241  0.0208145 -0.0599200 -0.0079181 -0.0121424 -0.0683973  0.0608107 -0.0604480  0.0599157  0.0198275 -0.0145648  0.0505609  0.0594536  0.0284150 -0.0124092
C  0  1   1  0  0 10  -0.0057145 -0.0465308  0.0301029  0.0932724 -0.0284787 -0.0327525 -0.0843089 -0.0192172 -0.0054555 -0.0352868  0.0170168  0.0622629 -0.0191506  0.0124528 -0.0218510  0.1111352
C  0  1   1  0  0 11  -0.0078566  0.0224165 -0.0482544  0.1217357  0.0305745  0.0514847  0.0698292  0.0760231 -0.0259845  0.0095644  0.0578956 -0.0230638  0.0806231  0.0824387  0.0138510 -0.0127670
C  0  1   1  0  0 12  -0.0333250 -0.0034529 -0.0171581 -0.0519177  0.0074700  0.0512899 -0.0638086 -0.0428310  0.0457968  0.0842702  0.0293119 -0.0146989 -0.0034336  0.0132911  0.0281594  0.0113325
C  0  1   1  0  0 13  -0.1278382  0.0107120  0.0234242 -0.0133731 -0.0208323 -0.0473437  0.0329056  0.0314079  0.0598353  0.0335926 -0.0411122  0.1048585 -0.0720149  0.0852693  0.0301591  0.0556012
C  0  1   1  0  0 14  -0.1086280 -0.0254645 -0.0347347 -0.0973692 -0.0285031 -0.0786723 -0.0457858  0.0399390  0.0044582 -0.0891817  0.1508350 -0.1041748 -0.0121291 -0.0365981  0.0078595 -0.1212831
C  0  1   1  0  0 15  -0.1200574 -0.0306486  0.0012428  0.0816772  0.0194248 -0.1052555 -0.0478713 -0.0779190 -0.0159404 -0.0182831 -0.0333432 -0.0903668 -0.0169135  0.0439240 -0.0987073 -0.0473988
C  0  1   1  0  0 16   0.1297584 -0.0357242 -0.0170464 -0.0212993 -0.0719958 -0.0726069 -0.1350878  0.0389796 -0.0545556  0.0584571  0.0478982 -0.0477312 -0.0896931 -0.0119812 -0.0639246 -0.0216450
C  0  1   1  0  0 17  -0.0724507 -0.1357138 -0.1549422 -0.0602343 -0.1409823 -0.0390631 -0.1107692 -0.0115553 -0.0613636 -0.0261226  0.0559328 -0.0356524 -0.0667372 -0.1273168 -0.0124253  0.0301600
C  0  1   1  0  0 18  -0.2227929 -0.0403275 -0.0905783 -0.0749521 -0.1609236  0.0375606 -0.1167489 -0.0021329 -0.0659445 -0.0088904 -0.0585800 -0.1676264 -0.0394203 -0.0056287 -0.2850874 -0.0658649
C  0  1   1  0  0 19  -0.0036813 -0.0306364 -0.1654970 -0.0436064 -0.1829210 -0.1002371 -0.1283781  0.0065096 -0.0987901 -0.0925222 -0.1430932 -0.0584833 -0.0593818 -0.0699350 -0.1111191 -0.1943956
C  0  1   1  0  0 20  -0.0348439  0.0642582 -0.0683625 -0.0700776 -0.2420629 -0.1164688 -0.1951173 -0.0409883 -0.1350621 -0.1693654 -0.2344955 -0.0406576 -0.1002316 -0.2134423 -0.0744913 -0.1824765
C  0  1   1  0  0 21  -0.1304027 -0.1696427 -0.2435310 -0.1271476 -0.2690254 -0.2269238 -0.1170002 -0.0256948 -0.2346627 -0.1041199 -0.2573120 -0.2602867 -0.2515280 -0.4452572 -0.2014316 -0.3358504
C  0  1   1  0  1  0  -0.0024993 -0.0008536 -0.0028464 -0.0040155 -0.0066834  0.0025868  0.0007097  0.0015205  0.0009914 -0.0055106 -0.0052256  0.0023029  0.0025720  0.0060487  0.0033032  0.0049550
C  0  1   1  0  1  1   0.0014347  0.0020016 -0.0027143 -0.0035111 -0.0008986  0.0001676  0.0046120  0.0001193  0.0004326 -0.0034803 -0.0024992 -0.0004595  0.0018330  0.0036919  0.0008305 -0.0005608
C  0  1   1  0  1  2   0.0027880 -0.0011299 -0.0015782 -0.0012801 -0.0017351  0.0016285  0.0002046  0.0006425  0.0001045  0.0006900 -0.0035025 -0.0024151  0.0016507  0.0000330 -0.0002663  0.0012235
C  0  1   1  0  1  3   0.0048889 -0.0000927  0.0011443 -0.0024323 -0.0002508  0.0021034  0.0046227 -0.0018784 -0.0006092 -0.0014969  0.0015478 -0.0013752 -0.0020954 -0.0032853 -0.0004969  0.0031860
C  0  1   1  0  1  4   0.0037581  0.0002384  0.0010503  0.0037449  0.0024289 -0.0014051  0.0010979 -0.0015451  0.0014944  0.0010638 -0.0010545 -0.0017564  0.0003129  0.0006050 -0.0003111 -0.0021945
C  0  1   1  0  1  5   0.0010089  0.0011260 -0.0021772  0.0005330  0.0012140 -0.0002560 -0.0008481  0.0020092 -0.0014214  0.0015400  0.0016714  0.0003074 -0.0004367 -0.0007407  0.0016880 -0.0008072
C  0  1   1  0  1  6   0.0027776 -0.0010285 -0.0008920 -0.0006486 -0.0006657  0.0010189  0.0005298 -0.0009519  0.0004272 -0.0017759 -0.0003056 -0.0005255 -0.0002350 -0.0013186  0.0024925  0.0012959
C  0  1   1  0  1  7   0.0019342  0.0014632  0.0012685  0.0006674  0.0025294  0.0006588 -0.0009959 -0.0002232  0.0019157 -0.0019928  0.0009541 -0.0016504 -0.0006833 -0.0014299  0.0016578  0.0005160
C  0  1   1  0  1  8   0.0020616  0.0024390  0.0005992 -0.0016828  0.0008736  0.0008691  0.0014847 -0.0007437  0.0025543 -0.0004047 -0.0015262 -0.0007676 -0.0002829 -0.0000020 -0.0002977  0.0006970
C  0  1   1  0  1  9  -0.0013105 -0.0002222  0.0011310 -0.0011824 -0.0005330  0.0016158  0.0000667  0.0012490 -0.0003844 -0.0015306 -0.0018128  0.0005703 -0.0005716 -0.0003231 -0.0011786 -0.0015229
C  0  1   1  0  1 10   0.0006687 -0.0010303  0.0006802  0.0019381  0.0016129 -0.0009090  0.0012917  0.0007741 -0.0015017 -0.0012923  0.0002279 -0.0014122 -0.0007347 -0.0008738  0.0004097  0.0019040
C  0  1   1  0  1 11  -0.0001981  0.0001595 -0.0003381  0.0004687  0.0000646 -0.0001883  0.0002185 -0.0008898 -0.0019148 -0.0000055 -0.0005534 -0.0014246  0.0009672  0.0012513 -0.0010883  0.0000752
C  0  1   1  0  1 12  -0.0006873 -0.0005850  0.0001600 -0.0007840  0.0005339  0.0005371  0.0021140 -0.0005771  0.0000940 -0.0005807 -0.0012206  0.0021863 -0.0003653 -0.0002419 -0.0008072  0.0007937
C  0  1   1  0  1 13   0.0024822 -0.0008416  0.0004535  0.0028597  0.0031873  0.0013038 -0.0009436  0.0017661 -0.0005123 -0.0005220 -0.0020779 -0.0018355 -0.0019554  0.0002206  0.0015593  0.0016763
C  0  1   1  0  1 14   0.0028409  0.0004480  0.0018693  0.0008970  0.0021811  0.0017941 -0.0000734  0.0004776 -0.0004827 -0.0000770  0.0013503 -0.0003440  0.0004443 -0.0015591 -0.0007759  0.0013899
C  0  1   1  0  1 15   0.0021676 -0.0008286  0.0009969 -0.0011258  0.0007567  0.0024264  0.0000585  0.0000068  0.0015947 -0.0017045 -0.0020608 -0.0003727 -0.0009433  0.0013017  0.0009020  0.0018370
C  0  1   1  0  1 16   0.0006305  0.0016052  0.0015245  0.0028106  0.0015846  0.0032375 -0.0011804 -0.0000748  0.0021270 -0.0009240  0.0012547  0.0029995 -0.0009123  0.0028069  0.0021390  0.0025206
C  0  1   1  0  1 17   0.0004553 -0.0001763  0.0013805  0.0024716 -0.0006008  0.0028461  0.0025655  0.0019106 -0.0007473  0.0036098  0.0016502 -0.0000391  0.0005820  0.0004279  0.0034309  0.0054551
C  0  1   1  0  1 18   0.0066742  0.0061822  0.0007880  0.0034687 -0.0009149  0.0034490  0.0020690  0.0021802  0.0003099  0.0033192  0.0042519  0.0009557  0.0009512  0.0001733  0.0064702  0.0072864
C  0  1   1  0  1 19   0.0034464  0.0034703 -0.0004575  0.0021925  0.0013777  0.0018003  0.0029428  0.0017344  0.0017835  0.0042795  0.0002988  0.0001951  0.0017933  0.0026279  0.0029232  0.0042745
C  0  1   1  0  1 20   0.0066907  0.0058917  0.0071561  0.0036934  0.0005886  0.0051856  0.0051476  0.0020637  0.0006847  0.0045329 -0.0002297  0.0001827 -0.0004570  0.0048478  0.0037106  0.0046054
C  0  1   1  0  1 21   0.0141634  0.0117927 -0.0005283  0.0032678 -0.0019859 -0.0021233 -0.0077670  0.0030829  0.0006027 -0.0001692 -0.0059420  0.0081441  0.0042536  0.0071794  0.0091686  0.0052247
C  0  1   1  1  0  0  -0.4285741 -0.3593233 -0.3260667 -0.3977543 -0.2472278 -0.3796769 -0.2974215 -0.2460301 -0.3428147 -0.2235722 -0.2391335 -0.3634719 -0.3596886 -0.4017331 -0.4383478 -0.4291557
C  0  1   1  1  0  1  -0.3569941 -0.3193602 -0.3114463 -0.3195052 -0.3007640 -0.2259672 -0.2418442 -0.2532105 -0.2568084 -0.1637111 -0.2719556 -0.2812850 -0.2900325 -0.3523631 -0.3191976 -0.3603166
C  0  1   1  1  0  2  -0.3335701 -0.3502530 -0.2800636 -0.3173817 -0.3513145 -0.2457519 -0.2791383 -0.2786389 -0.2238344 -0.2560207 -0.3605610 -0.2839667 -0.3727570 -0.3497784 -0.3209704 -0.3308516
C  0  1   1  1  0  3  -0.3084042 -0.3437174 -0.3100167 -0.2866662 -0.2769662 -0.2080185 -0.1927055 -0.2111051 -0.2221967 -0.2208022 -0.2463334 -0.2163041 -0.2196492 -0.2934735 -0.3359101 -0.3134170
C  0  1   1  1  0  4  -0.2476482 -0.2715771 -0.2622711 -0.2840638 -0.2548202 -0.1835038 -0.2872953 -0.2171570 -0.1968210 -0.1802919 -0.2135396 -0.2490590 -0.2944474 -0.2417290 -0.2736543 -0.3482813
C  0  1   1  1  0  5  -0.2210753 -0.2199680 -0.2333802 -0.1358351 -0.1651088 -0.1566791 -0.1714936 -0.1333121 -0.1615079 -0.1513000 -0.1708501 -0.2319737 -0.2315029 -0.1601521 -0.1647628 -0.2290569
C  0  1   1  1  0  6  -0.1283210 -0.1620766 -0.1998887 -0.1998819 -0.1687795 -0.1575592 -0.1803674 -0.1578050 -0.1535381 -0.1107665 -0.1362986 -0.1047378 -0.1055651 -0.1531773 -0.1175761 -0.2164576
C  0  1   1  1  0  7  -0.1543392 -0.1884345 -0.1345671 -0.1685237 -0.1642362 -0.1540628 -0.1808995 -0.1560471 -0.1390601 -0.0979058 -0.0871484 -0.1483976 -0.1597512 -0.1316845 -0.1426520 -0.0758165
C  0  1   1  1  0  8  -0.1898789 -0.1076957 -0.1557145 -0.1918632 -0.1700909 -0.1902978 -0.1759365 -0.1702854 -0.1046683 -0.1083575 -0.1047646 -0.1508918 -0.1261382 -0.1815783 -0.1195776 -0.1484763
C  0  1   1  1  0  9  -0.1149972 -0.1462914 -0.1067843 -0.1320134 -0.1264198 -0.1408453 -0.1245767 -0.1528989 -0.0955601 -0.1247531 -0.0829043 -0.1405025 -0.1039894 -0.1020609 -0.1507776 -0.1171875
C  0  1   1  1  0 10  -0.1347578 -0.1089740 -0.1323844 -0.1413882 -0.1608286 -0.1237547 -0.1498462 -0.1454121 -0.0975958 -0.1035871 -0.1232850 -0.1170056 -0.0930142 -0.1012502 -0.0887299 -0.1293178
C  0  1   1  1  0 11  -0.1529894 -0.1146603 -0.1507133 -0.1156396 -0.1325174 -0.0904998 -0.1448131 -0.0787925 -0.1286379 -0.0728671 -0.1309245 -0.0923080 -0.0968908 -0.1335176 -0.0975780 -0.1300276
C  0  1   1  1  0 12  -0.0816167 -0.1055077 -0.1458542 -0.1059101 -0.1204358 -0.1141541 -0.0867703 -0.1588760 -0.1352961 -0.1056450 -0.1193873 -0.0776876 -0.0602656 -0.0908545 -0.1166258 -0.1404813
C  0  1   1  1  0 13  -0.0862216 -0.1372713 -0.1521887 -0.0960925 -0.1351202 -0.1663345 -0.1351116 -0.1613190 -0.1235840 -0.1792968 -0.1715899 -0.1425821 -0.1711339 -0.1381933 -0.1806683 -0.1630010
C  0  1   1  1  0 14  -0.1210277 -0.1889939 -0.1357208 -0.1227835 -0.1341419 -0.1572791 -0.1407705 -0.2257930 -0.1786081 -0.1475034 -0.1322503 -0.1064578 -0.1498206 -0.0971805 -0.1295629 -0.2014310
C  0  1   1  1  0 15  -0.1026595 -0.2266166 -0.2132021 -0.1631989 -0.1518166 -0.1239557 -0.1882136 -0.1834642 -0.1862114 -0.1321604 -0.1112844 -0.1821402 -0.1343959 -0.1273483 -0.1280928 -0.1832568
C  0  1   1  1  0 16  -0.1719152 -0.1390999 -0.2040502 -0.1437043 -0.1872474 -0.2318944 -0.2018469 -0.2312504 -0.1876730 -0.1661771 -0.1469103 -0.1412558 -0.1457753 -0.1671653 -0.1580436 -0.1227386
C  0  1   1  1  0 17  -0.2332367 -0.2877295 -0.1598884 -0.2504577 -0.2369980 -0.2850712 -0.2570894 -0.2820358 -0.2381268 -0.2577044 -0.2000159 -0.1381777 -0.1616847 -0.2289820 -0.1990130 -0.2572751
C  0  1   1  1  0 18  -0.2835898 -0.2130229 -0.2846355 -0.2974263 -0.2815177 -0.2331872 -0.2363386 -0.3011686 -0.2696186 -0.2419106 -0.2687224 -0.2931805 -0.2519966 -0.1794657 -0.2149601 -0.1855810
C  0  1   1  1  0 19  -0.2443622 -0.2116889 -0.2533986 -0.3091776 -0.3076174 -0.3379773 -0.2859202 -0.2133509 -0.2747169 -0.2732081 -0.1908582 -0.2538853 -0.2492224 -0.2741561 -0.2548394 -0.2495833
C  0  1   1  1  0 20  -0.2318310 -0.3429834 -0.3454489 -0.3224556 -0.2848875 -0.2609853 -0.2711575 -0.3272843 -0.3651099 -0.2768959 -0.3158676 -0.2635775 -0.3289690 -0.2364686 -0.2563145 -0.3003430
C  0  1   1  1  0 21  -0.4013505 -0.4404913 -0.3656519 -0.3893798 -0.3223130 -0.1979959 -0.3856751 -0.3645120 -0.3299061 -0.3047530 -0.3393678 -0.3204084 -0.2809086 -0.2928733 -0.3043131 -0.3935479
C  0  1   1  1  1  0   0.0460724  0.0499063  0.0410664  0.0265833  0.0022891 -0.0200345 -0.0322827 -0.0411299 -0.0468956 -0.0368110 -0.0316884 -0.0164104  0.0025938  0.0067393  0.0238398  0.0399890
C  0  1   1  1  1  1   0.0245883  0.0241398  0.0171813  0.0119766  0.0017664 -0.0080137 -0.0164025 -0.0171300 -0.0176909 -0.0155695 -0.0142900 -0.0057893  0.0028016  0.0087654  0.0115771  0.0239841
C  0  1   1  1  1  2   0.0133230  0.0137230  0.0093802  0.0064379  0.0026875 -0.0021339 -0.0077515 -0.0080686 -0.0090307 -0.0054535 -0.0044100 -0.0034783  0.0009455  0.0039739  0.0058306  0.0095977
C  0  1   1  1  1  3   0.0086756  0.0072731  0.0027370  0.0042535  0.0011292  0.0022658 -0.0034046 -0.0000855  0.0012784  0.0006270 -0.0023753 -0.0003851  0.0024114  0.0027478  0.0038763  0.0064867
C  0  1   1  1  1  4   0.0020212  0.0022042  0.0010802  0.0010667  0.0033982  0.0022895  0.0004148  0.0020956  0.0048006  0.0035789 -0.0009534  0.0001777  0.0028286  0.0013606  0.0044980  0.0026205
C  0  1   1  1  1  5   0.0018263  0.0012838  0.0012409  0.0041120  0.0032662  0.0043099  0.0035655  0.0040474  0.0060165  0.0035428 -0.0002125 -0.0005525  0.0026174  0.0033521  0.0026947  0.0000130
C  0  1   1  1  1  6   0.0021169  0.0019487  0.0016933  0.0043225  0.0050387  0.0043330  0.0059437  0.0055343  0.0046656  0.0017201  0.0002755  0.0019478  0.0011884  0.0019934  0.0007366 -0.0004750
C  0  1   1  1  1  7  -0.0010005  0.0022792  0.0025472  0.0045653  0.0052297  0.0046387  0.0054887  0.0042426  0.0036400  0.0003420 -0.0009926  0.0003270  0.0020301  0.0011874  0.0019200 -0.0002933
C  0  1   1  1  1  8  -0.0015496  0.0010009  0.0022771  0.0021226  0.0047169  0.0037079  0.0043358  0.0055948  0.0047337  0.0014436  0.0013214 -0.0008122  0.0012748  0.0007944  0.0011978 -0.0019047
C  0  1   1  1  1  9   0.0011241  0.0032666  0.0019546  0.0029154  0.0029957  0.0027855  0.0039786  0.0031403  0.0035602  0.0001856  0.0014102  0.0017142  0.0014727  0.0001235  0.0002942 -0.0025254
C  0  1   1  1  1 10  -0.0003462  0.0025104  0.0020007  0.0018243  0.0024184  0.0020352  0.0029901  0.0026754  0.0034777 -0.0003075 -0.0001491  0.0003825 -0.0003689  0.0015771  0.0024742 -0.0006416
C  0  1   1  1  1 11   0.0003891  0.0020348  0.0015287  0.0029551  0.0030415 -0.0000758  0.0010331  0.0026378  0.0022504  0.0014334 -0.0016435  0.0010948 -0.0003541 -0.0003437  0.0016543 -0.0012650
C  0  1   1  1  1 12  -0.0000503  0.0018242  0.0024956  0.0036656  0.0020785  0.0018145  0.0012638  0.0028459  0.0039585  0.0010484  0.0016391  0.0006194 -0.0000170 -0.0010686  0.0004369 -0.0007309
C  0  1   1  1  1 13  -0.0001551  0.0020391  0.0022574  0.0028916  0.0033242  0.0021195  0.0035530  0.0055306  0.0044641  0.0021761  0.0007812  0.0000476  0.0000827 -0.0024453  0.0005107 -0.0017390
C  0  1   1  1  1 14   0.0004126  0.0014847  0.0019665  0.0046471  0.0038611  0.0025430  0.0045253  0.0064941  0.0049363  0.0024683  0.0014831 -0.0000436 -0.0020165 -0.0014805 -0.0008846 -0.0030030
C  0  1   1  1  1 15  -0.0019523  0.0003536  0.0034167  0.0041217  0.0023945  0.0000153  0.0039321  0.0042525  0.0063574  0.0025131  0.0022667 -0.0003091 -0.0024097 -0.0052498 -0.0054055 -0.0036919
C  0  1   1  1  1 16  -0.0020782  0.0017537  0.0035836  0.0054492  0.0040600  0.0013919  0.0036240  0.0042575  0.0053964  0.0065736  0.0035325  0.0036365 -0.0002905 -0.0016109 -0.0042258 -0.0051404
C  0  1   1  1  1 17  -0.0039554  0.0016345  0.0016914  0.0058247  0.0013609 -0.0016086  0.0014040  0.0038756  0.0040358  0.0055577  0.0043214  0.0021626 -0.0006403 -0.0042726 -0.0048751 -0.0042061
C  0  1   1  1  1 18   0.0024482  0.0074700  0.0059105  0.0066853  0.0059886  0.0006601 -0.0007534  0.0004351  0.0029092  0.0041717  0.0023680  0.0022187 -0.0001240 -0.0026326 -0.0050950 -0.0028857
C  0  1   1  1  1 19   0.0023593  0.0087648  0.0121122  0.0097724  0.0076380  0.0018613 -0.0017027 -0.0008636  0.0034888  0.0044832  0.0018832 -0.0003396 -0.0030185 -0.0038903 -0.0038568 -0.0024252
C  0  1   1  1  1 20   0.0016470  0.0155266  0.0180052  0.0132550  0.0080229  0.0041254 -0.0016859 -0.0013256  0.0008720  0.0068696  0.0005284 -0.0018299 -0.0069347 -0.0075295 -0.0065825 -0.0036010
C  0  1   1  1  1 21   0.0078827  0.0235256  0.0324631  0.0221863  0.0178707  0.0139457  0.0096171  0.0111507  0.0132530  0.0154186  0.0030298 -0.0017328 -0.0099342 -0.0160602 -0.0066964  0.0020927
