CPHI 16 
CETA 22 -2.40 -2.10 -1.85 -1.60 -1.40 -1.20 -1.00 -0.80 -0.60 -0.40 -0.20  0.00  0.20  0.40  0.60  0.80  1.00  1.20  1.40  1.60  1.85  2.10  2.40 
RMIN  6 
RTRK 12 
RETA 11  0.00  0.20  0.40  0.60  0.80  1.00  1.20  1.40  1.60  1.85  2.10  2.40 
T 0 1  10  0  0  0    0.0000000   0.0006075   0.0017012   0.0032459   0.0123027   0.0689037   0.2778648   0.6531553   1.0000000   1.0000000   1.0000000   1.0000000   1.0000000
T 0 1  10  0  0  1    0.0000000   0.0001450   0.0005248   0.0022968   0.0126466   0.0593946   0.2261522   0.5889967   1.0000000   1.0000000   1.0000000   1.0000000   1.0000000
T 0 1  10  0  0  2    0.0000000   0.0001185   0.0005232   0.0017870   0.0106249   0.0556246   0.2099177   0.5749597   1.0000000   1.0000000   1.0000000   1.0000000   1.0000000
T 0 1  10  0  0  3    0.0000000   0.0002026   0.0005772   0.0017320   0.0117302   0.0626258   0.2255777   0.5869905   1.0000000   1.0000000   1.0000000   1.0000000   1.0000000
T 0 1  10  0  0  4    0.0000000   0.0004042   0.0024519   0.0141794   0.0626633   0.2042289   0.4892903   0.8222106   1.0000000   1.0000000   1.0000000   1.0000000   1.0000000
T 0 1  10  0  0  5    0.0000000   0.0009717   0.0075255   0.0515904   0.2051820   0.5324353   0.8759279   0.9993653   1.0000000   1.0000000   1.0000000   1.0000000   1.0000000
T 0 1  10  0  0  6    0.0000000   0.0002895   0.0012156   0.0102982   0.0676678   0.2778118   0.6638530   0.9313000   0.9981735   1.0000000   1.0000000   1.0000000   1.0000000
T 0 1  10  0  0  7    0.0000000   0.0000811   0.0004481   0.0009428   0.0045965   0.0308890   0.1193644   0.2971026   0.5811018   0.8697834   0.9843108   0.9998671   1.0000000
T 0 1  10  0  0  8    0.0000000   0.0000007   0.0000339   0.0001355   0.0004046   0.0009578   0.0041419   0.0246583   0.1184138   0.3930206   0.7893447   0.9692054   1.0000000
T 0 1  10  0  0  9    0.0000000   0.0000027   0.0000054   0.0000174   0.0004942   0.0034433   0.0181802   0.0861768   0.3020730   0.6583111   0.9382133   0.9999219   1.0000000
T 0 1  10  0  0 10    0.0000000   0.0067366   0.0290337   0.0465726   0.0796358   0.1693017   0.3389563   0.6903702   0.9104862   0.9704804   0.9998484   1.0000000   1.0000000
T 0 1  10  1  0  0    0.0000000   0.0005148   0.0016399   0.0047460   0.0213440   0.1017716   0.3374237   0.6994022   1.0000000   1.0000000   1.0000000   1.0000000   1.0000000
T 0 1  10  1  0  1    0.0000000   0.0002633   0.0010891   0.0042307   0.0181163   0.0752157   0.2537985   0.6193956   1.0000000   1.0000000   1.0000000   1.0000000   1.0000000
T 0 1  10  1  0  2    0.0000000   0.0002194   0.0008486   0.0027728   0.0124455   0.0616642   0.2339277   0.6064318   1.0000000   1.0000000   1.0000000   1.0000000   1.0000000
T 0 1  10  1  0  3    0.0000000   0.0002283   0.0008669   0.0027852   0.0140251   0.0700545   0.2491207   0.6198491   1.0000000   1.0000000   1.0000000   1.0000000   1.0000000
T 0 1  10  1  0  4    0.0000000   0.0004356   0.0027620   0.0153929   0.0663357   0.2155446   0.5058694   0.8320271   1.0000000   1.0000000   1.0000000   1.0000000   1.0000000
T 0 1  10  1  0  5    0.0000000   0.0011873   0.0094478   0.0577925   0.2246261   0.5586818   0.8900123   0.9996500   1.0000000   1.0000000   1.0000000   1.0000000   1.0000000
T 0 1  10  1  0  6    0.0000000   0.0004626   0.0026649   0.0180020   0.0942133   0.3329130   0.7236541   0.9536823   0.9988141   0.9999984   1.0000000   1.0000000   1.0000000
T 0 1  10  1  0  7    0.0000000   0.0002246   0.0006446   0.0024765   0.0123245   0.0526267   0.1570011   0.3413836   0.6074237   0.8728054   0.9849908   0.9998878   1.0000000
T 0 1  10  1  0  8    0.0000000   0.0009562   0.0014955   0.0017998   0.0022382   0.0036136   0.0107994   0.0452511   0.1686405   0.4573475   0.8251665   0.9710661   1.0000000
T 0 1  10  1  0  9    0.0000000   0.0021003   0.0074838   0.0131257   0.0159362   0.0198461   0.0401951   0.1288935   0.3661962   0.7154288   0.9583841   0.9999941   1.0000000
T 0 1  10  1  0 10    0.0000000   0.0032254   0.0170235   0.0428863   0.0843736   0.1746921   0.3942474   0.7474223   0.9511020   0.9856143   0.9999985   1.0000000   1.0000000
R 0 1  10  0  0  0    0.0222383   0.0222383   0.0110639   0.0101856   0.0103930   0.0101902   0.0100129   0.0098258   0.0098258   0.0098258   0.0098258   0.0098258
R 0 1  10  0  0  1    0.0121282   0.0121282   0.0121282   0.0121282   0.0110506   0.0109074   0.0109500   0.0108482   0.0108482   0.0108482   0.0108482   0.0108482
R 0 1  10  0  0  2    0.0126228   0.0126228   0.0126228   0.0126228   0.0119579   0.0119907   0.0118548   0.0116842   0.0116842   0.0116842   0.0116842   0.0116842
R 0 1  10  0  0  3    0.0132504   0.0132504   0.0132504   0.0132504   0.0126889   0.0125825   0.0123459   0.0122236   0.0122236   0.0122236   0.0122236   0.0122236
R 0 1  10  0  0  4    0.0187918   0.0187918   0.0187918   0.0172903   0.0169475   0.0158651   0.0144953   0.0131005   0.0131005   0.0131005   0.0131005   0.0131005
R 0 1  10  0  0  5    0.0206715   0.0206715   0.0194220   0.0190910   0.0187647   0.0180531   0.0170324   0.0170324   0.0170324   0.0170324   0.0170324   0.0170324
R 0 1  10  0  0  6    0.0203672   0.0203672   0.0203672   0.0204144   0.0207652   0.0207343   0.0207727   0.0205553   0.0205553   0.0205553   0.0205553   0.0205553
R 0 1  10  0  0  7    0.0208658   0.0208658   0.0208658   0.0208658   0.0202400   0.0211088   0.0210565   0.0210218   0.0205790   0.0196904   0.0196904   0.0196904
R 0 1  10  0  0  8    0.0212670   0.0212670   0.0212670   0.0212670   0.0212670   0.0212670   0.0212670   0.0209144   0.0209760   0.0209400   0.0202114   0.0187809
R 0 1  10  0  0  9    0.0311646   0.0311646   0.0311646   0.0311646   0.0311646   0.0311646   0.0299306   0.0288821   0.0275127   0.0264297   0.0249971   0.0249971
R 0 1  10  0  0 10    0.0808402   0.0718808   0.0618851   0.0535789   0.0470464   0.0440906   0.0410554   0.0355932   0.0337874   0.0300013   0.0300013   0.0300013
R 0 1  10  0  1  0    0.0000000   0.0000000   0.0000000   0.0000436   0.0000843   0.0000812   0.0000749   0.0000631   0.0000631   0.0000631   0.0000631   0.0000631
R 0 1  10  0  1  1    0.0000928   0.0000928   0.0000928   0.0000928   0.0000537   0.0000664   0.0000641   0.0000562   0.0000562   0.0000562   0.0000562   0.0000562
R 0 1  10  0  1  2    0.0000581   0.0000581   0.0000581   0.0000581   0.0000551   0.0000631   0.0000599   0.0000521   0.0000521   0.0000521   0.0000521   0.0000521
R 0 1  10  0  1  3    0.0000555   0.0000555   0.0000555   0.0000555   0.0000622   0.0000599   0.0000552   0.0000490   0.0000490   0.0000490   0.0000490   0.0000490
R 0 1  10  0  1  4    0.0001259   0.0001259   0.0001259   0.0000885   0.0000921   0.0000774   0.0000557   0.0000429   0.0000429   0.0000429   0.0000429   0.0000429
R 0 1  10  0  1  5    0.0001603   0.0001603   0.0000742   0.0000706   0.0000684   0.0000616   0.0000479   0.0000479   0.0000479   0.0000479   0.0000479   0.0000479
R 0 1  10  0  1  6    0.0001029   0.0001029   0.0001029   0.0000431   0.0000567   0.0000535   0.0000516   0.0000292   0.0000292   0.0000292   0.0000292   0.0000292
R 0 1  10  0  1  7    0.0000585   0.0000585   0.0000585   0.0000585   0.0000399   0.0000723   0.0000583   0.0000704   0.0000744   0.0000507   0.0000507   0.0000507
R 0 1  10  0  1  8    0.0001030   0.0001030   0.0001030   0.0001030   0.0001030   0.0001030   0.0001030   0.0001045   0.0001033   0.0001057   0.0000831   0.0000981
R 0 1  10  0  1  9    0.0002857   0.0002857   0.0002857   0.0002857   0.0002857   0.0002857   0.0002088   0.0002044   0.0001857   0.0001525   0.0001407   0.0001407
R 0 1  10  0  1 10    0.0015022   0.0011145   0.0009298   0.0007515   0.0005782   0.0004833   0.0004044   0.0002584   0.0002237   0.0001231   0.0001231   0.0001231
R 0 1  10  0  2  0    0.0000000   0.0000000   0.0000000   0.0000000   0.0000000   0.0000070   0.0000134   0.0000102   0.0000102   0.0000102   0.0000102   0.0000102
R 0 1  10  0  2  1    0.0000000   0.0000000   0.0000000   0.0000000   0.0000000   0.0000000   0.0000000   0.0000172   0.0000172   0.0000172   0.0000172   0.0000172
R 0 1  10  0  2  2    0.0000000   0.0000000   0.0000000   0.0000000   0.0000526   0.0000175   0.0000052   0.0000103   0.0000103   0.0000103   0.0000103   0.0000103
R 0 1  10  0  2  3    0.0000903   0.0000903   0.0000903   0.0000903   0.0000000   0.0000000   0.0000132   0.0000083   0.0000083   0.0000083   0.0000083   0.0000083
R 0 1  10  0  2  4    0.0000000   0.0000000   0.0000000   0.0000000   0.0000000   0.0000225   0.0000000   0.0000000   0.0000000   0.0000000   0.0000000   0.0000000
R 0 1  10  0  2  5    0.0000000   0.0000000   0.0000000   0.0000000   0.0000124   0.0000226   0.0000000   0.0000000   0.0000000   0.0000000   0.0000000   0.0000000
R 0 1  10  0  2  6    0.0000000   0.0000000   0.0000000   0.0000000   0.0000000   0.0000000   0.0000143   0.0000000   0.0000000   0.0000000   0.0000000   0.0000000
R 0 1  10  0  2  7    0.0000000   0.0000000   0.0000000   0.0000000   0.0000000   0.0000000   0.0000293   0.0000000   0.0000100   0.0000183   0.0000183   0.0000183
R 0 1  10  0  2  8    0.0000000   0.0000000   0.0000000   0.0000000   0.0000000   0.0000000   0.0000000   0.0000000   0.0000000   0.0000000   0.0000000   0.0000000
R 0 1  10  0  2  9    0.0000000   0.0000000   0.0000000   0.0000000   0.0000000   0.0000000   0.0000735   0.0000000   0.0000000   0.0000160   0.0000000   0.0000000
R 0 1  10  0  2 10    0.0000000   0.0000000   0.0000000   0.0000000   0.0000000   0.0000000   0.0001036   0.0000639   0.0001093   0.0000000   0.0000000   0.0000000
R 0 1  10  0  3  0    1.1094173   1.1094173   1.1132106   1.0340871   0.9961264   0.9857043   0.9803465   0.9816404   0.9816404   0.9816404   0.9816404   0.9816404
R 0 1  10  0  3  1    1.0074524   1.0074524   1.0074524   1.0074524   0.9929035   0.9847332   0.9793201   0.9786631   0.9786631   0.9786631   0.9786631   0.9786631
R 0 1  10  0  3  2    1.0116006   1.0116006   1.0116006   1.0116006   0.9995604   0.9856696   0.9805778   0.9827584   0.9827584   0.9827584   0.9827584   0.9827584
R 0 1  10  0  3  3    1.0129468   1.0129468   1.0129468   1.0129468   0.9971504   0.9863263   0.9819404   0.9798667   0.9798667   0.9798667   0.9798667   0.9798667
R 0 1  10  0  3  4    1.0198681   1.0198681   1.0198681   0.9880161   0.9777918   0.9728129   0.9780660   0.9868104   0.9868104   0.9868104   0.9868104   0.9868104
R 0 1  10  0  3  5    1.0142396   1.0142396   0.9930756   0.9827972   0.9776370   0.9711109   0.9712782   0.9712782   0.9712782   0.9712782   0.9712782   0.9712782
R 0 1  10  0  3  6    1.0468756   1.0468756   1.0468756   1.0033859   0.9900825   0.9868445   0.9872415   0.9890076   0.9890076   0.9890076   0.9890076   0.9890076
R 0 1  10  0  3  7    1.0778040   1.0778040   1.0778040   1.0778040   1.0480638   0.9978766   0.9941596   0.9852616   0.9876584   0.9878803   0.9878803   0.9878803
R 0 1  10  0  3  8    1.0202869   1.0202869   1.0202869   1.0202869   1.0202869   1.0202869   1.0202869   0.9950710   0.9827146   0.9828479   0.9907344   1.0254448
R 0 1  10  0  3  9    1.0268999   1.0268999   1.0268999   1.0268999   1.0268999   1.0268999   0.9946038   0.9780006   0.9736234   0.9855139   1.0038621   1.0038621
R 0 1  10  0  3 10    1.0280234   1.0324003   1.0168569   1.0052737   0.9835072   0.9714074   0.9662216   0.9694645   0.9989211   1.0111062   1.0111062   1.0111062
R 0 1  10  0  4  0    1.3430334   1.3430334   1.1765967   1.9830804   2.2019272   2.2675986   2.2314543   2.2382744   2.2382744   2.2382744   2.2382744   2.2382744
R 0 1  10  0  4  1    1.9542145   1.9542145   1.9542145   1.9542145   2.1712496   2.2164335   2.2072377   2.2032578   2.2032578   2.2032578   2.2032578   2.2032578
R 0 1  10  0  4  2    1.9460173   1.9460173   1.9460173   1.9460173   2.2216964   2.2444413   2.2194382   2.2434317   2.2434317   2.2434317   2.2434317   2.2434317
R 0 1  10  0  4  3    1.8180802   1.8180802   1.8180802   1.8180802   2.2046914   2.2701788   2.2422117   2.1983201   2.1983201   2.1983201   2.1983201   2.1983201
R 0 1  10  0  4  4    1.8249512   1.8249512   1.8249512   2.0137161   2.1422868   2.0555153   2.1993605   2.3135638   2.3135638   2.3135638   2.3135638   2.3135638
R 0 1  10  0  4  5    1.7437026   1.7437026   2.0597270   2.1639967   2.1261162   2.0535119   1.9991026   1.9991026   1.9991026   1.9991026   1.9991026   1.9991026
R 0 1  10  0  4  6    2.1020819   2.1020819   2.1020819   2.2452198   2.3502737   2.3948623   2.3947030   2.3040269   2.3040269   2.3040269   2.3040269   2.3040269
R 0 1  10  0  4  7    1.8184092   1.8184092   1.8184092   1.8184092   2.3097949   2.2379567   2.3900950   2.3476953   2.4183506   2.3460779   2.3460779   2.3460779
R 0 1  10  0  4  8    2.2779453   2.2779453   2.2779453   2.2779453   2.2779453   2.2779453   2.2779453   2.2810960   2.2070370   2.2450943   2.3647654   2.2694879
R 0 1  10  0  4  9    2.1526080   2.1526080   2.1526080   2.1526080   2.1526080   2.1526080   2.1508244   2.0778236   2.0671097   2.2044193   2.1868499   2.1868499
R 0 1  10  0  4 10    1.9136398   2.2134184   1.9641008   1.9577773   2.0032708   1.9793391   1.9497926   1.9281849   2.1001656   1.8940871   1.8940871   1.8940871
R 0 1  10  0  5  0   10.9847509  10.9847509   9.8625427   4.1724744   3.6876092   4.0705036   4.3183292   4.1252565   4.1252565   4.1252565   4.1252565   4.1252565
R 0 1  10  0  5  1    4.0877022   4.0877022   4.0877022   4.0877022   3.9617325   4.0262309   4.1884346   4.3942708   4.3942708   4.3942708   4.3942708   4.3942708
R 0 1  10  0  5  2    3.5995574   3.5995574   3.5995574   3.5995574   3.9707486   4.1449962   4.1479757   4.2483015   4.2483015   4.2483015   4.2483015   4.2483015
R 0 1  10  0  5  3    4.5929934   4.5929934   4.5929934   4.5929934   4.3551181   3.9550123   4.2333394   4.5749091   4.5749091   4.5749091   4.5749091   4.5749091
R 0 1  10  0  5  4    5.0678811   5.0678811   5.0678811   4.7371519   4.6845690   5.3225509   3.9690687   3.3384623   3.3384623   3.3384623   3.3384623   3.3384623
R 0 1  10  0  5  5    5.1113832   5.1113832   4.9757268   4.5023979   5.0154371   4.8490317   4.2034995   4.2034995   4.2034995   4.2034995   4.2034995   4.2034995
R 0 1  10  0  5  6    2.5502873   2.5502873   2.5502873   3.8183614   3.3192534   2.7928762   2.3002431   1.9167228   1.9167228   1.9167228   1.9167228   1.9167228
R 0 1  10  0  5  7    3.5219797   3.5219797   3.5219797   3.5219797   3.5365211   3.6172090   2.7619939   2.9491037   2.4842121   2.0913356   2.0913356   2.0913356
R 0 1  10  0  5  8    3.8403727   3.8403727   3.8403727   3.8403727   3.8403727   3.8403727   3.8403727   4.0888033   4.7714069   4.4776502   3.3190355   4.4031006
R 0 1  10  0  5  9    4.2695592   4.2695592   4.2695592   4.2695592   4.2695592   4.2695592   5.7591418   6.0044204   6.4733058   5.3207081   6.0651235   6.0651235
R 0 1  10  0  5 10    6.3866611   3.9660739   4.3341465   5.1368040   5.2270483   6.4764094   8.1033759   9.7913256   6.2698498   9.5637187   9.5637187   9.5637187
F  0  1  10  0  0  0    0.9833631   1.0134359   0.9917900   1.0361526   0.9688746   1.0012162   0.9915094   0.9860324   0.9975671   0.9866090   0.9775975
F  0  1  10  1  0  0    1.0831827   1.0432538   1.0576439   1.0759374   1.0503418   1.0786740   1.0812965   1.0477035   1.0533128   1.0701971   1.0827190
C  0  1  10  0  0  0  -0.2921041 -0.1157282 -0.2628296 -0.3833939 -0.3455452 -0.1658493 -0.1853657 -0.2661575 -0.2869278 -0.2670100 -0.1684206 -0.1314945 -0.2385977 -0.2504989 -0.2362708 -0.0367661
C  0  1  10  0  0  1   0.0039565 -0.2112585 -0.1014657 -0.0248485 -0.1404575  0.0248003 -0.1783749 -0.0730211 -0.0790342 -0.2084311 -0.1368131 -0.0945998 -0.0527085 -0.1380682 -0.2147697 -0.1043058
C  0  1  10  0  0  2  -0.0573894 -0.1420970 -0.0643366 -0.1008683 -0.0184061 -0.0799534 -0.1192751 -0.1481109 -0.0187758 -0.0084481 -0.0148686 -0.1715658 -0.1417294 -0.0142117  0.0050198 -0.0857655
C  0  1  10  0  0  3  -0.0548407 -0.0657016 -0.1771214 -0.0299856 -0.0452282 -0.0555399 -0.1223874  0.0437184 -0.0030611 -0.0256859 -0.0389825  0.0096190 -0.1531877 -0.2475515 -0.1408978 -0.0571254
C  0  1  10  0  0  4  -0.0673196 -0.1137182 -0.0280675 -0.1805317 -0.0419413 -0.0945358 -0.0759136 -0.0281081 -0.0064673 -0.0306887 -0.1182469  0.0542000 -0.0521199 -0.1196395 -0.0119639  0.0007191
C  0  1  10  0  0  5  -0.0399783 -0.0414363 -0.0448690 -0.0402276 -0.0082111  0.0081997 -0.0748598  0.0119834 -0.0013777  0.0535327 -0.0033937  0.0438266 -0.0651679  0.0073794 -0.0200780 -0.1150901
C  0  1  10  0  0  6   0.0163677  0.0399281  0.0534675  0.0168057 -0.0334347 -0.0099241 -0.1275450 -0.0746956 -0.0192312 -0.0514740  0.0120388  0.0691964 -0.0729562 -0.0582215 -0.0878210  0.1419791
C  0  1  10  0  0  7  -0.0385332 -0.0108024  0.1057294 -0.0264600 -0.0270343  0.0222922 -0.0149008 -0.0043286 -0.0917299  0.0477382  0.0577675 -0.0298119 -0.0150884 -0.0069914 -0.1029536  0.0447974
C  0  1  10  0  0  8   0.0105074 -0.0203860 -0.0019906 -0.0102875 -0.0739767  0.0621009  0.0102348 -0.0291104 -0.0171136  0.0303993  0.0542004  0.0286694  0.0045168  0.0731104 -0.0483621 -0.0215585
C  0  1  10  0  0  9  -0.0236386  0.0386227 -0.0076821  0.0316828 -0.0100337  0.0430330  0.0527491  0.0144870 -0.0325340  0.0555962  0.0826106  0.0755427 -0.0304996  0.1078012 -0.0462957  0.0950893
C  0  1  10  0  0 10   0.0225689 -0.0440020 -0.0423230 -0.0212766  0.0284998  0.0276848  0.0754717 -0.0034823 -0.0121607 -0.0547955 -0.0348192  0.0497184  0.0199262  0.0446975  0.0164165  0.0413856
C  0  1  10  0  0 11  -0.0849367 -0.0566483 -0.0803750  0.0549064  0.0410147  0.0933857  0.0523032  0.0571060  0.0582426 -0.0106504  0.0079076 -0.0454713 -0.0338463  0.0020533  0.0076892  0.0310174
C  0  1  10  0  0 12   0.0358441 -0.0245767 -0.0318396  0.0206736  0.0337389  0.0314916 -0.0287033 -0.0088994 -0.0217361  0.0875638  0.0135263 -0.0465824  0.0159864 -0.0313820 -0.0523513 -0.0197086
C  0  1  10  0  0 13   0.0336012  0.0100590  0.0280908  0.0161674 -0.0690445 -0.0906014  0.0930964  0.0405577  0.0581364  0.1228855 -0.0113757  0.0179996  0.0354785 -0.0269848 -0.0136339  0.0148171
C  0  1  10  0  0 14   0.0070943  0.0340091 -0.0120252 -0.0846019  0.0022626 -0.0560126 -0.0344925  0.0198616 -0.0415735 -0.0612566  0.1191092 -0.0119189  0.0799222  0.0214658  0.0124847 -0.1093073
C  0  1  10  0  0 15  -0.0519483 -0.0506526  0.0220284  0.0437519  0.0528628 -0.0753395  0.0689559  0.0106380  0.0557984 -0.0317137 -0.0280890 -0.1741165 -0.0965804  0.0679269 -0.0620019 -0.0257394
C  0  1  10  0  0 16   0.0846604 -0.0555486 -0.0175097  0.0426950 -0.0292280 -0.1595431 -0.0852200 -0.0183697 -0.0642177  0.1191999  0.0048676 -0.0830285 -0.0361786 -0.0132736 -0.0680927  0.0234872
C  0  1  10  0  0 17  -0.1110528 -0.1427036 -0.1122266 -0.1782948 -0.1286677 -0.0497011 -0.0321534 -0.0080458  0.0273046 -0.0022172  0.0242165  0.0138921 -0.0949992 -0.1588755 -0.0880915 -0.0510987
C  0  1  10  0  0 18  -0.1385835 -0.0462809  0.0082151 -0.0078295 -0.1303235 -0.1209946 -0.1197518 -0.0763537 -0.0967174  0.0122917  0.0521988 -0.0249432 -0.0577698 -0.0748598 -0.0912466 -0.0763607
C  0  1  10  0  0 19   0.0669090 -0.2116965 -0.1657946  0.0390184 -0.0990663 -0.0650487 -0.1125832 -0.0907161 -0.1347604 -0.0504433 -0.1845116 -0.0783282 -0.1295013 -0.0320498 -0.0704179 -0.1160742
C  0  1  10  0  0 20  -0.2263586 -0.0941313 -0.1194360 -0.0711896 -0.1421934 -0.1314313 -0.2334825 -0.1825099 -0.2689418 -0.2151933 -0.1448270 -0.0892312  0.0114390 -0.0779877 -0.1690550 -0.2054414
C  0  1  10  0  0 21  -0.0681004 -0.2378001 -0.3150014 -0.2439746 -0.1630719 -0.1884302 -0.1954558 -0.1274455 -0.1943984 -0.1435911 -0.2382078 -0.1878926 -0.3561031 -0.3706059 -0.2369264 -0.3600177
C  0  1  10  0  1  0  -0.0042370 -0.0003361 -0.0010729 -0.0062162 -0.0051350  0.0019769  0.0001276  0.0019981  0.0028298 -0.0032601 -0.0005291  0.0007409  0.0037455  0.0033845  0.0025454  0.0065830
C  0  1  10  0  1  1   0.0015267  0.0001907 -0.0031151 -0.0036975 -0.0020459 -0.0028572  0.0043502 -0.0002559  0.0021454  0.0000706  0.0022887 -0.0051327  0.0024531  0.0051278  0.0020134  0.0031847
C  0  1  10  0  1  2   0.0019601 -0.0026053 -0.0006679 -0.0012972 -0.0016385  0.0008160  0.0004373 -0.0003917 -0.0012100  0.0006360 -0.0033972 -0.0036671  0.0004766 -0.0023223 -0.0013144  0.0013318
C  0  1  10  0  1  3   0.0032265  0.0017000 -0.0013286 -0.0021082 -0.0030591  0.0012182  0.0035325 -0.0017561 -0.0005693 -0.0023971 -0.0018134 -0.0026371  0.0020981 -0.0024915  0.0012536  0.0009079
C  0  1  10  0  1  4  -0.0001180  0.0000001 -0.0006189  0.0017920 -0.0014371 -0.0007157  0.0005715 -0.0024383  0.0033313 -0.0009568 -0.0006145 -0.0002201  0.0016997  0.0016296 -0.0010030 -0.0028479
C  0  1  10  0  1  5   0.0005131  0.0002832 -0.0019653  0.0045085  0.0002162 -0.0018512  0.0018807  0.0009109 -0.0005198 -0.0000847 -0.0006050 -0.0019736  0.0010990 -0.0000340  0.0015667 -0.0001823
C  0  1  10  0  1  6   0.0037147  0.0008908 -0.0008998  0.0000490  0.0019690 -0.0013539 -0.0019841 -0.0004680  0.0014064 -0.0002851 -0.0001105 -0.0002857 -0.0008790 -0.0036692  0.0007664 -0.0004809
C  0  1  10  0  1  7   0.0019162  0.0001030  0.0012611  0.0011501  0.0013789  0.0020753 -0.0008580 -0.0005929  0.0009663 -0.0005537  0.0014590 -0.0015784 -0.0010501  0.0003444  0.0003265  0.0002030
C  0  1  10  0  1  8   0.0026885  0.0008420  0.0013282 -0.0004164  0.0015032  0.0002202  0.0010014  0.0008852  0.0016600 -0.0004358 -0.0010784 -0.0016390 -0.0006337  0.0008242  0.0014110  0.0004623
C  0  1  10  0  1  9  -0.0036320  0.0005604  0.0009102  0.0011130 -0.0011391  0.0002426  0.0016220  0.0021904 -0.0002359  0.0002607 -0.0024830 -0.0013698  0.0001734  0.0004287 -0.0000360  0.0011904
C  0  1  10  0  1 10   0.0015312  0.0010672  0.0002732  0.0017004  0.0023111 -0.0005354  0.0015424  0.0007943 -0.0013205 -0.0023819  0.0006336 -0.0009780 -0.0019586 -0.0006157 -0.0006390  0.0017890
C  0  1  10  0  1 11   0.0007040 -0.0013517  0.0005742  0.0018362  0.0007962  0.0006321 -0.0036257 -0.0013183 -0.0016674  0.0000430 -0.0008441 -0.0018171 -0.0001780 -0.0007597 -0.0005487  0.0006905
C  0  1  10  0  1 12   0.0009506  0.0009465 -0.0001046 -0.0007506  0.0014423 -0.0000093  0.0032300 -0.0003972  0.0008377  0.0000863 -0.0009402  0.0026227  0.0014924  0.0001481 -0.0007475 -0.0006037
C  0  1  10  0  1 13   0.0033890 -0.0022912  0.0002509  0.0018904  0.0009940  0.0014112 -0.0014752  0.0008069 -0.0003035  0.0001741 -0.0005435 -0.0015085 -0.0013098  0.0003247  0.0000654  0.0012459
C  0  1  10  0  1 14   0.0023040  0.0027493  0.0018689  0.0004096  0.0023164  0.0028363 -0.0015554  0.0028858 -0.0003905  0.0009737  0.0004475  0.0001812 -0.0004846  0.0007800  0.0001052  0.0004424
C  0  1  10  0  1 15   0.0016948  0.0008029  0.0002898  0.0011179 -0.0005402  0.0012977  0.0009218  0.0000155  0.0002053 -0.0011411 -0.0015889  0.0021747  0.0001658  0.0006469 -0.0014393  0.0011630
C  0  1  10  0  1 16   0.0026943  0.0023532  0.0010589  0.0001063 -0.0012852  0.0018047 -0.0005098 -0.0002087  0.0008106 -0.0003225  0.0018114 -0.0009279  0.0006667  0.0026251  0.0039938  0.0020281
C  0  1  10  0  1 17   0.0022864  0.0003545 -0.0012613  0.0018019 -0.0006060  0.0000915  0.0024374  0.0006018  0.0016868  0.0025717  0.0018405  0.0007468  0.0009404 -0.0004607  0.0035017  0.0046256
C  0  1  10  0  1 18   0.0021703  0.0050594  0.0020869  0.0013734 -0.0016318  0.0021650  0.0029664  0.0000023 -0.0001068  0.0033795  0.0068729  0.0011547 -0.0004706  0.0015467  0.0042565  0.0056273
C  0  1  10  0  1 19   0.0017329  0.0038261  0.0007983  0.0019987 -0.0006678  0.0012622  0.0026856  0.0017153  0.0044054  0.0031033 -0.0010768  0.0023240 -0.0000598  0.0022294  0.0024715  0.0021161
C  0  1  10  0  1 20   0.0052716  0.0045955  0.0048223  0.0038751  0.0001914  0.0007809  0.0020730  0.0027907  0.0030891  0.0047093 -0.0017201 -0.0020831  0.0022393  0.0039542  0.0069062  0.0071198
C  0  1  10  0  1 21   0.0121563  0.0156656  0.0033313  0.0018076 -0.0021669 -0.0059994 -0.0064453 -0.0039673 -0.0066325 -0.0072488 -0.0010476  0.0070664  0.0016282  0.0058437  0.0104612  0.0041255
C  0  1  10  1  0  0  -0.4593877 -0.3218667 -0.2700483 -0.4125118 -0.2653862 -0.3617519 -0.3029635 -0.2625930 -0.2546626 -0.3720717 -0.3728158 -0.5383555 -0.5056553 -0.4268484 -0.4405350 -0.4624301
C  0  1  10  1  0  1  -0.3645384 -0.3357490 -0.2795204 -0.3267803 -0.3371059 -0.3573098 -0.2987866 -0.2447808 -0.3235417 -0.2734380 -0.3386086 -0.3379165 -0.3341674 -0.3998909 -0.3601540 -0.3667897
C  0  1  10  1  0  2  -0.3028658 -0.3265123 -0.2576409 -0.2859218 -0.2916249 -0.2460448 -0.2807822 -0.2476337 -0.1903684 -0.2469464 -0.2990624 -0.3116896 -0.3458418 -0.3692642 -0.2833978 -0.3320128
C  0  1  10  1  0  3  -0.2746764 -0.2988481 -0.3009202 -0.2719530 -0.2561279 -0.2338724 -0.2351883 -0.1825060 -0.1606310 -0.1895751 -0.2002675 -0.2751349 -0.2654890 -0.2522212 -0.2885787 -0.2442264
C  0  1  10  1  0  4  -0.2737796 -0.2192820 -0.2712470 -0.2313199 -0.2612529 -0.2032294 -0.2560598 -0.2459810 -0.2328131 -0.1878889 -0.2130900 -0.2619112 -0.2852895 -0.2272474 -0.3394762 -0.2656035
C  0  1  10  1  0  5  -0.2085048 -0.1522310 -0.1592110 -0.1936680 -0.2042089 -0.1607378 -0.2093061 -0.1367733 -0.1698400 -0.1451701 -0.1827050 -0.1972529 -0.2413593 -0.1197589 -0.2103239 -0.1775606
C  0  1  10  1  0  6  -0.1355431 -0.1330076 -0.1701963 -0.1788409 -0.1193866 -0.0937224 -0.1554837 -0.1522647 -0.1119470 -0.1179866 -0.0810228 -0.1150349 -0.1029443 -0.1129021 -0.1316557 -0.1592173
C  0  1  10  1  0  7  -0.1536757 -0.1482452 -0.1478694 -0.1368905 -0.1722911 -0.1642077 -0.1773465 -0.1371355 -0.0769414 -0.0822772 -0.0744145 -0.1231584 -0.1346218 -0.1199004 -0.1421275 -0.1044058
C  0  1  10  1  0  8  -0.1871678 -0.1355894 -0.1652841 -0.1244302 -0.1423792 -0.1772737 -0.1931104 -0.1656955 -0.1296658 -0.1217948 -0.1270464 -0.1602277 -0.1134709 -0.1476920 -0.1339228 -0.1119787
C  0  1  10  1  0  9  -0.1806977 -0.1278144 -0.1115652 -0.1331991 -0.1076047 -0.1553976 -0.1486301 -0.1690551 -0.1076124 -0.1394013 -0.0830551 -0.1617961 -0.1443938 -0.1180467 -0.1170855 -0.1319889
C  0  1  10  1  0 10  -0.1848373 -0.1043231 -0.1308429 -0.1506216 -0.1624686 -0.1531263 -0.1417245 -0.1258516 -0.1063498 -0.1586116 -0.1468012 -0.1039393 -0.1108363 -0.1110785 -0.1241402 -0.0977858
C  0  1  10  1  0 11  -0.1518439 -0.0993706 -0.1535334 -0.1077813 -0.0969455 -0.1204113 -0.1158302 -0.1376575 -0.1222045 -0.1029910 -0.1302969 -0.1087755 -0.1377380 -0.1799598 -0.1069798 -0.1208105
C  0  1  10  1  0 12  -0.1146164 -0.1139232 -0.1671288 -0.1054897 -0.1527488 -0.1439188 -0.1504655 -0.1976625 -0.1710384 -0.1056859 -0.1007499 -0.1100362 -0.0896961 -0.1053772 -0.0902368 -0.1328779
C  0  1  10  1  0 13  -0.0901852 -0.1778088 -0.1546872 -0.1182652 -0.1565377 -0.1837377 -0.1774359 -0.1527961 -0.1251420 -0.1522554 -0.1406381 -0.1499267 -0.1427955 -0.1363655 -0.1612120 -0.1229734
C  0  1  10  1  0 14  -0.1309121 -0.1454545 -0.1307100 -0.2016360 -0.1472950 -0.1465963 -0.1637584 -0.2312178 -0.1495277 -0.1387176 -0.1098008 -0.1128970 -0.0848453 -0.0677899 -0.1438674 -0.1746892
C  0  1  10  1  0 15  -0.0864347 -0.1676474 -0.1587825 -0.1145515 -0.1170949 -0.1467190 -0.1453811 -0.1690238 -0.1698759 -0.1104079 -0.0783661 -0.1382110 -0.1530433 -0.0860750 -0.0914888 -0.1125758
C  0  1  10  1  0 16  -0.1817297 -0.1855166 -0.1975849 -0.1915901 -0.1436097 -0.1713025 -0.1612609 -0.1984372 -0.1809942 -0.1862960 -0.1499269 -0.1041021 -0.1574290 -0.1887515 -0.1399922 -0.1167252
C  0  1  10  1  0 17  -0.2300605 -0.3100999 -0.2298472 -0.3139113 -0.2424692 -0.3133978 -0.2916636 -0.2734637 -0.2511924 -0.2703305 -0.2346213 -0.1805055 -0.1763899 -0.2706395 -0.2217724 -0.2346658
C  0  1  10  1  0 18  -0.2551240 -0.2594961 -0.2100838 -0.2053598 -0.2248719 -0.1962922 -0.3085853 -0.2797902 -0.2359808 -0.2050253 -0.2357517 -0.2686995 -0.2409345 -0.1728920 -0.1394551 -0.1754841
C  0  1  10  1  0 19  -0.2571815 -0.2373397 -0.3062354 -0.2792045 -0.2889892 -0.2912532 -0.2533631 -0.2285462 -0.2240463 -0.2394355 -0.2118466 -0.2584871 -0.2589510 -0.2467037 -0.2552538 -0.2491540
C  0  1  10  1  0 20  -0.2863437 -0.3096685 -0.3834776 -0.3360612 -0.2883961 -0.2892051 -0.3196581 -0.3242213 -0.3780661 -0.3506892 -0.2654830 -0.3214575 -0.3557198 -0.3502220 -0.2212169 -0.3032634
C  0  1  10  1  0 21  -0.4410596 -0.3888918 -0.4007516 -0.3847531 -0.3393827 -0.2621581 -0.3865850 -0.3352357 -0.4101383 -0.4207494 -0.3897286 -0.3612918 -0.3814565 -0.3795980 -0.3336854 -0.3407325
C  0  1  10  1  1  0   0.0471074  0.0488860  0.0384120  0.0237554  0.0020498 -0.0202881 -0.0338435 -0.0428122 -0.0483308 -0.0369379 -0.0359117 -0.0188673  0.0029341  0.0041843  0.0242252  0.0383956
C  0  1  10  1  1  1   0.0248076  0.0219496  0.0182155  0.0109020  0.0012448 -0.0081499 -0.0152645 -0.0171160 -0.0176024 -0.0162536 -0.0158644 -0.0072205  0.0032012  0.0086323  0.0111403  0.0226701
C  0  1  10  1  1  2   0.0119535  0.0138015  0.0085633  0.0046485 -0.0000577 -0.0027604 -0.0084431 -0.0085048 -0.0095497 -0.0059228 -0.0060549 -0.0042054  0.0005588  0.0029460  0.0057927  0.0106364
C  0  1  10  1  1  3   0.0082953  0.0070755  0.0020136  0.0028307  0.0006980 -0.0009985 -0.0039384 -0.0023284  0.0001661 -0.0005891 -0.0029610 -0.0010855  0.0015144  0.0029335  0.0014403  0.0066741
C  0  1  10  1  1  4   0.0010324  0.0026643  0.0005820 -0.0001891  0.0037416  0.0023636  0.0001221  0.0019248  0.0051823  0.0024810 -0.0012303 -0.0006229  0.0018044  0.0010129  0.0050151  0.0017905
C  0  1  10  1  1  5   0.0010550 -0.0003014 -0.0000414  0.0035950  0.0020666  0.0020823  0.0028084  0.0040033  0.0045839  0.0027856 -0.0012103 -0.0004664  0.0006392  0.0027069  0.0023051  0.0001967
C  0  1  10  1  1  6   0.0008788  0.0016986  0.0011311  0.0040421  0.0050192  0.0043033  0.0048696  0.0047032  0.0028297  0.0014813  0.0001063  0.0000569  0.0008648  0.0011961  0.0005164 -0.0003877
C  0  1  10  1  1  7  -0.0000066  0.0027559  0.0017182  0.0037665  0.0047655  0.0026329  0.0058965  0.0037267  0.0038799  0.0006587 -0.0002497 -0.0002585  0.0004752  0.0006717  0.0010957 -0.0009962
C  0  1  10  1  1  8  -0.0007236  0.0014029  0.0022773  0.0013223  0.0034463  0.0032394  0.0052787  0.0048596  0.0052512  0.0019709  0.0004321 -0.0010979  0.0012529 -0.0002273  0.0010510 -0.0015319
C  0  1  10  1  1  9   0.0010915  0.0020177  0.0015069  0.0025677  0.0027550  0.0023814  0.0038511  0.0043277  0.0025212 -0.0005249  0.0013100  0.0006935  0.0002309 -0.0002245 -0.0004972 -0.0017994
C  0  1  10  1  1 10  -0.0001656  0.0020255  0.0016880  0.0013796  0.0025519  0.0016195  0.0015051  0.0029860  0.0029507  0.0001716 -0.0014038 -0.0001168 -0.0009268  0.0006916  0.0019084 -0.0010598
C  0  1  10  1  1 11   0.0010829  0.0018163  0.0007831  0.0022171  0.0031551 -0.0003324  0.0017892  0.0020210  0.0026484  0.0023279 -0.0019220 -0.0002457  0.0001576 -0.0003750 -0.0000119 -0.0011186
C  0  1  10  1  1 12   0.0002509  0.0023996  0.0025648  0.0035797  0.0016238  0.0009866  0.0013089  0.0030794  0.0043031  0.0010559  0.0008623  0.0002076 -0.0004066 -0.0009146  0.0009847 -0.0011469
C  0  1  10  1  1 13   0.0001583  0.0025221  0.0019447  0.0029521  0.0020645  0.0030985  0.0039172  0.0038800  0.0049865  0.0008263  0.0010037 -0.0013197 -0.0009920 -0.0025311 -0.0006194 -0.0015832
C  0  1  10  1  1 14  -0.0012064  0.0008525  0.0021416  0.0038582  0.0035303  0.0022573  0.0026223  0.0052535  0.0049255  0.0019670  0.0014849 -0.0003241 -0.0018875 -0.0021749 -0.0017148 -0.0020227
C  0  1  10  1  1 15  -0.0027056  0.0001847  0.0028198  0.0036372  0.0028517 -0.0006598  0.0024664  0.0035753  0.0062984  0.0030947  0.0014975  0.0007544 -0.0035242 -0.0055161 -0.0053881 -0.0053277
C  0  1  10  1  1 16  -0.0012642  0.0009316  0.0027175  0.0038454  0.0018900  0.0008853  0.0030763  0.0041120  0.0041251  0.0058425  0.0027402  0.0012806 -0.0015448 -0.0026366 -0.0043344 -0.0048613
C  0  1  10  1  1 17  -0.0029083  0.0025077  0.0000467  0.0044116  0.0009283 -0.0012280  0.0012574  0.0037557  0.0046997  0.0039607  0.0050002  0.0017899 -0.0012382 -0.0039376 -0.0050363 -0.0054788
C  0  1  10  1  1 18   0.0000846  0.0064998  0.0057587  0.0070230  0.0042067 -0.0014315 -0.0018348 -0.0005727  0.0036004  0.0046753  0.0023916  0.0007502 -0.0022200 -0.0038511 -0.0057037 -0.0041474
C  0  1  10  1  1 19   0.0014985  0.0072048  0.0129047  0.0101325  0.0056528  0.0008539 -0.0019747 -0.0008018  0.0023154  0.0055750  0.0028525 -0.0012286 -0.0031041 -0.0058647 -0.0052364 -0.0028179
C  0  1  10  1  1 20   0.0020522  0.0148722  0.0179738  0.0127409  0.0063918  0.0035529 -0.0024854 -0.0020285  0.0004621  0.0054205  0.0022583 -0.0024967 -0.0067549 -0.0075028 -0.0072165 -0.0051386
C  0  1  10  1  1 21   0.0080702  0.0210058  0.0302778  0.0212403  0.0137529  0.0151500  0.0074175  0.0090674  0.0121530  0.0122644  0.0015602 -0.0037770 -0.0079132 -0.0184361 -0.0086387  0.0006636
