CPHI 16 
CETA 22 -2.40 -2.10 -1.85 -1.60 -1.40 -1.20 -1.00 -0.80 -0.60 -0.40 -0.20  0.00  0.20  0.40  0.60  0.80  1.00  1.20  1.40  1.60  1.85  2.10  2.40 
RMIN  6 
RTRK 12 
RETA 11  0.00  0.20  0.40  0.60  0.80  1.00  1.20  1.40  1.60  1.85  2.10  2.40 
T 0 1  11  0  0  0    0.0000000   0.0006008   0.0016394   0.0031266   0.0121005   0.0689856   0.2773036   0.6536518   1.0000000   1.0000000   1.0000000   1.0000000   1.0000000
T 0 1  11  0  0  1    0.0000000   0.0001325   0.0005385   0.0023903   0.0125965   0.0591245   0.2252221   0.5878709   1.0000000   1.0000000   1.0000000   1.0000000   1.0000000
T 0 1  11  0  0  2    0.0000000   0.0001365   0.0005250   0.0017203   0.0105838   0.0553980   0.2098816   0.5734701   1.0000000   1.0000000   1.0000000   1.0000000   1.0000000
T 0 1  11  0  0  3    0.0000000   0.0002035   0.0005971   0.0016925   0.0115223   0.0626767   0.2259111   0.5876307   1.0000000   1.0000000   1.0000000   1.0000000   1.0000000
T 0 1  11  0  0  4    0.0000000   0.0003659   0.0025005   0.0143969   0.0628372   0.2048714   0.4895994   0.8213598   1.0000000   1.0000000   1.0000000   1.0000000   1.0000000
T 0 1  11  0  0  5    0.0000000   0.0010347   0.0076144   0.0514502   0.2056634   0.5324350   0.8757662   0.9993584   1.0000000   1.0000000   1.0000000   1.0000000   1.0000000
T 0 1  11  0  0  6    0.0000000   0.0002910   0.0011710   0.0101952   0.0669213   0.2771859   0.6624220   0.9307779   0.9981526   1.0000000   1.0000000   1.0000000   1.0000000
T 0 1  11  0  0  7    0.0000000   0.0000792   0.0004300   0.0009616   0.0047862   0.0306081   0.1187509   0.2972303   0.5814398   0.8693472   0.9842156   0.9998621   1.0000000
T 0 1  11  0  0  8    0.0000000   0.0000035   0.0000263   0.0001117   0.0004279   0.0010313   0.0041940   0.0250586   0.1197876   0.3945545   0.7901421   0.9697666   1.0000000
T 0 1  11  0  0  9    0.0000000   0.0000022   0.0000022   0.0000295   0.0005200   0.0035003   0.0184908   0.0856378   0.3021783   0.6586164   0.9383560   0.9999354   1.0000000
T 0 1  11  0  0 10    0.0000000   0.0066673   0.0288663   0.0460881   0.0792622   0.1688634   0.3381266   0.6903652   0.9109132   0.9704463   0.9998350   1.0000000   1.0000000
T 0 1  11  1  0  0    0.0000000   0.0005148   0.0016399   0.0047460   0.0213440   0.1017716   0.3374237   0.6994022   1.0000000   1.0000000   1.0000000   1.0000000   1.0000000
T 0 1  11  1  0  1    0.0000000   0.0002633   0.0010891   0.0042307   0.0181163   0.0752157   0.2537985   0.6193956   1.0000000   1.0000000   1.0000000   1.0000000   1.0000000
T 0 1  11  1  0  2    0.0000000   0.0002194   0.0008486   0.0027728   0.0124455   0.0616642   0.2339277   0.6064318   1.0000000   1.0000000   1.0000000   1.0000000   1.0000000
T 0 1  11  1  0  3    0.0000000   0.0002283   0.0008669   0.0027852   0.0140251   0.0700545   0.2491207   0.6198491   1.0000000   1.0000000   1.0000000   1.0000000   1.0000000
T 0 1  11  1  0  4    0.0000000   0.0004356   0.0027620   0.0153929   0.0663357   0.2155446   0.5058694   0.8320271   1.0000000   1.0000000   1.0000000   1.0000000   1.0000000
T 0 1  11  1  0  5    0.0000000   0.0011873   0.0094478   0.0577925   0.2246261   0.5586818   0.8900123   0.9996500   1.0000000   1.0000000   1.0000000   1.0000000   1.0000000
T 0 1  11  1  0  6    0.0000000   0.0004626   0.0026649   0.0180020   0.0942133   0.3329130   0.7236541   0.9536823   0.9988141   0.9999984   1.0000000   1.0000000   1.0000000
T 0 1  11  1  0  7    0.0000000   0.0002246   0.0006446   0.0024765   0.0123245   0.0526267   0.1570011   0.3413836   0.6074237   0.8728054   0.9849908   0.9998878   1.0000000
T 0 1  11  1  0  8    0.0000000   0.0009562   0.0014955   0.0017998   0.0022382   0.0036136   0.0107994   0.0452511   0.1686405   0.4573475   0.8251665   0.9710661   1.0000000
T 0 1  11  1  0  9    0.0000000   0.0021003   0.0074838   0.0131257   0.0159362   0.0198461   0.0401951   0.1288935   0.3661962   0.7154288   0.9583841   0.9999941   1.0000000
T 0 1  11  1  0 10    0.0000000   0.0032254   0.0170235   0.0428863   0.0843736   0.1746921   0.3942474   0.7474223   0.9511020   0.9856143   0.9999985   1.0000000   1.0000000
R 0 1  11  0  0  0    0.0241432   0.0241432   0.0118264   0.0103702   0.0103004   0.0101689   0.0099925   0.0098324   0.0098324   0.0098324   0.0098324   0.0098324
R 0 1  11  0  0  1    0.0117611   0.0117611   0.0117611   0.0117611   0.0109933   0.0109001   0.0109541   0.0108697   0.0108697   0.0108697   0.0108697   0.0108697
R 0 1  11  0  0  2    0.0124500   0.0124500   0.0124500   0.0124500   0.0119682   0.0120315   0.0118440   0.0117161   0.0117161   0.0117161   0.0117161   0.0117161
R 0 1  11  0  0  3    0.0132894   0.0132894   0.0132894   0.0132894   0.0126471   0.0125216   0.0123700   0.0122469   0.0122469   0.0122469   0.0122469   0.0122469
R 0 1  11  0  0  4    0.0187368   0.0187368   0.0187368   0.0174811   0.0168870   0.0159113   0.0145050   0.0130670   0.0130670   0.0130670   0.0130670   0.0130670
R 0 1  11  0  0  5    0.0201287   0.0201287   0.0194206   0.0191271   0.0187348   0.0181114   0.0169276   0.0169276   0.0169276   0.0169276   0.0169276   0.0169276
R 0 1  11  0  0  6    0.0196765   0.0196765   0.0196765   0.0203828   0.0207738   0.0207280   0.0207751   0.0205099   0.0205099   0.0205099   0.0205099   0.0205099
R 0 1  11  0  0  7    0.0228201   0.0228201   0.0228201   0.0228201   0.0208369   0.0212214   0.0212510   0.0209765   0.0205386   0.0196269   0.0196269   0.0196269
R 0 1  11  0  0  8    0.0211625   0.0211625   0.0211625   0.0211625   0.0211625   0.0211625   0.0211625   0.0210879   0.0210246   0.0209170   0.0203024   0.0187532
R 0 1  11  0  0  9    0.0313827   0.0313827   0.0313827   0.0313827   0.0313827   0.0313827   0.0297313   0.0288728   0.0275064   0.0263796   0.0250213   0.0250213
R 0 1  11  0  0 10    0.0740524   0.0717880   0.0613947   0.0542217   0.0474353   0.0440333   0.0410291   0.0355933   0.0334421   0.0306188   0.0306188   0.0306188
R 0 1  11  0  1  0    0.0000000   0.0000000   0.0000000   0.0000864   0.0000832   0.0000816   0.0000718   0.0000646   0.0000646   0.0000646   0.0000646   0.0000646
R 0 1  11  0  1  1    0.0000695   0.0000695   0.0000695   0.0000695   0.0000625   0.0000704   0.0000612   0.0000569   0.0000569   0.0000569   0.0000569   0.0000569
R 0 1  11  0  1  2    0.0000598   0.0000598   0.0000598   0.0000598   0.0000601   0.0000680   0.0000625   0.0000537   0.0000537   0.0000537   0.0000537   0.0000537
R 0 1  11  0  1  3    0.0000619   0.0000619   0.0000619   0.0000619   0.0000602   0.0000560   0.0000557   0.0000506   0.0000506   0.0000506   0.0000506   0.0000506
R 0 1  11  0  1  4    0.0001084   0.0001084   0.0001084   0.0000897   0.0000854   0.0000751   0.0000570   0.0000421   0.0000421   0.0000421   0.0000421   0.0000421
R 0 1  11  0  1  5    0.0001212   0.0001212   0.0000822   0.0000683   0.0000700   0.0000626   0.0000375   0.0000375   0.0000375   0.0000375   0.0000375   0.0000375
R 0 1  11  0  1  6    0.0000000   0.0000000   0.0000000   0.0000401   0.0000617   0.0000621   0.0000513   0.0000271   0.0000271   0.0000271   0.0000271   0.0000271
R 0 1  11  0  1  7    0.0002024   0.0002024   0.0002024   0.0002024   0.0000834   0.0000787   0.0000736   0.0000737   0.0000729   0.0000538   0.0000538   0.0000538
R 0 1  11  0  1  8    0.0001198   0.0001198   0.0001198   0.0001198   0.0001198   0.0001198   0.0001198   0.0001129   0.0001025   0.0000986   0.0000915   0.0000528
R 0 1  11  0  1  9    0.0003291   0.0003291   0.0003291   0.0003291   0.0003291   0.0003291   0.0002106   0.0002036   0.0001864   0.0001580   0.0001187   0.0001187
R 0 1  11  0  1 10    0.0011217   0.0011693   0.0008767   0.0007709   0.0005574   0.0004799   0.0003819   0.0002717   0.0001858   0.0001188   0.0001188   0.0001188
R 0 1  11  0  2  0    0.0000000   0.0000000   0.0000000   0.0000000   0.0000000   0.0000117   0.0000164   0.0000068   0.0000068   0.0000068   0.0000068   0.0000068
R 0 1  11  0  2  1    0.0000000   0.0000000   0.0000000   0.0000000   0.0000000   0.0000094   0.0000107   0.0000141   0.0000141   0.0000141   0.0000141   0.0000141
R 0 1  11  0  2  2    0.0000694   0.0000694   0.0000694   0.0000694   0.0000669   0.0000000   0.0000141   0.0000092   0.0000092   0.0000092   0.0000092   0.0000092
R 0 1  11  0  2  3    0.0000716   0.0000716   0.0000716   0.0000716   0.0000000   0.0000000   0.0000145   0.0000000   0.0000000   0.0000000   0.0000000   0.0000000
R 0 1  11  0  2  4    0.0000000   0.0000000   0.0000000   0.0000000   0.0000000   0.0000000   0.0000080   0.0000148   0.0000148   0.0000148   0.0000148   0.0000148
R 0 1  11  0  2  5    0.0000000   0.0000000   0.0000000   0.0000221   0.0000000   0.0000118   0.0000000   0.0000000   0.0000000   0.0000000   0.0000000   0.0000000
R 0 1  11  0  2  6    0.0000000   0.0000000   0.0000000   0.0000000   0.0000000   0.0000000   0.0000000   0.0000313   0.0000313   0.0000313   0.0000313   0.0000313
R 0 1  11  0  2  7    0.0000000   0.0000000   0.0000000   0.0000000   0.0000000   0.0000000   0.0000000   0.0000000   0.0000000   0.0000232   0.0000232   0.0000232
R 0 1  11  0  2  8    0.0000000   0.0000000   0.0000000   0.0000000   0.0000000   0.0000000   0.0000000   0.0000000   0.0000000   0.0000000   0.0000000   0.0000000
R 0 1  11  0  2  9    0.0001944   0.0001944   0.0001944   0.0001944   0.0001944   0.0001944   0.0000000   0.0000000   0.0000000   0.0000337   0.0000000   0.0000000
R 0 1  11  0  2 10    0.0000000   0.0000000   0.0000000   0.0000000   0.0000000   0.0000000   0.0000000   0.0000427   0.0000000   0.0000000   0.0000000   0.0000000
R 0 1  11  0  3  0    1.1991867   1.1991867   1.0926961   1.0531886   1.0005929   0.9841176   0.9805669   0.9835946   0.9835946   0.9835946   0.9835946   0.9835946
R 0 1  11  0  3  1    1.0250692   1.0250692   1.0250692   1.0250692   1.0002346   0.9836729   0.9803162   0.9780407   0.9780407   0.9780407   0.9780407   0.9780407
R 0 1  11  0  3  2    1.0167812   1.0167812   1.0167812   1.0167812   1.0013422   0.9878681   0.9799133   0.9804704   0.9804704   0.9804704   0.9804704   0.9804704
R 0 1  11  0  3  3    0.9995386   0.9995386   0.9995386   0.9995386   1.0077819   0.9869922   0.9808719   0.9811155   0.9811155   0.9811155   0.9811155   0.9811155
R 0 1  11  0  3  4    1.0200540   1.0200540   1.0200540   0.9887086   0.9763450   0.9765118   0.9789269   0.9862937   0.9862937   0.9862937   0.9862937   0.9862937
R 0 1  11  0  3  5    1.0233077   1.0233077   0.9930187   0.9823929   0.9751782   0.9740767   0.9732717   0.9732717   0.9732717   0.9732717   0.9732717   0.9732717
R 0 1  11  0  3  6    1.0500751   1.0500751   1.0500751   1.0031509   0.9879100   0.9699695   0.9832655   0.9884856   0.9884856   0.9884856   0.9884856   0.9884856
R 0 1  11  0  3  7    0.9990462   0.9990462   0.9990462   0.9990462   1.0223876   0.9992747   0.9878727   0.9855064   0.9867771   0.9870465   0.9870465   0.9870465
R 0 1  11  0  3  8    1.0179023   1.0179023   1.0179023   1.0179023   1.0179023   1.0179023   1.0179023   0.9970902   0.9844897   0.9824970   0.9887791   1.0151808
R 0 1  11  0  3  9    1.0173002   1.0173002   1.0173002   1.0173002   1.0173002   1.0173002   0.9937826   0.9744544   0.9735230   0.9894520   0.9989047   0.9989047
R 0 1  11  0  3 10    1.0645117   1.0251354   1.0303750   0.9985459   0.9760284   0.9682014   0.9684636   0.9680082   1.0081717   0.9940426   0.9940426   0.9940426
R 0 1  11  0  4  0    1.6337321   1.6337321   1.4788027   2.2637596   2.2786624   2.2635142   2.2241035   2.2730541   2.2730541   2.2730541   2.2730541   2.2730541
R 0 1  11  0  4  1    1.9678738   1.9678738   1.9678738   1.9678738   2.1425132   2.2146436   2.2285252   2.1897604   2.1897604   2.1897604   2.1897604   2.1897604
R 0 1  11  0  4  2    1.9517632   1.9517632   1.9517632   1.9517632   2.1820295   2.2495915   2.2173003   2.2351856   2.2351856   2.2351856   2.2351856   2.2351856
R 0 1  11  0  4  3    1.7700200   1.7700200   1.7700200   1.7700200   2.2406776   2.2386494   2.2164640   2.2175406   2.2175406   2.2175406   2.2175406   2.2175406
R 0 1  11  0  4  4    1.8322280   1.8322280   1.8322280   2.0425298   2.0472464   2.1128656   2.2077484   2.3024084   2.3024084   2.3024084   2.3024084   2.3024084
R 0 1  11  0  4  5    1.7438037   1.7438037   2.0090192   2.1465780   2.0858995   2.1056690   1.9938616   1.9938616   1.9938616   1.9938616   1.9938616   1.9938616
R 0 1  11  0  4  6    1.9785736   1.9785736   1.9785736   2.2338532   2.3274236   2.1073388   2.3264766   2.2756704   2.2756704   2.2756704   2.2756704   2.2756704
R 0 1  11  0  4  7    1.6276715   1.6276715   1.6276715   1.6276715   2.2481725   2.3479352   2.3441830   2.3597958   2.3644448   2.3366139   2.3366139   2.3366139
R 0 1  11  0  4  8    2.1739207   2.1739207   2.1739207   2.1739207   2.1739207   2.1739207   2.1739207   2.3174469   2.2595838   2.2549653   2.3172725   2.3249695
R 0 1  11  0  4  9    2.1266788   2.1266788   2.1266788   2.1266788   2.1266788   2.1266788   2.1151560   2.0322546   2.0312682   2.2320206   2.1868624   2.1868624
R 0 1  11  0  4 10    1.9084125   2.1465658   2.1212964   2.0562906   1.9755188   1.9242556   1.9627258   1.9340723   2.1343829   1.8382933   1.8382933   1.8382933
R 0 1  11  0  5  0   10.7661036  10.7661036   6.6488929   3.0715264   3.3884547   3.8804683   4.2967278   3.8546871   3.8546871   3.8546871   3.8546871   3.8546871
R 0 1  11  0  5  1    4.0264329   4.0264329   4.0264329   4.0264329   4.1135012   4.0553666   4.2440665   4.4261645   4.4261645   4.4261645   4.4261645   4.4261645
R 0 1  11  0  5  2    3.6159680   3.6159680   3.6159680   3.6159680   4.1877811   4.0852574   4.2435430   4.2373310   4.2373310   4.2373310   4.2373310   4.2373310
R 0 1  11  0  5  3    4.9243112   4.9243112   4.9243112   4.9243112   3.9089362   4.1688447   4.4611228   4.4981559   4.4981559   4.4981559   4.4981559   4.4981559
R 0 1  11  0  5  4    5.2116650   5.2116650   5.2116650   4.9039597   5.6554537   4.7896922   4.0212037   3.4337072   3.4337072   3.4337072   3.4337072   3.4337072
R 0 1  11  0  5  5    4.6365198   4.6365198   5.5168604   4.6850152   5.3381929   4.4809320   4.3309880   4.3309880   4.3309880   4.3309880   4.3309880   4.3309880
R 0 1  11  0  5  6    3.0776768   3.0776768   3.0776768   3.8155293   3.4510869   4.9780194   2.4493071   1.9885347   1.9885347   1.9885347   1.9885347   1.9885347
R 0 1  11  0  5  7    4.3589855   4.3589855   4.3589855   4.3589855   4.0430852   3.0742673   3.0209690   2.8050909   2.6459564   2.1103412   2.1103412   2.1103412
R 0 1  11  0  5  8    4.0856136   4.0856136   4.0856136   4.0856136   4.0856136   4.0856136   4.0856136   4.0059423   4.4307618   4.2928830   3.4133475   3.9012586
R 0 1  11  0  5  9    4.4330313   4.4330313   4.4330313   4.4330313   4.4330313   4.4330313   5.4106312   6.5805915   6.6412227   5.1050780   5.6872452   5.6872452
R 0 1  11  0  5 10    5.4977474   5.0821080   3.6555482   4.3244597   5.7007947   7.2847895   8.0251062   8.5148615   6.4414225  10.9921366  10.9921366  10.9921366
F  0  1  11  0  0  0    1.0013856   1.0218339   0.9691270   0.9931066   0.9883497   1.0010611   0.9989210   0.9884114   0.9812421   0.9809980   0.9829960
F  0  1  11  1  0  0    1.0593939   1.0906580   1.0322633   1.0788768   1.0685306   1.0779368   1.0706487   1.0547645   1.0367167   1.0611961   1.0791134
C  0  1  11  0  0  0  -0.3658396 -0.1268671 -0.1216319 -0.2326353 -0.3215755  0.0060364 -0.1234763 -0.0927091 -0.1298740 -0.1174766 -0.3289498 -0.1711781 -0.2015244 -0.2766060 -0.2334497 -0.0541191
C  0  1  11  0  0  1   0.0544266 -0.0988743 -0.1640188 -0.2257040 -0.2489442 -0.1804935 -0.2176446 -0.0911401 -0.0389527 -0.2174358 -0.0632507 -0.0716013 -0.1214373 -0.1176526 -0.1053288 -0.0477439
C  0  1  11  0  0  2  -0.0857446 -0.1164507 -0.1230614 -0.0861068 -0.1179496 -0.0424490 -0.0787800 -0.0225166 -0.0275537 -0.0372535 -0.0282580 -0.0944180 -0.0881202  0.0035173 -0.0383864 -0.1367434
C  0  1  11  0  0  3  -0.0713012 -0.0244700 -0.1611629 -0.0819800 -0.0005539 -0.2115370 -0.2009979 -0.0915443 -0.1169058 -0.0398053 -0.1240759 -0.0058979 -0.1710443 -0.0836060 -0.0199513 -0.0081486
C  0  1  11  0  0  4   0.0036237 -0.0956683 -0.0766144 -0.0429835 -0.2029983 -0.1183023 -0.0782247 -0.0571586 -0.0347589 -0.0327674  0.0121720 -0.0150595 -0.1078240 -0.1510865 -0.0183552 -0.0838174
C  0  1  11  0  0  5   0.0638751  0.1053361 -0.1312035  0.0471778 -0.0570461 -0.0340090 -0.0384124 -0.0139756  0.0444124 -0.0149747 -0.0355669  0.0322133 -0.0201381  0.0324789  0.0596869 -0.0402912
C  0  1  11  0  0  6   0.0486628  0.1147937  0.0247960  0.0214899  0.0035033  0.0790138 -0.0270292 -0.0139947 -0.0081540 -0.0945646 -0.0171657  0.0621322 -0.0461385  0.0611004 -0.0319498  0.1025527
C  0  1  11  0  0  7  -0.0387642  0.0608593  0.0496801 -0.0130646 -0.0522392  0.0555383 -0.0051835 -0.0003230 -0.0007712 -0.0373586  0.0849728 -0.0348031 -0.0271626 -0.0384845 -0.0566015  0.0042206
C  0  1  11  0  0  8   0.0385498  0.0278721  0.0604505  0.0033536 -0.0573652  0.0034877 -0.0128906 -0.0717881  0.0045253 -0.0009912 -0.0148033  0.0669185 -0.0036839  0.0597547 -0.0703541  0.0076482
C  0  1  11  0  0  9   0.0139532 -0.0488196 -0.0569406  0.0384229  0.0163933  0.0255677 -0.0458050  0.0194685 -0.0539691  0.1000687  0.0588826  0.0517625  0.0090003  0.0294145  0.0019830  0.0483115
C  0  1  11  0  0 10  -0.0793465  0.0113949  0.0111904  0.0575871 -0.0214202 -0.0130985 -0.0325532 -0.1161519  0.0694132  0.0011741 -0.0320452  0.0433877 -0.0818761  0.1033526 -0.0075253  0.0639578
C  0  1  11  0  0 11  -0.0640527  0.1052675 -0.0028417 -0.0039301  0.0224240  0.0583338  0.0721942  0.1081867  0.0095285  0.0219968 -0.0026555 -0.0258487  0.0197913  0.0585470  0.0214439 -0.0121969
C  0  1  11  0  0 12   0.0878790 -0.0456500  0.0267029 -0.0210997 -0.0367299 -0.0126541 -0.0248015 -0.0734029  0.0278627  0.0972401  0.0281273 -0.0684779 -0.0772270  0.0544336  0.0442402  0.1057741
C  0  1  11  0  0 13  -0.0292747  0.0091264  0.0154939  0.0206599 -0.0217563 -0.0609883 -0.0054799 -0.0382344  0.0419971  0.0229481 -0.0207184  0.0202198  0.0094124  0.1143844 -0.0226087 -0.0248061
C  0  1  11  0  0 14  -0.0135419 -0.0814026 -0.0153672 -0.0210614 -0.0735270 -0.0232244 -0.0136433 -0.0325527 -0.0518825  0.0096078  0.0451912  0.0014711  0.0453202  0.1145176  0.0622626 -0.0881171
C  0  1  11  0  0 15  -0.0645173 -0.0073008 -0.0043906 -0.0649147  0.0187843 -0.1439609  0.0155004 -0.0066239  0.0047125  0.0011233  0.0131134 -0.1364485 -0.0191194  0.0649979 -0.0165598  0.0462335
C  0  1  11  0  0 16   0.0935008  0.0933144  0.0079993  0.0402703 -0.0769872 -0.1122467 -0.0780360  0.0010311 -0.1500327  0.1038081  0.0192677 -0.0846266 -0.0058165  0.0436538 -0.0419530 -0.0243445
C  0  1  11  0  0 17  -0.0352624 -0.0519281 -0.0994812 -0.0510045 -0.1363664 -0.0951121 -0.1056434  0.1156074  0.0218585 -0.0392217  0.0050552  0.0531659 -0.1775253 -0.2058903 -0.0566092  0.0379355
C  0  1  11  0  0 18  -0.1191312 -0.0858854 -0.0050579  0.0088834 -0.1835222  0.0025034 -0.0668570 -0.0652047 -0.0355818  0.0526934 -0.0378300 -0.1573344 -0.0899366 -0.0642268 -0.1601340 -0.1042339
C  0  1  11  0  0 19   0.0660812 -0.0599867 -0.2052082 -0.0822499  0.0078768 -0.0285224 -0.2314885 -0.0248955 -0.0295601 -0.1303811 -0.1651625 -0.1167785 -0.0667796 -0.1373867  0.0106083 -0.1431078
C  0  1  11  0  0 20  -0.1478623 -0.1266742 -0.0682814 -0.0608743 -0.1723348 -0.1895699 -0.2572546 -0.1065615 -0.1026514 -0.1181113 -0.1799033 -0.0089410  0.0742730 -0.0961051 -0.1133202 -0.1286943
C  0  1  11  0  0 21  -0.0410528 -0.2970399 -0.3689469 -0.2305728 -0.1983397 -0.2092456 -0.1582296 -0.1256297 -0.1317750 -0.0999867 -0.1348465 -0.2221113 -0.3071031 -0.2563343 -0.3374256 -0.1313613
C  0  1  11  0  1  0   0.0008269  0.0021746 -0.0006662 -0.0027355 -0.0029409  0.0042696 -0.0023793  0.0006014 -0.0017502  0.0002306 -0.0075594  0.0033832  0.0036745  0.0062558  0.0050994  0.0058440
C  0  1  11  0  1  1   0.0000125 -0.0015116 -0.0032250 -0.0027520 -0.0015749 -0.0026407  0.0056178  0.0007988  0.0032695 -0.0020071 -0.0008660  0.0004792  0.0031433  0.0053691  0.0007297  0.0005160
C  0  1  11  0  1  2   0.0032518  0.0004030 -0.0003956  0.0007146 -0.0026517  0.0012512 -0.0004707  0.0007537 -0.0021788  0.0024424 -0.0004850 -0.0008573  0.0001259 -0.0008975 -0.0013147  0.0003210
C  0  1  11  0  1  3   0.0028917 -0.0028436 -0.0004980 -0.0023537 -0.0012920  0.0013356  0.0024823 -0.0012964 -0.0002996 -0.0012523 -0.0013935 -0.0009777 -0.0022259  0.0014843  0.0001940  0.0041152
C  0  1  11  0  1  4   0.0020028  0.0006171 -0.0004463  0.0009936 -0.0010835  0.0009944  0.0012916  0.0012553 -0.0006558  0.0027649  0.0001270 -0.0037031  0.0001463 -0.0001298 -0.0013761 -0.0029435
C  0  1  11  0  1  5   0.0014755  0.0003639 -0.0007443  0.0011301  0.0005058 -0.0014733 -0.0004570 -0.0004491 -0.0008266  0.0002517  0.0019658 -0.0019888 -0.0021493  0.0008494 -0.0018466  0.0006628
C  0  1  11  0  1  6   0.0045405 -0.0008566 -0.0006204  0.0002791  0.0015265 -0.0021811 -0.0016313 -0.0009919 -0.0005377 -0.0031160 -0.0002987 -0.0007986 -0.0023966 -0.0032338  0.0004550  0.0005452
C  0  1  11  0  1  7   0.0008859  0.0004988 -0.0006952 -0.0000698  0.0023996 -0.0007009 -0.0004418 -0.0002930  0.0020108 -0.0015555  0.0002573 -0.0011341 -0.0000469 -0.0013861 -0.0011088 -0.0006793
C  0  1  11  0  1  8   0.0020914  0.0005773  0.0003833 -0.0006182  0.0021015  0.0000082  0.0003891 -0.0000421  0.0026731 -0.0010049 -0.0003140 -0.0005897 -0.0018094  0.0005246 -0.0004707  0.0002375
C  0  1  11  0  1  9  -0.0033310  0.0001499  0.0027413  0.0004181  0.0003559 -0.0001940  0.0011940  0.0003153 -0.0020497 -0.0014965 -0.0024335  0.0001990 -0.0007861 -0.0006924 -0.0016556 -0.0002122
C  0  1  11  0  1 10  -0.0004373  0.0007438  0.0017012  0.0015074  0.0009641  0.0001506  0.0000074 -0.0000647 -0.0033570 -0.0021567 -0.0002364 -0.0005826 -0.0007491 -0.0004283  0.0006013  0.0007297
C  0  1  11  0  1 11   0.0017778 -0.0003132 -0.0000196  0.0014879  0.0003132 -0.0010870 -0.0026046 -0.0024064 -0.0020634  0.0006524 -0.0013438 -0.0027905  0.0014223 -0.0017682 -0.0005147 -0.0009059
C  0  1  11  0  1 12   0.0005621 -0.0005136  0.0000612  0.0006673  0.0001448  0.0011091  0.0014739  0.0007570 -0.0008729  0.0023830  0.0003608  0.0022038  0.0007833  0.0006495  0.0001162  0.0015096
C  0  1  11  0  1 13   0.0008295 -0.0006063 -0.0004557  0.0010499  0.0024959  0.0005816 -0.0001906  0.0001207  0.0001005 -0.0015338 -0.0006398 -0.0020474 -0.0000825  0.0010338 -0.0005692  0.0037208
C  0  1  11  0  1 14   0.0032624  0.0008079  0.0028096  0.0016977  0.0014894  0.0013443 -0.0012808  0.0005077 -0.0012519  0.0010910  0.0002749  0.0010064  0.0003757  0.0015595  0.0003413  0.0003286
C  0  1  11  0  1 15   0.0014224 -0.0002669  0.0001547 -0.0011145  0.0001837  0.0021399  0.0000951 -0.0024197 -0.0002321 -0.0006896 -0.0014072  0.0006298  0.0003340 -0.0000792  0.0005369  0.0009245
C  0  1  11  0  1 16   0.0015101  0.0016807 -0.0006915  0.0004386  0.0007074  0.0009030  0.0008845 -0.0007114  0.0010248  0.0001167  0.0015912  0.0021695 -0.0020184  0.0003937  0.0020297  0.0020878
C  0  1  11  0  1 17   0.0002303 -0.0012600 -0.0009224  0.0042100  0.0004937  0.0022513  0.0021816  0.0032727  0.0001795  0.0031066  0.0009960  0.0010264 -0.0002867 -0.0012275  0.0024181  0.0039712
C  0  1  11  0  1 18   0.0057864  0.0035563  0.0028602 -0.0011219  0.0000080  0.0043610  0.0026981  0.0013696 -0.0015089  0.0012799  0.0048723  0.0010661 -0.0014994  0.0004154  0.0052736  0.0057859
C  0  1  11  0  1 19   0.0031283  0.0051698  0.0019711  0.0015465 -0.0005563  0.0015470  0.0051467  0.0017180  0.0032018  0.0012145 -0.0010275 -0.0012846  0.0022829  0.0015613  0.0018129  0.0033071
C  0  1  11  0  1 20   0.0059355  0.0038584  0.0037889  0.0022782  0.0023882  0.0049464  0.0039967  0.0041196  0.0045116  0.0049185 -0.0009585 -0.0022157  0.0018282  0.0055876  0.0046051  0.0060469
C  0  1  11  0  1 21   0.0146110  0.0146892  0.0066444  0.0060591 -0.0031311 -0.0072061 -0.0093125 -0.0013520 -0.0005967 -0.0040952  0.0001844  0.0037413  0.0034733  0.0067151  0.0097702  0.0066527
C  0  1  11  1  0  0  -0.3790199 -0.3769263 -0.3407291 -0.3758149 -0.1449278 -0.4588722 -0.2554938 -0.3213250 -0.2640881 -0.3012976 -0.2833737 -0.4292347 -0.4390548 -0.4233044 -0.4046692 -0.4198973
C  0  1  11  1  0  1  -0.2821424 -0.3237064 -0.2968512 -0.3432800 -0.3158729 -0.2786228 -0.2837960 -0.2596072 -0.3016574 -0.2494233 -0.3136488 -0.3425949 -0.3989500 -0.3797128 -0.3542800 -0.3334200
C  0  1  11  1  0  2  -0.3018394 -0.2973209 -0.2341972 -0.2838019 -0.2572099 -0.2388224 -0.2478140 -0.2480323 -0.2808351 -0.2608785 -0.2562767 -0.2782427 -0.2983255 -0.3799220 -0.2892489 -0.3607578
C  0  1  11  1  0  3  -0.3154062 -0.3271534 -0.3316919 -0.2839767 -0.2937120 -0.2162227 -0.2410029 -0.1601305 -0.2119138 -0.2476283 -0.2505361 -0.2684241 -0.2700366 -0.3334592 -0.2943376 -0.2273976
C  0  1  11  1  0  4  -0.3139785 -0.2689355 -0.2733198 -0.2270235 -0.2498246 -0.2155225 -0.2563564 -0.2523959 -0.2123582 -0.2560107 -0.2107625 -0.2470189 -0.3131459 -0.2715513 -0.3012234 -0.2871499
C  0  1  11  1  0  5  -0.1720511 -0.1125185 -0.1582617 -0.1727246 -0.1203371 -0.1501066 -0.1608867 -0.1719128 -0.1395084 -0.1389475 -0.2140101 -0.2038592 -0.2221675 -0.1537905 -0.2187394 -0.2043359
C  0  1  11  1  0  6  -0.1681144 -0.0922515 -0.1599871 -0.1425158 -0.0895102 -0.1453215 -0.1579548 -0.0995077 -0.1458047 -0.1272351 -0.0916217 -0.1257935 -0.0961314 -0.1343810 -0.1385364 -0.1977576
C  0  1  11  1  0  7  -0.1542406 -0.1365475 -0.1370266 -0.1294572 -0.1805983 -0.1818600 -0.1848619 -0.1636794 -0.1406990 -0.1078070 -0.0950434 -0.1565792 -0.1586429 -0.1573902 -0.1557088 -0.1599610
C  0  1  11  1  0  8  -0.1586478 -0.0827447 -0.1351666 -0.1539551 -0.1860146 -0.1683788 -0.1550724 -0.1586355 -0.1554270 -0.1033920 -0.1384201 -0.1714929 -0.1174800 -0.1459699 -0.1561083 -0.1138625
C  0  1  11  1  0  9  -0.1067753 -0.1346042 -0.0918061 -0.1046920 -0.1094051 -0.1026658 -0.1010129 -0.1661050 -0.0937132 -0.1210783 -0.0486249 -0.1640178 -0.0977679 -0.0740697 -0.1513478 -0.1321776
C  0  1  11  1  0 10  -0.0975093 -0.1153577 -0.1095682 -0.1576350 -0.1251991 -0.1612314 -0.1350880 -0.1465945 -0.0992055 -0.1352762 -0.1488814 -0.1278558 -0.0978234 -0.1267723 -0.1084964 -0.1272124
C  0  1  11  1  0 11  -0.1539808 -0.1248796 -0.1831387 -0.0998089 -0.1226241 -0.1225956 -0.1369539 -0.1327128 -0.1525240 -0.1116017 -0.0893006 -0.1543519 -0.1129282 -0.1415309 -0.1236446 -0.1309478
C  0  1  11  1  0 12  -0.0892382 -0.1093112 -0.1039260 -0.0584822 -0.1287274 -0.0956601 -0.1141121 -0.1422559 -0.0848345 -0.1121633 -0.1145267 -0.0936506 -0.1079565 -0.1365455 -0.1073072 -0.0872701
C  0  1  11  1  0 13  -0.1286198 -0.1486379 -0.1340539 -0.1289455 -0.1458862 -0.1653289 -0.1305944 -0.1297604 -0.1421129 -0.1075778 -0.1405780 -0.1434403 -0.1476683 -0.0853574 -0.1569209 -0.1171474
C  0  1  11  1  0 14  -0.1521964 -0.1658776 -0.1571556 -0.1719298 -0.1655475 -0.1513722 -0.1368402 -0.2023045 -0.1739211 -0.1762081 -0.1405930 -0.1828558 -0.1618949 -0.0917944 -0.1453893 -0.1965077
C  0  1  11  1  0 15  -0.1234421 -0.1737609 -0.1119432 -0.1370563 -0.1684159 -0.0936231 -0.1544010 -0.1884246 -0.1331352 -0.1011857 -0.1171633 -0.2105933 -0.1586758 -0.1234378 -0.0804804 -0.1645324
C  0  1  11  1  0 16  -0.1802901 -0.2117440 -0.1444795 -0.1787424 -0.1293536 -0.1693388 -0.1784029 -0.2066125 -0.1479467 -0.1854667 -0.1612711 -0.1668950 -0.1712685 -0.1419989 -0.1502589 -0.1246315
C  0  1  11  1  0 17  -0.2562999 -0.2790984 -0.2283867 -0.2231732 -0.2151709 -0.2739900 -0.2515779 -0.2566038 -0.2552575 -0.2713009 -0.2449939 -0.2017087 -0.1698087 -0.3062587 -0.2077401 -0.2828584
C  0  1  11  1  0 18  -0.3240735 -0.2274232 -0.2853506 -0.2537657 -0.2446208 -0.2699645 -0.2434832 -0.2463079 -0.2681643 -0.2368527 -0.2661923 -0.2535606 -0.2593528 -0.1741503 -0.1961686 -0.2204320
C  0  1  11  1  0 19  -0.2533879 -0.2446246 -0.3127682 -0.2561666 -0.2797722 -0.2353426 -0.2582183 -0.2225076 -0.2904126 -0.2809318 -0.2025725 -0.2558040 -0.2454258 -0.2635373 -0.2764636 -0.2675640
C  0  1  11  1  0 20  -0.3153726 -0.3063833 -0.3656548 -0.2919399 -0.3458931 -0.2604929 -0.2620440 -0.2873399 -0.3295152 -0.3332934 -0.3323522 -0.2937208 -0.3625859 -0.2693227 -0.2891338 -0.3231629
C  0  1  11  1  0 21  -0.3411733 -0.3716982 -0.2982394 -0.3176269 -0.2541035 -0.2078814 -0.3508244 -0.4092281 -0.3399529 -0.2627688 -0.2931899 -0.3836838 -0.3199000 -0.3652815 -0.3362608 -0.3626642
C  0  1  11  1  1  0   0.0464083  0.0508846  0.0399588  0.0235271  0.0015599 -0.0215246 -0.0340055 -0.0418380 -0.0463926 -0.0387458 -0.0340288 -0.0176411  0.0063758  0.0067478  0.0249607  0.0347675
C  0  1  11  1  1  1   0.0241373  0.0225525  0.0178779  0.0108370  0.0024957 -0.0080134 -0.0152756 -0.0169951 -0.0171213 -0.0145041 -0.0154272 -0.0078550  0.0042423  0.0097202  0.0123447  0.0238829
C  0  1  11  1  1  2   0.0119608  0.0131125  0.0092020  0.0058506  0.0021796 -0.0028918 -0.0063895 -0.0084912 -0.0095652 -0.0058379 -0.0037840 -0.0033594  0.0007028  0.0028682  0.0030072  0.0107174
C  0  1  11  1  1  3   0.0080504  0.0071456  0.0033515  0.0043967  0.0010796  0.0014673 -0.0050215 -0.0013995  0.0010572  0.0012048 -0.0011605 -0.0003176  0.0026550  0.0028936  0.0025267  0.0067050
C  0  1  11  1  1  4   0.0016143  0.0015712  0.0009871  0.0019478  0.0021822  0.0020868  0.0012957  0.0012661  0.0047701  0.0022979 -0.0004625 -0.0001914  0.0015399  0.0018728  0.0038846  0.0029717
C  0  1  11  1  1  5   0.0007218  0.0008734  0.0001570  0.0031300  0.0019755  0.0037738  0.0034940  0.0039106  0.0040880  0.0024681 -0.0000161 -0.0012920  0.0015933  0.0026562  0.0018575 -0.0012443
C  0  1  11  1  1  6   0.0015136  0.0011311  0.0004039  0.0031133  0.0046193  0.0043724  0.0045225  0.0046814  0.0043667  0.0015321 -0.0000523  0.0011099  0.0010478  0.0010489  0.0000496 -0.0001447
C  0  1  11  1  1  7  -0.0008667  0.0019925  0.0019370  0.0041297  0.0043852  0.0030383  0.0055962  0.0036190  0.0038206  0.0011432 -0.0001808 -0.0000607  0.0008126  0.0003474  0.0012161 -0.0006830
C  0  1  11  1  1  8  -0.0011202  0.0019189  0.0027355  0.0020100  0.0052749  0.0033742  0.0040539  0.0051226  0.0052075  0.0016105  0.0006770  0.0001177  0.0019093  0.0017618  0.0020237 -0.0007328
C  0  1  11  1  1  9   0.0013964  0.0027267  0.0020376  0.0045705  0.0024810  0.0028957  0.0042274  0.0043413  0.0027135  0.0004173  0.0015152  0.0014576  0.0021886 -0.0002408 -0.0003350 -0.0012631
C  0  1  11  1  1 10  -0.0003699  0.0021002  0.0019272  0.0016679  0.0029242  0.0016475  0.0017446  0.0018530  0.0025405 -0.0005867 -0.0002689 -0.0000924 -0.0002193  0.0000538  0.0020384 -0.0014327
C  0  1  11  1  1 11  -0.0000873  0.0022582  0.0008537  0.0019646  0.0026139 -0.0000997  0.0015984  0.0023981  0.0023701  0.0010257 -0.0012545 -0.0000948 -0.0004592 -0.0005608  0.0003713 -0.0020168
C  0  1  11  1  1 12   0.0003040  0.0016258  0.0020193  0.0038120  0.0027274  0.0007571  0.0010100  0.0024120  0.0043526  0.0019687  0.0024488  0.0016638  0.0003912 -0.0004677  0.0006889 -0.0007474
C  0  1  11  1  1 13  -0.0004090  0.0025146  0.0029307  0.0031130  0.0034303  0.0030511  0.0039002  0.0049864  0.0055246  0.0010575  0.0017962 -0.0002996 -0.0005488 -0.0024445 -0.0001361 -0.0014039
C  0  1  11  1  1 14  -0.0003888  0.0008219  0.0022510  0.0040449  0.0044850  0.0022172  0.0035726  0.0050375  0.0041323  0.0019822  0.0007191 -0.0000554 -0.0013830 -0.0021670 -0.0018167 -0.0024997
C  0  1  11  1  1 15  -0.0027771  0.0005272  0.0023840  0.0040223  0.0029145 -0.0008934  0.0030470  0.0043130  0.0059337  0.0026491  0.0018732  0.0000706 -0.0032037 -0.0059008 -0.0046252 -0.0051658
C  0  1  11  1  1 16  -0.0020608  0.0012270  0.0027796  0.0047726  0.0032660  0.0002063  0.0042333  0.0035265  0.0046095  0.0059732  0.0022645  0.0030521 -0.0012655 -0.0035019 -0.0048374 -0.0054028
C  0  1  11  1  1 17  -0.0017737  0.0022683  0.0020265  0.0066898  0.0026488 -0.0026359  0.0004564  0.0049283  0.0049415  0.0038591  0.0038337  0.0019293 -0.0010146 -0.0035138 -0.0046203 -0.0044185
C  0  1  11  1  1 18   0.0012195  0.0071845  0.0049188  0.0068787  0.0051910 -0.0003429 -0.0013828 -0.0006798  0.0035722  0.0036944  0.0019829  0.0008035 -0.0016356 -0.0034806 -0.0049851 -0.0040970
C  0  1  11  1  1 19   0.0021163  0.0082014  0.0135267  0.0107360  0.0082444  0.0022829 -0.0019025 -0.0008024  0.0033998  0.0049131  0.0027426  0.0002942 -0.0024030 -0.0055674 -0.0051025 -0.0016408
C  0  1  11  1  1 20   0.0000804  0.0143170  0.0193887  0.0139245  0.0062275  0.0029252 -0.0026493 -0.0013810  0.0019494  0.0055810  0.0012098 -0.0023280 -0.0059921 -0.0078786 -0.0061484 -0.0043950
C  0  1  11  1  1 21   0.0091692  0.0225495  0.0309474  0.0213422  0.0156155  0.0150536  0.0128136  0.0107727  0.0122841  0.0152875  0.0004966 -0.0040450 -0.0062371 -0.0175587 -0.0078172  0.0000971
