CPHI 16 
CETA 22 -2.40 -2.10 -1.85 -1.60 -1.40 -1.20 -1.00 -0.80 -0.60 -0.40 -0.20  0.00  0.20  0.40  0.60  0.80  1.00  1.20  1.40  1.60  1.85  2.10  2.40 
RMIN  6 
RTRK 12 
RETA 11  0.00  0.20  0.40  0.60  0.80  1.00  1.20  1.40  1.60  1.85  2.10  2.40 
T 0 1  12  0  0  0    0.0000000   0.0006320   0.0016737   0.0031707   0.0122622   0.0693482   0.2779546   0.6535136   1.0000000   1.0000000   1.0000000   1.0000000   1.0000000
T 0 1  12  0  0  1    0.0000000   0.0001354   0.0005357   0.0024714   0.0126776   0.0591267   0.2262077   0.5893837   1.0000000   1.0000000   1.0000000   1.0000000   1.0000000
T 0 1  12  0  0  2    0.0000000   0.0001374   0.0005288   0.0017834   0.0107766   0.0556293   0.2091212   0.5732214   1.0000000   1.0000000   1.0000000   1.0000000   1.0000000
T 0 1  12  0  0  3    0.0000000   0.0001950   0.0005765   0.0016618   0.0113975   0.0625659   0.2260192   0.5870678   1.0000000   1.0000000   1.0000000   1.0000000   1.0000000
T 0 1  12  0  0  4    0.0000000   0.0003732   0.0024827   0.0144914   0.0631230   0.2039644   0.4890404   0.8219646   1.0000000   1.0000000   1.0000000   1.0000000   1.0000000
T 0 1  12  0  0  5    0.0000000   0.0009498   0.0074251   0.0510491   0.2057204   0.5330485   0.8763667   0.9994142   1.0000000   1.0000000   1.0000000   1.0000000   1.0000000
T 0 1  12  0  0  6    0.0000000   0.0002939   0.0011954   0.0101443   0.0676470   0.2776962   0.6636709   0.9310864   0.9981429   1.0000000   1.0000000   1.0000000   1.0000000
T 0 1  12  0  0  7    0.0000000   0.0000565   0.0003885   0.0008858   0.0048336   0.0310073   0.1194741   0.2978777   0.5818960   0.8695882   0.9844339   0.9998616   1.0000000
T 0 1  12  0  0  8    0.0000000   0.0000000   0.0000331   0.0001069   0.0003963   0.0009378   0.0040905   0.0250987   0.1191465   0.3946551   0.7902083   0.9692258   1.0000000
T 0 1  12  0  0  9    0.0000000   0.0000063   0.0000090   0.0000259   0.0005485   0.0035294   0.0183988   0.0860667   0.3017935   0.6583468   0.9387275   0.9999440   1.0000000
T 0 1  12  0  0 10    0.0000000   0.0066882   0.0288909   0.0463020   0.0796630   0.1681549   0.3370191   0.6895228   0.9107953   0.9705068   0.9998577   1.0000000   1.0000000
T 0 1  12  1  0  0    0.0000000   0.0005148   0.0016399   0.0047460   0.0213440   0.1017716   0.3374237   0.6994022   1.0000000   1.0000000   1.0000000   1.0000000   1.0000000
T 0 1  12  1  0  1    0.0000000   0.0002633   0.0010891   0.0042307   0.0181163   0.0752157   0.2537985   0.6193956   1.0000000   1.0000000   1.0000000   1.0000000   1.0000000
T 0 1  12  1  0  2    0.0000000   0.0002194   0.0008486   0.0027728   0.0124455   0.0616642   0.2339277   0.6064318   1.0000000   1.0000000   1.0000000   1.0000000   1.0000000
T 0 1  12  1  0  3    0.0000000   0.0002283   0.0008669   0.0027852   0.0140251   0.0700545   0.2491207   0.6198491   1.0000000   1.0000000   1.0000000   1.0000000   1.0000000
T 0 1  12  1  0  4    0.0000000   0.0004356   0.0027620   0.0153929   0.0663357   0.2155446   0.5058694   0.8320271   1.0000000   1.0000000   1.0000000   1.0000000   1.0000000
T 0 1  12  1  0  5    0.0000000   0.0011873   0.0094478   0.0577925   0.2246261   0.5586818   0.8900123   0.9996500   1.0000000   1.0000000   1.0000000   1.0000000   1.0000000
T 0 1  12  1  0  6    0.0000000   0.0004626   0.0026649   0.0180020   0.0942133   0.3329130   0.7236541   0.9536823   0.9988141   0.9999984   1.0000000   1.0000000   1.0000000
T 0 1  12  1  0  7    0.0000000   0.0002246   0.0006446   0.0024765   0.0123245   0.0526267   0.1570011   0.3413836   0.6074237   0.8728054   0.9849908   0.9998878   1.0000000
T 0 1  12  1  0  8    0.0000000   0.0009562   0.0014955   0.0017998   0.0022382   0.0036136   0.0107994   0.0452511   0.1686405   0.4573475   0.8251665   0.9710661   1.0000000
T 0 1  12  1  0  9    0.0000000   0.0021003   0.0074838   0.0131257   0.0159362   0.0198461   0.0401951   0.1288935   0.3661962   0.7154288   0.9583841   0.9999941   1.0000000
T 0 1  12  1  0 10    0.0000000   0.0032254   0.0170235   0.0428863   0.0843736   0.1746921   0.3942474   0.7474223   0.9511020   0.9856143   0.9999985   1.0000000   1.0000000
R 0 1  12  0  0  0    0.0256845   0.0256845   0.0127053   0.0103451   0.0103048   0.0101920   0.0100100   0.0098762   0.0098762   0.0098762   0.0098762   0.0098762
R 0 1  12  0  0  1    0.0118146   0.0118146   0.0118146   0.0118146   0.0110520   0.0109187   0.0109773   0.0108360   0.0108360   0.0108360   0.0108360   0.0108360
R 0 1  12  0  0  2    0.0127599   0.0127599   0.0127599   0.0127599   0.0121007   0.0120180   0.0118646   0.0117186   0.0117186   0.0117186   0.0117186   0.0117186
R 0 1  12  0  0  3    0.0132799   0.0132799   0.0132799   0.0132799   0.0127690   0.0125575   0.0123761   0.0122418   0.0122418   0.0122418   0.0122418   0.0122418
R 0 1  12  0  0  4    0.0184601   0.0184601   0.0184601   0.0174881   0.0169217   0.0159240   0.0144852   0.0130272   0.0130272   0.0130272   0.0130272   0.0130272
R 0 1  12  0  0  5    0.0199763   0.0199763   0.0195667   0.0191391   0.0187558   0.0180483   0.0169403   0.0169403   0.0169403   0.0169403   0.0169403   0.0169403
R 0 1  12  0  0  6    0.0200759   0.0200759   0.0200759   0.0203231   0.0207842   0.0207776   0.0207390   0.0206053   0.0206053   0.0206053   0.0206053   0.0206053
R 0 1  12  0  0  7    0.0204651   0.0204651   0.0204651   0.0204651   0.0207559   0.0212112   0.0212278   0.0209838   0.0205453   0.0198147   0.0198147   0.0198147
R 0 1  12  0  0  8    0.0215000   0.0215000   0.0215000   0.0215000   0.0215000   0.0215000   0.0215000   0.0210972   0.0209658   0.0209497   0.0202790   0.0186321
R 0 1  12  0  0  9    0.0317696   0.0317696   0.0317696   0.0317696   0.0317696   0.0317696   0.0298092   0.0288253   0.0275490   0.0263460   0.0250496   0.0250496
R 0 1  12  0  0 10    0.0755066   0.0711853   0.0595104   0.0542725   0.0472216   0.0440842   0.0408634   0.0356886   0.0339568   0.0303761   0.0303761   0.0303761
R 0 1  12  0  1  0    0.0000000   0.0000000   0.0000000   0.0000827   0.0000766   0.0000807   0.0000724   0.0000671   0.0000671   0.0000671   0.0000671   0.0000671
R 0 1  12  0  1  1    0.0000892   0.0000892   0.0000892   0.0000892   0.0000622   0.0000709   0.0000610   0.0000533   0.0000533   0.0000533   0.0000533   0.0000533
R 0 1  12  0  1  2    0.0000839   0.0000839   0.0000839   0.0000839   0.0000803   0.0000663   0.0000602   0.0000540   0.0000540   0.0000540   0.0000540   0.0000540
R 0 1  12  0  1  3    0.0000605   0.0000605   0.0000605   0.0000605   0.0000598   0.0000586   0.0000535   0.0000483   0.0000483   0.0000483   0.0000483   0.0000483
R 0 1  12  0  1  4    0.0000879   0.0000879   0.0000879   0.0000917   0.0000957   0.0000753   0.0000551   0.0000423   0.0000423   0.0000423   0.0000423   0.0000423
R 0 1  12  0  1  5    0.0001168   0.0001168   0.0000800   0.0000729   0.0000684   0.0000590   0.0000448   0.0000448   0.0000448   0.0000448   0.0000448   0.0000448
R 0 1  12  0  1  6    0.0001160   0.0001160   0.0001160   0.0000584   0.0000562   0.0000642   0.0000534   0.0000233   0.0000233   0.0000233   0.0000233   0.0000233
R 0 1  12  0  1  7    0.0000013   0.0000013   0.0000013   0.0000013   0.0000935   0.0000710   0.0000699   0.0000753   0.0000711   0.0000472   0.0000472   0.0000472
R 0 1  12  0  1  8    0.0001208   0.0001208   0.0001208   0.0001208   0.0001208   0.0001208   0.0001208   0.0001067   0.0001010   0.0001042   0.0000913   0.0000798
R 0 1  12  0  1  9    0.0002953   0.0002953   0.0002953   0.0002953   0.0002953   0.0002953   0.0002286   0.0001951   0.0001829   0.0001493   0.0001447   0.0001447
R 0 1  12  0  1 10    0.0013472   0.0011625   0.0006849   0.0007964   0.0005673   0.0004956   0.0003781   0.0002644   0.0002233   0.0001614   0.0001614   0.0001614
R 0 1  12  0  2  0    0.0000000   0.0000000   0.0000000   0.0000000   0.0000000   0.0000000   0.0000158   0.0000042   0.0000042   0.0000042   0.0000042   0.0000042
R 0 1  12  0  2  1    0.0000000   0.0000000   0.0000000   0.0000000   0.0000000   0.0000149   0.0000059   0.0000082   0.0000082   0.0000082   0.0000082   0.0000082
R 0 1  12  0  2  2    0.0000000   0.0000000   0.0000000   0.0000000   0.0000000   0.0000186   0.0000079   0.0000168   0.0000168   0.0000168   0.0000168   0.0000168
R 0 1  12  0  2  3    0.0000652   0.0000652   0.0000652   0.0000652   0.0000000   0.0000000   0.0000147   0.0000081   0.0000081   0.0000081   0.0000081   0.0000081
R 0 1  12  0  2  4    0.0000000   0.0000000   0.0000000   0.0000000   0.0000000   0.0000080   0.0000077   0.0000204   0.0000204   0.0000204   0.0000204   0.0000204
R 0 1  12  0  2  5    0.0000000   0.0000000   0.0000000   0.0000000   0.0000112   0.0000104   0.0000000   0.0000000   0.0000000   0.0000000   0.0000000   0.0000000
R 0 1  12  0  2  6    0.0000000   0.0000000   0.0000000   0.0000000   0.0000000   0.0000000   0.0000000   0.0000000   0.0000000   0.0000000   0.0000000   0.0000000
R 0 1  12  0  2  7    0.0000000   0.0000000   0.0000000   0.0000000   0.0000000   0.0000000   0.0000000   0.0000000   0.0000000   0.0000000   0.0000000   0.0000000
R 0 1  12  0  2  8    0.0000000   0.0000000   0.0000000   0.0000000   0.0000000   0.0000000   0.0000000   0.0000000   0.0000000   0.0000000   0.0000000   0.0000000
R 0 1  12  0  2  9    0.0000000   0.0000000   0.0000000   0.0000000   0.0000000   0.0000000   0.0000647   0.0000462   0.0000000   0.0000154   0.0000000   0.0000000
R 0 1  12  0  2 10    0.0000000   0.0000000   0.0000000   0.0000000   0.0000000   0.0000000   0.0000600   0.0000000   0.0000000   0.0000000   0.0000000   0.0000000
R 0 1  12  0  3  0    1.0213132   1.0213132   0.9573846   1.0491017   0.9941085   0.9851642   0.9806752   0.9827494   0.9827494   0.9827494   0.9827494   0.9827494
R 0 1  12  0  3  1    1.0131934   1.0131934   1.0131934   1.0131934   0.9919910   0.9799480   0.9787505   0.9792140   0.9792140   0.9792140   0.9792140   0.9792140
R 0 1  12  0  3  2    1.0086485   1.0086485   1.0086485   1.0086485   1.0009407   0.9881281   0.9798149   0.9809345   0.9809345   0.9809345   0.9809345   0.9809345
R 0 1  12  0  3  3    0.9912917   0.9912917   0.9912917   0.9912917   1.0040272   0.9873856   0.9823331   0.9810033   0.9810033   0.9810033   0.9810033   0.9810033
R 0 1  12  0  3  4    1.0516165   1.0516165   1.0516165   0.9855461   0.9785611   0.9745353   0.9765784   0.9902400   0.9902400   0.9902400   0.9902400   0.9902400
R 0 1  12  0  3  5    1.0487187   1.0487187   0.9941618   0.9804188   0.9756652   0.9713927   0.9723376   0.9723376   0.9723376   0.9723376   0.9723376   0.9723376
R 0 1  12  0  3  6    1.0375374   1.0375374   1.0375374   1.0085487   0.9877125   0.9836799   0.9838245   0.9906972   0.9906972   0.9906972   0.9906972   0.9906972
R 0 1  12  0  3  7    1.0250191   1.0250191   1.0250191   1.0250191   1.0283500   0.9996268   0.9881329   0.9868388   0.9866373   0.9880074   0.9880074   0.9880074
R 0 1  12  0  3  8    1.0157258   1.0157258   1.0157258   1.0157258   1.0157258   1.0157258   1.0157258   0.9926494   0.9824363   0.9827759   0.9890038   1.0152542
R 0 1  12  0  3  9    1.0257759   1.0257759   1.0257759   1.0257759   1.0257759   1.0257759   0.9917212   0.9760211   0.9744274   0.9843292   1.0043669   1.0043669
R 0 1  12  0  3 10    1.0531801   1.0379517   1.0394732   0.9843773   0.9791989   0.9667668   0.9638440   0.9687700   0.9941760   1.0119267   1.0119267   1.0119267
R 0 1  12  0  4  0    1.3415305   1.3415305   1.3030137   2.0554673   2.1950578   2.2916743   2.2300786   2.2693429   2.2693429   2.2693429   2.2693429   2.2693429
R 0 1  12  0  4  1    1.9492637   1.9492637   1.9492637   1.9492637   2.1527391   2.1785676   2.2007126   2.1974861   2.1974861   2.1974861   2.1974861   2.1974861
R 0 1  12  0  4  2    1.9130505   1.9130505   1.9130505   1.9130505   2.1724456   2.3009773   2.2214787   2.2251226   2.2251226   2.2251226   2.2251226   2.2251226
R 0 1  12  0  4  3    1.7083619   1.7083619   1.7083619   1.7083619   2.2823725   2.2763281   2.2465641   2.2368298   2.2368298   2.2368298   2.2368298   2.2368298
R 0 1  12  0  4  4    1.9713305   1.9713305   1.9713305   2.0153686   2.0924300   2.1033699   2.1688751   2.3569034   2.3569034   2.3569034   2.3569034   2.3569034
R 0 1  12  0  4  5    1.8128044   1.8128044   1.9839694   2.1480810   2.1064318   2.0677516   1.9938567   1.9938567   1.9938567   1.9938567   1.9938567   1.9938567
R 0 1  12  0  4  6    1.9437404   1.9437404   1.9437404   2.2315089   2.2952668   2.3368772   2.3322277   2.2845892   2.2845892   2.2845892   2.2845892   2.2845892
R 0 1  12  0  4  7    1.5137315   1.5137315   1.5137315   1.5137315   2.2749694   2.3872663   2.2903358   2.3642652   2.3930810   2.3530730   2.3530730   2.3530730
R 0 1  12  0  4  8    2.2823396   2.2823396   2.2823396   2.2823396   2.2823396   2.2823396   2.2823396   2.2173878   2.1874845   2.2676946   2.3288695   2.1065118
R 0 1  12  0  4  9    2.1607121   2.1607121   2.1607121   2.1607121   2.1607121   2.1607121   2.0907195   2.0581516   2.0734888   2.1690387   2.2571588   2.2571588
R 0 1  12  0  4 10    1.8646219   2.1847530   2.0192815   1.9108986   2.0190256   1.9386771   1.9021233   1.9172080   2.0346266   2.0003087   2.0003087   2.0003087
R 0 1  12  0  5  0  149.0394219 149.0394219   9.3236817   3.9003039   3.8875503   3.7855800   4.2244724   4.0050534   4.0050534   4.0050534   4.0050534   4.0050534
R 0 1  12  0  5  1    4.2359730   4.2359730   4.2359730   4.2359730   4.1384025   4.3311083   4.3958390   4.3025016   4.3025016   4.3025016   4.3025016   4.3025016
R 0 1  12  0  5  2    4.4710451   4.4710451   4.4710451   4.4710451   4.2773127   3.7802419   4.1496381   4.3555668   4.3555668   4.3555668   4.3555668   4.3555668
R 0 1  12  0  5  3    4.9120310   4.9120310   4.9120310   4.9120310   4.0429332   3.9132215   4.1512991   4.3110527   4.3110527   4.3110527   4.3110527   4.3110527
R 0 1  12  0  5  4    4.9002780   4.9002780   4.9002780   5.0614328   5.1600268   4.7394835   4.2177521   3.0722260   3.0722260   3.0722260   3.0722260   3.0722260
R 0 1  12  0  5  5    4.7179611   4.7179611   6.1794672   4.6273346   5.1619726   4.7967808   4.2346397   4.2346397   4.2346397   4.2346397   4.2346397   4.2346397
R 0 1  12  0  5  6    3.1941565   3.1941565   3.1941565   3.8150783   3.6289007   3.0299191   2.4095202   2.0491299   2.0491299   2.0491299   2.0491299   2.0491299
R 0 1  12  0  5  7    5.6606793   5.6606793   5.6606793   5.6606793   3.7443261   3.0427673   3.1486373   2.8628882   2.5392586   2.0522798   2.0522798   2.0522798
R 0 1  12  0  5  8    3.6166869   3.6166869   3.6166869   3.6166869   3.6166869   3.6166869   3.6166869   4.5073524   5.1278230   4.1815656   3.4575244   5.7975072
R 0 1  12  0  5  9    4.2901849   4.2901849   4.2901849   4.2901849   4.2901849   4.2901849   6.0306570   6.1062447   6.5463802   5.6159305   4.8684910   4.8684910
R 0 1  12  0  5 10    6.3853181   4.7156349   4.0397026   5.2705144   5.0509466   6.7188934   8.7492202   9.3790200   7.2847775   7.9918272   7.9918272   7.9918272
F  0  1  12  0  0  0    0.9934477   1.0452835   0.9935391   1.0074704   0.9866941   0.9951655   0.9832116   0.9866108   0.9971090   0.9850720   0.9772672
F  0  1  12  1  0  0    1.0695395   1.0785061   1.0574521   1.0883002   1.0767113   1.0742587   1.0699422   1.0540628   1.0439314   1.0564517   1.0851668
C  0  1  12  0  0  0  -0.3209991 -0.1234786 -0.0232006 -0.4083509 -0.2826762 -0.3081687 -0.0559635 -0.2481834 -0.2219052 -0.0105609 -0.3383754 -0.0289327 -0.1066025 -0.2811582 -0.3395853  0.0190136
C  0  1  12  0  0  1  -0.1407437 -0.1428368 -0.0597214 -0.1515518 -0.1616492 -0.0323158 -0.1306795 -0.0417624 -0.0645930 -0.1959535 -0.1293581 -0.0174463 -0.1873694 -0.1629566 -0.3164348 -0.0048051
C  0  1  12  0  0  2  -0.0741619 -0.0356922 -0.1181449 -0.0930739 -0.0659617 -0.1284961 -0.1566225 -0.0658907 -0.1108069 -0.1615017 -0.0300268 -0.2122304 -0.1680988 -0.0933569 -0.0628110 -0.0536198
C  0  1  12  0  0  3  -0.0110196 -0.0798586 -0.0983159  0.0344043  0.1199694 -0.2296121 -0.0494385 -0.1190137 -0.0194504 -0.0245559 -0.1119883  0.0237135 -0.2248231 -0.1057166 -0.1258467 -0.0090275
C  0  1  12  0  0  4  -0.1203816 -0.1192765 -0.0487884 -0.0169883 -0.0990683 -0.0941198 -0.0264268 -0.0820568 -0.0192322 -0.0881698 -0.1253873 -0.0414295 -0.1601847 -0.0765512 -0.0412034 -0.0196056
C  0  1  12  0  0  5  -0.0020056  0.0286364 -0.0578228  0.0095791  0.0486734  0.0164373 -0.0107156 -0.0747355  0.0465309 -0.0178848  0.0163191  0.0153165  0.0175467 -0.0033588  0.0590919 -0.0357257
C  0  1  12  0  0  6   0.0644106  0.0360836  0.0098170 -0.0168543 -0.0581118  0.0613933 -0.0634247 -0.1036422 -0.0021277 -0.0245350 -0.0265007 -0.0537117 -0.0397312 -0.0303620 -0.0292144  0.0724674
C  0  1  12  0  0  7  -0.0820098  0.0296994  0.0219094 -0.0963406  0.0183396  0.0943929  0.0311952  0.0199022  0.0111573  0.0115825  0.0393898 -0.0691320 -0.0145764 -0.0600984 -0.0516680 -0.0172535
C  0  1  12  0  0  8   0.0199349  0.0657889  0.0502452  0.0552868 -0.0023806 -0.0196837  0.0484038 -0.0378276  0.0434788  0.0435073 -0.0556465 -0.0104753 -0.0307500  0.0877666 -0.0089406 -0.0020292
C  0  1  12  0  0  9  -0.0398677 -0.0358323 -0.0381717  0.0686214  0.0728381 -0.0160622  0.0462272  0.0687927  0.0155664  0.0309683  0.0120576  0.1004757 -0.0489864  0.0193888 -0.0040813  0.0769113
C  0  1  12  0  0 10  -0.0189837 -0.0187625  0.0574470  0.0854826  0.0496192 -0.0179333 -0.0227718 -0.0471326  0.0195100 -0.0195955  0.0247139 -0.0098039 -0.0308532  0.0650647  0.0385345  0.0285890
C  0  1  12  0  0 11  -0.1801655  0.0420871  0.0262883  0.1293269  0.0535328  0.0188439  0.0404151  0.1488797  0.0018003  0.0230361  0.0456151 -0.0363820  0.0105926  0.0448496  0.0202449 -0.0102140
C  0  1  12  0  0 12   0.0871381 -0.0277154 -0.0048789 -0.0582693 -0.0437375 -0.0204542 -0.0500004  0.0276212 -0.0600041  0.0426392  0.0596412  0.0259101 -0.1339513  0.0176368  0.0494249  0.0365189
C  0  1  12  0  0 13  -0.1124703 -0.0138727  0.0676578 -0.0347324 -0.0582925 -0.0471581  0.0487152  0.0474939  0.0138675  0.0580173 -0.0170601 -0.0016336 -0.0719878  0.0034757 -0.0208225  0.0247223
C  0  1  12  0  0 14   0.0312796 -0.0227588  0.0265008 -0.0347886 -0.0561717  0.0039714 -0.0080978 -0.0064747 -0.1339717 -0.0153494  0.0641482 -0.0831305 -0.0291319  0.0276233  0.0235484 -0.0330937
C  0  1  12  0  0 15  -0.0896378 -0.0112251  0.0955046  0.0264736  0.0102210 -0.0341113 -0.0319558  0.0039382  0.0086195 -0.0038304 -0.0199618 -0.0327544  0.0094127 -0.0044402 -0.0474861  0.0812834
C  0  1  12  0  0 16   0.1176749 -0.0422459 -0.0616951 -0.0363044 -0.1018101 -0.0825107 -0.0576884 -0.0120724 -0.0418447  0.0605014 -0.0361072 -0.0926500 -0.0462392 -0.0635898 -0.1481993  0.0089620
C  0  1  12  0  0 17  -0.0507203 -0.1285249 -0.1638277 -0.0925550 -0.1122368 -0.0679631 -0.1225863  0.0024229 -0.0277225  0.0203324  0.0488755 -0.0883745 -0.0820608 -0.0670948 -0.0607609  0.0359515
C  0  1  12  0  0 18  -0.0745938 -0.0290244 -0.0061796 -0.1367249 -0.1489515 -0.0520936 -0.1212823 -0.1064612 -0.0381404 -0.0501204 -0.0713393 -0.0694929 -0.0042846 -0.0225155 -0.1696361 -0.0780896
C  0  1  12  0  0 19   0.0464230 -0.0795717 -0.2971343 -0.0561048 -0.0813365 -0.1069243 -0.1145113 -0.0009516 -0.1829441  0.0056324 -0.0421331 -0.0682898 -0.0673503 -0.1332642 -0.0835906 -0.1184171
C  0  1  12  0  0 20  -0.1565958 -0.0416296 -0.0593993 -0.0218320 -0.1512850 -0.1487368 -0.1887800 -0.1082897 -0.1354766 -0.1941275 -0.0537763 -0.0183167 -0.0276049 -0.2186450 -0.1225995 -0.0883015
C  0  1  12  0  0 21  -0.1945762 -0.1787642 -0.4631487 -0.0946377 -0.1668092 -0.2215601 -0.1559993 -0.1549806 -0.2189709 -0.1300356 -0.2367228 -0.1462556 -0.6404674 -0.3724329 -0.2955369 -0.2035689
C  0  1  12  0  1  0   0.0004765  0.0004661  0.0013694 -0.0023475 -0.0030188  0.0035009  0.0026917 -0.0015108  0.0015011 -0.0023298 -0.0043600  0.0001675  0.0035293  0.0015126  0.0061318  0.0061191
C  0  1  12  0  1  1   0.0000835  0.0017360 -0.0008643 -0.0023591 -0.0006210 -0.0005981  0.0039832  0.0019921  0.0033275 -0.0030411 -0.0019304  0.0001190  0.0021562  0.0047107 -0.0017109  0.0039537
C  0  1  12  0  1  2   0.0032195 -0.0023394  0.0001902  0.0011167 -0.0011046  0.0006673 -0.0025304  0.0020215 -0.0002589  0.0003750 -0.0034848 -0.0007209  0.0026236  0.0011482  0.0007075  0.0004473
C  0  1  12  0  1  3   0.0035772  0.0020467 -0.0003185 -0.0014938  0.0004317  0.0037012  0.0026748 -0.0016045 -0.0007344 -0.0024972 -0.0005479 -0.0009636 -0.0000173 -0.0005170  0.0000841  0.0011065
C  0  1  12  0  1  4   0.0007709 -0.0011451 -0.0027631  0.0022750  0.0006438 -0.0024810  0.0024636  0.0004176  0.0009597  0.0006792 -0.0013593 -0.0011379  0.0014216 -0.0011018  0.0006158 -0.0027281
C  0  1  12  0  1  5   0.0040343 -0.0015852 -0.0022453  0.0002598  0.0019339 -0.0000798 -0.0016715 -0.0007025  0.0017500  0.0007300  0.0014059 -0.0002824 -0.0000791  0.0011456  0.0010087 -0.0012076
C  0  1  12  0  1  6   0.0000785  0.0000777 -0.0022911 -0.0014821  0.0000584  0.0011799 -0.0003135 -0.0003395  0.0009727 -0.0022367  0.0000414 -0.0005866  0.0002618 -0.0020734  0.0021326 -0.0016982
C  0  1  12  0  1  7   0.0024595 -0.0012366  0.0000280  0.0002954  0.0018836  0.0005807  0.0000062 -0.0001731  0.0020409 -0.0024418  0.0002136 -0.0013521 -0.0004508 -0.0006326 -0.0004465 -0.0002982
C  0  1  12  0  1  8   0.0021974  0.0011232 -0.0004913 -0.0012107 -0.0000240 -0.0000351  0.0006442  0.0003216  0.0007934 -0.0016711 -0.0003242 -0.0018431  0.0000126  0.0002363  0.0003003  0.0008453
C  0  1  12  0  1  9  -0.0026526  0.0001435 -0.0000470  0.0008513  0.0002283  0.0002857  0.0026883  0.0003334 -0.0011033 -0.0017454 -0.0038007  0.0012903 -0.0006599 -0.0007842 -0.0005294  0.0000640
C  0  1  12  0  1 10   0.0011127 -0.0021938  0.0001401  0.0029807  0.0011169  0.0003548  0.0010999  0.0002804 -0.0009805 -0.0017557 -0.0000168 -0.0010145 -0.0012965 -0.0010733  0.0003782  0.0010121
C  0  1  12  0  1 11  -0.0007479  0.0006525 -0.0003441  0.0008472  0.0003897  0.0006803 -0.0017297 -0.0048707 -0.0019368 -0.0005204 -0.0006745 -0.0009784  0.0001410 -0.0003685 -0.0011673 -0.0017693
C  0  1  12  0  1 12  -0.0003891  0.0008543  0.0009135 -0.0002428 -0.0003489 -0.0012031  0.0006465 -0.0005539  0.0011783 -0.0015699 -0.0009962  0.0020819 -0.0015598 -0.0012291  0.0016904  0.0018677
C  0  1  12  0  1 13   0.0026332 -0.0014865 -0.0003403  0.0023847  0.0014527 -0.0003438 -0.0006923 -0.0006090  0.0011926 -0.0023415 -0.0006050 -0.0021696 -0.0013134  0.0011845  0.0003809  0.0010698
C  0  1  12  0  1 14   0.0022177 -0.0001106  0.0021558  0.0011451  0.0018872  0.0023175 -0.0005688  0.0002833  0.0000064  0.0002679 -0.0005355 -0.0001864 -0.0011352 -0.0003834  0.0003223  0.0016584
C  0  1  12  0  1 15   0.0017183 -0.0006294 -0.0009039 -0.0007113  0.0004721  0.0031731  0.0003642 -0.0015050  0.0013349 -0.0011451 -0.0010517 -0.0012749 -0.0001809  0.0020243 -0.0006506 -0.0000896
C  0  1  12  0  1 16   0.0023782  0.0020339  0.0002926  0.0014605 -0.0027071  0.0000163  0.0000689 -0.0004746  0.0000815 -0.0018905 -0.0000939  0.0004954  0.0008457  0.0002158  0.0010309  0.0014031
C  0  1  12  0  1 17  -0.0020623 -0.0023336  0.0001910  0.0015241  0.0006553  0.0006820  0.0015296  0.0009550 -0.0019750  0.0007368  0.0024961 -0.0014882  0.0010906 -0.0022517  0.0040283  0.0048058
C  0  1  12  0  1 18   0.0039727  0.0042354  0.0009384  0.0007500  0.0000337  0.0026200  0.0054202  0.0006922 -0.0014469  0.0006763  0.0028576  0.0014149 -0.0021312 -0.0014615  0.0052311  0.0050689
C  0  1  12  0  1 19   0.0025148  0.0028302  0.0012361  0.0020549  0.0003924  0.0007380  0.0024686  0.0007030  0.0022026  0.0025175 -0.0018309  0.0013780  0.0023194  0.0023950  0.0040822  0.0039374
C  0  1  12  0  1 20   0.0068538  0.0079339  0.0041296  0.0037286 -0.0003697  0.0049778  0.0017988  0.0047199  0.0030532  0.0011546  0.0008224 -0.0018564  0.0002542  0.0025848  0.0042459  0.0056968
C  0  1  12  0  1 21   0.0134018  0.0103181  0.0066022  0.0002947 -0.0031800 -0.0052394 -0.0094885 -0.0027745 -0.0023558 -0.0027516 -0.0010065  0.0070270  0.0044521  0.0090958  0.0081051  0.0066940
C  0  1  12  1  0  0  -0.4324204 -0.3112311 -0.2647516 -0.3356986 -0.0472817 -0.3609862 -0.2552375 -0.3176520 -0.2525647 -0.2231716 -0.3895843 -0.4665135 -0.4228082 -0.4710514 -0.4650392 -0.4091065
C  0  1  12  1  0  1  -0.3083936 -0.3216179 -0.3329524 -0.2260836 -0.3801387 -0.2886498 -0.2614094 -0.2425878 -0.3114763 -0.2600790 -0.3447244 -0.3341276 -0.4234770 -0.3692123 -0.3701184 -0.3474401
C  0  1  12  1  0  2  -0.3597722 -0.3617795 -0.2745488 -0.3121745 -0.3067106 -0.2637666 -0.2075250 -0.2092529 -0.2355863 -0.2559478 -0.2930857 -0.3430744 -0.3624741 -0.4243028 -0.2989338 -0.3776633
C  0  1  12  1  0  3  -0.2986856 -0.2937807 -0.2810364 -0.2577981 -0.2478994 -0.1951485 -0.1641146 -0.1742022 -0.1681501 -0.1379870 -0.2139608 -0.2822951 -0.2934223 -0.3004962 -0.3181734 -0.3076494
C  0  1  12  1  0  4  -0.3002824 -0.2690977 -0.2700100 -0.2319874 -0.2264679 -0.1969576 -0.2327490 -0.2342688 -0.2400042 -0.2386553 -0.2114138 -0.2938952 -0.3330036 -0.2778022 -0.3139684 -0.2959294
C  0  1  12  1  0  5  -0.2061867 -0.1790541 -0.1937551 -0.1453492 -0.1479130 -0.1454478 -0.1533496 -0.1427989 -0.1575888 -0.1661983 -0.1782570 -0.2226960 -0.2421672 -0.1767373 -0.1816389 -0.2089576
C  0  1  12  1  0  6  -0.1717549 -0.1132360 -0.1668882 -0.1687399 -0.1227820 -0.1064975 -0.1386373 -0.1512659 -0.1565302 -0.1528443 -0.1139862 -0.1348790 -0.1705074 -0.1547319 -0.1697280 -0.2024330
C  0  1  12  1  0  7  -0.1455976 -0.1735322 -0.1455757 -0.1419338 -0.1453878 -0.1423211 -0.1520556 -0.1327814 -0.1395628 -0.1333317 -0.1178822 -0.1508253 -0.1897060 -0.1604924 -0.1408425 -0.1377650
C  0  1  12  1  0  8  -0.1524674 -0.0979355 -0.1300894 -0.1411317 -0.1390975 -0.1520920 -0.1344273 -0.1491278 -0.1318499 -0.1248672 -0.1063829 -0.1730288 -0.1458574 -0.1853651 -0.1539747 -0.1197869
C  0  1  12  1  0  9  -0.1035535 -0.1137407 -0.0992867 -0.1067539 -0.0724471 -0.0897402 -0.0672283 -0.1538320 -0.1042040 -0.1192953 -0.0616649 -0.1244751 -0.1311719 -0.0975262 -0.1501486 -0.1647553
C  0  1  12  1  0 10  -0.1235522 -0.0908078 -0.1122716 -0.1298021 -0.1155400 -0.0953327 -0.1072848 -0.1179403 -0.0661458 -0.1103565 -0.1136632 -0.1079611 -0.0973490 -0.1313495 -0.0885007 -0.1085966
C  0  1  12  1  0 11  -0.1599208 -0.0953417 -0.0985918 -0.0546390 -0.0654020 -0.0546221 -0.1034263 -0.0882939 -0.1274972 -0.1018194 -0.0891506 -0.1567161 -0.1170031 -0.1538227 -0.0769826 -0.1085646
C  0  1  12  1  0 12  -0.0748881 -0.1083736 -0.1065761 -0.1276585 -0.1149113 -0.0823279 -0.0978482 -0.1664742 -0.1443538 -0.1288823 -0.1449105 -0.0688259 -0.1200908 -0.1447548 -0.1374804 -0.1027976
C  0  1  12  1  0 13  -0.0805644 -0.1279413 -0.1319654 -0.1266716 -0.1115715 -0.1668614 -0.1470164 -0.1459690 -0.0866894 -0.1490807 -0.1849224 -0.1609611 -0.1723392 -0.1303626 -0.1813212 -0.1212907
C  0  1  12  1  0 14  -0.1510969 -0.1815336 -0.1179040 -0.1433725 -0.1748499 -0.1357453 -0.1338372 -0.2358898 -0.1183632 -0.1826757 -0.1390176 -0.1660569 -0.2016596 -0.1377271 -0.1678217 -0.1725690
C  0  1  12  1  0 15  -0.0867502 -0.1461862 -0.1420325 -0.1023032 -0.1346712 -0.0804147 -0.1577317 -0.1746041 -0.1675077 -0.1325978 -0.1343695 -0.1954074 -0.1576094 -0.0959411 -0.1088802 -0.1759072
C  0  1  12  1  0 16  -0.1902040 -0.1312119 -0.1162706 -0.1060022 -0.1589555 -0.1774678 -0.1921067 -0.2264954 -0.1645485 -0.2268843 -0.1052277 -0.1148850 -0.1627711 -0.1824291 -0.1491951 -0.1383043
C  0  1  12  1  0 17  -0.2878119 -0.2604341 -0.1645266 -0.2443447 -0.1945573 -0.2541411 -0.2208976 -0.2636719 -0.2661100 -0.2761401 -0.2587018 -0.1963233 -0.2239998 -0.3072112 -0.2543442 -0.2649768
C  0  1  12  1  0 18  -0.2644144 -0.2184588 -0.2203697 -0.2573814 -0.2700711 -0.1791418 -0.2878902 -0.2570509 -0.2739070 -0.1804126 -0.2791471 -0.3118895 -0.2565164 -0.1942970 -0.1734240 -0.1551659
C  0  1  12  1  0 19  -0.2705319 -0.2701868 -0.3093676 -0.3148650 -0.2846483 -0.3006251 -0.2756177 -0.2529237 -0.3069304 -0.2932223 -0.2543896 -0.2957672 -0.2261066 -0.2914334 -0.2728772 -0.2427170
C  0  1  12  1  0 20  -0.2820011 -0.3348541 -0.3619047 -0.2888862 -0.3668243 -0.2432015 -0.2885693 -0.3565206 -0.3348607 -0.2748460 -0.3091758 -0.3372838 -0.3676492 -0.3225874 -0.2747046 -0.2666097
C  0  1  12  1  0 21  -0.2994480 -0.3612980 -0.3352007 -0.2752885 -0.3493186 -0.1922237 -0.2367416 -0.3782520 -0.4302768 -0.3161349 -0.2876672 -0.2755138 -0.3912930 -0.3539980 -0.4395903 -0.3329079
C  0  1  12  1  1  0   0.0451735  0.0509185  0.0399270  0.0241582  0.0026281 -0.0217291 -0.0349164 -0.0410777 -0.0450486 -0.0389780 -0.0323392 -0.0194727  0.0033150  0.0056077  0.0243435  0.0385328
C  0  1  12  1  1  1   0.0239887  0.0234214  0.0173490  0.0106777  0.0021847 -0.0084533 -0.0156207 -0.0186850 -0.0182409 -0.0145386 -0.0155642 -0.0075867  0.0042954  0.0072070  0.0123921  0.0222290
C  0  1  12  1  1  2   0.0121416  0.0129253  0.0090726  0.0060957  0.0014069 -0.0046240 -0.0082142 -0.0090162 -0.0090080 -0.0058212 -0.0057648 -0.0022856  0.0008296  0.0038594  0.0042277  0.0114535
C  0  1  12  1  1  3   0.0079274  0.0071911  0.0024087  0.0043977  0.0009775  0.0004857 -0.0032511 -0.0021197  0.0014080 -0.0008276 -0.0021039 -0.0006907  0.0022192  0.0018514  0.0009657  0.0069465
C  0  1  12  1  1  4   0.0021266  0.0029926  0.0004644  0.0013642  0.0023557  0.0011708  0.0001444  0.0015863  0.0048217  0.0038355 -0.0013621 -0.0006503  0.0011306  0.0013755  0.0032156  0.0027825
C  0  1  12  1  1  5   0.0013492  0.0000490  0.0003634  0.0028541  0.0032587  0.0032698  0.0027297  0.0036623  0.0044572  0.0026159 -0.0014820 -0.0010123  0.0022428  0.0022495  0.0014008 -0.0009272
C  0  1  12  1  1  6   0.0007319  0.0016256  0.0004154  0.0027818  0.0039562  0.0035626  0.0040893  0.0043267  0.0042531  0.0012880 -0.0003164 -0.0001895  0.0000800  0.0006064  0.0005154 -0.0002023
C  0  1  12  1  1  7  -0.0010561  0.0023339  0.0021366  0.0043919  0.0042737  0.0032710  0.0059735  0.0028408  0.0037611  0.0008300 -0.0009222  0.0005014  0.0008220  0.0010128  0.0012465 -0.0008267
C  0  1  12  1  1  8  -0.0013978  0.0006158  0.0025203  0.0018024  0.0045224  0.0035744  0.0054589  0.0059457  0.0052821  0.0007179  0.0007108 -0.0004128  0.0012521  0.0019798  0.0016933 -0.0013251
C  0  1  12  1  1  9   0.0009853  0.0022009  0.0013381  0.0028629  0.0025920  0.0033741  0.0036373  0.0029856  0.0028258 -0.0000112  0.0002571  0.0010096  0.0015358 -0.0002740 -0.0003872 -0.0019334
C  0  1  12  1  1 10  -0.0004072  0.0026059  0.0009605  0.0015885  0.0018209  0.0027967  0.0028924  0.0025618  0.0024403 -0.0006365 -0.0006451  0.0007089 -0.0011849  0.0009415  0.0022226 -0.0007042
C  0  1  12  1  1 11   0.0004569  0.0012423  0.0007410  0.0018123  0.0030795 -0.0004261  0.0016627  0.0020358  0.0030274  0.0013246 -0.0013370  0.0002899 -0.0001183  0.0004345  0.0011722 -0.0021625
C  0  1  12  1  1 12  -0.0002182  0.0016839  0.0026212  0.0042409  0.0023130  0.0014233  0.0006852  0.0023464  0.0038347  0.0005295  0.0011943  0.0007065  0.0008486 -0.0004858  0.0016416 -0.0008243
C  0  1  12  1  1 13  -0.0000159  0.0014582  0.0023457  0.0033729  0.0035114  0.0030480  0.0048300  0.0059465  0.0052247  0.0014805  0.0011924 -0.0002137 -0.0013551 -0.0023969  0.0009845 -0.0009423
C  0  1  12  1  1 14  -0.0005838  0.0008696  0.0025998  0.0038153  0.0035771  0.0019476  0.0036408  0.0060211  0.0048358  0.0026350  0.0016225 -0.0009359 -0.0018331 -0.0025258 -0.0015219 -0.0022700
C  0  1  12  1  1 15  -0.0026601 -0.0006443  0.0025924  0.0032832  0.0018762 -0.0018458  0.0017375  0.0037823  0.0049224  0.0029592  0.0014044 -0.0004875 -0.0029361 -0.0055671 -0.0059509 -0.0056326
C  0  1  12  1  1 16  -0.0024912  0.0020055  0.0038415  0.0043091  0.0027589 -0.0000349  0.0040279  0.0022078  0.0039323  0.0062796  0.0015230  0.0015834 -0.0014261 -0.0015502 -0.0048675 -0.0057276
C  0  1  12  1  1 17  -0.0041953  0.0015941  0.0007577  0.0057650  0.0014138 -0.0018969  0.0008385  0.0034985  0.0041765  0.0042098  0.0033429  0.0021935 -0.0026360 -0.0044830 -0.0043437 -0.0047960
C  0  1  12  1  1 18   0.0010833  0.0073580  0.0054480  0.0059344  0.0043672 -0.0003084 -0.0014687 -0.0008514  0.0027526  0.0052410  0.0015616  0.0014868 -0.0015128 -0.0039266 -0.0049479 -0.0038835
C  0  1  12  1  1 19   0.0018898  0.0081361  0.0124379  0.0095920  0.0064373  0.0020789 -0.0013386 -0.0003967  0.0023794  0.0053297  0.0028300  0.0002282 -0.0027711 -0.0049240 -0.0051191 -0.0012945
C  0  1  12  1  1 20   0.0008087  0.0144953  0.0178951  0.0137589  0.0060898  0.0032634 -0.0031968 -0.0019379  0.0017127  0.0042396  0.0018602 -0.0021626 -0.0070952 -0.0094357 -0.0074136 -0.0066054
C  0  1  12  1  1 21   0.0082473  0.0197324  0.0317877  0.0221104  0.0164972  0.0135352  0.0099329  0.0119218  0.0106716  0.0133564  0.0018798 -0.0031164 -0.0097572 -0.0173145 -0.0088982 -0.0000126
