CPHI 16 
CETA 22 -2.40 -2.10 -1.85 -1.60 -1.40 -1.20 -1.00 -0.80 -0.60 -0.40 -0.20  0.00  0.20  0.40  0.60  0.80  1.00  1.20  1.40  1.60  1.85  2.10  2.40 
RMIN  6 
RTRK 12 
RETA 11  0.00  0.20  0.40  0.60  0.80  1.00  1.20  1.40  1.60  1.85  2.10  2.40 
T 0 1  13  0  0  0    0.0000000   0.0005825   0.0015682   0.0031369   0.0119507   0.0691472   0.2784674   0.6537899   1.0000000   1.0000000   1.0000000   1.0000000   1.0000000
T 0 1  13  0  0  1    0.0000000   0.0001001   0.0005485   0.0023881   0.0121804   0.0590402   0.2259943   0.5884792   1.0000000   1.0000000   1.0000000   1.0000000   1.0000000
T 0 1  13  0  0  2    0.0000000   0.0001333   0.0005210   0.0017048   0.0107572   0.0557221   0.2093485   0.5732761   1.0000000   1.0000000   1.0000000   1.0000000   1.0000000
T 0 1  13  0  0  3    0.0000000   0.0002272   0.0005919   0.0017236   0.0115636   0.0628485   0.2267043   0.5869697   1.0000000   1.0000000   1.0000000   1.0000000   1.0000000
T 0 1  13  0  0  4    0.0000000   0.0003917   0.0025467   0.0143328   0.0629538   0.2037171   0.4892405   0.8215914   1.0000000   1.0000000   1.0000000   1.0000000   1.0000000
T 0 1  13  0  0  5    0.0000000   0.0010258   0.0074629   0.0515133   0.2055318   0.5333433   0.8764417   0.9993657   1.0000000   1.0000000   1.0000000   1.0000000   1.0000000
T 0 1  13  0  0  6    0.0000000   0.0003171   0.0012607   0.0105331   0.0675070   0.2768240   0.6629653   0.9312799   0.9981612   0.9999982   1.0000000   1.0000000   1.0000000
T 0 1  13  0  0  7    0.0000000   0.0000433   0.0003899   0.0009025   0.0046362   0.0306028   0.1183256   0.2966166   0.5806096   0.8694723   0.9844666   0.9998657   1.0000000
T 0 1  13  0  0  8    0.0000000   0.0000007   0.0000372   0.0001147   0.0004065   0.0010296   0.0042808   0.0253073   0.1200583   0.3936753   0.7892294   0.9690538   1.0000000
T 0 1  13  0  0  9    0.0000000   0.0000072   0.0000100   0.0000295   0.0005059   0.0033769   0.0182700   0.0857303   0.3016255   0.6578848   0.9384055   0.9999241   1.0000000
T 0 1  13  0  0 10    0.0000000   0.0067024   0.0285457   0.0458898   0.0793609   0.1692301   0.3388224   0.6899746   0.9106422   0.9703173   0.9998249   1.0000000   1.0000000
T 0 1  13  1  0  0    0.0000000   0.0005148   0.0016399   0.0047460   0.0213440   0.1017716   0.3374237   0.6994022   1.0000000   1.0000000   1.0000000   1.0000000   1.0000000
T 0 1  13  1  0  1    0.0000000   0.0002633   0.0010891   0.0042307   0.0181163   0.0752157   0.2537985   0.6193956   1.0000000   1.0000000   1.0000000   1.0000000   1.0000000
T 0 1  13  1  0  2    0.0000000   0.0002194   0.0008486   0.0027728   0.0124455   0.0616642   0.2339277   0.6064318   1.0000000   1.0000000   1.0000000   1.0000000   1.0000000
T 0 1  13  1  0  3    0.0000000   0.0002283   0.0008669   0.0027852   0.0140251   0.0700545   0.2491207   0.6198491   1.0000000   1.0000000   1.0000000   1.0000000   1.0000000
T 0 1  13  1  0  4    0.0000000   0.0004356   0.0027620   0.0153929   0.0663357   0.2155446   0.5058694   0.8320271   1.0000000   1.0000000   1.0000000   1.0000000   1.0000000
T 0 1  13  1  0  5    0.0000000   0.0011873   0.0094478   0.0577925   0.2246261   0.5586818   0.8900123   0.9996500   1.0000000   1.0000000   1.0000000   1.0000000   1.0000000
T 0 1  13  1  0  6    0.0000000   0.0004626   0.0026649   0.0180020   0.0942133   0.3329130   0.7236541   0.9536823   0.9988141   0.9999984   1.0000000   1.0000000   1.0000000
T 0 1  13  1  0  7    0.0000000   0.0002246   0.0006446   0.0024765   0.0123245   0.0526267   0.1570011   0.3413836   0.6074237   0.8728054   0.9849908   0.9998878   1.0000000
T 0 1  13  1  0  8    0.0000000   0.0009562   0.0014955   0.0017998   0.0022382   0.0036136   0.0107994   0.0452511   0.1686405   0.4573475   0.8251665   0.9710661   1.0000000
T 0 1  13  1  0  9    0.0000000   0.0021003   0.0074838   0.0131257   0.0159362   0.0198461   0.0401951   0.1288935   0.3661962   0.7154288   0.9583841   0.9999941   1.0000000
T 0 1  13  1  0 10    0.0000000   0.0032254   0.0170235   0.0428863   0.0843736   0.1746921   0.3942474   0.7474223   0.9511020   0.9856143   0.9999985   1.0000000   1.0000000
R 0 1  13  0  0  0    0.0243319   0.0243319   0.0110783   0.0105759   0.0104114   0.0101658   0.0100042   0.0098552   0.0098552   0.0098552   0.0098552   0.0098552
R 0 1  13  0  0  1    0.0115485   0.0115485   0.0115485   0.0115485   0.0111048   0.0108756   0.0109552   0.0108952   0.0108952   0.0108952   0.0108952   0.0108952
R 0 1  13  0  0  2    0.0124991   0.0124991   0.0124991   0.0124991   0.0121146   0.0119432   0.0118396   0.0117159   0.0117159   0.0117159   0.0117159   0.0117159
R 0 1  13  0  0  3    0.0133017   0.0133017   0.0133017   0.0133017   0.0128741   0.0126513   0.0123412   0.0122302   0.0122302   0.0122302   0.0122302   0.0122302
R 0 1  13  0  0  4    0.0189119   0.0189119   0.0189119   0.0175133   0.0169143   0.0159190   0.0144921   0.0130166   0.0130166   0.0130166   0.0130166   0.0130166
R 0 1  13  0  0  5    0.0205799   0.0205799   0.0194872   0.0191865   0.0187448   0.0180888   0.0168890   0.0168890   0.0168890   0.0168890   0.0168890   0.0168890
R 0 1  13  0  0  6    0.0204567   0.0204567   0.0204567   0.0203929   0.0207461   0.0206887   0.0208059   0.0206694   0.0206694   0.0206694   0.0206694   0.0206694
R 0 1  13  0  0  7    0.0206252   0.0206252   0.0206252   0.0206252   0.0207306   0.0213856   0.0211225   0.0210129   0.0205871   0.0195963   0.0195963   0.0195963
R 0 1  13  0  0  8    0.0214530   0.0214530   0.0214530   0.0214530   0.0214530   0.0214530   0.0214530   0.0209196   0.0210364   0.0209165   0.0202465   0.0189467
R 0 1  13  0  0  9    0.0304779   0.0304779   0.0304779   0.0304779   0.0304779   0.0304779   0.0297284   0.0288248   0.0275381   0.0263382   0.0250382   0.0250382
R 0 1  13  0  0 10    0.0777748   0.0704679   0.0615488   0.0541278   0.0473882   0.0441885   0.0408425   0.0355034   0.0336094   0.0306604   0.0306604   0.0306604
R 0 1  13  0  1  0    0.0000000   0.0000000   0.0000000   0.0000890   0.0000807   0.0000806   0.0000727   0.0000647   0.0000647   0.0000647   0.0000647   0.0000647
R 0 1  13  0  1  1    0.0000786   0.0000786   0.0000786   0.0000786   0.0000701   0.0000677   0.0000634   0.0000565   0.0000565   0.0000565   0.0000565   0.0000565
R 0 1  13  0  1  2    0.0000839   0.0000839   0.0000839   0.0000839   0.0000700   0.0000645   0.0000594   0.0000547   0.0000547   0.0000547   0.0000547   0.0000547
R 0 1  13  0  1  3    0.0000724   0.0000724   0.0000724   0.0000724   0.0000754   0.0000605   0.0000529   0.0000469   0.0000469   0.0000469   0.0000469   0.0000469
R 0 1  13  0  1  4    0.0000878   0.0000878   0.0000878   0.0000921   0.0000919   0.0000771   0.0000546   0.0000440   0.0000440   0.0000440   0.0000440   0.0000440
R 0 1  13  0  1  5    0.0001825   0.0001825   0.0000858   0.0000733   0.0000703   0.0000598   0.0000471   0.0000471   0.0000471   0.0000471   0.0000471   0.0000471
R 0 1  13  0  1  6    0.0000644   0.0000644   0.0000644   0.0000404   0.0000624   0.0000559   0.0000543   0.0000243   0.0000243   0.0000243   0.0000243   0.0000243
R 0 1  13  0  1  7    0.0000659   0.0000659   0.0000659   0.0000659   0.0000548   0.0000803   0.0000581   0.0000756   0.0000722   0.0000534   0.0000534   0.0000534
R 0 1  13  0  1  8    0.0001373   0.0001373   0.0001373   0.0001373   0.0001373   0.0001373   0.0001373   0.0001023   0.0001045   0.0001024   0.0000783   0.0000722
R 0 1  13  0  1  9    0.0002243   0.0002243   0.0002243   0.0002243   0.0002243   0.0002243   0.0002084   0.0002003   0.0001894   0.0001586   0.0001334   0.0001334
R 0 1  13  0  1 10    0.0014703   0.0011761   0.0009305   0.0007614   0.0005840   0.0005040   0.0003903   0.0002678   0.0001773   0.0001792   0.0001792   0.0001792
R 0 1  13  0  2  0    0.0000000   0.0000000   0.0000000   0.0000000   0.0000000   0.0000174   0.0000153   0.0000040   0.0000040   0.0000040   0.0000040   0.0000040
R 0 1  13  0  2  1    0.0000000   0.0000000   0.0000000   0.0000000   0.0000000   0.0000000   0.0000075   0.0000089   0.0000089   0.0000089   0.0000089   0.0000089
R 0 1  13  0  2  2    0.0001422   0.0001422   0.0001422   0.0001422   0.0000459   0.0000211   0.0000101   0.0000104   0.0000104   0.0000104   0.0000104   0.0000104
R 0 1  13  0  2  3    0.0001284   0.0001284   0.0001284   0.0001284   0.0000000   0.0000000   0.0000220   0.0000086   0.0000086   0.0000086   0.0000086   0.0000086
R 0 1  13  0  2  4    0.0000000   0.0000000   0.0000000   0.0000000   0.0000157   0.0000000   0.0000108   0.0000209   0.0000209   0.0000209   0.0000209   0.0000209
R 0 1  13  0  2  5    0.0000000   0.0000000   0.0000000   0.0000000   0.0000088   0.0000156   0.0000000   0.0000000   0.0000000   0.0000000   0.0000000   0.0000000
R 0 1  13  0  2  6    0.0000000   0.0000000   0.0000000   0.0000000   0.0000144   0.0000078   0.0000107   0.0000000   0.0000000   0.0000000   0.0000000   0.0000000
R 0 1  13  0  2  7    0.0000000   0.0000000   0.0000000   0.0000000   0.0000000   0.0000000   0.0000000   0.0000000   0.0000000   0.0000000   0.0000000   0.0000000
R 0 1  13  0  2  8    0.0000000   0.0000000   0.0000000   0.0000000   0.0000000   0.0000000   0.0000000   0.0000000   0.0000000   0.0000127   0.0000000   0.0000000
R 0 1  13  0  2  9    0.0000000   0.0000000   0.0000000   0.0000000   0.0000000   0.0000000   0.0000000   0.0000240   0.0000000   0.0000561   0.0000000   0.0000000
R 0 1  13  0  2 10    0.0000000   0.0000000   0.0000000   0.0000000   0.0000000   0.0000000   0.0000933   0.0000390   0.0000000   0.0000000   0.0000000   0.0000000
R 0 1  13  0  3  0    1.1368138   1.1368138   1.1363524   1.0318993   1.0013038   0.9851953   0.9808799   0.9822310   0.9822310   0.9822310   0.9822310   0.9822310
R 0 1  13  0  3  1    1.0277583   1.0277583   1.0277583   1.0277583   0.9907364   0.9835899   0.9776854   0.9773887   0.9773887   0.9773887   0.9773887   0.9773887
R 0 1  13  0  3  2    1.0153333   1.0153333   1.0153333   1.0153333   0.9979826   0.9855258   0.9793981   0.9806445   0.9806445   0.9806445   0.9806445   0.9806445
R 0 1  13  0  3  3    0.9931645   0.9931645   0.9931645   0.9931645   1.0018868   0.9860115   0.9816450   0.9819998   0.9819998   0.9819998   0.9819998   0.9819998
R 0 1  13  0  3  4    1.0084367   1.0084367   1.0084367   0.9883723   0.9795280   0.9739220   0.9776449   0.9907730   0.9907730   0.9907730   0.9907730   0.9907730
R 0 1  13  0  3  5    1.0182526   1.0182526   0.9952773   0.9810415   0.9739073   0.9717419   0.9751947   0.9751947   0.9751947   0.9751947   0.9751947   0.9751947
R 0 1  13  0  3  6    1.0194355   1.0194355   1.0194355   1.0039532   0.9902963   0.9831286   0.9827080   0.9821710   0.9821710   0.9821710   0.9821710   0.9821710
R 0 1  13  0  3  7    1.0742341   1.0742341   1.0742341   1.0742341   1.0294950   0.9977826   0.9902987   0.9847344   0.9886667   0.9901521   0.9901521   0.9901521
R 0 1  13  0  3  8    1.0227836   1.0227836   1.0227836   1.0227836   1.0227836   1.0227836   1.0227836   0.9928754   0.9854041   0.9825909   0.9888381   1.0114952
R 0 1  13  0  3  9    1.0284831   1.0284831   1.0284831   1.0284831   1.0284831   1.0284831   0.9827386   0.9770733   0.9719235   0.9850661   1.0042166   1.0042166
R 0 1  13  0  3 10    1.0617999   1.0464731   1.0307617   0.9902863   0.9771223   0.9680971   0.9686040   0.9678833   0.9985104   1.0137064   1.0137064   1.0137064
R 0 1  13  0  4  0    1.6790560   1.6790560   1.2964469   2.1458846   2.3594876   2.2771364   2.2236125   2.2646791   2.2646791   2.2646791   2.2646791   2.2646791
R 0 1  13  0  4  1    1.9392989   1.9392989   1.9392989   1.9392989   2.1802051   2.2203368   2.1794050   2.1946982   2.1946982   2.1946982   2.1946982   2.1946982
R 0 1  13  0  4  2    2.0313460   2.0313460   2.0313460   2.0313460   2.2220346   2.2543152   2.2058865   2.2385294   2.2385294   2.2385294   2.2385294   2.2385294
R 0 1  13  0  4  3    1.7504923   1.7504923   1.7504923   1.7504923   2.2884024   2.2593844   2.2292652   2.2552277   2.2552277   2.2552277   2.2552277   2.2552277
R 0 1  13  0  4  4    1.9219541   1.9219541   1.9219541   2.0773530   2.1348392   2.0877162   2.1828953   2.3510624   2.3510624   2.3510624   2.3510624   2.3510624
R 0 1  13  0  4  5    1.7467146   1.7467146   2.0564373   2.1429020   2.0929247   2.0791826   2.0155717   2.0155717   2.0155717   2.0155717   2.0155717   2.0155717
R 0 1  13  0  4  6    2.0196218   2.0196218   2.0196218   2.1751054   2.3418601   2.3084850   2.3165867   2.2495096   2.2495096   2.2495096   2.2495096   2.2495096
R 0 1  13  0  4  7    1.7973656   1.7973656   1.7973656   1.7973656   2.3526374   2.4259617   2.3196585   2.3455268   2.4085444   2.3334806   2.3334806   2.3334806
R 0 1  13  0  4  8    2.2911719   2.2911719   2.2911719   2.2911719   2.2911719   2.2911719   2.2911719   2.1977868   2.2731951   2.2594800   2.3592013   2.3302403
R 0 1  13  0  4  9    1.9784959   1.9784959   1.9784959   1.9784959   1.9784959   1.9784959   1.8994560   2.0870325   2.0239428   2.1880756   2.1905611   2.1905611
R 0 1  13  0  4 10    1.9423007   2.2042399   2.0976566   1.9446534   1.9570825   1.9190048   1.9725299   1.9337048   2.0637611   2.1000389   2.1000389   2.1000389
R 0 1  13  0  5  0    6.7746252   6.7746252   9.5879713   3.2383393   3.2335669   3.8714880   4.3787127   3.9453136   3.9453136   3.9453136   3.9453136   3.9453136
R 0 1  13  0  5  1    4.1154426   4.1154426   4.1154426   4.1154426   3.9862329   4.0882450   4.4147512   4.2882353   4.2882353   4.2882353   4.2882353   4.2882353
R 0 1  13  0  5  2    3.2185175   3.2185175   3.2185175   3.2185175   4.2095748   4.0317205   4.2802252   4.2224674   4.2224674   4.2224674   4.2224674   4.2224674
R 0 1  13  0  5  3    5.2567635   5.2567635   5.2567635   5.2567635   3.7250764   4.0374952   4.3484251   4.2113752   4.2113752   4.2113752   4.2113752   4.2113752
R 0 1  13  0  5  4    4.6431262   4.6431262   4.6431262   4.5380026   4.7162116   5.0167814   4.1298403   3.2520125   3.2520125   3.2520125   3.2520125   3.2520125
R 0 1  13  0  5  5    4.8368652   4.8368652   5.5184461   4.7227707   5.2796135   4.6493329   4.1039119   4.1039119   4.1039119   4.1039119   4.1039119   4.1039119
R 0 1  13  0  5  6    3.3243783   3.3243783   3.3243783   4.2624062   3.3292641   3.1059001   2.4661207   2.0879753   2.0879753   2.0879753   2.0879753   2.0879753
R 0 1  13  0  5  7    3.6140897   3.6140897   3.6140897   3.6140897   3.7122122   2.9955005   3.1088911   2.8819851   2.4735402   2.1471794   2.1471794   2.1471794
R 0 1  13  0  5  8    3.8672169   3.8672169   3.8672169   3.8672169   3.8672169   3.8672169   3.8672169   4.9030589   4.2416695   4.3283486   3.3334605   3.6370067
R 0 1  13  0  5  9    5.5362927   5.5362927   5.5362927   5.5362927   5.5362927   5.5362927   9.4270605   5.6743804   6.8176818   5.4437306   5.5087184   5.5087184
R 0 1  13  0  5 10    6.4254445   4.0672825   3.6661606   5.3620164   5.8410733   7.1207851   7.9658894   8.6637941   6.7261252   5.3705804   5.3705804   5.3705804
F  0  1  13  0  0  0    1.0259852   1.0343003   1.0114891   0.9898600   0.9626402   1.0080493   0.9786394   0.9865016   0.9943794   0.9857902   0.9870419
F  0  1  13  1  0  0    1.0629220   1.0653251   1.0956941   1.0789429   1.0491334   1.0830160   1.0659034   1.0505007   1.0368718   1.0613500   1.0855161
C  0  1  13  0  0  0  -0.3134563 -0.1523134 -0.0407816 -0.3463000 -0.3861047 -0.1762728 -0.0651129 -0.1819718 -0.2472045 -0.1174873 -0.3290750 -0.2356897 -0.2070007 -0.3354713 -0.3608229 -0.0705880
C  0  1  13  0  0  1  -0.0090769 -0.1507072 -0.1955568 -0.0817928 -0.0802390 -0.0610023 -0.0453653 -0.0359726  0.0893751 -0.0363142  0.0099277 -0.1250431 -0.1835979 -0.1177622 -0.3180332 -0.0345529
C  0  1  13  0  0  2  -0.0948680 -0.0970639 -0.1052445 -0.0605034 -0.0179495 -0.0431291 -0.0653560 -0.1598802  0.0035561 -0.1316042 -0.0752072 -0.0914490 -0.1597508 -0.0758225 -0.0188551 -0.0978404
C  0  1  13  0  0  3  -0.0956113 -0.1492573 -0.1313072 -0.0175578  0.0983441 -0.0874464 -0.0429445  0.0303565  0.0164430 -0.0231245 -0.0353022 -0.1436395 -0.1813904 -0.1168073 -0.0757032  0.0227544
C  0  1  13  0  0  4  -0.1267487 -0.1601215 -0.0908755 -0.0724019 -0.0555925 -0.0798056 -0.0026816 -0.0959370 -0.0236696 -0.0129365 -0.1217408 -0.0448273 -0.1016716 -0.1248657 -0.0804447 -0.0878903
C  0  1  13  0  0  5   0.0589137  0.0328567 -0.0354699  0.0782085 -0.0335425  0.0903793  0.0148834 -0.0261933  0.0705085 -0.0544718 -0.0753092 -0.0679313 -0.0312739  0.0562114  0.0632038 -0.0965514
C  0  1  13  0  0  6  -0.0466079  0.0824973  0.0798252  0.0529267  0.0335958  0.0469662 -0.0741555 -0.0177954 -0.0181931 -0.0476891 -0.0059043  0.0129842 -0.0555083 -0.0319670 -0.0833614  0.0591883
C  0  1  13  0  0  7  -0.0058110  0.0239169  0.0032635  0.0046042  0.0100924  0.0390293  0.0705231  0.0066159 -0.0056136 -0.0349308  0.0684081 -0.0271842 -0.0703665  0.0383320 -0.0353526 -0.0218112
C  0  1  13  0  0  8   0.0132383 -0.0075560  0.0504134  0.0405982 -0.0229065  0.1236359 -0.0324431 -0.0516866  0.0274017  0.0077166  0.0016648  0.0120693  0.0176430  0.0953404 -0.0297731  0.0122845
C  0  1  13  0  0  9   0.0151935  0.0955289 -0.0387979  0.0769523  0.0545313  0.1192377 -0.0100615  0.0560389 -0.0929135  0.0117405  0.0746437  0.0293001 -0.0403631 -0.0570817 -0.0556901  0.0338613
C  0  1  13  0  0 10  -0.0293810  0.0180782  0.0510870  0.0547480 -0.0448376 -0.0174546  0.0511346 -0.0630536 -0.0231299 -0.0270298  0.0317971 -0.0149455 -0.0628237 -0.0373474 -0.0153204  0.0342611
C  0  1  13  0  0 11  -0.0552077  0.0451985 -0.0922628  0.0310046  0.0156354  0.0434212  0.0495314  0.1223644 -0.0083089  0.0088685  0.0580653 -0.0700172  0.0510573  0.0182743  0.0096354 -0.0028341
C  0  1  13  0  0 12   0.0528926  0.0076419 -0.0067577  0.0943575  0.0186840  0.0245297 -0.0314316  0.0256291  0.0148036  0.0574380 -0.0166796 -0.0284779 -0.0559929 -0.0616703  0.0799939  0.0629402
C  0  1  13  0  0 13  -0.0216757  0.0306152  0.0500612  0.0695572 -0.0063248 -0.0003796  0.0656327 -0.0118743 -0.0028357  0.0609665 -0.0291245 -0.0873906 -0.0510652  0.0634682  0.0011161 -0.0377830
C  0  1  13  0  0 14  -0.0385823 -0.0391597  0.0705626  0.0004577 -0.0348122 -0.0186113 -0.0165136 -0.0276677 -0.0337062 -0.0334108  0.0425866 -0.0915214 -0.0104470 -0.0082297 -0.0161144 -0.0795918
C  0  1  13  0  0 15  -0.0365264 -0.0341937 -0.0020693 -0.0145612  0.0576063  0.0168322 -0.0627345  0.0079372 -0.0015904  0.0554831 -0.0122605 -0.1101555 -0.0155618  0.0130557 -0.0632247 -0.0209883
C  0  1  13  0  0 16   0.1983575  0.0074362 -0.0031239  0.0330290 -0.0692484  0.0031998  0.0185321  0.0023127 -0.1823004  0.0966150 -0.0682309 -0.0793842 -0.0640526 -0.0510534 -0.1032018  0.0862099
C  0  1  13  0  0 17  -0.1013246 -0.0156240 -0.1671058 -0.0507792 -0.1357717 -0.0687056  0.0148683  0.0119544 -0.0939530 -0.0895113 -0.0362901  0.0027923 -0.1026428 -0.1106234 -0.0513607 -0.0473575
C  0  1  13  0  0 18  -0.0912437 -0.0296143  0.0427496 -0.1087136 -0.2177672 -0.0554238 -0.0860338 -0.1070102 -0.0903030 -0.0073947 -0.0118212 -0.0543977 -0.0525506 -0.0294227 -0.2402478 -0.1102666
C  0  1  13  0  0 19   0.0669582 -0.1471940 -0.2387938 -0.0853768 -0.0791618 -0.0292955 -0.1365885  0.0764493 -0.3114813 -0.1579986 -0.1205930 -0.0792574 -0.1864972 -0.1395814 -0.1099052 -0.1769605
C  0  1  13  0  0 20  -0.1731004 -0.0462158 -0.0468992 -0.0246167 -0.1265854 -0.1384416 -0.1776251 -0.1048128 -0.1403188 -0.1763204 -0.1645799 -0.0018354  0.0454817 -0.0911258 -0.1756273 -0.0671536
C  0  1  13  0  0 21  -0.2414814 -0.2376230 -0.3089481 -0.1876652 -0.2317240 -0.1713151 -0.2728313 -0.1221629 -0.1466980 -0.1932356 -0.1622833 -0.2394326 -0.3423485 -0.4509607 -0.2638854 -0.2974950
C  0  1  13  0  1  0  -0.0014116 -0.0007412  0.0005636 -0.0006344 -0.0044509 -0.0009123  0.0039761 -0.0001128  0.0015361 -0.0034885 -0.0078830  0.0041532  0.0063587  0.0020319  0.0069134  0.0073710
C  0  1  13  0  1  1   0.0021908  0.0006719 -0.0018961  0.0009493 -0.0027318 -0.0034963  0.0029847  0.0022892  0.0020299 -0.0036256 -0.0013936 -0.0030817  0.0036116  0.0027462  0.0010699  0.0032989
C  0  1  13  0  1  2   0.0023164 -0.0001304  0.0000274  0.0008842 -0.0018964 -0.0002290 -0.0021749  0.0020385 -0.0002333  0.0010090 -0.0014700 -0.0028145  0.0004792 -0.0014870  0.0005598  0.0004747
C  0  1  13  0  1  3   0.0014664 -0.0016237  0.0016764 -0.0000209 -0.0000922  0.0022776  0.0032786 -0.0017896 -0.0032341 -0.0001437 -0.0006226 -0.0016687 -0.0006439 -0.0028234  0.0016360  0.0030579
C  0  1  13  0  1  4   0.0030953 -0.0007053 -0.0002291  0.0021870  0.0028874 -0.0010207  0.0029637 -0.0002948  0.0021876  0.0018333 -0.0009856 -0.0010352  0.0026819 -0.0002872 -0.0004027 -0.0034098
C  0  1  13  0  1  5   0.0008920  0.0018229 -0.0007743  0.0033004 -0.0000662  0.0006569  0.0005245  0.0031937  0.0005157  0.0009262  0.0026602 -0.0015933 -0.0002927 -0.0004391 -0.0000535 -0.0007900
C  0  1  13  0  1  6   0.0021438 -0.0006347  0.0006554  0.0001678 -0.0009164  0.0018590 -0.0010787 -0.0005210  0.0012848 -0.0014662 -0.0000093 -0.0008856 -0.0015030 -0.0011233  0.0024983 -0.0002540
C  0  1  13  0  1  7   0.0034898  0.0015003  0.0017069  0.0008340  0.0027374  0.0000422 -0.0001371 -0.0003903  0.0021617 -0.0020144  0.0023512 -0.0023934  0.0004915 -0.0010207  0.0003437  0.0021026
C  0  1  13  0  1  8   0.0026225  0.0002003 -0.0000233  0.0012463  0.0019777  0.0003924  0.0005665  0.0005213  0.0024658  0.0012701  0.0001922 -0.0008969  0.0007059  0.0015211  0.0006836  0.0008927
C  0  1  13  0  1  9  -0.0019513  0.0011696  0.0019824  0.0017507  0.0004762  0.0012055  0.0002531  0.0006010 -0.0003145 -0.0014405 -0.0046803 -0.0002336 -0.0003898  0.0014166 -0.0037405  0.0011297
C  0  1  13  0  1 10   0.0012236  0.0015656  0.0007109  0.0029384  0.0020627  0.0003648  0.0016728  0.0003729 -0.0026236 -0.0008033  0.0005887 -0.0016707 -0.0008487  0.0004412  0.0009698  0.0017455
C  0  1  13  0  1 11   0.0008513  0.0004477  0.0000182  0.0001251 -0.0002576  0.0012542 -0.0019094 -0.0000699 -0.0028406 -0.0014356  0.0000439  0.0011714  0.0005452 -0.0013396 -0.0006105 -0.0013324
C  0  1  13  0  1 12   0.0008852  0.0015290  0.0005197 -0.0017057  0.0011500 -0.0013177  0.0022534 -0.0000967 -0.0002596 -0.0005445  0.0007272  0.0020681 -0.0002823  0.0007724  0.0014528 -0.0000352
C  0  1  13  0  1 13   0.0031542 -0.0017069  0.0018824  0.0008643  0.0025406  0.0023341  0.0009721  0.0014597  0.0004206 -0.0013508 -0.0005944 -0.0005759 -0.0006745  0.0010583  0.0013023  0.0005212
C  0  1  13  0  1 14   0.0011329  0.0011781  0.0017729  0.0027178  0.0007129  0.0016491 -0.0008425  0.0027635  0.0017037 -0.0004200 -0.0002858  0.0009265  0.0010357 -0.0001507 -0.0002337  0.0025823
C  0  1  13  0  1 15   0.0006798  0.0007339 -0.0008462 -0.0002996  0.0002648  0.0015249 -0.0000293  0.0006250  0.0011290 -0.0007064 -0.0002845 -0.0000703  0.0009658  0.0025636  0.0014295  0.0020538
C  0  1  13  0  1 16   0.0012167  0.0031476  0.0001717  0.0024788  0.0011891  0.0025781  0.0020185  0.0025922  0.0021289 -0.0007524 -0.0001174 -0.0004256  0.0004958  0.0017470  0.0028983  0.0031457
C  0  1  13  0  1 17   0.0020720 -0.0038537  0.0006095  0.0073124  0.0018092  0.0034340  0.0026291  0.0025972 -0.0009132  0.0054899  0.0029131  0.0007284  0.0021054  0.0000580  0.0075701  0.0041160
C  0  1  13  0  1 18   0.0064314  0.0049059  0.0011913  0.0019911  0.0010309  0.0038642  0.0031723  0.0035917 -0.0020276  0.0032277  0.0020332  0.0008712  0.0015216 -0.0006994  0.0044141  0.0086377
C  0  1  13  0  1 19   0.0035230  0.0034870 -0.0002811  0.0017943  0.0014137  0.0028043  0.0026849  0.0001173  0.0021117  0.0047631 -0.0019900  0.0011730  0.0003175  0.0018297  0.0025425  0.0054930
C  0  1  13  0  1 20   0.0041935  0.0058043  0.0032695  0.0023985  0.0025389  0.0035128  0.0026755  0.0044566  0.0050258  0.0016575  0.0006492 -0.0009827  0.0028529  0.0052077  0.0031468  0.0060699
C  0  1  13  0  1 21   0.0133508  0.0096311  0.0051270  0.0014724 -0.0041366  0.0000516 -0.0067022 -0.0006557 -0.0033374 -0.0006890 -0.0012372  0.0071863  0.0023508  0.0053006  0.0119433  0.0027982
C  0  1  13  1  0  0  -0.4829096 -0.3327105 -0.3666927 -0.3440723 -0.3158587 -0.2921319 -0.3498151 -0.3284988 -0.2878828 -0.2067409 -0.3316677 -0.4501272 -0.4426215 -0.3404397 -0.4112077 -0.3995538
C  0  1  13  1  0  1  -0.2288626 -0.3366274 -0.2136905 -0.2753186 -0.3204356 -0.2761148 -0.3269013 -0.2439596 -0.2372529 -0.1997214 -0.2695546 -0.2765556 -0.3853750 -0.3656060 -0.2713577 -0.3004704
C  0  1  13  1  0  2  -0.3264015 -0.3443905 -0.2676027 -0.2957935 -0.3145967 -0.2820030 -0.2643255 -0.2329733 -0.2470536 -0.2229195 -0.2853457 -0.2814912 -0.3413005 -0.3658148 -0.2676883 -0.3827125
C  0  1  13  1  0  3  -0.2531748 -0.3159955 -0.2643813 -0.2980762 -0.2648146 -0.2184490 -0.1928600 -0.1261876 -0.1955237 -0.1984307 -0.2483155 -0.2612036 -0.2427479 -0.2552251 -0.2417620 -0.2212961
C  0  1  13  1  0  4  -0.2474267 -0.2617153 -0.3134199 -0.2744975 -0.2802517 -0.2179553 -0.2676644 -0.3140526 -0.2499600 -0.2237477 -0.2071394 -0.2962895 -0.3554896 -0.2783365 -0.3627269 -0.3318496
C  0  1  13  1  0  5  -0.1880244 -0.1686663 -0.1958950 -0.1716331 -0.1359796 -0.1964681 -0.2042735 -0.1061552 -0.1625364 -0.1183523 -0.1812904 -0.2324517 -0.2171358 -0.1367174 -0.1964242 -0.2119002
C  0  1  13  1  0  6  -0.1775506 -0.1389118 -0.1809146 -0.1699335 -0.1161120 -0.1724054 -0.1518602 -0.1276615 -0.1505991 -0.1068932 -0.1512707 -0.1186573 -0.1053588 -0.1192518 -0.1309765 -0.1977083
C  0  1  13  1  0  7  -0.1296715 -0.1421144 -0.1551469 -0.1120893 -0.1580703 -0.1584819 -0.1840189 -0.1392020 -0.1378035 -0.0903692 -0.0623055 -0.1520220 -0.1250744 -0.1576419 -0.1333749 -0.1185277
C  0  1  13  1  0  8  -0.1851564 -0.1164169 -0.1306065 -0.1647949 -0.1520555 -0.1752503 -0.1594816 -0.1468950 -0.1353301 -0.0722969 -0.0778573 -0.1636555 -0.0974280 -0.1477019 -0.1564669 -0.1140374
C  0  1  13  1  0  9  -0.1042976 -0.1584012 -0.1006592 -0.1645370 -0.0907701 -0.1477494 -0.0843037 -0.1703807 -0.1127010 -0.1376704 -0.0747892 -0.1453820 -0.1027337 -0.0966361 -0.1399763 -0.1120170
C  0  1  13  1  0 10  -0.1484356 -0.1285847 -0.1214052 -0.1443989 -0.1721188 -0.1463500 -0.1595639 -0.1175618 -0.1164007 -0.1353648 -0.1292879 -0.1769636 -0.1295499 -0.1256601 -0.1262247 -0.1249586
C  0  1  13  1  0 11  -0.1905896 -0.1471826 -0.1553378 -0.0879306 -0.1009822 -0.0817052 -0.1278341 -0.1560936 -0.1668083 -0.0932913 -0.1388866 -0.1543582 -0.1211313 -0.1430791 -0.0955915 -0.1328108
C  0  1  13  1  0 12  -0.1006931 -0.1245308 -0.1503254 -0.0984774 -0.1451285 -0.1101486 -0.1124398 -0.1842917 -0.1284074 -0.1096243 -0.1210306 -0.0772218 -0.0842804 -0.1249257 -0.0831695 -0.1157091
C  0  1  13  1  0 13  -0.1206040 -0.0974158 -0.1820571 -0.1446610 -0.1430474 -0.1768654 -0.1668140 -0.1173149 -0.0872060 -0.0931611 -0.1529244 -0.1153567 -0.1591801 -0.1324488 -0.1619685 -0.1523249
C  0  1  13  1  0 14  -0.1376488 -0.1434625 -0.1437045 -0.1484727 -0.1369070 -0.1287381 -0.1347966 -0.2085877 -0.1331863 -0.1293341 -0.0840453 -0.1213664 -0.1458772 -0.0890037 -0.1459017 -0.1291784
C  0  1  13  1  0 15  -0.1267098 -0.1729675 -0.1686526 -0.1457988 -0.1627580 -0.1187619 -0.1733406 -0.1811956 -0.2042884 -0.1437972 -0.0905981 -0.1756323 -0.1369706 -0.1033473 -0.1259197 -0.1298822
C  0  1  13  1  0 16  -0.1756060 -0.1621730 -0.1336526 -0.1679333 -0.1356949 -0.1883446 -0.1653033 -0.1852597 -0.1602924 -0.2170226 -0.1516644 -0.1413772 -0.0542506 -0.1346007 -0.2092504 -0.1182490
C  0  1  13  1  0 17  -0.2545368 -0.2629601 -0.2125958 -0.2918469 -0.2524619 -0.2817449 -0.2561802 -0.2718120 -0.2269791 -0.2803344 -0.2706944 -0.1968654 -0.2492653 -0.2678449 -0.2922731 -0.2472961
C  0  1  13  1  0 18  -0.2625201 -0.2477839 -0.2546646 -0.2312032 -0.2130762 -0.2356584 -0.2360836 -0.2701839 -0.1827034 -0.2244020 -0.2389943 -0.2822623 -0.2507149 -0.1856687 -0.1960295 -0.2105227
C  0  1  13  1  0 19  -0.2748723 -0.2972555 -0.3095617 -0.2774964 -0.2604209 -0.2557865 -0.2792367 -0.2346744 -0.2550255 -0.2644121 -0.2355739 -0.3026664 -0.2340948 -0.3164217 -0.2918348 -0.2792132
C  0  1  13  1  0 20  -0.2310609 -0.2979059 -0.3125840 -0.2402747 -0.3109590 -0.2414339 -0.2558076 -0.3520538 -0.2656940 -0.2440340 -0.3224335 -0.2610466 -0.3659901 -0.2613941 -0.2360018 -0.2879341
C  0  1  13  1  0 21  -0.3893641 -0.3646955 -0.3765826 -0.3417468 -0.2686672 -0.2593342 -0.3590106 -0.3858864 -0.3643387 -0.3233841 -0.3251914 -0.3630842 -0.3127590 -0.2855969 -0.3776073 -0.3726618
C  0  1  13  1  1  0   0.0459519  0.0505177  0.0402529  0.0263502 -0.0006449 -0.0225987 -0.0340630 -0.0432011 -0.0484672 -0.0375575 -0.0322592 -0.0198968  0.0027365  0.0045851  0.0230881  0.0375137
C  0  1  13  1  1  1   0.0232732  0.0205351  0.0167900  0.0099225  0.0019864 -0.0093374 -0.0164343 -0.0199452 -0.0186855 -0.0161382 -0.0162586 -0.0081916  0.0035508  0.0073484  0.0118859  0.0231812
C  0  1  13  1  1  2   0.0110027  0.0120152  0.0094941  0.0045164 -0.0000970 -0.0034382 -0.0072705 -0.0091473 -0.0103688 -0.0065844 -0.0059851 -0.0029473  0.0000974  0.0039642  0.0045696  0.0106006
C  0  1  13  1  1  3   0.0069097  0.0063727  0.0014739  0.0041919  0.0000707 -0.0003093 -0.0037494 -0.0035043  0.0000270 -0.0008399 -0.0037486 -0.0014299  0.0016625  0.0015418  0.0014307  0.0054580
C  0  1  13  1  1  4   0.0012713  0.0021679 -0.0004976  0.0001574  0.0027230  0.0004938 -0.0000927  0.0006457  0.0025094  0.0024019 -0.0011816 -0.0021423  0.0009714  0.0011579  0.0035760  0.0016941
C  0  1  13  1  1  5  -0.0000750 -0.0000429  0.0004023  0.0030101  0.0026680  0.0030308  0.0021236  0.0040840  0.0047124  0.0025393 -0.0018224 -0.0016288  0.0015849  0.0021726  0.0023532 -0.0006057
C  0  1  13  1  1  6  -0.0003788  0.0016226 -0.0002212  0.0024973  0.0043100  0.0033871  0.0048925  0.0045372  0.0039066  0.0002058  0.0003572  0.0001771  0.0004025  0.0010251 -0.0011436  0.0001339
C  0  1  13  1  1  7  -0.0008418  0.0011689  0.0018734  0.0036031  0.0035714  0.0029912  0.0055091  0.0032733  0.0028841  0.0004110 -0.0011970 -0.0001273  0.0008597  0.0010251  0.0007797 -0.0021710
C  0  1  13  1  1  8  -0.0008165  0.0013314  0.0017083  0.0015064  0.0053295  0.0027834  0.0052487  0.0053034  0.0045763  0.0010583  0.0000682 -0.0008159  0.0009022  0.0002538  0.0014150 -0.0008734
C  0  1  13  1  1  9   0.0001772  0.0025207  0.0017333  0.0023489  0.0019385  0.0024865  0.0027776  0.0036767  0.0014796 -0.0004618  0.0015847  0.0000817  0.0002791 -0.0016557  0.0001587 -0.0023488
C  0  1  13  1  1 10  -0.0010310  0.0010719  0.0009905  0.0013552  0.0016688  0.0011205  0.0017167  0.0022181  0.0019776  0.0002326 -0.0010179  0.0001212 -0.0014341  0.0001360  0.0015658 -0.0017539
C  0  1  13  1  1 11  -0.0011309  0.0013619  0.0002045  0.0020051  0.0016066  0.0000954  0.0002792  0.0017829  0.0019025  0.0010664 -0.0025792 -0.0004975 -0.0006912 -0.0000715  0.0001195 -0.0023520
C  0  1  13  1  1 12  -0.0001865  0.0015586  0.0016977  0.0033397  0.0011013  0.0006940  0.0011434  0.0023968  0.0040724  0.0001812  0.0012589  0.0011393  0.0006980 -0.0005972  0.0005024 -0.0013790
C  0  1  13  1  1 13  -0.0001000  0.0024404  0.0021271  0.0032229  0.0030313  0.0023630  0.0041046  0.0052587  0.0046757  0.0008909  0.0003344 -0.0005647 -0.0006589 -0.0025040  0.0003092 -0.0021742
C  0  1  13  1  1 14  -0.0011148  0.0006871  0.0014653  0.0036931  0.0037204  0.0018905  0.0027183  0.0051348  0.0041749  0.0010739  0.0007923 -0.0011396 -0.0025456 -0.0018178 -0.0021700 -0.0031513
C  0  1  13  1  1 15  -0.0025660  0.0002981  0.0022948  0.0037611  0.0031801 -0.0013046  0.0019006  0.0030210  0.0055587  0.0023313  0.0020173  0.0000960 -0.0034732 -0.0053148 -0.0055538 -0.0053248
C  0  1  13  1  1 16  -0.0025228  0.0000606  0.0036223  0.0046780  0.0014042 -0.0005264  0.0025203  0.0033488  0.0033318  0.0059297  0.0027177  0.0018156 -0.0017203 -0.0011586 -0.0053057 -0.0061731
C  0  1  13  1  1 17  -0.0038611  0.0018537  0.0002649  0.0062629  0.0022983 -0.0023228 -0.0006380  0.0039864  0.0033044  0.0039927  0.0038676  0.0008013 -0.0026971 -0.0054262 -0.0055004 -0.0053744
C  0  1  13  1  1 18   0.0005845  0.0061951  0.0043935  0.0053161  0.0034043 -0.0010340 -0.0014517 -0.0018205  0.0018312  0.0032558  0.0013139  0.0010993 -0.0023063 -0.0038327 -0.0061567 -0.0055649
C  0  1  13  1  1 19   0.0006247  0.0080895  0.0106952  0.0097256  0.0044219 -0.0000930 -0.0033317 -0.0014003  0.0014708  0.0048837  0.0014231 -0.0008654 -0.0039961 -0.0055236 -0.0060460 -0.0025992
C  0  1  13  1  1 20  -0.0004948  0.0129487  0.0163724  0.0129716  0.0064747  0.0022810 -0.0023427 -0.0041339  0.0003622  0.0046653 -0.0001394 -0.0038268 -0.0069029 -0.0098627 -0.0081948 -0.0055021
C  0  1  13  1  1 21   0.0093502  0.0190423  0.0299585  0.0218179  0.0153505  0.0156035  0.0088017  0.0113986  0.0102471  0.0133697  0.0019225 -0.0044355 -0.0112632 -0.0196123 -0.0088007 -0.0028633
