CPHI 16 
CETA 22 -2.40 -2.10 -1.85 -1.60 -1.40 -1.20 -1.00 -0.80 -0.60 -0.40 -0.20  0.00  0.20  0.40  0.60  0.80  1.00  1.20  1.40  1.60  1.85  2.10  2.40 
RMIN  6 
RTRK 12 
RETA 11  0.00  0.20  0.40  0.60  0.80  1.00  1.20  1.40  1.60  1.85  2.10  2.40 
T 0 1  14  0  0  0    0.0000000   0.0006012   0.0016981   0.0032336   0.0123022   0.0691291   0.2776333   0.6532419   1.0000000   1.0000000   1.0000000   1.0000000   1.0000000
T 0 1  14  0  0  1    0.0000000   0.0001464   0.0005792   0.0024129   0.0123997   0.0589164   0.2258048   0.5888441   1.0000000   1.0000000   1.0000000   1.0000000   1.0000000
T 0 1  14  0  0  2    0.0000000   0.0001387   0.0005275   0.0017213   0.0108716   0.0556312   0.2094354   0.5737437   1.0000000   1.0000000   1.0000000   1.0000000   1.0000000
T 0 1  14  0  0  3    0.0000000   0.0002013   0.0005850   0.0016750   0.0115388   0.0627209   0.2253265   0.5868765   1.0000000   1.0000000   1.0000000   1.0000000   1.0000000
T 0 1  14  0  0  4    0.0000000   0.0003948   0.0025758   0.0143466   0.0632348   0.2048957   0.4898831   0.8227745   1.0000000   1.0000000   1.0000000   1.0000000   1.0000000
T 0 1  14  0  0  5    0.0000000   0.0009681   0.0073805   0.0513848   0.2058177   0.5333874   0.8769162   0.9994404   1.0000000   1.0000000   1.0000000   1.0000000   1.0000000
T 0 1  14  0  0  6    0.0000000   0.0003162   0.0012486   0.0103328   0.0673524   0.2771938   0.6625220   0.9312928   0.9981849   0.9999994   1.0000000   1.0000000   1.0000000
T 0 1  14  0  0  7    0.0000000   0.0000492   0.0004047   0.0009136   0.0046827   0.0305447   0.1184395   0.2977398   0.5821128   0.8695964   0.9841650   0.9998833   1.0000000
T 0 1  14  0  0  8    0.0000000   0.0000022   0.0000461   0.0001418   0.0004240   0.0010271   0.0042111   0.0249273   0.1188617   0.3940661   0.7897590   0.9694287   1.0000000
T 0 1  14  0  0  9    0.0000000   0.0000086   0.0000101   0.0000333   0.0005527   0.0035434   0.0183289   0.0856053   0.3017862   0.6579706   0.9382774   0.9999249   1.0000000
T 0 1  14  0  0 10    0.0000000   0.0067066   0.0292328   0.0466901   0.0801688   0.1689282   0.3390189   0.6905065   0.9103684   0.9698947   0.9998128   1.0000000   1.0000000
T 0 1  14  1  0  0    0.0000000   0.0005148   0.0016399   0.0047460   0.0213440   0.1017716   0.3374237   0.6994022   1.0000000   1.0000000   1.0000000   1.0000000   1.0000000
T 0 1  14  1  0  1    0.0000000   0.0002633   0.0010891   0.0042307   0.0181163   0.0752157   0.2537985   0.6193956   1.0000000   1.0000000   1.0000000   1.0000000   1.0000000
T 0 1  14  1  0  2    0.0000000   0.0002194   0.0008486   0.0027728   0.0124455   0.0616642   0.2339277   0.6064318   1.0000000   1.0000000   1.0000000   1.0000000   1.0000000
T 0 1  14  1  0  3    0.0000000   0.0002283   0.0008669   0.0027852   0.0140251   0.0700545   0.2491207   0.6198491   1.0000000   1.0000000   1.0000000   1.0000000   1.0000000
T 0 1  14  1  0  4    0.0000000   0.0004356   0.0027620   0.0153929   0.0663357   0.2155446   0.5058694   0.8320271   1.0000000   1.0000000   1.0000000   1.0000000   1.0000000
T 0 1  14  1  0  5    0.0000000   0.0011873   0.0094478   0.0577925   0.2246261   0.5586818   0.8900123   0.9996500   1.0000000   1.0000000   1.0000000   1.0000000   1.0000000
T 0 1  14  1  0  6    0.0000000   0.0004626   0.0026649   0.0180020   0.0942133   0.3329130   0.7236541   0.9536823   0.9988141   0.9999984   1.0000000   1.0000000   1.0000000
T 0 1  14  1  0  7    0.0000000   0.0002246   0.0006446   0.0024765   0.0123245   0.0526267   0.1570011   0.3413836   0.6074237   0.8728054   0.9849908   0.9998878   1.0000000
T 0 1  14  1  0  8    0.0000000   0.0009562   0.0014955   0.0017998   0.0022382   0.0036136   0.0107994   0.0452511   0.1686405   0.4573475   0.8251665   0.9710661   1.0000000
T 0 1  14  1  0  9    0.0000000   0.0021003   0.0074838   0.0131257   0.0159362   0.0198461   0.0401951   0.1288935   0.3661962   0.7154288   0.9583841   0.9999941   1.0000000
T 0 1  14  1  0 10    0.0000000   0.0032254   0.0170235   0.0428863   0.0843736   0.1746921   0.3942474   0.7474223   0.9511020   0.9856143   0.9999985   1.0000000   1.0000000
R 0 1  14  0  0  0    0.0247717   0.0247717   0.0130010   0.0103598   0.0103320   0.0101645   0.0100099   0.0098568   0.0098568   0.0098568   0.0098568   0.0098568
R 0 1  14  0  0  1    0.0121906   0.0121906   0.0121906   0.0121906   0.0109155   0.0109663   0.0109421   0.0108761   0.0108761   0.0108761   0.0108761   0.0108761
R 0 1  14  0  0  2    0.0122720   0.0122720   0.0122720   0.0122720   0.0120466   0.0120449   0.0118303   0.0117131   0.0117131   0.0117131   0.0117131   0.0117131
R 0 1  14  0  0  3    0.0134392   0.0134392   0.0134392   0.0134392   0.0126226   0.0125850   0.0123753   0.0122308   0.0122308   0.0122308   0.0122308   0.0122308
R 0 1  14  0  0  4    0.0189385   0.0189385   0.0189385   0.0174890   0.0169038   0.0159545   0.0144818   0.0130779   0.0130779   0.0130779   0.0130779   0.0130779
R 0 1  14  0  0  5    0.0210111   0.0210111   0.0194767   0.0191430   0.0186892   0.0180192   0.0169482   0.0169482   0.0169482   0.0169482   0.0169482   0.0169482
R 0 1  14  0  0  6    0.0202305   0.0202305   0.0202305   0.0202017   0.0207666   0.0207223   0.0207198   0.0206401   0.0206401   0.0206401   0.0206401   0.0206401
R 0 1  14  0  0  7    0.0219812   0.0219812   0.0219812   0.0219812   0.0204688   0.0212639   0.0212063   0.0209909   0.0205068   0.0196540   0.0196540   0.0196540
R 0 1  14  0  0  8    0.0216294   0.0216294   0.0216294   0.0216294   0.0216294   0.0216294   0.0216294   0.0209514   0.0210331   0.0209778   0.0201837   0.0190115
R 0 1  14  0  0  9    0.0314391   0.0314391   0.0314391   0.0314391   0.0314391   0.0314391   0.0297631   0.0288868   0.0275610   0.0264432   0.0248273   0.0248273
R 0 1  14  0  0 10    0.0765929   0.0696167   0.0608133   0.0536151   0.0474439   0.0440232   0.0408044   0.0355059   0.0335247   0.0302364   0.0302364   0.0302364
R 0 1  14  0  1  0    0.0000000   0.0000000   0.0000000   0.0000639   0.0000780   0.0000787   0.0000739   0.0000669   0.0000669   0.0000669   0.0000669   0.0000669
R 0 1  14  0  1  1    0.0001097   0.0001097   0.0001097   0.0001097   0.0000626   0.0000734   0.0000601   0.0000561   0.0000561   0.0000561   0.0000561   0.0000561
R 0 1  14  0  1  2    0.0000329   0.0000329   0.0000329   0.0000329   0.0000649   0.0000642   0.0000590   0.0000547   0.0000547   0.0000547   0.0000547   0.0000547
R 0 1  14  0  1  3    0.0000631   0.0000631   0.0000631   0.0000631   0.0000588   0.0000563   0.0000553   0.0000501   0.0000501   0.0000501   0.0000501   0.0000501
R 0 1  14  0  1  4    0.0001422   0.0001422   0.0001422   0.0000909   0.0000873   0.0000780   0.0000514   0.0000446   0.0000446   0.0000446   0.0000446   0.0000446
R 0 1  14  0  1  5    0.0001714   0.0001714   0.0000795   0.0000763   0.0000705   0.0000605   0.0000469   0.0000469   0.0000469   0.0000469   0.0000469   0.0000469
R 0 1  14  0  1  6    0.0001021   0.0001021   0.0001021   0.0000211   0.0000540   0.0000588   0.0000478   0.0000338   0.0000338   0.0000338   0.0000338   0.0000338
R 0 1  14  0  1  7    0.0002355   0.0002355   0.0002355   0.0002355   0.0000537   0.0000671   0.0000741   0.0000722   0.0000681   0.0000618   0.0000618   0.0000618
R 0 1  14  0  1  8    0.0001374   0.0001374   0.0001374   0.0001374   0.0001374   0.0001374   0.0001374   0.0001050   0.0001001   0.0001026   0.0000826   0.0000885
R 0 1  14  0  1  9    0.0002438   0.0002438   0.0002438   0.0002438   0.0002438   0.0002438   0.0002199   0.0001959   0.0001848   0.0001522   0.0001285   0.0001285
R 0 1  14  0  1 10    0.0012296   0.0011247   0.0008167   0.0007785   0.0005925   0.0004717   0.0003852   0.0002602   0.0001885   0.0001353   0.0001353   0.0001353
R 0 1  14  0  2  0    0.0000000   0.0000000   0.0000000   0.0000000   0.0000000   0.0000000   0.0000201   0.0000055   0.0000055   0.0000055   0.0000055   0.0000055
R 0 1  14  0  2  1    0.0000000   0.0000000   0.0000000   0.0000000   0.0000000   0.0000104   0.0000147   0.0000132   0.0000132   0.0000132   0.0000132   0.0000132
R 0 1  14  0  2  2    0.0000000   0.0000000   0.0000000   0.0000000   0.0000372   0.0000123   0.0000089   0.0000091   0.0000091   0.0000091   0.0000091   0.0000091
R 0 1  14  0  2  3    0.0000000   0.0000000   0.0000000   0.0000000   0.0000345   0.0000000   0.0000157   0.0000064   0.0000064   0.0000064   0.0000064   0.0000064
R 0 1  14  0  2  4    0.0000000   0.0000000   0.0000000   0.0000000   0.0000000   0.0000000   0.0000148   0.0000165   0.0000165   0.0000165   0.0000165   0.0000165
R 0 1  14  0  2  5    0.0000000   0.0000000   0.0000000   0.0000000   0.0000186   0.0000149   0.0000000   0.0000000   0.0000000   0.0000000   0.0000000   0.0000000
R 0 1  14  0  2  6    0.0000000   0.0000000   0.0000000   0.0000000   0.0000000   0.0000000   0.0000139   0.0000000   0.0000000   0.0000000   0.0000000   0.0000000
R 0 1  14  0  2  7    0.0000000   0.0000000   0.0000000   0.0000000   0.0000000   0.0000000   0.0000147   0.0000000   0.0000000   0.0000189   0.0000189   0.0000189
R 0 1  14  0  2  8    0.0000000   0.0000000   0.0000000   0.0000000   0.0000000   0.0000000   0.0000000   0.0000000   0.0000000   0.0000195   0.0000000   0.0000000
R 0 1  14  0  2  9    0.0000000   0.0000000   0.0000000   0.0000000   0.0000000   0.0000000   0.0000000   0.0000000   0.0000000   0.0000000   0.0000000   0.0000000
R 0 1  14  0  2 10    0.0000000   0.0000000   0.0000000   0.0000000   0.0000000   0.0000000   0.0000806   0.0000756   0.0000000   0.0000000   0.0000000   0.0000000
R 0 1  14  0  3  0    1.0225651   1.0225651   0.9604644   1.0292461   1.0008695   0.9835842   0.9814191   0.9828511   0.9828511   0.9828511   0.9828511   0.9828511
R 0 1  14  0  3  1    1.0005709   1.0005709   1.0005709   1.0005709   0.9972362   0.9837940   0.9801134   0.9777035   0.9777035   0.9777035   0.9777035   0.9777035
R 0 1  14  0  3  2    1.0214963   1.0214963   1.0214963   1.0214963   0.9925181   0.9880922   0.9813884   0.9801931   0.9801931   0.9801931   0.9801931   0.9801931
R 0 1  14  0  3  3    1.0206633   1.0206633   1.0206633   1.0206633   0.9982163   0.9891943   0.9835170   0.9795658   0.9795658   0.9795658   0.9795658   0.9795658
R 0 1  14  0  3  4    1.0158712   1.0158712   1.0158712   0.9841903   0.9798130   0.9750007   0.9776586   0.9880385   0.9880385   0.9880385   0.9880385   0.9880385
R 0 1  14  0  3  5    1.0145147   1.0145147   0.9927110   0.9838675   0.9748278   0.9728909   0.9727685   0.9727685   0.9727685   0.9727685   0.9727685   0.9727685
R 0 1  14  0  3  6    1.0301980   1.0301980   1.0301980   1.0101442   0.9867956   0.9852845   0.9845870   0.9860100   0.9860100   0.9860100   0.9860100   0.9860100
R 0 1  14  0  3  7    1.0771952   1.0771952   1.0771952   1.0771952   1.0428368   0.9963149   0.9867347   0.9863917   0.9869119   0.9900379   0.9900379   0.9900379
R 0 1  14  0  3  8    1.0246776   1.0246776   1.0246776   1.0246776   1.0246776   1.0246776   1.0246776   0.9894591   0.9825813   0.9835085   0.9876679   1.0127927
R 0 1  14  0  3  9    1.0143352   1.0143352   1.0143352   1.0143352   1.0143352   1.0143352   1.0035835   0.9757147   0.9729111   0.9834182   1.0074876   1.0074876
R 0 1  14  0  3 10    1.0745444   1.0435642   1.0263840   0.9871013   0.9786243   0.9701951   0.9688364   0.9682375   0.9999156   1.0060673   1.0060673   1.0060673
R 0 1  14  0  4  0    1.3891460   1.3891460   1.3675341   2.0966086   2.2548949   2.2702528   2.2465110   2.2795493   2.2795493   2.2795493   2.2795493   2.2795493
R 0 1  14  0  4  1    1.9427637   1.9427637   1.9427637   1.9427637   2.1188610   2.2442399   2.2173623   2.2012629   2.2012629   2.2012629   2.2012629   2.2012629
R 0 1  14  0  4  2    1.9004977   1.9004977   1.9004977   1.9004977   2.0461141   2.3196126   2.2505363   2.2174320   2.2174320   2.2174320   2.2174320   2.2174320
R 0 1  14  0  4  3    1.8831218   1.8831218   1.8831218   1.8831218   2.2111260   2.2798563   2.2549632   2.1997439   2.1997439   2.1997439   2.1997439   2.1997439
R 0 1  14  0  4  4    1.8365837   1.8365837   1.8365837   1.9968160   2.1123797   2.0884472   2.1988162   2.3617845   2.3617845   2.3617845   2.3617845   2.3617845
R 0 1  14  0  4  5    1.8178975   1.8178975   1.9782591   2.1364612   2.0829163   2.0871018   2.0261709   2.0261709   2.0261709   2.0261709   2.0261709   2.0261709
R 0 1  14  0  4  6    1.8560599   1.8560599   1.8560599   2.2193955   2.2861633   2.3525442   2.3440685   2.2865571   2.2865571   2.2865571   2.2865571   2.2865571
R 0 1  14  0  4  7    1.9247134   1.9247134   1.9247134   1.9247134   2.3404485   2.3586625   2.3141604   2.3519548   2.3772988   2.3991163   2.3991163   2.3991163
R 0 1  14  0  4  8    2.3808392   2.3808392   2.3808392   2.3808392   2.3808392   2.3808392   2.3808392   2.1674584   2.2147092   2.2655767   2.2914403   2.3863979
R 0 1  14  0  4  9    2.1411586   2.1411586   2.1411586   2.1411586   2.1411586   2.1411586   2.1163266   2.0341909   2.0384274   2.1716714   2.2086534   2.2086534
R 0 1  14  0  4 10    2.0156199   2.0957469   2.0054273   1.8751712   1.9790684   1.9434248   1.9876254   1.9198363   2.0077735   1.9420929   1.9420929   1.9420929
R 0 1  14  0  5  0   10.3868919  10.3868919   9.8942658   3.4117038   3.5976570   3.8225354   4.1864351   3.8669727   3.8669727   3.8669727   3.8669727   3.8669727
R 0 1  14  0  5  1    3.9451248   3.9451248   3.9451248   3.9451248   4.4004524   3.8913132   4.3441813   4.2470300   4.2470300   4.2470300   4.2470300   4.2470300
R 0 1  14  0  5  2    4.0059615   4.0059615   4.0059615   4.0059615   5.4268990   3.8822254   4.0172750   4.4437008   4.4437008   4.4437008   4.4437008   4.4437008
R 0 1  14  0  5  3    3.9573356   3.9573356   3.9573356   3.9573356   4.2026750   3.9229828   4.1981445   4.5377214   4.5377214   4.5377214   4.5377214   4.5377214
R 0 1  14  0  5  4    5.3278141   5.3278141   5.3278141   5.1169321   4.7669749   5.0661422   3.9935715   3.0441238   3.0441238   3.0441238   3.0441238   3.0441238
R 0 1  14  0  5  5    4.2099896   4.2099896   5.7331480   4.8001931   5.4327114   4.6851640   4.1415477   4.1415477   4.1415477   4.1415477   4.1415477   4.1415477
R 0 1  14  0  5  6    3.9741494   3.9741494   3.9741494   4.0443215   3.6589052   2.9376317   2.4159008   1.9581917   1.9581917   1.9581917   1.9581917   1.9581917
R 0 1  14  0  5  7    3.6413960   3.6413960   3.6413960   3.6413960   3.4202565   3.0383517   3.0513131   2.8828715   2.5796870   1.9624510   1.9624510   1.9624510
R 0 1  14  0  5  8    3.1873535   3.1873535   3.1873535   3.1873535   3.1873535   3.1873535   3.1873535   4.9607750   4.6949212   4.3219057   3.6097563   3.5551357
R 0 1  14  0  5  9    4.2402963   4.2402963   4.2402963   4.2402963   4.2402963   4.2402963   6.1802775   6.6909050   6.8076500   5.6792233   5.5187518   5.5187518
R 0 1  14  0  5 10    6.0573279   4.9444648   4.2388695   5.8449332   5.1826826   7.3000140   7.3472311   9.4741439   7.4642228   8.1128526   8.1128526   8.1128526
F  0  1  14  0  0  0    1.0456209   1.0360434   0.9716242   0.9904809   0.9657706   0.9972878   0.9968059   0.9815428   1.0008532   0.9866277   0.9847513
F  0  1  14  1  0  0    1.0968928   1.0722057   1.0544934   1.0800471   1.0393033   1.0775108   1.0763581   1.0624385   1.0397980   1.0597859   1.0880555
C  0  1  14  0  0  0  -0.1676463 -0.1434402 -0.2317499 -0.3209456 -0.2702458 -0.2561452 -0.2739497 -0.1825028 -0.3009273 -0.1433038 -0.1963736 -0.1793956 -0.2565991 -0.3517869 -0.3206360 -0.1698478
C  0  1  14  0  0  1  -0.0848770 -0.1631558 -0.2073649 -0.1745775 -0.1967018 -0.0956031 -0.1179576 -0.0893145 -0.1158924 -0.1456727 -0.0893278 -0.0843578 -0.1867988 -0.2596767 -0.1721751 -0.0802648
C  0  1  14  0  0  2  -0.0605714 -0.0291492 -0.0421466 -0.1289518 -0.0025002 -0.0213716 -0.1586664 -0.1143493 -0.0310266 -0.0449849 -0.0158793 -0.1025963 -0.0718937 -0.0338479 -0.0010517 -0.0992584
C  0  1  14  0  0  3  -0.1143161 -0.1400953 -0.1313745 -0.1049768 -0.0521781 -0.1039053  0.0096003 -0.0904960 -0.0091618 -0.0297870 -0.1302289 -0.0246586 -0.1163774 -0.0822627 -0.0286882 -0.0214027
C  0  1  14  0  0  4   0.0038026 -0.0789649  0.0312011 -0.0521599 -0.0494744 -0.0482538 -0.0199563 -0.0652358 -0.0682200  0.0097387 -0.0653905 -0.0622431 -0.2383965 -0.1510642  0.0520021  0.0300923
C  0  1  14  0  0  5  -0.0665136 -0.0578554 -0.0906060  0.0020850  0.0062712  0.0285414 -0.0982749 -0.0606693 -0.0011430 -0.0620427 -0.0418066 -0.0120514 -0.0307916  0.0462898  0.0795804  0.0328450
C  0  1  14  0  0  6  -0.0080509  0.0274713 -0.0258098 -0.0514389  0.0247158  0.0737500 -0.0814624 -0.1515243 -0.0218476  0.0109261 -0.0091812  0.0479995 -0.0440299  0.0225590 -0.0587566  0.1373314
C  0  1  14  0  0  7  -0.0759493  0.0025702 -0.0128469 -0.0403975  0.0452229  0.0362982  0.0334339 -0.0025571 -0.0183467 -0.0463956  0.0585559 -0.0198560  0.0222326  0.0000209 -0.0754861  0.0246559
C  0  1  14  0  0  8   0.0447531  0.0073222  0.0361667  0.0653026  0.0451208 -0.0165825 -0.0147653  0.0439341  0.0655492  0.0201339  0.0587510 -0.0721644 -0.0219986  0.0163617 -0.0573911  0.0312249
C  0  1  14  0  0  9  -0.0533047  0.0631560 -0.0030784  0.0359692 -0.0319575 -0.0129165 -0.0301278  0.0078905 -0.0385258  0.0511438  0.0747651  0.0693787 -0.0484722  0.0901957 -0.0080240  0.0142364
C  0  1  14  0  0 10  -0.0821416  0.0277924  0.0209187  0.0782196 -0.0168728  0.0122747 -0.0265426  0.0281006  0.0594963 -0.0674299  0.0114752  0.0464061 -0.0378037 -0.0405058  0.0512784  0.0151821
C  0  1  14  0  0 11  -0.0595182  0.0534478 -0.0547236  0.0483232  0.0446461  0.0722121 -0.0086261  0.1582614  0.0195068  0.0277780  0.0472256 -0.0067733 -0.0016744  0.0262946  0.0531445 -0.0174416
C  0  1  14  0  0 12   0.0978953 -0.0302159 -0.0306299  0.0076623 -0.0116148 -0.0011816 -0.0610932 -0.0254920 -0.0458891  0.0974387  0.0564127 -0.0468305 -0.0511208 -0.0007954  0.0157381 -0.0603835
C  0  1  14  0  0 13  -0.0217787 -0.0013477  0.0528222 -0.0925772 -0.0401521  0.0036668  0.0309633 -0.0251014  0.0187237  0.0661068  0.0412478 -0.0244807 -0.0331733  0.0256916  0.0147706  0.0015105
C  0  1  14  0  0 14  -0.0810017 -0.0065494 -0.0665507 -0.0453547  0.0040838 -0.0174802  0.0328562 -0.0406068 -0.0112502 -0.0078177  0.1034269 -0.0060192  0.0612476  0.0437308 -0.0719890 -0.0669307
C  0  1  14  0  0 15  -0.0479996 -0.1430204  0.0363551 -0.0262473  0.0047492 -0.0556953 -0.0170257  0.0288048 -0.0139451  0.0032288  0.0076523 -0.0607266  0.0277782  0.0707051 -0.0548297  0.0249071
C  0  1  14  0  0 16   0.0874285  0.0088224 -0.0061770 -0.0533576 -0.0296789 -0.1293515  0.0156718  0.0034552 -0.0897127  0.1257016 -0.0531682 -0.0539181 -0.0627247 -0.0573859 -0.1110549  0.0137789
C  0  1  14  0  0 17  -0.0724787 -0.1290148 -0.0501662 -0.1225826 -0.1551016 -0.0986096 -0.0380703 -0.0322642 -0.0177675 -0.1179245 -0.0177694 -0.1020591 -0.0459155 -0.2002832 -0.1020429 -0.0204887
C  0  1  14  0  0 18  -0.1347044  0.0385882 -0.0277239 -0.0688311 -0.1962859 -0.0598475  0.0497306 -0.0806805 -0.1127038 -0.0192814  0.0295834 -0.1643589 -0.0612891  0.0337840 -0.0815374  0.0473207
C  0  1  14  0  0 19  -0.0271819 -0.0662412 -0.1528465  0.0007450 -0.2378132 -0.0820727 -0.1341303 -0.0397182 -0.0827357 -0.0242905 -0.0810966 -0.1575356 -0.0785958 -0.0854177 -0.0262936 -0.1172613
C  0  1  14  0  0 20  -0.0481663 -0.0336430 -0.0639076  0.0368129 -0.1492946 -0.1356227 -0.0588667 -0.0542114 -0.0744668 -0.1680953 -0.1295820  0.0170114 -0.0901419 -0.1868537 -0.2765157 -0.0964231
C  0  1  14  0  0 21  -0.3235561 -0.1530070 -0.4449328 -0.2102972 -0.2237818 -0.2995946 -0.1755543 -0.1468653 -0.3040233 -0.0956106 -0.2211442 -0.2376317 -0.3563761 -0.4112268 -0.2947481 -0.3185424
C  0  1  14  0  1  0  -0.0026988 -0.0001992 -0.0016864 -0.0046442 -0.0037024  0.0044651  0.0052607  0.0007061 -0.0002520  0.0050796 -0.0025461  0.0035007  0.0023203  0.0067836  0.0058085  0.0051481
C  0  1  14  0  1  1  -0.0020174  0.0007112 -0.0009844 -0.0024193  0.0003875 -0.0024426  0.0052816  0.0022807  0.0013103 -0.0008116 -0.0023555 -0.0020494  0.0023953  0.0042902  0.0019309  0.0020073
C  0  1  14  0  1  2   0.0049810 -0.0000240  0.0006792  0.0009981 -0.0009319  0.0014241 -0.0008314  0.0017806  0.0002797  0.0011776 -0.0014653 -0.0005384  0.0018162  0.0016673  0.0012107 -0.0009937
C  0  1  14  0  1  3   0.0027774 -0.0025148  0.0006728 -0.0020071 -0.0001207  0.0024307  0.0031314 -0.0009425 -0.0004187 -0.0017814 -0.0027151 -0.0021231  0.0025058  0.0001040  0.0015386  0.0028805
C  0  1  14  0  1  4   0.0055976  0.0003450 -0.0009446  0.0028452  0.0019965 -0.0008244  0.0029518 -0.0010487  0.0007954  0.0002110  0.0026604 -0.0008413  0.0013243  0.0000316 -0.0013836 -0.0024257
C  0  1  14  0  1  5   0.0038082  0.0013325 -0.0022205  0.0009280  0.0003072 -0.0008323  0.0002965  0.0012248 -0.0003988 -0.0026474  0.0016746 -0.0023973  0.0013676  0.0005066  0.0016616 -0.0019998
C  0  1  14  0  1  6   0.0029439 -0.0008458  0.0004448  0.0001420  0.0010788  0.0016358  0.0002983 -0.0001255  0.0014877 -0.0001862 -0.0012268 -0.0004916 -0.0002351 -0.0006964  0.0009340 -0.0018565
C  0  1  14  0  1  7   0.0035906  0.0007026  0.0020001  0.0008357  0.0014175  0.0021835 -0.0017095  0.0005158  0.0015359 -0.0014606  0.0016160 -0.0010646 -0.0011205  0.0005321  0.0015150 -0.0001017
C  0  1  14  0  1  8   0.0017285  0.0011275 -0.0007118 -0.0000787  0.0031908  0.0020062  0.0025808  0.0013206  0.0033971 -0.0005539  0.0002291 -0.0022871  0.0006037  0.0023255  0.0003341  0.0008543
C  0  1  14  0  1  9  -0.0029124  0.0006022  0.0013100  0.0002447  0.0007104  0.0013701 -0.0015895  0.0030394 -0.0008824 -0.0023123 -0.0023521  0.0000164 -0.0014936 -0.0000548 -0.0010934  0.0021238
C  0  1  14  0  1 10  -0.0005651  0.0014192  0.0015749  0.0032082  0.0032705 -0.0004622  0.0007087  0.0006218 -0.0019907 -0.0011602  0.0007731 -0.0003662 -0.0015461  0.0012340  0.0009817  0.0005416
C  0  1  14  0  1 11   0.0011043 -0.0005706 -0.0000606  0.0010346  0.0014756  0.0009271 -0.0015663 -0.0022072 -0.0027681 -0.0003781 -0.0008991 -0.0004566  0.0005352  0.0000024  0.0001829 -0.0025656
C  0  1  14  0  1 12   0.0017247 -0.0008055  0.0007958 -0.0004824  0.0011282  0.0004085  0.0019055  0.0004054  0.0001850  0.0009290 -0.0016769  0.0008675 -0.0015323  0.0002685  0.0002010  0.0002963
C  0  1  14  0  1 13   0.0024555 -0.0014174 -0.0002311  0.0020328  0.0040309  0.0015184 -0.0017375  0.0018692 -0.0005696 -0.0015606 -0.0007039 -0.0013941  0.0000793  0.0015004  0.0009972  0.0014714
C  0  1  14  0  1 14   0.0015913  0.0002617  0.0027503  0.0024011  0.0022412  0.0021365 -0.0008749  0.0001945  0.0004597  0.0004081  0.0004485  0.0006623  0.0006233  0.0006837 -0.0007009  0.0024178
C  0  1  14  0  1 15   0.0007502 -0.0007191 -0.0001094 -0.0002667 -0.0001026  0.0016492 -0.0002344 -0.0007254  0.0003263  0.0004186 -0.0009538  0.0020843  0.0008677  0.0013392  0.0022138  0.0023794
C  0  1  14  0  1 16   0.0022186  0.0049376  0.0019501  0.0008367 -0.0030510  0.0007344 -0.0003271  0.0004274  0.0008319 -0.0011872  0.0015453  0.0003494 -0.0022682  0.0028391  0.0021618  0.0026936
C  0  1  14  0  1 17   0.0003949 -0.0011914 -0.0006750  0.0025416  0.0004653  0.0044277  0.0008126  0.0033685 -0.0021495  0.0034114  0.0022580 -0.0013979 -0.0002142 -0.0007309  0.0068294  0.0049347
C  0  1  14  0  1 18   0.0052505  0.0047472  0.0020957  0.0004828 -0.0007660 -0.0003159  0.0065908  0.0014271  0.0000364 -0.0000075  0.0039957  0.0016303 -0.0003495 -0.0000308  0.0057777  0.0040486
C  0  1  14  0  1 19   0.0043913  0.0024313  0.0011204  0.0014821 -0.0001258  0.0015206  0.0056040  0.0033035  0.0039951  0.0040851 -0.0006830  0.0010883  0.0019256  0.0042692  0.0051732  0.0041678
C  0  1  14  0  1 20   0.0039087  0.0044276  0.0036923  0.0033507  0.0012834  0.0063759  0.0041996  0.0033231  0.0029929  0.0039972  0.0011455 -0.0021344  0.0055493  0.0052046  0.0062094  0.0054280
C  0  1  14  0  1 21   0.0100513  0.0151367  0.0054970  0.0011608 -0.0015906 -0.0032570 -0.0137643 -0.0003319 -0.0032175 -0.0025663 -0.0025040  0.0036579  0.0013807  0.0062854  0.0072690  0.0057080
C  0  1  14  1  0  0  -0.3958752 -0.3649608 -0.4031509 -0.3416557 -0.1656269 -0.3286067 -0.3572315 -0.2908788 -0.3242058 -0.3405589 -0.3686380 -0.4821516 -0.4258524 -0.4174723 -0.3999267 -0.4540066
C  0  1  14  1  0  1  -0.2917988 -0.3177932 -0.2531567 -0.2872406 -0.2897960 -0.2587019 -0.2984710 -0.2953514 -0.3386274 -0.2353564 -0.3416803 -0.3036438 -0.3951683 -0.4788292 -0.3486538 -0.3493690
C  0  1  14  1  0  2  -0.2839509 -0.3692938 -0.2492876 -0.2462694 -0.3074208 -0.2346487 -0.2367421 -0.2394356 -0.2480130 -0.1968076 -0.2595064 -0.2771900 -0.3020614 -0.3509763 -0.2664083 -0.3046213
C  0  1  14  1  0  3  -0.2797735 -0.2829601 -0.3115909 -0.2911064 -0.2615993 -0.2473687 -0.1378367 -0.1695114 -0.1995986 -0.1941552 -0.2320039 -0.2484571 -0.2529373 -0.2721569 -0.3167990 -0.2631517
C  0  1  14  1  0  4  -0.2590636 -0.2497179 -0.2515092 -0.2041256 -0.2594907 -0.1689579 -0.2221550 -0.2168096 -0.1993678 -0.1724446 -0.1953942 -0.2780342 -0.2930838 -0.2441196 -0.2861016 -0.2670463
C  0  1  14  1  0  5  -0.2048576 -0.1446980 -0.2039580 -0.1606020 -0.1765286 -0.1342936 -0.1599891 -0.1584200 -0.1902518 -0.1789129 -0.1837347 -0.2524341 -0.2189061 -0.1944529 -0.1592301 -0.1718130
C  0  1  14  1  0  6  -0.1354673 -0.1601961 -0.1739084 -0.1550656 -0.1294441 -0.1393291 -0.1751577 -0.1313840 -0.1667389 -0.1003981 -0.1258160 -0.1201811 -0.1514125 -0.1469320 -0.1565254 -0.2072007
C  0  1  14  1  0  7  -0.1383491 -0.1272586 -0.1731478 -0.1322208 -0.1628855 -0.1785676 -0.2156572 -0.1286257 -0.1507618 -0.1029832 -0.1171586 -0.1274584 -0.1488520 -0.1464625 -0.1412778 -0.1329791
C  0  1  14  1  0  8  -0.1373958 -0.0670646 -0.0989308 -0.1198809 -0.1695629 -0.1582688 -0.1330464 -0.1282562 -0.1230572 -0.1131837 -0.0902536 -0.1431135 -0.1256258 -0.1411380 -0.1235022 -0.1131948
C  0  1  14  1  0  9  -0.0981612 -0.1523587 -0.0978456 -0.1623813 -0.1120122 -0.1276122 -0.1264043 -0.1879561 -0.1334304 -0.1494342 -0.1040880 -0.1392743 -0.1208083 -0.1062670 -0.1204852 -0.1427183
C  0  1  14  1  0 10  -0.1300684 -0.1251445 -0.1722277 -0.1584931 -0.1293841 -0.1307172 -0.1503571 -0.1327172 -0.1164805 -0.1442416 -0.1661429 -0.1409376 -0.1481698 -0.1138330 -0.1322827 -0.1212623
C  0  1  14  1  0 11  -0.1406036 -0.1409493 -0.1261135 -0.1200458 -0.1221070 -0.1096919 -0.1420704 -0.1280646 -0.1415630 -0.0964808 -0.1316664 -0.1238210 -0.1082897 -0.1455943 -0.1360009 -0.1202456
C  0  1  14  1  0 12  -0.1222088 -0.1271026 -0.1195938 -0.0990353 -0.1189000 -0.1112163 -0.1267924 -0.1868866 -0.1135609 -0.1500231 -0.1014076 -0.1127396 -0.0808224 -0.1303026 -0.1045884 -0.1119813
C  0  1  14  1  0 13  -0.0899839 -0.1382527 -0.1610147 -0.1006300 -0.1217013 -0.1587148 -0.1532147 -0.0957215 -0.1017385 -0.1164564 -0.1451033 -0.1143319 -0.1239859 -0.1091434 -0.1237994 -0.1386752
C  0  1  14  1  0 14  -0.1066213 -0.1300825 -0.1554836 -0.1370357 -0.1895383 -0.1275135 -0.1296586 -0.2016622 -0.1798693 -0.1377697 -0.1335284 -0.1139313 -0.1319978 -0.1237110 -0.1551046 -0.1932879
C  0  1  14  1  0 15  -0.0768360 -0.1884308 -0.1274850 -0.0950816 -0.1506180 -0.1167103 -0.1223959 -0.1741721 -0.1689226 -0.1380386 -0.0861824 -0.1624336 -0.1454937 -0.0848100 -0.0897243 -0.1810301
C  0  1  14  1  0 16  -0.1750692 -0.1163110 -0.1919753 -0.1410218 -0.1586136 -0.1995116 -0.2133920 -0.1810525 -0.1796520 -0.2183610 -0.1785419 -0.1630957 -0.1163737 -0.1726765 -0.1453923 -0.1514306
C  0  1  14  1  0 17  -0.1926802 -0.2564346 -0.1717580 -0.2487418 -0.2301582 -0.2795812 -0.2271748 -0.1975722 -0.2598860 -0.2069529 -0.2211442 -0.1816908 -0.1932039 -0.2384873 -0.2197317 -0.2413841
C  0  1  14  1  0 18  -0.3257450 -0.2680274 -0.2419302 -0.2728009 -0.2468819 -0.1915646 -0.2523973 -0.3036833 -0.2562085 -0.2128680 -0.2137128 -0.2325834 -0.2108977 -0.2003290 -0.2081407 -0.2339290
C  0  1  14  1  0 19  -0.2672693 -0.2075020 -0.2931578 -0.3127558 -0.2704082 -0.2351404 -0.2495172 -0.2359991 -0.3043426 -0.2772782 -0.2220152 -0.2962101 -0.2115849 -0.2574562 -0.2508050 -0.2632403
C  0  1  14  1  0 20  -0.2612412 -0.2442960 -0.3848225 -0.3379441 -0.3277837 -0.2570954 -0.2981144 -0.3112726 -0.3565615 -0.3332076 -0.3557608 -0.2692368 -0.3631658 -0.3291575 -0.2126803 -0.3321336
C  0  1  14  1  0 21  -0.4318398 -0.3979612 -0.3559153 -0.3398113 -0.3918312 -0.2776244 -0.4318665 -0.3434881 -0.3144234 -0.3540086 -0.3550269 -0.3145165 -0.2395529 -0.3542443 -0.3439248 -0.4346595
C  0  1  14  1  1  0   0.0450672  0.0483087  0.0405579  0.0243366  0.0007227 -0.0242427 -0.0345133 -0.0426887 -0.0477232 -0.0367868 -0.0343588 -0.0177500  0.0039395  0.0035564  0.0249996  0.0373665
C  0  1  14  1  1  1   0.0246032  0.0242766  0.0187498  0.0123254  0.0029264 -0.0063207 -0.0143486 -0.0163503 -0.0173508 -0.0149893 -0.0157157 -0.0079256  0.0035937  0.0089223  0.0129246  0.0245876
C  0  1  14  1  1  2   0.0133678  0.0148089  0.0094982  0.0065716  0.0023651 -0.0023518 -0.0067241 -0.0084265 -0.0084322 -0.0056720 -0.0050373 -0.0022949  0.0010391  0.0046703  0.0049074  0.0124516
C  0  1  14  1  1  3   0.0079179  0.0068632  0.0018758  0.0045529  0.0022032  0.0011319 -0.0028771 -0.0012778  0.0021349  0.0003711 -0.0013471 -0.0000062  0.0029364  0.0036455  0.0028108  0.0059792
C  0  1  14  1  1  4   0.0026851  0.0032736  0.0009951  0.0007304  0.0040824  0.0018357  0.0008929  0.0038079  0.0054065  0.0032394 -0.0002593 -0.0012430  0.0025376  0.0022472  0.0040761  0.0033817
C  0  1  14  1  1  5   0.0011985  0.0009597  0.0006115  0.0039590  0.0038288  0.0033581  0.0033638  0.0029549  0.0054644  0.0018445 -0.0007953 -0.0011791  0.0026747  0.0032898  0.0024718 -0.0008263
C  0  1  14  1  1  6   0.0017203  0.0015078  0.0021156  0.0043200  0.0050207  0.0054590  0.0053179  0.0053774  0.0049423  0.0012495  0.0005797  0.0016609  0.0013111  0.0011169  0.0011211  0.0001363
C  0  1  14  1  1  7  -0.0010710  0.0021235  0.0029393  0.0043758  0.0043417  0.0039772  0.0062481  0.0038746  0.0042008  0.0014161  0.0000097  0.0006542  0.0013447  0.0016581  0.0014372 -0.0006378
C  0  1  14  1  1  8   0.0000831  0.0016419  0.0026709  0.0030470  0.0049748  0.0044103  0.0048563  0.0061164  0.0061670  0.0023660  0.0009693 -0.0003002  0.0016334  0.0018281  0.0018304 -0.0004858
C  0  1  14  1  1  9   0.0012298  0.0036424  0.0023127  0.0022580  0.0022638  0.0032975  0.0038818  0.0033486  0.0031432  0.0000831  0.0012141  0.0018442  0.0015891  0.0003566 -0.0001038 -0.0008048
C  0  1  14  1  1 10   0.0000918  0.0021818  0.0020024  0.0017243  0.0018472  0.0020392  0.0024847  0.0030718  0.0037602 -0.0001100  0.0000442  0.0004039 -0.0000196  0.0008861  0.0028950 -0.0009414
C  0  1  14  1  1 11   0.0000521  0.0025424  0.0018035  0.0022214  0.0031360 -0.0002552  0.0015066  0.0021984  0.0024159  0.0011639 -0.0013623 -0.0002878  0.0000253  0.0000560  0.0010058 -0.0013402
C  0  1  14  1  1 12  -0.0006491  0.0024740  0.0032398  0.0043115  0.0021092  0.0021170  0.0018769  0.0029358  0.0041182  0.0015290  0.0020982  0.0007173  0.0016983 -0.0008123  0.0014741 -0.0009515
C  0  1  14  1  1 13   0.0004946  0.0031694  0.0025321  0.0036377  0.0030940  0.0030925  0.0034907  0.0065364  0.0053135  0.0018009  0.0018394 -0.0000715 -0.0000214 -0.0013734  0.0000632 -0.0007639
C  0  1  14  1  1 14  -0.0000225  0.0008835  0.0024898  0.0035589  0.0046748  0.0035192  0.0036783  0.0063610  0.0055510  0.0022129  0.0022216 -0.0009117 -0.0015983 -0.0013506 -0.0015623 -0.0016730
C  0  1  14  1  1 15  -0.0018064  0.0003764  0.0029153  0.0037999  0.0031164  0.0000379  0.0027192  0.0037889  0.0058720  0.0036427  0.0024901 -0.0004234 -0.0018277 -0.0049231 -0.0049174 -0.0041502
C  0  1  14  1  1 16  -0.0012958  0.0005106  0.0032144  0.0049711  0.0021360  0.0009976  0.0026596  0.0037356  0.0048575  0.0063046  0.0026458  0.0030903 -0.0001417 -0.0009242 -0.0037437 -0.0061875
C  0  1  14  1  1 17  -0.0028981  0.0026165  0.0021333  0.0063537  0.0020992 -0.0001724  0.0022031  0.0042984  0.0043564  0.0043031  0.0043920  0.0019407 -0.0013743 -0.0032672 -0.0046141 -0.0029587
C  0  1  14  1  1 18   0.0024344  0.0074746  0.0061794  0.0078330  0.0050373  0.0006905 -0.0016807  0.0004367  0.0034994  0.0036190  0.0031035  0.0026952 -0.0004364 -0.0031197 -0.0057449 -0.0036258
C  0  1  14  1  1 19   0.0033277  0.0087581  0.0126165  0.0106843  0.0074110  0.0033963 -0.0020106 -0.0002980  0.0041088  0.0056636  0.0028030 -0.0002904 -0.0019524 -0.0027867 -0.0047992 -0.0011016
C  0  1  14  1  1 20   0.0003800  0.0154800  0.0189553  0.0149103  0.0055041  0.0037713 -0.0009893 -0.0002875  0.0029707  0.0060208  0.0017033 -0.0006826 -0.0069324 -0.0081002 -0.0048136 -0.0034235
C  0  1  14  1  1 21   0.0089495  0.0201841  0.0307819  0.0226780  0.0169936  0.0161538  0.0103907  0.0112769  0.0107033  0.0153753  0.0018245 -0.0038760 -0.0102744 -0.0158944 -0.0073995 -0.0002729
