CPHI 16 
CETA 22 -2.40 -2.10 -1.85 -1.60 -1.40 -1.20 -1.00 -0.80 -0.60 -0.40 -0.20  0.00  0.20  0.40  0.60  0.80  1.00  1.20  1.40  1.60  1.85  2.10  2.40 
RMIN  6 
RTRK 12 
RETA 11  0.00  0.20  0.40  0.60  0.80  1.00  1.20  1.40  1.60  1.85  2.10  2.40 
T 0 1  15  0  0  0    0.0000000   0.0006102   0.0016699   0.0032289   0.0123841   0.0693990   0.2772700   0.6528907   1.0000000   1.0000000   1.0000000   1.0000000   1.0000000
T 0 1  15  0  0  1    0.0000000   0.0001363   0.0005744   0.0024377   0.0126973   0.0592981   0.2267093   0.5890360   1.0000000   1.0000000   1.0000000   1.0000000   1.0000000
T 0 1  15  0  0  2    0.0000000   0.0001288   0.0005413   0.0017841   0.0108321   0.0551975   0.2090048   0.5732242   1.0000000   1.0000000   1.0000000   1.0000000   1.0000000
T 0 1  15  0  0  3    0.0000000   0.0001964   0.0005551   0.0017098   0.0114101   0.0619820   0.2255898   0.5871360   1.0000000   1.0000000   1.0000000   1.0000000   1.0000000
T 0 1  15  0  0  4    0.0000000   0.0004180   0.0025409   0.0143960   0.0630546   0.2048709   0.4889898   0.8215767   1.0000000   1.0000000   1.0000000   1.0000000   1.0000000
T 0 1  15  0  0  5    0.0000000   0.0010364   0.0075536   0.0515442   0.2059639   0.5335479   0.8770531   0.9994127   1.0000000   1.0000000   1.0000000   1.0000000   1.0000000
T 0 1  15  0  0  6    0.0000000   0.0002859   0.0011968   0.0102907   0.0673230   0.2773279   0.6623849   0.9310227   0.9981756   0.9999994   1.0000000   1.0000000   1.0000000
T 0 1  15  0  0  7    0.0000000   0.0000428   0.0003821   0.0009214   0.0047450   0.0307191   0.1191177   0.2970963   0.5812300   0.8692159   0.9841511   0.9998841   1.0000000
T 0 1  15  0  0  8    0.0000000   0.0000012   0.0000300   0.0001247   0.0003797   0.0010092   0.0042732   0.0254948   0.1195881   0.3942924   0.7898641   0.9694642   1.0000000
T 0 1  15  0  0  9    0.0000000   0.0000015   0.0000056   0.0000324   0.0005067   0.0034665   0.0181130   0.0853610   0.3015805   0.6580303   0.9389958   0.9999277   1.0000000
T 0 1  15  0  0 10    0.0000000   0.0068234   0.0290568   0.0465501   0.0796676   0.1692264   0.3387319   0.6904499   0.9105516   0.9704140   0.9998024   1.0000000   1.0000000
T 0 1  15  1  0  0    0.0000000   0.0005148   0.0016399   0.0047460   0.0213440   0.1017716   0.3374237   0.6994022   1.0000000   1.0000000   1.0000000   1.0000000   1.0000000
T 0 1  15  1  0  1    0.0000000   0.0002633   0.0010891   0.0042307   0.0181163   0.0752157   0.2537985   0.6193956   1.0000000   1.0000000   1.0000000   1.0000000   1.0000000
T 0 1  15  1  0  2    0.0000000   0.0002194   0.0008486   0.0027728   0.0124455   0.0616642   0.2339277   0.6064318   1.0000000   1.0000000   1.0000000   1.0000000   1.0000000
T 0 1  15  1  0  3    0.0000000   0.0002283   0.0008669   0.0027852   0.0140251   0.0700545   0.2491207   0.6198491   1.0000000   1.0000000   1.0000000   1.0000000   1.0000000
T 0 1  15  1  0  4    0.0000000   0.0004356   0.0027620   0.0153929   0.0663357   0.2155446   0.5058694   0.8320271   1.0000000   1.0000000   1.0000000   1.0000000   1.0000000
T 0 1  15  1  0  5    0.0000000   0.0011873   0.0094478   0.0577925   0.2246261   0.5586818   0.8900123   0.9996500   1.0000000   1.0000000   1.0000000   1.0000000   1.0000000
T 0 1  15  1  0  6    0.0000000   0.0004626   0.0026649   0.0180020   0.0942133   0.3329130   0.7236541   0.9536823   0.9988141   0.9999984   1.0000000   1.0000000   1.0000000
T 0 1  15  1  0  7    0.0000000   0.0002246   0.0006446   0.0024765   0.0123245   0.0526267   0.1570011   0.3413836   0.6074237   0.8728054   0.9849908   0.9998878   1.0000000
T 0 1  15  1  0  8    0.0000000   0.0009562   0.0014955   0.0017998   0.0022382   0.0036136   0.0107994   0.0452511   0.1686405   0.4573475   0.8251665   0.9710661   1.0000000
T 0 1  15  1  0  9    0.0000000   0.0021003   0.0074838   0.0131257   0.0159362   0.0198461   0.0401951   0.1288935   0.3661962   0.7154288   0.9583841   0.9999941   1.0000000
T 0 1  15  1  0 10    0.0000000   0.0032254   0.0170235   0.0428863   0.0843736   0.1746921   0.3942474   0.7474223   0.9511020   0.9856143   0.9999985   1.0000000   1.0000000
R 0 1  15  0  0  0    0.0239248   0.0239248   0.0129685   0.0106487   0.0103608   0.0101689   0.0099512   0.0098568   0.0098568   0.0098568   0.0098568   0.0098568
R 0 1  15  0  0  1    0.0118241   0.0118241   0.0118241   0.0118241   0.0110981   0.0109170   0.0109716   0.0108439   0.0108439   0.0108439   0.0108439   0.0108439
R 0 1  15  0  0  2    0.0126421   0.0126421   0.0126421   0.0126421   0.0120590   0.0119457   0.0118402   0.0117210   0.0117210   0.0117210   0.0117210   0.0117210
R 0 1  15  0  0  3    0.0133918   0.0133918   0.0133918   0.0133918   0.0125965   0.0126081   0.0123561   0.0122607   0.0122607   0.0122607   0.0122607   0.0122607
R 0 1  15  0  0  4    0.0190883   0.0190883   0.0190883   0.0174196   0.0169637   0.0158991   0.0144849   0.0130998   0.0130998   0.0130998   0.0130998   0.0130998
R 0 1  15  0  0  5    0.0207931   0.0207931   0.0191668   0.0190859   0.0187515   0.0180802   0.0168609   0.0168609   0.0168609   0.0168609   0.0168609   0.0168609
R 0 1  15  0  0  6    0.0205607   0.0205607   0.0205607   0.0205308   0.0207232   0.0206993   0.0208056   0.0205201   0.0205201   0.0205201   0.0205201   0.0205201
R 0 1  15  0  0  7    0.0216302   0.0216302   0.0216302   0.0216302   0.0207649   0.0211099   0.0212322   0.0209690   0.0205529   0.0197031   0.0197031   0.0197031
R 0 1  15  0  0  8    0.0214015   0.0214015   0.0214015   0.0214015   0.0214015   0.0214015   0.0214015   0.0209326   0.0210217   0.0209255   0.0202256   0.0188828
R 0 1  15  0  0  9    0.0311417   0.0311417   0.0311417   0.0311417   0.0311417   0.0311417   0.0296702   0.0288629   0.0274912   0.0263115   0.0247285   0.0247285
R 0 1  15  0  0 10    0.0773124   0.0703947   0.0626685   0.0532842   0.0475157   0.0440320   0.0408338   0.0356718   0.0332663   0.0303226   0.0303226   0.0303226
R 0 1  15  0  1  0    0.0000000   0.0000000   0.0000000   0.0000710   0.0000791   0.0000795   0.0000713   0.0000664   0.0000664   0.0000664   0.0000664   0.0000664
R 0 1  15  0  1  1    0.0000774   0.0000774   0.0000774   0.0000774   0.0000698   0.0000671   0.0000634   0.0000574   0.0000574   0.0000574   0.0000574   0.0000574
R 0 1  15  0  1  2    0.0000756   0.0000756   0.0000756   0.0000756   0.0000688   0.0000621   0.0000600   0.0000539   0.0000539   0.0000539   0.0000539   0.0000539
R 0 1  15  0  1  3    0.0000776   0.0000776   0.0000776   0.0000776   0.0000685   0.0000569   0.0000532   0.0000500   0.0000500   0.0000500   0.0000500   0.0000500
R 0 1  15  0  1  4    0.0000842   0.0000842   0.0000842   0.0000944   0.0000904   0.0000723   0.0000572   0.0000419   0.0000419   0.0000419   0.0000419   0.0000419
R 0 1  15  0  1  5    0.0001621   0.0001621   0.0000725   0.0000719   0.0000656   0.0000593   0.0000462   0.0000462   0.0000462   0.0000462   0.0000462   0.0000462
R 0 1  15  0  1  6    0.0000691   0.0000691   0.0000691   0.0000502   0.0000560   0.0000592   0.0000499   0.0000229   0.0000229   0.0000229   0.0000229   0.0000229
R 0 1  15  0  1  7    0.0000655   0.0000655   0.0000655   0.0000655   0.0000666   0.0000714   0.0000679   0.0000765   0.0000760   0.0000565   0.0000565   0.0000565
R 0 1  15  0  1  8    0.0001241   0.0001241   0.0001241   0.0001241   0.0001241   0.0001241   0.0001241   0.0000982   0.0001067   0.0001005   0.0000855   0.0000642
R 0 1  15  0  1  9    0.0002492   0.0002492   0.0002492   0.0002492   0.0002492   0.0002492   0.0002400   0.0002096   0.0001860   0.0001493   0.0001119   0.0001119
R 0 1  15  0  1 10    0.0013789   0.0011060   0.0009464   0.0006941   0.0005955   0.0004801   0.0003925   0.0002675   0.0001545   0.0001632   0.0001632   0.0001632
R 0 1  15  0  2  0    0.0000000   0.0000000   0.0000000   0.0000000   0.0000000   0.0000128   0.0000225   0.0000000   0.0000000   0.0000000   0.0000000   0.0000000
R 0 1  15  0  2  1    0.0000000   0.0000000   0.0000000   0.0000000   0.0000000   0.0000130   0.0000056   0.0000179   0.0000179   0.0000179   0.0000179   0.0000179
R 0 1  15  0  2  2    0.0000903   0.0000903   0.0000903   0.0000903   0.0000570   0.0000271   0.0000163   0.0000121   0.0000121   0.0000121   0.0000121   0.0000121
R 0 1  15  0  2  3    0.0000000   0.0000000   0.0000000   0.0000000   0.0000000   0.0000000   0.0000109   0.0000000   0.0000000   0.0000000   0.0000000   0.0000000
R 0 1  15  0  2  4    0.0000000   0.0000000   0.0000000   0.0000000   0.0000000   0.0000000   0.0000093   0.0000000   0.0000000   0.0000000   0.0000000   0.0000000
R 0 1  15  0  2  5    0.0000000   0.0000000   0.0000000   0.0000000   0.0000244   0.0000167   0.0000000   0.0000000   0.0000000   0.0000000   0.0000000   0.0000000
R 0 1  15  0  2  6    0.0000000   0.0000000   0.0000000   0.0000000   0.0000000   0.0000000   0.0000000   0.0000000   0.0000000   0.0000000   0.0000000   0.0000000
R 0 1  15  0  2  7    0.0000000   0.0000000   0.0000000   0.0000000   0.0000000   0.0000000   0.0000000   0.0000000   0.0000000   0.0000000   0.0000000   0.0000000
R 0 1  15  0  2  8    0.0000000   0.0000000   0.0000000   0.0000000   0.0000000   0.0000000   0.0000000   0.0000000   0.0000109   0.0000000   0.0000000   0.0000000
R 0 1  15  0  2  9    0.0000000   0.0000000   0.0000000   0.0000000   0.0000000   0.0000000   0.0000000   0.0000330   0.0000258   0.0000252   0.0000000   0.0000000
R 0 1  15  0  2 10    0.0000000   0.0000000   0.0000000   0.0000000   0.0000000   0.0000354   0.0001025   0.0000000   0.0000000   0.0000000   0.0000000   0.0000000
R 0 1  15  0  3  0    1.0341673   1.0341673   0.9506538   1.0310056   0.9936991   0.9825988   0.9809623   0.9829209   0.9829209   0.9829209   0.9829209   0.9829209
R 0 1  15  0  3  1    1.0149654   1.0149654   1.0149654   1.0149654   0.9943336   0.9841759   0.9786744   0.9806597   0.9806597   0.9806597   0.9806597   0.9806597
R 0 1  15  0  3  2    1.0145205   1.0145205   1.0145205   1.0145205   0.9985276   0.9842952   0.9799641   0.9807681   0.9807681   0.9807681   0.9807681   0.9807681
R 0 1  15  0  3  3    0.9890282   0.9890282   0.9890282   0.9890282   1.0004533   0.9898135   0.9829416   0.9791532   0.9791532   0.9791532   0.9791532   0.9791532
R 0 1  15  0  3  4    1.0207259   1.0207259   1.0207259   0.9877004   0.9797722   0.9725921   0.9776164   0.9891021   0.9891021   0.9891021   0.9891021   0.9891021
R 0 1  15  0  3  5    0.9982433   0.9982433   1.0050383   0.9847184   0.9741095   0.9705492   0.9716094   0.9716094   0.9716094   0.9716094   0.9716094   0.9716094
R 0 1  15  0  3  6    1.0217634   1.0217634   1.0217634   0.9965731   0.9917320   0.9852208   0.9651593   0.9839150   0.9839150   0.9839150   0.9839150   0.9839150
R 0 1  15  0  3  7    1.0245464   1.0245464   1.0245464   1.0245464   1.0367757   1.0028875   0.9892967   0.9842576   0.9883605   0.9918996   0.9918996   0.9918996
R 0 1  15  0  3  8    1.0291850   1.0291850   1.0291850   1.0291850   1.0291850   1.0291850   1.0291850   0.9941140   0.9816748   0.9835808   0.9870265   1.0155254
R 0 1  15  0  3  9    1.0116806   1.0116806   1.0116806   1.0116806   1.0116806   1.0116806   1.0012202   0.9751411   0.9757710   0.9878825   0.9990511   0.9990511
R 0 1  15  0  3 10    1.0560579   1.0386516   1.0225639   0.9962306   0.9772625   0.9753769   0.9673789   0.9707708   1.0006413   1.0112009   1.0112009   1.0112009
R 0 1  15  0  4  0    1.2973825   1.2973825   1.2550440   2.1744789   2.2579984   2.2406003   2.2202334   2.2696188   2.2696188   2.2696188   2.2696188   2.2696188
R 0 1  15  0  4  1    1.9797034   1.9797034   1.9797034   1.9797034   2.1156096   2.2285792   2.1945485   2.2242386   2.2242386   2.2242386   2.2242386   2.2242386
R 0 1  15  0  4  2    2.0030867   2.0030867   2.0030867   2.0030867   2.2225854   2.2502526   2.2328648   2.2253670   2.2253670   2.2253670   2.2253670   2.2253670
R 0 1  15  0  4  3    1.6947115   1.6947115   1.6947115   1.6947115   2.2417262   2.2949693   2.2639491   2.1974855   2.1974855   2.1974855   2.1974855   2.1974855
R 0 1  15  0  4  4    1.9837283   1.9837283   1.9837283   2.0067169   2.0938009   2.0662697   2.1797867   2.3013495   2.3013495   2.3013495   2.3013495   2.3013495
R 0 1  15  0  4  5    1.6186371   1.6186371   2.1395635   2.1759228   2.0843105   2.0541413   1.9599796   1.9599796   1.9599796   1.9599796   1.9599796   1.9599796
R 0 1  15  0  4  6    2.0303885   2.0303885   2.0303885   2.1769554   2.3327570   2.3571272   2.1858770   2.2201393   2.2201393   2.2201393   2.2201393   2.2201393
R 0 1  15  0  4  7    1.6738337   1.6738337   1.6738337   1.6738337   2.3355168   2.3835696   2.3606728   2.3210856   2.4004825   2.3738090   2.3738090   2.3738090
R 0 1  15  0  4  8    2.2244495   2.2244495   2.2244495   2.2244495   2.2244495   2.2244495   2.2244495   2.2081870   2.1932419   2.2511249   2.2641358   2.2837499
R 0 1  15  0  4  9    1.9206817   1.9206817   1.9206817   1.9206817   1.9206817   1.9206817   2.1249598   2.0401054   2.0981292   2.2152730   2.1030372   2.1030372
R 0 1  15  0  4 10    2.0424265   2.1887646   2.0290265   1.9015562   2.0337262   2.0311829   1.9475646   1.9681599   2.1158923   1.9585852   1.9585852   1.9585852
R 0 1  15  0  5  0   14.4342984  14.4342984   9.8720937   3.0992173   3.7038895   4.0337576   4.3204076   3.9568863   3.9568863   3.9568863   3.9568863   3.9568863
R 0 1  15  0  5  1    4.0286710   4.0286710   4.0286710   4.0286710   4.6221875   4.0521198   4.4329077   4.3034197   4.3034197   4.3034197   4.3034197   4.3034197
R 0 1  15  0  5  2    3.4753055   3.4753055   3.4753055   3.4753055   3.8550475   4.0704611   4.1500195   4.4483324   4.4483324   4.4483324   4.4483324   4.4483324
R 0 1  15  0  5  3    5.2701075   5.2701075   5.2701075   5.2701075   3.9085282   3.7632710   4.1708501   4.5634622   4.5634622   4.5634622   4.5634622   4.5634622
R 0 1  15  0  5  4    4.6326975   4.6326975   4.6326975   5.4708973   5.3228684   5.1023058   4.0158886   3.3771440   3.3771440   3.3771440   3.3771440   3.3771440
R 0 1  15  0  5  5    5.8468069   5.8468069   4.1378156   4.5235178   5.4389495   4.9166454   4.4648360   4.4648360   4.4648360   4.4648360   4.4648360   4.4648360
R 0 1  15  0  5  6    2.9615154   2.9615154   2.9615154   4.1332236   3.3785025   2.9594907   3.4012403   2.2004268   2.2004268   2.2004268   2.2004268   2.2004268
R 0 1  15  0  5  7    4.4997664   4.4997664   4.4997664   4.4997664   3.6821737   3.0233299   2.8572326   2.9629500   2.5483617   2.0840240   2.0840240   2.0840240
R 0 1  15  0  5  8    4.3012413   4.3012413   4.3012413   4.3012413   4.3012413   4.3012413   4.3012413   4.6032434   4.7647325   4.3987008   3.6825088   4.7594734
R 0 1  15  0  5  9    6.5036605   6.5036605   6.5036605   6.5036605   6.5036605   6.5036605   5.8175041   6.1448317   6.2212736   5.2251442   6.5092751   6.5092751
R 0 1  15  0  5 10    4.8319499   4.4788007   4.2434180   5.8178982   4.8140560   5.8382732   8.3440169   8.2784512   5.9916426   8.0378836   8.0378836   8.0378836
F  0  1  15  0  0  0    1.0096127   1.0154281   0.9810804   0.9980865   0.9682649   1.0043492   1.0120027   0.9949961   0.9866313   0.9873033   0.9841728
F  0  1  15  1  0  0    1.0591411   1.0763773   1.0417594   1.0507087   1.0378959   1.0777838   1.0841733   1.0550737   1.0380698   1.0674509   1.0893705
C  0  1  15  0  0  0  -0.3070504 -0.0152297 -0.1012878 -0.3349582 -0.3966673 -0.1659867 -0.1992913 -0.2437898 -0.2549009 -0.3279605 -0.2735776 -0.1810164 -0.1778253 -0.4523666 -0.4405730 -0.1011783
C  0  1  15  0  0  1  -0.1089008 -0.1042010 -0.1174194 -0.1920442 -0.1427762 -0.0616891 -0.2018186 -0.0339610 -0.0868513 -0.1988226 -0.0839071 -0.1247068 -0.2250869 -0.2158332 -0.1886329 -0.0538944
C  0  1  15  0  0  2  -0.1622065 -0.0204478 -0.1652874 -0.2075768  0.0527909 -0.0960998 -0.0005785  0.0030026  0.0245393 -0.0415125 -0.0521658 -0.0664799 -0.1081096 -0.1127267 -0.1382841 -0.1045174
C  0  1  15  0  0  3  -0.0598295 -0.0246003 -0.0926007  0.0052437 -0.0070765 -0.0889810 -0.1124787  0.0373612  0.0317001 -0.0445912 -0.1466259 -0.0575112 -0.1050794 -0.1115597 -0.0881134 -0.0739706
C  0  1  15  0  0  4  -0.0304634 -0.0910102  0.0231473 -0.0087482 -0.1175910 -0.0773276 -0.0494879 -0.0151298 -0.0455510  0.0237272 -0.0946341 -0.0232110 -0.1648736 -0.1984579 -0.0360530 -0.0680792
C  0  1  15  0  0  5  -0.0462265  0.0872252 -0.1154896  0.0457525 -0.0111656  0.0070261  0.0186706  0.0041239  0.0457723 -0.0584504  0.0223108 -0.0218549 -0.0234114 -0.0389068  0.1038828 -0.0262429
C  0  1  15  0  0  6  -0.0552506  0.0900382  0.0899130  0.0029512 -0.0540115  0.0603395 -0.0129949 -0.0478671 -0.0374949 -0.0417846 -0.0739002 -0.0542795 -0.0561147 -0.0476375 -0.0258807  0.0485565
C  0  1  15  0  0  7  -0.0442412  0.0865968  0.1009869 -0.0201973  0.0476308  0.0293139  0.0863515 -0.0338506 -0.0597219 -0.0268306  0.0944042 -0.0659077 -0.0051624 -0.0268328 -0.0065657  0.0222286
C  0  1  15  0  0  8  -0.0270261 -0.0300097  0.0692039  0.0865996 -0.0103878  0.0256281  0.0339993 -0.0169499 -0.0150759  0.0397601 -0.0524900  0.0356131 -0.0056806  0.0228725 -0.0801591  0.0348134
C  0  1  15  0  0  9  -0.0403734 -0.0012774 -0.0234450  0.0837088  0.0148287  0.0025265  0.0273851 -0.0491939  0.0150150 -0.0021445  0.1109246  0.0203810 -0.0510114  0.0111631 -0.0045099  0.0736748
C  0  1  15  0  0 10  -0.0538958  0.0079670  0.0700583  0.0018642 -0.0520694 -0.0095373 -0.0274470 -0.0458379  0.0371255 -0.0351426  0.0707644  0.0181101 -0.0355262  0.0803536  0.0438577  0.0274318
C  0  1  15  0  0 11  -0.0604866 -0.0187872 -0.0877475  0.0648783  0.0341368  0.1254497  0.0508672  0.0637569  0.0397031  0.0287789  0.0385040 -0.0072765 -0.0019578  0.0549330  0.0331439  0.0152891
C  0  1  15  0  0 12   0.0652324 -0.0420223  0.0347590  0.0148687  0.0487814  0.0121425 -0.0709153  0.0271621 -0.0366719  0.1178478 -0.0373992 -0.0233527 -0.1172893  0.0114104  0.0437247 -0.0368315
C  0  1  15  0  0 13  -0.0193890 -0.0372727  0.0101966  0.0321988  0.0238660  0.0213670  0.0578287  0.0144459  0.0352619  0.0418083 -0.0715970  0.0051683  0.0263782 -0.0268213  0.0675785  0.0296059
C  0  1  15  0  0 14   0.0209927 -0.0011795  0.0269089 -0.0389947 -0.0119413 -0.0069431 -0.0120365 -0.0136719 -0.0801025 -0.0118682  0.0548449  0.0179521 -0.0378778  0.0090055  0.0334911 -0.0229252
C  0  1  15  0  0 15  -0.0227176 -0.0098552 -0.0226997  0.0000100  0.0147451 -0.0386833  0.0242679  0.0122113  0.0018051 -0.0534124 -0.0280702 -0.1139174 -0.0300126 -0.0048134 -0.1149112  0.0438613
C  0  1  15  0  0 16   0.1040024  0.0005586  0.0341472 -0.1674538  0.0130891 -0.1187321 -0.0644390 -0.0315135 -0.1085359  0.0162342 -0.0394723 -0.0693554 -0.0324951 -0.0096958 -0.0674224  0.0157567
C  0  1  15  0  0 17  -0.0355379 -0.0662609 -0.1923815 -0.0152721 -0.0788942 -0.0978896 -0.0808138  0.0216451 -0.0737347 -0.1228490  0.0601489  0.0118784 -0.1211972 -0.1497977  0.0237973 -0.0228759
C  0  1  15  0  0 18  -0.1006162 -0.1337931 -0.0260038 -0.0003496 -0.1542330 -0.0127903 -0.1626351 -0.1220684 -0.0741280 -0.0262821  0.0077117 -0.1912309 -0.0547683 -0.0211067 -0.2106880  0.0003868
C  0  1  15  0  0 19   0.0101716 -0.1390249 -0.2578131 -0.0088487 -0.0492903 -0.0748304 -0.0991462 -0.0014452 -0.0900417 -0.1344913 -0.0030629 -0.1706819 -0.1322667 -0.0215311 -0.0253863 -0.1181704
C  0  1  15  0  0 20  -0.1475441 -0.1026977 -0.1823309  0.0306339 -0.1204028 -0.2267509 -0.2539539 -0.1797841 -0.1409359 -0.0648389 -0.1399101 -0.0081587 -0.1078678 -0.1741297 -0.1667033 -0.1988334
C  0  1  15  0  0 21  -0.1935191 -0.3433994 -0.3604598 -0.1208269 -0.2748042 -0.2267284 -0.0823483 -0.0225136 -0.2525301 -0.2410665 -0.2865584 -0.2735042 -0.2870336 -0.4163817 -0.1861938 -0.2381341
C  0  1  15  0  1  0   0.0003659  0.0007693 -0.0001910 -0.0031807 -0.0074744  0.0051708  0.0034532  0.0052961  0.0043896 -0.0015575 -0.0026604  0.0069687  0.0026647  0.0021449  0.0073810  0.0081825
C  0  1  15  0  1  1  -0.0023305  0.0017424  0.0000249 -0.0028414 -0.0039962 -0.0011089  0.0015229 -0.0009120  0.0036810 -0.0036708 -0.0028257 -0.0030966  0.0004052  0.0036679  0.0005128  0.0014702
C  0  1  15  0  1  2   0.0011699 -0.0013822 -0.0000300  0.0009006 -0.0034041  0.0005040 -0.0009316 -0.0000749 -0.0016236 -0.0001706 -0.0022147 -0.0024422  0.0025461 -0.0004212 -0.0020260 -0.0026920
C  0  1  15  0  1  3   0.0023588 -0.0004666 -0.0013994 -0.0021233 -0.0047852 -0.0023975  0.0017593 -0.0009926 -0.0038621 -0.0025006 -0.0027404 -0.0006519  0.0011168  0.0006040 -0.0000805  0.0017309
C  0  1  15  0  1  4   0.0018485  0.0003100  0.0015477  0.0020284  0.0000009 -0.0006772  0.0027449  0.0004103  0.0005871  0.0003253  0.0002527 -0.0015353  0.0008663 -0.0014099  0.0006954 -0.0027738
C  0  1  15  0  1  5   0.0010603  0.0021044 -0.0032285 -0.0004766  0.0001884  0.0011536  0.0006595 -0.0002306  0.0001000 -0.0017772  0.0014797  0.0001506 -0.0022837 -0.0010317  0.0011983 -0.0010832
C  0  1  15  0  1  6   0.0004428 -0.0002263  0.0004693 -0.0010364  0.0008053  0.0010050 -0.0015882 -0.0007107  0.0007530  0.0002853 -0.0007106  0.0008926 -0.0015434 -0.0023698  0.0005863 -0.0012652
C  0  1  15  0  1  7   0.0008980 -0.0002141  0.0005624 -0.0001092  0.0026916  0.0006194 -0.0021495  0.0013201  0.0005972 -0.0019646  0.0010018 -0.0031456 -0.0013911 -0.0007935  0.0008886  0.0000911
C  0  1  15  0  1  8   0.0002100  0.0011806 -0.0009000 -0.0012122  0.0008395  0.0010903  0.0015675 -0.0017310  0.0021184  0.0004733  0.0000459 -0.0014997 -0.0014790  0.0022182 -0.0011987  0.0017095
C  0  1  15  0  1  9  -0.0016948  0.0011044  0.0011510 -0.0001835 -0.0006365 -0.0002017 -0.0001410  0.0000894 -0.0006172 -0.0008483 -0.0030061 -0.0006404 -0.0022585 -0.0014652 -0.0013244  0.0005113
C  0  1  15  0  1 10   0.0002349  0.0002807  0.0019727  0.0017430  0.0025570 -0.0022774 -0.0001175 -0.0006650 -0.0019788 -0.0024058 -0.0008870 -0.0012875 -0.0019597 -0.0012875  0.0003296  0.0012057
C  0  1  15  0  1 11   0.0001668  0.0009491 -0.0000796 -0.0000641 -0.0003836 -0.0008091 -0.0037023 -0.0038286 -0.0016788 -0.0000201  0.0004427 -0.0025672  0.0012373 -0.0016727 -0.0004685  0.0002233
C  0  1  15  0  1 12  -0.0001201 -0.0000522 -0.0002781 -0.0005751  0.0004413 -0.0011568  0.0012569 -0.0000886 -0.0008454 -0.0004085 -0.0009868 -0.0004689 -0.0016966  0.0000502  0.0013828  0.0005377
C  0  1  15  0  1 13   0.0020421 -0.0008500 -0.0006278  0.0003418  0.0034986  0.0007769 -0.0027487  0.0005795 -0.0011182 -0.0003117 -0.0019902 -0.0027938 -0.0012674 -0.0005063  0.0003107  0.0016049
C  0  1  15  0  1 14   0.0012093  0.0002935  0.0019556  0.0012043  0.0011528  0.0006778 -0.0010749  0.0005866 -0.0004494 -0.0003215 -0.0002554  0.0004101  0.0013195 -0.0007434 -0.0004895  0.0021589
C  0  1  15  0  1 15   0.0029499 -0.0014996 -0.0011545  0.0005612  0.0000917  0.0010984  0.0014585 -0.0013449  0.0010207 -0.0012790  0.0013846  0.0014939 -0.0015557  0.0001113 -0.0001011  0.0004395
C  0  1  15  0  1 16   0.0025879  0.0014775  0.0015820  0.0014155 -0.0024578  0.0026693  0.0008163  0.0014778  0.0022951  0.0007278 -0.0009318  0.0009114 -0.0004178  0.0007082  0.0036073  0.0016412
C  0  1  15  0  1 17  -0.0005543 -0.0002068 -0.0000696  0.0016468  0.0044539  0.0008591  0.0029058  0.0022624 -0.0036000  0.0035855 -0.0001455  0.0002681  0.0009815  0.0012419  0.0026068  0.0033410
C  0  1  15  0  1 18   0.0055301  0.0032390  0.0016759 -0.0001577 -0.0016800 -0.0007320  0.0043609  0.0014958 -0.0012256 -0.0001976  0.0039483  0.0012001  0.0013955 -0.0025823  0.0037816  0.0065887
C  0  1  15  0  1 19   0.0029234  0.0012428  0.0024365 -0.0000403  0.0003360  0.0005837  0.0018912  0.0001261  0.0028037  0.0038285 -0.0004647 -0.0006818  0.0016453  0.0019587  0.0007234  0.0037490
C  0  1  15  0  1 20   0.0009986  0.0063641  0.0023852  0.0036562  0.0021860  0.0050631  0.0043871  0.0049153  0.0018886  0.0031371  0.0001701 -0.0011054  0.0054018  0.0041038  0.0057996  0.0067141
C  0  1  15  0  1 21   0.0106877  0.0113661  0.0092993  0.0026372  0.0021867 -0.0058674 -0.0088104 -0.0017858 -0.0015047 -0.0021777 -0.0002989  0.0056278  0.0015068  0.0021027  0.0109104  0.0050772
C  0  1  15  1  0  0  -0.3654014 -0.4058780 -0.4051298 -0.3764306 -0.2519801 -0.4609557 -0.4737982 -0.4087286 -0.3503346 -0.3616909 -0.4657447 -0.4852249 -0.4496769 -0.4544498 -0.4911222 -0.4402564
C  0  1  15  1  0  1  -0.3200743 -0.3107645 -0.3147412 -0.2310841 -0.3124520 -0.3102588 -0.3306919 -0.2710417 -0.2985151 -0.2952262 -0.3387569 -0.3188147 -0.3807235 -0.3697362 -0.3202531 -0.3438325
C  0  1  15  1  0  2  -0.3047607 -0.2671383 -0.2614529 -0.3013931 -0.2701414 -0.2640726 -0.2900324 -0.2436609 -0.2308777 -0.2420946 -0.2780598 -0.2609638 -0.3161387 -0.3141401 -0.2335521 -0.3129276
C  0  1  15  1  0  3  -0.2951884 -0.3409757 -0.3048724 -0.2648598 -0.3118589 -0.2452763 -0.1945504 -0.1504921 -0.2147427 -0.2403700 -0.1565303 -0.2572511 -0.3156255 -0.2888176 -0.2846509 -0.3027069
C  0  1  15  1  0  4  -0.2719492 -0.2834440 -0.3054492 -0.2752623 -0.2763249 -0.2375764 -0.2748912 -0.2603457 -0.2496162 -0.2393014 -0.2069547 -0.3174734 -0.3254476 -0.2525499 -0.3015377 -0.3051531
C  0  1  15  1  0  5  -0.1339534 -0.1976083 -0.1485834 -0.1563607 -0.1835378 -0.1323229 -0.2188030 -0.1804324 -0.1979569 -0.1489787 -0.1757489 -0.2246240 -0.2314897 -0.1708468 -0.1841956 -0.1783537
C  0  1  15  1  0  6  -0.1568546 -0.1280887 -0.1882054 -0.1654987 -0.1072505 -0.1751873 -0.1820410 -0.1362325 -0.1311884 -0.1109096 -0.0962427 -0.1334581 -0.1435612 -0.1483415 -0.1515749 -0.1814655
C  0  1  15  1  0  7  -0.1628147 -0.1484206 -0.1168657 -0.1259750 -0.1742811 -0.1881529 -0.1782091 -0.1343088 -0.1267533 -0.0887560 -0.0870884 -0.1158702 -0.1524431 -0.1128030 -0.1480253 -0.1241059
C  0  1  15  1  0  8  -0.1370625 -0.0752389 -0.1133739 -0.1388790 -0.1700248 -0.1598779 -0.1491452 -0.1462639 -0.1711350 -0.0970119 -0.1110751 -0.1616478 -0.1120765 -0.1495224 -0.1483061 -0.1275532
C  0  1  15  1  0  9  -0.1351615 -0.0978626 -0.1207833 -0.1567604 -0.0953007 -0.1374338 -0.1273957 -0.1565513 -0.1409840 -0.1335912 -0.1098723 -0.1277849 -0.1291030 -0.0878068 -0.1565223 -0.1068528
C  0  1  15  1  0 10  -0.1440515 -0.0901228 -0.1290026 -0.1547347 -0.1165178 -0.1336983 -0.1220186 -0.1117644 -0.0630602 -0.1261141 -0.1360960 -0.0837162 -0.0841199 -0.0960347 -0.0949768 -0.0958110
C  0  1  15  1  0 11  -0.1120940 -0.1226780 -0.1228355 -0.1004418 -0.1050583 -0.0883680 -0.1015966 -0.0902444 -0.1521726 -0.0741988 -0.0992918 -0.1027431 -0.0969719 -0.1223466 -0.0891301 -0.1257403
C  0  1  15  1  0 12  -0.0855175 -0.1069398 -0.1177242 -0.0930745 -0.1382095 -0.1225054 -0.0948447 -0.1650117 -0.1148292 -0.1042955 -0.1136852 -0.1297953 -0.0900470 -0.1221757 -0.0844088 -0.1118448
C  0  1  15  1  0 13  -0.0858229 -0.1308861 -0.1489202 -0.1125762 -0.1219517 -0.1509796 -0.1095309 -0.1638613 -0.1232831 -0.1492246 -0.1733169 -0.1326601 -0.1741394 -0.0902870 -0.1668037 -0.0981012
C  0  1  15  1  0 14  -0.1175059 -0.1635695 -0.1425934 -0.1652729 -0.1793804 -0.1328504 -0.1438373 -0.1956215 -0.1826100 -0.1429169 -0.1172058 -0.1414448 -0.1414847 -0.0804331 -0.0993143 -0.1794923
C  0  1  15  1  0 15  -0.1170246 -0.2067520 -0.1463841 -0.1256200 -0.1577730 -0.0770492 -0.1654280 -0.1628583 -0.1971365 -0.1411663 -0.1056104 -0.1744482 -0.1232592 -0.0983257 -0.1036319 -0.1433499
C  0  1  15  1  0 16  -0.1575247 -0.1590498 -0.1611606 -0.1479914 -0.1797213 -0.1839406 -0.2029966 -0.1961978 -0.1554814 -0.1696015 -0.1388366 -0.1607624 -0.1361263 -0.1460336 -0.1141518 -0.1379775
C  0  1  15  1  0 17  -0.2350628 -0.3106972 -0.1858705 -0.2481184 -0.2306998 -0.2492729 -0.2515152 -0.3063998 -0.2526308 -0.2867915 -0.2895261 -0.2260046 -0.1786082 -0.2693668 -0.2410894 -0.2454542
C  0  1  15  1  0 18  -0.2224577 -0.2748313 -0.2620930 -0.2522689 -0.2578654 -0.2606402 -0.2555729 -0.3188144 -0.2060889 -0.2190313 -0.2521492 -0.2305971 -0.2886829 -0.1409964 -0.1874849 -0.2120490
C  0  1  15  1  0 19  -0.2468423 -0.2748882 -0.2871179 -0.3138550 -0.2691785 -0.2825107 -0.2760087 -0.2530673 -0.3039224 -0.3092429 -0.2242397 -0.2624309 -0.2466864 -0.2201138 -0.2720689 -0.2272872
C  0  1  15  1  0 20  -0.2400670 -0.3514543 -0.3746994 -0.3364872 -0.3506536 -0.1945926 -0.2734000 -0.3746714 -0.3203288 -0.3033710 -0.3109561 -0.2712823 -0.3803884 -0.3229158 -0.2748750 -0.3700678
C  0  1  15  1  0 21  -0.4146711 -0.4559058 -0.3710851 -0.4216953 -0.3490601 -0.2753521 -0.4538355 -0.3373553 -0.4326839 -0.3785517 -0.3464888 -0.3603075 -0.3298266 -0.2981395 -0.2724979 -0.4067827
C  0  1  15  1  1  0   0.0457467  0.0487516  0.0407163  0.0236691  0.0009035 -0.0215217 -0.0349656 -0.0440784 -0.0468990 -0.0391688 -0.0347698 -0.0202973  0.0026002  0.0070107  0.0242155  0.0382731
C  0  1  15  1  1  1   0.0229075  0.0214781  0.0162361  0.0095450  0.0012748 -0.0092615 -0.0166191 -0.0202015 -0.0190407 -0.0166733 -0.0170683 -0.0102394  0.0035307  0.0081114  0.0113277  0.0221623
C  0  1  15  1  1  2   0.0108154  0.0106921  0.0075543  0.0048167  0.0000829 -0.0037463 -0.0089792 -0.0095188 -0.0107255 -0.0071942 -0.0077045 -0.0036683 -0.0003495  0.0009678  0.0029115  0.0101760
C  0  1  15  1  1  3   0.0066620  0.0056115  0.0018426  0.0025169 -0.0003536 -0.0013521 -0.0054811 -0.0038813 -0.0008188 -0.0005656 -0.0027068 -0.0024738  0.0010416  0.0020334  0.0013190  0.0066073
C  0  1  15  1  1  4   0.0006972  0.0006335 -0.0005957 -0.0009506  0.0023159  0.0012949 -0.0005235 -0.0002536  0.0027088  0.0008256 -0.0007959 -0.0015481  0.0012446 -0.0008568  0.0030578  0.0011251
C  0  1  15  1  1  5  -0.0000405 -0.0004906 -0.0006163  0.0028711  0.0021144  0.0020844  0.0025363  0.0031314  0.0039148  0.0004215 -0.0018865 -0.0011749  0.0011177  0.0007230  0.0003309 -0.0021776
C  0  1  15  1  1  6   0.0000822  0.0005057  0.0002149  0.0025247  0.0026743  0.0032173  0.0030561  0.0034659  0.0027787 -0.0002668 -0.0002255  0.0000688 -0.0002439 -0.0003168 -0.0015181 -0.0016344
C  0  1  15  1  1  7  -0.0022630  0.0006453  0.0003491  0.0029952  0.0035848  0.0016986  0.0041286  0.0029121  0.0023311 -0.0001769 -0.0014318 -0.0020647  0.0002138 -0.0004355  0.0004014 -0.0023750
C  0  1  15  1  1  8  -0.0029977 -0.0003736  0.0012680 -0.0000065  0.0034206  0.0024262  0.0034591  0.0029328  0.0040093 -0.0001821 -0.0006784 -0.0011158  0.0002161 -0.0005310  0.0002079 -0.0027521
C  0  1  15  1  1  9   0.0002705  0.0014362  0.0002132  0.0017266  0.0012762  0.0020248  0.0027442  0.0025175  0.0008613 -0.0017448  0.0005807 -0.0007255  0.0001810 -0.0010476  0.0000099 -0.0033021
C  0  1  15  1  1 10  -0.0011710  0.0011533  0.0009030  0.0008360  0.0008271  0.0003343  0.0001130  0.0017846  0.0016615 -0.0011377 -0.0021204 -0.0007511 -0.0020516 -0.0008087  0.0006337 -0.0030396
C  0  1  15  1  1 11  -0.0017254  0.0010166  0.0005842  0.0005670  0.0011704 -0.0012719 -0.0009724  0.0007147  0.0009863 -0.0003061 -0.0022456 -0.0012073 -0.0014591 -0.0014208 -0.0007360 -0.0031998
C  0  1  15  1  1 12  -0.0012350  0.0013413  0.0015775  0.0023277  0.0007994  0.0001564 -0.0000611  0.0015141  0.0030075 -0.0001944  0.0003741 -0.0004501 -0.0008222 -0.0018057 -0.0002880 -0.0015856
C  0  1  15  1  1 13  -0.0018979  0.0004780  0.0016875  0.0014062  0.0012107  0.0017188  0.0028868  0.0048776  0.0033195 -0.0006159 -0.0000671 -0.0014419 -0.0013969 -0.0040060 -0.0013683 -0.0024941
C  0  1  15  1  1 14  -0.0016931 -0.0003384  0.0013029  0.0028782  0.0023968  0.0007561  0.0015802  0.0047567  0.0043437  0.0004123  0.0009522 -0.0011007 -0.0029275 -0.0031324 -0.0031335 -0.0039452
C  0  1  15  1  1 15  -0.0024460 -0.0005741  0.0018950  0.0029920  0.0013260 -0.0024396  0.0026506  0.0020622  0.0052287  0.0021429  0.0009834 -0.0005948 -0.0044572 -0.0058198 -0.0071089 -0.0059139
C  0  1  15  1  1 16  -0.0027395  0.0000775  0.0029006  0.0033339  0.0032174  0.0001920  0.0020650  0.0030255  0.0038485  0.0058516  0.0019819  0.0014848 -0.0014462 -0.0017237 -0.0055408 -0.0066817
C  0  1  15  1  1 17  -0.0048372  0.0013505  0.0009430  0.0050494  0.0001420 -0.0024766 -0.0002070  0.0013832  0.0026830  0.0021454  0.0020487 -0.0002704 -0.0022940 -0.0050006 -0.0061898 -0.0051268
C  0  1  15  1  1 18  -0.0002961  0.0052145  0.0039166  0.0061755  0.0033324 -0.0011240 -0.0044282 -0.0013630  0.0018145  0.0031306  0.0016296 -0.0001890 -0.0022024 -0.0051656 -0.0080870 -0.0045861
C  0  1  15  1  1 19   0.0012247  0.0066649  0.0112779  0.0085388  0.0043420  0.0005375 -0.0047558 -0.0015779  0.0002072  0.0042937  0.0006981 -0.0026587 -0.0057544 -0.0058156 -0.0061713 -0.0034003
C  0  1  15  1  1 20  -0.0001284  0.0132308  0.0174151  0.0111997  0.0054866  0.0007225 -0.0035204 -0.0034843  0.0005793  0.0054320  0.0003760 -0.0026851 -0.0078667 -0.0097582 -0.0070437 -0.0059488
C  0  1  15  1  1 21   0.0094968  0.0199419  0.0309640  0.0228736  0.0149369  0.0121935  0.0108716  0.0117512  0.0098491  0.0146429 -0.0000835 -0.0054016 -0.0110812 -0.0192126 -0.0105090 -0.0015533
