CPHI 16 
CETA 22 -2.40 -2.10 -1.85 -1.60 -1.40 -1.20 -1.00 -0.80 -0.60 -0.40 -0.20  0.00  0.20  0.40  0.60  0.80  1.00  1.20  1.40  1.60  1.85  2.10  2.40 
RMIN  6 
RTRK 12 
RETA 11  0.00  0.20  0.40  0.60  0.80  1.00  1.20  1.40  1.60  1.85  2.10  2.40 
T 0 1  16  0  0  0    0.0000000   0.0006354   0.0016764   0.0032186   0.0123973   0.0695365   0.2784248   0.6538646   1.0000000   1.0000000   1.0000000   1.0000000   1.0000000
T 0 1  16  0  0  1    0.0000000   0.0001259   0.0005015   0.0023548   0.0123094   0.0589904   0.2262064   0.5893564   1.0000000   1.0000000   1.0000000   1.0000000   1.0000000
T 0 1  16  0  0  2    0.0000000   0.0001369   0.0005442   0.0017479   0.0108788   0.0558216   0.2099891   0.5736855   1.0000000   1.0000000   1.0000000   1.0000000   1.0000000
T 0 1  16  0  0  3    0.0000000   0.0002095   0.0006103   0.0017513   0.0116576   0.0624363   0.2253470   0.5869645   1.0000000   1.0000000   1.0000000   1.0000000   1.0000000
T 0 1  16  0  0  4    0.0000000   0.0004143   0.0026093   0.0141842   0.0626764   0.2042745   0.4899049   0.8222932   1.0000000   1.0000000   1.0000000   1.0000000   1.0000000
T 0 1  16  0  0  5    0.0000000   0.0009799   0.0072744   0.0510370   0.2053193   0.5317360   0.8748097   0.9993265   1.0000000   1.0000000   1.0000000   1.0000000   1.0000000
T 0 1  16  0  0  6    0.0000000   0.0003272   0.0012627   0.0103998   0.0673863   0.2772441   0.6634223   0.9306094   0.9982475   0.9999994   1.0000000   1.0000000   1.0000000
T 0 1  16  0  0  7    0.0000000   0.0000656   0.0003863   0.0008847   0.0048443   0.0307118   0.1192551   0.2972597   0.5823295   0.8695752   0.9839608   0.9998606   1.0000000
T 0 1  16  0  0  8    0.0000000   0.0000030   0.0000287   0.0001123   0.0004043   0.0010386   0.0041979   0.0248215   0.1189917   0.3939898   0.7888726   0.9694759   1.0000000
T 0 1  16  0  0  9    0.0000000   0.0000122   0.0000135   0.0000304   0.0005206   0.0034732   0.0180976   0.0856926   0.3021332   0.6584835   0.9385790   0.9999422   1.0000000
T 0 1  16  0  0 10    0.0000000   0.0067365   0.0288958   0.0463604   0.0796602   0.1687766   0.3380169   0.6913483   0.9107931   0.9704592   0.9997975   1.0000000   1.0000000
T 0 1  16  1  0  0    0.0000000   0.0005148   0.0016399   0.0047460   0.0213440   0.1017716   0.3374237   0.6994022   1.0000000   1.0000000   1.0000000   1.0000000   1.0000000
T 0 1  16  1  0  1    0.0000000   0.0002633   0.0010891   0.0042307   0.0181163   0.0752157   0.2537985   0.6193956   1.0000000   1.0000000   1.0000000   1.0000000   1.0000000
T 0 1  16  1  0  2    0.0000000   0.0002194   0.0008486   0.0027728   0.0124455   0.0616642   0.2339277   0.6064318   1.0000000   1.0000000   1.0000000   1.0000000   1.0000000
T 0 1  16  1  0  3    0.0000000   0.0002283   0.0008669   0.0027852   0.0140251   0.0700545   0.2491207   0.6198491   1.0000000   1.0000000   1.0000000   1.0000000   1.0000000
T 0 1  16  1  0  4    0.0000000   0.0004356   0.0027620   0.0153929   0.0663357   0.2155446   0.5058694   0.8320271   1.0000000   1.0000000   1.0000000   1.0000000   1.0000000
T 0 1  16  1  0  5    0.0000000   0.0011873   0.0094478   0.0577925   0.2246261   0.5586818   0.8900123   0.9996500   1.0000000   1.0000000   1.0000000   1.0000000   1.0000000
T 0 1  16  1  0  6    0.0000000   0.0004626   0.0026649   0.0180020   0.0942133   0.3329130   0.7236541   0.9536823   0.9988141   0.9999984   1.0000000   1.0000000   1.0000000
T 0 1  16  1  0  7    0.0000000   0.0002246   0.0006446   0.0024765   0.0123245   0.0526267   0.1570011   0.3413836   0.6074237   0.8728054   0.9849908   0.9998878   1.0000000
T 0 1  16  1  0  8    0.0000000   0.0009562   0.0014955   0.0017998   0.0022382   0.0036136   0.0107994   0.0452511   0.1686405   0.4573475   0.8251665   0.9710661   1.0000000
T 0 1  16  1  0  9    0.0000000   0.0021003   0.0074838   0.0131257   0.0159362   0.0198461   0.0401951   0.1288935   0.3661962   0.7154288   0.9583841   0.9999941   1.0000000
T 0 1  16  1  0 10    0.0000000   0.0032254   0.0170235   0.0428863   0.0843736   0.1746921   0.3942474   0.7474223   0.9511020   0.9856143   0.9999985   1.0000000   1.0000000
R 0 1  16  0  0  0    0.0224462   0.0224462   0.0122141   0.0104998   0.0103278   0.0102006   0.0100165   0.0098111   0.0098111   0.0098111   0.0098111   0.0098111
R 0 1  16  0  0  1    0.0118561   0.0118561   0.0118561   0.0118561   0.0110823   0.0109317   0.0109475   0.0108573   0.0108573   0.0108573   0.0108573   0.0108573
R 0 1  16  0  0  2    0.0124525   0.0124525   0.0124525   0.0124525   0.0120529   0.0119984   0.0118401   0.0116740   0.0116740   0.0116740   0.0116740   0.0116740
R 0 1  16  0  0  3    0.0134257   0.0134257   0.0134257   0.0134257   0.0126840   0.0125878   0.0123780   0.0122428   0.0122428   0.0122428   0.0122428   0.0122428
R 0 1  16  0  0  4    0.0187170   0.0187170   0.0187170   0.0173959   0.0168669   0.0159678   0.0145352   0.0130527   0.0130527   0.0130527   0.0130527   0.0130527
R 0 1  16  0  0  5    0.0202140   0.0202140   0.0193363   0.0191125   0.0187177   0.0180783   0.0169630   0.0169630   0.0169630   0.0169630   0.0169630   0.0169630
R 0 1  16  0  0  6    0.0206588   0.0206588   0.0206588   0.0202456   0.0207552   0.0207741   0.0207968   0.0206759   0.0206759   0.0206759   0.0206759   0.0206759
R 0 1  16  0  0  7    0.0227275   0.0227275   0.0227275   0.0227275   0.0206747   0.0212658   0.0212105   0.0209654   0.0206448   0.0196646   0.0196646   0.0196646
R 0 1  16  0  0  8    0.0211683   0.0211683   0.0211683   0.0211683   0.0211683   0.0211683   0.0211683   0.0207416   0.0210615   0.0209871   0.0202796   0.0186335
R 0 1  16  0  0  9    0.0312287   0.0312287   0.0312287   0.0312287   0.0312287   0.0312287   0.0301395   0.0288340   0.0275137   0.0263986   0.0251468   0.0251468
R 0 1  16  0  0 10    0.0782676   0.0707895   0.0604896   0.0528459   0.0473093   0.0441788   0.0409485   0.0355154   0.0337760   0.0308108   0.0308108   0.0308108
R 0 1  16  0  1  0    0.0000000   0.0000000   0.0000000   0.0000981   0.0000842   0.0000812   0.0000735   0.0000665   0.0000665   0.0000665   0.0000665   0.0000665
R 0 1  16  0  1  1    0.0000722   0.0000722   0.0000722   0.0000722   0.0000630   0.0000726   0.0000637   0.0000564   0.0000564   0.0000564   0.0000564   0.0000564
R 0 1  16  0  1  2    0.0000585   0.0000585   0.0000585   0.0000585   0.0000649   0.0000658   0.0000600   0.0000518   0.0000518   0.0000518   0.0000518   0.0000518
R 0 1  16  0  1  3    0.0000619   0.0000619   0.0000619   0.0000619   0.0000651   0.0000580   0.0000556   0.0000497   0.0000497   0.0000497   0.0000497   0.0000497
R 0 1  16  0  1  4    0.0001106   0.0001106   0.0001106   0.0000857   0.0000843   0.0000790   0.0000573   0.0000426   0.0000426   0.0000426   0.0000426   0.0000426
R 0 1  16  0  1  5    0.0001975   0.0001975   0.0000910   0.0000732   0.0000696   0.0000636   0.0000430   0.0000430   0.0000430   0.0000430   0.0000430   0.0000430
R 0 1  16  0  1  6    0.0001254   0.0001254   0.0001254   0.0000393   0.0000620   0.0000640   0.0000539   0.0000262   0.0000262   0.0000262   0.0000262   0.0000262
R 0 1  16  0  1  7    0.0002132   0.0002132   0.0002132   0.0002132   0.0000750   0.0000726   0.0000700   0.0000725   0.0000777   0.0000569   0.0000569   0.0000569
R 0 1  16  0  1  8    0.0001052   0.0001052   0.0001052   0.0001052   0.0001052   0.0001052   0.0001052   0.0000841   0.0001088   0.0001011   0.0000853   0.0000808
R 0 1  16  0  1  9    0.0002394   0.0002394   0.0002394   0.0002394   0.0002394   0.0002394   0.0002283   0.0001964   0.0001904   0.0001534   0.0001288   0.0001288
R 0 1  16  0  1 10    0.0013241   0.0010895   0.0008756   0.0007345   0.0005771   0.0004788   0.0003911   0.0002499   0.0002124   0.0001869   0.0001869   0.0001869
R 0 1  16  0  2  0    0.0000000   0.0000000   0.0000000   0.0001278   0.0000000   0.0000078   0.0000127   0.0000140   0.0000140   0.0000140   0.0000140   0.0000140
R 0 1  16  0  2  1    0.0000000   0.0000000   0.0000000   0.0000000   0.0000000   0.0000086   0.0000110   0.0000066   0.0000066   0.0000066   0.0000066   0.0000066
R 0 1  16  0  2  2    0.0000000   0.0000000   0.0000000   0.0000000   0.0000000   0.0000154   0.0000073   0.0000139   0.0000139   0.0000139   0.0000139   0.0000139
R 0 1  16  0  2  3    0.0000000   0.0000000   0.0000000   0.0000000   0.0000000   0.0000000   0.0000000   0.0000083   0.0000083   0.0000083   0.0000083   0.0000083
R 0 1  16  0  2  4    0.0000000   0.0000000   0.0000000   0.0000000   0.0000000   0.0000000   0.0000070   0.0000151   0.0000151   0.0000151   0.0000151   0.0000151
R 0 1  16  0  2  5    0.0000000   0.0000000   0.0000000   0.0000000   0.0000149   0.0000233   0.0000000   0.0000000   0.0000000   0.0000000   0.0000000   0.0000000
R 0 1  16  0  2  6    0.0000000   0.0000000   0.0000000   0.0000000   0.0000000   0.0000000   0.0000000   0.0000000   0.0000000   0.0000000   0.0000000   0.0000000
R 0 1  16  0  2  7    0.0000000   0.0000000   0.0000000   0.0000000   0.0000954   0.0000000   0.0000000   0.0000000   0.0000000   0.0000000   0.0000000   0.0000000
R 0 1  16  0  2  8    0.0000000   0.0000000   0.0000000   0.0000000   0.0000000   0.0000000   0.0000000   0.0000000   0.0000000   0.0000000   0.0000000   0.0000000
R 0 1  16  0  2  9    0.0000000   0.0000000   0.0000000   0.0000000   0.0000000   0.0000000   0.0000000   0.0000329   0.0000000   0.0000294   0.0000000   0.0000000
R 0 1  16  0  2 10    0.0000000   0.0000000   0.0000000   0.0000000   0.0000000   0.0000000   0.0000524   0.0000362   0.0000000   0.0000000   0.0000000   0.0000000
R 0 1  16  0  3  0    1.1333966   1.1333966   0.9796495   1.0197316   0.9960231   0.9852849   0.9818793   0.9833363   0.9833363   0.9833363   0.9833363   0.9833363
R 0 1  16  0  3  1    1.0188189   1.0188189   1.0188189   1.0188189   0.9925585   0.9825394   0.9798209   0.9790067   0.9790067   0.9790067   0.9790067   0.9790067
R 0 1  16  0  3  2    1.0136848   1.0136848   1.0136848   1.0136848   0.9961937   0.9858411   0.9810157   0.9809696   0.9809696   0.9809696   0.9809696   0.9809696
R 0 1  16  0  3  3    0.9910026   0.9910026   0.9910026   0.9910026   1.0020839   0.9869585   0.9814830   0.9807264   0.9807264   0.9807264   0.9807264   0.9807264
R 0 1  16  0  3  4    1.0231100   1.0231100   1.0231100   0.9913755   0.9795328   0.9723588   0.9773138   0.9871110   0.9871110   0.9871110   0.9871110   0.9871110
R 0 1  16  0  3  5    1.0268596   1.0268596   1.0043533   0.9858155   0.9745764   0.9734264   0.9756211   0.9756211   0.9756211   0.9756211   0.9756211   0.9756211
R 0 1  16  0  3  6    1.0242605   1.0242605   1.0242605   1.0034730   0.9907137   0.9850793   0.9824160   0.9896601   0.9896601   0.9896601   0.9896601   0.9896601
R 0 1  16  0  3  7    1.0171300   1.0171300   1.0171300   1.0171300   1.0382249   0.9995489   0.9891584   0.9851185   0.9874824   0.9902512   0.9902512   0.9902512
R 0 1  16  0  3  8    1.0225359   1.0225359   1.0225359   1.0225359   1.0225359   1.0225359   1.0225359   0.9943795   0.9835632   0.9855512   0.9869120   1.0138108
R 0 1  16  0  3  9    1.0141490   1.0141490   1.0141490   1.0141490   1.0141490   1.0141490   0.9916232   0.9728235   0.9712968   0.9868690   1.0029799   1.0029799
R 0 1  16  0  3 10    1.0483533   1.0326269   1.0338107   1.0037098   0.9734793   0.9721874   0.9684926   0.9688267   1.0032654   1.0028839   1.0028839   1.0028839
R 0 1  16  0  4  0    1.4759104   1.4759104   1.2993916   2.0969015   2.2923416   2.2987039   2.2559063   2.2764545   2.2764545   2.2764545   2.2764545   2.2764545
R 0 1  16  0  4  1    1.9723551   1.9723551   1.9723551   1.9723551   2.1563169   2.1625753   2.2194692   2.2131416   2.2131416   2.2131416   2.2131416   2.2131416
R 0 1  16  0  4  2    1.8707594   1.8707594   1.8707594   1.8707594   2.1841380   2.2600530   2.2361504   2.2417556   2.2417556   2.2417556   2.2417556   2.2417556
R 0 1  16  0  4  3    1.6696351   1.6696351   1.6696351   1.6696351   2.3157298   2.2729229   2.2238346   2.2420548   2.2420548   2.2420548   2.2420548   2.2420548
R 0 1  16  0  4  4    1.8174589   1.8174589   1.8174589   2.0315657   2.0919943   2.0659058   2.1992872   2.2909908   2.2909908   2.2909908   2.2909908   2.2909908
R 0 1  16  0  4  5    1.6399456   1.6399456   2.0552413   2.1774265   2.0817159   2.1111769   2.0025540   2.0025540   2.0025540   2.0025540   2.0025540   2.0025540
R 0 1  16  0  4  6    2.0304940   2.0304940   2.0304940   2.2115823   2.3613189   2.3678324   2.3200581   2.2775611   2.2775611   2.2775611   2.2775611   2.2775611
R 0 1  16  0  4  7    1.7012366   1.7012366   1.7012366   1.7012366   2.3305519   2.3674306   2.3216161   2.3575364   2.3779576   2.3618337   2.3618337   2.3618337
R 0 1  16  0  4  8    2.2219418   2.2219418   2.2219418   2.2219418   2.2219418   2.2219418   2.2219418   2.2049696   2.2346524   2.3059060   2.2519630   2.2205585
R 0 1  16  0  4  9    2.1132591   2.1132591   2.1132591   2.1132591   2.1132591   2.1132591   2.0720093   2.0251320   2.0103267   2.2199555   2.2466437   2.2466437
R 0 1  16  0  4 10    2.0554582   2.2994656   1.9540388   1.9047429   1.9672158   1.9918104   1.9600060   1.9623876   2.1445399   2.0335212   2.0335212   2.0335212
R 0 1  16  0  5  0    8.6638708   8.6638708   7.3535753   3.7883386   3.6072513   3.7050323   4.1611257   3.8534899   3.8534899   3.8534899   3.8534899   3.8534899
R 0 1  16  0  5  1    4.3024919   4.3024919   4.3024919   4.3024919   3.9733667   4.4582592   4.3173922   4.2005385   4.2005385   4.2005385   4.2005385   4.2005385
R 0 1  16  0  5  2    4.6048494   4.6048494   4.6048494   4.6048494   4.0174182   4.0977091   4.0824315   4.2764576   4.2764576   4.2764576   4.2764576   4.2764576
R 0 1  16  0  5  3    5.4552752   5.4552752   5.4552752   5.4552752   3.5498979   3.9426781   4.3667999   4.2905850   4.2905850   4.2905850   4.2905850   4.2905850
R 0 1  16  0  5  4    6.3121665   6.3121665   6.3121665   5.2191294   5.0309502   5.1268464   4.0310583   3.3708109   3.3708109   3.3708109   3.3708109   3.3708109
R 0 1  16  0  5  5    5.6753376   5.6753376   5.1224728   4.5774451   5.3826305   4.5011197   4.2162436   4.2162436   4.2162436   4.2162436   4.2162436   4.2162436
R 0 1  16  0  5  6    3.0985588   3.0985588   3.0985588   4.0984087   3.2524362   2.9055341   2.4484623   2.0034429   2.0034429   2.0034429   2.0034429   2.0034429
R 0 1  16  0  5  7    5.0340852   5.0340852   5.0340852   5.0340852   3.5311448   3.1391360   3.1023009   2.8483755   2.6350731   2.0400822   2.0400822   2.0400822
R 0 1  16  0  5  8    3.8564629   3.8564629   3.8564629   3.8564629   3.8564629   3.8564629   3.8564629   4.4955769   4.6506954   3.9490848   3.9230543   4.2462715
R 0 1  16  0  5  9    4.6518036   4.6518036   4.6518036   4.6518036   4.6518036   4.6518036   6.5916978   6.4932417   6.9341069   5.3738437   5.4696928   5.4696928
R 0 1  16  0  5 10    4.9848132   3.7506920   4.3888353   5.8185294   5.2702730   6.5046407   8.0092904   7.9524659   5.6218678   6.7743189   6.7743189   6.7743189
F  0  1  16  0  0  0    0.9659815   1.0330715   0.9763814   1.0231312   0.9763214   0.9859465   0.9802577   0.9935793   1.0001715   0.9885508   0.9806773
F  0  1  16  1  0  0    1.0619140   1.1043316   1.0305350   1.0749543   1.0595725   1.0754410   1.0635173   1.0539925   1.0502799   1.0704441   1.0812065
C  0  1  16  0  0  0  -0.2170370 -0.0949497 -0.2437319 -0.5023526 -0.3273092 -0.2258992 -0.1809830 -0.1433273 -0.2359335 -0.2871087 -0.1851370 -0.1696247 -0.2644930 -0.4160937 -0.3214905 -0.0240413
C  0  1  16  0  0  1  -0.0855406 -0.0890631 -0.1170040 -0.1571547 -0.0753923 -0.1386361 -0.1793273 -0.1774810 -0.0206015 -0.1842448  0.0007939 -0.0628135 -0.1832060 -0.0775757 -0.2860919  0.0428637
C  0  1  16  0  0  2  -0.1360449 -0.1163431 -0.1096838 -0.1639467  0.0288405 -0.0258081 -0.0529403 -0.2050960 -0.0228593 -0.0241123 -0.0591482 -0.0623574 -0.1541372 -0.0697883 -0.0788363 -0.0609133
C  0  1  16  0  0  3  -0.0645209 -0.0482439 -0.2252302 -0.0845560  0.0870924 -0.1078831 -0.1196839 -0.1030512 -0.0325097 -0.0632839 -0.1632031 -0.1290360 -0.0873487 -0.2020476 -0.0524303  0.0048920
C  0  1  16  0  0  4  -0.1301201 -0.1766513 -0.0544017 -0.1097508 -0.0913803 -0.1027021 -0.0404566 -0.1238188 -0.0637823  0.0148718 -0.0256917 -0.0266069 -0.2175605 -0.1452183 -0.0698875 -0.0357118
C  0  1  16  0  0  5  -0.1045451  0.0166973  0.0102511  0.0387136  0.0507580 -0.0681331 -0.0707480  0.0225596 -0.0058438 -0.0110655 -0.0616280  0.0004002 -0.0438838  0.0593588  0.1081872 -0.1461751
C  0  1  16  0  0  6   0.0665370  0.1170842  0.0812571  0.0175667 -0.0000469 -0.0214297 -0.0801803 -0.0664819 -0.0295155 -0.0914562  0.0074853  0.1444726 -0.1272544  0.0421759 -0.0356706  0.0363151
C  0  1  16  0  0  7  -0.1126191  0.1139055 -0.0234171 -0.0226675 -0.0133076  0.0372406  0.0466648 -0.0830837 -0.0296428 -0.0150859 -0.0421614 -0.0382861  0.0589658 -0.0498189 -0.0449215  0.0127154
C  0  1  16  0  0  8  -0.0489344  0.0358705  0.0287372  0.0479638  0.0579893 -0.0051237  0.0354785 -0.0313482  0.0017909  0.0189059 -0.0522422  0.0088504  0.0099943  0.0401977  0.0109564  0.0094032
C  0  1  16  0  0  9   0.0762590  0.0670286  0.0465654  0.0101801  0.0191200  0.0536259  0.0212193  0.0174544 -0.0333831  0.0108248  0.0081939 -0.0059812 -0.0615751  0.1064751  0.0167592  0.0558756
C  0  1  16  0  0 10   0.0081403  0.0598271  0.0338083  0.1110093 -0.0412112  0.0024935  0.0202659  0.0209731  0.0334993 -0.0452765 -0.0302002 -0.0174210 -0.0540731  0.0282339  0.0299236  0.0982494
C  0  1  16  0  0 11  -0.0888603  0.0685685 -0.0509653  0.0739168  0.0444714  0.0669111  0.0138377  0.1041603  0.0077655 -0.0422716 -0.0193377 -0.0489454  0.0257989  0.0628947  0.0251158  0.0026356
C  0  1  16  0  0 12   0.1158676 -0.0216558  0.0089754  0.0310844  0.0078227  0.0338866 -0.0359374  0.0149484 -0.0677862  0.1081469 -0.0299726  0.0687647 -0.1144171  0.0673826  0.0600808  0.0755947
C  0  1  16  0  0 13  -0.0318166  0.0239156  0.0122263  0.0606495  0.0138451 -0.0609052  0.0194469  0.0204861  0.0475209  0.0203134 -0.0242144 -0.0206138  0.0456471 -0.0025629  0.0216402 -0.0027492
C  0  1  16  0  0 14  -0.1169626  0.0558227 -0.0134946  0.0001311 -0.0012953 -0.0027844 -0.0004893  0.0701132 -0.0509998  0.0069528 -0.0069325 -0.0455148  0.0580505  0.0328688 -0.0029908 -0.0582162
C  0  1  16  0  0 15  -0.0391468  0.0158800  0.0292752  0.0313721  0.0546942 -0.0314342 -0.0106234 -0.0143533 -0.0057342  0.0295569 -0.0227185 -0.0483473 -0.1090042  0.0035645 -0.0238037 -0.0085783
C  0  1  16  0  0 16   0.0450955 -0.0454704 -0.0464302  0.0061677  0.0404125 -0.1221321  0.0381143 -0.0352458 -0.0768570  0.1073007 -0.0319812 -0.0692608 -0.0864700 -0.0088718 -0.0739289 -0.0082998
C  0  1  16  0  0 17  -0.0858744 -0.0528483 -0.1229967 -0.0854756 -0.1664266  0.0344896 -0.0251368 -0.0932823 -0.0083726 -0.0283785  0.0498431  0.0612460 -0.0503385 -0.2429848 -0.0128091 -0.0068485
C  0  1  16  0  0 18  -0.1444348 -0.0154205 -0.0281887  0.0313665 -0.0949025  0.0525869 -0.1689611 -0.0768439 -0.0882348 -0.0978076 -0.0866168 -0.1503508 -0.0107001 -0.0311751 -0.1451958  0.1006074
C  0  1  16  0  0 19   0.0456910 -0.1410452 -0.0861545 -0.0168677 -0.0655336 -0.0771815 -0.1175718 -0.0494356 -0.0608248  0.0047653 -0.1705892 -0.1183891 -0.1340399 -0.1069335 -0.0735583 -0.0110038
C  0  1  16  0  0 20  -0.0284435 -0.0498206  0.0298604 -0.0515811 -0.1349769 -0.1673926 -0.1960353 -0.0978981 -0.1103020 -0.3366650 -0.1737273  0.0024200 -0.0340833 -0.1690337 -0.1127973 -0.1986927
C  0  1  16  0  0 21  -0.2190935 -0.2152220 -0.2958307 -0.2313688 -0.2920525 -0.1392370 -0.3415453 -0.1662842 -0.0690171 -0.2481402 -0.3109591 -0.2460192 -0.3824593 -0.3333586 -0.3282693 -0.1630560
C  0  1  16  0  1  0   0.0008640 -0.0008863 -0.0003564 -0.0010527 -0.0029633 -0.0006735 -0.0001193  0.0010920  0.0034813 -0.0013560 -0.0017385  0.0055920  0.0023516  0.0045158  0.0038642  0.0023708
C  0  1  16  0  1  1   0.0013412  0.0002369 -0.0024838 -0.0044109 -0.0015071 -0.0032371  0.0066352  0.0020357  0.0030692 -0.0012535 -0.0021519 -0.0052652  0.0052930  0.0040600  0.0027589  0.0023386
C  0  1  16  0  1  2   0.0022569  0.0006296 -0.0008288 -0.0001659  0.0002478  0.0010019  0.0007668  0.0002914 -0.0008271  0.0006303 -0.0020287 -0.0022596  0.0012084 -0.0015460 -0.0000268 -0.0003418
C  0  1  16  0  1  3   0.0025342  0.0006083  0.0010641 -0.0015129 -0.0011714 -0.0004489  0.0023892 -0.0014193 -0.0043963 -0.0027137 -0.0012852 -0.0006408  0.0000127 -0.0016450  0.0023726  0.0035588
C  0  1  16  0  1  4   0.0023614 -0.0005954 -0.0001733  0.0027566  0.0004839 -0.0021388  0.0028445  0.0009675  0.0023945 -0.0017416 -0.0012796 -0.0038917  0.0022002 -0.0003401 -0.0000411 -0.0042950
C  0  1  16  0  1  5  -0.0004084  0.0017319 -0.0009047  0.0016030 -0.0013650 -0.0017209 -0.0008255  0.0003254  0.0015167  0.0011107  0.0023099 -0.0014707 -0.0018378  0.0010967  0.0005331  0.0012912
C  0  1  16  0  1  6   0.0030346  0.0005111  0.0002960  0.0010820  0.0008843  0.0002774 -0.0012653  0.0005411  0.0030434 -0.0022223  0.0007682  0.0018655  0.0005691 -0.0037775  0.0028396 -0.0008469
C  0  1  16  0  1  7   0.0030679 -0.0009614  0.0003085  0.0003923  0.0036045  0.0005900 -0.0005214 -0.0010281  0.0013943 -0.0012799  0.0021088 -0.0017406 -0.0011732 -0.0012665  0.0001689 -0.0003321
C  0  1  16  0  1  8   0.0023149  0.0000637  0.0001059 -0.0020952  0.0013059  0.0009582  0.0016341  0.0001473  0.0014596  0.0013307 -0.0008395  0.0000332  0.0003823  0.0000891 -0.0001910  0.0007735
C  0  1  16  0  1  9  -0.0024062  0.0012851  0.0023530  0.0000871  0.0002982  0.0000894  0.0002819  0.0003819 -0.0000554 -0.0006563 -0.0045586 -0.0006416 -0.0019602  0.0004411 -0.0021155  0.0009904
C  0  1  16  0  1 10   0.0018600  0.0003287  0.0018694  0.0009993  0.0029450 -0.0004879 -0.0001909 -0.0002580 -0.0015695 -0.0021112  0.0007852 -0.0001806 -0.0012036 -0.0009781  0.0011237  0.0012156
C  0  1  16  0  1 11   0.0012220  0.0000550  0.0007542  0.0013479 -0.0006757  0.0002800 -0.0026930 -0.0023843 -0.0017387 -0.0003079  0.0002578 -0.0013698  0.0019284 -0.0003586 -0.0001237  0.0000950
C  0  1  16  0  1 12   0.0007949 -0.0015346  0.0003269 -0.0003920  0.0008676  0.0002492  0.0006862 -0.0010936  0.0014107  0.0002503  0.0005842  0.0011029  0.0015905 -0.0002740  0.0008894  0.0007677
C  0  1  16  0  1 13   0.0018277 -0.0024937  0.0018340  0.0021523  0.0029943 -0.0006220 -0.0007139  0.0013186 -0.0013110 -0.0012749 -0.0016123 -0.0014992 -0.0016542  0.0024555  0.0004980  0.0020009
C  0  1  16  0  1 14  -0.0003056 -0.0001457  0.0020239  0.0015329  0.0025127  0.0030329 -0.0002685  0.0021115  0.0001991  0.0004221 -0.0010940 -0.0015261  0.0014544 -0.0004325  0.0002739  0.0011891
C  0  1  16  0  1 15   0.0038994  0.0010169 -0.0001704 -0.0011853  0.0023159  0.0016800  0.0006198 -0.0002102  0.0002707 -0.0013006 -0.0006591  0.0023458  0.0000637  0.0000613  0.0039399  0.0008977
C  0  1  16  0  1 16   0.0020649  0.0036521  0.0011278  0.0004521 -0.0010384  0.0030159  0.0013606  0.0020251  0.0021917  0.0004595  0.0017956  0.0013194 -0.0015181  0.0006265  0.0027245  0.0003180
C  0  1  16  0  1 17   0.0023127 -0.0012748  0.0002421  0.0019230  0.0017197  0.0033791  0.0023298  0.0036703 -0.0003602  0.0040429  0.0014783  0.0014636  0.0007183 -0.0009579  0.0048439  0.0037470
C  0  1  16  0  1 18   0.0035038  0.0065304  0.0046134  0.0010584  0.0007796  0.0025476  0.0049690  0.0013292 -0.0003921  0.0028474  0.0031374  0.0046823 -0.0011627  0.0003224  0.0067902  0.0058008
C  0  1  16  0  1 19   0.0038387  0.0009883  0.0018994  0.0066061  0.0024496  0.0008804  0.0033915  0.0027869  0.0041077  0.0047337  0.0001554  0.0016935  0.0031430  0.0031993  0.0041372  0.0056878
C  0  1  16  0  1 20   0.0076831  0.0044666  0.0070579  0.0055180  0.0006137  0.0048149  0.0060990  0.0025519  0.0041640  0.0047139 -0.0036499  0.0002785  0.0014653  0.0033553  0.0057184  0.0048244
C  0  1  16  0  1 21   0.0156000  0.0132298  0.0059609 -0.0002551 -0.0024132 -0.0063997 -0.0118718 -0.0011131 -0.0010736 -0.0035347 -0.0009582  0.0065429 -0.0027822  0.0089077  0.0094034  0.0036632
C  0  1  16  1  0  0  -0.4440551 -0.3363544 -0.3645070 -0.3053908 -0.2924891 -0.3511476 -0.3683237 -0.3112426 -0.2844924 -0.2663202 -0.3872631 -0.5062361 -0.4446398 -0.4270754 -0.4236390 -0.4626009
C  0  1  16  1  0  1  -0.3366734 -0.3194220 -0.3425069 -0.2631579 -0.3621580 -0.2495249 -0.2490072 -0.2011884 -0.3073981 -0.3101191 -0.3551415 -0.2924075 -0.3899027 -0.3999224 -0.3352288 -0.3823519
C  0  1  16  1  0  2  -0.3822678 -0.3572162 -0.2484227 -0.3246079 -0.3204263 -0.2848010 -0.2540743 -0.1928101 -0.2864069 -0.2553909 -0.2803480 -0.3179843 -0.3527684 -0.3637139 -0.3275970 -0.3222522
C  0  1  16  1  0  3  -0.3246326 -0.3143699 -0.2842368 -0.2699580 -0.2862845 -0.2232926 -0.2044836 -0.1270058 -0.1401174 -0.2371932 -0.2096303 -0.2914090 -0.2613539 -0.3069409 -0.3367991 -0.2524061
C  0  1  16  1  0  4  -0.2421783 -0.2950781 -0.2966597 -0.2206019 -0.2547290 -0.2060406 -0.2635104 -0.2602428 -0.1834024 -0.2130058 -0.2159373 -0.2862797 -0.2916638 -0.2371153 -0.3181089 -0.3066882
C  0  1  16  1  0  5  -0.2139196 -0.1582328 -0.1706699 -0.1645824 -0.1437517 -0.1760196 -0.1746973 -0.1175505 -0.1409797 -0.1316151 -0.1839425 -0.1718316 -0.2552571 -0.1532726 -0.1858647 -0.2265380
C  0  1  16  1  0  6  -0.1456458 -0.1273449 -0.1603013 -0.1802465 -0.1389706 -0.1305136 -0.1253252 -0.1496456 -0.1254588 -0.1308486 -0.1067482 -0.1326631 -0.1089031 -0.1620490 -0.1940715 -0.2014047
C  0  1  16  1  0  7  -0.1505649 -0.1711095 -0.1340357 -0.1314436 -0.1401452 -0.1594241 -0.1488839 -0.1255955 -0.1528015 -0.1174833 -0.1231361 -0.1641559 -0.1558772 -0.1875477 -0.1544423 -0.1307588
C  0  1  16  1  0  8  -0.1625207 -0.0726242 -0.1121836 -0.1334552 -0.1244748 -0.1301227 -0.1282707 -0.1763329 -0.1501881 -0.1148494 -0.1605846 -0.1515899 -0.1308609 -0.1661306 -0.1493929 -0.1261173
C  0  1  16  1  0  9  -0.1270600 -0.1191451 -0.0881520 -0.0980568 -0.1065912 -0.1102879 -0.1017784 -0.1505495 -0.0885959 -0.1097768 -0.0607482 -0.1469116 -0.1390926 -0.1194604 -0.1365429 -0.1364300
C  0  1  16  1  0 10  -0.1369033 -0.0989845 -0.0866745 -0.1444614 -0.1136395 -0.1121350 -0.1130077 -0.1094827 -0.1050534 -0.1455317 -0.1170041 -0.1003788 -0.1059552 -0.1322015 -0.1106613 -0.1451936
C  0  1  16  1  0 11  -0.1436277 -0.0922272 -0.1108476 -0.1022824 -0.0659130 -0.1114902 -0.1064259 -0.0895728 -0.1241847 -0.0667992 -0.0851835 -0.1316563 -0.1339461 -0.1100472 -0.1010016 -0.1141916
C  0  1  16  1  0 12  -0.0801927 -0.1185712 -0.1448046 -0.0961530 -0.1244160 -0.0897812 -0.1302081 -0.1802107 -0.1385499 -0.0962452 -0.1091480 -0.0723266 -0.1120897 -0.1374016 -0.1131404 -0.1001422
C  0  1  16  1  0 13  -0.1229329 -0.1522545 -0.1577282 -0.1328225 -0.1299599 -0.1369646 -0.1359691 -0.1286174 -0.1097696 -0.1465652 -0.1423882 -0.1592171 -0.1412356 -0.1534076 -0.1358949 -0.0990158
C  0  1  16  1  0 14  -0.1699897 -0.1750274 -0.1273740 -0.1597991 -0.1664262 -0.1258512 -0.1571156 -0.2095957 -0.1505134 -0.1515220 -0.1173469 -0.1479742 -0.1502588 -0.0898446 -0.1382334 -0.1676626
C  0  1  16  1  0 15  -0.1788686 -0.1609698 -0.1387416 -0.1482018 -0.1501007 -0.1212822 -0.1579560 -0.1723124 -0.1375437 -0.1350375 -0.1286351 -0.1999028 -0.1467775 -0.1033296 -0.0826903 -0.1352689
C  0  1  16  1  0 16  -0.1713577 -0.1215315 -0.1022564 -0.1506091 -0.1174225 -0.1499987 -0.1990647 -0.1963096 -0.1726430 -0.2297668 -0.1541999 -0.1804565 -0.1298841 -0.1707244 -0.1587636 -0.1568294
C  0  1  16  1  0 17  -0.2812939 -0.2580065 -0.2265770 -0.3167841 -0.2276024 -0.2432881 -0.2678227 -0.2485086 -0.2383618 -0.2772737 -0.2223473 -0.2045687 -0.1912942 -0.2902708 -0.2425297 -0.2353281
C  0  1  16  1  0 18  -0.2658716 -0.2654841 -0.2151909 -0.2531520 -0.2265913 -0.2591536 -0.2607811 -0.2495265 -0.1879366 -0.2267553 -0.2448316 -0.2755486 -0.2703026 -0.1765082 -0.1750435 -0.1968213
C  0  1  16  1  0 19  -0.2784544 -0.2768573 -0.3017622 -0.3200519 -0.3151803 -0.2533545 -0.2893620 -0.2452424 -0.3125970 -0.2963201 -0.2509809 -0.2945631 -0.2662029 -0.2861498 -0.2632192 -0.2415924
C  0  1  16  1  0 20  -0.2024592 -0.3072718 -0.3887666 -0.3775378 -0.3201005 -0.2227235 -0.2533538 -0.3632268 -0.3379484 -0.2978396 -0.2948186 -0.2979768 -0.3881423 -0.3107378 -0.2559458 -0.2829504
C  0  1  16  1  0 21  -0.3668128 -0.3553978 -0.3582362 -0.4346425 -0.3538472 -0.2865062 -0.3803250 -0.2616848 -0.5049862 -0.3767188 -0.3726361 -0.3558092 -0.3063356 -0.3413944 -0.3071196 -0.4458001
C  0  1  16  1  1  0   0.0453066  0.0509934  0.0394625  0.0252899  0.0023921 -0.0202965 -0.0333435 -0.0407007 -0.0476280 -0.0357580 -0.0343243 -0.0178740  0.0022116  0.0063896  0.0241550  0.0352434
C  0  1  16  1  1  1   0.0226272  0.0235395  0.0179794  0.0109608  0.0035145 -0.0069454 -0.0147480 -0.0165714 -0.0191024 -0.0146211 -0.0150252 -0.0080071  0.0024681  0.0096914  0.0137772  0.0252682
C  0  1  16  1  1  2   0.0134873  0.0140999  0.0099221  0.0075440  0.0011750 -0.0030073 -0.0082071 -0.0088705 -0.0080215 -0.0053202 -0.0049061 -0.0022689  0.0005001  0.0031842  0.0048624  0.0130638
C  0  1  16  1  1  3   0.0072074  0.0087808  0.0028510  0.0042072  0.0016700  0.0003285 -0.0037823 -0.0019395  0.0008402  0.0004882 -0.0014106 -0.0002712  0.0012366  0.0027357  0.0017587  0.0061846
C  0  1  16  1  1  4   0.0022967  0.0029855 -0.0001227 -0.0006248  0.0024375  0.0010217  0.0002809  0.0014380  0.0042655  0.0021856  0.0001693  0.0001986  0.0014578  0.0005258  0.0035755  0.0025545
C  0  1  16  1  1  5   0.0015250  0.0001427 -0.0002013  0.0046124  0.0026791  0.0034251  0.0037423  0.0043504  0.0050001  0.0025496 -0.0008307 -0.0005087  0.0024623  0.0025963  0.0018323  0.0000492
C  0  1  16  1  1  6   0.0010789  0.0011797  0.0020485  0.0034660  0.0046512  0.0039444  0.0047900  0.0049010  0.0052490  0.0021739  0.0000399  0.0016753  0.0007417  0.0015804  0.0010288 -0.0000812
C  0  1  16  1  1  7  -0.0006851  0.0020323  0.0023048  0.0042281  0.0042759  0.0037157  0.0065085  0.0040184  0.0034730  0.0001990 -0.0000582 -0.0008998  0.0014653  0.0006517  0.0012586 -0.0017224
C  0  1  16  1  1  8  -0.0010552  0.0012416  0.0022585  0.0023110  0.0050052  0.0030006  0.0042502  0.0043817  0.0050438  0.0010119  0.0005075  0.0002928  0.0021163  0.0010870  0.0012367 -0.0013436
C  0  1  16  1  1  9   0.0011060  0.0021526  0.0011039  0.0036085  0.0021497  0.0022783  0.0034296  0.0035190  0.0023597 -0.0008244  0.0012880  0.0006050  0.0012251 -0.0005585  0.0004500 -0.0024696
C  0  1  16  1  1 10  -0.0005010  0.0021317  0.0021621  0.0017135  0.0023548  0.0014737  0.0014191  0.0029363  0.0031646  0.0009888 -0.0011267  0.0004492 -0.0001325  0.0009264  0.0017565 -0.0005567
C  0  1  16  1  1 11  -0.0002665  0.0018117  0.0020085  0.0019707  0.0023624  0.0001174  0.0013308  0.0025451  0.0025694  0.0015660 -0.0013993  0.0003420 -0.0002091 -0.0004800  0.0004296 -0.0013086
C  0  1  16  1  1 12  -0.0005582  0.0020152  0.0020478  0.0030788  0.0021490  0.0009998  0.0006538  0.0032326  0.0036076  0.0013605  0.0014881  0.0009176  0.0010829 -0.0006577  0.0010314 -0.0004385
C  0  1  16  1  1 13  -0.0000299  0.0021444  0.0025776  0.0039757  0.0018148  0.0030668  0.0046641  0.0057612  0.0044981  0.0017113  0.0005739  0.0000457 -0.0003359 -0.0028839  0.0003006 -0.0013210
C  0  1  16  1  1 14  -0.0006739  0.0009914  0.0015126  0.0031945  0.0035241  0.0019706  0.0029930  0.0056096  0.0047504  0.0022598  0.0013558 -0.0012877 -0.0012465 -0.0014438 -0.0013707 -0.0029153
C  0  1  16  1  1 15  -0.0018973  0.0004710  0.0026770  0.0049405  0.0031954 -0.0001233  0.0040248  0.0042022  0.0075827  0.0025006  0.0020129 -0.0000360 -0.0029295 -0.0048102 -0.0050646 -0.0044400
C  0  1  16  1  1 16  -0.0000622  0.0023444  0.0041998  0.0038153  0.0038477  0.0013886  0.0048992  0.0047462  0.0038478  0.0074394  0.0034226  0.0023344 -0.0003595 -0.0014524 -0.0039700 -0.0038260
C  0  1  16  1  1 17  -0.0041110  0.0020567  0.0021270  0.0059395  0.0016220 -0.0015814  0.0003827  0.0019691  0.0039050  0.0054818  0.0042107  0.0019108 -0.0014851 -0.0032845 -0.0045669 -0.0046642
C  0  1  16  1  1 18   0.0002445  0.0076442  0.0059886  0.0068098  0.0058758  0.0003549 -0.0014856 -0.0005218  0.0026920  0.0053575  0.0023614  0.0013951 -0.0013377 -0.0035185 -0.0066947 -0.0034451
C  0  1  16  1  1 19   0.0017707  0.0087823  0.0128464  0.0103034  0.0064157  0.0020659 -0.0023193  0.0009366  0.0025655  0.0071513  0.0028283  0.0012691 -0.0018970 -0.0042904 -0.0054462 -0.0007858
C  0  1  16  1  1 20   0.0030620  0.0136113  0.0175061  0.0148723  0.0066743  0.0033381 -0.0025656 -0.0013130  0.0003517  0.0061073  0.0012988 -0.0012957 -0.0065125 -0.0088578 -0.0057469 -0.0051579
C  0  1  16  1  1 21   0.0080131  0.0210502  0.0303273  0.0222179  0.0157389  0.0178750  0.0116101  0.0117030  0.0109822  0.0133743  0.0026734 -0.0038562 -0.0098351 -0.0192102 -0.0067862  0.0020098
