CPHI 16 
CETA 22 -2.40 -2.10 -1.85 -1.60 -1.40 -1.20 -1.00 -0.80 -0.60 -0.40 -0.20  0.00  0.20  0.40  0.60  0.80  1.00  1.20  1.40  1.60  1.85  2.10  2.40 
RMIN  6 
RTRK 12 
RETA 11  0.00  0.20  0.40  0.60  0.80  1.00  1.20  1.40  1.60  1.85  2.10  2.40 
T 0 1  17  0  0  0    0.0000000   0.0006093   0.0016118   0.0031502   0.0121016   0.0692029   0.2789694   0.6544611   1.0000000   1.0000000   1.0000000   1.0000000   1.0000000
T 0 1  17  0  0  1    0.0000000   0.0001307   0.0005068   0.0024039   0.0124575   0.0586878   0.2259210   0.5890010   1.0000000   1.0000000   1.0000000   1.0000000   1.0000000
T 0 1  17  0  0  2    0.0000000   0.0001343   0.0005584   0.0017202   0.0106997   0.0555069   0.2084497   0.5741759   1.0000000   1.0000000   1.0000000   1.0000000   1.0000000
T 0 1  17  0  0  3    0.0000000   0.0001892   0.0005670   0.0017482   0.0115180   0.0627368   0.2256867   0.5865600   1.0000000   1.0000000   1.0000000   1.0000000   1.0000000
T 0 1  17  0  0  4    0.0000000   0.0003844   0.0025441   0.0142613   0.0630498   0.2043911   0.4901006   0.8226257   1.0000000   1.0000000   1.0000000   1.0000000   1.0000000
T 0 1  17  0  0  5    0.0000000   0.0010122   0.0074311   0.0510279   0.2057931   0.5325566   0.8762328   0.9994203   1.0000000   1.0000000   1.0000000   1.0000000   1.0000000
T 0 1  17  0  0  6    0.0000000   0.0003185   0.0012880   0.0104756   0.0670832   0.2762473   0.6626225   0.9309898   0.9981613   0.9999976   1.0000000   1.0000000   1.0000000
T 0 1  17  0  0  7    0.0000000   0.0000504   0.0004202   0.0009020   0.0048573   0.0312614   0.1197767   0.2977538   0.5816003   0.8692740   0.9841049   0.9998667   1.0000000
T 0 1  17  0  0  8    0.0000000   0.0000019   0.0000420   0.0001247   0.0004236   0.0010496   0.0042751   0.0248691   0.1194082   0.3932618   0.7895806   0.9696103   1.0000000
T 0 1  17  0  0  9    0.0000000   0.0000086   0.0000139   0.0000371   0.0005296   0.0035963   0.0183104   0.0857746   0.3017444   0.6582843   0.9388814   0.9999321   1.0000000
T 0 1  17  0  0 10    0.0000000   0.0068803   0.0293521   0.0467815   0.0800684   0.1691258   0.3385161   0.6894134   0.9103206   0.9701144   0.9998411   1.0000000   1.0000000
T 0 1  17  1  0  0    0.0000000   0.0005148   0.0016399   0.0047460   0.0213440   0.1017716   0.3374237   0.6994022   1.0000000   1.0000000   1.0000000   1.0000000   1.0000000
T 0 1  17  1  0  1    0.0000000   0.0002633   0.0010891   0.0042307   0.0181163   0.0752157   0.2537985   0.6193956   1.0000000   1.0000000   1.0000000   1.0000000   1.0000000
T 0 1  17  1  0  2    0.0000000   0.0002194   0.0008486   0.0027728   0.0124455   0.0616642   0.2339277   0.6064318   1.0000000   1.0000000   1.0000000   1.0000000   1.0000000
T 0 1  17  1  0  3    0.0000000   0.0002283   0.0008669   0.0027852   0.0140251   0.0700545   0.2491207   0.6198491   1.0000000   1.0000000   1.0000000   1.0000000   1.0000000
T 0 1  17  1  0  4    0.0000000   0.0004356   0.0027620   0.0153929   0.0663357   0.2155446   0.5058694   0.8320271   1.0000000   1.0000000   1.0000000   1.0000000   1.0000000
T 0 1  17  1  0  5    0.0000000   0.0011873   0.0094478   0.0577925   0.2246261   0.5586818   0.8900123   0.9996500   1.0000000   1.0000000   1.0000000   1.0000000   1.0000000
T 0 1  17  1  0  6    0.0000000   0.0004626   0.0026649   0.0180020   0.0942133   0.3329130   0.7236541   0.9536823   0.9988141   0.9999984   1.0000000   1.0000000   1.0000000
T 0 1  17  1  0  7    0.0000000   0.0002246   0.0006446   0.0024765   0.0123245   0.0526267   0.1570011   0.3413836   0.6074237   0.8728054   0.9849908   0.9998878   1.0000000
T 0 1  17  1  0  8    0.0000000   0.0009562   0.0014955   0.0017998   0.0022382   0.0036136   0.0107994   0.0452511   0.1686405   0.4573475   0.8251665   0.9710661   1.0000000
T 0 1  17  1  0  9    0.0000000   0.0021003   0.0074838   0.0131257   0.0159362   0.0198461   0.0401951   0.1288935   0.3661962   0.7154288   0.9583841   0.9999941   1.0000000
T 0 1  17  1  0 10    0.0000000   0.0032254   0.0170235   0.0428863   0.0843736   0.1746921   0.3942474   0.7474223   0.9511020   0.9856143   0.9999985   1.0000000   1.0000000
R 0 1  17  0  0  0    0.0236004   0.0236004   0.0124661   0.0102922   0.0103598   0.0101774   0.0100132   0.0098570   0.0098570   0.0098570   0.0098570   0.0098570
R 0 1  17  0  0  1    0.0119192   0.0119192   0.0119192   0.0119192   0.0108179   0.0108945   0.0109469   0.0108542   0.0108542   0.0108542   0.0108542   0.0108542
R 0 1  17  0  0  2    0.0123196   0.0123196   0.0123196   0.0123196   0.0119674   0.0120558   0.0118481   0.0116724   0.0116724   0.0116724   0.0116724   0.0116724
R 0 1  17  0  0  3    0.0130242   0.0130242   0.0130242   0.0130242   0.0127027   0.0125449   0.0123684   0.0122344   0.0122344   0.0122344   0.0122344   0.0122344
R 0 1  17  0  0  4    0.0190750   0.0190750   0.0190750   0.0174319   0.0168973   0.0159152   0.0144851   0.0130871   0.0130871   0.0130871   0.0130871   0.0130871
R 0 1  17  0  0  5    0.0198199   0.0198199   0.0194082   0.0191542   0.0187480   0.0181508   0.0169395   0.0169395   0.0169395   0.0169395   0.0169395   0.0169395
R 0 1  17  0  0  6    0.0200814   0.0200814   0.0200814   0.0204080   0.0208390   0.0207183   0.0207822   0.0208089   0.0208089   0.0208089   0.0208089   0.0208089
R 0 1  17  0  0  7    0.0210488   0.0210488   0.0210488   0.0210488   0.0204609   0.0212207   0.0212227   0.0209997   0.0205304   0.0196522   0.0196522   0.0196522
R 0 1  17  0  0  8    0.0211260   0.0211260   0.0211260   0.0211260   0.0211260   0.0211260   0.0211260   0.0211321   0.0209956   0.0209813   0.0201875   0.0186493
R 0 1  17  0  0  9    0.0307675   0.0307675   0.0307675   0.0307675   0.0307675   0.0307675   0.0295464   0.0288232   0.0274949   0.0265298   0.0249867   0.0249867
R 0 1  17  0  0 10    0.0784665   0.0719189   0.0618106   0.0540442   0.0472282   0.0439607   0.0409331   0.0356836   0.0333516   0.0308042   0.0308042   0.0308042
R 0 1  17  0  1  0    0.0000000   0.0000000   0.0000000   0.0000706   0.0000841   0.0000819   0.0000721   0.0000653   0.0000653   0.0000653   0.0000653   0.0000653
R 0 1  17  0  1  1    0.0000728   0.0000728   0.0000728   0.0000728   0.0000491   0.0000732   0.0000606   0.0000561   0.0000561   0.0000561   0.0000561   0.0000561
R 0 1  17  0  1  2    0.0000594   0.0000594   0.0000594   0.0000594   0.0000570   0.0000661   0.0000605   0.0000525   0.0000525   0.0000525   0.0000525   0.0000525
R 0 1  17  0  1  3    0.0000758   0.0000758   0.0000758   0.0000758   0.0000660   0.0000572   0.0000530   0.0000469   0.0000469   0.0000469   0.0000469   0.0000469
R 0 1  17  0  1  4    0.0001189   0.0001189   0.0001189   0.0000915   0.0000877   0.0000716   0.0000578   0.0000422   0.0000422   0.0000422   0.0000422   0.0000422
R 0 1  17  0  1  5    0.0001095   0.0001095   0.0000896   0.0000715   0.0000705   0.0000598   0.0000477   0.0000477   0.0000477   0.0000477   0.0000477   0.0000477
R 0 1  17  0  1  6    0.0000840   0.0000840   0.0000840   0.0000560   0.0000603   0.0000584   0.0000565   0.0000338   0.0000338   0.0000338   0.0000338   0.0000338
R 0 1  17  0  1  7    0.0000436   0.0000436   0.0000436   0.0000436   0.0000923   0.0000708   0.0000713   0.0000760   0.0000732   0.0000469   0.0000469   0.0000469
R 0 1  17  0  1  8    0.0001072   0.0001072   0.0001072   0.0001072   0.0001072   0.0001072   0.0001072   0.0001149   0.0000995   0.0001026   0.0000791   0.0000812
R 0 1  17  0  1  9    0.0002350   0.0002350   0.0002350   0.0002350   0.0002350   0.0002350   0.0001957   0.0001996   0.0001885   0.0001583   0.0001292   0.0001292
R 0 1  17  0  1 10    0.0013349   0.0012362   0.0008851   0.0007743   0.0005546   0.0004828   0.0003901   0.0002716   0.0001768   0.0001858   0.0001858   0.0001858
R 0 1  17  0  2  0    0.0000000   0.0000000   0.0000000   0.0000000   0.0000181   0.0000076   0.0000203   0.0000068   0.0000068   0.0000068   0.0000068   0.0000068
R 0 1  17  0  2  1    0.0000000   0.0000000   0.0000000   0.0000000   0.0000000   0.0000204   0.0000134   0.0000186   0.0000186   0.0000186   0.0000186   0.0000186
R 0 1  17  0  2  2    0.0000000   0.0000000   0.0000000   0.0000000   0.0000617   0.0000000   0.0000060   0.0000155   0.0000155   0.0000155   0.0000155   0.0000155
R 0 1  17  0  2  3    0.0001239   0.0001239   0.0001239   0.0001239   0.0000000   0.0000000   0.0000143   0.0000077   0.0000077   0.0000077   0.0000077   0.0000077
R 0 1  17  0  2  4    0.0000000   0.0000000   0.0000000   0.0000000   0.0000000   0.0000000   0.0000000   0.0000000   0.0000000   0.0000000   0.0000000   0.0000000
R 0 1  17  0  2  5    0.0000000   0.0000000   0.0000000   0.0000154   0.0000159   0.0000000   0.0000000   0.0000000   0.0000000   0.0000000   0.0000000   0.0000000
R 0 1  17  0  2  6    0.0000000   0.0000000   0.0000000   0.0000000   0.0000000   0.0000000   0.0000090   0.0000000   0.0000000   0.0000000   0.0000000   0.0000000
R 0 1  17  0  2  7    0.0000000   0.0000000   0.0000000   0.0000000   0.0000780   0.0000000   0.0000000   0.0000000   0.0000000   0.0000148   0.0000148   0.0000148
R 0 1  17  0  2  8    0.0000000   0.0000000   0.0000000   0.0000000   0.0000000   0.0000000   0.0000000   0.0000000   0.0000000   0.0000000   0.0000173   0.0000000
R 0 1  17  0  2  9    0.0000000   0.0000000   0.0000000   0.0000000   0.0000000   0.0000000   0.0000000   0.0000382   0.0000000   0.0000000   0.0000000   0.0000000
R 0 1  17  0  2 10    0.0000000   0.0000000   0.0000000   0.0000000   0.0000000   0.0000000   0.0000893   0.0000396   0.0000000   0.0000000   0.0000000   0.0000000
R 0 1  17  0  3  0    1.1352151   1.1352151   1.0596054   1.0378047   0.9933167   0.9846812   0.9827410   0.9836423   0.9836423   0.9836423   0.9836423   0.9836423
R 0 1  17  0  3  1    1.0202336   1.0202336   1.0202336   1.0202336   0.9968922   0.9834288   0.9808810   0.9792152   0.9792152   0.9792152   0.9792152   0.9792152
R 0 1  17  0  3  2    1.0173435   1.0173435   1.0173435   1.0173435   0.9975889   0.9834881   0.9810920   0.9799934   0.9799934   0.9799934   0.9799934   0.9799934
R 0 1  17  0  3  3    1.0056438   1.0056438   1.0056438   1.0056438   1.0032182   0.9864058   0.9812062   0.9808787   0.9808787   0.9808787   0.9808787   0.9808787
R 0 1  17  0  3  4    1.0005303   1.0005303   1.0005303   0.9842186   0.9779016   0.9761557   0.9758769   0.9877473   0.9877473   0.9877473   0.9877473   0.9877473
R 0 1  17  0  3  5    1.0457986   1.0457986   0.9969019   0.9789856   0.9753528   0.9732116   0.9693068   0.9693068   0.9693068   0.9693068   0.9693068   0.9693068
R 0 1  17  0  3  6    1.0111985   1.0111985   1.0111985   0.9987530   0.9878297   0.9839981   0.9824983   0.9817381   0.9817381   0.9817381   0.9817381   0.9817381
R 0 1  17  0  3  7    1.0719921   1.0719921   1.0719921   1.0719921   1.0410445   0.9999639   0.9890874   0.9880536   0.9893135   0.9910835   0.9910835   0.9910835
R 0 1  17  0  3  8    1.0275369   1.0275369   1.0275369   1.0275369   1.0275369   1.0275369   1.0275369   0.9914906   0.9843629   0.9829193   0.9854319   1.0187251
R 0 1  17  0  3  9    1.0281292   1.0281292   1.0281292   1.0281292   1.0281292   1.0281292   0.9914087   0.9739563   0.9730189   0.9868716   1.0039755   1.0039755
R 0 1  17  0  3 10    1.0498054   1.0344293   1.0312919   0.9904508   0.9792943   0.9709941   0.9687941   0.9706199   0.9961689   1.0084663   1.0084663   1.0084663
R 0 1  17  0  4  0    1.5130738   1.5130738   1.4365893   2.0754684   2.1974817   2.2885292   2.2731180   2.3015909   2.3015909   2.3015909   2.3015909   2.3015909
R 0 1  17  0  4  1    2.0504866   2.0504866   2.0504866   2.0504866   2.0615326   2.1984903   2.2287937   2.2080936   2.2080936   2.2080936   2.2080936   2.2080936
R 0 1  17  0  4  2    1.7993866   1.7993866   1.7993866   1.7993866   2.1401833   2.2420864   2.2233174   2.2331454   2.2331454   2.2331454   2.2331454   2.2331454
R 0 1  17  0  4  3    1.7102078   1.7102078   1.7102078   1.7102078   2.3049797   2.2358869   2.2277084   2.2192607   2.2192607   2.2192607   2.2192607   2.2192607
R 0 1  17  0  4  4    1.8041544   1.8041544   1.8041544   2.0129281   2.0783560   2.1096629   2.1630469   2.3468698   2.3468698   2.3468698   2.3468698   2.3468698
R 0 1  17  0  4  5    1.8800218   1.8800218   2.0619348   2.1209367   2.1000450   2.1066133   1.9727307   1.9727307   1.9727307   1.9727307   1.9727307   1.9727307
R 0 1  17  0  4  6    1.9349014   1.9349014   1.9349014   2.1903911   2.3019958   2.3421795   2.3314731   2.2641525   2.2641525   2.2641525   2.2641525   2.2641525
R 0 1  17  0  4  7    1.6879721   1.6879721   1.6879721   1.6879721   2.3086820   2.3647145   2.3439506   2.3729922   2.4098103   2.3606548   2.3606548   2.3606548
R 0 1  17  0  4  8    2.2952758   2.2952758   2.2952758   2.2952758   2.2952758   2.2952758   2.2952758   2.2590450   2.2254949   2.2557221   2.2553843   2.2495778
R 0 1  17  0  4  9    2.0170695   2.0170695   2.0170695   2.0170695   2.0170695   2.0170695   2.0168531   2.0078630   2.0441842   2.2294183   2.2200419   2.2200419
R 0 1  17  0  4 10    2.1771362   2.2484117   2.0877820   1.8439603   2.0211493   1.9434955   1.9724043   1.9561774   1.9397880   2.0547830   2.0547830   2.0547830
R 0 1  17  0  5  0    9.2039556   9.2039556   6.7855599   4.0583182   3.9904881   3.7531664   3.9971840   3.7588492   3.7588492   3.7588492   3.7588492   3.7588492
R 0 1  17  0  5  1    3.6037461   3.6037461   3.6037461   3.6037461   4.6565373   4.2108405   4.2298084   4.3273274   4.3273274   4.3273274   4.3273274   4.3273274
R 0 1  17  0  5  2    4.4936531   4.4936531   4.4936531   4.4936531   4.4801264   4.0671990   4.3250720   4.2332237   4.2332237   4.2332237   4.2332237   4.2332237
R 0 1  17  0  5  3    5.4422837   5.4422837   5.4422837   5.4422837   3.6848223   4.3434011   4.3671447   4.4025112   4.4025112   4.4025112   4.4025112   4.4025112
R 0 1  17  0  5  4    5.9546894   5.9546894   5.9546894   5.1713388   5.3142324   4.7559369   4.0601671   3.1934171   3.1934171   3.1934171   3.1934171   3.1934171
R 0 1  17  0  5  5    3.5220839   3.5220839   4.9676115   4.8106906   5.2931365   4.5046453   4.2090854   4.2090854   4.2090854   4.2090854   4.2090854   4.2090854
R 0 1  17  0  5  6    3.3408813   3.3408813   3.3408813   3.9974244   3.6030123   2.9987026   2.3917570   1.9994583   1.9994583   1.9994583   1.9994583   1.9994583
R 0 1  17  0  5  7    4.7666400   4.7666400   4.7666400   4.7666400   3.3883223   3.0404293   2.8658821   2.7394950   2.4984924   2.0992685   2.0992685   2.0992685
R 0 1  17  0  5  8    3.3517916   3.3517916   3.3517916   3.3517916   3.3517916   3.3517916   3.3517916   4.4746648   4.5907497   4.3140754   3.7800757   4.0002648
R 0 1  17  0  5  9    5.6506434   5.6506434   5.6506434   5.6506434   5.6506434   5.6506434   6.5979884   6.7721497   6.8182216   5.2984403   5.1545827   5.1545827
R 0 1  17  0  5 10    4.0368286   3.9800216   3.6890125   5.9472097   4.9832489   6.8266010   8.1152030   8.7689216   9.2887506   7.2935346   7.2935346   7.2935346
F  0  1  17  0  0  0    1.0007548   1.0188281   0.9640808   1.0172083   0.9854849   1.0041943   0.9859085   0.9863035   0.9942906   0.9871125   0.9830432
F  0  1  17  1  0  0    1.0561977   1.0556692   1.0444869   1.0883145   1.0645439   1.0743904   1.0727775   1.0608743   1.0503111   1.0682937   1.0779506
C  0  1  17  0  0  0  -0.2848621 -0.0379891 -0.0943350 -0.3051415 -0.3764219 -0.1915950 -0.1719617 -0.1541535 -0.2247014 -0.0992304 -0.2279930 -0.2189690 -0.1206237 -0.2444939 -0.4147266  0.0780854
C  0  1  17  0  0  1  -0.0191147 -0.2259472 -0.1748715 -0.0406437 -0.1806122 -0.1913141 -0.1399063 -0.0437774  0.0138241 -0.0826656  0.0138250 -0.0968660 -0.1770323 -0.0539530 -0.3225531  0.0473246
C  0  1  17  0  0  2  -0.1634158 -0.0905841 -0.0987965 -0.0630047 -0.0030218  0.0190370 -0.1412339 -0.1167362  0.0031595 -0.1075538 -0.0128918 -0.0767094 -0.0876873 -0.1396870 -0.0315398 -0.1541023
C  0  1  17  0  0  3  -0.0883661 -0.1875530 -0.1956670 -0.0211546 -0.0012357 -0.1148021 -0.1152190  0.0328148 -0.0500975 -0.0355169 -0.0810158 -0.1254976 -0.1253156 -0.0925401 -0.0478295 -0.1180164
C  0  1  17  0  0  4  -0.1123206 -0.0371252 -0.0749950 -0.0554140 -0.1228572 -0.0505987 -0.0795404 -0.0534617 -0.1535290  0.0558805 -0.0962354 -0.0930053 -0.1165869 -0.0563845 -0.0846750 -0.0666808
C  0  1  17  0  0  5  -0.0317406  0.0834768 -0.0718821  0.1206048  0.0043712  0.0479191  0.0144530 -0.0131341 -0.0489253 -0.0460945 -0.0339136  0.0194317 -0.0437017 -0.0335770  0.0541353 -0.0257069
C  0  1  17  0  0  6  -0.0155404  0.0758869 -0.0323459  0.0635584 -0.0626599  0.0644805 -0.0583020  0.0028431 -0.0420682  0.0200223  0.0458931 -0.0419523 -0.1172305  0.0196912 -0.0961851  0.0823461
C  0  1  17  0  0  7   0.0116310  0.0177843  0.0155335 -0.0350389 -0.0112127  0.0162095 -0.0094522  0.0194475 -0.0812907 -0.0793961  0.1086108 -0.0473586 -0.0416717 -0.0341460 -0.0442098 -0.0179969
C  0  1  17  0  0  8  -0.0178134  0.0154305  0.0618566 -0.0329333 -0.0039143  0.0197527  0.0060122 -0.0210229  0.0226056  0.0162705 -0.0307036 -0.0463937 -0.0276331  0.0666034 -0.0909972  0.0058613
C  0  1  17  0  0  9  -0.0202734  0.0287162 -0.0104557  0.0028697 -0.0333429  0.0193066 -0.0521200 -0.0320018  0.0065482  0.1376020  0.0889900  0.0864392 -0.0179669  0.0026398 -0.0396227  0.0814544
C  0  1  17  0  0 10  -0.0413270 -0.0283022  0.1123908  0.0711439  0.0555928 -0.0106094  0.0015900 -0.0046355  0.0216135 -0.0271383  0.0119426  0.0100118 -0.0304216  0.0330753  0.0422002  0.0233843
C  0  1  17  0  0 11   0.0180711  0.0586323 -0.0720167  0.0510035  0.0109041  0.0596759  0.0592188  0.0987471  0.0095893  0.0610206 -0.0178530 -0.0567422 -0.0028459 -0.0028591  0.0728834  0.0656504
C  0  1  17  0  0 12   0.0855495  0.0174907  0.0130359  0.0490191  0.0232200  0.0912397  0.0273949 -0.0004559 -0.0479983  0.0710048  0.0177913  0.0203661 -0.0609140 -0.0084694  0.0144677  0.0120677
C  0  1  17  0  0 13  -0.0055416 -0.0564156  0.0285233  0.0299465  0.0192386 -0.0222738  0.0328136 -0.0093942  0.0425470  0.0296605 -0.0039390 -0.0154499 -0.0284731  0.0430965  0.0257345  0.0288617
C  0  1  17  0  0 14  -0.0070133 -0.0286151  0.0033508  0.0459706 -0.0485338 -0.0536194  0.0763213 -0.0461272 -0.0167717 -0.0171690  0.0915607 -0.0560890  0.0170798  0.1034301  0.0168130 -0.0756320
C  0  1  17  0  0 15  -0.0506667 -0.0408616 -0.0384943  0.0233059  0.1083853 -0.1144906 -0.0771467 -0.0004791  0.0022769 -0.0244428  0.0042803 -0.1616185 -0.0331104 -0.0480722 -0.0546557  0.0021858
C  0  1  17  0  0 16   0.1114114  0.0722018 -0.0173459 -0.0207494 -0.0344644 -0.1077472  0.0023093 -0.0764441 -0.1648083  0.1034672  0.0438561 -0.0466054 -0.0934866 -0.0223334 -0.1615053 -0.0374550
C  0  1  17  0  0 17  -0.0924162 -0.1113826 -0.0873067 -0.1058862 -0.1533755 -0.0841060 -0.0378080 -0.1057883  0.0412329 -0.0434498 -0.0305992  0.0466618 -0.1620532 -0.1307707 -0.0505763 -0.0448915
C  0  1  17  0  0 18  -0.1140732 -0.0023962 -0.0271580 -0.0076068 -0.1347424 -0.0139580 -0.0610735 -0.0507297 -0.0651075 -0.1442439 -0.0896196 -0.1630381  0.0292519 -0.0728793 -0.1217190  0.0467193
C  0  1  17  0  0 19   0.0885571 -0.0123299 -0.1463984  0.0706657 -0.1303379 -0.0661599 -0.0967829 -0.0876546 -0.1992496 -0.0583516 -0.0156774 -0.0220083 -0.1225054 -0.0860177 -0.0491435 -0.0867387
C  0  1  17  0  0 20  -0.0998663 -0.0424496 -0.0131645 -0.0724345 -0.1651815 -0.1134352 -0.2601281 -0.0819214 -0.0291505 -0.2254169 -0.1439044  0.0659264 -0.0168022 -0.1894058 -0.1230489 -0.2089603
C  0  1  17  0  0 21  -0.1232661 -0.1943329 -0.3644078 -0.2854296 -0.1764674 -0.1988056 -0.2294389 -0.0526791 -0.1484656 -0.2057557 -0.2892555 -0.2532714 -0.3151169 -0.4790694 -0.4029625 -0.2997480
C  0  1  17  0  1  0   0.0004287  0.0028661 -0.0023199  0.0000049 -0.0016703  0.0078188  0.0044426  0.0025859  0.0015446  0.0001520 -0.0023153  0.0006189  0.0051616  0.0033156  0.0100376  0.0089175
C  0  1  17  0  1  1   0.0005883  0.0027589  0.0007199 -0.0016782  0.0007510 -0.0007612  0.0059017  0.0010732  0.0020377 -0.0008970 -0.0013836 -0.0006739  0.0002835  0.0070773  0.0003870  0.0036967
C  0  1  17  0  1  2   0.0024416 -0.0004553  0.0000094  0.0000477 -0.0005160  0.0019562  0.0012014  0.0018401 -0.0006443  0.0019859 -0.0016294 -0.0004654  0.0027683  0.0003871  0.0002800 -0.0022911
C  0  1  17  0  1  3   0.0010181 -0.0004226 -0.0007578 -0.0023712 -0.0013930  0.0024936  0.0032916 -0.0000103 -0.0039703 -0.0012348 -0.0014450 -0.0021450  0.0009682 -0.0019526  0.0001007  0.0031686
C  0  1  17  0  1  4   0.0049632  0.0007571  0.0008846  0.0023845  0.0008870 -0.0032123  0.0021054 -0.0008446  0.0002369  0.0001421 -0.0005121  0.0009523  0.0026335  0.0005514  0.0006976 -0.0014631
C  0  1  17  0  1  5   0.0022211  0.0010774 -0.0012473  0.0020641  0.0002250 -0.0002842 -0.0014029  0.0007891 -0.0006951  0.0014243 -0.0015197 -0.0014273 -0.0004732 -0.0010808  0.0017593  0.0004554
C  0  1  17  0  1  6   0.0031108 -0.0014217 -0.0013138  0.0001793  0.0004570 -0.0007667 -0.0014679 -0.0001015  0.0015729 -0.0001025  0.0004820  0.0001157 -0.0008875 -0.0039740  0.0004678 -0.0004802
C  0  1  17  0  1  7   0.0022576 -0.0003326  0.0002395 -0.0014366  0.0022395  0.0012164 -0.0014962  0.0003701  0.0008031 -0.0013771  0.0007721 -0.0030842 -0.0015427 -0.0010445  0.0005678  0.0020291
C  0  1  17  0  1  8   0.0024159  0.0018022 -0.0001563  0.0001481  0.0017984  0.0012681  0.0001561 -0.0000974  0.0013384  0.0002796  0.0004177 -0.0017301  0.0003092 -0.0001468  0.0012520  0.0018795
C  0  1  17  0  1  9  -0.0031449  0.0012030  0.0011234  0.0006863 -0.0007417  0.0015234 -0.0001550  0.0018562 -0.0011390 -0.0007400 -0.0032085 -0.0002725 -0.0001246  0.0010176 -0.0010640  0.0006974
C  0  1  17  0  1 10   0.0015454  0.0014541  0.0004478  0.0031986  0.0010223 -0.0003206 -0.0000310 -0.0010593 -0.0020023 -0.0012453  0.0000697 -0.0012156 -0.0018696 -0.0003868  0.0001193  0.0015233
C  0  1  17  0  1 11  -0.0011787 -0.0001537  0.0001403  0.0016094  0.0022741 -0.0010866 -0.0027295 -0.0012942 -0.0021627 -0.0000699 -0.0003861 -0.0023310  0.0014710  0.0003544 -0.0019019  0.0005058
C  0  1  17  0  1 12   0.0013579 -0.0004940  0.0001641 -0.0007830  0.0011894 -0.0007888  0.0019154 -0.0009574 -0.0005429  0.0000671 -0.0001792  0.0009628  0.0015257  0.0005538  0.0002127 -0.0003681
C  0  1  17  0  1 13   0.0020085 -0.0019344  0.0006307  0.0018809  0.0021620 -0.0021942  0.0009879  0.0009400  0.0008582 -0.0004446 -0.0017995 -0.0009700 -0.0004773  0.0008181 -0.0001420  0.0022177
C  0  1  17  0  1 14   0.0015599  0.0009256  0.0027175  0.0030615  0.0024629  0.0029381 -0.0006333  0.0014711 -0.0000581  0.0029847 -0.0000691 -0.0007901  0.0015256  0.0013927  0.0000840  0.0032342
C  0  1  17  0  1 15   0.0028684  0.0008696 -0.0005044  0.0008481  0.0023725  0.0033758  0.0004069 -0.0017632 -0.0000260 -0.0000203 -0.0021057  0.0014503  0.0005268  0.0017434  0.0010391 -0.0001318
C  0  1  17  0  1 16   0.0014401  0.0014579  0.0000175  0.0022298 -0.0013824  0.0022445  0.0009028  0.0003057  0.0033368 -0.0016923  0.0001498  0.0017256  0.0005132  0.0004474  0.0006992  0.0014434
C  0  1  17  0  1 17   0.0017175 -0.0001211  0.0000497  0.0035401  0.0029976  0.0053889  0.0034075  0.0025484 -0.0007388  0.0035505  0.0000116 -0.0002551  0.0017576 -0.0006887  0.0058642  0.0046227
C  0  1  17  0  1 18   0.0062004  0.0073045  0.0026456  0.0005205  0.0025134  0.0006322  0.0051362  0.0017084  0.0010008  0.0010296  0.0046835  0.0028198 -0.0008255  0.0005661  0.0051210  0.0038119
C  0  1  17  0  1 19   0.0031534  0.0024560 -0.0000088  0.0024521  0.0022343  0.0006459  0.0018863  0.0022640  0.0037379  0.0035722  0.0002114  0.0015284  0.0005382  0.0027466  0.0035931  0.0044754
C  0  1  17  0  1 20   0.0048043  0.0053938  0.0045733  0.0015701  0.0035926  0.0028463  0.0022814  0.0071231  0.0020983  0.0033947  0.0009804 -0.0018371  0.0039585  0.0052665  0.0062317  0.0038637
C  0  1  17  0  1 21   0.0156083  0.0134824  0.0075920  0.0032321 -0.0023101 -0.0056418 -0.0086205 -0.0000619 -0.0040077  0.0000366  0.0014582  0.0074748  0.0005338  0.0020618  0.0098802  0.0032040
C  0  1  17  1  0  0  -0.4749384 -0.3428160 -0.3386679 -0.3146929 -0.2553480 -0.4251851 -0.3654778 -0.3042529 -0.2655050 -0.2847722 -0.3797762 -0.4661707 -0.3908682 -0.4412073 -0.4161754 -0.4478456
C  0  1  17  1  0  1  -0.2431687 -0.3350448 -0.2985205 -0.2686127 -0.3409595 -0.2257758 -0.2352755 -0.2034054 -0.2311445 -0.2594590 -0.3047521 -0.2536107 -0.3743340 -0.3633901 -0.3789488 -0.2934349
C  0  1  17  1  0  2  -0.3101665 -0.3715034 -0.2457989 -0.2668549 -0.2761466 -0.2267544 -0.2694213 -0.2866947 -0.2186156 -0.2232772 -0.3274972 -0.2825468 -0.3207729 -0.3692088 -0.2464145 -0.3518259
C  0  1  17  1  0  3  -0.3220427 -0.2923075 -0.3123430 -0.2049760 -0.2590386 -0.2219622 -0.2383478 -0.1638797 -0.1903292 -0.2417737 -0.2692530 -0.2555339 -0.2688582 -0.2933201 -0.2774068 -0.3006601
C  0  1  17  1  0  4  -0.2883532 -0.2730867 -0.2660773 -0.2430562 -0.2414990 -0.1904838 -0.2687687 -0.2333683 -0.2664905 -0.2038581 -0.2021723 -0.2724316 -0.3271054 -0.3075488 -0.3001673 -0.3138659
C  0  1  17  1  0  5  -0.1720616 -0.1652582 -0.2063676 -0.1423732 -0.1347552 -0.1055557 -0.1736887 -0.1260841 -0.1431193 -0.1370361 -0.1847465 -0.2001138 -0.2414191 -0.1968637 -0.1864623 -0.1990547
C  0  1  17  1  0  6  -0.1163288 -0.1294214 -0.1954205 -0.2051858 -0.1124504 -0.1104739 -0.1376884 -0.1531254 -0.1227960 -0.1179739 -0.1219150 -0.1424861 -0.1151826 -0.1609027 -0.1103576 -0.1864124
C  0  1  17  1  0  7  -0.1634138 -0.1328193 -0.1311255 -0.1323836 -0.1263738 -0.1554613 -0.1489206 -0.1260713 -0.1365483 -0.1009049 -0.1224088 -0.1662096 -0.1584788 -0.1441306 -0.1184727 -0.1452799
C  0  1  17  1  0  8  -0.1490886 -0.0691267 -0.1543046 -0.1417439 -0.1393116 -0.1587789 -0.1565937 -0.1567524 -0.1334150 -0.1431783 -0.1257274 -0.1926227 -0.1245947 -0.2073308 -0.1640812 -0.1715106
C  0  1  17  1  0  9  -0.1468198 -0.0914979 -0.0676596 -0.0922432 -0.0785575 -0.1408767 -0.0992159 -0.1544526 -0.0871787 -0.1307847 -0.0534069 -0.1315673 -0.1280372 -0.0900987 -0.1316504 -0.1200093
C  0  1  17  1  0 10  -0.1241579 -0.0800595 -0.1119877 -0.1996404 -0.1629299 -0.1176917 -0.1524538 -0.1225017 -0.1036559 -0.1288747 -0.1527987 -0.1413281 -0.1463009 -0.1366827 -0.1124491 -0.1532253
C  0  1  17  1  0 11  -0.1304895 -0.0972391 -0.1138140 -0.1083610 -0.0906353 -0.0919227 -0.1001558 -0.1096696 -0.1404152 -0.1019316 -0.0847222 -0.1227501 -0.1232310 -0.1414600 -0.0807007 -0.1423438
C  0  1  17  1  0 12  -0.1052393 -0.0991653 -0.1208351 -0.0767959 -0.1263227 -0.1234492 -0.1514070 -0.1740987 -0.1117175 -0.0856326 -0.1417728 -0.1022521 -0.0901486 -0.1343672 -0.0983266 -0.1180990
C  0  1  17  1  0 13  -0.1184009 -0.1373345 -0.1570716 -0.1388787 -0.1377553 -0.1570188 -0.1485305 -0.1785221 -0.1170255 -0.1390106 -0.1490417 -0.1608014 -0.1788813 -0.1506463 -0.1934883 -0.1437097
C  0  1  17  1  0 14  -0.1061336 -0.1271602 -0.1207687 -0.1360741 -0.1446612 -0.1351017 -0.1450943 -0.2107880 -0.1446343 -0.1426964 -0.1318550 -0.1058079 -0.1307086 -0.0936291 -0.1670654 -0.1498617
C  0  1  17  1  0 15  -0.1394005 -0.1715035 -0.1727863 -0.1604023 -0.1650820 -0.0885150 -0.1402005 -0.1469937 -0.1594408 -0.1477349 -0.1423431 -0.1650688 -0.1380889 -0.1185418 -0.1041401 -0.1584368
C  0  1  17  1  0 16  -0.1688304 -0.1559352 -0.1271135 -0.1377516 -0.1387057 -0.1698827 -0.1589889 -0.1884625 -0.1626155 -0.1968509 -0.1466595 -0.1704430 -0.1163060 -0.1719904 -0.1546599 -0.0954493
C  0  1  17  1  0 17  -0.2513001 -0.2555100 -0.1764733 -0.2827501 -0.2234866 -0.2786708 -0.2302365 -0.2618304 -0.2478232 -0.2635690 -0.2776984 -0.2320551 -0.2863917 -0.2973665 -0.2713363 -0.2826412
C  0  1  17  1  0 18  -0.2607951 -0.2372801 -0.2361980 -0.2541582 -0.2359845 -0.2622544 -0.3251323 -0.2855731 -0.2609627 -0.2616725 -0.2452125 -0.2617261 -0.2938639 -0.1740215 -0.1500230 -0.1961564
C  0  1  17  1  0 19  -0.2820383 -0.2522664 -0.2816165 -0.2992844 -0.2979492 -0.3012696 -0.2293285 -0.2229485 -0.2548750 -0.2964468 -0.2016438 -0.2471818 -0.2475422 -0.2338389 -0.2776746 -0.2438823
C  0  1  17  1  0 20  -0.2727835 -0.2466053 -0.3309192 -0.3590829 -0.3306936 -0.2111136 -0.3154700 -0.2587763 -0.3262655 -0.2751154 -0.3381791 -0.2701570 -0.2980603 -0.3066350 -0.2870243 -0.3164508
C  0  1  17  1  0 21  -0.4421574 -0.3417091 -0.4031175 -0.3312378 -0.3368891 -0.2233726 -0.3558905 -0.3517980 -0.4162053 -0.4778975 -0.3042102 -0.4075512 -0.4028407 -0.3723574 -0.4264108 -0.4476662
C  0  1  17  1  1  0   0.0479217  0.0495078  0.0401037  0.0246691  0.0024071 -0.0185240 -0.0335666 -0.0424992 -0.0451875 -0.0362552 -0.0334413 -0.0189851  0.0030512  0.0048452  0.0265493  0.0370073
C  0  1  17  1  1  1   0.0253780  0.0230477  0.0173492  0.0115889  0.0029368 -0.0067890 -0.0153499 -0.0170108 -0.0162613 -0.0148808 -0.0142314 -0.0072739  0.0028373  0.0097454  0.0124429  0.0231264
C  0  1  17  1  1  2   0.0122402  0.0134473  0.0083296  0.0065435  0.0013882 -0.0021394 -0.0075969 -0.0071919 -0.0084231 -0.0065607 -0.0042574 -0.0037428  0.0006855  0.0037888  0.0050309  0.0112669
C  0  1  17  1  1  3   0.0089779  0.0074781  0.0020346  0.0041297 -0.0000710  0.0007410 -0.0033498 -0.0009151  0.0009246  0.0003320 -0.0021349 -0.0000314  0.0026403  0.0031561  0.0032673  0.0066550
C  0  1  17  1  1  4   0.0028212  0.0026658  0.0007208  0.0004227  0.0033289  0.0035363 -0.0000089  0.0018259  0.0052870  0.0023263 -0.0009145 -0.0003787  0.0025526  0.0018956  0.0048984  0.0028321
C  0  1  17  1  1  5   0.0013882  0.0002492  0.0003181  0.0027470  0.0034379  0.0039268  0.0029276  0.0051834  0.0048375  0.0016544 -0.0008176 -0.0003846  0.0017381  0.0024377  0.0022119 -0.0010110
C  0  1  17  1  1  6   0.0015881  0.0018632  0.0015343  0.0040278  0.0049270  0.0045737  0.0054811  0.0056291  0.0039772  0.0004574  0.0007598  0.0000133  0.0004920  0.0012034  0.0007254  0.0005999
C  0  1  17  1  1  7  -0.0000471  0.0023327  0.0015088  0.0040816  0.0046011  0.0040062  0.0050953  0.0036077  0.0046200  0.0012085 -0.0001769  0.0002780  0.0010919  0.0015638  0.0018080 -0.0005559
C  0  1  17  1  1  8  -0.0010512  0.0010170  0.0025219  0.0011635  0.0045852  0.0037514  0.0039214  0.0049063  0.0055300  0.0018009  0.0002693 -0.0004280  0.0024466  0.0012024  0.0010205 -0.0004943
C  0  1  17  1  1  9   0.0016308  0.0022780  0.0020145  0.0038542  0.0030577  0.0025778  0.0033711  0.0034217  0.0024322 -0.0002850  0.0012513  0.0004401  0.0013079  0.0004512 -0.0000723 -0.0013581
C  0  1  17  1  1 10   0.0000633  0.0021041  0.0024561  0.0019176  0.0018670  0.0017100  0.0018140  0.0030947  0.0037964 -0.0001426 -0.0001778  0.0005612 -0.0005931  0.0001045  0.0013434 -0.0011755
C  0  1  17  1  1 11  -0.0008015  0.0014441  0.0012412  0.0020333  0.0034395 -0.0003241  0.0008901  0.0024646  0.0025316  0.0012652 -0.0021509 -0.0001377  0.0009537  0.0003109  0.0003450 -0.0017294
C  0  1  17  1  1 12   0.0004135  0.0018048  0.0025412  0.0040978  0.0018548  0.0019029  0.0014690  0.0033553  0.0052293  0.0015593  0.0015156  0.0018301  0.0013621  0.0002419  0.0005990 -0.0010329
C  0  1  17  1  1 13   0.0006660  0.0027703  0.0027145  0.0038362  0.0036040  0.0026175  0.0043557  0.0054735  0.0049817  0.0017409  0.0020810  0.0005692 -0.0007573 -0.0021061  0.0000624 -0.0011519
C  0  1  17  1  1 14  -0.0011518 -0.0000466  0.0028067  0.0038160  0.0040865  0.0024304  0.0033887  0.0063261  0.0059239  0.0021109  0.0016933 -0.0005622 -0.0010538 -0.0006859 -0.0016266 -0.0018813
C  0  1  17  1  1 15  -0.0031407  0.0002311  0.0036223  0.0045332  0.0027743  0.0003862  0.0025182  0.0038162  0.0061748  0.0034372  0.0019349  0.0005433 -0.0035633 -0.0053636 -0.0055156 -0.0045153
C  0  1  17  1  1 16  -0.0023353  0.0022325  0.0037215  0.0045407  0.0028403  0.0007753  0.0033762  0.0040803  0.0041563  0.0058166  0.0025839  0.0033208 -0.0012838 -0.0010678 -0.0040767 -0.0050633
C  0  1  17  1  1 17  -0.0028239  0.0037042  0.0024262  0.0068777  0.0026965 -0.0010598  0.0009233  0.0043128  0.0056303  0.0051116  0.0043128  0.0028958 -0.0003418 -0.0033546 -0.0039513 -0.0046484
C  0  1  17  1  1 18  -0.0005202  0.0065371  0.0050311  0.0076497  0.0043223  0.0001588 -0.0013404 -0.0000220  0.0035546  0.0041293  0.0037519  0.0004769 -0.0017259 -0.0041645 -0.0054036 -0.0033591
C  0  1  17  1  1 19   0.0020758  0.0083970  0.0118111  0.0097387  0.0075515  0.0011562 -0.0024804 -0.0001232  0.0030510  0.0053659  0.0030367  0.0006449 -0.0019289 -0.0040048 -0.0052918 -0.0024831
C  0  1  17  1  1 20   0.0016807  0.0135507  0.0202078  0.0148011  0.0083614  0.0041700 -0.0016831 -0.0007680  0.0018389  0.0069706  0.0016436 -0.0005479 -0.0063021 -0.0080132 -0.0053413 -0.0042508
C  0  1  17  1  1 21   0.0098338  0.0250131  0.0315028  0.0238804  0.0180216  0.0166797  0.0101397  0.0118667  0.0125737  0.0137702  0.0043099 -0.0031400 -0.0099519 -0.0153335 -0.0082479  0.0014368
