CPHI 16 
CETA 22 -2.40 -2.10 -1.85 -1.60 -1.40 -1.20 -1.00 -0.80 -0.60 -0.40 -0.20  0.00  0.20  0.40  0.60  0.80  1.00  1.20  1.40  1.60  1.85  2.10  2.40 
RMIN  6 
RTRK 12 
RETA 11  0.00  0.20  0.40  0.60  0.80  1.00  1.20  1.40  1.60  1.85  2.10  2.40 
T 0 1  18  0  0  0    0.0000000   0.0006474   0.0017254   0.0032089   0.0124201   0.0690593   0.2777660   0.6538434   1.0000000   1.0000000   1.0000000   1.0000000   1.0000000
T 0 1  18  0  0  1    0.0000000   0.0001358   0.0005518   0.0023225   0.0123298   0.0589035   0.2265381   0.5883368   1.0000000   1.0000000   1.0000000   1.0000000   1.0000000
T 0 1  18  0  0  2    0.0000000   0.0001381   0.0004908   0.0016742   0.0104966   0.0550271   0.2094222   0.5745897   1.0000000   1.0000000   1.0000000   1.0000000   1.0000000
T 0 1  18  0  0  3    0.0000000   0.0002365   0.0006091   0.0016699   0.0115591   0.0629160   0.2257913   0.5872207   1.0000000   1.0000000   1.0000000   1.0000000   1.0000000
T 0 1  18  0  0  4    0.0000000   0.0003940   0.0024501   0.0143051   0.0629201   0.2044815   0.4887243   0.8224406   1.0000000   1.0000000   1.0000000   1.0000000   1.0000000
T 0 1  18  0  0  5    0.0000000   0.0009386   0.0074450   0.0513580   0.2050474   0.5327695   0.8756886   0.9993561   1.0000000   1.0000000   1.0000000   1.0000000   1.0000000
T 0 1  18  0  0  6    0.0000000   0.0003114   0.0011468   0.0101812   0.0674956   0.2772891   0.6640513   0.9313743   0.9981438   0.9999994   1.0000000   1.0000000   1.0000000
T 0 1  18  0  0  7    0.0000000   0.0000677   0.0004247   0.0009068   0.0047877   0.0306788   0.1181180   0.2959699   0.5807582   0.8689325   0.9844796   0.9998734   1.0000000
T 0 1  18  0  0  8    0.0000000   0.0000015   0.0000339   0.0001147   0.0003711   0.0009604   0.0040907   0.0250199   0.1188987   0.3924163   0.7891160   0.9691052   1.0000000
T 0 1  18  0  0  9    0.0000000   0.0000038   0.0000038   0.0000325   0.0005265   0.0035145   0.0183731   0.0859281   0.3011160   0.6585914   0.9384094   0.9999505   1.0000000
T 0 1  18  0  0 10    0.0000000   0.0068239   0.0290586   0.0463457   0.0796125   0.1696394   0.3390121   0.6903341   0.9109342   0.9706167   0.9998011   1.0000000   1.0000000
T 0 1  18  1  0  0    0.0000000   0.0005148   0.0016399   0.0047460   0.0213440   0.1017716   0.3374237   0.6994022   1.0000000   1.0000000   1.0000000   1.0000000   1.0000000
T 0 1  18  1  0  1    0.0000000   0.0002633   0.0010891   0.0042307   0.0181163   0.0752157   0.2537985   0.6193956   1.0000000   1.0000000   1.0000000   1.0000000   1.0000000
T 0 1  18  1  0  2    0.0000000   0.0002194   0.0008486   0.0027728   0.0124455   0.0616642   0.2339277   0.6064318   1.0000000   1.0000000   1.0000000   1.0000000   1.0000000
T 0 1  18  1  0  3    0.0000000   0.0002283   0.0008669   0.0027852   0.0140251   0.0700545   0.2491207   0.6198491   1.0000000   1.0000000   1.0000000   1.0000000   1.0000000
T 0 1  18  1  0  4    0.0000000   0.0004356   0.0027620   0.0153929   0.0663357   0.2155446   0.5058694   0.8320271   1.0000000   1.0000000   1.0000000   1.0000000   1.0000000
T 0 1  18  1  0  5    0.0000000   0.0011873   0.0094478   0.0577925   0.2246261   0.5586818   0.8900123   0.9996500   1.0000000   1.0000000   1.0000000   1.0000000   1.0000000
T 0 1  18  1  0  6    0.0000000   0.0004626   0.0026649   0.0180020   0.0942133   0.3329130   0.7236541   0.9536823   0.9988141   0.9999984   1.0000000   1.0000000   1.0000000
T 0 1  18  1  0  7    0.0000000   0.0002246   0.0006446   0.0024765   0.0123245   0.0526267   0.1570011   0.3413836   0.6074237   0.8728054   0.9849908   0.9998878   1.0000000
T 0 1  18  1  0  8    0.0000000   0.0009562   0.0014955   0.0017998   0.0022382   0.0036136   0.0107994   0.0452511   0.1686405   0.4573475   0.8251665   0.9710661   1.0000000
T 0 1  18  1  0  9    0.0000000   0.0021003   0.0074838   0.0131257   0.0159362   0.0198461   0.0401951   0.1288935   0.3661962   0.7154288   0.9583841   0.9999941   1.0000000
T 0 1  18  1  0 10    0.0000000   0.0032254   0.0170235   0.0428863   0.0843736   0.1746921   0.3942474   0.7474223   0.9511020   0.9856143   0.9999985   1.0000000   1.0000000
R 0 1  18  0  0  0    0.0228431   0.0228431   0.0130497   0.0106083   0.0104471   0.0101622   0.0100074   0.0098450   0.0098450   0.0098450   0.0098450   0.0098450
R 0 1  18  0  0  1    0.0118030   0.0118030   0.0118030   0.0118030   0.0110374   0.0109055   0.0109454   0.0108645   0.0108645   0.0108645   0.0108645   0.0108645
R 0 1  18  0  0  2    0.0124067   0.0124067   0.0124067   0.0124067   0.0119142   0.0119793   0.0118461   0.0116699   0.0116699   0.0116699   0.0116699   0.0116699
R 0 1  18  0  0  3    0.0131440   0.0131440   0.0131440   0.0131440   0.0127129   0.0125679   0.0123894   0.0122553   0.0122553   0.0122553   0.0122553   0.0122553
R 0 1  18  0  0  4    0.0192293   0.0192293   0.0192293   0.0172435   0.0169224   0.0158842   0.0144931   0.0131129   0.0131129   0.0131129   0.0131129   0.0131129
R 0 1  18  0  0  5    0.0197078   0.0197078   0.0192693   0.0191346   0.0187894   0.0179972   0.0170199   0.0170199   0.0170199   0.0170199   0.0170199   0.0170199
R 0 1  18  0  0  6    0.0204508   0.0204508   0.0204508   0.0203860   0.0208048   0.0206864   0.0209180   0.0206265   0.0206265   0.0206265   0.0206265   0.0206265
R 0 1  18  0  0  7    0.0221817   0.0221817   0.0221817   0.0221817   0.0203494   0.0210472   0.0212167   0.0209120   0.0205747   0.0197165   0.0197165   0.0197165
R 0 1  18  0  0  8    0.0211220   0.0211220   0.0211220   0.0211220   0.0211220   0.0211220   0.0211220   0.0209489   0.0209687   0.0209319   0.0202149   0.0185625
R 0 1  18  0  0  9    0.0310582   0.0310582   0.0310582   0.0310582   0.0310582   0.0310582   0.0295516   0.0288144   0.0275288   0.0265094   0.0248566   0.0248566
R 0 1  18  0  0 10    0.0740891   0.0694570   0.0629196   0.0531294   0.0470893   0.0439916   0.0409924   0.0355534   0.0336201   0.0306014   0.0306014   0.0306014
R 0 1  18  0  1  0    0.0000000   0.0000000   0.0000000   0.0000780   0.0000847   0.0000797   0.0000747   0.0000656   0.0000656   0.0000656   0.0000656   0.0000656
R 0 1  18  0  1  1    0.0000825   0.0000825   0.0000825   0.0000825   0.0000591   0.0000727   0.0000622   0.0000582   0.0000582   0.0000582   0.0000582   0.0000582
R 0 1  18  0  1  2    0.0000332   0.0000332   0.0000332   0.0000332   0.0000557   0.0000678   0.0000593   0.0000516   0.0000516   0.0000516   0.0000516   0.0000516
R 0 1  18  0  1  3    0.0000643   0.0000643   0.0000643   0.0000643   0.0000672   0.0000593   0.0000556   0.0000516   0.0000516   0.0000516   0.0000516   0.0000516
R 0 1  18  0  1  4    0.0001125   0.0001125   0.0001125   0.0000831   0.0000921   0.0000745   0.0000553   0.0000504   0.0000504   0.0000504   0.0000504   0.0000504
R 0 1  18  0  1  5    0.0001163   0.0001163   0.0000787   0.0000774   0.0000697   0.0000619   0.0000494   0.0000494   0.0000494   0.0000494   0.0000494   0.0000494
R 0 1  18  0  1  6    0.0000841   0.0000841   0.0000841   0.0000587   0.0000583   0.0000592   0.0000504   0.0000290   0.0000290   0.0000290   0.0000290   0.0000290
R 0 1  18  0  1  7    0.0001294   0.0001294   0.0001294   0.0001294   0.0000706   0.0000663   0.0000677   0.0000718   0.0000740   0.0000581   0.0000581   0.0000581
R 0 1  18  0  1  8    0.0001094   0.0001094   0.0001094   0.0001094   0.0001094   0.0001094   0.0001094   0.0001092   0.0001021   0.0001012   0.0000810   0.0000583
R 0 1  18  0  1  9    0.0002493   0.0002493   0.0002493   0.0002493   0.0002493   0.0002493   0.0002241   0.0001908   0.0001878   0.0001501   0.0001203   0.0001203
R 0 1  18  0  1 10    0.0013749   0.0011784   0.0009562   0.0007015   0.0005847   0.0004771   0.0004053   0.0002527   0.0001848   0.0001347   0.0001347   0.0001347
R 0 1  18  0  2  0    0.0000000   0.0000000   0.0000000   0.0000000   0.0000000   0.0000083   0.0000132   0.0000051   0.0000051   0.0000051   0.0000051   0.0000051
R 0 1  18  0  2  1    0.0000000   0.0000000   0.0000000   0.0000000   0.0000000   0.0000245   0.0000098   0.0000084   0.0000084   0.0000084   0.0000084   0.0000084
R 0 1  18  0  2  2    0.0000000   0.0000000   0.0000000   0.0000000   0.0000777   0.0000099   0.0000143   0.0000092   0.0000092   0.0000092   0.0000092   0.0000092
R 0 1  18  0  2  3    0.0001077   0.0001077   0.0001077   0.0001077   0.0000209   0.0000086   0.0000053   0.0000000   0.0000000   0.0000000   0.0000000   0.0000000
R 0 1  18  0  2  4    0.0000000   0.0000000   0.0000000   0.0000000   0.0000173   0.0000263   0.0000000   0.0000000   0.0000000   0.0000000   0.0000000   0.0000000
R 0 1  18  0  2  5    0.0000000   0.0000000   0.0000000   0.0000000   0.0000225   0.0000277   0.0000193   0.0000193   0.0000193   0.0000193   0.0000193   0.0000193
R 0 1  18  0  2  6    0.0000000   0.0000000   0.0000000   0.0000000   0.0000000   0.0000000   0.0000000   0.0000000   0.0000000   0.0000000   0.0000000   0.0000000
R 0 1  18  0  2  7    0.0000000   0.0000000   0.0000000   0.0000000   0.0000000   0.0000000   0.0000000   0.0000000   0.0000000   0.0000000   0.0000000   0.0000000
R 0 1  18  0  2  8    0.0000000   0.0000000   0.0000000   0.0000000   0.0000000   0.0000000   0.0000000   0.0000000   0.0000000   0.0000107   0.0000175   0.0000000
R 0 1  18  0  2  9    0.0000000   0.0000000   0.0000000   0.0000000   0.0000000   0.0000000   0.0000000   0.0000654   0.0000000   0.0000000   0.0000000   0.0000000
R 0 1  18  0  2 10    0.0000000   0.0000000   0.0000000   0.0000000   0.0000000   0.0000000   0.0000839   0.0000418   0.0000000   0.0000000   0.0000000   0.0000000
R 0 1  18  0  3  0    1.1148886   1.1148886   0.9981226   1.0190303   0.9958081   0.9865480   0.9814437   0.9827378   0.9827378   0.9827378   0.9827378   0.9827378
R 0 1  18  0  3  1    1.0356008   1.0356008   1.0356008   1.0356008   0.9922669   0.9825912   0.9802319   0.9801758   0.9801758   0.9801758   0.9801758   0.9801758
R 0 1  18  0  3  2    0.9980464   0.9980464   0.9980464   0.9980464   0.9966843   0.9853193   0.9814233   0.9797109   0.9797109   0.9797109   0.9797109   0.9797109
R 0 1  18  0  3  3    1.0129556   1.0129556   1.0129556   1.0129556   1.0103898   0.9864754   0.9814690   0.9810954   0.9810954   0.9810954   0.9810954   0.9810954
R 0 1  18  0  3  4    1.0132113   1.0132113   1.0132113   0.9860460   0.9740521   0.9743194   0.9776399   0.9878920   0.9878920   0.9878920   0.9878920   0.9878920
R 0 1  18  0  3  5    1.0576965   1.0576965   0.9952389   0.9836855   0.9744308   0.9700532   0.9698466   0.9698466   0.9698466   0.9698466   0.9698466   0.9698466
R 0 1  18  0  3  6    1.0305673   1.0305673   1.0305673   1.0098341   0.9869966   0.9824915   0.9834162   0.9843613   0.9843613   0.9843613   0.9843613   0.9843613
R 0 1  18  0  3  7    1.0490314   1.0490314   1.0490314   1.0490314   1.0449103   0.9970483   0.9893107   0.9833202   0.9878843   0.9867929   0.9867929   0.9867929
R 0 1  18  0  3  8    1.0234757   1.0234757   1.0234757   1.0234757   1.0234757   1.0234757   1.0234757   0.9968692   0.9825189   0.9839896   0.9866234   1.0322217
R 0 1  18  0  3  9    1.0195236   1.0195236   1.0195236   1.0195236   1.0195236   1.0195236   0.9888325   0.9758705   0.9728644   0.9862124   1.0014503   1.0014503
R 0 1  18  0  3 10    1.0997880   1.0650261   1.0060948   0.9951474   0.9735698   0.9708554   0.9649837   0.9719289   1.0034542   0.9963017   0.9963017   0.9963017
R 0 1  18  0  4  0    1.1992272   1.1992272   1.3229001   2.0989933   2.2628097   2.2917993   2.2352278   2.2641003   2.2641003   2.2641003   2.2641003   2.2641003
R 0 1  18  0  4  1    2.1143563   2.1143563   2.1143563   2.1143563   2.1520020   2.2086111   2.2096531   2.2150671   2.2150671   2.2150671   2.2150671   2.2150671
R 0 1  18  0  4  2    1.8818504   1.8818504   1.8818504   1.8818504   2.1104088   2.2283440   2.2514426   2.2196293   2.2196293   2.2196293   2.2196293   2.2196293
R 0 1  18  0  4  3    1.8243340   1.8243340   1.8243340   1.8243340   2.3716541   2.2470853   2.2265031   2.2253712   2.2253712   2.2253712   2.2253712   2.2253712
R 0 1  18  0  4  4    1.8252872   1.8252872   1.8252872   2.0038968   2.0264546   2.0809890   2.1851129   2.3289397   2.3289397   2.3289397   2.3289397   2.3289397
R 0 1  18  0  4  5    1.7882059   1.7882059   2.0813413   2.1811883   2.0852815   2.0390930   2.0222170   2.0222170   2.0222170   2.0222170   2.0222170   2.0222170
R 0 1  18  0  4  6    2.0644159   2.0644159   2.0644159   2.2638126   2.3186623   2.3040235   2.3509321   2.2504004   2.2504004   2.2504004   2.2504004   2.2504004
R 0 1  18  0  4  7    1.8209484   1.8209484   1.8209484   1.8209484   2.3005698   2.2488941   2.3700956   2.2887152   2.4122923   2.3290250   2.3290250   2.3290250
R 0 1  18  0  4  8    2.1666786   2.1666786   2.1666786   2.1666786   2.1666786   2.1666786   2.1666786   2.2718194   2.2313237   2.2708675   2.3081053   2.3585926
R 0 1  18  0  4  9    2.0236785   2.0236785   2.0236785   2.0236785   2.0236785   2.0236785   1.9537580   2.0597274   2.0431195   2.2100583   2.1632372   2.1632372
R 0 1  18  0  4 10    1.9428649   2.2854586   1.8710653   1.9116298   1.9559551   1.9786950   1.9217445   1.9822940   2.1450544   1.9325042   1.9325042   1.9325042
R 0 1  18  0  5  0  130.9567837 130.9567837  17.7225332   3.6492418   3.7448690   3.8353699   4.2541500   4.0257075   4.0257075   4.0257075   4.0257075   4.0257075
R 0 1  18  0  5  1    3.3179321   3.3179321   3.3179321   3.3179321   4.1057831   4.2878980   4.2827984   4.2108111   4.2108111   4.2108111   4.2108111   4.2108111
R 0 1  18  0  5  2    3.7869339   3.7869339   3.7869339   3.7869339   4.8661274   4.1890570   3.9872991   4.4005969   4.4005969   4.4005969   4.4005969   4.4005969
R 0 1  18  0  5  3    4.7136331   4.7136331   4.7136331   4.7136331   3.3110249   4.2383258   4.3535573   4.3087674   4.3087674   4.3087674   4.3087674   4.3087674
R 0 1  18  0  5  4    5.9634864   5.9634864   5.9634864   5.1394311   5.6065730   5.0290884   3.9870821   3.2142661   3.2142661   3.2142661   3.2142661   3.2142661
R 0 1  18  0  5  5    4.5228282   4.5228282   4.6306353   4.4888944   5.5181930   4.9327711   4.0512423   4.0512423   4.0512423   4.0512423   4.0512423   4.0512423
R 0 1  18  0  5  6    2.9161733   2.9161733   2.9161733   3.8765991   3.4098084   3.1842172   2.3517155   2.0521919   2.0521919   2.0521919   2.0521919   2.0521919
R 0 1  18  0  5  7    3.5946119   3.5946119   3.5946119   3.5946119   3.4854657   3.7155986   2.8635503   3.1030789   2.5162496   2.1176581   2.1176581   2.1176581
R 0 1  18  0  5  8    4.3775702   4.3775702   4.3775702   4.3775702   4.3775702   4.3775702   4.3775702   4.3677461   4.4367998   4.2333416   3.4675514   3.6769483
R 0 1  18  0  5  9    6.0943200   6.0943200   6.0943200   6.0943200   6.0943200   6.0943200   7.6169177   6.3598592   6.5405412   5.4608616   6.0387776   6.0387776
R 0 1  18  0  5 10    9.2152249   3.6477478   5.1300220   5.1146051   5.3343433   6.4887627   8.6790547   7.4923673   5.4984495   7.9656962   7.9656962   7.9656962
F  0  1  18  0  0  0    1.0205662   1.0139638   1.0018416   0.9943980   0.9879872   0.9858519   0.9872728   0.9862247   0.9850083   0.9865351   0.9893584
F  0  1  18  1  0  0    1.0897144   1.0652503   1.0907253   1.0494103   1.0705775   1.0699415   1.0724447   1.0499145   1.0474840   1.0645101   1.0932657
C  0  1  18  0  0  0  -0.1470557  0.0000004 -0.0972109 -0.3665831 -0.2839797 -0.2311378 -0.0416709 -0.2606935 -0.1405070 -0.2104602 -0.2339709 -0.1769663 -0.3923859 -0.3218787 -0.2439824 -0.0761342
C  0  1  18  0  0  1  -0.0717885 -0.1684741 -0.1956201 -0.0440306 -0.0786550 -0.1340280 -0.0959684 -0.1715681 -0.0646510 -0.1851847 -0.0733747 -0.0948003 -0.1899956 -0.1320098 -0.1392177 -0.0478081
C  0  1  18  0  0  2  -0.0528710 -0.1692321 -0.1314594 -0.1219215 -0.0174480 -0.1426237 -0.0667843 -0.1269170 -0.1100420 -0.1355598 -0.0211688 -0.0649024 -0.0779064 -0.0227734 -0.0316746 -0.1280902
C  0  1  18  0  0  3  -0.0474204 -0.0820902 -0.0569787 -0.0084277  0.0761726 -0.1207125 -0.1428517 -0.0106352 -0.1687691  0.0048471 -0.0272348 -0.0839394 -0.2193895 -0.0682932 -0.1176313  0.0217407
C  0  1  18  0  0  4  -0.0315521 -0.0398837 -0.1129470 -0.0535761 -0.1302627 -0.1105228 -0.0584976 -0.0188626 -0.0187945  0.0504528 -0.0241443  0.0314008 -0.1790205 -0.1412707  0.0179615 -0.0412033
C  0  1  18  0  0  5  -0.0397061 -0.0412024 -0.0823383  0.0809081 -0.0742761 -0.0941508 -0.0709451  0.0585411  0.0900285 -0.0702359  0.0261057 -0.0653085 -0.1071328  0.0684950  0.0417006  0.0383948
C  0  1  18  0  0  6   0.0233074  0.1101649 -0.0218560  0.0110313  0.0524937 -0.0106518 -0.0015703 -0.1229120  0.0291841  0.0565720  0.0381356 -0.0277474 -0.0689821 -0.0143649 -0.0794240  0.1218071
C  0  1  18  0  0  7  -0.0272443  0.0016171  0.0207000  0.0385710  0.0321870  0.0901915  0.0056397 -0.0116226 -0.0035905 -0.0857310  0.0609340 -0.0470553 -0.0475095 -0.0393632 -0.0070955  0.0821532
C  0  1  18  0  0  8  -0.0269050  0.0121249  0.0174014  0.0881005  0.0279551  0.0347759  0.0646126 -0.0069803  0.0168559  0.0443594 -0.0119581 -0.0116970 -0.0031742  0.0585965 -0.0657021 -0.0193340
C  0  1  18  0  0  9  -0.0453106  0.0736499 -0.0574358  0.0794707  0.0325022  0.0846830  0.0289870  0.0544304 -0.0016553  0.0530747 -0.0327832  0.0698177 -0.0464941  0.0978602  0.0120175  0.0549833
C  0  1  18  0  0 10   0.0217828 -0.0051089  0.0636753  0.1257097  0.0203160 -0.0156850 -0.0433685 -0.0014092  0.0267264 -0.0697825  0.0705964 -0.0329240 -0.0032359  0.0681785  0.0028218  0.0492203
C  0  1  18  0  0 11  -0.0125784 -0.0213212 -0.0489430 -0.0051132 -0.0142751  0.0624340  0.0311160  0.1088703  0.0821519  0.0509855  0.0377503 -0.0154739  0.0321724  0.0495110 -0.0758099  0.0110528
C  0  1  18  0  0 12   0.0784373 -0.0575079 -0.0129921 -0.0305574  0.0080601  0.0030289 -0.0390548  0.0246847 -0.0159771  0.0657007  0.0026168  0.0099538 -0.0521179  0.0050489  0.0329370 -0.0144932
C  0  1  18  0  0 13  -0.0845547  0.0218676  0.0851664 -0.0606701  0.0131755 -0.0180789  0.0293690 -0.0864111  0.0400489  0.0256015 -0.0661872 -0.0054465 -0.0463021 -0.0323295  0.0285472  0.0541253
C  0  1  18  0  0 14  -0.0342986  0.0290496 -0.0582263 -0.0522222 -0.0265252 -0.0262112  0.0534547 -0.0153326 -0.0367971 -0.0464832  0.0683223  0.0051184  0.0204445  0.0153177 -0.0304438 -0.0833460
C  0  1  18  0  0 15  -0.0575490 -0.0403096 -0.0388078  0.0330866  0.0511435 -0.0586004 -0.0869913  0.0134808  0.0278995 -0.0287676 -0.0527865 -0.1010210  0.0235061  0.0765888 -0.0434777 -0.0057124
C  0  1  18  0  0 16   0.0536723 -0.0648584 -0.0126288  0.0684783 -0.0409414 -0.1313978 -0.0190691  0.0478444 -0.0027398  0.1439742  0.0282252 -0.0494614 -0.0154600 -0.0099089 -0.0464294  0.0663002
C  0  1  18  0  0 17  -0.1048243 -0.1731936 -0.1317384 -0.1638539 -0.0698728 -0.0927554 -0.0735965 -0.0049942 -0.1012755 -0.1016409  0.0471972  0.0966257 -0.1517466 -0.1054543 -0.1220483  0.0028291
C  0  1  18  0  0 18  -0.1077395 -0.0221744 -0.0777748 -0.0507093 -0.1559893 -0.0199521 -0.0377657 -0.0418502 -0.1641552  0.0670010  0.0034090 -0.0731082 -0.0087135  0.0639018 -0.0942205  0.0217132
C  0  1  18  0  0 19  -0.0077234 -0.1171645 -0.1802038  0.0647091 -0.1452668 -0.0782392 -0.1219242 -0.0578684 -0.1350994 -0.0165794 -0.1279318 -0.0568018 -0.1220436 -0.0176323 -0.1060799 -0.0911189
C  0  1  18  0  0 20  -0.0132988 -0.0249799 -0.0526418  0.0049654 -0.2004619 -0.2372279 -0.2348326 -0.2457385 -0.1264187 -0.1088432 -0.1743972 -0.0665044 -0.0325199 -0.1981224 -0.1050948 -0.0121027
C  0  1  18  0  0 21  -0.1708043 -0.2742875 -0.3405056 -0.1878658 -0.2922089 -0.1084316 -0.4322250  0.0040511 -0.0644928 -0.0872031 -0.2025309 -0.2592360 -0.4523337 -0.2758382 -0.3275831 -0.2795444
C  0  1  18  0  1  0  -0.0034936  0.0020206 -0.0013988 -0.0059667 -0.0043448 -0.0000271  0.0011538  0.0004957  0.0043375 -0.0037903 -0.0028603  0.0038658  0.0049151  0.0039958  0.0072589  0.0012131
C  0  1  18  0  1  1  -0.0020489  0.0006424 -0.0059780 -0.0006174 -0.0002691 -0.0030471  0.0033214 -0.0005718  0.0013532  0.0006255 -0.0051665 -0.0026015  0.0026200  0.0027190  0.0027488  0.0022428
C  0  1  18  0  1  2   0.0023322 -0.0007742  0.0008853  0.0011021 -0.0011186  0.0022172  0.0021074  0.0011323 -0.0015829 -0.0000453 -0.0019078 -0.0010161  0.0031104 -0.0008953  0.0011377  0.0002727
C  0  1  18  0  1  3   0.0010539  0.0014300  0.0011184 -0.0036429 -0.0021180  0.0005704  0.0040113 -0.0007505 -0.0017152 -0.0020352 -0.0011375 -0.0007319  0.0002625 -0.0037326  0.0007962  0.0025136
C  0  1  18  0  1  4   0.0022940 -0.0014126 -0.0006217  0.0028467  0.0022316 -0.0003454  0.0031272 -0.0006858  0.0023798 -0.0000971 -0.0000624 -0.0019619  0.0020983 -0.0008766 -0.0009081 -0.0014160
C  0  1  18  0  1  5   0.0023532 -0.0006505 -0.0002214  0.0014590  0.0018114 -0.0012001 -0.0004469  0.0021659  0.0002905  0.0016950  0.0012806 -0.0008864  0.0012111 -0.0000294 -0.0003745 -0.0001427
C  0  1  18  0  1  6   0.0026668  0.0008056  0.0006649 -0.0009870 -0.0011905 -0.0024614  0.0011362  0.0014304  0.0014468 -0.0008336  0.0004134 -0.0010292 -0.0012328 -0.0026019 -0.0000505 -0.0006665
C  0  1  18  0  1  7   0.0023329  0.0003990  0.0010530  0.0005406  0.0033588  0.0007879 -0.0029353  0.0002774  0.0010741 -0.0002977  0.0015945 -0.0019376 -0.0010239 -0.0002393 -0.0003313 -0.0002902
C  0  1  18  0  1  8   0.0018089  0.0017443 -0.0009478 -0.0000963  0.0008883  0.0017408  0.0010883  0.0000314  0.0026566 -0.0015661 -0.0001042 -0.0013080  0.0012173  0.0011555  0.0003175  0.0005139
C  0  1  18  0  1  9  -0.0017334  0.0025769  0.0032880  0.0009630 -0.0010426 -0.0001917  0.0011884 -0.0000221 -0.0001545 -0.0015422 -0.0028130 -0.0017145  0.0005314  0.0011405 -0.0008698  0.0003752
C  0  1  18  0  1 10   0.0012592  0.0003779  0.0014666  0.0020435  0.0017137 -0.0000741 -0.0003328 -0.0004009 -0.0017512 -0.0004075 -0.0005734 -0.0012200 -0.0004064  0.0002814 -0.0002265  0.0009574
C  0  1  18  0  1 11   0.0015538  0.0005052 -0.0007744  0.0013111  0.0009867  0.0007464 -0.0030665 -0.0014192 -0.0031936  0.0015570 -0.0005815 -0.0018161  0.0025100 -0.0012033 -0.0008503  0.0001817
C  0  1  18  0  1 12   0.0009027  0.0010904  0.0006947 -0.0010575  0.0001791  0.0000731  0.0004050 -0.0003646 -0.0009776  0.0013659 -0.0017263  0.0027466 -0.0004278 -0.0010334  0.0016975  0.0015171
C  0  1  18  0  1 13   0.0023333 -0.0018373  0.0004733  0.0021154  0.0029652  0.0010264 -0.0007912  0.0002444  0.0002474 -0.0001812 -0.0007158 -0.0007626 -0.0010472  0.0013962 -0.0000961  0.0016616
C  0  1  18  0  1 14   0.0009766  0.0010088  0.0019570  0.0009166  0.0005353  0.0021135  0.0001577  0.0026138 -0.0003343 -0.0002160  0.0013118 -0.0012453  0.0006088  0.0014594  0.0000256  0.0019872
C  0  1  18  0  1 15   0.0012465  0.0001599  0.0016544  0.0004079 -0.0005729  0.0030482  0.0005065 -0.0010589 -0.0000744 -0.0012767  0.0000686  0.0022222 -0.0004936 -0.0008424 -0.0006081  0.0016008
C  0  1  18  0  1 16   0.0028356  0.0017078  0.0031761  0.0016266 -0.0003896  0.0030061  0.0015759  0.0000229 -0.0000052 -0.0003012  0.0005301 -0.0005135  0.0008163  0.0020505  0.0018119  0.0022364
C  0  1  18  0  1 17   0.0021786 -0.0003686  0.0016068  0.0032713  0.0019367  0.0042568  0.0027339  0.0023922 -0.0017486  0.0026802  0.0019972  0.0016936  0.0016127 -0.0004604  0.0054684  0.0046946
C  0  1  18  0  1 18   0.0050308  0.0036171  0.0017009  0.0031739  0.0012510  0.0021343  0.0030416  0.0016600 -0.0012581  0.0015874  0.0058363  0.0017116 -0.0027685  0.0011763  0.0075343  0.0053132
C  0  1  18  0  1 19   0.0022284  0.0020885  0.0006554  0.0035979 -0.0014150  0.0007994  0.0011011  0.0020177  0.0043311  0.0018835  0.0000582  0.0041419  0.0006410  0.0005185  0.0033679  0.0067264
C  0  1  18  0  1 20   0.0013037  0.0059369  0.0039700  0.0021441  0.0037873  0.0038503  0.0032809  0.0046974  0.0017912  0.0029803  0.0014971 -0.0017857  0.0032858  0.0045608  0.0033881  0.0074624
C  0  1  18  0  1 21   0.0134391  0.0143395  0.0044816  0.0030240 -0.0036661 -0.0055844 -0.0095014 -0.0032175  0.0017793 -0.0027717  0.0013258  0.0038231  0.0028170  0.0078709  0.0081968  0.0028921
C  0  1  18  1  0  0  -0.4930826 -0.3423776 -0.3254659 -0.3911307 -0.1988505 -0.4033290 -0.3002217 -0.3000431 -0.2844233 -0.3578198 -0.3750887 -0.5092315 -0.4698468 -0.4347796 -0.4368142 -0.3999276
C  0  1  18  1  0  1  -0.2921248 -0.3257914 -0.3045000 -0.2752645 -0.2823286 -0.2435019 -0.2975222 -0.2542191 -0.2512037 -0.2657610 -0.3009129 -0.2682373 -0.3566468 -0.4112344 -0.2665617 -0.2736631
C  0  1  18  1  0  2  -0.2973380 -0.3495940 -0.2814861 -0.2407619 -0.2792421 -0.2294775 -0.2641250 -0.2743725 -0.2453536 -0.2180874 -0.2854590 -0.3185719 -0.3743764 -0.3509464 -0.3199681 -0.3196951
C  0  1  18  1  0  3  -0.2650755 -0.2653534 -0.2849480 -0.3040835 -0.3129406 -0.1779141 -0.1978353 -0.1515608 -0.1729696 -0.2196722 -0.2368605 -0.2263115 -0.2603315 -0.2864282 -0.3137651 -0.2699180
C  0  1  18  1  0  4  -0.2759887 -0.3028766 -0.3082640 -0.2783986 -0.2330883 -0.1781662 -0.2944780 -0.2569200 -0.2401761 -0.1982149 -0.2050520 -0.2647908 -0.3360204 -0.2590595 -0.3105241 -0.3119713
C  0  1  18  1  0  5  -0.2367855 -0.1584169 -0.1875276 -0.1630306 -0.1204704 -0.0891206 -0.2096611 -0.1338039 -0.1001160 -0.1406603 -0.1812479 -0.1721052 -0.2055939 -0.1736286 -0.1879525 -0.1911728
C  0  1  18  1  0  6  -0.1621175 -0.1510400 -0.1527097 -0.1410294 -0.0737265 -0.1459057 -0.1471957 -0.1484814 -0.1361000 -0.0997227 -0.0933958 -0.1112268 -0.0973608 -0.1255051 -0.1225442 -0.1572054
C  0  1  18  1  0  7  -0.1442836 -0.1791346 -0.1780869 -0.0847546 -0.1527916 -0.1666357 -0.1411781 -0.1158870 -0.1479506 -0.1321041 -0.1329649 -0.1354239 -0.1599987 -0.1171055 -0.1449722 -0.1276236
C  0  1  18  1  0  8  -0.1825168 -0.1086225 -0.1366167 -0.1742662 -0.1655114 -0.1337149 -0.1300395 -0.1488434 -0.1710861 -0.1136590 -0.1383087 -0.1674038 -0.0993065 -0.1618704 -0.1392324 -0.1246291
C  0  1  18  1  0  9  -0.1191374 -0.1498134 -0.0870637 -0.1355526 -0.0955525 -0.1479498 -0.1148486 -0.1771263 -0.1091056 -0.1381869 -0.0479378 -0.1523995 -0.1562973 -0.1466322 -0.1229880 -0.0992098
C  0  1  18  1  0 10  -0.1312747 -0.0962200 -0.0970178 -0.1448703 -0.1410852 -0.1299865 -0.1210444 -0.1347532 -0.0491539 -0.0956725 -0.1302077 -0.1345647 -0.1092340 -0.1401212 -0.0816313 -0.1361482
C  0  1  18  1  0 11  -0.1486969 -0.1135418 -0.1270475 -0.0817844 -0.1329541 -0.1130985 -0.1178918 -0.1254218 -0.1491139 -0.0794177 -0.0843953 -0.1225997 -0.1211724 -0.1104917 -0.1237815 -0.0947345
C  0  1  18  1  0 12  -0.0853811 -0.1074823 -0.1428789 -0.1049010 -0.1325480 -0.1084425 -0.1417167 -0.1878509 -0.0927748 -0.0934235 -0.1297453 -0.1249632 -0.0872337 -0.1325435 -0.1041980 -0.1455376
C  0  1  18  1  0 13  -0.1023556 -0.1630119 -0.1879232 -0.1731146 -0.1434153 -0.1623690 -0.1576669 -0.1407107 -0.1284927 -0.1320260 -0.1569589 -0.1349060 -0.1661655 -0.1380957 -0.1615704 -0.1168611
C  0  1  18  1  0 14  -0.1419684 -0.1752758 -0.1408332 -0.1241377 -0.1655205 -0.1342282 -0.1551351 -0.2347984 -0.1594726 -0.1630681 -0.1113959 -0.1394551 -0.1594177 -0.0632658 -0.1500312 -0.1685436
C  0  1  18  1  0 15  -0.0750894 -0.1914106 -0.1457322 -0.1146785 -0.1159167 -0.1237069 -0.1184016 -0.1458515 -0.1967398 -0.1496254 -0.0789043 -0.1820830 -0.1500187 -0.0743679 -0.0875883 -0.1860129
C  0  1  18  1  0 16  -0.1982368 -0.1487088 -0.1737101 -0.1421213 -0.1898910 -0.1624189 -0.1913364 -0.2519243 -0.1189302 -0.1952946 -0.0854093 -0.1137962 -0.1434844 -0.1830022 -0.1437986 -0.1054021
C  0  1  18  1  0 17  -0.2590729 -0.2497347 -0.2186217 -0.2299977 -0.1845910 -0.2843431 -0.2338802 -0.2755038 -0.2450622 -0.2472481 -0.2679612 -0.2291137 -0.2166904 -0.3052322 -0.2320200 -0.2655600
C  0  1  18  1  0 18  -0.2695177 -0.2691544 -0.2638638 -0.2209557 -0.2007336 -0.2174290 -0.2908350 -0.2914255 -0.2649039 -0.2321446 -0.2225131 -0.2287874 -0.2607794 -0.1974888 -0.1698164 -0.1945954
C  0  1  18  1  0 19  -0.2641994 -0.3067114 -0.3179523 -0.3323397 -0.2849261 -0.2783380 -0.2578173 -0.2375860 -0.2355481 -0.3035399 -0.2012801 -0.2582981 -0.2156562 -0.2517344 -0.2362470 -0.2838191
C  0  1  18  1  0 20  -0.2806438 -0.2678574 -0.3327834 -0.3377682 -0.3174201 -0.2360999 -0.3235639 -0.3327319 -0.3351571 -0.3635000 -0.2884223 -0.2965933 -0.3718547 -0.2917104 -0.2375610 -0.2126101
C  0  1  18  1  0 21  -0.4194737 -0.4044820 -0.3792684 -0.3303552 -0.2479861 -0.2773476 -0.3660295 -0.4038311 -0.4379465 -0.3682138 -0.4044198 -0.3260204 -0.2539069 -0.4115930 -0.3559833 -0.3473883
C  0  1  18  1  1  0   0.0453969  0.0492032  0.0398711  0.0249639  0.0024115 -0.0202049 -0.0320242 -0.0403377 -0.0469235 -0.0359615 -0.0357796 -0.0184300  0.0016138  0.0044109  0.0224754  0.0379667
C  0  1  18  1  1  1   0.0253078  0.0209153  0.0166810  0.0114432  0.0024628 -0.0083618 -0.0157907 -0.0174933 -0.0173954 -0.0162596 -0.0151204 -0.0077346  0.0026254  0.0082928  0.0113701  0.0228303
C  0  1  18  1  1  2   0.0125060  0.0141919  0.0090117  0.0062857  0.0017910 -0.0019086 -0.0078114 -0.0068890 -0.0101195 -0.0061976 -0.0050504 -0.0030170  0.0013529  0.0031626  0.0051282  0.0120696
C  0  1  18  1  1  3   0.0071788  0.0076601  0.0005718  0.0030674  0.0009177  0.0010344 -0.0049015 -0.0021689 -0.0006515 -0.0000968 -0.0020644 -0.0009124  0.0014272  0.0021894  0.0020890  0.0062802
C  0  1  18  1  1  4   0.0011789  0.0023939  0.0007474  0.0005370  0.0020191  0.0016495  0.0000338  0.0019813  0.0042297  0.0029049 -0.0017222 -0.0007749  0.0031724  0.0014794  0.0036681  0.0027321
C  0  1  18  1  1  5   0.0026635  0.0011985  0.0012997  0.0037360  0.0026915  0.0028456  0.0028960  0.0031773  0.0054074  0.0032313 -0.0013075  0.0001166  0.0018245  0.0022679  0.0027664 -0.0015923
C  0  1  18  1  1  6   0.0007425  0.0016864  0.0013556  0.0040886  0.0041303  0.0034357  0.0056104  0.0040796  0.0037704  0.0008584  0.0006857  0.0004083  0.0009355  0.0010649 -0.0002168 -0.0003820
C  0  1  18  1  1  7  -0.0008827  0.0015340  0.0020600  0.0044779  0.0045461  0.0038310  0.0055984  0.0035424  0.0040480  0.0010695 -0.0008786 -0.0000496  0.0013805  0.0011319  0.0014381 -0.0007552
C  0  1  18  1  1  8  -0.0003511  0.0010493  0.0022969  0.0014285  0.0044551  0.0031017  0.0042572  0.0047702  0.0051560  0.0002656  0.0001921 -0.0003202  0.0018024  0.0013934  0.0016439 -0.0008227
C  0  1  18  1  1  9   0.0018063  0.0021933  0.0011442  0.0029535  0.0024793  0.0037887  0.0034300  0.0032891  0.0031736 -0.0001409  0.0012753  0.0000637  0.0014592 -0.0003068 -0.0003119 -0.0024044
C  0  1  18  1  1 10  -0.0005000  0.0014729  0.0017388  0.0018980  0.0012401  0.0019891  0.0016072  0.0033345  0.0028458 -0.0006154 -0.0013309 -0.0009703 -0.0008402  0.0006183  0.0020177 -0.0018443
C  0  1  18  1  1 11  -0.0004103  0.0016697  0.0003630  0.0027229  0.0019557 -0.0002185  0.0004650  0.0025652  0.0025228  0.0007976 -0.0022225  0.0000090  0.0002119 -0.0013838  0.0001086 -0.0030175
C  0  1  18  1  1 12   0.0004857  0.0015784  0.0024035  0.0042157  0.0020929  0.0016941  0.0014426  0.0028166  0.0046711  0.0011220  0.0016426  0.0014932  0.0013097 -0.0004289  0.0008220 -0.0008979
C  0  1  18  1  1 13  -0.0004404  0.0022204  0.0024356  0.0027249  0.0029423  0.0032890  0.0045863  0.0057027  0.0049037  0.0020427  0.0006822  0.0004307 -0.0003563 -0.0019588  0.0003219 -0.0010137
C  0  1  18  1  1 14  -0.0015307  0.0013167  0.0026115  0.0029865  0.0037621  0.0026118  0.0038902  0.0055170  0.0051408  0.0018858  0.0011556  0.0000693 -0.0020015 -0.0006472 -0.0012210 -0.0024934
C  0  1  18  1  1 15  -0.0022634 -0.0000904  0.0023479  0.0038901  0.0027905 -0.0010933  0.0031771  0.0028112  0.0056175  0.0035634  0.0023878  0.0003031 -0.0037674 -0.0052229 -0.0051080 -0.0049880
C  0  1  18  1  1 16  -0.0007874  0.0013656  0.0038802  0.0050542  0.0034245  0.0008876  0.0033448  0.0042759  0.0044086  0.0070543  0.0030709  0.0018007 -0.0017917 -0.0014368 -0.0046206 -0.0050312
C  0  1  18  1  1 17  -0.0032407  0.0016087  0.0021700  0.0058450  0.0019250 -0.0020162 -0.0002747  0.0043388  0.0044341  0.0044352  0.0035766  0.0011631 -0.0013756 -0.0044295 -0.0047296 -0.0054373
C  0  1  18  1  1 18  -0.0003204  0.0078346  0.0044234  0.0062516  0.0047617 -0.0010571 -0.0017812  0.0009409  0.0027144  0.0055499  0.0022134  0.0006574 -0.0006982 -0.0030735 -0.0069248 -0.0045398
C  0  1  18  1  1 19   0.0021673  0.0093224  0.0123720  0.0105039  0.0077588  0.0027522 -0.0022822 -0.0008922  0.0031732  0.0056878  0.0020053 -0.0002299 -0.0020063 -0.0038053 -0.0045754 -0.0011249
C  0  1  18  1  1 20   0.0016271  0.0147701  0.0180258  0.0144500  0.0063992  0.0038345 -0.0020247 -0.0018065 -0.0003683  0.0041720  0.0017674 -0.0035604 -0.0062233 -0.0086337 -0.0058393 -0.0054866
C  0  1  18  1  1 21   0.0104873  0.0181743  0.0301844  0.0220230  0.0144533  0.0164870  0.0098417  0.0100571  0.0130250  0.0132615  0.0013437 -0.0036035 -0.0103454 -0.0197198 -0.0081856  0.0017890
