CPHI 16 
CETA 22 -2.40 -2.10 -1.85 -1.60 -1.40 -1.20 -1.00 -0.80 -0.60 -0.40 -0.20  0.00  0.20  0.40  0.60  0.80  1.00  1.20  1.40  1.60  1.85  2.10  2.40 
RMIN  6 
RTRK 12 
RETA 11  0.00  0.20  0.40  0.60  0.80  1.00  1.20  1.40  1.60  1.85  2.10  2.40 
T 0 1  19  0  0  0    0.0000000   0.0006265   0.0016773   0.0031557   0.0122380   0.0692581   0.2776500   0.6541154   1.0000000   1.0000000   1.0000000   1.0000000   1.0000000
T 0 1  19  0  0  1    0.0000000   0.0001187   0.0005149   0.0022919   0.0125228   0.0591974   0.2260662   0.5886815   1.0000000   1.0000000   1.0000000   1.0000000   1.0000000
T 0 1  19  0  0  2    0.0000000   0.0001316   0.0005045   0.0017356   0.0105785   0.0554041   0.2092922   0.5737924   1.0000000   1.0000000   1.0000000   1.0000000   1.0000000
T 0 1  19  0  0  3    0.0000000   0.0001736   0.0005463   0.0016595   0.0114692   0.0626380   0.2262413   0.5872594   1.0000000   1.0000000   1.0000000   1.0000000   1.0000000
T 0 1  19  0  0  4    0.0000000   0.0003868   0.0025011   0.0144928   0.0630115   0.2048175   0.4895468   0.8223182   1.0000000   1.0000000   1.0000000   1.0000000   1.0000000
T 0 1  19  0  0  5    0.0000000   0.0010405   0.0074355   0.0514607   0.2052292   0.5324998   0.8758659   0.9994126   1.0000000   1.0000000   1.0000000   1.0000000   1.0000000
T 0 1  19  0  0  6    0.0000000   0.0002596   0.0011948   0.0104120   0.0671538   0.2767612   0.6623159   0.9308120   0.9981917   0.9999988   1.0000000   1.0000000   1.0000000
T 0 1  19  0  0  7    0.0000000   0.0000602   0.0003917   0.0008960   0.0047115   0.0307098   0.1196645   0.2974143   0.5814878   0.8693721   0.9839993   0.9998795   1.0000000
T 0 1  19  0  0  8    0.0000000   0.0000019   0.0000346   0.0001252   0.0004093   0.0010531   0.0042947   0.0255000   0.1193600   0.3935693   0.7899930   0.9691382   1.0000000
T 0 1  19  0  0  9    0.0000000   0.0000077   0.0000106   0.0000413   0.0005817   0.0036541   0.0183882   0.0857558   0.3022014   0.6580281   0.9384653   0.9999361   1.0000000
T 0 1  19  0  0 10    0.0000000   0.0065529   0.0288550   0.0463494   0.0795777   0.1689265   0.3378176   0.6894777   0.9103474   0.9702499   0.9998322   1.0000000   1.0000000
T 0 1  19  1  0  0    0.0000000   0.0005148   0.0016399   0.0047460   0.0213440   0.1017716   0.3374237   0.6994022   1.0000000   1.0000000   1.0000000   1.0000000   1.0000000
T 0 1  19  1  0  1    0.0000000   0.0002633   0.0010891   0.0042307   0.0181163   0.0752157   0.2537985   0.6193956   1.0000000   1.0000000   1.0000000   1.0000000   1.0000000
T 0 1  19  1  0  2    0.0000000   0.0002194   0.0008486   0.0027728   0.0124455   0.0616642   0.2339277   0.6064318   1.0000000   1.0000000   1.0000000   1.0000000   1.0000000
T 0 1  19  1  0  3    0.0000000   0.0002283   0.0008669   0.0027852   0.0140251   0.0700545   0.2491207   0.6198491   1.0000000   1.0000000   1.0000000   1.0000000   1.0000000
T 0 1  19  1  0  4    0.0000000   0.0004356   0.0027620   0.0153929   0.0663357   0.2155446   0.5058694   0.8320271   1.0000000   1.0000000   1.0000000   1.0000000   1.0000000
T 0 1  19  1  0  5    0.0000000   0.0011873   0.0094478   0.0577925   0.2246261   0.5586818   0.8900123   0.9996500   1.0000000   1.0000000   1.0000000   1.0000000   1.0000000
T 0 1  19  1  0  6    0.0000000   0.0004626   0.0026649   0.0180020   0.0942133   0.3329130   0.7236541   0.9536823   0.9988141   0.9999984   1.0000000   1.0000000   1.0000000
T 0 1  19  1  0  7    0.0000000   0.0002246   0.0006446   0.0024765   0.0123245   0.0526267   0.1570011   0.3413836   0.6074237   0.8728054   0.9849908   0.9998878   1.0000000
T 0 1  19  1  0  8    0.0000000   0.0009562   0.0014955   0.0017998   0.0022382   0.0036136   0.0107994   0.0452511   0.1686405   0.4573475   0.8251665   0.9710661   1.0000000
T 0 1  19  1  0  9    0.0000000   0.0021003   0.0074838   0.0131257   0.0159362   0.0198461   0.0401951   0.1288935   0.3661962   0.7154288   0.9583841   0.9999941   1.0000000
T 0 1  19  1  0 10    0.0000000   0.0032254   0.0170235   0.0428863   0.0843736   0.1746921   0.3942474   0.7474223   0.9511020   0.9856143   0.9999985   1.0000000   1.0000000
R 0 1  19  0  0  0    0.0226590   0.0226590   0.0112761   0.0107473   0.0103644   0.0101588   0.0099974   0.0098864   0.0098864   0.0098864   0.0098864   0.0098864
R 0 1  19  0  0  1    0.0119798   0.0119798   0.0119798   0.0119798   0.0110362   0.0108966   0.0109859   0.0108613   0.0108613   0.0108613   0.0108613   0.0108613
R 0 1  19  0  0  2    0.0125109   0.0125109   0.0125109   0.0125109   0.0120223   0.0119916   0.0118679   0.0116955   0.0116955   0.0116955   0.0116955   0.0116955
R 0 1  19  0  0  3    0.0133919   0.0133919   0.0133919   0.0133919   0.0127061   0.0125459   0.0123405   0.0122582   0.0122582   0.0122582   0.0122582   0.0122582
R 0 1  19  0  0  4    0.0190226   0.0190226   0.0190226   0.0175685   0.0169315   0.0158814   0.0145198   0.0130865   0.0130865   0.0130865   0.0130865   0.0130865
R 0 1  19  0  0  5    0.0207503   0.0207503   0.0193785   0.0191369   0.0188154   0.0181235   0.0169323   0.0169323   0.0169323   0.0169323   0.0169323   0.0169323
R 0 1  19  0  0  6    0.0204032   0.0204032   0.0204032   0.0203645   0.0207253   0.0207158   0.0208475   0.0205821   0.0205821   0.0205821   0.0205821   0.0205821
R 0 1  19  0  0  7    0.0217494   0.0217494   0.0217494   0.0217494   0.0208766   0.0212697   0.0212043   0.0210010   0.0205830   0.0197412   0.0197412   0.0197412
R 0 1  19  0  0  8    0.0214208   0.0214208   0.0214208   0.0214208   0.0214208   0.0214208   0.0214208   0.0210141   0.0209594   0.0209914   0.0202207   0.0188216
R 0 1  19  0  0  9    0.0306087   0.0306087   0.0306087   0.0306087   0.0306087   0.0306087   0.0298323   0.0288707   0.0275090   0.0265178   0.0250792   0.0250792
R 0 1  19  0  0 10    0.0788104   0.0710239   0.0616030   0.0527369   0.0472605   0.0441028   0.0407526   0.0355243   0.0335335   0.0308764   0.0308764   0.0308764
R 0 1  19  0  1  0    0.0000000   0.0000000   0.0000000   0.0000862   0.0000847   0.0000790   0.0000729   0.0000664   0.0000664   0.0000664   0.0000664   0.0000664
R 0 1  19  0  1  1    0.0000856   0.0000856   0.0000856   0.0000856   0.0000628   0.0000703   0.0000618   0.0000564   0.0000564   0.0000564   0.0000564   0.0000564
R 0 1  19  0  1  2    0.0000690   0.0000690   0.0000690   0.0000690   0.0000679   0.0000669   0.0000631   0.0000515   0.0000515   0.0000515   0.0000515   0.0000515
R 0 1  19  0  1  3    0.0000454   0.0000454   0.0000454   0.0000454   0.0000631   0.0000597   0.0000536   0.0000496   0.0000496   0.0000496   0.0000496   0.0000496
R 0 1  19  0  1  4    0.0001208   0.0001208   0.0001208   0.0000954   0.0000964   0.0000746   0.0000541   0.0000489   0.0000489   0.0000489   0.0000489   0.0000489
R 0 1  19  0  1  5    0.0001900   0.0001900   0.0000836   0.0000787   0.0000722   0.0000610   0.0000415   0.0000415   0.0000415   0.0000415   0.0000415   0.0000415
R 0 1  19  0  1  6    0.0001348   0.0001348   0.0001348   0.0000491   0.0000574   0.0000593   0.0000546   0.0000323   0.0000323   0.0000323   0.0000323   0.0000323
R 0 1  19  0  1  7    0.0001094   0.0001094   0.0001094   0.0001094   0.0001070   0.0000765   0.0000763   0.0000740   0.0000737   0.0000619   0.0000619   0.0000619
R 0 1  19  0  1  8    0.0001159   0.0001159   0.0001159   0.0001159   0.0001159   0.0001159   0.0001159   0.0001038   0.0001048   0.0001023   0.0000794   0.0000672
R 0 1  19  0  1  9    0.0002402   0.0002402   0.0002402   0.0002402   0.0002402   0.0002402   0.0002157   0.0001919   0.0001821   0.0001588   0.0001469   0.0001469
R 0 1  19  0  1 10    0.0014285   0.0011149   0.0008852   0.0007221   0.0005823   0.0004816   0.0003886   0.0002619   0.0001863   0.0001838   0.0001838   0.0001838
R 0 1  19  0  2  0    0.0000000   0.0000000   0.0000000   0.0000000   0.0000000   0.0000106   0.0000128   0.0000000   0.0000000   0.0000000   0.0000000   0.0000000
R 0 1  19  0  2  1    0.0000000   0.0000000   0.0000000   0.0000000   0.0000000   0.0000225   0.0000000   0.0000136   0.0000136   0.0000136   0.0000136   0.0000136
R 0 1  19  0  2  2    0.0000000   0.0000000   0.0000000   0.0000000   0.0000474   0.0000000   0.0000135   0.0000140   0.0000140   0.0000140   0.0000140   0.0000140
R 0 1  19  0  2  3    0.0000000   0.0000000   0.0000000   0.0000000   0.0000000   0.0000214   0.0000138   0.0000086   0.0000086   0.0000086   0.0000086   0.0000086
R 0 1  19  0  2  4    0.0000000   0.0000000   0.0000000   0.0000000   0.0000000   0.0000087   0.0000152   0.0000157   0.0000157   0.0000157   0.0000157   0.0000157
R 0 1  19  0  2  5    0.0000000   0.0000000   0.0000000   0.0000000   0.0000169   0.0000000   0.0000000   0.0000000   0.0000000   0.0000000   0.0000000   0.0000000
R 0 1  19  0  2  6    0.0000000   0.0000000   0.0000000   0.0000000   0.0000000   0.0000000   0.0000000   0.0000000   0.0000000   0.0000000   0.0000000   0.0000000
R 0 1  19  0  2  7    0.0000000   0.0000000   0.0000000   0.0000000   0.0000000   0.0000000   0.0000000   0.0000178   0.0000000   0.0000000   0.0000000   0.0000000
R 0 1  19  0  2  8    0.0000000   0.0000000   0.0000000   0.0000000   0.0000000   0.0000000   0.0000000   0.0000000   0.0000000   0.0000000   0.0000000   0.0000000
R 0 1  19  0  2  9    0.0000000   0.0000000   0.0000000   0.0000000   0.0000000   0.0000000   0.0000000   0.0000000   0.0000000   0.0000000   0.0000000   0.0000000
R 0 1  19  0  2 10    0.0000000   0.0000000   0.0000000   0.0000000   0.0000000   0.0000803   0.0001309   0.0000574   0.0000000   0.0000000   0.0000000   0.0000000
R 0 1  19  0  3  0    1.0954324   1.0954324   1.0176499   1.0301145   0.9964656   0.9840000   0.9805953   0.9828810   0.9828810   0.9828810   0.9828810   0.9828810
R 0 1  19  0  3  1    1.0086467   1.0086467   1.0086467   1.0086467   0.9904145   0.9854241   0.9792057   0.9797647   0.9797647   0.9797647   0.9797647   0.9797647
R 0 1  19  0  3  2    1.0290441   1.0290441   1.0290441   1.0290441   0.9971667   0.9884217   0.9804115   0.9821726   0.9821726   0.9821726   0.9821726   0.9821726
R 0 1  19  0  3  3    1.0227014   1.0227014   1.0227014   1.0227014   0.9993860   0.9857712   0.9810436   0.9823591   0.9823591   0.9823591   0.9823591   0.9823591
R 0 1  19  0  3  4    1.0115812   1.0115812   1.0115812   0.9900637   0.9784813   0.9728194   0.9785611   0.9869199   0.9869199   0.9869199   0.9869199   0.9869199
R 0 1  19  0  3  5    0.9942933   0.9942933   1.0004331   0.9871320   0.9748211   0.9751660   0.9746777   0.9746777   0.9746777   0.9746777   0.9746777   0.9746777
R 0 1  19  0  3  6    1.0321470   1.0321470   1.0321470   1.0079341   0.9853222   0.9853631   0.9828397   0.9917311   0.9917311   0.9917311   0.9917311   0.9917311
R 0 1  19  0  3  7    1.0511777   1.0511777   1.0511777   1.0511777   1.0378349   0.9965115   0.9924556   0.9845305   0.9855239   0.9869481   0.9869481   0.9869481
R 0 1  19  0  3  8    1.0224372   1.0224372   1.0224372   1.0224372   1.0224372   1.0224372   1.0224372   0.9959039   0.9822691   0.9841914   0.9907019   1.0130845
R 0 1  19  0  3  9    1.0188984   1.0188984   1.0188984   1.0188984   1.0188984   1.0188984   0.9829999   0.9719139   0.9732425   0.9829176   1.0077011   1.0077011
R 0 1  19  0  3 10    1.0486207   1.0334154   1.0290010   1.0040029   0.9836929   0.9682053   0.9692604   0.9685199   0.9962904   1.0098961   1.0098961   1.0098961
R 0 1  19  0  4  0    1.2563687   1.2563687   1.1625863   2.0612451   2.2464632   2.2547323   2.2295526   2.2860297   2.2860297   2.2860297   2.2860297   2.2860297
R 0 1  19  0  4  1    1.9660337   1.9660337   1.9660337   1.9660337   2.0724604   2.2377677   2.1785483   2.2280742   2.2280742   2.2280742   2.2280742   2.2280742
R 0 1  19  0  4  2    1.9193761   1.9193761   1.9193761   1.9193761   2.2082673   2.2459343   2.2249802   2.2491360   2.2491360   2.2491360   2.2491360   2.2491360
R 0 1  19  0  4  3    1.8701853   1.8701853   1.8701853   1.8701853   2.2882697   2.2584684   2.2223478   2.2462102   2.2462102   2.2462102   2.2462102   2.2462102
R 0 1  19  0  4  4    1.8307449   1.8307449   1.8307449   2.0482102   2.0857053   2.0544701   2.2226850   2.3338616   2.3338616   2.3338616   2.3338616   2.3338616
R 0 1  19  0  4  5    1.6683150   1.6683150   2.1255887   2.1826535   2.1011631   2.1249787   2.0195146   2.0195146   2.0195146   2.0195146   2.0195146   2.0195146
R 0 1  19  0  4  6    2.0435659   2.0435659   2.0435659   2.2223399   2.2639365   2.3681371   2.3393606   2.3058616   2.3058616   2.3058616   2.3058616   2.3058616
R 0 1  19  0  4  7    1.7139366   1.7139366   1.7139366   1.7139366   2.3806385   2.3057394   2.3649338   2.3559150   2.3684336   2.3291758   2.3291758   2.3291758
R 0 1  19  0  4  8    2.3261378   2.3261378   2.3261378   2.3261378   2.3261378   2.3261378   2.3261378   2.3016372   2.2135831   2.2912299   2.3468790   2.2265304
R 0 1  19  0  4  9    1.9767947   1.9767947   1.9767947   1.9767947   1.9767947   1.9767947   1.9230899   1.9893274   2.0548761   2.1453547   2.2135750   2.2135750
R 0 1  19  0  4 10    1.9393376   2.2379995   1.9850860   1.9047803   2.0172568   1.9561817   1.9772618   1.9263521   2.0616324   2.1064408   2.1064408   2.1064408
R 0 1  19  0  5  0   14.6134973  14.6134973  11.5384221   3.9011101   3.7300022   4.0080586   4.2994566   3.8010024   3.8010024   3.8010024   3.8010024   3.8010024
R 0 1  19  0  5  1    4.2002272   4.2002272   4.2002272   4.2002272   4.5729058   3.9338805   4.6750995   4.1649546   4.1649546   4.1649546   4.1649546   4.1649546
R 0 1  19  0  5  2    3.8378536   3.8378536   3.8378536   3.8378536   4.0903247   4.0174928   4.2185070   4.2417379   4.2417379   4.2417379   4.2417379   4.2417379
R 0 1  19  0  5  3    4.4873572   4.4873572   4.4873572   4.4873572   3.5584086   4.0548295   4.2717247   4.3030589   4.3030589   4.3030589   4.3030589   4.3030589
R 0 1  19  0  5  4    5.6251586   5.6251586   5.6251586   4.9349646   5.3117763   5.3123650   3.8836702   3.1696020   3.1696020   3.1696020   3.1696020   3.1696020
R 0 1  19  0  5  5    5.7512552   5.7512552   4.6981925   4.5590232   5.1396176   4.4564671   4.1190237   4.1190237   4.1190237   4.1190237   4.1190237   4.1190237
R 0 1  19  0  5  6    3.2300577   3.2300577   3.2300577   4.0517165   3.6955701   2.8895398   2.4307241   1.9097046   1.9097046   1.9097046   1.9097046   1.9097046
R 0 1  19  0  5  7    4.5605746   4.5605746   4.5605746   4.5605746   3.2112499   3.3994241   2.8912179   2.9150009   2.6113567   2.1430408   2.1430408   2.1430408
R 0 1  19  0  5  8    3.4262565   3.4262565   3.4262565   3.4262565   3.4262565   3.4262565   3.4262565   4.0588179   4.5492048   4.1141135   3.3096020   4.5114323
R 0 1  19  0  5  9    5.3152630   5.3152630   5.3152630   5.3152630   5.3152630   5.3152630   8.3163401   7.1614741   6.6877330   6.4442870   5.6920106   5.6920106
R 0 1  19  0  5 10    6.7764428   3.8743358   4.2072895   5.6234096   5.1043291   6.4835344   7.4094282   9.1005316   6.7694022   5.6511011   5.6511011   5.6511011
F  0  1  19  0  0  0    1.0142109   1.0286127   0.9936068   1.0290788   0.9749188   0.9921540   0.9922855   0.9882731   0.9831428   0.9828168   0.9830625
F  0  1  19  1  0  0    1.0655604   1.0744161   1.0422938   1.0791584   1.0635203   1.0742337   1.0627751   1.0607400   1.0414079   1.0588209   1.0824567
C  0  1  19  0  0  0  -0.2915497 -0.1571334 -0.0657301 -0.4738166 -0.2484020 -0.1823585 -0.1690843 -0.1524031 -0.2204610 -0.0656300 -0.3631232 -0.0829246 -0.2786734 -0.3294178 -0.2945479 -0.0441759
C  0  1  19  0  0  1  -0.0744303 -0.1941147 -0.1770155 -0.2350264 -0.1105444 -0.0904875 -0.1375569 -0.0781316 -0.0903476 -0.0917955  0.0312705 -0.1164047 -0.1882375 -0.1232167 -0.2027292 -0.0995577
C  0  1  19  0  0  2  -0.1522702 -0.0912302 -0.1941860 -0.1548770  0.0148203  0.0326764 -0.0816048 -0.0384661 -0.0699202 -0.0307857 -0.0613638 -0.0526627 -0.1478572 -0.0303097 -0.0163405 -0.0736453
C  0  1  19  0  0  3  -0.1109031 -0.0880338 -0.1059256 -0.0003868 -0.0330040 -0.1542773 -0.0931189 -0.0205037  0.0449209  0.0435454  0.0006379 -0.0984455 -0.2315127 -0.0306573 -0.0357974 -0.0151538
C  0  1  19  0  0  4  -0.0617156 -0.1016439 -0.0780552 -0.0876366 -0.0866030 -0.1241778  0.0152179 -0.0583212  0.0008272  0.0065883 -0.1490462 -0.0469032 -0.1389435 -0.1564485 -0.0443445 -0.0426554
C  0  1  19  0  0  5  -0.0720852 -0.0230076 -0.0254012  0.0236553 -0.0077429  0.0204024  0.0249419 -0.0768639  0.0593363 -0.0458952 -0.0182594  0.0345758  0.0296668  0.0664137  0.0045835  0.0030112
C  0  1  19  0  0  6  -0.0278819  0.0461733 -0.0360763  0.0480189 -0.0244382 -0.0127036 -0.0283646 -0.0287455 -0.0826987 -0.0262798 -0.0012212 -0.0096851 -0.1381307 -0.0115266 -0.0303572  0.0747156
C  0  1  19  0  0  7  -0.0017449  0.0299461  0.0099860  0.0160317 -0.0689934  0.0158005  0.0056233  0.0421216  0.0077758  0.0145731  0.0558438 -0.0242151 -0.0167164 -0.0495919 -0.0440247  0.0060483
C  0  1  19  0  0  8   0.0215465 -0.1181491  0.0328277 -0.0188210  0.0213871 -0.0547759 -0.0048712 -0.0862991  0.1014001  0.1139908 -0.0455022 -0.0364818 -0.0010584  0.0600765 -0.0795173 -0.0093868
C  0  1  19  0  0  9   0.0140454 -0.0233037 -0.0070703  0.0020602 -0.0272710  0.0328710 -0.0180639  0.0491118  0.0068294  0.0085648  0.0867008  0.0278139 -0.0566140  0.1221071 -0.0267917  0.0458672
C  0  1  19  0  0 10  -0.0392649  0.0516767  0.0258134  0.0015504  0.0107571  0.0095884 -0.0124776 -0.0448685  0.0267117 -0.0628934 -0.0233596  0.0914420 -0.0142492  0.1107188 -0.0008160  0.1112146
C  0  1  19  0  0 11  -0.0161594  0.0445680 -0.0237667  0.0926424  0.0485912  0.0153609  0.0733529  0.0993390 -0.0119981  0.0775365 -0.0567408  0.0100513 -0.0110935  0.0267268  0.0509469  0.0147334
C  0  1  19  0  0 12   0.0620112  0.0139260  0.0070285 -0.0179730  0.0499125  0.0538351 -0.0103649  0.0012163 -0.0699844  0.0274188 -0.0027101 -0.0356835  0.0113609 -0.0281048  0.0155021 -0.0094097
C  0  1  19  0  0 13  -0.0701539  0.0198291 -0.0010949 -0.0197704 -0.1041894 -0.0228870 -0.0492444  0.0549394  0.0758590  0.0082555 -0.0222062  0.0640313  0.0016544 -0.0305391 -0.0512371 -0.0184680
C  0  1  19  0  0 14  -0.0764203 -0.0738769  0.0058528 -0.0814821 -0.0198511 -0.0485565  0.0335233  0.0365289 -0.0311540 -0.0326974  0.0255847 -0.0334128  0.0683792 -0.0092697 -0.0611731 -0.0516692
C  0  1  19  0  0 15  -0.0863625 -0.0896067  0.0075457  0.0820945 -0.0042940 -0.1339091  0.0064579  0.0231210 -0.0775623 -0.0088311 -0.0884437 -0.1625815 -0.0691336 -0.0083257 -0.0592796 -0.0397845
C  0  1  19  0  0 16   0.0707325  0.0061199 -0.0265003  0.0100758  0.0132307 -0.1270997 -0.1238094 -0.0045785 -0.0296782 -0.0040523  0.0422885 -0.0329887 -0.0742375  0.0303435 -0.0693468 -0.0396540
C  0  1  19  0  0 17  -0.0542495 -0.1105825 -0.1658570 -0.1475550 -0.1023581 -0.0483055 -0.0566935  0.0344599 -0.0717426 -0.0181263  0.1052757  0.0229407 -0.0598693 -0.1293954 -0.0391122  0.0443083
C  0  1  19  0  0 18  -0.1085224  0.0697904 -0.0395950 -0.0735062 -0.1490320 -0.0834133 -0.1235179 -0.0262020 -0.0568424 -0.0440781 -0.0865316 -0.0812182 -0.0544800 -0.0622280 -0.1291153 -0.0746182
C  0  1  19  0  0 19  -0.0032410  0.0222093 -0.1765181 -0.0373371 -0.0683663 -0.0628110 -0.1034980 -0.0391913 -0.1387438 -0.0923981 -0.1198745 -0.1086873 -0.0364506  0.0012277 -0.0080044 -0.0363826
C  0  1  19  0  0 20  -0.0167470 -0.0731508  0.0005796 -0.1100000 -0.1448489 -0.0683992 -0.2022932 -0.1563401 -0.2362737 -0.1922686 -0.1146918  0.0746682 -0.1203902 -0.1478187 -0.1630699 -0.1296243
C  0  1  19  0  0 21  -0.2658773 -0.2784883 -0.2640710 -0.0917167 -0.1701630 -0.2617881 -0.3392617 -0.1938973 -0.0315787 -0.2002565 -0.2543274 -0.3062713 -0.4420923 -0.2956389 -0.3459037 -0.2509170
C  0  1  19  0  1  0  -0.0032491  0.0012873  0.0002023 -0.0010628 -0.0016488  0.0029177 -0.0016475 -0.0002194 -0.0005982  0.0021340 -0.0055338  0.0029185  0.0107548  0.0046829  0.0019558  0.0013437
C  0  1  19  0  1  1   0.0038143  0.0028253 -0.0022574 -0.0027171 -0.0014250 -0.0025765  0.0050607  0.0008693  0.0020370 -0.0016038 -0.0010062 -0.0036608  0.0030123  0.0026163  0.0012649  0.0016627
C  0  1  19  0  1  2   0.0035898  0.0015479  0.0025155 -0.0005190  0.0000597  0.0019238  0.0016632 -0.0004210 -0.0018882  0.0008310  0.0002476 -0.0021042  0.0006994 -0.0019513  0.0010353 -0.0009785
C  0  1  19  0  1  3   0.0002168  0.0013300  0.0011656 -0.0018615  0.0011490  0.0035113  0.0005967  0.0009564 -0.0023399 -0.0011886 -0.0012549 -0.0011461  0.0007363 -0.0001962  0.0006426  0.0028261
C  0  1  19  0  1  4   0.0023342 -0.0006560 -0.0008151  0.0023487  0.0015105 -0.0001359  0.0020626 -0.0016719  0.0026334  0.0005491 -0.0019756 -0.0023562  0.0020248 -0.0002218  0.0000798 -0.0025970
C  0  1  19  0  1  5  -0.0016319 -0.0000142 -0.0011134 -0.0009904 -0.0019623 -0.0009826  0.0017901  0.0001710  0.0011732 -0.0005282 -0.0004384 -0.0005099  0.0003511 -0.0010493  0.0004551 -0.0004384
C  0  1  19  0  1  6   0.0016468 -0.0002657  0.0004811 -0.0014971  0.0003394 -0.0002361 -0.0022992 -0.0007973 -0.0011905 -0.0019271 -0.0001787 -0.0000844 -0.0009566 -0.0013419  0.0020023 -0.0010083
C  0  1  19  0  1  7   0.0019410 -0.0009724  0.0008725 -0.0000999  0.0016126 -0.0001978 -0.0019773  0.0005262 -0.0016051  0.0006126  0.0024135 -0.0018483 -0.0026432  0.0001314  0.0017630  0.0008771
C  0  1  19  0  1  8   0.0008603  0.0004673  0.0004487 -0.0000849  0.0004407  0.0012383  0.0012865  0.0003349  0.0014454 -0.0000163 -0.0004856 -0.0020534 -0.0003991  0.0009938 -0.0007006 -0.0007459
C  0  1  19  0  1  9  -0.0009318  0.0013995  0.0008598  0.0003381 -0.0011171  0.0011800 -0.0005284  0.0016074  0.0000171 -0.0020881 -0.0032206 -0.0010758 -0.0011237 -0.0016036 -0.0002235 -0.0007224
C  0  1  19  0  1 10   0.0011972  0.0011731  0.0025729  0.0009538  0.0013038 -0.0003045  0.0007629 -0.0012374 -0.0022576 -0.0024935 -0.0000780 -0.0015950 -0.0008449 -0.0003533 -0.0001509  0.0008975
C  0  1  19  0  1 11  -0.0005736 -0.0006215  0.0003467  0.0022057  0.0015230  0.0002396 -0.0022061 -0.0021978 -0.0031960 -0.0003677 -0.0002909 -0.0022144  0.0000022 -0.0016671 -0.0000159 -0.0012971
C  0  1  19  0  1 12  -0.0000551 -0.0010511  0.0007641  0.0000069  0.0015253 -0.0013801  0.0003425 -0.0004205  0.0005449 -0.0007058 -0.0018396  0.0020529  0.0007650  0.0000603  0.0010890  0.0023071
C  0  1  19  0  1 13   0.0027157 -0.0018025 -0.0000959  0.0010786  0.0023991  0.0008960 -0.0011568  0.0009450 -0.0006375 -0.0009629 -0.0015976 -0.0027328 -0.0008355  0.0021197  0.0000972  0.0013630
C  0  1  19  0  1 14   0.0024803  0.0008775  0.0021583  0.0017439  0.0026409  0.0020704  0.0005622  0.0004133  0.0002594 -0.0000891 -0.0003140  0.0003751  0.0007357  0.0018642  0.0006474  0.0023215
C  0  1  19  0  1 15   0.0026125 -0.0020989 -0.0014626 -0.0007477 -0.0005275  0.0030493  0.0014858  0.0009839  0.0010474 -0.0013590  0.0003742  0.0019694  0.0000034  0.0020932 -0.0010672  0.0007034
C  0  1  19  0  1 16   0.0020405  0.0031678  0.0011998  0.0017522 -0.0006346  0.0023076 -0.0001448 -0.0007757  0.0006560 -0.0018550  0.0013462  0.0000831 -0.0001304 -0.0000857  0.0016427  0.0018535
C  0  1  19  0  1 17   0.0007496 -0.0023599  0.0010643  0.0028363  0.0001096  0.0034295  0.0017071  0.0016471 -0.0001575  0.0018364  0.0008639 -0.0004572  0.0003433  0.0005265  0.0054132  0.0051409
C  0  1  19  0  1 18   0.0055313  0.0027529  0.0030474  0.0010772  0.0010938  0.0010767  0.0060796  0.0007983  0.0010682  0.0013420  0.0037873  0.0014711 -0.0001407 -0.0019236  0.0087532  0.0054232
C  0  1  19  0  1 19   0.0035093  0.0035163  0.0025501  0.0038045  0.0012549  0.0002494  0.0029945  0.0001592  0.0028892  0.0045284 -0.0010362  0.0014447  0.0012144  0.0008142  0.0036404  0.0056118
C  0  1  19  0  1 20   0.0026632  0.0048792  0.0038071  0.0042886  0.0035427  0.0054441  0.0038581  0.0039515  0.0048733  0.0031314 -0.0006022 -0.0004355  0.0024720  0.0017850  0.0056764  0.0068779
C  0  1  19  0  1 21   0.0155909  0.0097165  0.0082462 -0.0008902 -0.0004628 -0.0064343 -0.0088150 -0.0004513 -0.0041459 -0.0038378 -0.0019929  0.0074517  0.0007167  0.0037976  0.0137880  0.0063297
C  0  1  19  1  0  0  -0.3917463 -0.4076442 -0.3709397 -0.3540953 -0.1609602 -0.3710259 -0.3504155 -0.2636829 -0.4344028 -0.3013630 -0.3610513 -0.4798639 -0.4287592 -0.4036640 -0.4418979 -0.4885905
C  0  1  19  1  0  1  -0.3013234 -0.3913183 -0.2386900 -0.2267272 -0.3032495 -0.3123158 -0.2827784 -0.2877104 -0.2883716 -0.3113069 -0.3170432 -0.2614617 -0.3896110 -0.3886819 -0.3347290 -0.2827044
C  0  1  19  1  0  2  -0.3258775 -0.3266741 -0.2700005 -0.2706508 -0.2957270 -0.2552796 -0.2209199 -0.2446156 -0.2400422 -0.2054484 -0.2725938 -0.3401434 -0.3239968 -0.3495063 -0.3047739 -0.3329990
C  0  1  19  1  0  3  -0.3125506 -0.2844902 -0.3293035 -0.3050951 -0.3080262 -0.2252708 -0.1642252 -0.1571709 -0.1872936 -0.1993121 -0.2693880 -0.2473387 -0.2539146 -0.3116282 -0.3056911 -0.2708376
C  0  1  19  1  0  4  -0.2443992 -0.2692070 -0.2764586 -0.2239358 -0.2229227 -0.2158524 -0.2556700 -0.2081170 -0.1863559 -0.2339312 -0.2144845 -0.2778878 -0.3236665 -0.2751415 -0.3426283 -0.2870703
C  0  1  19  1  0  5  -0.1787156 -0.1811061 -0.1794283 -0.1624508 -0.1336214 -0.1505955 -0.1641182 -0.1665157 -0.1254738 -0.1586988 -0.1629060 -0.2095428 -0.2798281 -0.1369179 -0.1920867 -0.1955081
C  0  1  19  1  0  6  -0.2000900 -0.1332115 -0.1823732 -0.1855321 -0.1528437 -0.1490139 -0.1878957 -0.1662324 -0.1558661 -0.1352390 -0.1362438 -0.1239777 -0.1497350 -0.1544142 -0.1266567 -0.2069045
C  0  1  19  1  0  7  -0.1670274 -0.1329748 -0.1939676 -0.1310507 -0.1404314 -0.2009226 -0.1879375 -0.1587300 -0.1570027 -0.0925428 -0.1266327 -0.1449521 -0.1758727 -0.1441725 -0.1504098 -0.1525928
C  0  1  19  1  0  8  -0.1643594 -0.1103171 -0.1774981 -0.1482996 -0.1477491 -0.1452892 -0.1733566 -0.1400125 -0.1683840 -0.0990186 -0.1200187 -0.1502657 -0.1310148 -0.1979993 -0.1427243 -0.1453067
C  0  1  19  1  0  9  -0.1426912 -0.1184187 -0.0991164 -0.1281301 -0.1015572 -0.1295412 -0.0990188 -0.1478424 -0.1150972 -0.1066082 -0.0495034 -0.1448736 -0.1357884 -0.0931011 -0.1470851 -0.1567359
C  0  1  19  1  0 10  -0.1260533 -0.0886882 -0.1096536 -0.1443577 -0.1507613 -0.1179982 -0.1397621 -0.1243444 -0.0846548 -0.1323990 -0.1348991 -0.1150760 -0.1206188 -0.1585528 -0.0916079 -0.1150471
C  0  1  19  1  0 11  -0.1475927 -0.1045086 -0.1761879 -0.0987948 -0.0833459 -0.1095388 -0.1319852 -0.1336766 -0.1358737 -0.0985866 -0.0940766 -0.1295726 -0.1412849 -0.1656404 -0.1099948 -0.1062013
C  0  1  19  1  0 12  -0.1186332 -0.0819433 -0.1227811 -0.1040483 -0.1302808 -0.0740346 -0.1697441 -0.1854824 -0.1296723 -0.0791137 -0.0823248 -0.1560022 -0.1167733 -0.1254835 -0.1045504 -0.1347094
C  0  1  19  1  0 13  -0.1177770 -0.1715820 -0.1937357 -0.1103598 -0.1259811 -0.1478193 -0.1529207 -0.1269622 -0.1168551 -0.1170736 -0.2163117 -0.1269038 -0.1667397 -0.1275563 -0.1452463 -0.1222209
C  0  1  19  1  0 14  -0.1333027 -0.1440717 -0.1529161 -0.1190142 -0.1842384 -0.1597347 -0.1224351 -0.2330010 -0.1640245 -0.1298424 -0.1169652 -0.1608328 -0.1520487 -0.0711114 -0.1437958 -0.1840580
C  0  1  19  1  0 15  -0.1146691 -0.2172000 -0.1207302 -0.1486801 -0.1782893 -0.1474254 -0.1645849 -0.1925027 -0.1669537 -0.1766077 -0.1072590 -0.1790114 -0.1173728 -0.1418137 -0.1121324 -0.1456430
C  0  1  19  1  0 16  -0.2025099 -0.1739093 -0.1453306 -0.1265706 -0.2306039 -0.1377806 -0.1946733 -0.2409540 -0.1625428 -0.2158662 -0.1501742 -0.1419972 -0.1489894 -0.1573660 -0.1519957 -0.1464814
C  0  1  19  1  0 17  -0.2699446 -0.2889546 -0.2035095 -0.2736249 -0.1987807 -0.2610655 -0.2499591 -0.2507240 -0.2454504 -0.2160572 -0.3143847 -0.2371240 -0.2263831 -0.2930817 -0.2469866 -0.2164205
C  0  1  19  1  0 18  -0.2392666 -0.2426590 -0.2819423 -0.3155192 -0.2228556 -0.2347826 -0.2854866 -0.2427358 -0.2527326 -0.2240937 -0.2643477 -0.2638100 -0.2442840 -0.2655026 -0.2093710 -0.2128280
C  0  1  19  1  0 19  -0.2582596 -0.2569678 -0.2857955 -0.3002210 -0.3042923 -0.2786013 -0.2535273 -0.2378411 -0.2316352 -0.2503405 -0.1968633 -0.2679934 -0.2416908 -0.2285652 -0.2859533 -0.2547851
C  0  1  19  1  0 20  -0.2460326 -0.2958328 -0.3709112 -0.3394050 -0.2629977 -0.2107025 -0.2944236 -0.3658420 -0.3820756 -0.2913474 -0.3521771 -0.2883753 -0.3362511 -0.3209318 -0.2106362 -0.2884628
C  0  1  19  1  0 21  -0.4158209 -0.4358656 -0.3730772 -0.3931262 -0.3087003 -0.3208032 -0.3285430 -0.3769859 -0.3182635 -0.2866075 -0.3197669 -0.3517588 -0.3745789 -0.3931099 -0.3877739 -0.3763632
C  0  1  19  1  1  0   0.0464194  0.0474552  0.0416252  0.0270508  0.0022474 -0.0202558 -0.0343673 -0.0427144 -0.0471267 -0.0381938 -0.0351871 -0.0182152  0.0031275  0.0068465  0.0242640  0.0357105
C  0  1  19  1  1  1   0.0246439  0.0233725  0.0186892  0.0106966  0.0026402 -0.0072438 -0.0147740 -0.0182347 -0.0174927 -0.0150710 -0.0156842 -0.0071743  0.0048339  0.0088196  0.0129742  0.0255426
C  0  1  19  1  1  2   0.0127134  0.0146409  0.0091455  0.0060324  0.0020270 -0.0020393 -0.0074650 -0.0076571 -0.0083621 -0.0057335 -0.0045956 -0.0026263  0.0011666  0.0048900  0.0057345  0.0113290
C  0  1  19  1  1  3   0.0090936  0.0079502  0.0042815  0.0049876  0.0028557  0.0016591 -0.0021488 -0.0011827  0.0013699  0.0003665 -0.0017636 -0.0007471  0.0024739  0.0035992  0.0035175  0.0070715
C  0  1  19  1  1  4   0.0025373  0.0031110  0.0006336  0.0010381  0.0037796  0.0026157  0.0011923  0.0020645  0.0043455  0.0038931  0.0006440 -0.0001417  0.0033426  0.0016605  0.0041313  0.0029298
C  0  1  19  1  1  5   0.0012120  0.0012294  0.0014783  0.0036191  0.0032691  0.0037424  0.0029081  0.0045606  0.0051288  0.0027771  0.0000063 -0.0001908  0.0023340  0.0026977  0.0029866 -0.0009267
C  0  1  19  1  1  6   0.0006515  0.0008520  0.0012643  0.0038462  0.0044327  0.0039420  0.0048753  0.0056470  0.0038866  0.0010596  0.0007702  0.0010222  0.0008383  0.0012294  0.0010236 -0.0002926
C  0  1  19  1  1  7  -0.0001815  0.0024978  0.0025938  0.0046845  0.0049238  0.0043394  0.0067231  0.0038248  0.0032151  0.0005997 -0.0000060  0.0007542  0.0011756  0.0009504  0.0008179 -0.0012751
C  0  1  19  1  1  8  -0.0006713  0.0007841  0.0021345  0.0020331  0.0057931  0.0041188  0.0061008  0.0051948  0.0048496  0.0015437  0.0009078  0.0004530  0.0015057  0.0015550  0.0020366 -0.0007094
C  0  1  19  1  1  9   0.0011710  0.0025576  0.0020149  0.0028244  0.0033874  0.0031008  0.0041136  0.0039024  0.0024665 -0.0003116  0.0013877 -0.0001355  0.0023926 -0.0001622  0.0011361 -0.0008416
C  0  1  19  1  1 10  -0.0000611  0.0022076  0.0020067  0.0017524  0.0027274  0.0019943  0.0022431  0.0037684  0.0036853  0.0007463  0.0007439  0.0005764  0.0001239  0.0003804  0.0024935 -0.0007135
C  0  1  19  1  1 11   0.0004888  0.0020113  0.0003808  0.0029852  0.0029358  0.0009579  0.0013658  0.0027236  0.0020641  0.0016830 -0.0012042  0.0005032  0.0008019  0.0001496  0.0005482 -0.0005441
C  0  1  19  1  1 12  -0.0005089  0.0021314  0.0032088  0.0041544  0.0030720  0.0011331  0.0021224  0.0028659  0.0041398  0.0014762  0.0016752  0.0015628  0.0017256 -0.0002864  0.0017052 -0.0013101
C  0  1  19  1  1 13   0.0001259  0.0015979  0.0033312  0.0035002  0.0032743  0.0031851  0.0042598  0.0066292  0.0043008  0.0014086  0.0020747  0.0008373 -0.0004487 -0.0015105  0.0003826 -0.0005393
C  0  1  19  1  1 14  -0.0002324  0.0011030  0.0032919  0.0042136  0.0038038  0.0028700  0.0044224  0.0058932  0.0053564  0.0027589  0.0021368 -0.0013484 -0.0017510 -0.0019042 -0.0015190 -0.0026140
C  0  1  19  1  1 15  -0.0023625  0.0005784  0.0026731  0.0049424  0.0032083 -0.0004629  0.0038175  0.0041075  0.0058848  0.0029802  0.0022511  0.0005112 -0.0032593 -0.0054712 -0.0050322 -0.0044272
C  0  1  19  1  1 16  -0.0018688  0.0019365  0.0028755  0.0049857  0.0033053  0.0017297  0.0042345  0.0041576  0.0042131  0.0063077  0.0027682  0.0028890 -0.0019053 -0.0008347 -0.0041229 -0.0044331
C  0  1  19  1  1 17  -0.0030181  0.0017189  0.0021908  0.0072116  0.0025239 -0.0011156  0.0027945  0.0055840  0.0050843  0.0048760  0.0054047  0.0025912  0.0004658 -0.0043731 -0.0046415 -0.0038812
C  0  1  19  1  1 18   0.0012040  0.0076712  0.0061063  0.0093952  0.0051560  0.0004011  0.0006628  0.0015506  0.0038986  0.0042988  0.0035020  0.0027192 -0.0003589 -0.0037046 -0.0041816 -0.0027954
C  0  1  19  1  1 19   0.0029829  0.0088646  0.0137206  0.0094133  0.0072226  0.0021293 -0.0017364  0.0003747  0.0031063  0.0060148  0.0029068  0.0002230 -0.0024235 -0.0034868 -0.0054038 -0.0015810
C  0  1  19  1  1 20   0.0004558  0.0158331  0.0190274  0.0150538  0.0072740  0.0035782 -0.0017998 -0.0014961  0.0003359  0.0060072  0.0038752 -0.0015963 -0.0060893 -0.0082223 -0.0055522 -0.0051707
C  0  1  19  1  1 21   0.0082881  0.0206498  0.0314768  0.0221590  0.0147843  0.0175209  0.0123087  0.0114058  0.0127272  0.0132929  0.0005745 -0.0028956 -0.0092030 -0.0191284 -0.0095425  0.0013651
