CPHI 16 
CETA 22 -2.40 -2.10 -1.85 -1.60 -1.40 -1.20 -1.00 -0.80 -0.60 -0.40 -0.20  0.00  0.20  0.40  0.60  0.80  1.00  1.20  1.40  1.60  1.85  2.10  2.40 
RMIN  6 
RTRK 12 
RETA 11  0.00  0.20  0.40  0.60  0.80  1.00  1.20  1.40  1.60  1.85  2.10  2.40 
T 0 1   2  0  0  0    0.0000000   0.0005958   0.0016384   0.0031517   0.0122282   0.0691303   0.2780491   0.6540583   1.0000000   1.0000000   1.0000000   1.0000000   1.0000000
T 0 1   2  0  0  1    0.0000000   0.0001471   0.0005370   0.0023979   0.0123935   0.0592618   0.2267313   0.5888517   1.0000000   1.0000000   1.0000000   1.0000000   1.0000000
T 0 1   2  0  0  2    0.0000000   0.0001225   0.0005346   0.0017215   0.0107767   0.0556803   0.2098497   0.5741242   1.0000000   1.0000000   1.0000000   1.0000000   1.0000000
T 0 1   2  0  0  3    0.0000000   0.0002012   0.0005977   0.0016982   0.0114445   0.0630119   0.2251916   0.5860913   1.0000000   1.0000000   1.0000000   1.0000000   1.0000000
T 0 1   2  0  0  4    0.0000000   0.0003984   0.0024886   0.0143068   0.0628974   0.2039303   0.4898601   0.8224574   1.0000000   1.0000000   1.0000000   1.0000000   1.0000000
T 0 1   2  0  0  5    0.0000000   0.0009730   0.0073176   0.0508450   0.2051560   0.5331076   0.8758879   0.9993996   1.0000000   1.0000000   1.0000000   1.0000000   1.0000000
T 0 1   2  0  0  6    0.0000000   0.0003002   0.0012162   0.0104176   0.0672555   0.2771099   0.6635904   0.9312215   0.9982745   0.9999988   1.0000000   1.0000000   1.0000000
T 0 1   2  0  0  7    0.0000000   0.0000532   0.0004007   0.0008931   0.0048088   0.0308992   0.1192204   0.2973893   0.5817163   0.8695987   0.9842063   0.9998749   1.0000000
T 0 1   2  0  0  8    0.0000000   0.0000000   0.0000433   0.0001503   0.0004485   0.0009945   0.0042233   0.0248141   0.1191994   0.3928143   0.7888335   0.9690261   1.0000000
T 0 1   2  0  0  9    0.0000000   0.0000044   0.0000086   0.0000256   0.0005204   0.0035010   0.0182279   0.0858500   0.3012937   0.6578484   0.9380739   0.9999193   1.0000000
T 0 1   2  0  0 10    0.0000000   0.0066505   0.0289411   0.0463926   0.0794152   0.1681616   0.3374278   0.6900440   0.9105419   0.9701657   0.9998190   1.0000000   1.0000000
T 0 1   2  1  0  0    0.0000000   0.0005148   0.0016399   0.0047460   0.0213440   0.1017716   0.3374237   0.6994022   1.0000000   1.0000000   1.0000000   1.0000000   1.0000000
T 0 1   2  1  0  1    0.0000000   0.0002633   0.0010891   0.0042307   0.0181163   0.0752157   0.2537985   0.6193956   1.0000000   1.0000000   1.0000000   1.0000000   1.0000000
T 0 1   2  1  0  2    0.0000000   0.0002194   0.0008486   0.0027728   0.0124455   0.0616642   0.2339277   0.6064318   1.0000000   1.0000000   1.0000000   1.0000000   1.0000000
T 0 1   2  1  0  3    0.0000000   0.0002283   0.0008669   0.0027852   0.0140251   0.0700545   0.2491207   0.6198491   1.0000000   1.0000000   1.0000000   1.0000000   1.0000000
T 0 1   2  1  0  4    0.0000000   0.0004356   0.0027620   0.0153929   0.0663357   0.2155446   0.5058694   0.8320271   1.0000000   1.0000000   1.0000000   1.0000000   1.0000000
T 0 1   2  1  0  5    0.0000000   0.0011873   0.0094478   0.0577925   0.2246261   0.5586818   0.8900123   0.9996500   1.0000000   1.0000000   1.0000000   1.0000000   1.0000000
T 0 1   2  1  0  6    0.0000000   0.0004626   0.0026649   0.0180020   0.0942133   0.3329130   0.7236541   0.9536823   0.9988141   0.9999984   1.0000000   1.0000000   1.0000000
T 0 1   2  1  0  7    0.0000000   0.0002246   0.0006446   0.0024765   0.0123245   0.0526267   0.1570011   0.3413836   0.6074237   0.8728054   0.9849908   0.9998878   1.0000000
T 0 1   2  1  0  8    0.0000000   0.0009562   0.0014955   0.0017998   0.0022382   0.0036136   0.0107994   0.0452511   0.1686405   0.4573475   0.8251665   0.9710661   1.0000000
T 0 1   2  1  0  9    0.0000000   0.0021003   0.0074838   0.0131257   0.0159362   0.0198461   0.0401951   0.1288935   0.3661962   0.7154288   0.9583841   0.9999941   1.0000000
T 0 1   2  1  0 10    0.0000000   0.0032254   0.0170235   0.0428863   0.0843736   0.1746921   0.3942474   0.7474223   0.9511020   0.9856143   0.9999985   1.0000000   1.0000000
R 0 1   2  0  0  0    0.0227539   0.0227539   0.0119631   0.0103220   0.0103511   0.0102244   0.0100052   0.0098447   0.0098447   0.0098447   0.0098447   0.0098447
R 0 1   2  0  0  1    0.0118172   0.0118172   0.0118172   0.0118172   0.0110180   0.0109388   0.0109772   0.0108659   0.0108659   0.0108659   0.0108659   0.0108659
R 0 1   2  0  0  2    0.0125069   0.0125069   0.0125069   0.0125069   0.0120041   0.0120296   0.0118551   0.0117460   0.0117460   0.0117460   0.0117460   0.0117460
R 0 1   2  0  0  3    0.0136046   0.0136046   0.0136046   0.0136046   0.0125596   0.0125943   0.0123876   0.0122411   0.0122411   0.0122411   0.0122411   0.0122411
R 0 1   2  0  0  4    0.0188924   0.0188924   0.0188924   0.0173265   0.0169123   0.0158543   0.0144785   0.0130344   0.0130344   0.0130344   0.0130344   0.0130344
R 0 1   2  0  0  5    0.0206993   0.0206993   0.0193369   0.0190803   0.0187454   0.0180210   0.0168673   0.0168673   0.0168673   0.0168673   0.0168673   0.0168673
R 0 1   2  0  0  6    0.0196578   0.0196578   0.0196578   0.0203094   0.0206912   0.0207292   0.0208459   0.0206216   0.0206216   0.0206216   0.0206216   0.0206216
R 0 1   2  0  0  7    0.0223561   0.0223561   0.0223561   0.0223561   0.0202791   0.0212590   0.0212509   0.0210079   0.0205789   0.0196206   0.0196206   0.0196206
R 0 1   2  0  0  8    0.0213905   0.0213905   0.0213905   0.0213905   0.0213905   0.0213905   0.0213905   0.0209701   0.0209904   0.0209634   0.0202780   0.0188923
R 0 1   2  0  0  9    0.0308544   0.0308544   0.0308544   0.0308544   0.0308544   0.0308544   0.0299259   0.0288733   0.0274948   0.0263237   0.0248955   0.0248955
R 0 1   2  0  0 10    0.0770041   0.0709932   0.0618474   0.0541475   0.0473332   0.0441793   0.0409307   0.0354746   0.0339048   0.0307142   0.0307142   0.0307142
R 0 1   2  0  1  0    0.0000000   0.0000000   0.0000000   0.0000895   0.0000798   0.0000820   0.0000736   0.0000661   0.0000661   0.0000661   0.0000661   0.0000661
R 0 1   2  0  1  1    0.0000627   0.0000627   0.0000627   0.0000627   0.0000691   0.0000731   0.0000619   0.0000566   0.0000566   0.0000566   0.0000566   0.0000566
R 0 1   2  0  1  2    0.0000530   0.0000530   0.0000530   0.0000530   0.0000642   0.0000708   0.0000591   0.0000544   0.0000544   0.0000544   0.0000544   0.0000544
R 0 1   2  0  1  3    0.0000849   0.0000849   0.0000849   0.0000849   0.0000655   0.0000622   0.0000559   0.0000481   0.0000481   0.0000481   0.0000481   0.0000481
R 0 1   2  0  1  4    0.0001310   0.0001310   0.0001310   0.0000787   0.0000902   0.0000706   0.0000561   0.0000427   0.0000427   0.0000427   0.0000427   0.0000427
R 0 1   2  0  1  5    0.0001078   0.0001078   0.0000753   0.0000662   0.0000707   0.0000584   0.0000400   0.0000400   0.0000400   0.0000400   0.0000400   0.0000400
R 0 1   2  0  1  6    0.0000000   0.0000000   0.0000000   0.0000540   0.0000622   0.0000630   0.0000527   0.0000307   0.0000307   0.0000307   0.0000307   0.0000307
R 0 1   2  0  1  7    0.0000530   0.0000530   0.0000530   0.0000530   0.0000786   0.0000738   0.0000771   0.0000678   0.0000689   0.0000553   0.0000553   0.0000553
R 0 1   2  0  1  8    0.0001199   0.0001199   0.0001199   0.0001199   0.0001199   0.0001199   0.0001199   0.0001080   0.0001033   0.0001000   0.0000848   0.0000763
R 0 1   2  0  1  9    0.0002406   0.0002406   0.0002406   0.0002406   0.0002406   0.0002406   0.0002227   0.0001975   0.0001850   0.0001465   0.0001371   0.0001371
R 0 1   2  0  1 10    0.0013672   0.0011660   0.0008763   0.0007616   0.0005861   0.0004818   0.0004041   0.0002517   0.0002135   0.0001556   0.0001556   0.0001556
R 0 1   2  0  2  0    0.0000000   0.0000000   0.0000000   0.0001588   0.0000000   0.0000000   0.0000167   0.0000049   0.0000049   0.0000049   0.0000049   0.0000049
R 0 1   2  0  2  1    0.0000000   0.0000000   0.0000000   0.0000000   0.0000000   0.0000110   0.0000159   0.0000101   0.0000101   0.0000101   0.0000101   0.0000101
R 0 1   2  0  2  2    0.0000685   0.0000685   0.0000685   0.0000685   0.0000292   0.0000000   0.0000082   0.0000000   0.0000000   0.0000000   0.0000000   0.0000000
R 0 1   2  0  2  3    0.0000590   0.0000590   0.0000590   0.0000590   0.0000000   0.0000000   0.0000143   0.0000137   0.0000137   0.0000137   0.0000137   0.0000137
R 0 1   2  0  2  4    0.0000000   0.0000000   0.0000000   0.0000000   0.0000000   0.0000125   0.0000118   0.0000206   0.0000206   0.0000206   0.0000206   0.0000206
R 0 1   2  0  2  5    0.0000000   0.0000000   0.0000000   0.0000000   0.0000188   0.0000105   0.0000000   0.0000000   0.0000000   0.0000000   0.0000000   0.0000000
R 0 1   2  0  2  6    0.0000000   0.0000000   0.0000000   0.0000000   0.0000000   0.0000140   0.0000000   0.0000000   0.0000000   0.0000000   0.0000000   0.0000000
R 0 1   2  0  2  7    0.0000000   0.0000000   0.0000000   0.0000000   0.0001287   0.0000000   0.0000000   0.0000000   0.0000000   0.0000228   0.0000228   0.0000228
R 0 1   2  0  2  8    0.0000000   0.0000000   0.0000000   0.0000000   0.0000000   0.0000000   0.0000000   0.0000000   0.0000000   0.0000000   0.0000000   0.0000000
R 0 1   2  0  2  9    0.0000000   0.0000000   0.0000000   0.0000000   0.0000000   0.0000000   0.0000000   0.0000000   0.0000000   0.0000129   0.0000000   0.0000000
R 0 1   2  0  2 10    0.0000000   0.0000000   0.0000000   0.0000000   0.0000000   0.0000000   0.0001488   0.0000691   0.0000000   0.0000000   0.0000000   0.0000000
R 0 1   2  0  3  0    1.0989904   1.0989904   1.0638497   1.0378408   0.9984685   0.9873641   0.9830644   0.9835730   0.9835730   0.9835730   0.9835730   0.9835730
R 0 1   2  0  3  1    1.0048660   1.0048660   1.0048660   1.0048660   0.9902447   0.9813446   0.9779898   0.9791794   0.9791794   0.9791794   0.9791794   0.9791794
R 0 1   2  0  3  2    1.0124661   1.0124661   1.0124661   1.0124661   1.0058348   0.9862272   0.9814827   0.9804368   0.9804368   0.9804368   0.9804368   0.9804368
R 0 1   2  0  3  3    0.9945850   0.9945850   0.9945850   0.9945850   1.0128374   0.9869168   0.9819035   0.9806117   0.9806117   0.9806117   0.9806117   0.9806117
R 0 1   2  0  3  4    1.0254409   1.0254409   1.0254409   0.9845715   0.9772285   0.9730833   0.9779430   0.9872165   0.9872165   0.9872165   0.9872165   0.9872165
R 0 1   2  0  3  5    0.9905609   0.9905609   0.9964767   0.9847344   0.9743283   0.9714182   0.9729591   0.9729591   0.9729591   0.9729591   0.9729591   0.9729591
R 0 1   2  0  3  6    1.0275044   1.0275044   1.0275044   1.0013320   0.9925919   0.9833411   0.9825567   0.9867978   0.9867978   0.9867978   0.9867978   0.9867978
R 0 1   2  0  3  7    1.0095127   1.0095127   1.0095127   1.0095127   1.0421935   1.0005287   0.9904158   0.9853573   0.9860780   0.9882733   0.9882733   0.9882733
R 0 1   2  0  3  8    1.0276179   1.0276179   1.0276179   1.0276179   1.0276179   1.0276179   1.0276179   0.9980188   0.9833806   0.9828131   0.9876416   1.0249332
R 0 1   2  0  3  9    1.0212302   1.0212302   1.0212302   1.0212302   1.0212302   1.0212302   0.9849021   0.9748852   0.9752205   0.9875584   0.9985415   0.9985415
R 0 1   2  0  3 10    1.0665646   1.0370713   1.0095666   0.9844862   0.9727757   0.9685957   0.9675532   0.9704273   1.0044102   1.0109560   1.0109560   1.0109560
R 0 1   2  0  4  0    1.3191635   1.3191635   1.5126802   2.1597074   2.3092515   2.3388977   2.2858174   2.2678068   2.2678068   2.2678068   2.2678068   2.2678068
R 0 1   2  0  4  1    1.9150698   1.9150698   1.9150698   1.9150698   2.0839400   2.1737348   2.1757855   2.2053121   2.2053121   2.2053121   2.2053121   2.2053121
R 0 1   2  0  4  2    2.0295293   2.0295293   2.0295293   2.0295293   2.2110447   2.2751075   2.2505254   2.2085817   2.2085817   2.2085817   2.2085817   2.2085817
R 0 1   2  0  4  3    1.8287807   1.8287807   1.8287807   1.8287807   2.2892629   2.2657893   2.2263587   2.2197680   2.2197680   2.2197680   2.2197680   2.2197680
R 0 1   2  0  4  4    1.9415855   1.9415855   1.9415855   1.9292073   2.0894385   2.0713743   2.1908842   2.3147698   2.3147698   2.3147698   2.3147698   2.3147698
R 0 1   2  0  4  5    1.6296537   1.6296537   2.0917599   2.1928880   2.0978059   2.0565197   1.9662528   1.9662528   1.9662528   1.9662528   1.9662528   1.9662528
R 0 1   2  0  4  6    1.9018852   1.9018852   1.9018852   2.1485113   2.3508915   2.3316030   2.3238585   2.2612194   2.2612194   2.2612194   2.2612194   2.2612194
R 0 1   2  0  4  7    1.6766357   1.6766357   1.6766357   1.6766357   2.2455312   2.3713721   2.3699240   2.3383816   2.3710012   2.3701137   2.3701137   2.3701137
R 0 1   2  0  4  8    2.2402152   2.2402152   2.2402152   2.2402152   2.2402152   2.2402152   2.2402152   2.2554872   2.2067776   2.2373696   2.3143459   2.3025383
R 0 1   2  0  4  9    2.1138643   2.1138643   2.1138643   2.1138643   2.1138643   2.1138643   1.9591999   2.0462983   2.0673937   2.2270741   2.1240117   2.1240117
R 0 1   2  0  4 10    1.9894411   2.2463446   1.9460347   1.8716500   1.9489731   1.9619427   1.9698136   1.9505039   2.1756100   2.0517897   2.0517897   2.0517897
R 0 1   2  0  5  0   20.9714193  20.9714193   4.9702919   3.5327226   3.4215338   3.5723883   4.0686101   3.9828805   3.9828805   3.9828805   3.9828805   3.9828805
R 0 1   2  0  5  1    4.2240277   4.2240277   4.2240277   4.2240277   4.3763797   4.4113066   4.4849212   4.4592953   4.4592953   4.4592953   4.4592953   4.4592953
R 0 1   2  0  5  2    3.4501374   3.4501374   3.4501374   3.4501374   4.2971492   3.9030377   4.0127061   4.5525379   4.5525379   4.5525379   4.5525379   4.5525379
R 0 1   2  0  5  3    4.4252933   4.4252933   4.4252933   4.4252933   3.8023808   4.0803725   4.2829826   4.3734180   4.3734180   4.3734180   4.3734180   4.3734180
R 0 1   2  0  5  4    4.8141401   4.8141401   4.8141401   5.8945556   5.0396981   5.0076614   3.9771069   3.2911923   3.2911923   3.2911923   3.2911923   3.2911923
R 0 1   2  0  5  5    5.8680181   5.8680181   4.7032132   4.3703422   5.1306496   4.9324798   4.4449942   4.4449942   4.4449942   4.4449942   4.4449942   4.4449942
R 0 1   2  0  5  6    3.2830906   3.2830906   3.2830906   4.3124157   3.2534305   2.9880079   2.4312531   2.0033509   2.0033509   2.0033509   2.0033509   2.0033509
R 0 1   2  0  5  7    5.2773452   5.2773452   5.2773452   5.2773452   4.0769858   3.0592655   2.8609591   2.9437070   2.6479435   2.0436754   2.0436754   2.0436754
R 0 1   2  0  5  8    4.0459644   4.0459644   4.0459644   4.0459644   4.0459644   4.0459644   4.0459644   4.3251829   4.7176777   4.4522715   3.3778901   3.9894811
R 0 1   2  0  5  9    4.3394516   4.3394516   4.3394516   4.3394516   4.3394516   4.3394516   8.4359709   6.1438550   6.4072918   5.0807287   6.1975297   6.1975297
R 0 1   2  0  5 10    6.3872024   3.8376055   4.5895824   5.7782433   5.6566395   6.5876966   7.9439054   8.2852122   5.8220068   7.0441425   7.0441425   7.0441425
F  0  1   2  0  0  0    0.9914531   1.0332835   0.9868676   1.0016158   0.9766317   0.9826864   0.9936313   0.9858236   0.9874583   0.9929028   0.9843474
F  0  1   2  1  0  0    1.0965749   1.0907949   1.0357955   1.0816101   1.0488352   1.0615985   1.0808256   1.0548857   1.0388752   1.0674283   1.0838016
C  0  1   2  0  0  0  -0.1374990 -0.1673703 -0.1929289 -0.5492084 -0.2906355 -0.2278252 -0.0481809 -0.3031780 -0.3285438 -0.2221621 -0.2599541 -0.1948576 -0.1225326 -0.3796683 -0.3290277 -0.0592978
C  0  1   2  0  0  1  -0.1035493 -0.1949519 -0.1561178 -0.1164712 -0.1717497 -0.1359690 -0.1685251 -0.1599580 -0.0194995 -0.0677085 -0.0955677 -0.0287296 -0.2918405 -0.1633555 -0.1774861 -0.0489045
C  0  1   2  0  0  2  -0.0628411 -0.1056776 -0.1186645 -0.0975337 -0.0441354 -0.0942224 -0.0431276 -0.1017271 -0.0663412 -0.0707170  0.0266583 -0.0613078 -0.1190201 -0.1123105 -0.0200379  0.0508438
C  0  1   2  0  0  3  -0.0784497 -0.0815770 -0.1398797 -0.0609954  0.1923566 -0.2692823 -0.1004016 -0.0348182 -0.0778379  0.0396086 -0.0691006 -0.0905552 -0.1104684 -0.1106093 -0.1195037 -0.0727535
C  0  1   2  0  0  4  -0.0721316 -0.0968016 -0.0517823 -0.0333935 -0.1249156 -0.1076737 -0.0477940 -0.0129892 -0.0719753 -0.1051423  0.0464808  0.0577203 -0.1105541 -0.0813525 -0.0689954 -0.0314433
C  0  1   2  0  0  5  -0.0770822  0.0001724 -0.1733259  0.0284849  0.0788664 -0.0457487 -0.0342170  0.0239317  0.1359806  0.0739582  0.0279056 -0.1161575  0.0464209  0.0637059  0.0962640 -0.0460246
C  0  1   2  0  0  6   0.0014001  0.0123457  0.0393100 -0.0354485  0.0082044 -0.0149830 -0.0497660 -0.0848822 -0.0070264  0.0002640  0.0159128 -0.0067353 -0.0706616 -0.0858034 -0.0145826  0.0891135
C  0  1   2  0  0  7  -0.0606351  0.0316549 -0.0362888  0.0027922  0.0074744  0.0165884  0.0558347 -0.0422616 -0.0864231 -0.0959315  0.0562534 -0.0377199 -0.0216768 -0.0219432 -0.0390315  0.0495941
C  0  1   2  0  0  8  -0.0105675 -0.0044808  0.0478156  0.0385915  0.0006289 -0.0081465 -0.0064274 -0.1032804  0.0445149  0.0453084  0.0463362  0.0077290  0.0258059  0.0487949 -0.0135840  0.0782108
C  0  1   2  0  0  9  -0.1212747  0.0302006  0.0588746  0.0596859  0.0407300 -0.0032280 -0.0017872  0.0365906 -0.0797826 -0.0045457  0.0590026  0.0304773 -0.0475513  0.0070699 -0.0065062  0.0493996
C  0  1   2  0  0 10  -0.0381623 -0.0288901  0.0711194  0.0004329 -0.0557177  0.0053394 -0.0243968 -0.0279843 -0.0084080 -0.0263727  0.0153681 -0.0230585  0.0183267  0.0727505 -0.0179037  0.0117013
C  0  1   2  0  0 11   0.0299395  0.1195671 -0.0248194  0.0845721 -0.0369910  0.0930903  0.0645454  0.1036260 -0.0014662  0.0722609 -0.0320581 -0.0548594  0.0313382 -0.0022749  0.0701151  0.0433879
C  0  1   2  0  0 12   0.0090840  0.0272453 -0.0216315  0.0007225  0.0205105 -0.0397071 -0.0387513 -0.0449782  0.0324468  0.0295588 -0.0393380 -0.0057409 -0.0677292  0.0129506  0.1115850  0.0100986
C  0  1   2  0  0 13  -0.0317522  0.0057150 -0.0066055 -0.0281209  0.0226321 -0.0319757  0.0158947 -0.0374351  0.0643284  0.0439024  0.0263906 -0.0304155 -0.0154565  0.0024859  0.0539466 -0.0206498
C  0  1   2  0  0 14   0.0035056 -0.0599827 -0.0215506 -0.0370606  0.0188068  0.0927650 -0.0404010  0.0763204 -0.0295738  0.0080112  0.0944003 -0.1193505  0.0425560  0.0211185 -0.0404163 -0.1212346
C  0  1   2  0  0 15  -0.1247153 -0.0794247 -0.0218724 -0.0154991 -0.0388847 -0.0512611  0.0359703 -0.0601995  0.0065033 -0.0572209 -0.0107615 -0.1232028  0.0057803 -0.0072144 -0.0793570 -0.0163775
C  0  1   2  0  0 16   0.1302458  0.0471608 -0.0061212  0.0172692 -0.0102845 -0.0663438 -0.0987792 -0.0144140 -0.0055497  0.1999046  0.0160654 -0.0862498 -0.0333619  0.0678140 -0.0701275 -0.0086610
C  0  1   2  0  0 17  -0.0061041 -0.1492869 -0.2050447 -0.1068647 -0.0805215 -0.0990615 -0.1227797 -0.0611322  0.0206972 -0.1619469  0.0308509 -0.0431355 -0.1222303 -0.1814175 -0.0978550  0.0456927
C  0  1   2  0  0 18  -0.1464533 -0.0290977 -0.0053688 -0.0642060 -0.2502966  0.0665415 -0.1445234 -0.0184092 -0.0726483 -0.0117988 -0.0923671 -0.1446307 -0.0608362 -0.1155039 -0.1482167 -0.0247344
C  0  1   2  0  0 19  -0.0270729 -0.0944467 -0.1869902  0.0125624 -0.0036400 -0.0736706 -0.1284578 -0.0335328 -0.0892155 -0.0943249 -0.0625183  0.0107343 -0.0694483 -0.0106981 -0.0821865 -0.0866482
C  0  1   2  0  0 20  -0.1893264 -0.0171612 -0.0801278 -0.0417461 -0.2010606  0.0000934 -0.2382246 -0.1811005 -0.2057609 -0.1370177 -0.1385974  0.0207296  0.0047197 -0.1716418 -0.1348744 -0.0986485
C  0  1   2  0  0 21  -0.2892137 -0.2395837 -0.3086784 -0.2172841 -0.2196865 -0.2254548 -0.3128939 -0.1798891 -0.1452028 -0.1573893 -0.1722519 -0.3331908 -0.4294346 -0.3859124 -0.2451344 -0.2800422
C  0  1   2  0  1  0  -0.0046974 -0.0021616 -0.0039395 -0.0049133 -0.0064963 -0.0003142  0.0008876  0.0021409  0.0027719 -0.0048155 -0.0036527  0.0054779  0.0046288  0.0031418  0.0062479  0.0040445
C  0  1   2  0  1  1   0.0007266 -0.0000870 -0.0008903 -0.0031745 -0.0000310 -0.0017631  0.0059883  0.0031165  0.0047703 -0.0014007 -0.0003618 -0.0030235  0.0017882  0.0041904  0.0020374  0.0014676
C  0  1   2  0  1  2   0.0010651 -0.0023476 -0.0010285  0.0022772  0.0002923 -0.0007277 -0.0012596  0.0006165 -0.0024124  0.0018469 -0.0033486 -0.0034206  0.0038972  0.0007661  0.0027524  0.0017396
C  0  1   2  0  1  3   0.0046315  0.0036204 -0.0008453 -0.0002191 -0.0006777  0.0026599  0.0022114 -0.0012468  0.0009194 -0.0020902 -0.0006402 -0.0012747  0.0010476 -0.0013659  0.0005982  0.0021831
C  0  1   2  0  1  4   0.0039111 -0.0011227 -0.0011594  0.0028115  0.0037888  0.0011338  0.0003320 -0.0013057  0.0010698  0.0012710  0.0002524 -0.0030410  0.0033700 -0.0002589 -0.0000413 -0.0028165
C  0  1   2  0  1  5   0.0014931  0.0016952 -0.0010936  0.0031731  0.0020350  0.0003581  0.0017559  0.0013637 -0.0008106  0.0037211  0.0026576 -0.0019165  0.0005685  0.0020238  0.0018240 -0.0019043
C  0  1   2  0  1  6   0.0014515  0.0006809  0.0009444  0.0006571 -0.0010113  0.0009961 -0.0018325 -0.0013952  0.0000039 -0.0005287 -0.0006496 -0.0013261 -0.0012648 -0.0019419  0.0003262 -0.0000127
C  0  1   2  0  1  7   0.0016212 -0.0001539  0.0004391 -0.0009153  0.0029392  0.0015139 -0.0015017 -0.0007771  0.0005529 -0.0010583  0.0010794 -0.0020154 -0.0016822 -0.0001634 -0.0004104  0.0014356
C  0  1   2  0  1  8   0.0020456 -0.0002579  0.0002693  0.0008103  0.0008780  0.0013921  0.0003314 -0.0002991  0.0015798 -0.0004552 -0.0003792 -0.0012094  0.0005124  0.0004100  0.0008997  0.0014968
C  0  1   2  0  1  9  -0.0025524  0.0013467  0.0009432 -0.0003321  0.0002803  0.0014994 -0.0001201 -0.0009802 -0.0017559 -0.0010382 -0.0025707 -0.0016831 -0.0009140 -0.0007024 -0.0015166  0.0010992
C  0  1   2  0  1 10   0.0012421 -0.0009712  0.0006308  0.0020664  0.0007972 -0.0005778  0.0006935  0.0005755 -0.0029473 -0.0010510  0.0003449 -0.0005120  0.0006159 -0.0025098 -0.0004036 -0.0000430
C  0  1   2  0  1 11  -0.0005414  0.0018184  0.0009864  0.0017537  0.0012897  0.0005273  0.0001905  0.0000472 -0.0022601  0.0002674  0.0008205 -0.0016225  0.0005204 -0.0009052 -0.0008496 -0.0022183
C  0  1   2  0  1 12  -0.0005861 -0.0000053 -0.0003186 -0.0001841  0.0027521 -0.0003077  0.0012554  0.0004754  0.0005723 -0.0003785  0.0000635  0.0024013  0.0009920  0.0002691 -0.0011141  0.0008543
C  0  1   2  0  1 13   0.0028276 -0.0010743 -0.0004032  0.0026222  0.0027102  0.0023250 -0.0009970  0.0002074  0.0005767 -0.0015491 -0.0011109 -0.0032904  0.0006642  0.0019807  0.0003624 -0.0002455
C  0  1   2  0  1 14   0.0017278  0.0000476  0.0011565 -0.0001224 -0.0001151  0.0025478  0.0000835  0.0003098 -0.0012529  0.0002888  0.0001208  0.0002407 -0.0003184  0.0008509  0.0001854  0.0020299
C  0  1   2  0  1 15   0.0024398  0.0002835 -0.0001491 -0.0000288  0.0008684  0.0012323 -0.0005107 -0.0000562 -0.0000900 -0.0008658 -0.0004714  0.0009443  0.0003460  0.0014193  0.0002683 -0.0000175
C  0  1   2  0  1 16   0.0015292  0.0035544  0.0018124  0.0006270 -0.0017017  0.0043375  0.0011813 -0.0002117  0.0000919 -0.0014291  0.0002939 -0.0002622 -0.0001623  0.0007394  0.0030386  0.0025655
C  0  1   2  0  1 17   0.0015840 -0.0025549  0.0010004  0.0023428  0.0039142  0.0018445  0.0014594 -0.0009375 -0.0004942  0.0012998  0.0010311 -0.0010765  0.0026095 -0.0008100  0.0053993  0.0040858
C  0  1   2  0  1 18   0.0053694  0.0062522  0.0006152  0.0010584 -0.0007700  0.0019183  0.0032884  0.0041139 -0.0000204 -0.0001973  0.0071576  0.0009600  0.0015224  0.0004603  0.0065546  0.0013001
C  0  1   2  0  1 19   0.0007289  0.0027269  0.0024934  0.0022206  0.0023847  0.0004039  0.0035068  0.0018079  0.0027978  0.0048202  0.0000847  0.0001809  0.0027302  0.0040726  0.0038262  0.0038932
C  0  1   2  0  1 20   0.0082871  0.0095078  0.0048083  0.0031125 -0.0007730  0.0016867  0.0027588  0.0044015  0.0029334  0.0019135 -0.0005017 -0.0054400  0.0032160  0.0038253  0.0056790  0.0067094
C  0  1   2  0  1 21   0.0119614  0.0114336  0.0012800  0.0003373 -0.0046014 -0.0064795 -0.0098582 -0.0007012 -0.0041381  0.0021134  0.0002351  0.0003539  0.0007139  0.0098551  0.0061710  0.0055124
C  0  1   2  1  0  0  -0.4504513 -0.3892636 -0.3387437 -0.3212483 -0.2200592 -0.4549899 -0.4268506 -0.3465631 -0.4041708 -0.3287290 -0.3788910 -0.5579722 -0.4346026 -0.5543923 -0.4147384 -0.4446955
C  0  1   2  1  0  1  -0.2732075 -0.3551815 -0.2504286 -0.2609028 -0.3505247 -0.2984599 -0.2349544 -0.2618069 -0.2683236 -0.2518133 -0.2829693 -0.3162907 -0.3895056 -0.3307845 -0.3182401 -0.3322294
C  0  1   2  1  0  2  -0.2689198 -0.3091741 -0.2265354 -0.2745657 -0.2447404 -0.2666117 -0.2415123 -0.2454487 -0.2494954 -0.2124576 -0.2730663 -0.2980834 -0.3596857 -0.3641598 -0.2559411 -0.2859809
C  0  1   2  1  0  3  -0.3142539 -0.3478568 -0.2944427 -0.3027104 -0.2533051 -0.2108046 -0.2009773 -0.1762686 -0.1963821 -0.2415851 -0.2520093 -0.3081323 -0.2445229 -0.2800965 -0.3237050 -0.2666808
C  0  1   2  1  0  4  -0.2816403 -0.2380280 -0.2745996 -0.3021535 -0.1984357 -0.2477390 -0.2511603 -0.2522468 -0.2325331 -0.2207769 -0.2281506 -0.3133641 -0.3463567 -0.2957093 -0.3193220 -0.3065386
C  0  1   2  1  0  5  -0.1939007 -0.1671425 -0.1873944 -0.1134703 -0.1341464 -0.1688351 -0.1741368 -0.1280253 -0.1374643 -0.1465771 -0.1658368 -0.1828563 -0.2106247 -0.1186970 -0.1936360 -0.1680150
C  0  1   2  1  0  6  -0.1724834 -0.1169622 -0.1292299 -0.1766457 -0.1215484 -0.1073165 -0.1164785 -0.1633791 -0.1695930 -0.1417842 -0.0854670 -0.1315364 -0.1269716 -0.1734738 -0.1194870 -0.1895389
C  0  1   2  1  0  7  -0.1660340 -0.1462971 -0.1839167 -0.1226577 -0.1509757 -0.1774976 -0.1623085 -0.1580177 -0.1606901 -0.1152765 -0.1292023 -0.1480462 -0.1519299 -0.1433193 -0.1666906 -0.1347563
C  0  1   2  1  0  8  -0.1639529 -0.0738315 -0.1332505 -0.1557240 -0.1690535 -0.1641930 -0.1678802 -0.1642607 -0.1500246 -0.1044707 -0.1260555 -0.1924554 -0.1245571 -0.1544361 -0.1525321 -0.1330035
C  0  1   2  1  0  9  -0.1350830 -0.1062710 -0.0897957 -0.1301840 -0.1210591 -0.1511286 -0.1215704 -0.1796581 -0.1252093 -0.1647274 -0.1049875 -0.1711642 -0.1721244 -0.0927920 -0.1240804 -0.1277078
C  0  1   2  1  0 10  -0.1090548 -0.0986590 -0.1341452 -0.1500520 -0.1177626 -0.0990812 -0.1162653 -0.0988072 -0.1249176 -0.1390317 -0.1567429 -0.1117782 -0.1124143 -0.1562905 -0.1271312 -0.1432717
C  0  1   2  1  0 11  -0.0929550 -0.1302418 -0.1491399 -0.1045205 -0.1193164 -0.0998287 -0.1161274 -0.1376845 -0.1450469 -0.1029978 -0.1348956 -0.1777230 -0.1038638 -0.1551363 -0.1180743 -0.1399909
C  0  1   2  1  0 12  -0.1143615 -0.1355808 -0.1622065 -0.1101620 -0.1562291 -0.1486024 -0.1488801 -0.1815765 -0.1632655 -0.1470679 -0.1513239 -0.1312177 -0.1169606 -0.1765779 -0.1175559 -0.0988101
C  0  1   2  1  0 13  -0.0817691 -0.1093834 -0.1325672 -0.1282566 -0.1350478 -0.1528656 -0.1343537 -0.1847966 -0.1061601 -0.1456100 -0.1483087 -0.1480957 -0.1468201 -0.1376448 -0.1534558 -0.1199726
C  0  1   2  1  0 14  -0.1477346 -0.1237853 -0.1015494 -0.1629494 -0.1910319 -0.1154103 -0.1421750 -0.2434631 -0.1733033 -0.1668135 -0.1591786 -0.1778786 -0.1778747 -0.0901531 -0.1131784 -0.1787093
C  0  1   2  1  0 15  -0.1120701 -0.1983446 -0.1474604 -0.1793234 -0.1724356 -0.0869255 -0.1713016 -0.1371821 -0.1903869 -0.1618836 -0.1240963 -0.1618836 -0.1108233 -0.0930772 -0.1022497 -0.1271396
C  0  1   2  1  0 16  -0.1501979 -0.1643073 -0.1090503 -0.0963823 -0.0938708 -0.1783435 -0.1658055 -0.1895147 -0.1655554 -0.2139784 -0.1518155 -0.1617088 -0.1314569 -0.1717806 -0.1686682 -0.1013648
C  0  1   2  1  0 17  -0.2828207 -0.2684671 -0.1843121 -0.2767325 -0.2654068 -0.2633434 -0.2491839 -0.2472517 -0.2356850 -0.2564445 -0.2342817 -0.2241834 -0.1869702 -0.2877795 -0.2113372 -0.2123730
C  0  1   2  1  0 18  -0.2787893 -0.2193551 -0.2811722 -0.2826199 -0.2538659 -0.3004723 -0.3287213 -0.2516717 -0.2723705 -0.2948800 -0.2813572 -0.3003098 -0.2996462 -0.1969332 -0.1731798 -0.2462310
C  0  1   2  1  0 19  -0.2573999 -0.2435150 -0.2950525 -0.2871608 -0.2288994 -0.2931253 -0.2130127 -0.2086248 -0.2982143 -0.2395752 -0.2311005 -0.2654355 -0.2223809 -0.2146637 -0.2710140 -0.2450809
C  0  1   2  1  0 20  -0.2599701 -0.2739851 -0.3125700 -0.3327793 -0.3531402 -0.2247201 -0.3018404 -0.3174636 -0.3119633 -0.3100133 -0.3170567 -0.2769813 -0.3362836 -0.2528012 -0.2210653 -0.2411007
C  0  1   2  1  0 21  -0.4442214 -0.3746461 -0.3082561 -0.3761885 -0.2570120 -0.2575860 -0.3342927 -0.3240587 -0.4348473 -0.3765420 -0.3578414 -0.3853761 -0.3149638 -0.4142177 -0.4247884 -0.3297542
C  0  1   2  1  1  0   0.0452848  0.0484791  0.0384458  0.0252036  0.0002349 -0.0229365 -0.0339978 -0.0439501 -0.0477644 -0.0367298 -0.0335501 -0.0188243  0.0015916  0.0049871  0.0224416  0.0375864
C  0  1   2  1  1  1   0.0244707  0.0221400  0.0180673  0.0107126  0.0008299 -0.0066011 -0.0144418 -0.0180019 -0.0178287 -0.0153727 -0.0154297 -0.0076794  0.0045446  0.0092059  0.0124283  0.0238768
C  0  1   2  1  1  2   0.0126726  0.0138801  0.0089653  0.0065449  0.0018655 -0.0031960 -0.0078056 -0.0078744 -0.0094260 -0.0055158 -0.0056263 -0.0024874  0.0016428  0.0028503  0.0052809  0.0108488
C  0  1   2  1  1  3   0.0081533  0.0062957  0.0031952  0.0045690  0.0017589  0.0004968 -0.0029756 -0.0018727  0.0007549 -0.0004519 -0.0025788 -0.0008614  0.0009881  0.0012906  0.0023247  0.0063274
C  0  1   2  1  1  4   0.0020955  0.0027475  0.0003183  0.0005596  0.0032986  0.0026218  0.0006046  0.0013702  0.0037709  0.0027080 -0.0020816 -0.0003701  0.0030500  0.0018438  0.0041467  0.0027375
C  0  1   2  1  1  5   0.0012533  0.0001912 -0.0000292  0.0030014  0.0026297  0.0037087  0.0026681  0.0043330  0.0042886  0.0016701 -0.0010976 -0.0007143  0.0015863  0.0026257  0.0023445 -0.0006561
C  0  1   2  1  1  6   0.0012211  0.0015984  0.0017639  0.0034541  0.0040810  0.0040008  0.0044291  0.0059052  0.0044563  0.0003773  0.0001949  0.0007407  0.0008618  0.0008807 -0.0003423 -0.0001171
C  0  1   2  1  1  7  -0.0011051  0.0018007  0.0021847  0.0037462  0.0044890  0.0044114  0.0055768  0.0031628  0.0027738  0.0011582 -0.0004659 -0.0003616  0.0006350  0.0011948  0.0008432 -0.0017301
C  0  1   2  1  1  8  -0.0009172  0.0004315  0.0022049  0.0021157  0.0041215  0.0035764  0.0047669  0.0052181  0.0050395  0.0012092  0.0012356  0.0005177  0.0010412  0.0018812  0.0007539 -0.0005903
C  0  1   2  1  1  9   0.0012683  0.0023583  0.0029441  0.0029733  0.0028150  0.0028608  0.0036470  0.0035445  0.0028353 -0.0003500  0.0014282  0.0001053  0.0016750  0.0007379 -0.0007161 -0.0011231
C  0  1   2  1  1 10  -0.0005312  0.0020185  0.0016011  0.0022026  0.0026375  0.0020867  0.0025087  0.0029906  0.0032858 -0.0003694 -0.0006716  0.0001083 -0.0006509  0.0009475  0.0018739 -0.0015414
C  0  1   2  1  1 11   0.0003046  0.0010764  0.0013046  0.0021298  0.0032853 -0.0003742  0.0006862  0.0027639  0.0022903  0.0013065 -0.0016480  0.0002216  0.0008943  0.0000229  0.0005390 -0.0020270
C  0  1   2  1  1 12  -0.0002158  0.0016155  0.0029580  0.0033117  0.0026907  0.0009234  0.0019325  0.0026654  0.0035929  0.0002099  0.0013899  0.0009772  0.0008307 -0.0003089  0.0008975 -0.0014530
C  0  1   2  1  1 13  -0.0000355  0.0016489  0.0025540  0.0024815  0.0034495  0.0018224  0.0030918  0.0055425  0.0047451  0.0005262  0.0003053  0.0001935 -0.0007510 -0.0028665  0.0004472 -0.0022883
C  0  1   2  1  1 14  -0.0007200  0.0000713  0.0021717  0.0028262  0.0039276  0.0015138  0.0031710  0.0049048  0.0056286  0.0014970  0.0018309 -0.0007516 -0.0020542 -0.0014406 -0.0026703 -0.0027000
C  0  1   2  1  1 15  -0.0023290  0.0007795  0.0030767  0.0043533  0.0026781 -0.0017466  0.0032872  0.0034983  0.0057072  0.0025210  0.0023719 -0.0005946 -0.0028062 -0.0058687 -0.0056538 -0.0049931
C  0  1   2  1  1 16  -0.0021746  0.0001076  0.0030243  0.0048513  0.0030615  0.0009894  0.0042872  0.0026823  0.0033594  0.0064743  0.0031455  0.0027298 -0.0008022 -0.0016188 -0.0051545 -0.0054592
C  0  1   2  1  1 17  -0.0032356  0.0022380  0.0022392  0.0057580  0.0017268 -0.0006330  0.0013122  0.0032370  0.0048428  0.0042990  0.0044579  0.0012521 -0.0014802 -0.0038152 -0.0053554 -0.0049260
C  0  1   2  1  1 18  -0.0004231  0.0069611  0.0049795  0.0065920  0.0044245  0.0007869 -0.0025302 -0.0004987  0.0032663  0.0046557  0.0023023  0.0014806 -0.0000947 -0.0036043 -0.0050127 -0.0033781
C  0  1   2  1  1 19   0.0019193  0.0095347  0.0118857  0.0098573  0.0077082  0.0019816 -0.0024231 -0.0010850  0.0027978  0.0062220  0.0029694 -0.0000221 -0.0021077 -0.0038592 -0.0052162 -0.0027227
C  0  1   2  1  1 20   0.0002655  0.0139685  0.0188817  0.0135049  0.0060793  0.0029329 -0.0010285 -0.0003486  0.0001269  0.0073858  0.0016360 -0.0017118 -0.0058096 -0.0085414 -0.0045060 -0.0037810
C  0  1   2  1  1 21   0.0100388  0.0197753  0.0319852  0.0211345  0.0146178  0.0136318  0.0115557  0.0096131  0.0098673  0.0138017 -0.0001584 -0.0040522 -0.0101707 -0.0172571 -0.0093746  0.0000000
