CPHI 16 
CETA 22 -2.40 -2.10 -1.85 -1.60 -1.40 -1.20 -1.00 -0.80 -0.60 -0.40 -0.20  0.00  0.20  0.40  0.60  0.80  1.00  1.20  1.40  1.60  1.85  2.10  2.40 
RMIN  6 
RTRK 12 
RETA 11  0.00  0.20  0.40  0.60  0.80  1.00  1.20  1.40  1.60  1.85  2.10  2.40 
T 0 1  20  0  0  0    0.0000000   0.0005886   0.0016920   0.0031969   0.0123564   0.0693018   0.2779774   0.6531936   1.0000000   1.0000000   1.0000000   1.0000000   1.0000000
T 0 1  20  0  0  1    0.0000000   0.0001184   0.0005409   0.0023813   0.0122843   0.0590781   0.2260585   0.5890941   1.0000000   1.0000000   1.0000000   1.0000000   1.0000000
T 0 1  20  0  0  2    0.0000000   0.0001177   0.0005342   0.0017476   0.0106540   0.0556197   0.2094299   0.5736303   1.0000000   1.0000000   1.0000000   1.0000000   1.0000000
T 0 1  20  0  0  3    0.0000000   0.0001860   0.0005668   0.0016717   0.0114181   0.0624542   0.2262037   0.5871528   1.0000000   1.0000000   1.0000000   1.0000000   1.0000000
T 0 1  20  0  0  4    0.0000000   0.0003628   0.0026299   0.0144195   0.0633330   0.2047617   0.4896886   0.8216671   1.0000000   1.0000000   1.0000000   1.0000000   1.0000000
T 0 1  20  0  0  5    0.0000000   0.0010057   0.0075296   0.0519252   0.2061138   0.5337443   0.8764059   0.9994081   1.0000000   1.0000000   1.0000000   1.0000000   1.0000000
T 0 1  20  0  0  6    0.0000000   0.0003169   0.0011846   0.0101468   0.0670976   0.2767601   0.6631798   0.9314777   0.9981998   0.9999988   1.0000000   1.0000000   1.0000000
T 0 1  20  0  0  7    0.0000000   0.0000716   0.0003984   0.0008988   0.0047419   0.0307264   0.1190673   0.2972664   0.5808880   0.8688321   0.9840863   0.9998596   1.0000000
T 0 1  20  0  0  8    0.0000000   0.0000000   0.0000302   0.0001032   0.0003499   0.0009361   0.0041750   0.0250300   0.1197037   0.3936003   0.7894612   0.9691211   1.0000000
T 0 1  20  0  0  9    0.0000000   0.0000046   0.0000088   0.0000369   0.0005618   0.0034797   0.0181961   0.0863983   0.3029346   0.6595916   0.9385447   0.9999261   1.0000000
T 0 1  20  0  0 10    0.0000000   0.0067873   0.0290130   0.0461381   0.0788768   0.1683793   0.3384376   0.6899388   0.9101005   0.9703189   0.9998279   1.0000000   1.0000000
T 0 1  20  1  0  0    0.0000000   0.0005148   0.0016399   0.0047460   0.0213440   0.1017716   0.3374237   0.6994022   1.0000000   1.0000000   1.0000000   1.0000000   1.0000000
T 0 1  20  1  0  1    0.0000000   0.0002633   0.0010891   0.0042307   0.0181163   0.0752157   0.2537985   0.6193956   1.0000000   1.0000000   1.0000000   1.0000000   1.0000000
T 0 1  20  1  0  2    0.0000000   0.0002194   0.0008486   0.0027728   0.0124455   0.0616642   0.2339277   0.6064318   1.0000000   1.0000000   1.0000000   1.0000000   1.0000000
T 0 1  20  1  0  3    0.0000000   0.0002283   0.0008669   0.0027852   0.0140251   0.0700545   0.2491207   0.6198491   1.0000000   1.0000000   1.0000000   1.0000000   1.0000000
T 0 1  20  1  0  4    0.0000000   0.0004356   0.0027620   0.0153929   0.0663357   0.2155446   0.5058694   0.8320271   1.0000000   1.0000000   1.0000000   1.0000000   1.0000000
T 0 1  20  1  0  5    0.0000000   0.0011873   0.0094478   0.0577925   0.2246261   0.5586818   0.8900123   0.9996500   1.0000000   1.0000000   1.0000000   1.0000000   1.0000000
T 0 1  20  1  0  6    0.0000000   0.0004626   0.0026649   0.0180020   0.0942133   0.3329130   0.7236541   0.9536823   0.9988141   0.9999984   1.0000000   1.0000000   1.0000000
T 0 1  20  1  0  7    0.0000000   0.0002246   0.0006446   0.0024765   0.0123245   0.0526267   0.1570011   0.3413836   0.6074237   0.8728054   0.9849908   0.9998878   1.0000000
T 0 1  20  1  0  8    0.0000000   0.0009562   0.0014955   0.0017998   0.0022382   0.0036136   0.0107994   0.0452511   0.1686405   0.4573475   0.8251665   0.9710661   1.0000000
T 0 1  20  1  0  9    0.0000000   0.0021003   0.0074838   0.0131257   0.0159362   0.0198461   0.0401951   0.1288935   0.3661962   0.7154288   0.9583841   0.9999941   1.0000000
T 0 1  20  1  0 10    0.0000000   0.0032254   0.0170235   0.0428863   0.0843736   0.1746921   0.3942474   0.7474223   0.9511020   0.9856143   0.9999985   1.0000000   1.0000000
R 0 1  20  0  0  0    0.0228839   0.0228839   0.0120888   0.0108148   0.0103937   0.0101558   0.0099921   0.0098067   0.0098067   0.0098067   0.0098067   0.0098067
R 0 1  20  0  0  1    0.0117300   0.0117300   0.0117300   0.0117300   0.0109978   0.0109272   0.0109617   0.0108349   0.0108349   0.0108349   0.0108349   0.0108349
R 0 1  20  0  0  2    0.0122358   0.0122358   0.0122358   0.0122358   0.0120624   0.0119847   0.0118430   0.0116996   0.0116996   0.0116996   0.0116996   0.0116996
R 0 1  20  0  0  3    0.0138294   0.0138294   0.0138294   0.0138294   0.0125532   0.0125577   0.0123945   0.0122757   0.0122757   0.0122757   0.0122757   0.0122757
R 0 1  20  0  0  4    0.0189725   0.0189725   0.0189725   0.0174298   0.0168988   0.0159221   0.0144768   0.0131050   0.0131050   0.0131050   0.0131050   0.0131050
R 0 1  20  0  0  5    0.0206930   0.0206930   0.0193754   0.0191525   0.0187459   0.0180470   0.0169325   0.0169325   0.0169325   0.0169325   0.0169325   0.0169325
R 0 1  20  0  0  6    0.0196595   0.0196595   0.0196595   0.0203890   0.0207570   0.0207313   0.0208157   0.0206090   0.0206090   0.0206090   0.0206090   0.0206090
R 0 1  20  0  0  7    0.0224666   0.0224666   0.0224666   0.0224666   0.0208225   0.0211710   0.0211596   0.0209899   0.0205830   0.0196443   0.0196443   0.0196443
R 0 1  20  0  0  8    0.0209569   0.0209569   0.0209569   0.0209569   0.0209569   0.0209569   0.0209569   0.0208745   0.0209837   0.0209040   0.0202583   0.0188724
R 0 1  20  0  0  9    0.0312478   0.0312478   0.0312478   0.0312478   0.0312478   0.0312478   0.0299119   0.0289453   0.0274315   0.0263611   0.0248706   0.0248706
R 0 1  20  0  0 10    0.0771925   0.0710554   0.0601346   0.0533299   0.0472329   0.0437481   0.0409987   0.0355832   0.0337697   0.0309515   0.0309515   0.0309515
R 0 1  20  0  1  0    0.0000000   0.0000000   0.0000000   0.0000913   0.0000843   0.0000807   0.0000722   0.0000631   0.0000631   0.0000631   0.0000631   0.0000631
R 0 1  20  0  1  1    0.0000603   0.0000603   0.0000603   0.0000603   0.0000629   0.0000682   0.0000620   0.0000546   0.0000546   0.0000546   0.0000546   0.0000546
R 0 1  20  0  1  2    0.0000372   0.0000372   0.0000372   0.0000372   0.0000622   0.0000640   0.0000585   0.0000543   0.0000543   0.0000543   0.0000543   0.0000543
R 0 1  20  0  1  3    0.0000882   0.0000882   0.0000882   0.0000882   0.0000536   0.0000541   0.0000560   0.0000477   0.0000477   0.0000477   0.0000477   0.0000477
R 0 1  20  0  1  4    0.0001281   0.0001281   0.0001281   0.0000963   0.0000921   0.0000713   0.0000549   0.0000474   0.0000474   0.0000474   0.0000474   0.0000474
R 0 1  20  0  1  5    0.0001243   0.0001243   0.0000732   0.0000709   0.0000677   0.0000571   0.0000397   0.0000397   0.0000397   0.0000397   0.0000397   0.0000397
R 0 1  20  0  1  6    0.0000395   0.0000395   0.0000395   0.0000481   0.0000522   0.0000575   0.0000559   0.0000252   0.0000252   0.0000252   0.0000252   0.0000252
R 0 1  20  0  1  7    0.0002948   0.0002948   0.0002948   0.0002948   0.0000619   0.0000693   0.0000672   0.0000754   0.0000705   0.0000527   0.0000527   0.0000527
R 0 1  20  0  1  8    0.0000746   0.0000746   0.0000746   0.0000746   0.0000746   0.0000746   0.0000746   0.0001039   0.0001003   0.0001025   0.0000825   0.0000697
R 0 1  20  0  1  9    0.0002276   0.0002276   0.0002276   0.0002276   0.0002276   0.0002276   0.0002068   0.0002052   0.0001779   0.0001412   0.0001286   0.0001286
R 0 1  20  0  1 10    0.0012269   0.0011484   0.0008022   0.0007651   0.0005850   0.0004584   0.0003866   0.0002582   0.0002227   0.0001609   0.0001609   0.0001609
R 0 1  20  0  2  0    0.0000000   0.0000000   0.0000000   0.0000000   0.0000000   0.0000000   0.0000165   0.0000072   0.0000072   0.0000072   0.0000072   0.0000072
R 0 1  20  0  2  1    0.0000000   0.0000000   0.0000000   0.0000000   0.0000000   0.0000226   0.0000000   0.0000113   0.0000113   0.0000113   0.0000113   0.0000113
R 0 1  20  0  2  2    0.0000000   0.0000000   0.0000000   0.0000000   0.0000360   0.0000080   0.0000095   0.0000181   0.0000181   0.0000181   0.0000181   0.0000181
R 0 1  20  0  2  3    0.0000000   0.0000000   0.0000000   0.0000000   0.0000000   0.0000000   0.0000098   0.0000000   0.0000000   0.0000000   0.0000000   0.0000000
R 0 1  20  0  2  4    0.0000000   0.0000000   0.0000000   0.0000000   0.0000000   0.0000000   0.0000116   0.0000228   0.0000228   0.0000228   0.0000228   0.0000228
R 0 1  20  0  2  5    0.0000000   0.0000000   0.0000000   0.0000000   0.0000215   0.0000218   0.0000000   0.0000000   0.0000000   0.0000000   0.0000000   0.0000000
R 0 1  20  0  2  6    0.0000000   0.0000000   0.0000000   0.0000000   0.0000000   0.0000000   0.0000000   0.0000000   0.0000000   0.0000000   0.0000000   0.0000000
R 0 1  20  0  2  7    0.0000000   0.0000000   0.0000000   0.0000000   0.0000000   0.0000000   0.0000000   0.0000000   0.0000000   0.0000000   0.0000000   0.0000000
R 0 1  20  0  2  8    0.0000000   0.0000000   0.0000000   0.0000000   0.0000000   0.0000000   0.0000000   0.0000000   0.0000000   0.0000000   0.0000000   0.0000000
R 0 1  20  0  2  9    0.0000000   0.0000000   0.0000000   0.0000000   0.0000000   0.0000000   0.0000531   0.0000000   0.0000000   0.0000146   0.0000000   0.0000000
R 0 1  20  0  2 10    0.0000000   0.0000000   0.0000000   0.0000000   0.0000000   0.0000000   0.0000552   0.0000306   0.0000000   0.0000000   0.0000000   0.0000000
R 0 1  20  0  3  0    1.0538626   1.0538626   1.0479469   1.0216709   0.9985616   0.9862994   0.9830367   0.9833081   0.9833081   0.9833081   0.9833081   0.9833081
R 0 1  20  0  3  1    1.0155619   1.0155619   1.0155619   1.0155619   0.9935847   0.9855727   0.9798521   0.9797750   0.9797750   0.9797750   0.9797750   0.9797750
R 0 1  20  0  3  2    1.0333642   1.0333642   1.0333642   1.0333642   1.0019381   0.9860075   0.9815495   0.9814222   0.9814222   0.9814222   0.9814222   0.9814222
R 0 1  20  0  3  3    0.9871154   0.9871154   0.9871154   0.9871154   1.0055607   0.9884365   0.9813149   0.9796746   0.9796746   0.9796746   0.9796746   0.9796746
R 0 1  20  0  3  4    1.0205643   1.0205643   1.0205643   0.9874671   0.9801637   0.9735985   0.9797416   0.9849978   0.9849978   0.9849978   0.9849978   0.9849978
R 0 1  20  0  3  5    1.0057520   1.0057520   0.9985319   0.9819034   0.9765525   0.9715880   0.9763555   0.9763555   0.9763555   0.9763555   0.9763555   0.9763555
R 0 1  20  0  3  6    1.0444652   1.0444652   1.0444652   1.0043506   0.9898832   0.9840781   0.9831386   0.9874939   0.9874939   0.9874939   0.9874939   0.9874939
R 0 1  20  0  3  7    1.0244739   1.0244739   1.0244739   1.0244739   1.0306130   0.9958722   0.9922980   0.9855169   0.9874428   0.9868789   0.9868789   0.9868789
R 0 1  20  0  3  8    1.0198144   1.0198144   1.0198144   1.0198144   1.0198144   1.0198144   1.0198144   0.9996746   0.9844435   0.9849921   0.9890577   1.0125741
R 0 1  20  0  3  9    1.0128317   1.0128317   1.0128317   1.0128317   1.0128317   1.0128317   0.9928113   0.9776466   0.9730997   0.9847618   1.0169479   1.0169479
R 0 1  20  0  3 10    1.0428805   1.0520823   1.0449624   0.9880387   0.9819908   0.9693591   0.9681923   0.9693771   0.9974356   1.0066167   1.0066167   1.0066167
R 0 1  20  0  4  0    1.3064496   1.3064496   1.3058620   2.1913050   2.3190562   2.2783997   2.2607661   2.2726076   2.2726076   2.2726076   2.2726076   2.2726076
R 0 1  20  0  4  1    1.9990037   1.9990037   1.9990037   1.9990037   2.0980554   2.2391926   2.2177944   2.2066361   2.2066361   2.2066361   2.2066361   2.2066361
R 0 1  20  0  4  2    1.9803141   1.9803141   1.9803141   1.9803141   2.2613690   2.2813387   2.2473542   2.2517024   2.2517024   2.2517024   2.2517024   2.2517024
R 0 1  20  0  4  3    1.7731949   1.7731949   1.7731949   1.7731949   2.2378362   2.2531387   2.2227171   2.1883349   2.1883349   2.1883349   2.1883349   2.1883349
R 0 1  20  0  4  4    1.9150200   1.9150200   1.9150200   2.0386859   2.0914779   2.0760283   2.2304209   2.3089282   2.3089282   2.3089282   2.3089282   2.3089282
R 0 1  20  0  4  5    1.7608353   1.7608353   2.0428624   2.1240048   2.1183071   2.0587581   2.0200593   2.0200593   2.0200593   2.0200593   2.0200593   2.0200593
R 0 1  20  0  4  6    2.0348495   2.0348495   2.0348495   2.1528538   2.2991008   2.3433990   2.3196295   2.2485296   2.2485296   2.2485296   2.2485296   2.2485296
R 0 1  20  0  4  7    1.7120772   1.7120772   1.7120772   1.7120772   2.2790697   2.3106575   2.3705825   2.3435641   2.4091577   2.2997606   2.2997606   2.2997606
R 0 1  20  0  4  8    2.1457804   2.1457804   2.1457804   2.1457804   2.1457804   2.1457804   2.1457804   2.2153057   2.2410769   2.2943652   2.3386764   2.3510575
R 0 1  20  0  4  9    2.1239869   2.1239869   2.1239869   2.1239869   2.1239869   2.1239869   2.0555845   2.0798733   2.0276993   2.2198031   2.3154082   2.3154082
R 0 1  20  0  4 10    2.0043786   2.1904151   2.0238904   1.8747010   2.0399960   1.9368192   1.9602299   1.9597554   1.9879236   2.0683593   2.0683593   2.0683593
R 0 1  20  0  5  0   18.0255178  18.0255178  10.3018470   3.4499245   3.1922972   3.7898331   4.0996484   3.9654824   3.9654824   3.9654824   3.9654824   3.9654824
R 0 1  20  0  5  1    3.8712553   3.8712553   3.8712553   3.8712553   4.4739343   3.8752518   4.2754732   4.3027414   4.3027414   4.3027414   4.3027414   4.3027414
R 0 1  20  0  5  2    3.3731717   3.3731717   3.3731717   3.3731717   3.7534039   3.8636242   4.0897900   4.1897347   4.1897347   4.1897347   4.1897347   4.1897347
R 0 1  20  0  5  3    4.5641637   4.5641637   4.5641637   4.5641637   4.2752298   3.9973650   4.3395217   4.7872824   4.7872824   4.7872824   4.7872824   4.7872824
R 0 1  20  0  5  4    4.7089168   4.7089168   4.7089168   4.7632456   5.0909731   5.1958711   3.7860728   3.3343004   3.3343004   3.3343004   3.3343004   3.3343004
R 0 1  20  0  5  5    4.6212906   4.6212906   5.0075770   4.7844822   5.0614659   4.8415681   4.0069412   4.0069412   4.0069412   4.0069412   4.0069412   4.0069412
R 0 1  20  0  5  6    3.0085800   3.0085800   3.0085800   4.5497960   3.5372063   2.9992628   2.4741739   2.1382819   2.1382819   2.1382819   2.1382819   2.1382819
R 0 1  20  0  5  7    4.1850674   4.1850674   4.1850674   4.1850674   4.0921616   3.3571929   2.9144822   2.9392921   2.4636889   2.2323487   2.2323487   2.2323487
R 0 1  20  0  5  8    4.2789795   4.2789795   4.2789795   4.2789795   4.2789795   4.2789795   4.2789795   4.8112762   4.4795887   4.0425801   3.4215868   3.7047370
R 0 1  20  0  5  9    4.6146006   4.6146006   4.6146006   4.6146006   4.6146006   4.6146006   6.6698823   5.7824150   6.7277351   5.2539317   4.8133922   4.8133922
R 0 1  20  0  5 10    5.0246167   4.2568978   3.9656579   5.4199228   4.9517506   6.8063462   7.7090312   7.7709562   8.5712564   6.6815152   6.6815152   6.6815152
F  0  1  20  0  0  0    0.9915874   1.0141071   0.9870214   1.0060728   0.9783650   0.9857469   0.9926621   0.9947768   0.9917196   0.9914882   0.9827606
F  0  1  20  1  0  0    1.0718038   1.0654550   1.0960137   1.0507843   1.0467484   1.0643976   1.0759857   1.0587494   1.0443590   1.0661751   1.0812955
C  0  1  20  0  0  0  -0.3314493 -0.1176047 -0.3000717 -0.4038735 -0.2733960 -0.3100477 -0.1420365 -0.3022372 -0.2001963 -0.2639982 -0.2202129 -0.1679422 -0.2337141 -0.4165128 -0.2429228 -0.2001816
C  0  1  20  0  0  1  -0.0596528 -0.1706518 -0.1302812 -0.2313925 -0.1332089 -0.1883060 -0.1805187 -0.1506051 -0.0582203 -0.0450974 -0.0356147 -0.0401427 -0.1490705 -0.1234927 -0.2041852 -0.0076922
C  0  1  20  0  0  2  -0.1233014 -0.2018216 -0.0818183 -0.2351575  0.0030965 -0.0532097 -0.0494536 -0.1293513 -0.0471319 -0.0885177 -0.0295959 -0.0602052 -0.1832553 -0.0476765 -0.0414133 -0.1317236
C  0  1  20  0  0  3  -0.0801666 -0.1140940 -0.1232831 -0.0219688 -0.0010190 -0.1190201 -0.1640570  0.0201662 -0.0966227 -0.0317022 -0.1296857 -0.0416422 -0.1448795 -0.0375307 -0.1567349 -0.0254344
C  0  1  20  0  0  4  -0.0565364 -0.0420697 -0.0306167  0.0084615 -0.1154350 -0.0810236 -0.1151904 -0.0673182  0.0459491 -0.0190481 -0.0301475 -0.0938411 -0.2178051 -0.0687685 -0.0550251 -0.0362849
C  0  1  20  0  0  5   0.0327108  0.0240507 -0.1403987 -0.0076179 -0.0966860  0.0044549 -0.0583862 -0.0105906  0.0620032  0.0228928 -0.0136122  0.0147138 -0.1077717  0.0420605 -0.0048545 -0.0992421
C  0  1  20  0  0  6   0.0273323  0.0355506  0.0962473 -0.0416740  0.0595237  0.0190575 -0.0912198 -0.0292748 -0.0402270 -0.0185802  0.0161374  0.0457230 -0.0256345 -0.0538377 -0.0772962  0.0289551
C  0  1  20  0  0  7  -0.0960339  0.0302881  0.0295348 -0.0266307 -0.0042766  0.0047581 -0.0131755 -0.0296027 -0.0242141 -0.0804514  0.0280008 -0.0465860  0.0392594 -0.0903575 -0.0375246  0.0395968
C  0  1  20  0  0  8   0.0203799  0.0608112  0.0687727  0.0095308 -0.0650353 -0.0139048  0.0356647  0.0134212 -0.0212698  0.0373377 -0.0033551 -0.0119682 -0.0590225  0.0364154  0.0166964 -0.0121286
C  0  1  20  0  0  9  -0.0126470  0.0666353  0.0737098  0.0157772 -0.0301436  0.0029156 -0.0414286  0.0305583 -0.0292057  0.0546723  0.0112172 -0.0089802 -0.0703374  0.0185905  0.0008233  0.1137150
C  0  1  20  0  0 10  -0.0138706 -0.0174047  0.0349645  0.0435268  0.0544273 -0.0371416 -0.0232118 -0.0404653  0.0527722 -0.0340931 -0.0409568 -0.0082651  0.0242689  0.1041910  0.0168146  0.0685790
C  0  1  20  0  0 11  -0.1188383 -0.0338468 -0.0228996  0.0704378  0.0493435  0.0712763  0.0457165  0.1264778  0.0323843  0.0621717 -0.0007627  0.0222054 -0.0611194  0.0279434 -0.0373714 -0.0028083
C  0  1  20  0  0 12   0.0688089 -0.0369648 -0.0262172 -0.0504583  0.0165488  0.0583377 -0.0715688 -0.0295426  0.0472287  0.1340535 -0.0027396  0.0093950  0.0603291 -0.0039942 -0.0108805  0.0395443
C  0  1  20  0  0 13  -0.0706341  0.0142129  0.0561017  0.0567587 -0.0188533 -0.0795753  0.1280530 -0.0368982  0.0392927  0.0198489  0.0252844 -0.0014535 -0.0110069  0.1020808  0.0258401 -0.0120275
C  0  1  20  0  0 14  -0.0488578  0.0066764 -0.0662421 -0.0652873 -0.0777918 -0.0311960 -0.0650471  0.0673303 -0.0933584 -0.0228864  0.0180129 -0.0476134  0.0424043  0.0485814  0.0523311 -0.0138373
C  0  1  20  0  0 15  -0.0575815  0.0102945 -0.0484487  0.0367137 -0.0574932 -0.0828830  0.0128863  0.0596793  0.0130734  0.0366447 -0.0579462 -0.0952621 -0.0004159  0.0962183 -0.1530403  0.0102609
C  0  1  20  0  0 16   0.1620615 -0.0061991 -0.0138603  0.0156319 -0.0407487 -0.0550510  0.0241721 -0.0332695 -0.0615200  0.1228183 -0.0492807 -0.0303910 -0.0044702  0.0665714 -0.0397395  0.0120642
C  0  1  20  0  0 17  -0.1109622 -0.1427281 -0.1615848 -0.0760871 -0.1369560 -0.0837582  0.0143187 -0.0356505  0.0331791 -0.0160822  0.0123713 -0.0387127 -0.0490501 -0.1382279 -0.0323280  0.0290006
C  0  1  20  0  0 18  -0.0797928 -0.1474187  0.0931372 -0.1730394 -0.1271584 -0.1327468 -0.0310305 -0.0754630  0.0436453 -0.0003282  0.0356760 -0.1117612 -0.0734986 -0.0830895 -0.1806555  0.0015335
C  0  1  20  0  0 19   0.0251390 -0.0746500 -0.2465969 -0.0048272 -0.0741153 -0.0741496 -0.1849958 -0.0304771 -0.1548922 -0.0755607 -0.1112018 -0.1315437  0.0283600 -0.1031260 -0.0547103 -0.1617573
C  0  1  20  0  0 20  -0.1945069 -0.1074097 -0.0765900 -0.0787217 -0.2363560 -0.2912172 -0.1687173 -0.1464746 -0.1735272 -0.2944794 -0.1731924  0.0073308 -0.1062703 -0.1749768 -0.2130719 -0.2011078
C  0  1  20  0  0 21  -0.2249353 -0.2649628 -0.1351094 -0.1956283 -0.2974468 -0.2112251 -0.3440965 -0.1240534 -0.2332282 -0.0718032 -0.2700996 -0.3417584 -0.2391741 -0.3446175 -0.2479889 -0.2692382
C  0  1  20  0  1  0  -0.0021195  0.0010633 -0.0007459  0.0014728 -0.0054436 -0.0009307  0.0004747  0.0030160 -0.0007512 -0.0009139 -0.0042571  0.0055927  0.0061964  0.0052248  0.0036946  0.0060866
C  0  1  20  0  1  1  -0.0006165  0.0035527 -0.0006112 -0.0022743 -0.0024592 -0.0014967  0.0056954  0.0008207  0.0032467  0.0011005 -0.0000779 -0.0062156  0.0025354  0.0047604 -0.0020281  0.0052735
C  0  1  20  0  1  2  -0.0005748 -0.0002353 -0.0005801  0.0002609 -0.0022204  0.0008419  0.0002700  0.0005241 -0.0026749  0.0008991 -0.0022376 -0.0019238  0.0014235 -0.0009612 -0.0019279 -0.0003714
C  0  1  20  0  1  3   0.0031994 -0.0008667  0.0009229 -0.0007472 -0.0018661  0.0008458  0.0002159 -0.0022172 -0.0015037 -0.0039780 -0.0015817 -0.0012152 -0.0009349 -0.0038104 -0.0020304  0.0014016
C  0  1  20  0  1  4  -0.0000683 -0.0013891 -0.0012502  0.0014280  0.0005129  0.0007637  0.0015038  0.0011191  0.0015209  0.0025674 -0.0017244 -0.0022530  0.0014396 -0.0030801  0.0022964 -0.0030368
C  0  1  20  0  1  5   0.0005211  0.0005773 -0.0030228  0.0008903 -0.0000031 -0.0023814  0.0007835  0.0001325 -0.0010858  0.0011619  0.0005035 -0.0018610 -0.0017981 -0.0005604  0.0002787 -0.0011920
C  0  1  20  0  1  6   0.0019423 -0.0013382  0.0003270  0.0018851  0.0006038 -0.0002147 -0.0008855 -0.0017288  0.0012466 -0.0009573 -0.0011437 -0.0004018 -0.0006859 -0.0008330  0.0016216 -0.0017208
C  0  1  20  0  1  7   0.0002525  0.0000412  0.0000648 -0.0004589  0.0031351 -0.0000271 -0.0007200 -0.0000184  0.0007390  0.0002710  0.0017097 -0.0018423 -0.0019998  0.0004507  0.0001293 -0.0013455
C  0  1  20  0  1  8   0.0038365  0.0019598 -0.0009529  0.0003592  0.0003228  0.0011588  0.0008992 -0.0008929  0.0005536 -0.0004942  0.0007266 -0.0010068 -0.0000756 -0.0001782 -0.0002962  0.0015091
C  0  1  20  0  1  9  -0.0019311 -0.0007008  0.0011072  0.0011769 -0.0003909  0.0004114  0.0002783  0.0002677  0.0002138 -0.0000035 -0.0028711 -0.0014851 -0.0008058 -0.0007419 -0.0017968  0.0004282
C  0  1  20  0  1 10   0.0018404  0.0004267  0.0023866  0.0014125  0.0010145 -0.0001483  0.0015718 -0.0012798 -0.0015228 -0.0025710 -0.0011174 -0.0008708 -0.0010506 -0.0012981  0.0001257  0.0003171
C  0  1  20  0  1 11   0.0016575  0.0000109  0.0011876  0.0013651  0.0001895 -0.0006286 -0.0021438 -0.0022302 -0.0015155 -0.0001822  0.0005271 -0.0006163  0.0010930 -0.0009343 -0.0005222 -0.0016975
C  0  1  20  0  1 12  -0.0007107 -0.0003324 -0.0002090 -0.0007236  0.0012487 -0.0004038  0.0009371 -0.0006904  0.0001502 -0.0014109 -0.0000440 -0.0001351  0.0005482 -0.0010674 -0.0006132  0.0018282
C  0  1  20  0  1 13   0.0041556 -0.0021196  0.0010804 -0.0001475  0.0021578 -0.0004656 -0.0000112  0.0004643 -0.0002478 -0.0019681 -0.0001745 -0.0021328  0.0003251  0.0022100  0.0005855  0.0003378
C  0  1  20  0  1 14   0.0035058 -0.0004636  0.0011941 -0.0006868  0.0005167  0.0032538 -0.0000089  0.0004910  0.0007558  0.0012567  0.0000658 -0.0003756  0.0007737 -0.0004600 -0.0011420  0.0014510
C  0  1  20  0  1 15   0.0004344  0.0005155  0.0005375  0.0018415  0.0006417  0.0039244 -0.0000935 -0.0002362  0.0004248 -0.0014370 -0.0015810  0.0025064  0.0010679  0.0005472  0.0006351  0.0001816
C  0  1  20  0  1 16   0.0029908  0.0017599  0.0007298  0.0024241  0.0017288  0.0013332  0.0022972  0.0014966  0.0004703 -0.0000747 -0.0000739 -0.0000773  0.0004478  0.0026972  0.0042443  0.0020203
C  0  1  20  0  1 17   0.0009643 -0.0002524  0.0009012  0.0033617  0.0030258  0.0005993  0.0045473  0.0016741  0.0010139  0.0040698  0.0045165 -0.0000369  0.0020827 -0.0011351  0.0047716  0.0049758
C  0  1  20  0  1 18   0.0062602  0.0053926  0.0014616 -0.0010137 -0.0006838  0.0034160  0.0045558  0.0011786 -0.0001152  0.0021994  0.0031179  0.0006197 -0.0000703  0.0020605  0.0044059  0.0046740
C  0  1  20  0  1 19   0.0051093  0.0023198  0.0030234  0.0031244  0.0005395  0.0014007  0.0008801  0.0008331  0.0015309  0.0027478 -0.0005499 -0.0010109  0.0021674  0.0026233  0.0025733  0.0048403
C  0  1  20  0  1 20   0.0032802  0.0042323  0.0030436  0.0012964  0.0026738  0.0045968  0.0035019  0.0013206  0.0049902  0.0058871 -0.0014850 -0.0026332  0.0058038  0.0032628  0.0075770  0.0057232
C  0  1  20  0  1 21   0.0122875  0.0144919  0.0053695  0.0019507  0.0008120 -0.0020821 -0.0099681 -0.0000236 -0.0019294 -0.0028248 -0.0027339  0.0044007  0.0015541  0.0015557  0.0128474  0.0036355
C  0  1  20  1  0  0  -0.4574061 -0.2968800 -0.3484347 -0.3860410 -0.2268221 -0.4604690 -0.2545278 -0.2902330 -0.3889833 -0.4000625 -0.3407149 -0.4659678 -0.4045497 -0.3944024 -0.4037209 -0.4681746
C  0  1  20  1  0  1  -0.3193736 -0.3931196 -0.3245683 -0.2938165 -0.2860611 -0.3427599 -0.2937093 -0.2220401 -0.3153642 -0.2717214 -0.3429197 -0.3022372 -0.4112984 -0.4056498 -0.3227698 -0.3441076
C  0  1  20  1  0  2  -0.3368185 -0.3631875 -0.3111515 -0.3140241 -0.2981527 -0.2856713 -0.2687300 -0.2149279 -0.2557940 -0.2402695 -0.3022489 -0.3346504 -0.3458822 -0.3845163 -0.3309496 -0.3470733
C  0  1  20  1  0  3  -0.2711593 -0.2935947 -0.3225153 -0.3197769 -0.3246925 -0.2701629 -0.1830880 -0.1539658 -0.2174278 -0.2015177 -0.2628617 -0.2143388 -0.2724698 -0.3197939 -0.3139370 -0.3010882
C  0  1  20  1  0  4  -0.2845612 -0.2462588 -0.2869302 -0.2753153 -0.2207072 -0.1987686 -0.2188388 -0.2771987 -0.2501059 -0.2300998 -0.1540753 -0.2757523 -0.3222103 -0.2528431 -0.3106330 -0.3393998
C  0  1  20  1  0  5  -0.2433888 -0.1766320 -0.2286411 -0.1457259 -0.1784227 -0.1360252 -0.2036597 -0.1330769 -0.1681585 -0.2084289 -0.1407398 -0.1970758 -0.2266353 -0.1822995 -0.1958359 -0.1714542
C  0  1  20  1  0  6  -0.1317210 -0.1486530 -0.1511103 -0.1984499 -0.1346208 -0.1129605 -0.1531156 -0.1339032 -0.1261800 -0.1152537 -0.0969971 -0.0983634 -0.1281518 -0.1553319 -0.1742397 -0.1585473
C  0  1  20  1  0  7  -0.1692728 -0.1329844 -0.1634050 -0.1482591 -0.1524263 -0.1599595 -0.1890423 -0.1508349 -0.1682466 -0.1478233 -0.0800025 -0.1563907 -0.1633082 -0.1290539 -0.1921271 -0.1608527
C  0  1  20  1  0  8  -0.1902251 -0.0817150 -0.1200950 -0.1561507 -0.1622196 -0.1523790 -0.1580038 -0.1622679 -0.1446989 -0.1033945 -0.1370539 -0.1660090 -0.1397590 -0.1172572 -0.1562279 -0.1478398
C  0  1  20  1  0  9  -0.1844847 -0.1340125 -0.1009728 -0.1675268 -0.0904435 -0.1623313 -0.0866776 -0.1814294 -0.0963608 -0.1414743 -0.0736010 -0.1708704 -0.1438690 -0.1381806 -0.1533099 -0.1511709
C  0  1  20  1  0 10  -0.1534758 -0.1084301 -0.1263972 -0.1601840 -0.1524887 -0.1232349 -0.1450577 -0.1196583 -0.0946859 -0.1670230 -0.1329326 -0.1310459 -0.1388721 -0.1189119 -0.1151500 -0.1169305
C  0  1  20  1  0 11  -0.1583648 -0.1328260 -0.1289028 -0.1146179 -0.1302700 -0.1228774 -0.1053134 -0.1170765 -0.1654705 -0.0867204 -0.1254857 -0.1274849 -0.1064582 -0.1303867 -0.0829534 -0.0948596
C  0  1  20  1  0 12  -0.1141715 -0.1067348 -0.1430965 -0.0961130 -0.1657534 -0.1123036 -0.1394850 -0.1558347 -0.1671134 -0.1259506 -0.1198473 -0.1161032 -0.1171792 -0.1348683 -0.1484250 -0.1137947
C  0  1  20  1  0 13  -0.1160362 -0.1454982 -0.1266946 -0.1416087 -0.1257566 -0.1530749 -0.1597634 -0.1273139 -0.1350846 -0.1336477 -0.1596666 -0.1003963 -0.1735365 -0.0972276 -0.1797825 -0.1529070
C  0  1  20  1  0 14  -0.1609797 -0.1529571 -0.1377386 -0.1488369 -0.1726722 -0.1222158 -0.1324910 -0.2419221 -0.1217571 -0.1363856 -0.1479005 -0.1601569 -0.1670965 -0.0923058 -0.1480449 -0.1728957
C  0  1  20  1  0 15  -0.1060250 -0.1788375 -0.1762228 -0.1265123 -0.1613795 -0.1213753 -0.1410757 -0.1851380 -0.1887141 -0.1257276 -0.0731727 -0.1791704 -0.0906228 -0.1334132 -0.1108504 -0.1086187
C  0  1  20  1  0 16  -0.1356907 -0.2107794 -0.1478831 -0.1408846 -0.2032391 -0.1413732 -0.2022594 -0.2104817 -0.1383589 -0.2212098 -0.1439002 -0.1261253 -0.1513815 -0.1447226 -0.1741710 -0.1459805
C  0  1  20  1  0 17  -0.2124279 -0.2703132 -0.2079346 -0.3171019 -0.2714059 -0.2033465 -0.2173080 -0.2529731 -0.2274619 -0.2427051 -0.2328277 -0.2083493 -0.2163930 -0.3152597 -0.1825631 -0.2643604
C  0  1  20  1  0 18  -0.1955846 -0.2918952 -0.2767782 -0.2552469 -0.2419572 -0.2489233 -0.3001794 -0.2677768 -0.2887782 -0.2883669 -0.2242859 -0.2509894 -0.2984303 -0.1464416 -0.1946766 -0.1819222
C  0  1  20  1  0 19  -0.2369571 -0.2633353 -0.3074701 -0.2922534 -0.3271961 -0.3312897 -0.2774828 -0.2124911 -0.2623523 -0.2355889 -0.2164602 -0.2820073 -0.3011813 -0.2466093 -0.2656409 -0.2511377
C  0  1  20  1  0 20  -0.2557775 -0.3398843 -0.3217103 -0.3298410 -0.3207375 -0.2268424 -0.3524828 -0.3837257 -0.3375818 -0.3128918 -0.3553945 -0.2828448 -0.4026013 -0.2547724 -0.3016380 -0.3227866
C  0  1  20  1  0 21  -0.4556452 -0.3503181 -0.3482533 -0.4011815 -0.2613986 -0.2306269 -0.3514518 -0.2841402 -0.3765150 -0.3521968 -0.3274335 -0.4857889 -0.2501336 -0.3164569 -0.3665334 -0.3877197
C  0  1  20  1  1  0   0.0475419  0.0495898  0.0411689  0.0257338  0.0033597 -0.0197652 -0.0343411 -0.0421699 -0.0466912 -0.0348941 -0.0339084 -0.0188143  0.0043806  0.0056695  0.0239724  0.0355890
C  0  1  20  1  1  1   0.0252705  0.0222887  0.0175607  0.0099512  0.0033234 -0.0076578 -0.0166857 -0.0194844 -0.0177444 -0.0157458 -0.0157535 -0.0073435  0.0038425  0.0098865  0.0126355  0.0250393
C  0  1  20  1  1  2   0.0118174  0.0139695  0.0083980  0.0058241  0.0006168 -0.0039670 -0.0087681 -0.0085342 -0.0096554 -0.0058183 -0.0048535 -0.0038229  0.0006915  0.0032500  0.0046158  0.0107537
C  0  1  20  1  1  3   0.0079752  0.0063549  0.0020656  0.0049192  0.0006941 -0.0007277 -0.0043006 -0.0010343 -0.0003486 -0.0011295 -0.0019739 -0.0013574  0.0013369  0.0021406  0.0035744  0.0061058
C  0  1  20  1  1  4   0.0015230  0.0031243  0.0009404  0.0022655  0.0028227  0.0013765  0.0009540  0.0022085  0.0042077  0.0030022 -0.0001754 -0.0005406  0.0019512  0.0021501  0.0038202  0.0026363
C  0  1  20  1  1  5   0.0019578  0.0008192  0.0012477  0.0040757  0.0031216  0.0036991  0.0026763  0.0045118  0.0054785  0.0022428 -0.0003723 -0.0008850  0.0020608  0.0020913  0.0021021  0.0003400
C  0  1  20  1  1  6   0.0019257  0.0014382  0.0011422  0.0037604  0.0053490  0.0035378  0.0042613  0.0049738  0.0049122  0.0015158  0.0006557  0.0008984  0.0009460  0.0010471  0.0013931  0.0003298
C  0  1  20  1  1  7  -0.0018814  0.0011880  0.0016625  0.0043770  0.0042186  0.0041171  0.0052414  0.0028954  0.0037050  0.0007968 -0.0005747 -0.0001320  0.0012313  0.0014835  0.0009751 -0.0019062
C  0  1  20  1  1  8  -0.0007563  0.0005833  0.0013771  0.0014187  0.0045228  0.0041078  0.0053934  0.0055838  0.0051937  0.0017018  0.0007701  0.0002082  0.0014648  0.0009094  0.0016909 -0.0011583
C  0  1  20  1  1  9  -0.0000482  0.0024776  0.0021427  0.0029688  0.0023732  0.0027373  0.0038052  0.0032243  0.0029754  0.0000430  0.0016884  0.0009177  0.0016242 -0.0000412  0.0002249 -0.0016827
C  0  1  20  1  1 10  -0.0014173  0.0018043  0.0021893  0.0020127  0.0024837  0.0018535  0.0013521  0.0024061  0.0030927 -0.0001918 -0.0006843  0.0000774 -0.0006452 -0.0000216  0.0017708 -0.0011539
C  0  1  20  1  1 11   0.0002128  0.0019123  0.0014565  0.0021116  0.0030317  0.0003102  0.0010373  0.0014482  0.0021999  0.0013804 -0.0016400  0.0000483 -0.0001221 -0.0002539  0.0003392 -0.0018848
C  0  1  20  1  1 12  -0.0001364  0.0024357  0.0026077  0.0038325  0.0018668  0.0010212  0.0013067  0.0031553  0.0045904  0.0006970  0.0014045 -0.0002942  0.0006327 -0.0007160  0.0009525 -0.0010646
C  0  1  20  1  1 13  -0.0000629  0.0025660  0.0025156  0.0039062  0.0035043  0.0023525  0.0036688  0.0059371  0.0048183  0.0010525  0.0017150 -0.0000257  0.0001684 -0.0023647  0.0002494 -0.0024316
C  0  1  20  1  1 14  -0.0005662  0.0006472  0.0022654  0.0034220  0.0033486  0.0028565  0.0034383  0.0060196  0.0050761  0.0017930  0.0017967 -0.0006119 -0.0022718 -0.0020990 -0.0019909 -0.0028878
C  0  1  20  1  1 15  -0.0027971  0.0005939  0.0027307  0.0037013  0.0028891 -0.0009069  0.0025033  0.0041430  0.0059843  0.0037437  0.0016139 -0.0001307 -0.0031351 -0.0049492 -0.0061506 -0.0053140
C  0  1  20  1  1 16  -0.0021086  0.0013932  0.0030150  0.0052436  0.0039268  0.0013523  0.0041569  0.0037190  0.0042692  0.0054941  0.0027857  0.0024232 -0.0004229 -0.0013696 -0.0060081 -0.0045989
C  0  1  20  1  1 17  -0.0033689  0.0021721  0.0023235  0.0066788  0.0025727 -0.0004210  0.0012397  0.0031727  0.0043912  0.0051610  0.0057607  0.0015372 -0.0016684 -0.0043882 -0.0052840 -0.0048685
C  0  1  20  1  1 18   0.0011080  0.0078793  0.0056310  0.0054210  0.0029038 -0.0007686 -0.0019599 -0.0008038  0.0024014  0.0035723  0.0014382  0.0011032 -0.0018032 -0.0035267 -0.0069715 -0.0039129
C  0  1  20  1  1 19   0.0008808  0.0069982  0.0121929  0.0101181  0.0063757  0.0012230 -0.0024598 -0.0007827  0.0024597  0.0060376  0.0019924 -0.0006048 -0.0029009 -0.0041157 -0.0055729 -0.0023338
C  0  1  20  1  1 20   0.0015779  0.0149330  0.0173444  0.0132938  0.0059230  0.0049947 -0.0025182 -0.0015200  0.0003385  0.0056773  0.0011751 -0.0020829 -0.0062404 -0.0088703 -0.0050835 -0.0046047
C  0  1  20  1  1 21   0.0099680  0.0222038  0.0315322  0.0207504  0.0139568  0.0132072  0.0089633  0.0123255  0.0114479  0.0142356  0.0008530 -0.0014479 -0.0090659 -0.0174163 -0.0070775 -0.0009807
