CPHI 16 
CETA 22 -2.40 -2.10 -1.85 -1.60 -1.40 -1.20 -1.00 -0.80 -0.60 -0.40 -0.20  0.00  0.20  0.40  0.60  0.80  1.00  1.20  1.40  1.60  1.85  2.10  2.40 
RMIN  6 
RTRK 12 
RETA 11  0.00  0.20  0.40  0.60  0.80  1.00  1.20  1.40  1.60  1.85  2.10  2.40 
T 0 1  21  0  0  0    0.0000000   0.0006061   0.0016716   0.0031535   0.0123510   0.0691250   0.2778679   0.6535088   1.0000000   1.0000000   1.0000000   1.0000000   1.0000000
T 0 1  21  0  0  1    0.0000000   0.0001235   0.0005457   0.0024931   0.0125747   0.0591951   0.2267422   0.5881400   1.0000000   1.0000000   1.0000000   1.0000000   1.0000000
T 0 1  21  0  0  2    0.0000000   0.0001345   0.0005677   0.0017645   0.0107381   0.0554835   0.2097586   0.5746841   1.0000000   1.0000000   1.0000000   1.0000000   1.0000000
T 0 1  21  0  0  3    0.0000000   0.0001938   0.0005964   0.0016675   0.0115585   0.0628284   0.2259735   0.5875989   1.0000000   1.0000000   1.0000000   1.0000000   1.0000000
T 0 1  21  0  0  4    0.0000000   0.0004023   0.0025465   0.0141047   0.0626306   0.2036383   0.4884590   0.8212724   1.0000000   1.0000000   1.0000000   1.0000000   1.0000000
T 0 1  21  0  0  5    0.0000000   0.0010050   0.0076451   0.0512424   0.2054971   0.5330045   0.8762288   0.9993849   1.0000000   1.0000000   1.0000000   1.0000000   1.0000000
T 0 1  21  0  0  6    0.0000000   0.0002988   0.0012111   0.0100144   0.0669724   0.2767268   0.6627228   0.9312035   0.9982449   1.0000000   1.0000000   1.0000000   1.0000000
T 0 1  21  0  0  7    0.0000000   0.0000620   0.0004002   0.0009525   0.0046362   0.0309255   0.1196997   0.2977059   0.5818475   0.8701479   0.9845290   0.9998884   1.0000000
T 0 1  21  0  0  8    0.0000000   0.0000023   0.0000416   0.0001338   0.0004434   0.0010015   0.0042132   0.0249491   0.1189089   0.3937386   0.7897678   0.9691270   1.0000000
T 0 1  21  0  0  9    0.0000000   0.0000091   0.0000133   0.0000330   0.0005473   0.0035199   0.0184042   0.0865149   0.3028049   0.6590061   0.9391072   0.9999422   1.0000000
T 0 1  21  0  0 10    0.0000000   0.0066697   0.0290212   0.0467142   0.0796631   0.1694905   0.3386173   0.6895067   0.9104772   0.9700844   0.9998456   1.0000000   1.0000000
T 0 1  21  1  0  0    0.0000000   0.0005148   0.0016399   0.0047460   0.0213440   0.1017716   0.3374237   0.6994022   1.0000000   1.0000000   1.0000000   1.0000000   1.0000000
T 0 1  21  1  0  1    0.0000000   0.0002633   0.0010891   0.0042307   0.0181163   0.0752157   0.2537985   0.6193956   1.0000000   1.0000000   1.0000000   1.0000000   1.0000000
T 0 1  21  1  0  2    0.0000000   0.0002194   0.0008486   0.0027728   0.0124455   0.0616642   0.2339277   0.6064318   1.0000000   1.0000000   1.0000000   1.0000000   1.0000000
T 0 1  21  1  0  3    0.0000000   0.0002283   0.0008669   0.0027852   0.0140251   0.0700545   0.2491207   0.6198491   1.0000000   1.0000000   1.0000000   1.0000000   1.0000000
T 0 1  21  1  0  4    0.0000000   0.0004356   0.0027620   0.0153929   0.0663357   0.2155446   0.5058694   0.8320271   1.0000000   1.0000000   1.0000000   1.0000000   1.0000000
T 0 1  21  1  0  5    0.0000000   0.0011873   0.0094478   0.0577925   0.2246261   0.5586818   0.8900123   0.9996500   1.0000000   1.0000000   1.0000000   1.0000000   1.0000000
T 0 1  21  1  0  6    0.0000000   0.0004626   0.0026649   0.0180020   0.0942133   0.3329130   0.7236541   0.9536823   0.9988141   0.9999984   1.0000000   1.0000000   1.0000000
T 0 1  21  1  0  7    0.0000000   0.0002246   0.0006446   0.0024765   0.0123245   0.0526267   0.1570011   0.3413836   0.6074237   0.8728054   0.9849908   0.9998878   1.0000000
T 0 1  21  1  0  8    0.0000000   0.0009562   0.0014955   0.0017998   0.0022382   0.0036136   0.0107994   0.0452511   0.1686405   0.4573475   0.8251665   0.9710661   1.0000000
T 0 1  21  1  0  9    0.0000000   0.0021003   0.0074838   0.0131257   0.0159362   0.0198461   0.0401951   0.1288935   0.3661962   0.7154288   0.9583841   0.9999941   1.0000000
T 0 1  21  1  0 10    0.0000000   0.0032254   0.0170235   0.0428863   0.0843736   0.1746921   0.3942474   0.7474223   0.9511020   0.9856143   0.9999985   1.0000000   1.0000000
R 0 1  21  0  0  0    0.0218219   0.0218219   0.0103829   0.0104550   0.0102926   0.0101785   0.0100120   0.0098503   0.0098503   0.0098503   0.0098503   0.0098503
R 0 1  21  0  0  1    0.0117967   0.0117967   0.0117967   0.0117967   0.0110094   0.0109481   0.0109779   0.0108310   0.0108310   0.0108310   0.0108310   0.0108310
R 0 1  21  0  0  2    0.0125314   0.0125314   0.0125314   0.0125314   0.0119979   0.0119821   0.0118469   0.0116711   0.0116711   0.0116711   0.0116711   0.0116711
R 0 1  21  0  0  3    0.0132490   0.0132490   0.0132490   0.0132490   0.0127539   0.0125311   0.0123674   0.0122625   0.0122625   0.0122625   0.0122625   0.0122625
R 0 1  21  0  0  4    0.0189421   0.0189421   0.0189421   0.0175733   0.0169718   0.0158771   0.0145002   0.0130740   0.0130740   0.0130740   0.0130740   0.0130740
R 0 1  21  0  0  5    0.0203142   0.0203142   0.0193677   0.0191480   0.0187664   0.0180243   0.0169084   0.0169084   0.0169084   0.0169084   0.0169084   0.0169084
R 0 1  21  0  0  6    0.0202985   0.0202985   0.0202985   0.0203123   0.0207450   0.0207434   0.0207326   0.0204079   0.0204079   0.0204079   0.0204079   0.0204079
R 0 1  21  0  0  7    0.0216450   0.0216450   0.0216450   0.0216450   0.0206028   0.0211756   0.0211191   0.0209220   0.0205309   0.0196949   0.0196949   0.0196949
R 0 1  21  0  0  8    0.0210556   0.0210556   0.0210556   0.0210556   0.0210556   0.0210556   0.0210556   0.0210993   0.0210080   0.0208709   0.0202252   0.0187428
R 0 1  21  0  0  9    0.0305090   0.0305090   0.0305090   0.0305090   0.0305090   0.0305090   0.0296855   0.0288908   0.0274855   0.0264869   0.0249102   0.0249102
R 0 1  21  0  0 10    0.0773083   0.0717674   0.0628402   0.0540054   0.0477582   0.0439846   0.0407794   0.0355576   0.0337758   0.0305909   0.0305909   0.0305909
R 0 1  21  0  1  0    0.0000000   0.0000000   0.0000000   0.0000568   0.0000823   0.0000801   0.0000717   0.0000656   0.0000656   0.0000656   0.0000656   0.0000656
R 0 1  21  0  1  1    0.0000527   0.0000527   0.0000527   0.0000527   0.0000601   0.0000711   0.0000643   0.0000573   0.0000573   0.0000573   0.0000573   0.0000573
R 0 1  21  0  1  2    0.0000640   0.0000640   0.0000640   0.0000640   0.0000621   0.0000625   0.0000619   0.0000498   0.0000498   0.0000498   0.0000498   0.0000498
R 0 1  21  0  1  3    0.0000343   0.0000343   0.0000343   0.0000343   0.0000655   0.0000574   0.0000553   0.0000496   0.0000496   0.0000496   0.0000496   0.0000496
R 0 1  21  0  1  4    0.0000840   0.0000840   0.0000840   0.0000920   0.0000936   0.0000743   0.0000556   0.0000389   0.0000389   0.0000389   0.0000389   0.0000389
R 0 1  21  0  1  5    0.0001773   0.0001773   0.0000754   0.0000739   0.0000703   0.0000604   0.0000414   0.0000414   0.0000414   0.0000414   0.0000414   0.0000414
R 0 1  21  0  1  6    0.0000665   0.0000665   0.0000665   0.0000463   0.0000588   0.0000626   0.0000516   0.0000122   0.0000122   0.0000122   0.0000122   0.0000122
R 0 1  21  0  1  7    0.0001186   0.0001186   0.0001186   0.0001186   0.0000706   0.0000621   0.0000649   0.0000719   0.0000726   0.0000469   0.0000469   0.0000469
R 0 1  21  0  1  8    0.0000555   0.0000555   0.0000555   0.0000555   0.0000555   0.0000555   0.0000555   0.0001098   0.0001094   0.0000964   0.0000844   0.0000671
R 0 1  21  0  1  9    0.0002492   0.0002492   0.0002492   0.0002492   0.0002492   0.0002492   0.0002142   0.0002003   0.0001845   0.0001540   0.0001366   0.0001366
R 0 1  21  0  1 10    0.0014496   0.0011751   0.0009513   0.0007667   0.0006168   0.0004713   0.0003864   0.0002636   0.0001907   0.0001600   0.0001600   0.0001600
R 0 1  21  0  2  0    0.0000000   0.0000000   0.0000000   0.0000000   0.0000000   0.0000122   0.0000137   0.0000051   0.0000051   0.0000051   0.0000051   0.0000051
R 0 1  21  0  2  1    0.0000000   0.0000000   0.0000000   0.0000000   0.0000000   0.0000000   0.0000000   0.0000195   0.0000195   0.0000195   0.0000195   0.0000195
R 0 1  21  0  2  2    0.0000000   0.0000000   0.0000000   0.0000000   0.0000570   0.0000076   0.0000120   0.0000155   0.0000155   0.0000155   0.0000155   0.0000155
R 0 1  21  0  2  3    0.0000000   0.0000000   0.0000000   0.0000000   0.0000000   0.0000129   0.0000000   0.0000050   0.0000050   0.0000050   0.0000050   0.0000050
R 0 1  21  0  2  4    0.0000000   0.0000000   0.0000000   0.0000000   0.0000000   0.0000126   0.0000102   0.0000223   0.0000223   0.0000223   0.0000223   0.0000223
R 0 1  21  0  2  5    0.0000000   0.0000000   0.0000000   0.0000000   0.0000276   0.0000165   0.0000000   0.0000000   0.0000000   0.0000000   0.0000000   0.0000000
R 0 1  21  0  2  6    0.0000000   0.0000000   0.0000000   0.0000000   0.0000000   0.0000000   0.0000000   0.0000214   0.0000214   0.0000214   0.0000214   0.0000214
R 0 1  21  0  2  7    0.0000000   0.0000000   0.0000000   0.0000000   0.0000000   0.0000000   0.0000000   0.0000204   0.0000000   0.0000000   0.0000000   0.0000000
R 0 1  21  0  2  8    0.0000000   0.0000000   0.0000000   0.0000000   0.0000000   0.0000000   0.0000000   0.0000000   0.0000000   0.0000000   0.0000000   0.0000000
R 0 1  21  0  2  9    0.0000000   0.0000000   0.0000000   0.0000000   0.0000000   0.0000000   0.0000000   0.0000000   0.0000000   0.0000000   0.0000000   0.0000000
R 0 1  21  0  2 10    0.0000000   0.0000000   0.0000000   0.0000000   0.0000000   0.0000000   0.0000712   0.0001021   0.0000000   0.0000000   0.0000000   0.0000000
R 0 1  21  0  3  0    1.1662654   1.1662654   1.1793629   1.0275696   0.9970497   0.9847176   0.9810990   0.9826598   0.9826598   0.9826598   0.9826598   0.9826598
R 0 1  21  0  3  1    1.0099087   1.0099087   1.0099087   1.0099087   0.9915618   0.9852458   0.9801512   0.9783309   0.9783309   0.9783309   0.9783309   0.9783309
R 0 1  21  0  3  2    1.0151078   1.0151078   1.0151078   1.0151078   1.0050010   0.9866439   0.9805806   0.9802043   0.9802043   0.9802043   0.9802043   0.9802043
R 0 1  21  0  3  3    1.0145186   1.0145186   1.0145186   1.0145186   0.9986716   0.9847901   0.9800475   0.9812376   0.9812376   0.9812376   0.9812376   0.9812376
R 0 1  21  0  3  4    1.0146585   1.0146585   1.0146585   0.9823044   0.9777329   0.9745570   0.9766688   0.9864487   0.9864487   0.9864487   0.9864487   0.9864487
R 0 1  21  0  3  5    1.0137239   1.0137239   0.9956079   0.9832788   0.9748126   0.9704123   0.9754323   0.9754323   0.9754323   0.9754323   0.9754323   0.9754323
R 0 1  21  0  3  6    1.0186696   1.0186696   1.0186696   0.9996784   0.9879011   0.9838340   0.9823885   0.9929682   0.9929682   0.9929682   0.9929682   0.9929682
R 0 1  21  0  3  7    1.0453653   1.0453653   1.0453653   1.0453653   1.0165367   0.9955523   0.9905578   0.9871870   0.9858763   0.9874952   0.9874952   0.9874952
R 0 1  21  0  3  8    1.0333649   1.0333649   1.0333649   1.0333649   1.0333649   1.0333649   1.0333649   0.9951566   0.9829006   0.9820388   0.9875532   1.0202736
R 0 1  21  0  3  9    1.0322081   1.0322081   1.0322081   1.0322081   1.0322081   1.0322081   0.9887818   0.9771720   0.9741497   0.9844758   1.0052932   1.0052932
R 0 1  21  0  3 10    1.0403333   1.0240221   0.9986922   0.9861700   0.9755218   0.9704727   0.9695676   0.9705482   0.9930130   1.0037456   1.0037456   1.0037456
R 0 1  21  0  4  0    1.4528910   1.4528910   1.3942751   2.0524165   2.1964279   2.2911089   2.2379872   2.2711936   2.2711936   2.2711936   2.2711936   2.2711936
R 0 1  21  0  4  1    1.9878405   1.9878405   1.9878405   1.9878405   2.0998499   2.2339397   2.1976802   2.2022768   2.2022768   2.2022768   2.2022768   2.2022768
R 0 1  21  0  4  2    1.8796930   1.8796930   1.8796930   1.8796930   2.2474672   2.2753944   2.2163817   2.2094827   2.2094827   2.2094827   2.2094827   2.2094827
R 0 1  21  0  4  3    1.7904284   1.7904284   1.7904284   1.7904284   2.1913450   2.2409550   2.2092031   2.2327450   2.2327450   2.2327450   2.2327450   2.2327450
R 0 1  21  0  4  4    1.9294972   1.9294972   1.9294972   1.9941298   2.0861174   2.0802663   2.1862453   2.2912828   2.2912828   2.2912828   2.2912828   2.2912828
R 0 1  21  0  4  5    1.7129625   1.7129625   2.0802841   2.1700909   2.0955274   2.0392059   1.9996542   1.9996542   1.9996542   1.9996542   1.9996542   1.9996542
R 0 1  21  0  4  6    1.9209077   1.9209077   1.9209077   2.1647401   2.3150025   2.3637945   2.3209264   2.2633833   2.2633833   2.2633833   2.2633833   2.2633833
R 0 1  21  0  4  7    1.9297181   1.9297181   1.9297181   1.9297181   2.1748088   2.3462223   2.3501692   2.3771325   2.3675833   2.3450364   2.3450364   2.3450364
R 0 1  21  0  4  8    2.2919076   2.2919076   2.2919076   2.2919076   2.2919076   2.2919076   2.2919076   2.2835314   2.2208956   2.2297292   2.2540532   2.1944091
R 0 1  21  0  4  9    1.9829806   1.9829806   1.9829806   1.9829806   1.9829806   1.9829806   1.9659102   2.0702586   2.0570181   2.1857129   2.2025212   2.2025212
R 0 1  21  0  4 10    1.7997605   2.1490523   1.8763215   1.8856460   1.9593631   1.9594897   1.9694827   1.9657488   2.0342905   1.9868278   1.9868278   1.9868278
R 0 1  21  0  5  0    9.6310988   9.6310988   5.4260720   3.7301757   3.8838652   3.7513280   4.2519433   3.8861221   3.8861221   3.8861221   3.8861221   3.8861221
R 0 1  21  0  5  1    3.7978671   3.7978671   3.7978671   3.7978671   4.4425288   3.9264360   4.5051756   4.2753820   4.2753820   4.2753820   4.2753820   4.2753820
R 0 1  21  0  5  2    3.8724883   3.8724883   3.8724883   3.8724883   3.8802203   3.9743497   4.3464087   4.4494829   4.4494829   4.4494829   4.4494829   4.4494829
R 0 1  21  0  5  3    4.7168111   4.7168111   4.7168111   4.7168111   4.3865889   4.2298281   4.3528568   4.3747171   4.3747171   4.3747171   4.3747171   4.3747171
R 0 1  21  0  5  4    4.8603495   4.8603495   4.8603495   5.0684209   5.0590960   5.0332984   4.0402593   3.4530876   3.4530876   3.4530876   3.4530876   3.4530876
R 0 1  21  0  5  5    4.6610189   4.6610189   4.9106067   4.3691100   5.3786883   5.0443784   4.1233482   4.1233482   4.1233482   4.1233482   4.1233482   4.1233482
R 0 1  21  0  5  6    3.0798279   3.0798279   3.0798279   3.9777884   3.4808098   2.9111423   2.4244991   2.0518218   2.0518218   2.0518218   2.0518218   2.0518218
R 0 1  21  0  5  7    3.4054229   3.4054229   3.4054229   3.4054229   3.8252583   3.0678840   2.8845361   2.7486808   2.6591026   2.1069899   2.1069899   2.1069899
R 0 1  21  0  5  8    3.4349974   3.4349974   3.4349974   3.4349974   3.4349974   3.4349974   3.4349974   4.2807759   4.7104771   4.5115611   3.7009579   4.9581831
R 0 1  21  0  5  9    5.3815834   5.3815834   5.3815834   5.3815834   5.3815834   5.3815834   7.3265666   6.0154558   6.5827827   5.4587262   5.7648525   5.7648525
R 0 1  21  0  5 10    6.8148586   4.1669453   4.9184533   5.5729497   5.5067255   6.3999077   7.8419599   8.6124774   7.5166408   7.2909051   7.2909051   7.2909051
F  0  1  21  0  0  0    1.0201709   1.0233148   0.9981156   1.0147676   0.9514099   0.9824546   0.9855875   0.9935828   0.9880374   0.9871165   0.9871380
F  0  1  21  1  0  0    1.0663310   1.0550620   1.0837757   1.0856385   1.0311173   1.0708090   1.0721825   1.0636059   1.0394715   1.0682948   1.0856962
C  0  1  21  0  0  0  -0.2962893 -0.1261510 -0.1809919 -0.3283628 -0.3261634 -0.1616840 -0.1847259 -0.2450022 -0.2945129 -0.1004438 -0.2203674 -0.2154880 -0.0858027 -0.3111967 -0.4262003  0.0151524
C  0  1  21  0  0  1   0.0479956 -0.0980102 -0.0875164 -0.2330790 -0.1998737 -0.0032165 -0.1437195 -0.1832264  0.0641148 -0.1293938  0.0326870 -0.0817058 -0.2776626 -0.0794692 -0.1472157 -0.0319122
C  0  1  21  0  0  2  -0.0597884 -0.1363187 -0.0847943 -0.0927031  0.0279817 -0.0412252  0.0062736 -0.0575550 -0.0090686 -0.0337695 -0.0789844 -0.0131620 -0.0567567  0.0108457 -0.0523264 -0.1456595
C  0  1  21  0  0  3  -0.0776224 -0.0863004 -0.1448077 -0.1003288  0.0526847 -0.1256558 -0.1055053 -0.0279671  0.0000065 -0.1053028 -0.1251431 -0.1243331 -0.1622196 -0.1211795 -0.0831449 -0.0391311
C  0  1  21  0  0  4  -0.0356583 -0.1630231 -0.0464352 -0.1373657 -0.1045535 -0.0482860 -0.0053021 -0.0741663 -0.0357647 -0.0474010 -0.0590999 -0.0247408 -0.1443580 -0.1302222 -0.0559224 -0.1018074
C  0  1  21  0  0  5  -0.0140328  0.0197182 -0.0234824  0.0772029  0.0087153 -0.0425490 -0.0272654 -0.0519850  0.0350833  0.0564698 -0.0281592 -0.0238153 -0.0064479 -0.0117940  0.0900296 -0.0708147
C  0  1  21  0  0  6  -0.0742343  0.1306935  0.0312009  0.0002333 -0.0155543  0.1147386 -0.0317372 -0.0019644 -0.0612483 -0.0275300  0.0063381 -0.0040794 -0.1002690  0.0242246 -0.0455237  0.0864036
C  0  1  21  0  0  7  -0.0746768 -0.0192964 -0.0008252 -0.0973195  0.0302813  0.1081429  0.0671334 -0.0018443 -0.0888753  0.0088594  0.0814502 -0.0591414  0.0068531 -0.0495401  0.0257263 -0.0224716
C  0  1  21  0  0  8  -0.0136242  0.0231193  0.0569573  0.0078671 -0.0187601  0.0396789  0.0734022  0.0498096 -0.0226708 -0.0198020  0.0226317  0.0204316  0.0719492 -0.0161684 -0.0576040 -0.0947280
C  0  1  21  0  0  9  -0.0506044  0.0101416 -0.0245622  0.0284433  0.0761848  0.0531970 -0.0563423  0.0123118  0.0534356 -0.0045561  0.0667994  0.0261132 -0.0584840  0.0234368 -0.0087492  0.0559401
C  0  1  21  0  0 10  -0.0685361 -0.0225339  0.0669246  0.0764975 -0.0148969  0.0443827 -0.0944630 -0.0328168  0.0131314 -0.0434608  0.0188592  0.0800069 -0.0689724  0.0048387  0.0186355  0.0596891
C  0  1  21  0  0 11  -0.0630715 -0.0059352 -0.0425081  0.0227089  0.0658149  0.1030272  0.0511024  0.1003675  0.0153112 -0.0052765  0.0626682 -0.0121900  0.0160914 -0.0450072 -0.0493105 -0.0120321
C  0  1  21  0  0 12   0.0255314 -0.0304192 -0.0216751  0.0068411 -0.0112513  0.0691286  0.0600632 -0.0514918 -0.0215751  0.0622013  0.0417184 -0.0396811 -0.0765574 -0.1107745  0.0384451  0.0232493
C  0  1  21  0  0 13  -0.0104422 -0.0488216 -0.0692972  0.0188808 -0.0316724 -0.0764390  0.0212540 -0.0695160  0.0521233  0.0460413 -0.0037783 -0.0136931  0.0425245 -0.0666356  0.0052698  0.0195748
C  0  1  21  0  0 14  -0.0429478 -0.0156206  0.0098929 -0.0047371  0.0643755 -0.0411085  0.0342919  0.0122915 -0.0367654 -0.0355607  0.0582325 -0.0692761  0.0578674 -0.0102161 -0.0659351 -0.0153865
C  0  1  21  0  0 15  -0.0913496 -0.0313211  0.0051886  0.0777480  0.0495840 -0.0298256 -0.0379323  0.1057662  0.0355969 -0.0488171 -0.0563851 -0.1144364 -0.0238946  0.0584239 -0.0492933 -0.0281271
C  0  1  21  0  0 16   0.0742785  0.0276623  0.0558786 -0.0610673 -0.0335344 -0.0380441 -0.0051286  0.0586110 -0.0115551  0.1015770  0.0256194 -0.0501252 -0.0053523 -0.0638445 -0.1211492  0.0380621
C  0  1  21  0  0 17  -0.0931702 -0.1551513 -0.1939377 -0.1701231 -0.1270378 -0.0417809 -0.0013847 -0.0354913 -0.0304244 -0.0168196 -0.0922395 -0.0291528 -0.0789604 -0.2664514 -0.0607662  0.0761887
C  0  1  21  0  0 18  -0.2351237 -0.0975031 -0.0206495 -0.0999218 -0.2003365 -0.0541836 -0.0502395 -0.0069182 -0.0166311  0.0703426 -0.0440892 -0.1116170 -0.0469741 -0.1244681 -0.1694462 -0.0773328
C  0  1  21  0  0 19  -0.0059061 -0.1567237 -0.1576967 -0.0653459 -0.0867963 -0.0415875 -0.1889475 -0.0222718 -0.0503813 -0.1607156 -0.1283394 -0.0710692 -0.0430409 -0.1183062 -0.0403562 -0.1415583
C  0  1  21  0  0 20  -0.0391295 -0.0993511 -0.0712399 -0.1348983 -0.1295144 -0.1818309 -0.1755525 -0.1305051 -0.1901859 -0.1164969 -0.3120298  0.0696496 -0.0237811 -0.1947851 -0.2265356 -0.1932935
C  0  1  21  0  0 21  -0.3722780 -0.1298639 -0.2622083 -0.0933099 -0.2270371 -0.1811360 -0.2428470 -0.0181606 -0.1227306 -0.0766567 -0.2736612 -0.2658713 -0.3800497 -0.3610441 -0.3013983 -0.2353728
C  0  1  21  0  1  0  -0.0035360  0.0002008 -0.0001103 -0.0025970 -0.0055512  0.0020795  0.0032427  0.0023718  0.0003366 -0.0007933 -0.0032182  0.0047007  0.0050478  0.0076059  0.0057785  0.0064736
C  0  1  21  0  1  1   0.0018717  0.0032113 -0.0034527 -0.0010373 -0.0009149 -0.0010454  0.0042282 -0.0004401  0.0020032 -0.0021854 -0.0001721 -0.0038734 -0.0003204  0.0041185  0.0018928  0.0031866
C  0  1  21  0  1  2   0.0016270 -0.0032030 -0.0002889  0.0010801 -0.0022942  0.0012802 -0.0015118  0.0008567 -0.0019800  0.0002375 -0.0000668 -0.0004797  0.0009693 -0.0023828 -0.0020071  0.0005427
C  0  1  21  0  1  3   0.0018308 -0.0018589 -0.0004620 -0.0028010 -0.0021523  0.0009647  0.0029198  0.0003033 -0.0033780 -0.0037534 -0.0025946 -0.0005005  0.0011978 -0.0023928  0.0014723  0.0042589
C  0  1  21  0  1  4   0.0025443 -0.0013730 -0.0003587  0.0005858  0.0003131  0.0001724 -0.0003790  0.0002545  0.0018659 -0.0011719 -0.0012897 -0.0005020  0.0021632 -0.0006625 -0.0013671 -0.0034243
C  0  1  21  0  1  5   0.0014011 -0.0005977 -0.0026072  0.0018332  0.0002307 -0.0001354 -0.0014465  0.0014245  0.0002109 -0.0017319  0.0022178 -0.0003283 -0.0011411 -0.0003581 -0.0013562  0.0005675
C  0  1  21  0  1  6   0.0017947 -0.0011286 -0.0015762  0.0007301 -0.0005181 -0.0000284 -0.0017859 -0.0011444  0.0003639 -0.0018839 -0.0003036 -0.0005773 -0.0016598 -0.0003702  0.0013890  0.0005168
C  0  1  21  0  1  7   0.0006941 -0.0013545  0.0018583 -0.0009074  0.0007191  0.0009966 -0.0014780  0.0002313  0.0009912 -0.0042062  0.0032893 -0.0030239 -0.0013759  0.0014151 -0.0002737  0.0004810
C  0  1  21  0  1  8   0.0016290  0.0008716 -0.0000342 -0.0003771  0.0008670  0.0016347 -0.0000952  0.0010661  0.0015506  0.0008100  0.0000185 -0.0020622 -0.0015443  0.0003249 -0.0012727  0.0014925
C  0  1  21  0  1  9  -0.0026495  0.0011924  0.0000312 -0.0001299  0.0001193 -0.0008782  0.0001073  0.0004532 -0.0018687 -0.0007277 -0.0022959 -0.0013063 -0.0012050  0.0004609 -0.0016941  0.0018835
C  0  1  21  0  1 10  -0.0000365 -0.0009138  0.0003709  0.0003316  0.0001361 -0.0012232 -0.0002536 -0.0002319 -0.0019841 -0.0013861 -0.0018871  0.0006657 -0.0016221 -0.0008548 -0.0008333  0.0003156
C  0  1  21  0  1 11   0.0012376 -0.0009412  0.0003176  0.0010564 -0.0000002 -0.0005527 -0.0028894 -0.0012698 -0.0048218 -0.0002807 -0.0009819 -0.0025524 -0.0001672 -0.0007416  0.0000204 -0.0010114
C  0  1  21  0  1 12  -0.0002808 -0.0001908 -0.0002501 -0.0005702  0.0009201  0.0010472  0.0001239 -0.0010708  0.0009232 -0.0010193 -0.0004563  0.0025908 -0.0017877 -0.0020401  0.0004201  0.0005867
C  0  1  21  0  1 13   0.0032684 -0.0019024 -0.0000995  0.0016575  0.0023357 -0.0006221 -0.0020257 -0.0000276 -0.0003301 -0.0015726 -0.0020529 -0.0026163 -0.0012242  0.0000624  0.0006619  0.0016907
C  0  1  21  0  1 14   0.0033252  0.0009793  0.0011302  0.0023828  0.0020436  0.0020172 -0.0014347  0.0006631 -0.0009763 -0.0008032  0.0013284  0.0001408  0.0016725 -0.0002536 -0.0007182  0.0007747
C  0  1  21  0  1 15   0.0035038 -0.0007049 -0.0001953 -0.0001459  0.0016078  0.0018104  0.0014922  0.0001056 -0.0002969 -0.0022693 -0.0005882  0.0008101 -0.0013372  0.0004443  0.0007588  0.0001202
C  0  1  21  0  1 16   0.0023324  0.0023809  0.0006038  0.0026197 -0.0021787  0.0019680 -0.0000628  0.0007786  0.0005046 -0.0030043 -0.0005157 -0.0004374 -0.0014280 -0.0005775  0.0018429  0.0023305
C  0  1  21  0  1 17   0.0008146 -0.0040970  0.0013370  0.0021609  0.0024813  0.0035094  0.0039027  0.0028480  0.0000537  0.0015716  0.0026679 -0.0007100 -0.0008864 -0.0005827  0.0058530  0.0041632
C  0  1  21  0  1 18   0.0031013  0.0064040  0.0008439  0.0010581 -0.0001649  0.0001760  0.0041657  0.0010935  0.0006236  0.0031852  0.0038722  0.0007346  0.0000006  0.0007383  0.0085427  0.0053744
C  0  1  21  0  1 19   0.0018119  0.0015850  0.0007012  0.0014989 -0.0007624  0.0002007  0.0039087  0.0008735  0.0027019  0.0008776  0.0008542  0.0009361  0.0008679  0.0026699  0.0027267  0.0034760
C  0  1  21  0  1 20   0.0052919  0.0058597  0.0065115  0.0006097 -0.0025217  0.0058079  0.0029914  0.0025820  0.0052376  0.0004196  0.0013143 -0.0009069  0.0028571  0.0037306  0.0061386  0.0045756
C  0  1  21  0  1 21   0.0143730  0.0109566  0.0090657  0.0015892 -0.0025606 -0.0053850 -0.0054157 -0.0030696 -0.0008988 -0.0056062 -0.0034872  0.0067541 -0.0018030  0.0041475  0.0078745  0.0013859
C  0  1  21  1  0  0  -0.4410350 -0.2961063 -0.3158154 -0.3323077 -0.2125932 -0.4449443 -0.3812161 -0.3495914 -0.2964691 -0.2322821 -0.3706002 -0.4647117 -0.3932255 -0.4739694 -0.3702609 -0.4617239
C  0  1  21  1  0  1  -0.2961626 -0.3138757 -0.2744949 -0.2536070 -0.2914441 -0.3399639 -0.2859532 -0.2605629 -0.3054138 -0.2293388 -0.2722673 -0.3528260 -0.3537357 -0.3712854 -0.3814886 -0.3457747
C  0  1  21  1  0  2  -0.3112846 -0.2891424 -0.2351158 -0.2979611 -0.2947055 -0.2363621 -0.2817443 -0.2307990 -0.2225875 -0.2487203 -0.2860289 -0.2939736 -0.3415402 -0.3449429 -0.3082496 -0.3257802
C  0  1  21  1  0  3  -0.3186895 -0.3128355 -0.2907603 -0.2801355 -0.2308903 -0.2117272 -0.1868389 -0.1230895 -0.1725778 -0.2041661 -0.2647289 -0.2724698 -0.2503930 -0.2819855 -0.2883255 -0.2472231
C  0  1  21  1  0  4  -0.2942478 -0.2978298 -0.3047344 -0.2795777 -0.2684822 -0.2224473 -0.2604550 -0.2766343 -0.2168159 -0.2037601 -0.2201758 -0.2978268 -0.3186700 -0.2458321 -0.3222883 -0.3123426
C  0  1  21  1  0  5  -0.1979205 -0.1393921 -0.2118285 -0.1392374 -0.1390066 -0.1593093 -0.1725890 -0.1834938 -0.1486775 -0.1601596 -0.1823455 -0.1874468 -0.1967432 -0.1448898 -0.1390106 -0.1756722
C  0  1  21  1  0  6  -0.1331763 -0.1215608 -0.1721110 -0.1627655 -0.1081751 -0.0884282 -0.1077615 -0.1280296 -0.1400421 -0.1008567 -0.0775314 -0.1213040 -0.1013673 -0.1107016 -0.1179600 -0.1792073
C  0  1  21  1  0  7  -0.1397320 -0.1547140 -0.1758755 -0.1097208 -0.1278647 -0.1730063 -0.1571751 -0.1147726 -0.1270979 -0.0904686 -0.0807499 -0.1642814 -0.1229039 -0.1478620 -0.1524381 -0.1302971
C  0  1  21  1  0  8  -0.1975210 -0.1251684 -0.1570585 -0.1401288 -0.1716154 -0.1528319 -0.1465192 -0.1653402 -0.1758794 -0.1554519 -0.1278374 -0.1616080 -0.1207775 -0.1755843 -0.1710985 -0.1378481
C  0  1  21  1  0  9  -0.1209944 -0.1258607 -0.1000876 -0.1734414 -0.1164590 -0.1474646 -0.1380326 -0.1820091 -0.1027408 -0.0995565 -0.0842596 -0.1379610 -0.0923026 -0.1030319 -0.1353802 -0.1539924
C  0  1  21  1  0 10  -0.1815705 -0.0966654 -0.1359552 -0.1545435 -0.1273892 -0.1183336 -0.1560984 -0.1292248 -0.1041539 -0.1380130 -0.1433930 -0.1577507 -0.1185799 -0.1573766 -0.1466005 -0.1333019
C  0  1  21  1  0 11  -0.1438519 -0.1241588 -0.1420729 -0.0818101 -0.1168005 -0.1464093 -0.0996020 -0.1095025 -0.1414172 -0.1119440 -0.1206453 -0.1412181 -0.1395348 -0.1751056 -0.0914020 -0.1246236
C  0  1  21  1  0 12  -0.1240661 -0.0940680 -0.1475719 -0.0892675 -0.1162212 -0.1195427 -0.1485703 -0.2019923 -0.1095821 -0.1163859 -0.1361994 -0.0844483 -0.1036517 -0.1189719 -0.0982197 -0.1232356
C  0  1  21  1  0 13  -0.1143117 -0.1653930 -0.1916213 -0.1395964 -0.1427360 -0.1803642 -0.1477940 -0.1454570 -0.1023578 -0.1191285 -0.1543291 -0.1211838 -0.1684777 -0.1407548 -0.1654577 -0.1166462
C  0  1  21  1  0 14  -0.1508179 -0.1158368 -0.1409420 -0.1591826 -0.1531545 -0.1174073 -0.1664666 -0.1865948 -0.1514446 -0.1280078 -0.1560104 -0.1360596 -0.1526129 -0.0883115 -0.1548304 -0.1954047
C  0  1  21  1  0 15  -0.0907430 -0.1827639 -0.1153050 -0.1143390 -0.1766615 -0.1069592 -0.0958457 -0.1604282 -0.1400714 -0.1330522 -0.1423435 -0.1312499 -0.1028220 -0.0767432 -0.0610113 -0.1605426
C  0  1  21  1  0 16  -0.1881108 -0.1269113 -0.1690579 -0.1462356 -0.1617693 -0.1723293 -0.2065851 -0.1852761 -0.1756401 -0.2055178 -0.1003670 -0.1257145 -0.1461502 -0.1471857 -0.1710129 -0.1059039
C  0  1  21  1  0 17  -0.2212478 -0.2963595 -0.1977688 -0.2545737 -0.2398980 -0.2899481 -0.2993581 -0.2723842 -0.2622597 -0.2681940 -0.2682976 -0.2288119 -0.2395075 -0.3190768 -0.2785971 -0.2860211
C  0  1  21  1  0 18  -0.2575939 -0.2531380 -0.2461121 -0.2963707 -0.2459965 -0.2235821 -0.3039457 -0.2068742 -0.2327399 -0.1990805 -0.2721637 -0.2359221 -0.2617675 -0.1694900 -0.1455973 -0.2455475
C  0  1  21  1  0 19  -0.2598956 -0.2273062 -0.2606547 -0.3117119 -0.2656998 -0.2593192 -0.2208663 -0.2029066 -0.2803970 -0.2989523 -0.1972158 -0.2389043 -0.2418472 -0.2471377 -0.2879546 -0.2287806
C  0  1  21  1  0 20  -0.2194768 -0.3319894 -0.3720591 -0.3448753 -0.3355530 -0.2289354 -0.3322713 -0.3605596 -0.3689934 -0.2215495 -0.3230792 -0.3266272 -0.3844264 -0.2539460 -0.2514299 -0.2675413
C  0  1  21  1  0 21  -0.4268318 -0.3432775 -0.4235472 -0.3529576 -0.2720765 -0.3273106 -0.3317573 -0.3631502 -0.4210866 -0.2989808 -0.2811986 -0.3543744 -0.2650219 -0.4082487 -0.3385952 -0.4229012
C  0  1  21  1  1  0   0.0464304  0.0495104  0.0416721  0.0249724  0.0038896 -0.0206783 -0.0311346 -0.0440339 -0.0464814 -0.0360976 -0.0308081 -0.0186270  0.0036906  0.0067913  0.0248658  0.0359727
C  0  1  21  1  1  1   0.0249722  0.0215818  0.0169786  0.0103151  0.0017372 -0.0081973 -0.0147873 -0.0191950 -0.0182501 -0.0148424 -0.0158432 -0.0066766  0.0027509  0.0089881  0.0107672  0.0235755
C  0  1  21  1  1  2   0.0119921  0.0128070  0.0087144  0.0072327  0.0016515 -0.0032310 -0.0079579 -0.0076484 -0.0099725 -0.0071582 -0.0061264 -0.0038432 -0.0002283  0.0028855  0.0043079  0.0097943
C  0  1  21  1  1  3   0.0061634  0.0067237  0.0019033  0.0043727  0.0012042  0.0007687 -0.0047711 -0.0030734  0.0001822 -0.0010351 -0.0022393 -0.0008690  0.0011559  0.0018157  0.0024068  0.0058961
C  0  1  21  1  1  4   0.0011572  0.0024154  0.0000087 -0.0001414  0.0025300  0.0003467  0.0011184  0.0016020  0.0035295  0.0029459 -0.0014420 -0.0010227  0.0016987  0.0024342  0.0032634  0.0009379
C  0  1  21  1  1  5   0.0008116  0.0007354  0.0001231  0.0033164  0.0017846  0.0034883  0.0024852  0.0039906  0.0051975  0.0029143 -0.0008899 -0.0012234  0.0015262  0.0019331  0.0019010 -0.0007488
C  0  1  21  1  1  6   0.0003421  0.0015167  0.0009231  0.0035903  0.0039902  0.0036865  0.0049910  0.0038827  0.0036067  0.0007671 -0.0001316 -0.0006077  0.0004822  0.0000347  0.0004175 -0.0007983
C  0  1  21  1  1  7  -0.0016962  0.0006050  0.0024451  0.0034036  0.0041274  0.0041240  0.0051430  0.0031164  0.0026236  0.0006617 -0.0004789 -0.0006964  0.0011169  0.0004812  0.0000767 -0.0007476
C  0  1  21  1  1  8  -0.0004709  0.0006841  0.0028004  0.0021322  0.0053398  0.0040349  0.0047717  0.0046286  0.0055350  0.0017299  0.0008464  0.0002780  0.0017873  0.0019959  0.0019590 -0.0008386
C  0  1  21  1  1  9   0.0015177  0.0026436  0.0014842  0.0030698  0.0022531  0.0036577  0.0035388  0.0038043  0.0025040 -0.0004899  0.0013642  0.0008778  0.0015087  0.0002358 -0.0002730 -0.0022276
C  0  1  21  1  1 10  -0.0013708  0.0019082  0.0011344  0.0018598  0.0024794  0.0008381  0.0021158  0.0023849  0.0029441  0.0002045 -0.0008319  0.0000808 -0.0009288 -0.0004805  0.0016887 -0.0012863
C  0  1  21  1  1 11  -0.0000615  0.0015525  0.0006095  0.0019969  0.0023202 -0.0006196  0.0008513  0.0019784  0.0028054  0.0009839 -0.0019261 -0.0000101 -0.0004989 -0.0003280  0.0002850 -0.0021384
C  0  1  21  1  1 12   0.0000204  0.0019365  0.0021924  0.0044064  0.0015903  0.0008413  0.0005314  0.0025199  0.0042115  0.0008004  0.0016630  0.0005419  0.0002723 -0.0001868  0.0010458 -0.0016723
C  0  1  21  1  1 13   0.0008014  0.0020283  0.0029434  0.0029746  0.0021054  0.0025443  0.0032143  0.0063011  0.0052611  0.0018473  0.0015935 -0.0001682  0.0001088 -0.0016593  0.0007503 -0.0010264
C  0  1  21  1  1 14  -0.0011982  0.0005066  0.0022449  0.0039742  0.0038923  0.0020486  0.0037633  0.0055999  0.0048005  0.0020516  0.0017829 -0.0008247 -0.0020925 -0.0013114 -0.0020489 -0.0026350
C  0  1  21  1  1 15  -0.0022696 -0.0001741  0.0018095  0.0023703  0.0036675 -0.0015030  0.0021329  0.0024340  0.0058506  0.0032005  0.0018107  0.0000422 -0.0027523 -0.0068012 -0.0053730 -0.0057594
C  0  1  21  1  1 16  -0.0013072  0.0011923  0.0047367  0.0047151  0.0030038  0.0008328  0.0033002  0.0035362  0.0035068  0.0058026  0.0029545  0.0023770 -0.0013300 -0.0021972 -0.0048113 -0.0056005
C  0  1  21  1  1 17  -0.0039540  0.0018819  0.0019406  0.0061523  0.0029315 -0.0012431  0.0007683  0.0035120  0.0033990  0.0038481  0.0035571  0.0020305 -0.0022510 -0.0051796 -0.0057764 -0.0055775
C  0  1  21  1  1 18   0.0005149  0.0075118  0.0062246  0.0071315  0.0046561 -0.0005329 -0.0011186 -0.0006840  0.0039838  0.0045923  0.0017569  0.0010386 -0.0014786 -0.0037621 -0.0056241 -0.0050296
C  0  1  21  1  1 19   0.0026038  0.0089432  0.0128436  0.0097210  0.0063147  0.0018673 -0.0033955 -0.0006415  0.0027703  0.0051954  0.0024625 -0.0006016 -0.0035136 -0.0050005 -0.0057547 -0.0020131
C  0  1  21  1  1 20   0.0012671  0.0156170  0.0169364  0.0139006  0.0056813  0.0029542 -0.0020485  0.0003151  0.0019949  0.0053258  0.0023518 -0.0027492 -0.0068560 -0.0081226 -0.0054328 -0.0055043
C  0  1  21  1  1 21   0.0091480  0.0209564  0.0310891  0.0237473  0.0169421  0.0185213  0.0090728  0.0119569  0.0113678  0.0133902  0.0029446 -0.0024354 -0.0089291 -0.0176859 -0.0071888 -0.0004973
