CPHI 16 
CETA 22 -2.40 -2.10 -1.85 -1.60 -1.40 -1.20 -1.00 -0.80 -0.60 -0.40 -0.20  0.00  0.20  0.40  0.60  0.80  1.00  1.20  1.40  1.60  1.85  2.10  2.40 
RMIN  6 
RTRK 12 
RETA 11  0.00  0.20  0.40  0.60  0.80  1.00  1.20  1.40  1.60  1.85  2.10  2.40 
T 0 1  22  0  0  0    0.0000000   0.0006120   0.0016925   0.0032167   0.0124743   0.0691536   0.2775547   0.6535580   1.0000000   1.0000000   1.0000000   1.0000000   1.0000000
T 0 1  22  0  0  1    0.0000000   0.0001471   0.0005373   0.0023422   0.0124067   0.0588476   0.2262204   0.5883221   1.0000000   1.0000000   1.0000000   1.0000000   1.0000000
T 0 1  22  0  0  2    0.0000000   0.0001462   0.0005561   0.0017810   0.0107577   0.0556086   0.2099028   0.5740705   1.0000000   1.0000000   1.0000000   1.0000000   1.0000000
T 0 1  22  0  0  3    0.0000000   0.0001810   0.0006105   0.0018385   0.0117287   0.0629166   0.2255513   0.5860187   1.0000000   1.0000000   1.0000000   1.0000000   1.0000000
T 0 1  22  0  0  4    0.0000000   0.0003850   0.0024673   0.0143211   0.0627591   0.2038973   0.4893286   0.8226389   1.0000000   1.0000000   1.0000000   1.0000000   1.0000000
T 0 1  22  0  0  5    0.0000000   0.0009572   0.0073497   0.0514608   0.2054719   0.5329871   0.8764318   0.9994111   1.0000000   1.0000000   1.0000000   1.0000000   1.0000000
T 0 1  22  0  0  6    0.0000000   0.0003105   0.0012281   0.0103729   0.0677141   0.2777660   0.6643533   0.9310902   0.9981293   1.0000000   1.0000000   1.0000000   1.0000000
T 0 1  22  0  0  7    0.0000000   0.0000581   0.0003816   0.0008839   0.0048260   0.0306155   0.1191275   0.2974961   0.5814172   0.8690657   0.9841813   0.9998736   1.0000000
T 0 1  22  0  0  8    0.0000000   0.0000015   0.0000346   0.0001121   0.0003724   0.0009790   0.0041635   0.0250766   0.1194942   0.3929129   0.7890488   0.9690685   1.0000000
T 0 1  22  0  0  9    0.0000000   0.0000046   0.0000046   0.0000253   0.0005896   0.0036108   0.0182825   0.0861264   0.3020703   0.6588123   0.9386838   0.9999282   1.0000000
T 0 1  22  0  0 10    0.0000000   0.0066926   0.0291917   0.0468422   0.0798695   0.1685478   0.3382126   0.6901535   0.9104999   0.9700962   0.9998338   1.0000000   1.0000000
T 0 1  22  1  0  0    0.0000000   0.0005148   0.0016399   0.0047460   0.0213440   0.1017716   0.3374237   0.6994022   1.0000000   1.0000000   1.0000000   1.0000000   1.0000000
T 0 1  22  1  0  1    0.0000000   0.0002633   0.0010891   0.0042307   0.0181163   0.0752157   0.2537985   0.6193956   1.0000000   1.0000000   1.0000000   1.0000000   1.0000000
T 0 1  22  1  0  2    0.0000000   0.0002194   0.0008486   0.0027728   0.0124455   0.0616642   0.2339277   0.6064318   1.0000000   1.0000000   1.0000000   1.0000000   1.0000000
T 0 1  22  1  0  3    0.0000000   0.0002283   0.0008669   0.0027852   0.0140251   0.0700545   0.2491207   0.6198491   1.0000000   1.0000000   1.0000000   1.0000000   1.0000000
T 0 1  22  1  0  4    0.0000000   0.0004356   0.0027620   0.0153929   0.0663357   0.2155446   0.5058694   0.8320271   1.0000000   1.0000000   1.0000000   1.0000000   1.0000000
T 0 1  22  1  0  5    0.0000000   0.0011873   0.0094478   0.0577925   0.2246261   0.5586818   0.8900123   0.9996500   1.0000000   1.0000000   1.0000000   1.0000000   1.0000000
T 0 1  22  1  0  6    0.0000000   0.0004626   0.0026649   0.0180020   0.0942133   0.3329130   0.7236541   0.9536823   0.9988141   0.9999984   1.0000000   1.0000000   1.0000000
T 0 1  22  1  0  7    0.0000000   0.0002246   0.0006446   0.0024765   0.0123245   0.0526267   0.1570011   0.3413836   0.6074237   0.8728054   0.9849908   0.9998878   1.0000000
T 0 1  22  1  0  8    0.0000000   0.0009562   0.0014955   0.0017998   0.0022382   0.0036136   0.0107994   0.0452511   0.1686405   0.4573475   0.8251665   0.9710661   1.0000000
T 0 1  22  1  0  9    0.0000000   0.0021003   0.0074838   0.0131257   0.0159362   0.0198461   0.0401951   0.1288935   0.3661962   0.7154288   0.9583841   0.9999941   1.0000000
T 0 1  22  1  0 10    0.0000000   0.0032254   0.0170235   0.0428863   0.0843736   0.1746921   0.3942474   0.7474223   0.9511020   0.9856143   0.9999985   1.0000000   1.0000000
R 0 1  22  0  0  0    0.0234815   0.0234815   0.0120958   0.0105712   0.0102838   0.0101657   0.0100030   0.0098827   0.0098827   0.0098827   0.0098827   0.0098827
R 0 1  22  0  0  1    0.0118852   0.0118852   0.0118852   0.0118852   0.0110069   0.0108855   0.0109653   0.0108457   0.0108457   0.0108457   0.0108457   0.0108457
R 0 1  22  0  0  2    0.0122327   0.0122327   0.0122327   0.0122327   0.0121049   0.0120229   0.0118634   0.0116688   0.0116688   0.0116688   0.0116688   0.0116688
R 0 1  22  0  0  3    0.0135371   0.0135371   0.0135371   0.0135371   0.0126664   0.0125457   0.0124296   0.0122197   0.0122197   0.0122197   0.0122197   0.0122197
R 0 1  22  0  0  4    0.0187353   0.0187353   0.0187353   0.0174235   0.0169359   0.0158923   0.0144952   0.0131056   0.0131056   0.0131056   0.0131056   0.0131056
R 0 1  22  0  0  5    0.0210721   0.0210721   0.0193391   0.0191000   0.0187162   0.0180739   0.0168757   0.0168757   0.0168757   0.0168757   0.0168757   0.0168757
R 0 1  22  0  0  6    0.0198367   0.0198367   0.0198367   0.0203461   0.0208100   0.0207221   0.0209015   0.0207377   0.0207377   0.0207377   0.0207377   0.0207377
R 0 1  22  0  0  7    0.0209516   0.0209516   0.0209516   0.0209516   0.0203318   0.0210742   0.0212463   0.0209857   0.0205768   0.0197745   0.0197745   0.0197745
R 0 1  22  0  0  8    0.0214796   0.0214796   0.0214796   0.0214796   0.0214796   0.0214796   0.0214796   0.0210015   0.0209817   0.0209718   0.0202568   0.0186411
R 0 1  22  0  0  9    0.0308518   0.0308518   0.0308518   0.0308518   0.0308518   0.0308518   0.0296481   0.0287081   0.0274631   0.0264769   0.0248182   0.0248182
R 0 1  22  0  0 10    0.0755953   0.0723920   0.0613578   0.0537833   0.0472762   0.0439753   0.0409310   0.0356869   0.0335307   0.0301805   0.0301805   0.0301805
R 0 1  22  0  1  0    0.0000000   0.0000000   0.0000000   0.0000600   0.0000792   0.0000792   0.0000728   0.0000658   0.0000658   0.0000658   0.0000658   0.0000658
R 0 1  22  0  1  1    0.0000706   0.0000706   0.0000706   0.0000706   0.0000614   0.0000722   0.0000632   0.0000555   0.0000555   0.0000555   0.0000555   0.0000555
R 0 1  22  0  1  2    0.0000509   0.0000509   0.0000509   0.0000509   0.0000733   0.0000650   0.0000611   0.0000504   0.0000504   0.0000504   0.0000504   0.0000504
R 0 1  22  0  1  3    0.0000740   0.0000740   0.0000740   0.0000740   0.0000603   0.0000540   0.0000567   0.0000490   0.0000490   0.0000490   0.0000490   0.0000490
R 0 1  22  0  1  4    0.0001154   0.0001154   0.0001154   0.0000835   0.0000920   0.0000764   0.0000543   0.0000463   0.0000463   0.0000463   0.0000463   0.0000463
R 0 1  22  0  1  5    0.0002017   0.0002017   0.0000734   0.0000709   0.0000653   0.0000631   0.0000464   0.0000464   0.0000464   0.0000464   0.0000464   0.0000464
R 0 1  22  0  1  6    0.0000848   0.0000848   0.0000848   0.0000363   0.0000597   0.0000548   0.0000507   0.0000367   0.0000367   0.0000367   0.0000367   0.0000367
R 0 1  22  0  1  7    0.0000000   0.0000000   0.0000000   0.0000000   0.0000522   0.0000659   0.0000707   0.0000769   0.0000754   0.0000604   0.0000604   0.0000604
R 0 1  22  0  1  8    0.0001230   0.0001230   0.0001230   0.0001230   0.0001230   0.0001230   0.0001230   0.0001075   0.0001054   0.0001004   0.0000821   0.0000824
R 0 1  22  0  1  9    0.0002204   0.0002204   0.0002204   0.0002204   0.0002204   0.0002204   0.0002061   0.0001972   0.0001777   0.0001548   0.0001518   0.0001518
R 0 1  22  0  1 10    0.0011476   0.0012358   0.0009021   0.0007607   0.0005658   0.0004729   0.0004026   0.0002626   0.0002078   0.0001148   0.0001148   0.0001148
R 0 1  22  0  2  0    0.0000000   0.0000000   0.0000000   0.0000000   0.0000000   0.0000106   0.0000114   0.0000000   0.0000000   0.0000000   0.0000000   0.0000000
R 0 1  22  0  2  1    0.0000000   0.0000000   0.0000000   0.0000000   0.0000000   0.0000000   0.0000053   0.0000169   0.0000169   0.0000169   0.0000169   0.0000169
R 0 1  22  0  2  2    0.0000000   0.0000000   0.0000000   0.0000000   0.0000439   0.0000000   0.0000119   0.0000183   0.0000183   0.0000183   0.0000183   0.0000183
R 0 1  22  0  2  3    0.0000000   0.0000000   0.0000000   0.0000000   0.0000000   0.0000000   0.0000000   0.0000084   0.0000084   0.0000084   0.0000084   0.0000084
R 0 1  22  0  2  4    0.0000000   0.0000000   0.0000000   0.0000000   0.0000000   0.0000000   0.0000205   0.0000000   0.0000000   0.0000000   0.0000000   0.0000000
R 0 1  22  0  2  5    0.0000000   0.0000000   0.0000000   0.0000000   0.0000339   0.0000215   0.0000000   0.0000000   0.0000000   0.0000000   0.0000000   0.0000000
R 0 1  22  0  2  6    0.0000000   0.0000000   0.0000000   0.0000000   0.0000000   0.0000000   0.0000000   0.0000000   0.0000000   0.0000000   0.0000000   0.0000000
R 0 1  22  0  2  7    0.0000000   0.0000000   0.0000000   0.0000000   0.0000894   0.0000000   0.0000000   0.0000000   0.0000000   0.0000000   0.0000000   0.0000000
R 0 1  22  0  2  8    0.0000000   0.0000000   0.0000000   0.0000000   0.0000000   0.0000000   0.0000000   0.0000000   0.0000000   0.0000196   0.0000000   0.0000000
R 0 1  22  0  2  9    0.0000000   0.0000000   0.0000000   0.0000000   0.0000000   0.0000000   0.0000000   0.0000361   0.0000000   0.0000183   0.0000000   0.0000000
R 0 1  22  0  2 10    0.0000000   0.0000000   0.0000000   0.0000000   0.0000000   0.0000000   0.0001164   0.0000000   0.0000000   0.0000000   0.0000000   0.0000000
R 0 1  22  0  3  0    1.0890294   1.0890294   0.9396675   1.0325565   1.0046326   0.9836336   0.9819088   0.9835260   0.9835260   0.9835260   0.9835260   0.9835260
R 0 1  22  0  3  1    1.0070761   1.0070761   1.0070761   1.0070761   0.9863148   0.9827721   0.9787346   0.9793988   0.9793988   0.9793988   0.9793988   0.9793988
R 0 1  22  0  3  2    1.0301581   1.0301581   1.0301581   1.0301581   0.9969822   0.9875292   0.9801999   0.9800692   0.9800692   0.9800692   0.9800692   0.9800692
R 0 1  22  0  3  3    1.0140707   1.0140707   1.0140707   1.0140707   1.0042946   0.9895537   0.9827271   0.9805997   0.9805997   0.9805997   0.9805997   0.9805997
R 0 1  22  0  3  4    1.0279401   1.0279401   1.0279401   0.9906909   0.9765602   0.9727145   0.9774453   0.9883710   0.9883710   0.9883710   0.9883710   0.9883710
R 0 1  22  0  3  5    1.0025811   1.0025811   1.0006432   0.9804591   0.9756865   0.9725656   0.9701195   0.9701195   0.9701195   0.9701195   0.9701195   0.9701195
R 0 1  22  0  3  6    1.0374205   1.0374205   1.0374205   1.0017124   0.9861778   0.9858976   0.9839297   0.9860568   0.9860568   0.9860568   0.9860568   0.9860568
R 0 1  22  0  3  7    1.0551406   1.0551406   1.0551406   1.0551406   1.0442056   0.9968512   0.9898943   0.9875094   0.9871220   0.9871082   0.9871082   0.9871082
R 0 1  22  0  3  8    1.0055185   1.0055185   1.0055185   1.0055185   1.0055185   1.0055185   1.0055185   0.9944773   0.9825363   0.9831410   0.9894469   1.0163812
R 0 1  22  0  3  9    1.0212305   1.0212305   1.0212305   1.0212305   1.0212305   1.0212305   0.9963959   0.9744010   0.9739727   0.9834334   1.0118302   1.0118302
R 0 1  22  0  3 10    1.0594829   1.0259596   1.0181243   0.9784128   0.9745539   0.9683430   0.9675498   0.9711372   1.0032754   1.0054656   1.0054656   1.0054656
R 0 1  22  0  4  0    1.4353078   1.4353078   1.1856605   2.2219890   2.3267358   2.2411608   2.2446179   2.2806485   2.2806485   2.2806485   2.2806485   2.2806485
R 0 1  22  0  4  1    1.9405557   1.9405557   1.9405557   1.9405557   2.0921055   2.1941034   2.2028996   2.2111514   2.2111514   2.2111514   2.2111514   2.2111514
R 0 1  22  0  4  2    1.8590223   1.8590223   1.8590223   1.8590223   2.1840291   2.2647241   2.2142304   2.2273107   2.2273107   2.2273107   2.2273107   2.2273107
R 0 1  22  0  4  3    1.8375085   1.8375085   1.8375085   1.8375085   2.3027711   2.2753329   2.2366568   2.2056502   2.2056502   2.2056502   2.2056502   2.2056502
R 0 1  22  0  4  4    1.8853010   1.8853010   1.8853010   2.0462570   2.0712703   2.0573829   2.2102639   2.3329764   2.3329764   2.3329764   2.3329764   2.3329764
R 0 1  22  0  4  5    1.7805378   1.7805378   2.0605110   2.1156085   2.1037487   2.0800021   1.9882345   1.9882345   1.9882345   1.9882345   1.9882345   1.9882345
R 0 1  22  0  4  6    1.9752730   1.9752730   1.9752730   2.2419387   2.3062912   2.3501359   2.3625281   2.2617879   2.2617879   2.2617879   2.2617879   2.2617879
R 0 1  22  0  4  7    1.6377018   1.6377018   1.6377018   1.6377018   2.3105567   2.3043149   2.3635547   2.3695681   2.3934454   2.3335334   2.3335334   2.3335334
R 0 1  22  0  4  8    2.0769363   2.0769363   2.0769363   2.0769363   2.0769363   2.0769363   2.0769363   2.2321366   2.2101998   2.2555224   2.3243405   2.2561991
R 0 1  22  0  4  9    2.0972464   2.0972464   2.0972464   2.0972464   2.0972464   2.0972464   2.0746155   2.0447369   2.0608953   2.1681337   2.2036499   2.2036499
R 0 1  22  0  4 10    1.7661411   2.1969743   1.9149481   1.8387823   1.9784570   1.9646883   1.9641149   1.9688324   2.1310924   1.9009670   1.9009670   1.9009670
R 0 1  22  0  5  0   10.2485544  10.2485544   8.7305275   3.4820354   3.3032435   4.1743950   4.1743890   3.9658872   3.9658872   3.9658872   3.9658872   3.9658872
R 0 1  22  0  5  1    4.0989672   4.0989672   4.0989672   4.0989672   4.3867929   4.0414398   4.2767016   4.2788877   4.2788877   4.2788877   4.2788877   4.2788877
R 0 1  22  0  5  2    4.1602265   4.1602265   4.1602265   4.1602265   4.3919497   3.9281574   4.3276680   4.3449049   4.3449049   4.3449049   4.3449049   4.3449049
R 0 1  22  0  5  3    4.6312534   4.6312534   4.6312534   4.6312534   3.7062482   4.0132658   4.3083444   4.4801707   4.4801707   4.4801707   4.4801707   4.4801707
R 0 1  22  0  5  4    4.8290496   4.8290496   4.8290496   4.9330169   5.3555354   5.1076987   3.8953780   3.2656915   3.2656915   3.2656915   3.2656915   3.2656915
R 0 1  22  0  5  5    4.6119696   4.6119696   5.1822960   4.8024438   5.1873822   4.7331733   4.2933227   4.2933227   4.2933227   4.2933227   4.2933227   4.2933227
R 0 1  22  0  5  6    2.9496898   2.9496898   2.9496898   4.0227102   3.4916112   2.9747399   2.3740735   2.0514912   2.0514912   2.0514912   2.0514912   2.0514912
R 0 1  22  0  5  7    5.3126413   5.3126413   5.3126413   5.3126413   3.4354676   3.2911709   2.8708826   2.8381102   2.5439955   2.1557474   2.1557474   2.1557474
R 0 1  22  0  5  8    4.9037363   4.9037363   4.9037363   4.9037363   4.9037363   4.9037363   4.9037363   4.3382625   4.7017266   4.3582461   3.5131680   3.9933797
R 0 1  22  0  5  9    4.3646754   4.3646754   4.3646754   4.3646754   4.3646754   4.3646754   6.6980725   6.1555466   6.3714249   5.7236941   5.8068180   5.8068180
R 0 1  22  0  5 10   10.4781048   4.2383338   4.9182642   6.1646030   5.3207380   6.6395492   7.7283628   8.2168824   5.6477564   8.0259159   8.0259159   8.0259159
F  0  1  22  0  0  0    1.0172861   1.0079542   0.9780968   0.9887975   0.9694121   0.9840939   1.0024536   0.9811383   0.9937924   0.9873083   0.9836999
F  0  1  22  1  0  0    1.0713325   1.0675166   1.0516560   1.0733026   1.0453834   1.0720054   1.0694237   1.0554687   1.0511635   1.0672259   1.0860746
C  0  1  22  0  0  0  -0.2545371 -0.0911945 -0.1833258 -0.4996156 -0.2504724 -0.1415185 -0.0946481 -0.1414727 -0.1499409 -0.2807528 -0.2165784 -0.1244729 -0.1915227 -0.2966691 -0.2962639  0.0072700
C  0  1  22  0  0  1  -0.1238684 -0.1594943 -0.1097784 -0.0459684 -0.1157758 -0.0565713 -0.0960267 -0.1261127 -0.0934584 -0.1677801  0.0519249 -0.0712543 -0.2577973 -0.0610367 -0.2181483 -0.0449692
C  0  1  22  0  0  2  -0.0398164 -0.1422999 -0.1824152 -0.1001474 -0.0258338 -0.1068746 -0.1049097 -0.0558954 -0.0555508 -0.0636094 -0.0080653 -0.0511868 -0.1418461 -0.0902449 -0.0160651 -0.0600606
C  0  1  22  0  0  3  -0.0562218 -0.0534471 -0.1058901  0.0222728  0.0882865 -0.0648830 -0.0294809 -0.0775133  0.0319518 -0.0065067 -0.0377854 -0.1170681 -0.1320844 -0.0836512  0.0310559 -0.0426525
C  0  1  22  0  0  4  -0.1299644 -0.0438234 -0.0598587  0.0436919 -0.0552550 -0.1546445 -0.0843627 -0.0226881 -0.1095856 -0.0916992 -0.0354435 -0.0735402 -0.0568772 -0.0811386 -0.0488631  0.0011833
C  0  1  22  0  0  5  -0.0082672 -0.0316427 -0.1404255  0.0399429 -0.0038297 -0.0262453 -0.0076434 -0.0248284  0.0807335 -0.0267029 -0.0678384 -0.0388744 -0.0026372 -0.0130192  0.1244812 -0.1045094
C  0  1  22  0  0  6   0.0271157  0.0409355  0.0378497  0.0552336  0.0559280  0.0325506 -0.0085172 -0.0751505  0.0835390 -0.0063032 -0.0231342  0.0030397 -0.1406019 -0.0425147 -0.0470563  0.0231523
C  0  1  22  0  0  7   0.0039565 -0.0238866  0.0360504 -0.0035835  0.0287765  0.0836286  0.0527338  0.0438600 -0.0571722  0.0402377  0.0173019 -0.0457188 -0.0735056 -0.0399390  0.0407392  0.0443336
C  0  1  22  0  0  8  -0.0397258  0.0066063  0.0995090  0.0317341 -0.0029360  0.0614070 -0.0015044 -0.0016482  0.0095649 -0.0053705 -0.0607249 -0.0409914 -0.0229070  0.0091327 -0.0784432  0.0055931
C  0  1  22  0  0  9  -0.0107047 -0.0558603  0.0443010  0.1187901  0.0513559  0.0007338  0.0120209 -0.0182723 -0.0789344  0.0139527  0.0441970  0.0381070 -0.0733386  0.0506670 -0.0171089  0.0603158
C  0  1  22  0  0 10  -0.0061475 -0.0258716  0.1138559  0.0113703 -0.0237075  0.0236183 -0.0189832 -0.0023662  0.0550024 -0.0728016 -0.0322559  0.0249319 -0.0778175  0.0259051  0.0312731  0.0054307
C  0  1  22  0  0 11   0.0019390  0.1093094 -0.0555307  0.0875642  0.0386380  0.0862285  0.0392882  0.0853953  0.0608240  0.0434476  0.0203456 -0.0648216 -0.0090465  0.0187776  0.0573298 -0.0311752
C  0  1  22  0  0 12  -0.0052099  0.0138043 -0.0144732  0.0479540  0.0539859  0.0655363 -0.0469354  0.0219200  0.0342764  0.0722959  0.0011717 -0.0147316 -0.0559652 -0.0120243  0.0388995  0.0296678
C  0  1  22  0  0 13   0.0175241  0.0190610  0.0660682  0.1123767  0.0273875 -0.0301950  0.0091102 -0.0268440 -0.0229962  0.0275650  0.0185831 -0.0026434 -0.0261616  0.0064002  0.0741502  0.0534263
C  0  1  22  0  0 14  -0.0410044 -0.0097210 -0.0260125  0.0496895  0.0206756 -0.0169969 -0.0528370  0.0485936 -0.0222859  0.0206980  0.0233133 -0.0084968 -0.0619873 -0.0075911  0.0095403 -0.0527164
C  0  1  22  0  0 15  -0.0200987 -0.1109320 -0.1066239  0.1077578  0.0695425 -0.0234757 -0.0857627 -0.0197911 -0.0268025  0.0060051 -0.0177025 -0.1103892 -0.0814712 -0.0279115  0.0343140 -0.0716244
C  0  1  22  0  0 16   0.0925594  0.0930064 -0.0101473  0.1295834 -0.0182159 -0.1266683  0.1297073 -0.0104690 -0.0643152  0.1125493  0.0115666 -0.1286291 -0.1212000  0.0230056 -0.0988531  0.0071490
C  0  1  22  0  0 17  -0.0575519 -0.0558077 -0.1278617 -0.1691097 -0.1984486 -0.0618591  0.0069490 -0.1024199  0.0639840 -0.0654342  0.0428502 -0.0065032 -0.1092143 -0.1570363  0.0014039 -0.0365048
C  0  1  22  0  0 18  -0.1137619 -0.0250017  0.0431834 -0.0405825 -0.1232880  0.0297853 -0.0777455  0.0234588 -0.0013971  0.0346355 -0.1259213 -0.1226070 -0.0773823  0.0107171 -0.1775070 -0.0369609
C  0  1  22  0  0 19   0.0085091 -0.1097248 -0.2050923 -0.0326860 -0.1508074 -0.0418641 -0.1814194 -0.0017228 -0.1263824  0.0230909 -0.1110558 -0.0640666 -0.0490880 -0.0879797  0.0301279 -0.1623964
C  0  1  22  0  0 20  -0.0811795 -0.1149447 -0.0845887  0.0036329 -0.1227590 -0.1702532 -0.1070522 -0.2051337 -0.1737807 -0.2538064 -0.1980839  0.0181000 -0.0659696 -0.1918242 -0.2055338 -0.1825097
C  0  1  22  0  0 21  -0.1895789 -0.2063362 -0.3295177 -0.1010018 -0.2755327 -0.2046214 -0.2352379 -0.1539625 -0.2306022 -0.0847432 -0.1166429 -0.2389863 -0.4967682 -0.4260920 -0.2533201 -0.3669139
C  0  1  22  0  1  0   0.0002448 -0.0014787 -0.0008252  0.0016756 -0.0032410  0.0047152 -0.0013283 -0.0028833  0.0051447  0.0008735 -0.0020938 -0.0000863  0.0067367  0.0094439  0.0045449  0.0065979
C  0  1  22  0  1  1   0.0023422  0.0004079 -0.0007481 -0.0044783  0.0002280 -0.0034777  0.0037832  0.0014990  0.0001007  0.0010883 -0.0034450 -0.0039646  0.0015510  0.0024971 -0.0020483 -0.0006977
C  0  1  22  0  1  2   0.0016076 -0.0018291  0.0009126  0.0007690 -0.0016287  0.0011196 -0.0006365  0.0001765 -0.0011287  0.0019237 -0.0007927 -0.0003751  0.0023086 -0.0031871 -0.0006736 -0.0004413
C  0  1  22  0  1  3   0.0030758 -0.0004662  0.0011603 -0.0014536  0.0033716  0.0009142  0.0043544 -0.0014148 -0.0019147 -0.0032560  0.0005681 -0.0021359  0.0001207 -0.0009564 -0.0000999  0.0030981
C  0  1  22  0  1  4   0.0028056  0.0000373 -0.0022278  0.0029259  0.0003060 -0.0003528  0.0018112 -0.0023207  0.0007129  0.0010580 -0.0023899  0.0001446  0.0007174 -0.0014331  0.0008114 -0.0024526
C  0  1  22  0  1  5  -0.0005473  0.0022068 -0.0034569  0.0023780 -0.0008748 -0.0008646  0.0000342  0.0000787  0.0011458  0.0007506  0.0003297 -0.0006824 -0.0002255 -0.0005020 -0.0014897 -0.0020394
C  0  1  22  0  1  6   0.0027288 -0.0010906 -0.0014085 -0.0005445  0.0001103 -0.0013041 -0.0011505 -0.0002111 -0.0000397 -0.0015354  0.0011388 -0.0010268 -0.0021005 -0.0028878  0.0002270 -0.0015794
C  0  1  22  0  1  7   0.0025553  0.0013546  0.0020576  0.0004097  0.0008808  0.0005609 -0.0017532  0.0010830 -0.0000426 -0.0011865  0.0027415 -0.0016246 -0.0007848 -0.0004032  0.0003034 -0.0008095
C  0  1  22  0  1  8   0.0028209  0.0015532  0.0000748 -0.0002112  0.0022686  0.0007560  0.0017420  0.0003342  0.0016432  0.0008848 -0.0002474 -0.0003272  0.0000765  0.0011871 -0.0007697  0.0007295
C  0  1  22  0  1  9  -0.0027372  0.0016863  0.0023451  0.0001303  0.0013224 -0.0002681  0.0017654  0.0014442 -0.0020533 -0.0016078 -0.0016340 -0.0007708 -0.0013405  0.0009775 -0.0003864  0.0007925
C  0  1  22  0  1 10   0.0007765  0.0010715  0.0028355  0.0010071  0.0011993 -0.0000852  0.0001824 -0.0005429  0.0000455 -0.0030270 -0.0001985 -0.0011963 -0.0011020 -0.0005553 -0.0007710  0.0019562
C  0  1  22  0  1 11   0.0001600  0.0003287  0.0014410  0.0005068  0.0000850  0.0011264 -0.0033139 -0.0024408 -0.0022886  0.0001121  0.0004620 -0.0014071  0.0015643 -0.0015118  0.0004605 -0.0004785
C  0  1  22  0  1 12   0.0022627 -0.0007333  0.0010018  0.0019732  0.0017383 -0.0008688  0.0008417 -0.0009677  0.0015257  0.0003194 -0.0011918  0.0015834 -0.0004774 -0.0002998  0.0014288  0.0014226
C  0  1  22  0  1 13   0.0022378 -0.0011958  0.0003534  0.0008812  0.0043584 -0.0007874 -0.0003717  0.0011844  0.0001198 -0.0008559 -0.0014482 -0.0021147 -0.0015001  0.0012892  0.0006989  0.0011477
C  0  1  22  0  1 14   0.0026670 -0.0006663  0.0027643  0.0015044  0.0024533  0.0009556 -0.0021769  0.0023971  0.0012466 -0.0005143 -0.0007882  0.0011106  0.0018843 -0.0010923 -0.0012387  0.0032733
C  0  1  22  0  1 15   0.0013968 -0.0010731 -0.0028530  0.0007450  0.0011693  0.0015905 -0.0008426 -0.0024884  0.0002370 -0.0004412  0.0002609  0.0009337  0.0001937  0.0009847  0.0015230 -0.0003210
C  0  1  22  0  1 16   0.0006813  0.0023076  0.0012369  0.0007266 -0.0004870  0.0028662  0.0001676 -0.0004428  0.0009461 -0.0006066 -0.0002900 -0.0003303 -0.0012359  0.0017675  0.0021234  0.0027422
C  0  1  22  0  1 17   0.0023298 -0.0021918  0.0013302  0.0010448  0.0040800  0.0022224  0.0031211  0.0014277  0.0008370  0.0038788  0.0026358 -0.0027765 -0.0000589 -0.0017590  0.0029846  0.0036906
C  0  1  22  0  1 18   0.0065105  0.0058690  0.0014653  0.0005018  0.0006340  0.0040167  0.0067935 -0.0004757 -0.0019485  0.0022236  0.0041441  0.0026116  0.0004856  0.0001064  0.0056312  0.0068960
C  0  1  22  0  1 19   0.0014181  0.0017704  0.0015776  0.0017339  0.0031453  0.0015631  0.0033745  0.0015468  0.0031261  0.0020285 -0.0001140  0.0014037  0.0023069  0.0022751  0.0043362  0.0029998
C  0  1  22  0  1 20   0.0050091  0.0040230  0.0018404  0.0056341 -0.0003437  0.0050583  0.0009536  0.0009851  0.0023176  0.0024545 -0.0016294  0.0000036  0.0037020  0.0045989  0.0027340  0.0045746
C  0  1  22  0  1 21   0.0123257  0.0146825  0.0081271  0.0018440 -0.0045483 -0.0071074 -0.0104885  0.0013983 -0.0025625 -0.0004030 -0.0045182  0.0063355 -0.0008090  0.0061001  0.0086486  0.0045461
C  0  1  22  1  0  0  -0.4410974 -0.3182894 -0.3489513 -0.3830579 -0.1487446 -0.3952796 -0.3460675 -0.3526925 -0.3143848 -0.3535608 -0.3576056 -0.5261365 -0.4493192 -0.4388085 -0.4797698 -0.3468072
C  0  1  22  1  0  1  -0.2998186 -0.3226114 -0.2479201 -0.2830355 -0.3230478 -0.2986985 -0.2530135 -0.2120823 -0.2358484 -0.2321876 -0.2713441 -0.3043876 -0.4011979 -0.3781748 -0.3407950 -0.2864627
C  0  1  22  1  0  2  -0.3376552 -0.2896109 -0.2882617 -0.2999809 -0.2846609 -0.2366227 -0.2785525 -0.2660959 -0.1923456 -0.2006544 -0.3122550 -0.2812299 -0.3308989 -0.3420426 -0.2498254 -0.3632957
C  0  1  22  1  0  3  -0.2513823 -0.2889081 -0.2617444 -0.2331116 -0.2516606 -0.1952106 -0.1604210 -0.1696189 -0.1904018 -0.2579182 -0.1986200 -0.2742193 -0.2491401 -0.2761274 -0.2922467 -0.2273784
C  0  1  22  1  0  4  -0.2884941 -0.2743120 -0.2776712 -0.2714784 -0.2728241 -0.2380139 -0.2528813 -0.2617003 -0.2042020 -0.2007235 -0.2059759 -0.2217778 -0.3361975 -0.2502622 -0.3561907 -0.3248435
C  0  1  22  1  0  5  -0.2335310 -0.2062734 -0.1746437 -0.1663976 -0.1399000 -0.0913707 -0.1654875 -0.1397467 -0.1820591 -0.1448494 -0.1674936 -0.1565989 -0.1944414 -0.1801123 -0.2113009 -0.1861008
C  0  1  22  1  0  6  -0.1607683 -0.1575388 -0.1609460 -0.1875284 -0.1117468 -0.1413799 -0.1516834 -0.1597557 -0.1437673 -0.1377160 -0.1198113 -0.1148904 -0.1214290 -0.1502008 -0.1664357 -0.1891588
C  0  1  22  1  0  7  -0.1445161 -0.1468200 -0.1627980 -0.1405843 -0.1715556 -0.1505479 -0.1373884 -0.1112425 -0.1580179 -0.1318203 -0.0982707 -0.1191838 -0.1800014 -0.1517321 -0.1394305 -0.1345639
C  0  1  22  1  0  8  -0.2045290 -0.1103757 -0.1310657 -0.1807899 -0.1722786 -0.1738978 -0.1460527 -0.1563810 -0.1493999 -0.1109372 -0.1532672 -0.1580995 -0.1150950 -0.1808602 -0.1546367 -0.1617637
C  0  1  22  1  0  9  -0.1274459 -0.1314223 -0.1039452 -0.1511777 -0.1130038 -0.1421320 -0.1214839 -0.1870350 -0.1082628 -0.1092881 -0.1021772 -0.1283022 -0.1146676 -0.1022140 -0.1588026 -0.1407891
C  0  1  22  1  0 10  -0.1665889 -0.1264198 -0.1431006 -0.1563744 -0.1389896 -0.1230087 -0.1046554 -0.1419765 -0.0783357 -0.1295466 -0.1201738 -0.1053630 -0.1029968 -0.1080769 -0.1054401 -0.1128278
C  0  1  22  1  0 11  -0.1267430 -0.1257925 -0.1435707 -0.0791685 -0.1014110 -0.1302835 -0.1394018 -0.1096660 -0.1662059 -0.0938164 -0.0976571 -0.1185120 -0.1102495 -0.1430912 -0.0904408 -0.1183219
C  0  1  22  1  0 12  -0.0847656 -0.1620039 -0.1731210 -0.0814072 -0.1280529 -0.1159890 -0.1623525 -0.1992252 -0.1574827 -0.0963285 -0.1538186 -0.0697412 -0.1077971 -0.1003879 -0.1282385 -0.1252768
C  0  1  22  1  0 13  -0.1450270 -0.1421244 -0.1910265 -0.1245416 -0.1191864 -0.1263559 -0.1366555 -0.1852720 -0.1080333 -0.1214310 -0.1431024 -0.1281189 -0.1773410 -0.1292025 -0.1709531 -0.1373988
C  0  1  22  1  0 14  -0.1310929 -0.1472943 -0.1118331 -0.1589800 -0.1670712 -0.1175141 -0.1275264 -0.2084353 -0.1321736 -0.1356525 -0.1411608 -0.1502730 -0.1376391 -0.0696102 -0.1445904 -0.1645784
C  0  1  22  1  0 15  -0.1235801 -0.1669831 -0.1459128 -0.1259233 -0.1300215 -0.0911016 -0.1376815 -0.1416919 -0.1616434 -0.1290394 -0.0954472 -0.1778105 -0.1454104 -0.1147576 -0.0986897 -0.1285875
C  0  1  22  1  0 16  -0.1516861 -0.1629048 -0.1712918 -0.1224293 -0.1882090 -0.1651850 -0.2203885 -0.2370732 -0.1714213 -0.2044466 -0.0825487 -0.1815691 -0.1271814 -0.1720077 -0.1585085 -0.1279790
C  0  1  22  1  0 17  -0.2735052 -0.2644743 -0.1981380 -0.2633003 -0.2120525 -0.2218978 -0.2340615 -0.2795524 -0.2777798 -0.1980970 -0.2680988 -0.2640621 -0.2300396 -0.3061953 -0.2208264 -0.2671261
C  0  1  22  1  0 18  -0.2752221 -0.2259932 -0.2462961 -0.2693709 -0.2504465 -0.2058654 -0.2718054 -0.2718278 -0.2416001 -0.2235869 -0.2579748 -0.2822429 -0.2619844 -0.2054835 -0.1989850 -0.1939005
C  0  1  22  1  0 19  -0.2602230 -0.2391305 -0.2717036 -0.2671526 -0.3031139 -0.2708862 -0.2744633 -0.1868615 -0.2352945 -0.2419433 -0.2145205 -0.2992608 -0.2523874 -0.1906394 -0.2718711 -0.2332985
C  0  1  22  1  0 20  -0.2253762 -0.3091653 -0.3744083 -0.3492101 -0.2786715 -0.2293460 -0.2685233 -0.2977507 -0.3506902 -0.2939207 -0.2493925 -0.2973254 -0.4058954 -0.3414169 -0.3042917 -0.3443216
C  0  1  22  1  0 21  -0.3614542 -0.3738457 -0.3869665 -0.3730723 -0.3029552 -0.2624460 -0.2983330 -0.3072680 -0.3618591 -0.3332892 -0.2797818 -0.3267054 -0.2842094 -0.3950570 -0.4175766 -0.4956189
C  0  1  22  1  1  0   0.0480834  0.0495047  0.0418130  0.0272677  0.0005434 -0.0185093 -0.0301973 -0.0414909 -0.0458833 -0.0370436 -0.0323076 -0.0168588  0.0041724  0.0040708  0.0272108  0.0407140
C  0  1  22  1  1  1   0.0251848  0.0226053  0.0187350  0.0102909  0.0020554 -0.0074308 -0.0148085 -0.0187833 -0.0168358 -0.0153174 -0.0149122 -0.0066210  0.0024990  0.0111526  0.0125129  0.0240742
C  0  1  22  1  1  2   0.0132241  0.0150297  0.0082391  0.0065198  0.0029734 -0.0022295 -0.0056491 -0.0070140 -0.0079526 -0.0060954 -0.0052606 -0.0023826  0.0027552  0.0039961  0.0066735  0.0109905
C  0  1  22  1  1  3   0.0080293  0.0078729  0.0033307  0.0057883  0.0019594  0.0017614 -0.0032720 -0.0023221  0.0020989  0.0009848 -0.0020801  0.0010641  0.0034368  0.0033346  0.0025343  0.0074551
C  0  1  22  1  1  4   0.0023851  0.0022617  0.0008690  0.0016349  0.0039622  0.0041999  0.0018556  0.0025985  0.0042416  0.0032627 -0.0003987 -0.0006228  0.0020791  0.0019357  0.0046546  0.0023930
C  0  1  22  1  1  5   0.0020053  0.0009639  0.0010016  0.0045262  0.0033679  0.0039896  0.0030375  0.0046008  0.0056006  0.0024971 -0.0011635  0.0002726  0.0020345  0.0023512  0.0031679  0.0016759
C  0  1  22  1  1  6   0.0014681  0.0023177  0.0006655  0.0031164  0.0049814  0.0048349  0.0049990  0.0054683  0.0039347  0.0012255  0.0001734  0.0005399  0.0021065  0.0009781  0.0005493  0.0000085
C  0  1  22  1  1  7   0.0003942  0.0025286  0.0027523  0.0047190  0.0055839  0.0050428  0.0065629  0.0042299  0.0039544  0.0012690  0.0013831  0.0009044  0.0023751  0.0018951  0.0025649  0.0004639
C  0  1  22  1  1  8  -0.0008632  0.0013976  0.0026846  0.0024389  0.0053347  0.0043810  0.0054548  0.0057120  0.0061670  0.0018190  0.0011353  0.0005789  0.0016567  0.0020229  0.0026168 -0.0007445
C  0  1  22  1  1  9   0.0012086  0.0032682  0.0021605  0.0036318  0.0026753  0.0035845  0.0050174  0.0037771  0.0032830 -0.0001186  0.0010561  0.0015549  0.0011544  0.0009618  0.0013923 -0.0011119
C  0  1  22  1  1 10   0.0007924  0.0014084  0.0025628  0.0027620  0.0031433  0.0022812  0.0033304  0.0038742  0.0031057  0.0004863 -0.0002501  0.0005369  0.0006773  0.0017464  0.0018592 -0.0006712
C  0  1  22  1  1 11   0.0008866  0.0022677  0.0022883  0.0028566  0.0030349  0.0009410  0.0021169  0.0028253  0.0030573  0.0021937 -0.0011746  0.0010747  0.0010384  0.0001842  0.0011540 -0.0012870
C  0  1  22  1  1 12   0.0002205  0.0028014  0.0039422  0.0050950  0.0029003  0.0027569  0.0013319  0.0034278  0.0048015  0.0014597  0.0024751  0.0013460  0.0027959  0.0001615  0.0013430 -0.0012493
C  0  1  22  1  1 13   0.0003447  0.0024352  0.0032875  0.0034825  0.0036371  0.0035249  0.0042147  0.0067706  0.0049645  0.0015748  0.0014606  0.0016819 -0.0003912 -0.0014293  0.0003428 -0.0005034
C  0  1  22  1  1 14   0.0006922  0.0020586  0.0028623  0.0044603  0.0055504  0.0029635  0.0035394  0.0072004  0.0056013  0.0022196  0.0026036  0.0008000 -0.0012411  0.0003845 -0.0008468 -0.0011883
C  0  1  22  1  1 15  -0.0023293  0.0002749  0.0030738  0.0048628  0.0036643 -0.0004888  0.0029523  0.0043339  0.0060136  0.0027213  0.0021540  0.0008958 -0.0021723 -0.0047695 -0.0043924 -0.0046143
C  0  1  22  1  1 16   0.0000672  0.0027915  0.0044979  0.0057482  0.0032655  0.0017995  0.0046617  0.0033386  0.0046676  0.0071156  0.0032259  0.0026802 -0.0007059 -0.0004321 -0.0045885 -0.0046966
C  0  1  22  1  1 17  -0.0036096  0.0027590  0.0008117  0.0079105  0.0029020 -0.0009028  0.0019476  0.0036532  0.0051498  0.0050673  0.0041640  0.0023209 -0.0010970 -0.0034680 -0.0036852 -0.0039972
C  0  1  22  1  1 18   0.0008937  0.0073936  0.0063354  0.0072863  0.0044137  0.0018636 -0.0017577 -0.0009353  0.0036655  0.0046787  0.0022200  0.0025811 -0.0008514 -0.0020342 -0.0049915 -0.0036361
C  0  1  22  1  1 19   0.0034572  0.0088706  0.0130223  0.0108891  0.0077743  0.0040165 -0.0005271  0.0002945  0.0036976  0.0062447  0.0033953  0.0018188 -0.0011840 -0.0034826 -0.0052977 -0.0014309
C  0  1  22  1  1 20   0.0020654  0.0136902  0.0182945  0.0139346  0.0064216  0.0039134 -0.0023495 -0.0009955  0.0008076  0.0056908  0.0014102 -0.0029819 -0.0072746 -0.0090523 -0.0072385 -0.0046117
C  0  1  22  1  1 21   0.0092673  0.0214097  0.0314229  0.0228710  0.0173396  0.0168363  0.0108726  0.0131399  0.0131544  0.0156135  0.0028112 -0.0032755 -0.0078374 -0.0170937 -0.0093398  0.0016427
