CPHI 16 
CETA 22 -2.40 -2.10 -1.85 -1.60 -1.40 -1.20 -1.00 -0.80 -0.60 -0.40 -0.20  0.00  0.20  0.40  0.60  0.80  1.00  1.20  1.40  1.60  1.85  2.10  2.40 
RMIN  6 
RTRK 12 
RETA 11  0.00  0.20  0.40  0.60  0.80  1.00  1.20  1.40  1.60  1.85  2.10  2.40 
T 0 1  23  0  0  0    0.0000000   0.0006286   0.0016785   0.0032476   0.0123588   0.0696224   0.2781038   0.6535994   1.0000000   1.0000000   1.0000000   1.0000000   1.0000000
T 0 1  23  0  0  1    0.0000000   0.0001396   0.0005882   0.0024612   0.0127144   0.0593070   0.2263172   0.5884299   1.0000000   1.0000000   1.0000000   1.0000000   1.0000000
T 0 1  23  0  0  2    0.0000000   0.0001358   0.0005007   0.0017168   0.0104341   0.0551190   0.2088855   0.5735152   1.0000000   1.0000000   1.0000000   1.0000000   1.0000000
T 0 1  23  0  0  3    0.0000000   0.0002209   0.0006374   0.0017982   0.0116532   0.0624852   0.2258081   0.5863968   1.0000000   1.0000000   1.0000000   1.0000000   1.0000000
T 0 1  23  0  0  4    0.0000000   0.0003950   0.0025512   0.0145361   0.0630784   0.2050166   0.4892534   0.8228853   1.0000000   1.0000000   1.0000000   1.0000000   1.0000000
T 0 1  23  0  0  5    0.0000000   0.0009745   0.0072014   0.0512329   0.2053602   0.5327267   0.8765428   0.9994228   1.0000000   1.0000000   1.0000000   1.0000000   1.0000000
T 0 1  23  0  0  6    0.0000000   0.0003059   0.0012269   0.0103589   0.0668960   0.2775113   0.6634199   0.9313339   0.9981086   0.9999988   1.0000000   1.0000000   1.0000000
T 0 1  23  0  0  7    0.0000000   0.0000540   0.0004115   0.0009185   0.0048619   0.0309829   0.1189792   0.2981854   0.5814445   0.8690215   0.9845095   0.9998521   1.0000000
T 0 1  23  0  0  8    0.0000000   0.0000035   0.0000438   0.0001177   0.0003953   0.0009845   0.0041813   0.0252865   0.1197325   0.3944298   0.7898370   0.9696407   1.0000000
T 0 1  23  0  0  9    0.0000000   0.0000105   0.0000132   0.0000332   0.0005258   0.0035733   0.0181988   0.0861422   0.3029178   0.6584628   0.9386636   0.9999202   1.0000000
T 0 1  23  0  0 10    0.0000000   0.0066784   0.0287636   0.0462814   0.0793804   0.1685264   0.3380853   0.6905294   0.9100960   0.9700233   0.9998468   1.0000000   1.0000000
T 0 1  23  1  0  0    0.0000000   0.0005148   0.0016399   0.0047460   0.0213440   0.1017716   0.3374237   0.6994022   1.0000000   1.0000000   1.0000000   1.0000000   1.0000000
T 0 1  23  1  0  1    0.0000000   0.0002633   0.0010891   0.0042307   0.0181163   0.0752157   0.2537985   0.6193956   1.0000000   1.0000000   1.0000000   1.0000000   1.0000000
T 0 1  23  1  0  2    0.0000000   0.0002194   0.0008486   0.0027728   0.0124455   0.0616642   0.2339277   0.6064318   1.0000000   1.0000000   1.0000000   1.0000000   1.0000000
T 0 1  23  1  0  3    0.0000000   0.0002283   0.0008669   0.0027852   0.0140251   0.0700545   0.2491207   0.6198491   1.0000000   1.0000000   1.0000000   1.0000000   1.0000000
T 0 1  23  1  0  4    0.0000000   0.0004356   0.0027620   0.0153929   0.0663357   0.2155446   0.5058694   0.8320271   1.0000000   1.0000000   1.0000000   1.0000000   1.0000000
T 0 1  23  1  0  5    0.0000000   0.0011873   0.0094478   0.0577925   0.2246261   0.5586818   0.8900123   0.9996500   1.0000000   1.0000000   1.0000000   1.0000000   1.0000000
T 0 1  23  1  0  6    0.0000000   0.0004626   0.0026649   0.0180020   0.0942133   0.3329130   0.7236541   0.9536823   0.9988141   0.9999984   1.0000000   1.0000000   1.0000000
T 0 1  23  1  0  7    0.0000000   0.0002246   0.0006446   0.0024765   0.0123245   0.0526267   0.1570011   0.3413836   0.6074237   0.8728054   0.9849908   0.9998878   1.0000000
T 0 1  23  1  0  8    0.0000000   0.0009562   0.0014955   0.0017998   0.0022382   0.0036136   0.0107994   0.0452511   0.1686405   0.4573475   0.8251665   0.9710661   1.0000000
T 0 1  23  1  0  9    0.0000000   0.0021003   0.0074838   0.0131257   0.0159362   0.0198461   0.0401951   0.1288935   0.3661962   0.7154288   0.9583841   0.9999941   1.0000000
T 0 1  23  1  0 10    0.0000000   0.0032254   0.0170235   0.0428863   0.0843736   0.1746921   0.3942474   0.7474223   0.9511020   0.9856143   0.9999985   1.0000000   1.0000000
R 0 1  23  0  0  0    0.0231417   0.0231417   0.0112167   0.0104118   0.0102781   0.0101555   0.0099922   0.0098422   0.0098422   0.0098422   0.0098422   0.0098422
R 0 1  23  0  0  1    0.0117974   0.0117974   0.0117974   0.0117974   0.0109218   0.0108875   0.0109427   0.0108674   0.0108674   0.0108674   0.0108674   0.0108674
R 0 1  23  0  0  2    0.0126875   0.0126875   0.0126875   0.0126875   0.0119879   0.0120574   0.0118494   0.0116695   0.0116695   0.0116695   0.0116695   0.0116695
R 0 1  23  0  0  3    0.0136983   0.0136983   0.0136983   0.0136983   0.0126636   0.0124934   0.0123638   0.0122146   0.0122146   0.0122146   0.0122146   0.0122146
R 0 1  23  0  0  4    0.0192064   0.0192064   0.0192064   0.0173201   0.0169442   0.0158640   0.0144960   0.0130635   0.0130635   0.0130635   0.0130635   0.0130635
R 0 1  23  0  0  5    0.0212138   0.0212138   0.0194931   0.0191409   0.0187726   0.0180791   0.0169086   0.0169086   0.0169086   0.0169086   0.0169086   0.0169086
R 0 1  23  0  0  6    0.0195371   0.0195371   0.0195371   0.0201612   0.0207393   0.0206104   0.0208504   0.0205610   0.0205610   0.0205610   0.0205610   0.0205610
R 0 1  23  0  0  7    0.0197318   0.0197318   0.0197318   0.0197318   0.0207091   0.0213182   0.0211350   0.0210075   0.0205695   0.0197907   0.0197907   0.0197907
R 0 1  23  0  0  8    0.0212818   0.0212818   0.0212818   0.0212818   0.0212818   0.0212818   0.0212818   0.0211280   0.0210146   0.0210220   0.0201980   0.0187232
R 0 1  23  0  0  9    0.0309050   0.0309050   0.0309050   0.0309050   0.0309050   0.0309050   0.0298785   0.0289458   0.0274442   0.0264730   0.0248242   0.0248242
R 0 1  23  0  0 10    0.0756416   0.0717323   0.0617549   0.0525099   0.0469306   0.0439927   0.0412049   0.0353960   0.0335909   0.0304619   0.0304619   0.0304619
R 0 1  23  0  1  0    0.0000000   0.0000000   0.0000000   0.0000710   0.0000809   0.0000790   0.0000708   0.0000649   0.0000649   0.0000649   0.0000649   0.0000649
R 0 1  23  0  1  1    0.0000673   0.0000673   0.0000673   0.0000673   0.0000584   0.0000669   0.0000613   0.0000558   0.0000558   0.0000558   0.0000558   0.0000558
R 0 1  23  0  1  2    0.0000551   0.0000551   0.0000551   0.0000551   0.0000673   0.0000704   0.0000592   0.0000508   0.0000508   0.0000508   0.0000508   0.0000508
R 0 1  23  0  1  3    0.0000775   0.0000775   0.0000775   0.0000775   0.0000661   0.0000553   0.0000553   0.0000461   0.0000461   0.0000461   0.0000461   0.0000461
R 0 1  23  0  1  4    0.0001633   0.0001633   0.0001633   0.0000774   0.0000891   0.0000749   0.0000550   0.0000459   0.0000459   0.0000459   0.0000459   0.0000459
R 0 1  23  0  1  5    0.0001913   0.0001913   0.0000852   0.0000721   0.0000704   0.0000623   0.0000408   0.0000408   0.0000408   0.0000408   0.0000408   0.0000408
R 0 1  23  0  1  6    0.0000691   0.0000691   0.0000691   0.0000461   0.0000509   0.0000485   0.0000546   0.0000171   0.0000171   0.0000171   0.0000171   0.0000171
R 0 1  23  0  1  7    0.0000000   0.0000000   0.0000000   0.0000000   0.0000456   0.0000799   0.0000697   0.0000704   0.0000682   0.0000624   0.0000624   0.0000624
R 0 1  23  0  1  8    0.0001253   0.0001253   0.0001253   0.0001253   0.0001253   0.0001253   0.0001253   0.0001209   0.0001041   0.0001022   0.0000790   0.0000527
R 0 1  23  0  1  9    0.0002596   0.0002596   0.0002596   0.0002596   0.0002596   0.0002596   0.0002339   0.0002036   0.0001773   0.0001616   0.0001091   0.0001091
R 0 1  23  0  1 10    0.0012789   0.0011337   0.0008857   0.0006841   0.0005719   0.0004811   0.0003922   0.0002556   0.0001969   0.0001480   0.0001480   0.0001480
R 0 1  23  0  2  0    0.0000000   0.0000000   0.0000000   0.0001138   0.0000000   0.0000106   0.0000150   0.0000057   0.0000057   0.0000057   0.0000057   0.0000057
R 0 1  23  0  2  1    0.0000000   0.0000000   0.0000000   0.0000000   0.0000000   0.0000201   0.0000149   0.0000114   0.0000114   0.0000114   0.0000114   0.0000114
R 0 1  23  0  2  2    0.0000000   0.0000000   0.0000000   0.0000000   0.0000571   0.0000129   0.0000096   0.0000138   0.0000138   0.0000138   0.0000138   0.0000138
R 0 1  23  0  2  3    0.0000000   0.0000000   0.0000000   0.0000000   0.0000000   0.0000187   0.0000175   0.0000158   0.0000158   0.0000158   0.0000158   0.0000158
R 0 1  23  0  2  4    0.0000000   0.0000000   0.0000000   0.0000000   0.0000000   0.0000172   0.0000150   0.0000174   0.0000174   0.0000174   0.0000174   0.0000174
R 0 1  23  0  2  5    0.0000000   0.0000000   0.0000000   0.0000116   0.0000116   0.0000000   0.0000000   0.0000000   0.0000000   0.0000000   0.0000000   0.0000000
R 0 1  23  0  2  6    0.0000000   0.0000000   0.0000000   0.0000000   0.0000000   0.0000258   0.0000000   0.0000000   0.0000000   0.0000000   0.0000000   0.0000000
R 0 1  23  0  2  7    0.0000000   0.0000000   0.0000000   0.0000000   0.0000000   0.0000000   0.0000000   0.0000000   0.0000135   0.0000000   0.0000000   0.0000000
R 0 1  23  0  2  8    0.0000000   0.0000000   0.0000000   0.0000000   0.0000000   0.0000000   0.0000000   0.0000000   0.0000132   0.0000000   0.0000000   0.0000000
R 0 1  23  0  2  9    0.0000000   0.0000000   0.0000000   0.0000000   0.0000000   0.0000000   0.0000000   0.0000000   0.0000000   0.0000000   0.0000000   0.0000000
R 0 1  23  0  2 10    0.0000000   0.0000000   0.0000000   0.0000000   0.0000000   0.0000962   0.0000000   0.0000350   0.0000000   0.0000000   0.0000000   0.0000000
R 0 1  23  0  3  0    1.0727167   1.0727167   0.9701574   1.0330489   0.9937385   0.9861920   0.9809721   0.9825984   0.9825984   0.9825984   0.9825984   0.9825984
R 0 1  23  0  3  1    1.0285558   1.0285558   1.0285558   1.0285558   1.0007729   0.9817855   0.9783871   0.9777156   0.9777156   0.9777156   0.9777156   0.9777156
R 0 1  23  0  3  2    0.9814803   0.9814803   0.9814803   0.9814803   1.0004634   0.9855809   0.9808395   0.9799456   0.9799456   0.9799456   0.9799456   0.9799456
R 0 1  23  0  3  3    0.9879956   0.9879956   0.9879956   0.9879956   1.0027876   0.9876254   0.9812146   0.9819128   0.9819128   0.9819128   0.9819128   0.9819128
R 0 1  23  0  3  4    1.0223632   1.0223632   1.0223632   0.9851211   0.9769583   0.9741106   0.9797638   0.9876027   0.9876027   0.9876027   0.9876027   0.9876027
R 0 1  23  0  3  5    0.9816670   0.9816670   0.9834016   0.9852275   0.9751444   0.9740966   0.9735942   0.9735942   0.9735942   0.9735942   0.9735942   0.9735942
R 0 1  23  0  3  6    1.0411908   1.0411908   1.0411908   1.0128894   0.9880647   0.9837617   0.9832827   0.9878056   0.9878056   0.9878056   0.9878056   0.9878056
R 0 1  23  0  3  7    1.0836102   1.0836102   1.0836102   1.0836102   1.0299892   0.9973289   0.9863143   0.9861204   0.9888441   0.9894178   0.9894178   0.9894178
R 0 1  23  0  3  8    1.0252548   1.0252548   1.0252548   1.0252548   1.0252548   1.0252548   1.0252548   0.9927822   0.9828229   0.9837409   0.9858024   1.0191847
R 0 1  23  0  3  9    1.0334856   1.0334856   1.0334856   1.0334856   1.0334856   1.0334856   0.9879013   0.9750420   0.9744848   0.9861394   1.0030401   1.0030401
R 0 1  23  0  3 10    1.0820750   1.0333256   1.0278009   0.9914500   0.9841892   0.9669704   0.9673593   0.9659133   0.9916868   1.0117996   1.0117996   1.0117996
R 0 1  23  0  4  0    1.3487658   1.3487658   1.0928956   2.2181240   2.2355371   2.2812040   2.2412336   2.2507732   2.2507732   2.2507732   2.2507732   2.2507732
R 0 1  23  0  4  1    1.9913630   1.9913630   1.9913630   1.9913630   2.1977097   2.1923661   2.1915126   2.1814086   2.1814086   2.1814086   2.1814086   2.1814086
R 0 1  23  0  4  2    1.7587399   1.7587399   1.7587399   1.7587399   2.1789037   2.2723941   2.2171465   2.2218329   2.2218329   2.2218329   2.2218329   2.2218329
R 0 1  23  0  4  3    1.7176531   1.7176531   1.7176531   1.7176531   2.2430459   2.2981077   2.2304178   2.2420022   2.2420022   2.2420022   2.2420022   2.2420022
R 0 1  23  0  4  4    1.8882003   1.8882003   1.8882003   1.9803525   2.0997905   2.0838493   2.2225711   2.3153954   2.3153954   2.3153954   2.3153954   2.3153954
R 0 1  23  0  4  5    1.6550337   1.6550337   1.9736193   2.1789169   2.1017389   2.1023954   2.0205186   2.0205186   2.0205186   2.0205186   2.0205186   2.0205186
R 0 1  23  0  4  6    1.9278350   1.9278350   1.9278350   2.2310805   2.3131010   2.3328614   2.3469100   2.2715158   2.2715158   2.2715158   2.2715158   2.2715158
R 0 1  23  0  4  7    1.6561987   1.6561987   1.6561987   1.6561987   2.2857969   2.3734901   2.3027428   2.3719573   2.3913928   2.3572107   2.3572107   2.3572107
R 0 1  23  0  4  8    2.2988900   2.2988900   2.2988900   2.2988900   2.2988900   2.2988900   2.2988900   2.2355476   2.2227157   2.2755903   2.2669624   2.3174998
R 0 1  23  0  4  9    2.1743677   2.1743677   2.1743677   2.1743677   2.1743677   2.1743677   2.0127575   2.0607633   2.0447511   2.1811236   2.1495173   2.1495173
R 0 1  23  0  4 10    2.0490338   2.1842654   2.0220617   1.8707476   2.0177460   1.9468562   1.9668087   1.8861865   1.9923300   2.0215044   2.0215044   2.0215044
R 0 1  23  0  5  0    9.7592541   9.7592541  16.1938910   3.0755773   3.5761059   3.7683398   4.1583914   4.1477114   4.1477114   4.1477114   4.1477114   4.1477114
R 0 1  23  0  5  1    4.4146771   4.4146771   4.4146771   4.4146771   4.0075948   4.3681537   4.3881809   4.4556148   4.4556148   4.4556148   4.4556148   4.4556148
R 0 1  23  0  5  2    5.0634159   5.0634159   5.0634159   5.0634159   4.3991303   3.9478383   4.1896256   4.3510421   4.3510421   4.3510421   4.3510421   4.3510421
R 0 1  23  0  5  3    5.1860144   5.1860144   5.1860144   5.1860144   4.1478226   3.7679597   4.4796217   4.2601890   4.2601890   4.2601890   4.2601890   4.2601890
R 0 1  23  0  5  4    5.3946905   5.3946905   5.3946905   5.2150783   5.0384144   5.1587491   3.8398651   3.2914308   3.2914308   3.2914308   3.2914308   3.2914308
R 0 1  23  0  5  5    5.2503901   5.2503901   5.7790622   4.6221427   5.2808350   4.6544300   4.0337504   4.0337504   4.0337504   4.0337504   4.0337504   4.0337504
R 0 1  23  0  5  6    3.2835454   3.2835454   3.2835454   3.8593233   3.4156697   3.0044172   2.3529080   2.0485616   2.0485616   2.0485616   2.0485616   2.0485616
R 0 1  23  0  5  7    4.3734493   4.3734493   4.3734493   4.3734493   3.8206739   2.9722326   3.1105138   2.8098081   2.5703693   2.0175379   2.0175379   2.0175379
R 0 1  23  0  5  8    3.5690634   3.5690634   3.5690634   3.5690634   3.5690634   3.5690634   3.5690634   4.6787152   4.6476001   4.2299206   3.7867988   3.8437592
R 0 1  23  0  5  9    4.1671624   4.1671624   4.1671624   4.1671624   4.1671624   4.1671624   6.7676028   6.0862349   6.6722993   5.6674493   5.8171869   5.8171869
R 0 1  23  0  5 10    4.6770129   4.5247938   4.0023032   5.8780193   4.8779005   6.8846704   7.7465340   9.8401757   7.3457904   7.4897623   7.4897623   7.4897623
F  0  1  23  0  0  0    1.0226931   1.0408033   0.9961929   1.0008759   0.9687361   0.9891827   0.9915581   1.0000198   0.9919250   0.9861038   0.9800172
F  0  1  23  1  0  0    1.0784663   1.0956183   1.0539085   1.0426483   1.0424303   1.0820669   1.0712784   1.0811026   1.0441973   1.0686152   1.0806274
C  0  1  23  0  0  0  -0.2128694 -0.0986547 -0.0244298 -0.4966957 -0.3755722 -0.2164814 -0.0396911 -0.1212521 -0.2790383 -0.2738269 -0.2278275 -0.1802019 -0.1497598 -0.3585705 -0.3013659  0.1038242
C  0  1  23  0  0  1  -0.0324846 -0.1394374 -0.1790822 -0.1665976 -0.1015532 -0.0624221 -0.1975766 -0.2319509  0.1418757 -0.0695538 -0.0835819 -0.1191656 -0.1077156 -0.1001460 -0.3443714 -0.1281919
C  0  1  23  0  0  2  -0.1050022 -0.0963578 -0.1167387 -0.1284015  0.0454792 -0.0614981 -0.0541913 -0.0931089  0.0272001 -0.0419211 -0.1546469 -0.0750049 -0.1397960 -0.1053052 -0.0685600 -0.1461844
C  0  1  23  0  0  3  -0.0842747 -0.1035478 -0.1395088 -0.0519849 -0.0112045 -0.1239136  0.0165155 -0.0150066  0.0550867 -0.0364066 -0.0363423 -0.0669167 -0.1754166 -0.1699586 -0.1260561  0.0285922
C  0  1  23  0  0  4  -0.1095292 -0.0736210 -0.0619156 -0.0307126 -0.1380214 -0.0388291 -0.0048484 -0.0367375 -0.0400908  0.0109520 -0.1106735 -0.0633867 -0.2206571 -0.1245226 -0.0297109 -0.0237902
C  0  1  23  0  0  5   0.0021699  0.0632706 -0.0383138 -0.0098436 -0.0342549  0.0482197 -0.0582342  0.0232645  0.0399854 -0.0197719 -0.0191964  0.0129276  0.0051178  0.0579870  0.0863772 -0.0414879
C  0  1  23  0  0  6   0.0046981  0.1795091  0.0782537  0.0026659 -0.0205938  0.0597705 -0.1161878 -0.1075871  0.0362024 -0.0940222  0.0081452  0.0003815 -0.0453294 -0.0186938 -0.0459701  0.0829566
C  0  1  23  0  0  7  -0.0293052  0.0252885  0.0786729  0.0533678 -0.0198156  0.0492357  0.0453056  0.0225892 -0.0169381 -0.0314774  0.0278860 -0.0492666 -0.0235517 -0.0047853 -0.0406016  0.0543910
C  0  1  23  0  0  8  -0.0460389 -0.0198464  0.0005987  0.0104891  0.0373508  0.1413703 -0.0140255  0.0430160  0.0657148  0.0601776  0.0245153 -0.0006372  0.0028955  0.0720161 -0.0534279 -0.0817314
C  0  1  23  0  0  9  -0.0486810  0.0459603 -0.0662779 -0.0007808 -0.0051900  0.0283335  0.0183539  0.0267310 -0.0610249  0.0439188  0.0821385  0.1609215 -0.0853567  0.0609107 -0.0259619  0.0570129
C  0  1  23  0  0 10  -0.0939548  0.0076267  0.0085894  0.0538975  0.0669679  0.0119857 -0.0630984  0.0318797  0.0159812 -0.0343126 -0.0040120  0.0085413 -0.0376369  0.0581573 -0.0383942  0.0693409
C  0  1  23  0  0 11   0.0020838 -0.0514330 -0.0191350  0.0345706  0.0496927  0.0312876  0.0973982  0.0083325 -0.0405009 -0.0039501  0.0410718  0.0519486  0.0324051  0.0307514  0.0247945 -0.0149581
C  0  1  23  0  0 12   0.1167150 -0.0334720  0.0228469 -0.0222253 -0.0210614  0.0703798 -0.0496884  0.0241685 -0.0191892  0.0774834  0.0046848 -0.0812723  0.0430153  0.0003409 -0.0124530 -0.0177007
C  0  1  23  0  0 13  -0.0035352  0.0433069  0.0517577  0.0092448 -0.0208935  0.0083755  0.0512017 -0.0134622 -0.0437176  0.0007629 -0.0931166 -0.0665389 -0.0902560 -0.0511718 -0.0451882  0.0650779
C  0  1  23  0  0 14   0.1034017 -0.0178425  0.0416763  0.0274937 -0.0243303 -0.0046108 -0.0230644  0.0245197 -0.0104870 -0.0351569  0.0496084 -0.0767683  0.0170593 -0.0507249 -0.0584704 -0.0073797
C  0  1  23  0  0 15  -0.0213887 -0.0003092  0.0133565  0.0383378  0.0909945 -0.0880629  0.0255589  0.0359922  0.0728551  0.0074091 -0.0555314 -0.0364216 -0.0630517 -0.0575283 -0.1465161  0.0444703
C  0  1  23  0  0 16   0.0676391  0.0113968  0.0477618  0.0155906 -0.0226087 -0.0820657 -0.0335232  0.0179948 -0.1062090  0.0758011 -0.0809675 -0.0703764 -0.1214272  0.0346409 -0.1404522  0.0226482
C  0  1  23  0  0 17  -0.0396418 -0.1049863 -0.0811239 -0.1083010 -0.1135516 -0.1151449 -0.0276338 -0.0672943 -0.0355922 -0.1170261  0.0249062  0.0769408 -0.0739946 -0.2125847 -0.0930871 -0.0412718
C  0  1  23  0  0 18  -0.1411321 -0.0210816 -0.1008438 -0.0830566 -0.1364742 -0.0542873 -0.0600433 -0.0141747 -0.1230207 -0.2139948 -0.0720069 -0.0359119 -0.0454046 -0.0713196 -0.2235473 -0.0565542
C  0  1  23  0  0 19   0.0481062 -0.1149411 -0.1867523 -0.0375963 -0.1382950 -0.1296067 -0.0660527 -0.0737999 -0.0724452 -0.1112719 -0.1118821 -0.0945740 -0.0389972 -0.1127047 -0.0609383 -0.1826262
C  0  1  23  0  0 20  -0.1277918 -0.0336527 -0.0382964 -0.1580952 -0.1786342 -0.0310443 -0.2159579 -0.0950828 -0.2314861 -0.1514615 -0.1391230 -0.0070745  0.0037587 -0.2521630 -0.0595493 -0.1157695
C  0  1  23  0  0 21  -0.3038036 -0.1911469 -0.3041004 -0.1204608 -0.2435741 -0.2073120 -0.3380377 -0.0871171 -0.3070906 -0.1794472 -0.2918558 -0.3499635 -0.4384575 -0.4734178 -0.2622367 -0.2642347
C  0  1  23  0  1  0  -0.0031461  0.0003687  0.0006254 -0.0010924 -0.0005370  0.0003140 -0.0003484  0.0011812 -0.0006798 -0.0002081 -0.0023068  0.0003490  0.0062118  0.0023045  0.0092626  0.0078718
C  0  1  23  0  1  1   0.0008843  0.0017936 -0.0025133 -0.0068007 -0.0017193 -0.0001978  0.0028390  0.0006913  0.0019620 -0.0010061 -0.0026592 -0.0009416  0.0023673  0.0023643  0.0018859  0.0016130
C  0  1  23  0  1  2   0.0005854 -0.0007164 -0.0007748 -0.0007758 -0.0018397 -0.0001280  0.0010379  0.0025740 -0.0000425  0.0014901 -0.0011736 -0.0014104  0.0013522 -0.0016717  0.0013618  0.0012064
C  0  1  23  0  1  3   0.0039470  0.0031142 -0.0000488 -0.0022390 -0.0010443  0.0009546  0.0013746  0.0007315 -0.0027653 -0.0037369 -0.0002034 -0.0003670  0.0036316 -0.0039805  0.0013262  0.0027439
C  0  1  23  0  1  4  -0.0000506 -0.0009355 -0.0012909  0.0033404  0.0013264 -0.0008727 -0.0000240 -0.0001723  0.0023861  0.0017727 -0.0007828 -0.0015818  0.0013117 -0.0001619 -0.0010087 -0.0029111
C  0  1  23  0  1  5   0.0020662  0.0016698 -0.0010799 -0.0000794  0.0007138 -0.0006827 -0.0007740  0.0002070  0.0019425 -0.0021849 -0.0010988 -0.0011979  0.0019115  0.0005022 -0.0019777 -0.0008958
C  0  1  23  0  1  6   0.0023400 -0.0017722 -0.0010396 -0.0004595  0.0013756  0.0002310 -0.0017125 -0.0024557 -0.0008216 -0.0015628 -0.0013581 -0.0009828  0.0001655 -0.0018071  0.0036024 -0.0008255
C  0  1  23  0  1  7   0.0016401  0.0006060  0.0003521  0.0003178  0.0027218 -0.0001909 -0.0005613 -0.0006901  0.0014916 -0.0023544  0.0010084 -0.0022414 -0.0004728 -0.0006985 -0.0008072  0.0007628
C  0  1  23  0  1  8   0.0014423  0.0013728 -0.0003188 -0.0000908 -0.0004692  0.0003222  0.0011565  0.0016272  0.0016617  0.0002940  0.0001988 -0.0010032 -0.0013205  0.0014099 -0.0007615  0.0001213
C  0  1  23  0  1  9  -0.0027415  0.0030328  0.0010496 -0.0008455 -0.0006492 -0.0008474  0.0026145 -0.0005967 -0.0007175 -0.0009596 -0.0018318 -0.0014297 -0.0000336 -0.0005656 -0.0019889  0.0015055
C  0  1  23  0  1 10  -0.0000874 -0.0003763  0.0017184  0.0011327  0.0017730 -0.0000554 -0.0007003 -0.0007733 -0.0016149 -0.0031015  0.0001509 -0.0001716 -0.0014280 -0.0008544  0.0003922  0.0007389
C  0  1  23  0  1 11   0.0018270  0.0001185 -0.0008194  0.0007927 -0.0005481  0.0011393 -0.0020368 -0.0020019 -0.0015947  0.0006622  0.0002027 -0.0009214  0.0014534 -0.0010543 -0.0012267 -0.0002176
C  0  1  23  0  1 12   0.0014316  0.0005658  0.0003364  0.0017624  0.0017466  0.0006341  0.0007167  0.0009568 -0.0004968 -0.0002840  0.0010731  0.0031303  0.0006981 -0.0002841 -0.0008542  0.0011009
C  0  1  23  0  1 13   0.0021718 -0.0008872 -0.0007145  0.0022221  0.0025099 -0.0003240 -0.0010655  0.0005204  0.0000717  0.0000243 -0.0008627 -0.0024427 -0.0008126 -0.0003823 -0.0003537  0.0023008
C  0  1  23  0  1 14   0.0026125  0.0019198  0.0023178  0.0014869  0.0007063 -0.0001259 -0.0029667  0.0011332  0.0003483  0.0024941  0.0012224 -0.0008867  0.0022670  0.0008083  0.0004065  0.0017504
C  0  1  23  0  1 15   0.0008793  0.0008873 -0.0020175  0.0011961 -0.0002982  0.0018002  0.0015530 -0.0022386  0.0011911 -0.0037355  0.0006754  0.0009942 -0.0010808  0.0010287  0.0000461 -0.0011744
C  0  1  23  0  1 16   0.0035050  0.0035152 -0.0007351  0.0031867  0.0011512  0.0016911 -0.0000622 -0.0015914 -0.0002406  0.0006423  0.0026217  0.0006598 -0.0003147  0.0008335  0.0020001  0.0011374
C  0  1  23  0  1 17   0.0008922  0.0002425 -0.0018685  0.0038143  0.0001643  0.0004110  0.0029024  0.0027207 -0.0017620  0.0023277  0.0011969 -0.0007618  0.0005045 -0.0022174  0.0059323  0.0035727
C  0  1  23  0  1 18   0.0051367  0.0033811  0.0013669 -0.0002049 -0.0007539  0.0026683  0.0019562  0.0012913  0.0009971  0.0033521  0.0046060  0.0015268  0.0000063  0.0019722  0.0023885  0.0075322
C  0  1  23  0  1 19   0.0008097  0.0028495  0.0025599  0.0019722  0.0002432  0.0015987  0.0042618  0.0021315  0.0015680  0.0039112  0.0012741 -0.0012054  0.0002955  0.0002518  0.0028098  0.0031868
C  0  1  23  0  1 20   0.0061206  0.0061749  0.0054231  0.0031043 -0.0013666  0.0001549  0.0011526  0.0038425  0.0036146  0.0031396  0.0025283 -0.0032224 -0.0005014  0.0046369  0.0074716  0.0059196
C  0  1  23  0  1 21   0.0124580  0.0152241  0.0080942  0.0016075 -0.0041049 -0.0034183 -0.0070931 -0.0039066 -0.0041642 -0.0027722  0.0028954  0.0037432 -0.0011126  0.0063513  0.0108945  0.0068870
C  0  1  23  1  0  0  -0.4569132 -0.3324180 -0.3992015 -0.3744362 -0.2453199 -0.4030590 -0.3129408 -0.3236113 -0.3453381 -0.3692108 -0.3829018 -0.4508017 -0.4102621 -0.3302943 -0.3505061 -0.5204558
C  0  1  23  1  0  1  -0.3335489 -0.3273360 -0.2508981 -0.2451468 -0.3326686 -0.2958035 -0.2750013 -0.2383441 -0.2646438 -0.2214310 -0.3490273 -0.2789721 -0.3334236 -0.3609999 -0.3515994 -0.3773995
C  0  1  23  1  0  2  -0.3326046 -0.3540725 -0.2313312 -0.3086400 -0.3032164 -0.2664783 -0.2408657 -0.2628860 -0.2767801 -0.2404185 -0.3303644 -0.3093223 -0.3441759 -0.3664288 -0.2584347 -0.3317779
C  0  1  23  1  0  3  -0.2824002 -0.2987074 -0.3028952 -0.2347476 -0.2682099 -0.2692247 -0.1608957 -0.1415917 -0.1253242 -0.2361157 -0.2273737 -0.2300126 -0.2698398 -0.2585313 -0.2781809 -0.3042086
C  0  1  23  1  0  4  -0.2741819 -0.2438391 -0.2413930 -0.2531653 -0.2341573 -0.1937499 -0.2413893 -0.2403784 -0.2093954 -0.1737558 -0.1802277 -0.2847361 -0.3082850 -0.2477872 -0.2794468 -0.2898656
C  0  1  23  1  0  5  -0.2260329 -0.1770073 -0.1957025 -0.1736869 -0.1809204 -0.1120996 -0.1792160 -0.1553996 -0.1868622 -0.1579530 -0.1492687 -0.2043004 -0.2109209 -0.1250338 -0.1584574 -0.1637250
C  0  1  23  1  0  6  -0.1111817 -0.0899764 -0.1742148 -0.1841402 -0.1089935 -0.0957005 -0.1357139 -0.1162837 -0.0957187 -0.0844310 -0.1010036 -0.1026118 -0.1110342 -0.1453862 -0.1134717 -0.1819001
C  0  1  23  1  0  7  -0.1534818 -0.1324244 -0.1500776 -0.1106223 -0.1351305 -0.1752814 -0.1699234 -0.1105227 -0.1373868 -0.0762896 -0.1058556 -0.1214397 -0.1650760 -0.1278290 -0.1181168 -0.1383184
C  0  1  23  1  0  8  -0.1779450 -0.1221679 -0.1434069 -0.1160015 -0.1491241 -0.1628507 -0.1803849 -0.1246406 -0.1461447 -0.0872291 -0.1463382 -0.1865803 -0.1124652 -0.1610454 -0.1562175 -0.1678036
C  0  1  23  1  0  9  -0.1388181 -0.1176172 -0.0832794 -0.1148482 -0.1000379 -0.1403513 -0.1244146 -0.1809249 -0.1232589 -0.1138467 -0.0491735 -0.1311445 -0.1271405 -0.1117805 -0.1372895 -0.1428656
C  0  1  23  1  0 10  -0.1215739 -0.1112274 -0.1037911 -0.1598715 -0.1503667 -0.1240120 -0.1257507 -0.1242227 -0.0902564 -0.1217480 -0.1318780 -0.1163248 -0.0995400 -0.1539032 -0.1403623 -0.1106646
C  0  1  23  1  0 11  -0.1697982 -0.1224134 -0.1584412 -0.0868801 -0.1046689 -0.1353671 -0.1119203 -0.1272311 -0.1729855 -0.0992447 -0.1430844 -0.1397458 -0.1298172 -0.1275658 -0.0918217 -0.1273958
C  0  1  23  1  0 12  -0.0673461 -0.1155387 -0.1314171 -0.0927518 -0.1285173 -0.1212343 -0.1552449 -0.1882047 -0.1308284 -0.1352926 -0.1381538 -0.0951985 -0.0537029 -0.1388942 -0.0988113 -0.1199303
C  0  1  23  1  0 13  -0.0986523 -0.1523622 -0.1877429 -0.1517777 -0.1473522 -0.1505624 -0.1576604 -0.1714366 -0.1354023 -0.1418862 -0.1651353 -0.1138482 -0.1606838 -0.1626000 -0.1943020 -0.1358254
C  0  1  23  1  0 14  -0.1094584 -0.1405704 -0.1570175 -0.1763709 -0.1929188 -0.1205287 -0.1107333 -0.1964123 -0.1532079 -0.1500587 -0.1353859 -0.1335914 -0.1435566 -0.0996390 -0.1254490 -0.1664813
C  0  1  23  1  0 15  -0.1057089 -0.2212375 -0.1370780 -0.1071944 -0.1736303 -0.1350117 -0.1455269 -0.1558939 -0.1355781 -0.1157601 -0.1197263 -0.1612954 -0.0872387 -0.1086967 -0.0884287 -0.1365308
C  0  1  23  1  0 16  -0.1687786 -0.1455638 -0.1352644 -0.1652267 -0.1998817 -0.1456810 -0.2132675 -0.2022302 -0.1498365 -0.2051117 -0.1419370 -0.1868649 -0.1194439 -0.1526774 -0.1292000 -0.1140585
C  0  1  23  1  0 17  -0.2367023 -0.2533052 -0.2090461 -0.3038852 -0.2059143 -0.2423810 -0.2101601 -0.2323769 -0.2287446 -0.1970142 -0.2401561 -0.2279133 -0.1844059 -0.2888523 -0.2083540 -0.2254418
C  0  1  23  1  0 18  -0.2216954 -0.2634680 -0.2124789 -0.2055792 -0.2225492 -0.2239659 -0.2639783 -0.2888269 -0.2427631 -0.1853066 -0.2194337 -0.2853986 -0.2411915 -0.1492985 -0.1659701 -0.1977817
C  0  1  23  1  0 19  -0.2875512 -0.2895623 -0.2970373 -0.2728791 -0.2766070 -0.2505991 -0.2569011 -0.2184024 -0.3135286 -0.3063408 -0.2134663 -0.3036693 -0.2352190 -0.2772726 -0.3189905 -0.2706567
C  0  1  23  1  0 20  -0.2667822 -0.2572540 -0.3485573 -0.2798632 -0.3048677 -0.1860105 -0.2942031 -0.3205859 -0.3651224 -0.3432214 -0.2747304 -0.3252409 -0.3911849 -0.3262755 -0.2844547 -0.2894151
C  0  1  23  1  0 21  -0.4040009 -0.4035446 -0.3344731 -0.3604937 -0.2946250 -0.2826935 -0.3158044 -0.3990324 -0.4560479 -0.4364985 -0.2786113 -0.3355755 -0.2416906 -0.4239618 -0.3752592 -0.4201331
C  0  1  23  1  1  0   0.0446725  0.0492705  0.0422005  0.0236054  0.0007226 -0.0209530 -0.0334757 -0.0419645 -0.0467131 -0.0370186 -0.0330065 -0.0193070  0.0026182  0.0049762  0.0244170  0.0388902
C  0  1  23  1  1  1   0.0248508  0.0238652  0.0179251  0.0116015  0.0032030 -0.0087678 -0.0139076 -0.0172656 -0.0172665 -0.0151854 -0.0149828 -0.0071773  0.0033023  0.0088019  0.0114493  0.0245267
C  0  1  23  1  1  2   0.0120629  0.0126102  0.0082299  0.0063147  0.0016566 -0.0032395 -0.0083180 -0.0074837 -0.0093576 -0.0067183 -0.0045331 -0.0028342  0.0004097  0.0015996  0.0050214  0.0115681
C  0  1  23  1  1  3   0.0070452  0.0077468  0.0032768  0.0037119  0.0012619  0.0008950 -0.0037545 -0.0011768  0.0005096  0.0004030 -0.0024334 -0.0015555  0.0010150  0.0026172  0.0026687  0.0061316
C  0  1  23  1  1  4   0.0017385  0.0028664 -0.0000588  0.0007793  0.0033212  0.0026144 -0.0001430  0.0017968  0.0041137  0.0031842 -0.0004977 -0.0004608  0.0019751  0.0017123  0.0034678  0.0034880
C  0  1  23  1  1  5   0.0017796  0.0013450 -0.0002937  0.0044053  0.0022266  0.0028655  0.0033897  0.0039624  0.0052800  0.0019944 -0.0012558 -0.0012393  0.0007535  0.0022685  0.0026691 -0.0010130
C  0  1  23  1  1  6   0.0015976  0.0012017  0.0012179  0.0029309  0.0031657  0.0033797  0.0047577  0.0046016  0.0032846  0.0006233 -0.0002653 -0.0008553  0.0007185  0.0003904 -0.0003041 -0.0008762
C  0  1  23  1  1  7  -0.0017112  0.0019390  0.0014949  0.0042029  0.0041539  0.0044719  0.0056554  0.0028262  0.0030102  0.0011587 -0.0007171  0.0002745  0.0017084  0.0007752  0.0004932 -0.0027749
C  0  1  23  1  1  8  -0.0011782  0.0008445  0.0020165  0.0012628  0.0041842  0.0036351  0.0044392  0.0049295  0.0047143  0.0010482  0.0008875  0.0001314  0.0012389  0.0012261  0.0015463 -0.0015740
C  0  1  23  1  1  9   0.0002601  0.0021701  0.0018563  0.0023677  0.0034141  0.0029329  0.0035592  0.0039823  0.0027782  0.0001126  0.0011222  0.0008829  0.0003428 -0.0004394 -0.0003515 -0.0022412
C  0  1  23  1  1 10  -0.0009067  0.0019490  0.0015990  0.0016676  0.0022635  0.0012783  0.0013728  0.0021725  0.0030006  0.0001349 -0.0007972  0.0001048 -0.0017447  0.0001740  0.0017137 -0.0004754
C  0  1  23  1  1 11   0.0008216  0.0013918  0.0015608  0.0009518  0.0028233 -0.0004242  0.0021157  0.0024670  0.0023931  0.0016011 -0.0020360 -0.0009073 -0.0009376 -0.0006621  0.0011532 -0.0015661
C  0  1  23  1  1 12   0.0001578  0.0012646  0.0027236  0.0034640  0.0021435  0.0010014  0.0014689  0.0034320  0.0043239  0.0010838  0.0016332  0.0005835  0.0003780 -0.0009458  0.0009694 -0.0009550
C  0  1  23  1  1 13  -0.0003792  0.0022439  0.0017834  0.0028209  0.0016067  0.0032553  0.0041036  0.0049953  0.0043217  0.0008332  0.0009331  0.0000536 -0.0010764 -0.0011646 -0.0005133 -0.0014625
C  0  1  23  1  1 14  -0.0009853  0.0007943  0.0022162  0.0040836  0.0034091  0.0019853  0.0036207  0.0062387  0.0050616  0.0015225  0.0016798 -0.0006647 -0.0025942 -0.0015641 -0.0014939 -0.0026289
C  0  1  23  1  1 15  -0.0020946  0.0006726  0.0017403  0.0029287  0.0032846 -0.0011524  0.0024769  0.0031225  0.0065669  0.0023326  0.0020088  0.0002222 -0.0035761 -0.0058208 -0.0064485 -0.0054097
C  0  1  23  1  1 16  -0.0017805  0.0010942  0.0027834  0.0043600  0.0024460  0.0008813  0.0046775  0.0037028  0.0040401  0.0062113  0.0022443  0.0026028 -0.0020237 -0.0024997 -0.0037926 -0.0045630
C  0  1  23  1  1 17  -0.0039608  0.0015958  0.0008729  0.0057314  0.0017345 -0.0022619  0.0014258  0.0029043  0.0032901  0.0037156  0.0037282  0.0014371 -0.0013652 -0.0048306 -0.0045936 -0.0049388
C  0  1  23  1  1 18  -0.0004689  0.0057974  0.0045687  0.0056610  0.0043233  0.0005071 -0.0021733 -0.0010486  0.0021045  0.0033445  0.0017779  0.0002733 -0.0016831 -0.0034752 -0.0062185 -0.0032833
C  0  1  23  1  1 19   0.0012357  0.0078164  0.0124266  0.0102988  0.0056578  0.0010120 -0.0033951 -0.0010792  0.0021748  0.0051998  0.0012687 -0.0003093 -0.0033653 -0.0040701 -0.0057353 -0.0020799
C  0  1  23  1  1 20   0.0017422  0.0139982  0.0164976  0.0128896  0.0067057  0.0039942 -0.0012786 -0.0006368  0.0005998  0.0060017  0.0017556 -0.0005275 -0.0067338 -0.0089975 -0.0046862 -0.0067978
C  0  1  23  1  1 21   0.0105673  0.0211927  0.0333507  0.0246301  0.0174139  0.0165540  0.0111708  0.0115436  0.0128571  0.0130030  0.0002959 -0.0031764 -0.0088075 -0.0206789 -0.0068815  0.0009305
