CPHI 16 
CETA 22 -2.40 -2.10 -1.85 -1.60 -1.40 -1.20 -1.00 -0.80 -0.60 -0.40 -0.20  0.00  0.20  0.40  0.60  0.80  1.00  1.20  1.40  1.60  1.85  2.10  2.40 
RMIN  6 
RTRK 12 
RETA 11  0.00  0.20  0.40  0.60  0.80  1.00  1.20  1.40  1.60  1.85  2.10  2.40 
T 0 1  24  0  0  0    0.0000000   0.0006197   0.0017064   0.0032585   0.0124264   0.0694472   0.2776954   0.6533483   1.0000000   1.0000000   1.0000000   1.0000000   1.0000000
T 0 1  24  0  0  1    0.0000000   0.0001525   0.0005672   0.0023774   0.0124479   0.0590032   0.2256087   0.5888680   1.0000000   1.0000000   1.0000000   1.0000000   1.0000000
T 0 1  24  0  0  2    0.0000000   0.0001263   0.0005178   0.0018267   0.0106063   0.0555503   0.2104832   0.5741945   1.0000000   1.0000000   1.0000000   1.0000000   1.0000000
T 0 1  24  0  0  3    0.0000000   0.0002158   0.0005945   0.0017526   0.0117615   0.0631259   0.2259067   0.5866474   1.0000000   1.0000000   1.0000000   1.0000000   1.0000000
T 0 1  24  0  0  4    0.0000000   0.0004079   0.0025674   0.0142416   0.0629201   0.2040140   0.4887681   0.8216602   1.0000000   1.0000000   1.0000000   1.0000000   1.0000000
T 0 1  24  0  0  5    0.0000000   0.0010035   0.0072774   0.0513642   0.2049830   0.5320458   0.8757863   0.9993875   1.0000000   1.0000000   1.0000000   1.0000000   1.0000000
T 0 1  24  0  0  6    0.0000000   0.0002916   0.0012826   0.0104977   0.0675820   0.2776093   0.6629234   0.9310550   0.9981926   0.9999994   1.0000000   1.0000000   1.0000000
T 0 1  24  0  0  7    0.0000000   0.0000441   0.0003489   0.0008668   0.0047516   0.0312325   0.1196850   0.2975185   0.5821356   0.8693764   0.9845218   0.9998715   1.0000000
T 0 1  24  0  0  8    0.0000000   0.0000015   0.0000311   0.0001034   0.0003698   0.0009840   0.0042458   0.0252070   0.1197408   0.3932604   0.7898856   0.9689646   1.0000000
T 0 1  24  0  0  9    0.0000000   0.0000073   0.0000086   0.0000275   0.0005218   0.0035440   0.0184651   0.0865088   0.3018843   0.6578168   0.9387151   0.9999196   1.0000000
T 0 1  24  0  0 10    0.0000000   0.0067453   0.0288882   0.0463538   0.0790577   0.1684174   0.3378492   0.6895382   0.9105146   0.9701454   0.9998501   1.0000000   1.0000000
T 0 1  24  1  0  0    0.0000000   0.0005148   0.0016399   0.0047460   0.0213440   0.1017716   0.3374237   0.6994022   1.0000000   1.0000000   1.0000000   1.0000000   1.0000000
T 0 1  24  1  0  1    0.0000000   0.0002633   0.0010891   0.0042307   0.0181163   0.0752157   0.2537985   0.6193956   1.0000000   1.0000000   1.0000000   1.0000000   1.0000000
T 0 1  24  1  0  2    0.0000000   0.0002194   0.0008486   0.0027728   0.0124455   0.0616642   0.2339277   0.6064318   1.0000000   1.0000000   1.0000000   1.0000000   1.0000000
T 0 1  24  1  0  3    0.0000000   0.0002283   0.0008669   0.0027852   0.0140251   0.0700545   0.2491207   0.6198491   1.0000000   1.0000000   1.0000000   1.0000000   1.0000000
T 0 1  24  1  0  4    0.0000000   0.0004356   0.0027620   0.0153929   0.0663357   0.2155446   0.5058694   0.8320271   1.0000000   1.0000000   1.0000000   1.0000000   1.0000000
T 0 1  24  1  0  5    0.0000000   0.0011873   0.0094478   0.0577925   0.2246261   0.5586818   0.8900123   0.9996500   1.0000000   1.0000000   1.0000000   1.0000000   1.0000000
T 0 1  24  1  0  6    0.0000000   0.0004626   0.0026649   0.0180020   0.0942133   0.3329130   0.7236541   0.9536823   0.9988141   0.9999984   1.0000000   1.0000000   1.0000000
T 0 1  24  1  0  7    0.0000000   0.0002246   0.0006446   0.0024765   0.0123245   0.0526267   0.1570011   0.3413836   0.6074237   0.8728054   0.9849908   0.9998878   1.0000000
T 0 1  24  1  0  8    0.0000000   0.0009562   0.0014955   0.0017998   0.0022382   0.0036136   0.0107994   0.0452511   0.1686405   0.4573475   0.8251665   0.9710661   1.0000000
T 0 1  24  1  0  9    0.0000000   0.0021003   0.0074838   0.0131257   0.0159362   0.0198461   0.0401951   0.1288935   0.3661962   0.7154288   0.9583841   0.9999941   1.0000000
T 0 1  24  1  0 10    0.0000000   0.0032254   0.0170235   0.0428863   0.0843736   0.1746921   0.3942474   0.7474223   0.9511020   0.9856143   0.9999985   1.0000000   1.0000000
R 0 1  24  0  0  0    0.0217660   0.0217660   0.0109227   0.0107543   0.0103751   0.0101738   0.0100244   0.0098531   0.0098531   0.0098531   0.0098531   0.0098531
R 0 1  24  0  0  1    0.0116087   0.0116087   0.0116087   0.0116087   0.0109998   0.0109295   0.0109272   0.0108531   0.0108531   0.0108531   0.0108531   0.0108531
R 0 1  24  0  0  2    0.0125348   0.0125348   0.0125348   0.0125348   0.0120617   0.0120090   0.0118476   0.0116945   0.0116945   0.0116945   0.0116945   0.0116945
R 0 1  24  0  0  3    0.0136054   0.0136054   0.0136054   0.0136054   0.0127202   0.0125884   0.0123934   0.0121884   0.0121884   0.0121884   0.0121884   0.0121884
R 0 1  24  0  0  4    0.0191262   0.0191262   0.0191262   0.0174030   0.0169465   0.0159569   0.0144798   0.0130928   0.0130928   0.0130928   0.0130928   0.0130928
R 0 1  24  0  0  5    0.0197223   0.0197223   0.0191301   0.0191036   0.0187150   0.0180542   0.0169647   0.0169647   0.0169647   0.0169647   0.0169647   0.0169647
R 0 1  24  0  0  6    0.0199872   0.0199872   0.0199872   0.0203994   0.0207419   0.0207192   0.0207881   0.0206105   0.0206105   0.0206105   0.0206105   0.0206105
R 0 1  24  0  0  7    0.0204574   0.0204574   0.0204574   0.0204574   0.0209698   0.0210943   0.0211800   0.0209555   0.0205469   0.0197069   0.0197069   0.0197069
R 0 1  24  0  0  8    0.0213472   0.0213472   0.0213472   0.0213472   0.0213472   0.0213472   0.0213472   0.0210082   0.0209915   0.0209900   0.0202712   0.0186221
R 0 1  24  0  0  9    0.0308972   0.0308972   0.0308972   0.0308972   0.0308972   0.0308972   0.0298126   0.0288391   0.0274872   0.0264660   0.0249666   0.0249666
R 0 1  24  0  0 10    0.0799740   0.0710830   0.0585823   0.0533998   0.0475952   0.0439848   0.0410449   0.0356090   0.0338802   0.0307406   0.0307406   0.0307406
R 0 1  24  0  1  0    0.0000000   0.0000000   0.0000000   0.0000757   0.0000844   0.0000822   0.0000719   0.0000681   0.0000681   0.0000681   0.0000681   0.0000681
R 0 1  24  0  1  1    0.0000486   0.0000486   0.0000486   0.0000486   0.0000611   0.0000726   0.0000592   0.0000554   0.0000554   0.0000554   0.0000554   0.0000554
R 0 1  24  0  1  2    0.0000740   0.0000740   0.0000740   0.0000740   0.0000719   0.0000629   0.0000605   0.0000530   0.0000530   0.0000530   0.0000530   0.0000530
R 0 1  24  0  1  3    0.0000803   0.0000803   0.0000803   0.0000803   0.0000703   0.0000534   0.0000543   0.0000483   0.0000483   0.0000483   0.0000483   0.0000483
R 0 1  24  0  1  4    0.0001361   0.0001361   0.0001361   0.0000815   0.0000935   0.0000777   0.0000521   0.0000475   0.0000475   0.0000475   0.0000475   0.0000475
R 0 1  24  0  1  5    0.0001862   0.0001862   0.0000696   0.0000715   0.0000675   0.0000587   0.0000399   0.0000399   0.0000399   0.0000399   0.0000399   0.0000399
R 0 1  24  0  1  6    0.0000992   0.0000992   0.0000992   0.0000494   0.0000515   0.0000562   0.0000539   0.0000103   0.0000103   0.0000103   0.0000103   0.0000103
R 0 1  24  0  1  7    0.0000000   0.0000000   0.0000000   0.0000000   0.0000819   0.0000657   0.0000616   0.0000748   0.0000769   0.0000582   0.0000582   0.0000582
R 0 1  24  0  1  8    0.0001179   0.0001179   0.0001179   0.0001179   0.0001179   0.0001179   0.0001179   0.0001096   0.0001085   0.0000984   0.0000862   0.0000528
R 0 1  24  0  1  9    0.0002696   0.0002696   0.0002696   0.0002696   0.0002696   0.0002696   0.0002316   0.0002022   0.0001791   0.0001560   0.0001434   0.0001434
R 0 1  24  0  1 10    0.0015507   0.0010868   0.0006896   0.0007186   0.0005838   0.0004747   0.0003876   0.0002602   0.0002013   0.0001744   0.0001744   0.0001744
R 0 1  24  0  2  0    0.0000000   0.0000000   0.0000000   0.0000000   0.0000000   0.0000059   0.0000082   0.0000128   0.0000128   0.0000128   0.0000128   0.0000128
R 0 1  24  0  2  1    0.0000000   0.0000000   0.0000000   0.0000000   0.0000000   0.0000162   0.0000184   0.0000073   0.0000073   0.0000073   0.0000073   0.0000073
R 0 1  24  0  2  2    0.0000000   0.0000000   0.0000000   0.0000000   0.0000592   0.0000162   0.0000094   0.0000167   0.0000167   0.0000167   0.0000167   0.0000167
R 0 1  24  0  2  3    0.0000000   0.0000000   0.0000000   0.0000000   0.0000000   0.0000000   0.0000117   0.0000063   0.0000063   0.0000063   0.0000063   0.0000063
R 0 1  24  0  2  4    0.0000000   0.0000000   0.0000000   0.0000000   0.0000000   0.0000122   0.0000070   0.0000092   0.0000092   0.0000092   0.0000092   0.0000092
R 0 1  24  0  2  5    0.0000000   0.0000000   0.0000000   0.0000198   0.0000183   0.0000245   0.0000000   0.0000000   0.0000000   0.0000000   0.0000000   0.0000000
R 0 1  24  0  2  6    0.0000000   0.0000000   0.0000000   0.0000000   0.0000000   0.0000000   0.0000000   0.0000000   0.0000000   0.0000000   0.0000000   0.0000000
R 0 1  24  0  2  7    0.0000000   0.0000000   0.0000000   0.0000000   0.0000000   0.0000000   0.0000000   0.0000000   0.0000121   0.0000000   0.0000000   0.0000000
R 0 1  24  0  2  8    0.0000000   0.0000000   0.0000000   0.0000000   0.0000000   0.0000000   0.0000000   0.0000000   0.0000000   0.0000000   0.0000000   0.0000000
R 0 1  24  0  2  9    0.0000000   0.0000000   0.0000000   0.0000000   0.0000000   0.0000000   0.0000000   0.0000355   0.0000000   0.0000178   0.0000000   0.0000000
R 0 1  24  0  2 10    0.0000000   0.0000000   0.0000000   0.0000000   0.0000000   0.0000000   0.0000000   0.0000000   0.0000000   0.0000000   0.0000000   0.0000000
R 0 1  24  0  3  0    1.1107500   1.1107500   1.1859235   1.0132497   0.9952651   0.9856606   0.9813556   0.9824755   0.9824755   0.9824755   0.9824755   0.9824755
R 0 1  24  0  3  1    1.0326214   1.0326214   1.0326214   1.0326214   0.9908814   0.9819828   0.9789601   0.9793416   0.9793416   0.9793416   0.9793416   0.9793416
R 0 1  24  0  3  2    1.0337614   1.0337614   1.0337614   1.0337614   0.9971316   0.9829179   0.9820320   0.9816697   0.9816697   0.9816697   0.9816697   0.9816697
R 0 1  24  0  3  3    0.9803613   0.9803613   0.9803613   0.9803613   1.0012919   0.9863795   0.9809773   0.9807321   0.9807321   0.9807321   0.9807321   0.9807321
R 0 1  24  0  3  4    1.0147261   1.0147261   1.0147261   0.9882712   0.9802321   0.9707865   0.9778925   0.9895034   0.9895034   0.9895034   0.9895034   0.9895034
R 0 1  24  0  3  5    1.0672115   1.0672115   0.9965163   0.9830983   0.9741481   0.9724513   0.9741250   0.9741250   0.9741250   0.9741250   0.9741250   0.9741250
R 0 1  24  0  3  6    1.0355422   1.0355422   1.0355422   1.0012403   0.9906369   0.9842336   0.9842964   0.9900634   0.9900634   0.9900634   0.9900634   0.9900634
R 0 1  24  0  3  7    1.0948263   1.0948263   1.0948263   1.0948263   1.0266578   0.9988808   0.9883029   0.9859237   0.9886939   0.9902626   0.9902626   0.9902626
R 0 1  24  0  3  8    1.0243115   1.0243115   1.0243115   1.0243115   1.0243115   1.0243115   1.0243115   0.9931434   0.9818094   0.9831839   0.9858378   1.0230698
R 0 1  24  0  3  9    1.0251331   1.0251331   1.0251331   1.0251331   1.0251331   1.0251331   0.9982071   0.9741848   0.9758089   0.9833412   1.0010463   1.0010463
R 0 1  24  0  3 10    1.0536773   1.0333075   1.0415477   0.9884249   0.9756435   0.9699851   0.9652987   0.9667049   1.0030482   1.0180415   1.0180415   1.0180415
R 0 1  24  0  4  0    1.2290840   1.2290840   1.4070755   2.1575772   2.2746735   2.2663961   2.2426548   2.2746441   2.2746441   2.2746441   2.2746441   2.2746441
R 0 1  24  0  4  1    1.9482676   1.9482676   1.9482676   1.9482676   2.1220282   2.2017490   2.2086234   2.1997822   2.1997822   2.1997822   2.1997822   2.1997822
R 0 1  24  0  4  2    1.9425287   1.9425287   1.9425287   1.9425287   2.1923394   2.2096948   2.2384173   2.2611230   2.2611230   2.2611230   2.2611230   2.2611230
R 0 1  24  0  4  3    1.7464260   1.7464260   1.7464260   1.7464260   2.2937621   2.2632711   2.2223146   2.2071289   2.2071289   2.2071289   2.2071289   2.2071289
R 0 1  24  0  4  4    1.9210230   1.9210230   1.9210230   2.0990091   2.1153710   2.0563939   2.2006225   2.3654533   2.3654533   2.3654533   2.3654533   2.3654533
R 0 1  24  0  4  5    1.8529162   1.8529162   1.9950724   2.1716524   2.0794585   2.0664505   2.0191229   2.0191229   2.0191229   2.0191229   2.0191229   2.0191229
R 0 1  24  0  4  6    1.9930932   1.9930932   1.9930932   2.1727479   2.3550198   2.3433253   2.3447168   2.2913991   2.2913991   2.2913991   2.2913991   2.2913991
R 0 1  24  0  4  7    1.8218561   1.8218561   1.8218561   1.8218561   2.3141252   2.3571533   2.3343652   2.3381462   2.3980672   2.3716967   2.3716967   2.3716967
R 0 1  24  0  4  8    2.3664441   2.3664441   2.3664441   2.3664441   2.3664441   2.3664441   2.3664441   2.2207892   2.1947751   2.2664146   2.2661701   2.2272097
R 0 1  24  0  4  9    2.0147205   2.0147205   2.0147205   2.0147205   2.0147205   2.0147205   2.0361176   2.0145756   2.0762399   2.1791539   2.1289947   2.1289947
R 0 1  24  0  4 10    1.9781808   2.2064983   1.9568543   1.9067765   1.9931353   1.9736633   1.9252517   1.9181522   2.1078184   2.1384171   2.1384171   2.1384171
R 0 1  24  0  5  0   25.4067622  25.4067622   7.2197902   3.4562815   3.3762410   3.9606250   4.1754960   3.9690423   3.9690423   3.9690423   3.9690423   3.9690423
R 0 1  24  0  5  1    4.2469637   4.2469637   4.2469637   4.2469637   4.0933422   4.1688415   4.2988163   4.3634101   4.3634101   4.3634101   4.3634101   4.3634101
R 0 1  24  0  5  2    3.7897963   3.7897963   3.7897963   3.7897963   4.0426721   4.4478436   4.0975386   4.0276782   4.0276782   4.0276782   4.0276782   4.0276782
R 0 1  24  0  5  3    4.7905580   4.7905580   4.7905580   4.7905580   3.5597022   3.9673393   4.4002495   4.4510767   4.4510767   4.4510767   4.4510767   4.4510767
R 0 1  24  0  5  4    4.7919710   4.7919710   4.7919710   4.3060768   4.9442560   5.2462068   3.9471183   3.2054177   3.2054177   3.2054177   3.2054177   3.2054177
R 0 1  24  0  5  5    3.8594870   3.8594870   5.2359887   4.4051183   5.3816335   4.9643336   3.9967181   3.9967181   3.9967181   3.9967181   3.9967181   3.9967181
R 0 1  24  0  5  6    3.1482996   3.1482996   3.1482996   4.3283225   3.2323494   2.9300822   2.4138459   1.9376052   1.9376052   1.9376052   1.9376052   1.9376052
R 0 1  24  0  5  7    4.1627632   4.1627632   4.1627632   4.1627632   3.7142475   2.9426374   3.0002431   2.9062026   2.5752501   2.0507359   2.0507359   2.0507359
R 0 1  24  0  5  8    3.0782070   3.0782070   3.0782070   3.0782070   3.0782070   3.0782070   3.0782070   4.5073814   4.6375272   4.3009028   3.7214922   4.4713243
R 0 1  24  0  5  9    5.9433300   5.9433300   5.9433300   5.9433300   5.9433300   5.9433300   6.9070586   6.8081785   6.0686123   5.9001870   6.8093745   6.8093745
R 0 1  24  0  5 10    5.7133177   4.3251425   4.1044110   5.9681742   5.3608123   6.5790488   8.3678396   8.5805199   6.5477363   6.2015032   6.2015032   6.2015032
F  0  1  24  0  0  0    1.0026244   1.0557723   1.0136832   0.9825429   0.9748677   0.9885097   0.9932032   0.9949540   0.9972960   0.9901758   0.9771398
F  0  1  24  1  0  0    1.0693085   1.0881830   1.0645530   1.0426478   1.0562010   1.0757383   1.0685189   1.0533864   1.0393179   1.0705229   1.0850347
C  0  1  24  0  0  0  -0.2507165 -0.0331087 -0.1610616 -0.4322231 -0.1450564 -0.0852334 -0.0448713 -0.2620837 -0.2337978 -0.1250415 -0.1438389 -0.1872467 -0.1269910 -0.2953682 -0.1840946 -0.0346258
C  0  1  24  0  0  1  -0.0459690 -0.2095255 -0.1166835 -0.1309347 -0.1236052 -0.1828292 -0.1722401 -0.1870318 -0.1118190 -0.0503352  0.0395478 -0.0854568 -0.1744147 -0.1471460 -0.2701690 -0.1277085
C  0  1  24  0  0  2  -0.0814304 -0.0895805 -0.1355653 -0.1766038  0.0000727 -0.0689735 -0.0316271 -0.1082888 -0.0812418 -0.0811304 -0.0625130 -0.0279414 -0.0890118 -0.0699632 -0.0313659 -0.0889011
C  0  1  24  0  0  3  -0.0337776 -0.0988305 -0.0851275  0.0052029  0.0623937 -0.1446526 -0.0917833  0.0416841 -0.0157140  0.0357522 -0.1070967 -0.1765283 -0.1775771 -0.1033727 -0.0716264 -0.0398659
C  0  1  24  0  0  4  -0.0904235 -0.0990411 -0.0599982 -0.1276875 -0.0779576 -0.1528007 -0.0177558 -0.0935455  0.0270353 -0.0789462 -0.0973318 -0.0218779 -0.1691407 -0.1595542 -0.0773408 -0.0206628
C  0  1  24  0  0  5  -0.0236307 -0.0138661 -0.0961993  0.0359504  0.0487217 -0.0503157 -0.0281771 -0.0620692  0.0204011  0.0065831 -0.0256166  0.0038765 -0.0876202  0.0530930  0.0662141  0.0094834
C  0  1  24  0  0  6   0.0407841  0.0656202  0.0877579  0.0264786 -0.0168598 -0.0400531 -0.0737948 -0.0857503 -0.0694627 -0.0390183 -0.0188374  0.0090398 -0.0388171 -0.0496694 -0.0362978  0.0502173
C  0  1  24  0  0  7  -0.0119118  0.0105168  0.0284764  0.0117288  0.0351105 -0.0209740 -0.0147289 -0.0241047 -0.0866910 -0.0297685  0.0502585 -0.0307545 -0.0249709  0.0353484  0.0156241  0.0279041
C  0  1  24  0  0  8   0.0371507  0.0109766  0.0436716  0.0114527 -0.0357044  0.0930213 -0.0376027  0.0038762 -0.0235623 -0.0320465 -0.0067899  0.0714681  0.0505978  0.0739523 -0.0718626 -0.0308862
C  0  1  24  0  0  9  -0.0477329 -0.0792290  0.0419576  0.0105835  0.0439780 -0.0169347  0.0067007  0.0185583 -0.0634009  0.0160007 -0.0401286  0.0828054  0.0205280  0.0488137  0.0080268  0.1045395
C  0  1  24  0  0 10  -0.0716388 -0.0016613  0.1000023  0.0369057 -0.0189764 -0.0216923 -0.0449390 -0.0067707 -0.0018857 -0.0194586  0.0301246  0.0269524 -0.0463122  0.0569198  0.0444296 -0.0031456
C  0  1  24  0  0 11  -0.0143007  0.0280045  0.0070230  0.0485685  0.0144548  0.0476210  0.0444153  0.0243958  0.0369188  0.0298344 -0.1017464 -0.0390554  0.0092559 -0.0468846 -0.0412667 -0.0173021
C  0  1  24  0  0 12   0.0907951 -0.0763043  0.0361566  0.0120461  0.0541067  0.0222237 -0.0618820  0.0269588 -0.0336023  0.0486119  0.0182043 -0.0443755 -0.0961607  0.0143275  0.1046411 -0.0127304
C  0  1  24  0  0 13  -0.0464320  0.0080918  0.0830683 -0.0256608 -0.0296832 -0.0293269  0.0378506 -0.0666950  0.0500959  0.1182214 -0.0474952  0.0259375 -0.0289535  0.0479263 -0.0595598  0.0075714
C  0  1  24  0  0 14  -0.0206841  0.0235228 -0.0383834 -0.0260482 -0.0327398  0.0355422 -0.0326579  0.0304858 -0.0053203 -0.0191082  0.0813922  0.0183986  0.0628482  0.0260924 -0.0658885 -0.0838062
C  0  1  24  0  0 15  -0.1313255 -0.0691963 -0.0045445 -0.0870752  0.0436614 -0.1433708  0.0118618  0.0299496 -0.0111443  0.0086682 -0.0384031 -0.1052529  0.0296846 -0.0157571 -0.0024187  0.0066844
C  0  1  24  0  0 16   0.1744023 -0.0564376 -0.0244245 -0.0556232 -0.0933765 -0.0496677 -0.0502142  0.0679950 -0.0069101  0.1374650  0.0081460 -0.0017320 -0.0532163  0.0068026 -0.0761238 -0.0099819
C  0  1  24  0  0 17  -0.0555197 -0.0751617 -0.1008572 -0.1495644 -0.1428639 -0.0646699 -0.1049123  0.0143504 -0.1248814 -0.1373539  0.0178193  0.0503709 -0.0982317 -0.0924930 -0.0243975 -0.0058370
C  0  1  24  0  0 18  -0.1654736  0.0324575 -0.0677039 -0.1181854 -0.1566993 -0.0377282 -0.0182632 -0.0737080 -0.0195220  0.0168939 -0.0468738 -0.0702275 -0.0469891  0.0236017 -0.1813174 -0.0314050
C  0  1  24  0  0 19   0.0466276 -0.1124076 -0.1437357 -0.0651577 -0.1471380 -0.0392434 -0.0783768 -0.0638255 -0.2097578 -0.0012669 -0.0447262 -0.1938217 -0.0079609 -0.0645752  0.0308086 -0.1278158
C  0  1  24  0  0 20  -0.1022840 -0.0298708 -0.0598955  0.0288197 -0.1506772 -0.1481593 -0.2017270 -0.0778185 -0.0537866 -0.1976715 -0.1877492 -0.0191982 -0.0651414 -0.1986090 -0.1830982 -0.2533550
C  0  1  24  0  0 21  -0.2143401 -0.1860112 -0.2302096 -0.2146858 -0.1308059 -0.3016796 -0.3697891 -0.0707990 -0.1134368 -0.1264835 -0.1716510 -0.3024594 -0.4137542 -0.3477541 -0.1540887 -0.3635243
C  0  1  24  0  1  0  -0.0012209  0.0035896 -0.0001933 -0.0012829 -0.0030724  0.0007848  0.0057417 -0.0005242  0.0029225 -0.0042987 -0.0045839  0.0029805  0.0053102  0.0051935  0.0066326  0.0062645
C  0  1  24  0  1  1  -0.0003963  0.0019727 -0.0018559 -0.0035221  0.0000612 -0.0012123  0.0061869  0.0021700  0.0061817 -0.0012000 -0.0018888 -0.0024989  0.0034832  0.0027657  0.0020176  0.0004132
C  0  1  24  0  1  2   0.0025175  0.0002703  0.0012523  0.0000545 -0.0014131 -0.0006903  0.0025660  0.0022340 -0.0012052  0.0003888 -0.0020520 -0.0010598  0.0023851  0.0003917  0.0014237 -0.0008846
C  0  1  24  0  1  3   0.0010232 -0.0007563 -0.0012078 -0.0030492 -0.0023818  0.0006515  0.0034030 -0.0021781 -0.0027583 -0.0025755 -0.0008796  0.0012763  0.0006211  0.0007076  0.0004824  0.0021605
C  0  1  24  0  1  4   0.0040662 -0.0005122 -0.0028742  0.0025568  0.0010874 -0.0025673  0.0018009  0.0003687  0.0016959  0.0019104 -0.0010856 -0.0018239  0.0016604 -0.0016206 -0.0017940 -0.0014828
C  0  1  24  0  1  5   0.0003893  0.0009363 -0.0010034  0.0011050 -0.0020450  0.0000000  0.0010503  0.0011261 -0.0001572 -0.0002040  0.0022022 -0.0021814  0.0010414  0.0013771  0.0003521 -0.0001375
C  0  1  24  0  1  6   0.0025591  0.0008443  0.0000253  0.0012808  0.0013718  0.0003234 -0.0004765  0.0003697  0.0036058 -0.0003788  0.0002053  0.0002686  0.0002313 -0.0018718  0.0004841 -0.0001650
C  0  1  24  0  1  7   0.0019956  0.0005408  0.0019448  0.0009755  0.0018719  0.0012756 -0.0035521  0.0014877 -0.0009235 -0.0011666 -0.0000883 -0.0014916  0.0007723 -0.0014500  0.0010777  0.0006035
C  0  1  24  0  1  8   0.0022535  0.0012341 -0.0014813 -0.0003706  0.0022441  0.0012878  0.0006044  0.0029432  0.0025065 -0.0014891  0.0013471 -0.0001781 -0.0000499  0.0000200  0.0002350  0.0023189
C  0  1  24  0  1  9  -0.0015742 -0.0008009  0.0047204  0.0005370  0.0007623  0.0014833  0.0029680  0.0019700  0.0007750 -0.0015203 -0.0013149 -0.0015334  0.0011079 -0.0000486 -0.0014790  0.0008000
C  0  1  24  0  1 10   0.0018100  0.0002481  0.0009575  0.0030388 -0.0000578  0.0005561 -0.0000946  0.0002614 -0.0016771 -0.0023346 -0.0016567 -0.0009575 -0.0010077 -0.0003430  0.0001451  0.0021343
C  0  1  24  0  1 11   0.0007429 -0.0008538 -0.0003184  0.0032614  0.0013731  0.0008662 -0.0023460 -0.0010381 -0.0020248  0.0004608  0.0001391 -0.0018828  0.0012670  0.0010626 -0.0001983  0.0008719
C  0  1  24  0  1 12   0.0004968  0.0001793  0.0006460 -0.0000827  0.0017803  0.0004866  0.0000910  0.0009890  0.0010850  0.0026174 -0.0001086  0.0021331  0.0016838  0.0027053  0.0002732  0.0003532
C  0  1  24  0  1 13   0.0028933 -0.0025670  0.0010490  0.0008694  0.0043067  0.0019749 -0.0015336  0.0003888 -0.0007510 -0.0006190 -0.0004436 -0.0029269  0.0007184  0.0012097 -0.0001446  0.0017135
C  0  1  24  0  1 14   0.0011450  0.0017001  0.0027382  0.0007130  0.0010775  0.0028210 -0.0008263  0.0013454  0.0007657 -0.0011479  0.0003248  0.0001060  0.0015107  0.0008570  0.0007570  0.0022348
C  0  1  24  0  1 15   0.0020046  0.0012712  0.0011302  0.0009929  0.0017230  0.0017614 -0.0009329 -0.0019205  0.0005160 -0.0022470 -0.0000788  0.0017270  0.0002730  0.0013159  0.0009834 -0.0001310
C  0  1  24  0  1 16   0.0015266  0.0011159  0.0008986  0.0005461 -0.0004676  0.0015553  0.0015347  0.0020698  0.0023180  0.0001654  0.0021027  0.0018348  0.0001169  0.0021877  0.0028414  0.0017280
C  0  1  24  0  1 17  -0.0001999 -0.0013848  0.0000287  0.0025069  0.0020533  0.0035323  0.0001078  0.0019635  0.0001782  0.0014474  0.0019330  0.0002079  0.0027464 -0.0006368  0.0062433  0.0053454
C  0  1  24  0  1 18   0.0074986  0.0051285  0.0041029  0.0019183 -0.0004364  0.0031933  0.0057789 -0.0001786 -0.0012132  0.0022106  0.0025309  0.0027129  0.0024233 -0.0022007  0.0052499  0.0067913
C  0  1  24  0  1 19   0.0024245  0.0036197  0.0023507  0.0043020  0.0016252  0.0018738  0.0031256  0.0014204  0.0044811  0.0033152  0.0001309  0.0002992  0.0000129  0.0029825  0.0024500  0.0036772
C  0  1  24  0  1 20   0.0056586  0.0054220  0.0054514  0.0042917  0.0025367  0.0046171  0.0037174  0.0049157  0.0029936  0.0058264  0.0024576 -0.0024576  0.0032462  0.0033354  0.0058764  0.0055136
C  0  1  24  0  1 21   0.0151221  0.0157033  0.0087498 -0.0026675 -0.0052394 -0.0035004 -0.0067021 -0.0013626  0.0015077 -0.0048853  0.0005035  0.0071618  0.0003698  0.0075497  0.0134602 -0.0000507
C  0  1  24  1  0  0  -0.5022624 -0.3068968 -0.3635416 -0.3135896 -0.1689469 -0.3577882 -0.2977407 -0.3379587 -0.3605950 -0.3223822 -0.3619833 -0.4384462 -0.4618142 -0.4730539 -0.3939218 -0.5375796
C  0  1  24  1  0  1  -0.2977704 -0.3766543 -0.3119504 -0.2642749 -0.3139037 -0.3551911 -0.2228219 -0.2801715 -0.3307891 -0.2662434 -0.3264189 -0.2790758 -0.3662823 -0.4092946 -0.2892877 -0.3058913
C  0  1  24  1  0  2  -0.3230273 -0.3376149 -0.2490225 -0.3067718 -0.3067653 -0.2729574 -0.3016769 -0.2777096 -0.2648428 -0.2277417 -0.2879051 -0.3191008 -0.3254148 -0.3934536 -0.2351203 -0.3947847
C  0  1  24  1  0  3  -0.2635024 -0.2595620 -0.2975217 -0.2743136 -0.2423088 -0.2540777 -0.2168505 -0.1533952 -0.1632465 -0.2040145 -0.2318319 -0.2667301 -0.2432765 -0.2925908 -0.3171835 -0.3159629
C  0  1  24  1  0  4  -0.2796486 -0.2921313 -0.2926559 -0.2863755 -0.2546616 -0.2093533 -0.2914438 -0.2618394 -0.2335798 -0.2147852 -0.2187490 -0.2998643 -0.2824681 -0.3167538 -0.3207537 -0.3127691
C  0  1  24  1  0  5  -0.1975857 -0.1774140 -0.1997626 -0.1777814 -0.1734337 -0.1489328 -0.2005997 -0.1796829 -0.2332923 -0.1716393 -0.1436061 -0.1760449 -0.2414885 -0.1593267 -0.1775355 -0.2140539
C  0  1  24  1  0  6  -0.1402085 -0.0659636 -0.1987474 -0.1807809 -0.1311170 -0.1275655 -0.1587734 -0.1091690 -0.1412170 -0.1378606 -0.1016451 -0.1145982 -0.1233057 -0.1059578 -0.1793872 -0.1780272
C  0  1  24  1  0  7  -0.1531615 -0.1326244 -0.1340283 -0.1160823 -0.1616166 -0.1649861 -0.1273610 -0.1010019 -0.0930530 -0.0934651 -0.1071675 -0.1107453 -0.1810522 -0.1273095 -0.1388906 -0.0920868
C  0  1  24  1  0  8  -0.1640864 -0.0579019 -0.1321093 -0.1524508 -0.1730230 -0.1626035 -0.1353788 -0.1101348 -0.1292601 -0.1116058 -0.1315936 -0.1680593 -0.1252455 -0.1265721 -0.1342100 -0.1209105
C  0  1  24  1  0  9  -0.1233955 -0.1071367 -0.0727351 -0.1075701 -0.1096196 -0.1522681 -0.0741689 -0.1938038 -0.1148080 -0.1234338 -0.0806035 -0.1209101 -0.1092946 -0.0943449 -0.1498485 -0.1570222
C  0  1  24  1  0 10  -0.1331386 -0.1198924 -0.1305102 -0.1493378 -0.1863129 -0.1270990 -0.1702222 -0.1091053 -0.0777046 -0.1387310 -0.1358870 -0.1255810 -0.1027936 -0.1464787 -0.1247528 -0.1242384
C  0  1  24  1  0 11  -0.1216907 -0.0967394 -0.1485525 -0.0957334 -0.0905836 -0.0972892 -0.1204861 -0.1222617 -0.1626082 -0.1012453 -0.1187482 -0.1588278 -0.1246255 -0.1309984 -0.0945916 -0.1450532
C  0  1  24  1  0 12  -0.1183253 -0.0829258 -0.1280387 -0.1017206 -0.1114826 -0.1488029 -0.1669038 -0.1738068 -0.1225833 -0.1326207 -0.1105351 -0.0750134 -0.0835894 -0.1027976 -0.1059180 -0.1134067
C  0  1  24  1  0 13  -0.0830012 -0.1218008 -0.1707339 -0.1023933 -0.1272881 -0.1491489 -0.1581699 -0.1507783 -0.1021488 -0.1398572 -0.1699479 -0.1285857 -0.1435142 -0.1562787 -0.1547178 -0.0921838
C  0  1  24  1  0 14  -0.1488844 -0.1357394 -0.1310948 -0.1478529 -0.1751908 -0.1563286 -0.1701645 -0.1868825 -0.1570417 -0.1671305 -0.1096252 -0.1363360 -0.1200476 -0.0903089 -0.1112005 -0.1762779
C  0  1  24  1  0 15  -0.0976804 -0.1608714 -0.1587158 -0.1271841 -0.1726252 -0.1368022 -0.1809991 -0.1753793 -0.1482834 -0.1068207 -0.1276152 -0.1869363 -0.1325404 -0.1169420 -0.0848971 -0.1703980
C  0  1  24  1  0 16  -0.1626585 -0.1699151 -0.1286776 -0.1731226 -0.2148141 -0.1604431 -0.2074385 -0.1908567 -0.1672140 -0.1933586 -0.1345680 -0.1655139 -0.1286617 -0.1770456 -0.1402091 -0.1245917
C  0  1  24  1  0 17  -0.2700925 -0.2713461 -0.2269186 -0.3111175 -0.2130663 -0.3192296 -0.2715636 -0.2761321 -0.2472708 -0.2601120 -0.2709536 -0.1803381 -0.2035663 -0.3269493 -0.2540216 -0.3013890
C  0  1  24  1  0 18  -0.2564108 -0.2699710 -0.2508021 -0.2591792 -0.2662699 -0.2558237 -0.2538361 -0.2453947 -0.2091969 -0.2237748 -0.2546493 -0.2667008 -0.2872080 -0.1631552 -0.1982830 -0.1913239
C  0  1  24  1  0 19  -0.2780962 -0.2547016 -0.2777985 -0.2818641 -0.2860464 -0.3594379 -0.2845680 -0.1905495 -0.2681599 -0.2723948 -0.1977883 -0.2615156 -0.2537032 -0.3006142 -0.2398900 -0.2771246
C  0  1  24  1  0 20  -0.2602537 -0.3047478 -0.3532757 -0.3885312 -0.3026110 -0.2201150 -0.2899193 -0.3026796 -0.3436823 -0.3135898 -0.2313514 -0.2311092 -0.3576431 -0.3245797 -0.2676227 -0.2782483
C  0  1  24  1  0 21  -0.4039160 -0.4086920 -0.4197168 -0.3088992 -0.3528173 -0.2773449 -0.3462313 -0.3047397 -0.4158469 -0.3232467 -0.3037452 -0.3786355 -0.3073758 -0.3352801 -0.3510562 -0.3785762
C  0  1  24  1  1  0   0.0471273  0.0484452  0.0400307  0.0260322 -0.0009038 -0.0195069 -0.0338202 -0.0431981 -0.0456124 -0.0368747 -0.0351328 -0.0189058  0.0015139  0.0070486  0.0259433  0.0393005
C  0  1  24  1  1  1   0.0262711  0.0221398  0.0188668  0.0109451  0.0016917 -0.0075815 -0.0147999 -0.0180281 -0.0171825 -0.0162315 -0.0145820 -0.0069465  0.0039036  0.0099299  0.0126954  0.0232991
C  0  1  24  1  1  2   0.0127293  0.0131728  0.0095618  0.0059602  0.0007300 -0.0022927 -0.0080218 -0.0081279 -0.0086574 -0.0051268 -0.0047566 -0.0038817 -0.0006569  0.0028203  0.0039278  0.0106108
C  0  1  24  1  1  3   0.0068971  0.0080446  0.0026576  0.0042517  0.0012758  0.0013649 -0.0046103 -0.0016691  0.0005465  0.0000545 -0.0029379  0.0003170  0.0015776  0.0018565  0.0029737  0.0079465
C  0  1  24  1  1  4   0.0017631  0.0020850  0.0001415  0.0004965  0.0025069  0.0026031  0.0001868  0.0016723  0.0054543  0.0024448 -0.0005265  0.0006786  0.0024040  0.0020278  0.0041488  0.0026869
C  0  1  24  1  1  5   0.0019001  0.0004795  0.0002515  0.0036367  0.0023395  0.0035266  0.0039239  0.0035859  0.0046874  0.0022559 -0.0008100 -0.0002654  0.0022943  0.0021640  0.0023479 -0.0002878
C  0  1  24  1  1  6   0.0021362  0.0012972  0.0007267  0.0041735  0.0049444  0.0038843  0.0055664  0.0047725  0.0046604  0.0006532  0.0013878  0.0016096  0.0008871  0.0010938  0.0005244 -0.0006664
C  0  1  24  1  1  7  -0.0000920  0.0019090  0.0023653  0.0042982  0.0044052  0.0038453  0.0056407  0.0043904  0.0043809  0.0009040 -0.0004693 -0.0001097  0.0017455  0.0009561  0.0005381 -0.0013497
C  0  1  24  1  1  8  -0.0004714  0.0011073  0.0025793  0.0025694  0.0043104  0.0043037  0.0046762  0.0056953  0.0051801  0.0020822  0.0007080 -0.0001771  0.0016981  0.0010555  0.0015796 -0.0007270
C  0  1  24  1  1  9   0.0012092  0.0025573  0.0019107  0.0031014  0.0018186  0.0028257  0.0034280  0.0032256  0.0021560  0.0001835  0.0015245  0.0011294  0.0009174  0.0004121  0.0006004 -0.0013243
C  0  1  24  1  1 10  -0.0011445  0.0016582  0.0014565  0.0013074  0.0023888  0.0008419  0.0015084  0.0026086  0.0025066 -0.0003969 -0.0007788 -0.0001364 -0.0001305  0.0003358  0.0018263 -0.0012132
C  0  1  24  1  1 11   0.0004336  0.0015822  0.0012846  0.0022781  0.0015395  0.0002967  0.0008469  0.0014015  0.0026609  0.0018139 -0.0023560 -0.0008700 -0.0005971 -0.0005366  0.0006720 -0.0024241
C  0  1  24  1  1 12  -0.0003715  0.0016662  0.0020587  0.0036303  0.0023292  0.0014435  0.0003819  0.0019443  0.0040213  0.0009351  0.0010928  0.0010234  0.0001930 -0.0011937  0.0006160 -0.0012759
C  0  1  24  1  1 13  -0.0000446  0.0019126  0.0031308  0.0036182  0.0027324  0.0027558  0.0040268  0.0053336  0.0051108  0.0014861  0.0004295 -0.0000726 -0.0008055 -0.0016636 -0.0000421 -0.0010516
C  0  1  24  1  1 14  -0.0006551  0.0005898  0.0025297  0.0041578  0.0036018  0.0026849  0.0040439  0.0059326  0.0046834  0.0021443  0.0013897 -0.0007584 -0.0021979 -0.0018439 -0.0015115 -0.0029538
C  0  1  24  1  1 15  -0.0012118  0.0006427  0.0030208  0.0034422  0.0028426 -0.0008625  0.0032907  0.0033106  0.0058041  0.0028753  0.0031555  0.0006116 -0.0032938 -0.0061860 -0.0059219 -0.0054649
C  0  1  24  1  1 16  -0.0006551  0.0012119  0.0035780  0.0052490  0.0037717  0.0011081  0.0037739  0.0030680  0.0052881  0.0067872  0.0025903  0.0030067 -0.0006846 -0.0004381 -0.0049072 -0.0052814
C  0  1  24  1  1 17  -0.0038322  0.0004947  0.0010970  0.0057702  0.0024244 -0.0018515  0.0012559  0.0031321  0.0037663  0.0041753  0.0042151  0.0021704 -0.0011658 -0.0052880 -0.0053924 -0.0041827
C  0  1  24  1  1 18   0.0002414  0.0070890  0.0048182  0.0078381  0.0048442 -0.0004738 -0.0017748 -0.0016574  0.0019669  0.0041763  0.0013625  0.0010224 -0.0026438 -0.0042349 -0.0066410 -0.0046445
C  0  1  24  1  1 19   0.0024153  0.0082657  0.0114980  0.0098639  0.0062760  0.0026559 -0.0026863 -0.0004248  0.0032475  0.0046771  0.0020314 -0.0006646 -0.0020232 -0.0043948 -0.0058456 -0.0018863
C  0  1  24  1  1 20   0.0018693  0.0142787  0.0170284  0.0139289  0.0074008  0.0027354 -0.0024255 -0.0015405  0.0011322  0.0066909  0.0015968 -0.0014955 -0.0077160 -0.0089297 -0.0066997 -0.0056656
C  0  1  24  1  1 21   0.0078880  0.0218157  0.0299760  0.0215376  0.0153320  0.0147197  0.0112527  0.0121265  0.0112515  0.0148063 -0.0003971 -0.0039113 -0.0107295 -0.0178307 -0.0080622  0.0020596
