CPHI 16 
CETA 22 -2.40 -2.10 -1.85 -1.60 -1.40 -1.20 -1.00 -0.80 -0.60 -0.40 -0.20  0.00  0.20  0.40  0.60  0.80  1.00  1.20  1.40  1.60  1.85  2.10  2.40 
RMIN  6 
RTRK 12 
RETA 11  0.00  0.20  0.40  0.60  0.80  1.00  1.20  1.40  1.60  1.85  2.10  2.40 
T 0 1  25  0  0  0    0.0000000   0.0005807   0.0016437   0.0031679   0.0122230   0.0694127   0.2783807   0.6540053   1.0000000   1.0000000   1.0000000   1.0000000   1.0000000
T 0 1  25  0  0  1    0.0000000   0.0001228   0.0005180   0.0022622   0.0122562   0.0587444   0.2258323   0.5892986   1.0000000   1.0000000   1.0000000   1.0000000   1.0000000
T 0 1  25  0  0  2    0.0000000   0.0001310   0.0005308   0.0017621   0.0108038   0.0561101   0.2099063   0.5738835   1.0000000   1.0000000   1.0000000   1.0000000   1.0000000
T 0 1  25  0  0  3    0.0000000   0.0002026   0.0006029   0.0017065   0.0116703   0.0629474   0.2258993   0.5876069   1.0000000   1.0000000   1.0000000   1.0000000   1.0000000
T 0 1  25  0  0  4    0.0000000   0.0004078   0.0024619   0.0142219   0.0628657   0.2051240   0.4896037   0.8225968   1.0000000   1.0000000   1.0000000   1.0000000   1.0000000
T 0 1  25  0  0  5    0.0000000   0.0009372   0.0073464   0.0511125   0.2046804   0.5319430   0.8763496   0.9993690   1.0000000   1.0000000   1.0000000   1.0000000   1.0000000
T 0 1  25  0  0  6    0.0000000   0.0002939   0.0012367   0.0104728   0.0674988   0.2768297   0.6634696   0.9313553   0.9982799   0.9999994   1.0000000   1.0000000   1.0000000
T 0 1  25  0  0  7    0.0000000   0.0000468   0.0004182   0.0009321   0.0048122   0.0304813   0.1187918   0.2971938   0.5805230   0.8689769   0.9837816   0.9998572   1.0000000
T 0 1  25  0  0  8    0.0000000   0.0000026   0.0000458   0.0001361   0.0004080   0.0009964   0.0041838   0.0250882   0.1190862   0.3945236   0.7897209   0.9692809   1.0000000
T 0 1  25  0  0  9    0.0000000   0.0000115   0.0000157   0.0000395   0.0005502   0.0036340   0.0183107   0.0854767   0.3016978   0.6585666   0.9383961   0.9999430   1.0000000
T 0 1  25  0  0 10    0.0000000   0.0067540   0.0292372   0.0464189   0.0794764   0.1689666   0.3379510   0.6898183   0.9106557   0.9703605   0.9998372   1.0000000   1.0000000
T 0 1  25  1  0  0    0.0000000   0.0005148   0.0016399   0.0047460   0.0213440   0.1017716   0.3374237   0.6994022   1.0000000   1.0000000   1.0000000   1.0000000   1.0000000
T 0 1  25  1  0  1    0.0000000   0.0002633   0.0010891   0.0042307   0.0181163   0.0752157   0.2537985   0.6193956   1.0000000   1.0000000   1.0000000   1.0000000   1.0000000
T 0 1  25  1  0  2    0.0000000   0.0002194   0.0008486   0.0027728   0.0124455   0.0616642   0.2339277   0.6064318   1.0000000   1.0000000   1.0000000   1.0000000   1.0000000
T 0 1  25  1  0  3    0.0000000   0.0002283   0.0008669   0.0027852   0.0140251   0.0700545   0.2491207   0.6198491   1.0000000   1.0000000   1.0000000   1.0000000   1.0000000
T 0 1  25  1  0  4    0.0000000   0.0004356   0.0027620   0.0153929   0.0663357   0.2155446   0.5058694   0.8320271   1.0000000   1.0000000   1.0000000   1.0000000   1.0000000
T 0 1  25  1  0  5    0.0000000   0.0011873   0.0094478   0.0577925   0.2246261   0.5586818   0.8900123   0.9996500   1.0000000   1.0000000   1.0000000   1.0000000   1.0000000
T 0 1  25  1  0  6    0.0000000   0.0004626   0.0026649   0.0180020   0.0942133   0.3329130   0.7236541   0.9536823   0.9988141   0.9999984   1.0000000   1.0000000   1.0000000
T 0 1  25  1  0  7    0.0000000   0.0002246   0.0006446   0.0024765   0.0123245   0.0526267   0.1570011   0.3413836   0.6074237   0.8728054   0.9849908   0.9998878   1.0000000
T 0 1  25  1  0  8    0.0000000   0.0009562   0.0014955   0.0017998   0.0022382   0.0036136   0.0107994   0.0452511   0.1686405   0.4573475   0.8251665   0.9710661   1.0000000
T 0 1  25  1  0  9    0.0000000   0.0021003   0.0074838   0.0131257   0.0159362   0.0198461   0.0401951   0.1288935   0.3661962   0.7154288   0.9583841   0.9999941   1.0000000
T 0 1  25  1  0 10    0.0000000   0.0032254   0.0170235   0.0428863   0.0843736   0.1746921   0.3942474   0.7474223   0.9511020   0.9856143   0.9999985   1.0000000   1.0000000
R 0 1  25  0  0  0    0.0239987   0.0239987   0.0128093   0.0106090   0.0103883   0.0101776   0.0100092   0.0098441   0.0098441   0.0098441   0.0098441   0.0098441
R 0 1  25  0  0  1    0.0119309   0.0119309   0.0119309   0.0119309   0.0109427   0.0108809   0.0109866   0.0108574   0.0108574   0.0108574   0.0108574   0.0108574
R 0 1  25  0  0  2    0.0121076   0.0121076   0.0121076   0.0121076   0.0119624   0.0120153   0.0118350   0.0116911   0.0116911   0.0116911   0.0116911   0.0116911
R 0 1  25  0  0  3    0.0137218   0.0137218   0.0137218   0.0137218   0.0126378   0.0126061   0.0124109   0.0122484   0.0122484   0.0122484   0.0122484   0.0122484
R 0 1  25  0  0  4    0.0187251   0.0187251   0.0187251   0.0174293   0.0170044   0.0159033   0.0144694   0.0130925   0.0130925   0.0130925   0.0130925   0.0130925
R 0 1  25  0  0  5    0.0203293   0.0203293   0.0193711   0.0191430   0.0187137   0.0180983   0.0169139   0.0169139   0.0169139   0.0169139   0.0169139   0.0169139
R 0 1  25  0  0  6    0.0199701   0.0199701   0.0199701   0.0203947   0.0208698   0.0207301   0.0208235   0.0207477   0.0207477   0.0207477   0.0207477   0.0207477
R 0 1  25  0  0  7    0.0222966   0.0222966   0.0222966   0.0222966   0.0207334   0.0212036   0.0211927   0.0210171   0.0206326   0.0196091   0.0196091   0.0196091
R 0 1  25  0  0  8    0.0215083   0.0215083   0.0215083   0.0215083   0.0215083   0.0215083   0.0215083   0.0210909   0.0210365   0.0209762   0.0202042   0.0189814
R 0 1  25  0  0  9    0.0316017   0.0316017   0.0316017   0.0316017   0.0316017   0.0316017   0.0295708   0.0289735   0.0275776   0.0264798   0.0249806   0.0249806
R 0 1  25  0  0 10    0.0787946   0.0713318   0.0629185   0.0543293   0.0468419   0.0441374   0.0411249   0.0354317   0.0339102   0.0300188   0.0300188   0.0300188
R 0 1  25  0  1  0    0.0000000   0.0000000   0.0000000   0.0000957   0.0000786   0.0000804   0.0000727   0.0000659   0.0000659   0.0000659   0.0000659   0.0000659
R 0 1  25  0  1  1    0.0000727   0.0000727   0.0000727   0.0000727   0.0000609   0.0000670   0.0000636   0.0000568   0.0000568   0.0000568   0.0000568   0.0000568
R 0 1  25  0  1  2    0.0000270   0.0000270   0.0000270   0.0000270   0.0000617   0.0000642   0.0000605   0.0000533   0.0000533   0.0000533   0.0000533   0.0000533
R 0 1  25  0  1  3    0.0000963   0.0000963   0.0000963   0.0000963   0.0000608   0.0000583   0.0000530   0.0000477   0.0000477   0.0000477   0.0000477   0.0000477
R 0 1  25  0  1  4    0.0000850   0.0000850   0.0000850   0.0000769   0.0000925   0.0000763   0.0000516   0.0000460   0.0000460   0.0000460   0.0000460   0.0000460
R 0 1  25  0  1  5    0.0001359   0.0001359   0.0000625   0.0000763   0.0000654   0.0000636   0.0000408   0.0000408   0.0000408   0.0000408   0.0000408   0.0000408
R 0 1  25  0  1  6    0.0000462   0.0000462   0.0000462   0.0000538   0.0000653   0.0000563   0.0000522   0.0000299   0.0000299   0.0000299   0.0000299   0.0000299
R 0 1  25  0  1  7    0.0001842   0.0001842   0.0001842   0.0001842   0.0000785   0.0000633   0.0000716   0.0000760   0.0000758   0.0000423   0.0000423   0.0000423
R 0 1  25  0  1  8    0.0001348   0.0001348   0.0001348   0.0001348   0.0001348   0.0001348   0.0001348   0.0001113   0.0001084   0.0000996   0.0000835   0.0000695
R 0 1  25  0  1  9    0.0003208   0.0003208   0.0003208   0.0003208   0.0003208   0.0003208   0.0002094   0.0002136   0.0001865   0.0001475   0.0001522   0.0001522
R 0 1  25  0  1 10    0.0013557   0.0011854   0.0009123   0.0008127   0.0005520   0.0004877   0.0003920   0.0002531   0.0002306   0.0001066   0.0001066   0.0001066
R 0 1  25  0  2  0    0.0000000   0.0000000   0.0000000   0.0000814   0.0000000   0.0000199   0.0000198   0.0000079   0.0000079   0.0000079   0.0000079   0.0000079
R 0 1  25  0  2  1    0.0000000   0.0000000   0.0000000   0.0000000   0.0000000   0.0000093   0.0000061   0.0000157   0.0000157   0.0000157   0.0000157   0.0000157
R 0 1  25  0  2  2    0.0000000   0.0000000   0.0000000   0.0000000   0.0000463   0.0000226   0.0000119   0.0000073   0.0000073   0.0000073   0.0000073   0.0000073
R 0 1  25  0  2  3    0.0001270   0.0001270   0.0001270   0.0001270   0.0000000   0.0000000   0.0000085   0.0000050   0.0000050   0.0000050   0.0000050   0.0000050
R 0 1  25  0  2  4    0.0000000   0.0000000   0.0000000   0.0000000   0.0000000   0.0000000   0.0000087   0.0000000   0.0000000   0.0000000   0.0000000   0.0000000
R 0 1  25  0  2  5    0.0000000   0.0000000   0.0000000   0.0000000   0.0000243   0.0000000   0.0000000   0.0000000   0.0000000   0.0000000   0.0000000   0.0000000
R 0 1  25  0  2  6    0.0000000   0.0000000   0.0000000   0.0000000   0.0000000   0.0000000   0.0000000   0.0000000   0.0000000   0.0000000   0.0000000   0.0000000
R 0 1  25  0  2  7    0.0005217   0.0005217   0.0005217   0.0005217   0.0000000   0.0000000   0.0000000   0.0000000   0.0000139   0.0000000   0.0000000   0.0000000
R 0 1  25  0  2  8    0.0000000   0.0000000   0.0000000   0.0000000   0.0000000   0.0000000   0.0000000   0.0000000   0.0000000   0.0000000   0.0000000   0.0000000
R 0 1  25  0  2  9    0.0000000   0.0000000   0.0000000   0.0000000   0.0000000   0.0000000   0.0000824   0.0000372   0.0000000   0.0000320   0.0000000   0.0000000
R 0 1  25  0  2 10    0.0000000   0.0000000   0.0000000   0.0000000   0.0000000   0.0000528   0.0000000   0.0000453   0.0000000   0.0000000   0.0000000   0.0000000
R 0 1  25  0  3  0    1.1704890   1.1704890   1.0305792   1.0121147   0.9914322   0.9865323   0.9820639   0.9834124   0.9834124   0.9834124   0.9834124   0.9834124
R 0 1  25  0  3  1    1.0134492   1.0134492   1.0134492   1.0134492   0.9987303   0.9875442   0.9799321   0.9780887   0.9780887   0.9780887   0.9780887   0.9780887
R 0 1  25  0  3  2    1.0333741   1.0333741   1.0333741   1.0333741   1.0047727   0.9855243   0.9807753   0.9805693   0.9805693   0.9805693   0.9805693   0.9805693
R 0 1  25  0  3  3    0.9704053   0.9704053   0.9704053   0.9704053   1.0031630   0.9898538   0.9810325   0.9821244   0.9821244   0.9821244   0.9821244   0.9821244
R 0 1  25  0  3  4    1.0302688   1.0302688   1.0302688   0.9885020   0.9770607   0.9733385   0.9788014   0.9892087   0.9892087   0.9892087   0.9892087   0.9892087
R 0 1  25  0  3  5    0.9905781   0.9905781   0.9985579   0.9826754   0.9744304   0.9722726   0.9766275   0.9766275   0.9766275   0.9766275   0.9766275   0.9766275
R 0 1  25  0  3  6    1.0157540   1.0157540   1.0157540   1.0019316   0.9898990   0.9869348   0.9824063   0.9873296   0.9873296   0.9873296   0.9873296   0.9873296
R 0 1  25  0  3  7    0.9923966   0.9923966   0.9923966   0.9923966   1.0320836   0.9998034   0.9880420   0.9858894   0.9859176   0.9897415   0.9897415   0.9897415
R 0 1  25  0  3  8    1.0214316   1.0214316   1.0214316   1.0214316   1.0214316   1.0214316   1.0214316   0.9961389   0.9827708   0.9841356   0.9873987   1.0182308
R 0 1  25  0  3  9    1.0258252   1.0258252   1.0258252   1.0258252   1.0258252   1.0258252   0.9968478   0.9768607   0.9726807   0.9847951   1.0058215   1.0058215
R 0 1  25  0  3 10    1.0479215   1.0382196   1.0062911   0.9838200   0.9773501   0.9714365   0.9692251   0.9669136   1.0026565   1.0119591   1.0119591   1.0119591
R 0 1  25  0  4  0    1.5896716   1.5896716   1.4062892   2.1285679   2.2528096   2.3029204   2.2594626   2.2914733   2.2914733   2.2914733   2.2914733   2.2914733
R 0 1  25  0  4  1    1.9736521   1.9736521   1.9736521   1.9736521   2.1646739   2.2541471   2.2180795   2.1714183   2.1714183   2.1714183   2.1714183   2.1714183
R 0 1  25  0  4  2    1.9263355   1.9263355   1.9263355   1.9263355   2.2144871   2.2727363   2.2293194   2.2173604   2.2173604   2.2173604   2.2173604   2.2173604
R 0 1  25  0  4  3    1.7278123   1.7278123   1.7278123   1.7278123   2.2523505   2.3313929   2.2299473   2.2391998   2.2391998   2.2391998   2.2391998   2.2391998
R 0 1  25  0  4  4    2.0098344   2.0098344   2.0098344   2.0520852   2.1089581   2.0589681   2.2152289   2.3314815   2.3314815   2.3314815   2.3314815   2.3314815
R 0 1  25  0  4  5    1.6276652   1.6276652   2.1161069   2.1445973   2.0941031   2.0879464   2.0387987   2.0387987   2.0387987   2.0387987   2.0387987   2.0387987
R 0 1  25  0  4  6    1.8907856   1.8907856   1.8907856   2.1750607   2.3652949   2.3851958   2.3280515   2.3065189   2.3065189   2.3065189   2.3065189   2.3065189
R 0 1  25  0  4  7    1.8510647   1.8510647   1.8510647   1.8510647   2.3122938   2.4099958   2.3055940   2.3438018   2.3688794   2.3337249   2.3337249   2.3337249
R 0 1  25  0  4  8    2.3272059   2.3272059   2.3272059   2.3272059   2.3272059   2.3272059   2.3272059   2.2917348   2.2133063   2.2839860   2.2792155   2.4437078
R 0 1  25  0  4  9    2.2252901   2.2252901   2.2252901   2.2252901   2.2252901   2.2252901   2.0939347   2.0877664   2.0388358   2.1997666   2.1853095   2.1853095
R 0 1  25  0  4 10    1.9930867   2.2098589   2.0323664   1.8827486   1.9895240   2.0002580   1.9824807   1.9123817   2.1736147   1.9416642   1.9416642   1.9416642
R 0 1  25  0  5  0   10.1130991  10.1130991   8.0694589   3.3646570   3.6500275   3.5974698   4.1980867   3.7563284   3.7563284   3.7563284   3.7563284   3.7563284
R 0 1  25  0  5  1    3.8504460   3.8504460   3.8504460   3.8504460   3.9469774   4.0415336   4.2911261   4.5838138   4.5838138   4.5838138   4.5838138   4.5838138
R 0 1  25  0  5  2    4.0110665   4.0110665   4.0110665   4.0110665   3.8874783   3.9375617   4.2098042   4.4571724   4.4571724   4.4571724   4.4571724   4.4571724
R 0 1  25  0  5  3    5.3642088   5.3642088   5.3642088   5.3642088   3.9418773   3.4897935   4.2809070   4.4028917   4.4028917   4.4028917   4.4028917   4.4028917
R 0 1  25  0  5  4    4.2246047   4.2246047   4.2246047   4.5917639   4.9514123   5.1819165   3.8883345   3.2574242   3.2574242   3.2574242   3.2574242   3.2574242
R 0 1  25  0  5  5    5.8264765   5.8264765   4.2926699   4.9099914   5.1049775   4.7880409   3.8815595   3.8815595   3.8815595   3.8815595   3.8815595   3.8815595
R 0 1  25  0  5  6    3.6251773   3.6251773   3.6251773   4.4086395   3.1877966   2.8475009   2.4352939   1.9497796   1.9497796   1.9497796   1.9497796   1.9497796
R 0 1  25  0  5  7    3.7751963   3.7751963   3.7751963   3.7751963   3.7888498   2.7669800   3.0682536   2.9355569   2.6666455   2.0893142   2.0893142   2.0893142
R 0 1  25  0  5  8    3.7492456   3.7492456   3.7492456   3.7492456   3.7492456   3.7492456   3.7492456   3.9528129   4.6239172   4.2091281   3.8047608   3.6189090
R 0 1  25  0  5  9    4.0659753   4.0659753   4.0659753   4.0659753   4.0659753   4.0659753   6.3910625   5.8001651   6.6272511   5.3708557   5.9504573   5.9504573
R 0 1  25  0  5 10    7.5812878   4.0914621   4.4266885   5.6157230   5.0883215   6.2883894   7.7572719   9.0976366   5.4463359   9.0698198   9.0698198   9.0698198
F  0  1  25  0  0  0    1.0044471   1.0469068   0.9967174   0.9904885   0.9797397   1.0010003   0.9936663   0.9885945   0.9848854   0.9929505   0.9780766
F  0  1  25  1  0  0    1.0482300   1.0957641   1.0712217   1.0583372   1.0498836   1.0836086   1.0725651   1.0474422   1.0501660   1.0631749   1.0782895
C  0  1  25  0  0  0  -0.2592921  0.0133629 -0.1677518 -0.2700972 -0.3534411 -0.1537131 -0.2233497 -0.0028440 -0.3049857  0.0157624 -0.2549903 -0.1797694 -0.0223414 -0.3564528 -0.3180938 -0.0440673
C  0  1  25  0  0  1   0.0221755 -0.1023531 -0.1918584 -0.0896012 -0.2365992 -0.1660970 -0.0546172 -0.0978550 -0.0170495 -0.1315218  0.0590782 -0.0753035 -0.2230613 -0.1924326 -0.1814253 -0.0011126
C  0  1  25  0  0  2  -0.0962787 -0.0639367 -0.1036775 -0.1175303 -0.0820447  0.0188880 -0.1360797 -0.1072066 -0.0810572 -0.0644155 -0.0982299 -0.0773123 -0.0932054 -0.0546154  0.0683956 -0.0780599
C  0  1  25  0  0  3  -0.0317383  0.0116222 -0.1727528  0.0010112 -0.0520779 -0.0852520 -0.2000957  0.0323628 -0.1263958  0.0311855 -0.0753278 -0.0253382 -0.1413876 -0.0670098 -0.0037060 -0.0417370
C  0  1  25  0  0  4  -0.1102938 -0.1462976 -0.1038159 -0.0752973 -0.1184229 -0.0813682  0.0193427 -0.1247006 -0.0406392 -0.0459171 -0.0473836 -0.0282768 -0.0900953 -0.0970449 -0.0357897 -0.0689790
C  0  1  25  0  0  5  -0.0537525  0.0773363 -0.0897576  0.0457821 -0.0306824  0.0122180 -0.0930844  0.0046572  0.0097632 -0.0079542  0.0474614 -0.0031649  0.0398154  0.1122746  0.0973544 -0.0332695
C  0  1  25  0  0  6  -0.0660670  0.0965618  0.0457054 -0.0765374 -0.0367940 -0.0551292 -0.0394834 -0.1330518 -0.0177609 -0.0962662  0.0679149  0.0885586 -0.0922720  0.0157669 -0.0484396  0.0691625
C  0  1  25  0  0  7  -0.0539799  0.0348932 -0.0145396 -0.0923883  0.0112348  0.0560410 -0.0425454 -0.0622879 -0.0667734 -0.0384698  0.1091783 -0.0550290  0.0380291  0.0622352 -0.0199831  0.0260450
C  0  1  25  0  0  8  -0.0212016  0.0676125  0.0131345 -0.0289588  0.0327864 -0.0081477  0.0331408  0.0050054 -0.0613697 -0.0150508  0.0339555  0.0290551  0.0118107  0.0477468 -0.0538127  0.0456960
C  0  1  25  0  0  9  -0.0202952  0.0056959 -0.0166690 -0.0127355  0.0633118  0.0654723 -0.0094759  0.0112759 -0.0152995  0.0193726 -0.0197282  0.0770149  0.0498951  0.0637714  0.0468911  0.0100600
C  0  1  25  0  0 10   0.0105517  0.0089411  0.0309602  0.0412656 -0.0728169  0.0198448 -0.0646513 -0.0365719  0.0364847 -0.1022782 -0.0005526  0.0516083 -0.0955899  0.0432272  0.0282247  0.1336864
C  0  1  25  0  0 11  -0.0643480  0.0867341 -0.0520030 -0.0344594  0.0441853  0.0606701 -0.0423287  0.1211090  0.0121252  0.0210647  0.0001190 -0.0482100  0.0176678  0.0082325 -0.0056701  0.0495334
C  0  1  25  0  0 12   0.0248333 -0.0454678 -0.0265499  0.0747332 -0.0126468 -0.0019768 -0.0917963  0.0218685  0.0474465  0.0875926 -0.0198276  0.0410859 -0.0836867 -0.0117869  0.0504492  0.0192679
C  0  1  25  0  0 13  -0.1113542  0.0223878  0.0068018 -0.0307073 -0.0521195  0.0263811  0.0075922 -0.0585166  0.0275855 -0.0455758  0.0202505  0.0242133 -0.0605581 -0.0158951  0.0142864 -0.0592533
C  0  1  25  0  0 14  -0.0497852 -0.0318721 -0.0702083 -0.0076373 -0.0219878 -0.0154124 -0.0266931  0.0850205  0.0153842 -0.0149249  0.0703819 -0.0779512 -0.0519743  0.0224222 -0.0255127 -0.0616285
C  0  1  25  0  0 15   0.0037096 -0.0607115 -0.0194653 -0.0049294 -0.0263038 -0.0940467 -0.0276274  0.0595342 -0.0565097 -0.0145313 -0.0398512 -0.0758955 -0.0026640  0.0189458  0.0337259  0.0085872
C  0  1  25  0  0 16   0.1325206  0.0157664 -0.0813989 -0.0294624 -0.1038982 -0.1952439 -0.0740192 -0.0529930 -0.0889257  0.0989239 -0.0363823 -0.0917528 -0.0581503 -0.0258873 -0.1190156 -0.0681600
C  0  1  25  0  0 17  -0.0745092 -0.0231370 -0.0920377 -0.1358696 -0.0941400  0.0479681 -0.0758400  0.0218905 -0.0802689 -0.2292337  0.0220371  0.0696460 -0.0265700 -0.0836368  0.0180970 -0.0701659
C  0  1  25  0  0 18  -0.1321399 -0.0407496 -0.0110637  0.0250735 -0.1680581 -0.0127901 -0.1152017  0.0170373 -0.0582303 -0.0073256 -0.0323716 -0.0714267 -0.0601001  0.0396627 -0.1311015 -0.0198128
C  0  1  25  0  0 19   0.0350918 -0.1282662 -0.2333254 -0.0434616 -0.1123649 -0.0934922 -0.1883909 -0.0527459 -0.1122381 -0.0401396 -0.0473979 -0.1303406 -0.0925740 -0.0943782 -0.0585801 -0.1591576
C  0  1  25  0  0 20  -0.1307091  0.0239022 -0.0353657 -0.0491726 -0.2517320 -0.0987771 -0.1640414 -0.0952921 -0.2210788 -0.1930389 -0.1081360  0.0456516 -0.0121974 -0.1024055 -0.0928983 -0.1480081
C  0  1  25  0  0 21  -0.2306412 -0.1090017 -0.2777778 -0.2165108 -0.3317984 -0.2725168 -0.2685700 -0.0252599 -0.1534656 -0.1496704 -0.1437302 -0.2000264 -0.3414229 -0.3050666 -0.2135924 -0.2873048
C  0  1  25  0  1  0  -0.0025978  0.0005184  0.0029673 -0.0000523 -0.0020751  0.0037151 -0.0017144 -0.0001012  0.0020164 -0.0003046 -0.0028971  0.0031478  0.0014549  0.0072018  0.0039238  0.0053749
C  0  1  25  0  1  1   0.0001515  0.0008073 -0.0040442 -0.0040085 -0.0024663 -0.0046910  0.0033136  0.0013900  0.0012730 -0.0019274 -0.0013399 -0.0021301 -0.0003416  0.0067208  0.0042782  0.0004851
C  0  1  25  0  1  2   0.0034758 -0.0003853  0.0001203  0.0013520 -0.0016587  0.0001673  0.0032607  0.0012171 -0.0012761  0.0010818 -0.0001463  0.0006460  0.0021198 -0.0010908 -0.0002886  0.0015045
C  0  1  25  0  1  3   0.0026419 -0.0009396  0.0016003 -0.0027102 -0.0011023  0.0035369  0.0017023 -0.0019268 -0.0020844 -0.0017634 -0.0015620 -0.0032820 -0.0000253  0.0019744  0.0001782  0.0035668
C  0  1  25  0  1  4   0.0006372 -0.0007628 -0.0002432  0.0032846  0.0003792 -0.0006104  0.0020372 -0.0003692  0.0020260  0.0007080 -0.0027076 -0.0006929  0.0021861 -0.0016341  0.0004228 -0.0026105
C  0  1  25  0  1  5   0.0010100  0.0029055 -0.0028501  0.0025120  0.0013625  0.0009552  0.0008070  0.0007876  0.0005005 -0.0012784  0.0022262 -0.0008581  0.0008765 -0.0002325  0.0015506  0.0006023
C  0  1  25  0  1  6   0.0033163  0.0006430 -0.0006700 -0.0006314  0.0003408  0.0007423 -0.0014165  0.0017554  0.0020337  0.0001882  0.0005514 -0.0012679 -0.0013454 -0.0032335  0.0028349 -0.0009499
C  0  1  25  0  1  7   0.0027802  0.0004487  0.0008434  0.0004397  0.0007688  0.0021526 -0.0005657  0.0006394 -0.0000810 -0.0013964  0.0012016 -0.0007339 -0.0009595  0.0001151  0.0004211  0.0017937
C  0  1  25  0  1  8   0.0014518  0.0004024  0.0010469 -0.0003900  0.0018530  0.0005697  0.0010431  0.0006861  0.0042833 -0.0014649  0.0008621 -0.0009222 -0.0001756  0.0016890  0.0001253 -0.0002762
C  0  1  25  0  1  9  -0.0021223  0.0009087  0.0018185  0.0007195  0.0001925  0.0013486 -0.0004445 -0.0001949  0.0002506 -0.0012194 -0.0017767 -0.0002674 -0.0009273 -0.0003081  0.0005374  0.0004810
C  0  1  25  0  1 10   0.0003850 -0.0004576  0.0021466  0.0017599  0.0027730 -0.0016888  0.0003020  0.0019693 -0.0004672 -0.0009052  0.0011627 -0.0007727 -0.0017015  0.0008260  0.0002841  0.0014414
C  0  1  25  0  1 11  -0.0002938 -0.0006782  0.0010350  0.0006611  0.0007144  0.0002003 -0.0020810 -0.0020196 -0.0022454 -0.0010378  0.0008118 -0.0009914  0.0003735 -0.0000374 -0.0012303  0.0005231
C  0  1  25  0  1 12   0.0019528 -0.0009625  0.0009384 -0.0020398  0.0011743 -0.0012189  0.0025192 -0.0009976  0.0007186 -0.0000543 -0.0001970  0.0018442 -0.0019704 -0.0001754 -0.0005777  0.0023857
C  0  1  25  0  1 13   0.0010087 -0.0018573  0.0007100  0.0022665  0.0033426  0.0020844 -0.0007995 -0.0000815 -0.0001632 -0.0024132 -0.0008182 -0.0022351 -0.0024626  0.0022085 -0.0001564  0.0022158
C  0  1  25  0  1 14   0.0018257  0.0009873  0.0022095  0.0000345  0.0020415  0.0015850 -0.0001176  0.0008192 -0.0003356 -0.0008110 -0.0006096  0.0004566  0.0024680 -0.0004143 -0.0007794  0.0015139
C  0  1  25  0  1 15  -0.0001367 -0.0003064  0.0006605  0.0013787 -0.0005492  0.0022658 -0.0003332 -0.0017505  0.0007403 -0.0012359  0.0001545  0.0005838 -0.0000366  0.0005064  0.0009224  0.0006207
C  0  1  25  0  1 16   0.0003476  0.0016709  0.0036423  0.0009237 -0.0014158 -0.0003013  0.0012135 -0.0000949  0.0007230 -0.0021938  0.0020948  0.0005420 -0.0001758 -0.0002025  0.0022180  0.0018817
C  0  1  25  0  1 17   0.0008085 -0.0022567  0.0000435  0.0047961 -0.0001460  0.0009687  0.0013057  0.0037402  0.0001609  0.0032311  0.0016827  0.0015330  0.0028762 -0.0011783  0.0026748  0.0035323
C  0  1  25  0  1 18   0.0055482  0.0039067  0.0002368  0.0004661  0.0026804  0.0043464  0.0038386 -0.0001342 -0.0008564 -0.0005055  0.0035327  0.0014020 -0.0001526  0.0005374  0.0036277  0.0047570
C  0  1  25  0  1 19   0.0026963  0.0014298 -0.0010324  0.0016160  0.0019643  0.0010632  0.0013719  0.0011050  0.0029873  0.0038897 -0.0016153  0.0012332  0.0007709  0.0028850  0.0035653  0.0024553
C  0  1  25  0  1 20   0.0038488  0.0050034  0.0022991  0.0036123  0.0034223  0.0045956  0.0015810  0.0043041  0.0022710  0.0065581 -0.0013376  0.0001275  0.0052594  0.0051927  0.0053546  0.0044805
C  0  1  25  0  1 21   0.0153968  0.0171290  0.0108088  0.0008035 -0.0017807 -0.0067511 -0.0096813 -0.0025788  0.0011030 -0.0038119  0.0007249  0.0071067 -0.0003208  0.0047276  0.0107798  0.0014909
C  0  1  25  1  0  0  -0.4429856 -0.3889209 -0.3197223 -0.3992933 -0.1859538 -0.3669290 -0.3470005 -0.2710665 -0.2917272 -0.2526581 -0.3294483 -0.4195274 -0.4089802 -0.4133180 -0.3569804 -0.4041108
C  0  1  25  1  0  1  -0.3151470 -0.3557034 -0.2527211 -0.2514643 -0.2610124 -0.2832086 -0.2986831 -0.2680617 -0.3121967 -0.2808551 -0.2776388 -0.3274656 -0.3487719 -0.3530240 -0.3662909 -0.2467920
C  0  1  25  1  0  2  -0.3303060 -0.3224914 -0.2565606 -0.3368015 -0.3128561 -0.2756898 -0.2743199 -0.2396812 -0.2390165 -0.2581510 -0.2685379 -0.2717702 -0.3613710 -0.3840979 -0.2373160 -0.3838233
C  0  1  25  1  0  3  -0.3341689 -0.2874968 -0.3303037 -0.3053355 -0.2925724 -0.2343462 -0.1876393 -0.1763118 -0.2191187 -0.2310591 -0.2090634 -0.2751564 -0.2670079 -0.2903563 -0.2753469 -0.2856545
C  0  1  25  1  0  4  -0.2874315 -0.2204566 -0.2536120 -0.2323568 -0.2106960 -0.2196992 -0.2761145 -0.2687936 -0.2166104 -0.2113690 -0.2226833 -0.2490031 -0.2404197 -0.2497185 -0.2945304 -0.2590288
C  0  1  25  1  0  5  -0.2076493 -0.1896101 -0.2366266 -0.1843344 -0.1923582 -0.1328308 -0.1952690 -0.1988502 -0.1425261 -0.1617079 -0.2184068 -0.2554062 -0.2226461 -0.1741224 -0.2002446 -0.1869943
C  0  1  25  1  0  6  -0.1523999 -0.1357977 -0.1711619 -0.1787241 -0.1001956 -0.1622126 -0.1334275 -0.1698396 -0.1467228 -0.1293603 -0.1220380 -0.1358463 -0.1335236 -0.1417281 -0.1497386 -0.1942523
C  0  1  25  1  0  7  -0.1899694 -0.1517735 -0.1569441 -0.0976574 -0.1668924 -0.1820731 -0.1711810 -0.1670971 -0.1410976 -0.1156832 -0.0956362 -0.0965048 -0.1900049 -0.1417956 -0.1117703 -0.0975082
C  0  1  25  1  0  8  -0.1668795 -0.0821113 -0.1441531 -0.1402597 -0.1721675 -0.1482803 -0.1458032 -0.2092475 -0.1476741 -0.0973411 -0.1502162 -0.1524509 -0.1072395 -0.1452197 -0.1420158 -0.1472685
C  0  1  25  1  0  9  -0.0982358 -0.1210285 -0.1060960 -0.1461772 -0.1276748 -0.2004316 -0.1023857 -0.1766643 -0.1200313 -0.1161499 -0.0570864 -0.1447160 -0.1148061 -0.0989521 -0.1136311 -0.1231710
C  0  1  25  1  0 10  -0.1676343 -0.1233615 -0.1173024 -0.1289181 -0.1669404 -0.1478370 -0.1086154 -0.1125011 -0.1091913 -0.1283696 -0.1291151 -0.0963211 -0.1159226 -0.1416749 -0.1203872 -0.1317858
C  0  1  25  1  0 11  -0.1484599 -0.0958992 -0.1455724 -0.1111069 -0.0746618 -0.1126536 -0.1404921 -0.1000058 -0.1635459 -0.0913304 -0.1428996 -0.1243244 -0.0674168 -0.1278795 -0.0809900 -0.0818464
C  0  1  25  1  0 12  -0.0888301 -0.0951030 -0.1443874 -0.1264275 -0.1319778 -0.1572951 -0.1435472 -0.1816060 -0.1207775 -0.1149550 -0.1399767 -0.1187853 -0.0805603 -0.0937190 -0.1091167 -0.1296512
C  0  1  25  1  0 13  -0.0943658 -0.1728252 -0.1134634 -0.1333369 -0.1739185 -0.1638887 -0.1588412 -0.1781102 -0.1313631 -0.1334121 -0.1533911 -0.1325921 -0.1606471 -0.1465078 -0.1521220 -0.1275100
C  0  1  25  1  0 14  -0.1286353 -0.1786214 -0.1544308 -0.1718935 -0.1839270 -0.1552165 -0.1619636 -0.2400724 -0.1600702 -0.1638286 -0.1597905 -0.1333344 -0.1159675 -0.1027847 -0.1706085 -0.2102119
C  0  1  25  1  0 15  -0.1217446 -0.2029048 -0.1239345 -0.1531380 -0.1842986 -0.1461681 -0.1522447 -0.1884985 -0.1614431 -0.1360470 -0.1042731 -0.1701041 -0.1491145 -0.0954449 -0.0942552 -0.1496242
C  0  1  25  1  0 16  -0.1943663 -0.1902784 -0.1194349 -0.1778611 -0.2148043 -0.2105365 -0.2349858 -0.2204118 -0.1547827 -0.2094962 -0.1648310 -0.1170917 -0.1335736 -0.1899074 -0.1319583 -0.1579076
C  0  1  25  1  0 17  -0.2290323 -0.2514471 -0.1844015 -0.2840522 -0.2355829 -0.2842248 -0.2432510 -0.2147209 -0.2431326 -0.2599970 -0.2408174 -0.2426767 -0.2034185 -0.2324409 -0.2420664 -0.2309737
C  0  1  25  1  0 18  -0.2587318 -0.2417910 -0.2807165 -0.2666646 -0.2259441 -0.2794183 -0.2849533 -0.2620068 -0.2573850 -0.1982771 -0.2855047 -0.2776523 -0.2201986 -0.1503742 -0.1772799 -0.2327153
C  0  1  25  1  0 19  -0.2745684 -0.2412052 -0.2738055 -0.3025298 -0.2923534 -0.3358218 -0.2668611 -0.2532255 -0.2792380 -0.3199041 -0.2500651 -0.2714049 -0.2417235 -0.2474802 -0.2571388 -0.2614877
C  0  1  25  1  0 20  -0.2236833 -0.2951001 -0.2635289 -0.3057234 -0.2963313 -0.2161293 -0.2445368 -0.2971812 -0.2430309 -0.2767047 -0.3346959 -0.2603655 -0.3349205 -0.2417561 -0.2517735 -0.3217940
C  0  1  25  1  0 21  -0.4006834 -0.4014154 -0.3783531 -0.3636290 -0.3750900 -0.1878404 -0.3411391 -0.2549037 -0.4626900 -0.2903697 -0.3438945 -0.3731777 -0.2756213 -0.3162118 -0.3180565 -0.2848663
C  0  1  25  1  1  0   0.0453945  0.0489611  0.0408402  0.0256826  0.0030916 -0.0186316 -0.0332240 -0.0407787 -0.0467598 -0.0341459 -0.0330148 -0.0177651  0.0033711  0.0073931  0.0272895  0.0395623
C  0  1  25  1  1  1   0.0245645  0.0215128  0.0177208  0.0114047  0.0029826 -0.0084913 -0.0160558 -0.0183458 -0.0179453 -0.0151818 -0.0157397 -0.0066508  0.0024006  0.0092746  0.0113109  0.0242180
C  0  1  25  1  1  2   0.0130152  0.0139508  0.0104385  0.0066851  0.0014258 -0.0028313 -0.0069227 -0.0088568 -0.0096973 -0.0058262 -0.0044474 -0.0034580  0.0014109  0.0026665  0.0050349  0.0106831
C  0  1  25  1  1  3   0.0080373  0.0071597  0.0024058  0.0051050  0.0015465  0.0010909 -0.0042143 -0.0016654  0.0001744 -0.0003008 -0.0018332 -0.0009378  0.0008455  0.0020225  0.0023556  0.0071197
C  0  1  25  1  1  4   0.0029486  0.0026504  0.0012124  0.0003796  0.0030291  0.0015974  0.0003875  0.0012735  0.0038864  0.0025874 -0.0010357  0.0006077  0.0016925  0.0013528  0.0034192  0.0015391
C  0  1  25  1  1  5   0.0011441  0.0008464  0.0008388  0.0023343  0.0029195  0.0039896  0.0029705  0.0034719  0.0055370  0.0020278  0.0004823 -0.0012938  0.0018230  0.0027742  0.0017082 -0.0000991
C  0  1  25  1  1  6   0.0012324  0.0016574  0.0006670  0.0037860  0.0044813  0.0041607  0.0051215  0.0049820  0.0047798  0.0014478  0.0004212  0.0004735  0.0008030  0.0004630  0.0010811 -0.0015642
C  0  1  25  1  1  7   0.0000811  0.0018625  0.0020489  0.0044394  0.0050271  0.0036296  0.0059046  0.0036188  0.0041273  0.0013852  0.0002658  0.0000763  0.0013964  0.0021297  0.0011538 -0.0008355
C  0  1  25  1  1  8  -0.0005167  0.0016003  0.0032452  0.0022481  0.0050695  0.0045933  0.0045517  0.0053546  0.0056976  0.0015601  0.0005167  0.0002552  0.0016933  0.0012823  0.0010714 -0.0007612
C  0  1  25  1  1  9   0.0012382  0.0023171  0.0022674  0.0025679  0.0035891  0.0026891  0.0036492  0.0035188  0.0024939  0.0001958  0.0025128  0.0010034  0.0011941  0.0007037 -0.0000453 -0.0012289
C  0  1  25  1  1 10  -0.0008388  0.0019255  0.0020777  0.0014777  0.0019768  0.0016564  0.0022804  0.0023681  0.0027415  0.0000926 -0.0006132 -0.0001810 -0.0004144  0.0004834  0.0017412 -0.0006578
C  0  1  25  1  1 11   0.0005765  0.0015148  0.0011620  0.0027619  0.0026527  0.0000376  0.0021319  0.0013233  0.0024056  0.0016528 -0.0013641  0.0005780  0.0005097  0.0005029  0.0006208 -0.0018049
C  0  1  25  1  1 12  -0.0001310  0.0025652  0.0029397  0.0042479  0.0022118  0.0010343  0.0012252  0.0034087  0.0041552  0.0010617  0.0013496  0.0012700  0.0005001  0.0002677  0.0013859 -0.0013744
C  0  1  25  1  1 13   0.0000660  0.0023604  0.0021965  0.0033579  0.0037538  0.0030878  0.0035687  0.0064328  0.0052350  0.0013427  0.0013246 -0.0001377  0.0002357 -0.0021448  0.0001687 -0.0011778
C  0  1  25  1  1 14  -0.0004732  0.0013601  0.0028860  0.0039928  0.0037773  0.0025956  0.0042327  0.0066547  0.0055638  0.0023242  0.0018247 -0.0004615 -0.0007445 -0.0007018 -0.0007578 -0.0016921
C  0  1  25  1  1 15  -0.0027190  0.0011184  0.0025940  0.0040221  0.0026375 -0.0002570  0.0029098  0.0031396  0.0058109  0.0038183  0.0022889  0.0005600 -0.0021463 -0.0053726 -0.0049245 -0.0041983
C  0  1  25  1  1 16  -0.0009424  0.0009622  0.0030415  0.0049341  0.0027817 -0.0006207  0.0036469  0.0044176  0.0040851  0.0058700  0.0024658  0.0027324 -0.0014062 -0.0015148 -0.0035863 -0.0056384
C  0  1  25  1  1 17  -0.0045821  0.0018916  0.0027826  0.0051377  0.0029154 -0.0013017  0.0027009  0.0044482  0.0034909  0.0045139  0.0047989  0.0015272 -0.0008307 -0.0049172 -0.0045504 -0.0048644
C  0  1  25  1  1 18   0.0007368  0.0080652  0.0039950  0.0060226  0.0052430  0.0013960 -0.0020190 -0.0002964  0.0027027  0.0051359  0.0034562  0.0013755 -0.0010749 -0.0034589 -0.0052653 -0.0040164
C  0  1  25  1  1 19   0.0026398  0.0079999  0.0117403  0.0102321  0.0061018  0.0026659 -0.0019255 -0.0008088  0.0040485  0.0058403  0.0021036  0.0001966 -0.0028469 -0.0055388 -0.0054478 -0.0017505
C  0  1  25  1  1 20   0.0014847  0.0151410  0.0176137  0.0136711  0.0070279  0.0037221 -0.0026395 -0.0007945  0.0002235  0.0064150  0.0008401 -0.0031884 -0.0067656 -0.0088425 -0.0059775 -0.0050354
C  0  1  25  1  1 21   0.0090734  0.0213283  0.0331053  0.0221353  0.0164303  0.0131946  0.0110430  0.0127531  0.0134186  0.0144242  0.0016511 -0.0030410 -0.0074674 -0.0185229 -0.0059847  0.0034571
