CPHI 16 
CETA 22 -2.40 -2.10 -1.85 -1.60 -1.40 -1.20 -1.00 -0.80 -0.60 -0.40 -0.20  0.00  0.20  0.40  0.60  0.80  1.00  1.20  1.40  1.60  1.85  2.10  2.40 
RMIN  6 
RTRK 12 
RETA 11  0.00  0.20  0.40  0.60  0.80  1.00  1.20  1.40  1.60  1.85  2.10  2.40 
T 0 1  26  0  0  0    0.0000000   0.0006350   0.0016888   0.0031795   0.0122031   0.0694077   0.2783818   0.6531133   1.0000000   1.0000000   1.0000000   1.0000000   1.0000000
T 0 1  26  0  0  1    0.0000000   0.0001569   0.0005624   0.0023282   0.0125389   0.0597184   0.2271682   0.5893904   1.0000000   1.0000000   1.0000000   1.0000000   1.0000000
T 0 1  26  0  0  2    0.0000000   0.0001371   0.0005119   0.0017394   0.0109460   0.0557343   0.2099926   0.5752348   1.0000000   1.0000000   1.0000000   1.0000000   1.0000000
T 0 1  26  0  0  3    0.0000000   0.0001916   0.0005978   0.0017158   0.0115471   0.0628716   0.2261218   0.5867902   1.0000000   1.0000000   1.0000000   1.0000000   1.0000000
T 0 1  26  0  0  4    0.0000000   0.0004129   0.0025263   0.0143742   0.0633822   0.2048567   0.4899379   0.8227456   1.0000000   1.0000000   1.0000000   1.0000000   1.0000000
T 0 1  26  0  0  5    0.0000000   0.0009809   0.0073255   0.0510409   0.2057164   0.5326552   0.8758358   0.9994199   1.0000000   1.0000000   1.0000000   1.0000000   1.0000000
T 0 1  26  0  0  6    0.0000000   0.0002880   0.0011886   0.0103317   0.0668868   0.2771777   0.6629606   0.9309998   0.9981894   1.0000000   1.0000000   1.0000000   1.0000000
T 0 1  26  0  0  7    0.0000000   0.0000461   0.0003931   0.0008677   0.0047142   0.0309986   0.1186592   0.2970138   0.5806567   0.8691724   0.9846407   0.9998678   1.0000000
T 0 1  26  0  0  8    0.0000000   0.0000057   0.0000454   0.0001280   0.0003840   0.0009814   0.0043055   0.0251106   0.1194533   0.3935851   0.7888597   0.9690810   1.0000000
T 0 1  26  0  0  9    0.0000000   0.0000053   0.0000080   0.0000255   0.0005447   0.0035354   0.0181986   0.0861479   0.3014829   0.6574471   0.9391233   0.9999330   1.0000000
T 0 1  26  0  0 10    0.0000000   0.0068812   0.0293763   0.0469319   0.0798480   0.1692611   0.3376042   0.6904097   0.9103620   0.9702166   0.9998573   1.0000000   1.0000000
T 0 1  26  1  0  0    0.0000000   0.0005148   0.0016399   0.0047460   0.0213440   0.1017716   0.3374237   0.6994022   1.0000000   1.0000000   1.0000000   1.0000000   1.0000000
T 0 1  26  1  0  1    0.0000000   0.0002633   0.0010891   0.0042307   0.0181163   0.0752157   0.2537985   0.6193956   1.0000000   1.0000000   1.0000000   1.0000000   1.0000000
T 0 1  26  1  0  2    0.0000000   0.0002194   0.0008486   0.0027728   0.0124455   0.0616642   0.2339277   0.6064318   1.0000000   1.0000000   1.0000000   1.0000000   1.0000000
T 0 1  26  1  0  3    0.0000000   0.0002283   0.0008669   0.0027852   0.0140251   0.0700545   0.2491207   0.6198491   1.0000000   1.0000000   1.0000000   1.0000000   1.0000000
T 0 1  26  1  0  4    0.0000000   0.0004356   0.0027620   0.0153929   0.0663357   0.2155446   0.5058694   0.8320271   1.0000000   1.0000000   1.0000000   1.0000000   1.0000000
T 0 1  26  1  0  5    0.0000000   0.0011873   0.0094478   0.0577925   0.2246261   0.5586818   0.8900123   0.9996500   1.0000000   1.0000000   1.0000000   1.0000000   1.0000000
T 0 1  26  1  0  6    0.0000000   0.0004626   0.0026649   0.0180020   0.0942133   0.3329130   0.7236541   0.9536823   0.9988141   0.9999984   1.0000000   1.0000000   1.0000000
T 0 1  26  1  0  7    0.0000000   0.0002246   0.0006446   0.0024765   0.0123245   0.0526267   0.1570011   0.3413836   0.6074237   0.8728054   0.9849908   0.9998878   1.0000000
T 0 1  26  1  0  8    0.0000000   0.0009562   0.0014955   0.0017998   0.0022382   0.0036136   0.0107994   0.0452511   0.1686405   0.4573475   0.8251665   0.9710661   1.0000000
T 0 1  26  1  0  9    0.0000000   0.0021003   0.0074838   0.0131257   0.0159362   0.0198461   0.0401951   0.1288935   0.3661962   0.7154288   0.9583841   0.9999941   1.0000000
T 0 1  26  1  0 10    0.0000000   0.0032254   0.0170235   0.0428863   0.0843736   0.1746921   0.3942474   0.7474223   0.9511020   0.9856143   0.9999985   1.0000000   1.0000000
R 0 1  26  0  0  0    0.0236371   0.0236371   0.0106475   0.0106187   0.0104298   0.0101899   0.0100012   0.0098643   0.0098643   0.0098643   0.0098643   0.0098643
R 0 1  26  0  0  1    0.0120159   0.0120159   0.0120159   0.0120159   0.0109389   0.0109021   0.0109688   0.0108781   0.0108781   0.0108781   0.0108781   0.0108781
R 0 1  26  0  0  2    0.0126688   0.0126688   0.0126688   0.0126688   0.0119672   0.0119942   0.0118696   0.0116857   0.0116857   0.0116857   0.0116857   0.0116857
R 0 1  26  0  0  3    0.0133346   0.0133346   0.0133346   0.0133346   0.0126822   0.0125750   0.0123515   0.0122643   0.0122643   0.0122643   0.0122643   0.0122643
R 0 1  26  0  0  4    0.0188032   0.0188032   0.0188032   0.0174261   0.0168744   0.0158197   0.0144789   0.0131061   0.0131061   0.0131061   0.0131061   0.0131061
R 0 1  26  0  0  5    0.0212310   0.0212310   0.0195389   0.0191170   0.0187164   0.0180937   0.0169432   0.0169432   0.0169432   0.0169432   0.0169432   0.0169432
R 0 1  26  0  0  6    0.0196318   0.0196318   0.0196318   0.0204624   0.0207697   0.0207216   0.0207741   0.0206368   0.0206368   0.0206368   0.0206368   0.0206368
R 0 1  26  0  0  7    0.0216718   0.0216718   0.0216718   0.0216718   0.0207158   0.0210131   0.0212177   0.0209432   0.0205997   0.0197136   0.0197136   0.0197136
R 0 1  26  0  0  8    0.0213820   0.0213820   0.0213820   0.0213820   0.0213820   0.0213820   0.0213820   0.0208946   0.0209999   0.0209367   0.0202292   0.0187305
R 0 1  26  0  0  9    0.0312069   0.0312069   0.0312069   0.0312069   0.0312069   0.0312069   0.0298552   0.0289320   0.0274176   0.0264809   0.0245350   0.0245350
R 0 1  26  0  0 10    0.0764349   0.0714691   0.0580440   0.0536665   0.0475694   0.0441777   0.0408228   0.0354623   0.0339365   0.0312233   0.0312233   0.0312233
R 0 1  26  0  1  0    0.0000000   0.0000000   0.0000000   0.0000732   0.0000829   0.0000817   0.0000729   0.0000663   0.0000663   0.0000663   0.0000663   0.0000663
R 0 1  26  0  1  1    0.0001054   0.0001054   0.0001054   0.0001054   0.0000750   0.0000698   0.0000636   0.0000571   0.0000571   0.0000571   0.0000571   0.0000571
R 0 1  26  0  1  2    0.0000739   0.0000739   0.0000739   0.0000739   0.0000596   0.0000641   0.0000617   0.0000506   0.0000506   0.0000506   0.0000506   0.0000506
R 0 1  26  0  1  3    0.0000522   0.0000522   0.0000522   0.0000522   0.0000700   0.0000565   0.0000552   0.0000491   0.0000491   0.0000491   0.0000491   0.0000491
R 0 1  26  0  1  4    0.0001056   0.0001056   0.0001056   0.0000931   0.0000883   0.0000702   0.0000541   0.0000506   0.0000506   0.0000506   0.0000506   0.0000506
R 0 1  26  0  1  5    0.0002362   0.0002362   0.0000678   0.0000759   0.0000658   0.0000579   0.0000485   0.0000485   0.0000485   0.0000485   0.0000485   0.0000485
R 0 1  26  0  1  6    0.0000376   0.0000376   0.0000376   0.0000356   0.0000633   0.0000544   0.0000539   0.0000214   0.0000214   0.0000214   0.0000214   0.0000214
R 0 1  26  0  1  7    0.0001436   0.0001436   0.0001436   0.0001436   0.0000890   0.0000594   0.0000668   0.0000737   0.0000742   0.0000551   0.0000551   0.0000551
R 0 1  26  0  1  8    0.0001159   0.0001159   0.0001159   0.0001159   0.0001159   0.0001159   0.0001159   0.0001055   0.0000993   0.0000984   0.0000835   0.0000580
R 0 1  26  0  1  9    0.0002836   0.0002836   0.0002836   0.0002836   0.0002836   0.0002836   0.0002196   0.0001905   0.0001781   0.0001529   0.0001272   0.0001272
R 0 1  26  0  1 10    0.0013221   0.0011497   0.0005566   0.0007924   0.0005794   0.0004828   0.0003902   0.0002619   0.0002215   0.0002266   0.0002266   0.0002266
R 0 1  26  0  2  0    0.0000000   0.0000000   0.0000000   0.0000000   0.0000000   0.0000000   0.0000137   0.0000071   0.0000071   0.0000071   0.0000071   0.0000071
R 0 1  26  0  2  1    0.0000000   0.0000000   0.0000000   0.0000000   0.0000000   0.0000217   0.0000000   0.0000092   0.0000092   0.0000092   0.0000092   0.0000092
R 0 1  26  0  2  2    0.0000000   0.0000000   0.0000000   0.0000000   0.0000510   0.0000083   0.0000094   0.0000148   0.0000148   0.0000148   0.0000148   0.0000148
R 0 1  26  0  2  3    0.0000523   0.0000523   0.0000523   0.0000523   0.0000000   0.0000000   0.0000094   0.0000057   0.0000057   0.0000057   0.0000057   0.0000057
R 0 1  26  0  2  4    0.0000000   0.0000000   0.0000000   0.0000000   0.0000000   0.0000161   0.0000153   0.0000086   0.0000086   0.0000086   0.0000086   0.0000086
R 0 1  26  0  2  5    0.0000000   0.0000000   0.0000000   0.0000175   0.0000330   0.0000135   0.0000000   0.0000000   0.0000000   0.0000000   0.0000000   0.0000000
R 0 1  26  0  2  6    0.0000000   0.0000000   0.0000000   0.0000000   0.0000000   0.0000078   0.0000000   0.0000000   0.0000000   0.0000000   0.0000000   0.0000000
R 0 1  26  0  2  7    0.0000000   0.0000000   0.0000000   0.0000000   0.0000000   0.0000000   0.0000000   0.0000165   0.0000000   0.0000000   0.0000000   0.0000000
R 0 1  26  0  2  8    0.0000000   0.0000000   0.0000000   0.0000000   0.0000000   0.0000000   0.0000000   0.0000000   0.0000000   0.0000084   0.0000129   0.0000000
R 0 1  26  0  2  9    0.0000000   0.0000000   0.0000000   0.0000000   0.0000000   0.0000000   0.0000000   0.0000000   0.0000000   0.0000000   0.0000725   0.0000725
R 0 1  26  0  2 10    0.0000000   0.0000000   0.0000000   0.0000000   0.0000000   0.0000000   0.0000661   0.0000782   0.0000000   0.0000000   0.0000000   0.0000000
R 0 1  26  0  3  0    1.0148854   1.0148854   1.1664790   1.0339912   0.9941265   0.9852079   0.9808016   0.9828359   0.9828359   0.9828359   0.9828359   0.9828359
R 0 1  26  0  3  1    1.0264005   1.0264005   1.0264005   1.0264005   1.0010177   0.9804691   0.9797081   0.9788236   0.9788236   0.9788236   0.9788236   0.9788236
R 0 1  26  0  3  2    1.0294718   1.0294718   1.0294718   1.0294718   1.0042777   0.9852053   0.9825458   0.9799470   0.9799470   0.9799470   0.9799470   0.9799470
R 0 1  26  0  3  3    1.0135768   1.0135768   1.0135768   1.0135768   1.0050885   0.9849812   0.9814759   0.9810603   0.9810603   0.9810603   0.9810603   0.9810603
R 0 1  26  0  3  4    1.0117928   1.0117928   1.0117928   0.9870177   0.9792896   0.9729492   0.9792232   0.9866218   0.9866218   0.9866218   0.9866218   0.9866218
R 0 1  26  0  3  5    1.0219450   1.0219450   0.9924155   0.9841433   0.9750874   0.9733334   0.9692492   0.9692492   0.9692492   0.9692492   0.9692492   0.9692492
R 0 1  26  0  3  6    1.0231154   1.0231154   1.0231154   0.9984204   0.9875421   0.9841033   0.9835281   0.9830516   0.9830516   0.9830516   0.9830516   0.9830516
R 0 1  26  0  3  7    1.0349989   1.0349989   1.0349989   1.0349989   1.0268523   1.0044732   0.9899396   0.9829762   0.9872309   0.9864175   0.9864175   0.9864175
R 0 1  26  0  3  8    1.0177202   1.0177202   1.0177202   1.0177202   1.0177202   1.0177202   1.0177202   0.9971969   0.9850004   0.9843468   0.9879253   1.0197180
R 0 1  26  0  3  9    1.0331243   1.0331243   1.0331243   1.0331243   1.0331243   1.0331243   0.9964323   0.9741294   0.9723926   0.9838499   1.0086089   1.0086089
R 0 1  26  0  3 10    1.1050590   1.0336752   1.0340352   0.9882273   0.9785998   0.9710756   0.9692346   0.9677000   1.0033996   1.0109423   1.0109423   1.0109423
R 0 1  26  0  4  0    1.2354577   1.2354577   1.4853409   2.1325818   2.1946969   2.2552053   2.2525423   2.2788512   2.2788512   2.2788512   2.2788512   2.2788512
R 0 1  26  0  4  1    2.0582336   2.0582336   2.0582336   2.0582336   2.1178639   2.1842423   2.2112162   2.1962998   2.1962998   2.1962998   2.1962998   2.1962998
R 0 1  26  0  4  2    1.9477983   1.9477983   1.9477983   1.9477983   2.2583096   2.2287839   2.2682418   2.2210077   2.2210077   2.2210077   2.2210077   2.2210077
R 0 1  26  0  4  3    1.8051464   1.8051464   1.8051464   1.8051464   2.2721194   2.2493403   2.2069183   2.2317057   2.2317057   2.2317057   2.2317057   2.2317057
R 0 1  26  0  4  4    1.8256627   1.8256627   1.8256627   1.9352077   2.1176702   2.0567012   2.2291310   2.3140691   2.3140691   2.3140691   2.3140691   2.3140691
R 0 1  26  0  4  5    1.7974880   1.7974880   2.1422337   2.1890551   2.1079785   2.1039279   2.0002545   2.0002545   2.0002545   2.0002545   2.0002545   2.0002545
R 0 1  26  0  4  6    1.7983703   1.7983703   1.7983703   2.2150361   2.3184566   2.3338367   2.3253765   2.2535616   2.2535616   2.2535616   2.2535616   2.2535616
R 0 1  26  0  4  7    1.6840299   1.6840299   1.6840299   1.6840299   2.2244168   2.3364561   2.3536024   2.3183072   2.3768202   2.3483612   2.3483612   2.3483612
R 0 1  26  0  4  8    2.2645973   2.2645973   2.2645973   2.2645973   2.2645973   2.2645973   2.2645973   2.2410561   2.2565776   2.2679048   2.3113277   2.2871941
R 0 1  26  0  4  9    2.1939771   2.1939771   2.1939771   2.1939771   2.1939771   2.1939771   2.0735242   2.0288518   2.0109844   2.1888024   2.2257931   2.2257931
R 0 1  26  0  4 10    2.1404468   2.2522513   1.9139851   1.8503197   2.0288048   1.9831696   1.9806531   1.9484117   2.1450400   2.0056838   2.0056838   2.0056838
R 0 1  26  0  5  0   14.7548841  14.7548841   5.6336058   3.7065725   4.1276414   4.0171866   4.1960848   3.9432556   3.9432556   3.9432556   3.9432556   3.9432556
R 0 1  26  0  5  1    3.6347207   3.6347207   3.6347207   3.6347207   4.2519335   4.2259212   4.2919799   4.3500652   4.3500652   4.3500652   4.3500652   4.3500652
R 0 1  26  0  5  2    3.7935330   3.7935330   3.7935330   3.7935330   3.9458395   4.1957555   3.8148407   4.3171566   4.3171566   4.3171566   4.3171566   4.3171566
R 0 1  26  0  5  3    5.1709159   5.1709159   5.1709159   5.1709159   3.7532212   4.1265414   4.4177246   4.3308281   4.3308281   4.3308281   4.3308281   4.3308281
R 0 1  26  0  5  4    5.2508950   5.2508950   5.2508950   5.9455282   4.9466271   5.2149837   3.8180619   3.3190523   3.3190523   3.3190523   3.3190523   3.3190523
R 0 1  26  0  5  5    4.5507022   4.5507022   4.4094970   4.3470415   5.2093950   4.5118181   4.1287089   4.1287089   4.1287089   4.1287089   4.1287089   4.1287089
R 0 1  26  0  5  6    3.8455504   3.8455504   3.8455504   3.9833903   3.4061282   3.0071511   2.4557056   2.0742303   2.0742303   2.0742303   2.0742303   2.0742303
R 0 1  26  0  5  7    5.0791755   5.0791755   5.0791755   5.0791755   3.8942700   3.2208907   2.8643168   2.9649084   2.5795150   2.0942945   2.0942945   2.0942945
R 0 1  26  0  5  8    3.7368037   3.7368037   3.7368037   3.7368037   3.7368037   3.7368037   3.7368037   4.4022645   4.3845670   4.2851556   3.4009078   3.8287842
R 0 1  26  0  5  9    3.8184697   3.8184697   3.8184697   3.8184697   3.8184697   3.8184697   6.6965077   6.3890302   7.1205009   5.6183951   5.2557203   5.2557203
R 0 1  26  0  5 10    4.4406764   3.6862705   4.4063484   6.2411205   4.8800741   6.6003802   7.4695542   8.3343381   5.6285793   6.6708833   6.6708833   6.6708833
F  0  1  26  0  0  0    0.9910924   1.0608918   1.0019028   1.0020297   0.9848384   0.9853891   0.9843003   1.0020386   1.0024701   0.9862554   0.9834611
F  0  1  26  1  0  0    1.0223156   1.1074862   1.0932749   1.0682646   1.0610879   1.0657742   1.0676480   1.0573872   1.0608914   1.0582182   1.0849932
C  0  1  26  0  0  0  -0.2679788 -0.1616394 -0.1677285 -0.2662963 -0.1579355 -0.1695601 -0.0719866 -0.2712983 -0.1931100 -0.2284538 -0.3442145 -0.1647955 -0.3077501 -0.3659609 -0.4686040  0.0544463
C  0  1  26  0  0  1  -0.0535606 -0.1583891 -0.1619706 -0.1585780 -0.0888091 -0.0986831 -0.1680005 -0.1387498 -0.0997820 -0.1551797 -0.0063833 -0.1142259 -0.0774016 -0.0912977 -0.1563285  0.0662726
C  0  1  26  0  0  2  -0.0938900 -0.0904535 -0.1136533 -0.0927187  0.0016311 -0.0397801 -0.0373713 -0.0334544 -0.0334860 -0.0328364 -0.0405035 -0.0698738 -0.1486654 -0.1179842  0.0020430 -0.1489107
C  0  1  26  0  0  3  -0.0193098 -0.1377033 -0.0762845 -0.0723115  0.0754198 -0.2201555 -0.0296606 -0.0126212 -0.0580491 -0.0017543 -0.1043351  0.0001754 -0.1239515 -0.1376195 -0.2047887 -0.0698561
C  0  1  26  0  0  4  -0.0798795 -0.0039286  0.0150831 -0.0769390 -0.0965839 -0.0688854 -0.0558331 -0.0831350 -0.0823603 -0.0514660 -0.0539401 -0.0069127 -0.0798535 -0.1204608 -0.0329792 -0.1103310
C  0  1  26  0  0  5  -0.1167173  0.0333660 -0.0863462  0.0261085  0.0597308 -0.0124783  0.0587702  0.0070875  0.0767762  0.0232686  0.0355854 -0.0009811  0.0300627  0.0482059  0.0614088 -0.0627886
C  0  1  26  0  0  6  -0.0626144  0.0648511  0.0185674  0.0247747  0.0062106  0.0340025 -0.0299198 -0.1245895 -0.1177738 -0.0754823 -0.0479358  0.0226391 -0.1864573  0.0392134 -0.0344273  0.0758320
C  0  1  26  0  0  7  -0.0392426  0.0948403  0.0278045 -0.0351694  0.0040384  0.0485665  0.0260116  0.0006106 -0.0013522 -0.0401090 -0.0046823 -0.0151373  0.0503588 -0.0235612 -0.0784274  0.0579417
C  0  1  26  0  0  8  -0.0694616  0.0133939  0.0013693  0.0423882  0.0010888  0.0166538  0.0216831  0.0094297 -0.0330072  0.0349228  0.0568877  0.0167654 -0.0014772  0.0586604 -0.1105983 -0.0138815
C  0  1  26  0  0  9  -0.0714283  0.0142124 -0.0180596  0.0921712 -0.0242380 -0.0463463  0.0443552  0.0116591 -0.0188450 -0.0382452  0.0018435 -0.0062593  0.0015494  0.0475744 -0.1225406  0.0946385
C  0  1  26  0  0 10  -0.0253466  0.0236856  0.0116448  0.0464141 -0.0040986 -0.0015944 -0.0100585 -0.0168198  0.0584199 -0.0438084 -0.0071114 -0.0370197 -0.0555827  0.0961689 -0.0048110  0.0539805
C  0  1  26  0  0 11  -0.0748647  0.0170481  0.0315768  0.0986071 -0.0069441  0.0674857  0.0541416  0.1280776  0.0486982  0.0096095  0.0204073 -0.0594818  0.0064304  0.0147098  0.0269972 -0.0105255
C  0  1  26  0  0 12   0.0635901 -0.0231019 -0.0246808  0.0484349 -0.0182105  0.0221182  0.0335384 -0.0441188 -0.0170031  0.0857830  0.0074636 -0.0841360 -0.0993034 -0.0354095  0.0177729  0.1030773
C  0  1  26  0  0 13  -0.0425693 -0.0097855  0.0419152  0.0157203 -0.0445727 -0.0701340  0.0535411  0.0215980  0.0357777 -0.0077607 -0.0369478  0.0121996 -0.0161752  0.0393319  0.0292288  0.0199242
C  0  1  26  0  0 14  -0.0736515  0.0153410  0.0052165  0.0193694  0.0659436 -0.0861916  0.0068258 -0.0261142  0.0374012  0.0045789  0.0418102 -0.1082472 -0.0221706 -0.0528774 -0.0072079 -0.0667559
C  0  1  26  0  0 15  -0.1175920 -0.0159203  0.0105077  0.0625101  0.1071599 -0.0562863  0.0011566 -0.0030051 -0.0008327  0.0131446 -0.0755673 -0.1283441  0.0269934  0.0281046 -0.0570136 -0.0433515
C  0  1  26  0  0 16   0.0330853  0.0226559 -0.0127877 -0.0418087  0.0620292 -0.0944265 -0.0086273 -0.0078147 -0.0333293  0.1627189  0.0117215 -0.0641919 -0.0631057 -0.0644454 -0.0406274  0.0079525
C  0  1  26  0  0 17  -0.0137122 -0.0095240 -0.1705282 -0.1352825 -0.1274612 -0.0972106 -0.0083443 -0.0309388  0.0964102 -0.0860296 -0.0934709 -0.0169603 -0.1288042 -0.1227015 -0.0822820  0.0126505
C  0  1  26  0  0 18  -0.2149015 -0.0391137  0.0234448 -0.0212319 -0.1005469 -0.0948580 -0.0627496 -0.0607516  0.0094003 -0.0123002 -0.0386209 -0.1535183 -0.0400931 -0.0742282 -0.2085715 -0.0101469
C  0  1  26  0  0 19  -0.0563517 -0.1676341 -0.1718973 -0.0301159 -0.1978775 -0.0816075 -0.1581959 -0.0726113 -0.1884291 -0.0377960 -0.1074828 -0.0944381 -0.1458417 -0.1362344  0.0264782 -0.1234495
C  0  1  26  0  0 20  -0.0672077 -0.0218976  0.0286219 -0.1082006 -0.1456048 -0.0553766 -0.1458213 -0.1129607 -0.1580271 -0.1487765 -0.1048672  0.0355241 -0.0857843 -0.3038861 -0.1534271 -0.0739358
C  0  1  26  0  0 21  -0.1659289 -0.2953032 -0.3658537 -0.1975239 -0.1269162 -0.1188524 -0.2660911 -0.1575016 -0.3327415 -0.2458374 -0.1677883 -0.2373500 -0.3734095 -0.4754130 -0.4472545 -0.2251740
C  0  1  26  0  1  0   0.0018454 -0.0013565  0.0010349 -0.0032704 -0.0007275  0.0003306 -0.0019404  0.0000903 -0.0009315 -0.0001277 -0.0040982  0.0020811  0.0085404  0.0014641  0.0069937  0.0066495
C  0  1  26  0  1  1  -0.0019815  0.0004985  0.0001698 -0.0042263  0.0013947 -0.0015601  0.0054449  0.0010158  0.0035758 -0.0039271  0.0001781 -0.0015128  0.0029393  0.0037977  0.0026111  0.0019887
C  0  1  26  0  1  2   0.0015577 -0.0002794  0.0015767 -0.0000452 -0.0020633 -0.0000761  0.0011315  0.0020594 -0.0023200  0.0030028 -0.0007268  0.0000664  0.0005086 -0.0016817  0.0001428  0.0000192
C  0  1  26  0  1  3   0.0036642 -0.0006341  0.0012100 -0.0029967 -0.0006097  0.0019989  0.0017877 -0.0005068 -0.0006453 -0.0023060  0.0008943 -0.0018986  0.0000008 -0.0004690  0.0030472  0.0029094
C  0  1  26  0  1  4   0.0025831 -0.0002349 -0.0014659  0.0026556 -0.0010500 -0.0012175  0.0022254 -0.0004764  0.0011737 -0.0001311  0.0000589 -0.0032856  0.0011414 -0.0004273 -0.0004962 -0.0010238
C  0  1  26  0  1  5   0.0007972  0.0015768 -0.0021750  0.0021142  0.0003365 -0.0012604 -0.0007682 -0.0014906  0.0000119  0.0008510  0.0013178 -0.0029554 -0.0012192 -0.0015946  0.0013904  0.0005198
C  0  1  26  0  1  6   0.0017104  0.0009990 -0.0012236  0.0005565 -0.0009286 -0.0008935 -0.0006023 -0.0008077  0.0007536 -0.0012677 -0.0011757 -0.0007552 -0.0014590 -0.0022037  0.0017747  0.0001012
C  0  1  26  0  1  7   0.0025347 -0.0002294 -0.0004680  0.0012030  0.0015752  0.0004745 -0.0009767 -0.0000819  0.0001616 -0.0020965  0.0020545 -0.0009682 -0.0015564 -0.0010179 -0.0013611 -0.0000953
C  0  1  26  0  1  8   0.0026943 -0.0009749 -0.0002346 -0.0015272  0.0012465  0.0007660  0.0007257  0.0001636  0.0004650  0.0015298 -0.0005456 -0.0029505  0.0002122  0.0004293  0.0001963  0.0000011
C  0  1  26  0  1  9  -0.0007513  0.0017179  0.0007670  0.0000289  0.0010484  0.0014819  0.0022855 -0.0003786 -0.0008038 -0.0008372 -0.0025735 -0.0007858  0.0000631 -0.0005455 -0.0021048  0.0000416
C  0  1  26  0  1 10   0.0014794  0.0010855  0.0011530  0.0026753  0.0021151  0.0004171  0.0022592 -0.0010153 -0.0022849 -0.0021162 -0.0001119 -0.0008867 -0.0017080  0.0010885 -0.0005719  0.0006644
C  0  1  26  0  1 11   0.0003177  0.0003596 -0.0007478  0.0016426  0.0003011  0.0003379 -0.0024730 -0.0008060 -0.0015929 -0.0006443  0.0007161 -0.0023771  0.0012076  0.0003203  0.0005986 -0.0003631
C  0  1  26  0  1 12   0.0019923 -0.0008608  0.0008551 -0.0012306 -0.0004586 -0.0017185  0.0004022 -0.0013173  0.0023329 -0.0015510  0.0016159  0.0028727 -0.0001233 -0.0005743  0.0000590  0.0017082
C  0  1  26  0  1 13   0.0031263 -0.0010528  0.0007272 -0.0000962  0.0030041 -0.0003045  0.0003161  0.0008113  0.0009949 -0.0018789 -0.0008253 -0.0025764 -0.0004158  0.0003026 -0.0000673  0.0013967
C  0  1  26  0  1 14   0.0026002  0.0008800  0.0009509  0.0017655  0.0025536  0.0021927  0.0003923  0.0010647 -0.0001317  0.0003428  0.0006689  0.0003417  0.0007575 -0.0003236 -0.0007021  0.0004649
C  0  1  26  0  1 15   0.0028488  0.0004433  0.0015382  0.0012120  0.0020427  0.0020805  0.0005271 -0.0016108  0.0012776  0.0001377  0.0003606  0.0010699 -0.0004930  0.0018740  0.0008483  0.0010412
C  0  1  26  0  1 16   0.0022722  0.0017223  0.0021269 -0.0003915 -0.0018954  0.0036155 -0.0000437 -0.0006377 -0.0003995 -0.0018402  0.0006396 -0.0015804 -0.0015750  0.0032238  0.0002031  0.0021733
C  0  1  26  0  1 17   0.0005303 -0.0005979  0.0009550  0.0029328 -0.0001213  0.0016715  0.0033172  0.0010966 -0.0002346  0.0005935  0.0001568 -0.0005656  0.0004695 -0.0024262  0.0056217  0.0031994
C  0  1  26  0  1 18   0.0061018  0.0043911  0.0050824  0.0006910  0.0004932  0.0012322  0.0050225  0.0016418 -0.0011705  0.0016234  0.0035092  0.0005879  0.0002239 -0.0008715  0.0076889  0.0038251
C  0  1  26  0  1 19   0.0040740  0.0037402  0.0030905  0.0002331 -0.0014073  0.0013065  0.0031049 -0.0012464  0.0031745  0.0056863 -0.0000466  0.0012058  0.0006495  0.0005277  0.0018312  0.0046118
C  0  1  26  0  1 20   0.0047305  0.0075856  0.0065013  0.0037813  0.0017666  0.0042548  0.0025664  0.0031699  0.0007108  0.0050888  0.0005630 -0.0014526  0.0016829  0.0020593  0.0067521  0.0060982
C  0  1  26  0  1 21   0.0163649  0.0125928  0.0066402  0.0023235 -0.0071010 -0.0049504 -0.0105986 -0.0014467 -0.0003523 -0.0017430 -0.0009528  0.0031984 -0.0007840  0.0050515  0.0069727  0.0087749
C  0  1  26  1  0  0  -0.4657502 -0.3880920 -0.3926839 -0.4074773 -0.2466511 -0.3503654 -0.3872611 -0.3070337 -0.4126675 -0.3462071 -0.2861776 -0.5066559 -0.4397294 -0.3998395 -0.4565280 -0.4547556
C  0  1  26  1  0  1  -0.3056837 -0.3490764 -0.2646542 -0.2617921 -0.3444730 -0.2884616 -0.2975947 -0.2349072 -0.2406702 -0.2563609 -0.2665208 -0.2916004 -0.3017355 -0.4023943 -0.3290115 -0.3229413
C  0  1  26  1  0  2  -0.3437220 -0.3600218 -0.2997655 -0.3190498 -0.3186989 -0.2687134 -0.2363428 -0.2495602 -0.2427030 -0.2109250 -0.3062458 -0.2852998 -0.3416746 -0.3703297 -0.2985549 -0.3852383
C  0  1  26  1  0  3  -0.2811504 -0.3258731 -0.3845617 -0.2551689 -0.2400263 -0.2515716 -0.2115965 -0.1393350 -0.1876567 -0.1997193 -0.2044503 -0.2614904 -0.2362939 -0.2227478 -0.2682752 -0.3067304
C  0  1  26  1  0  4  -0.3227966 -0.2613609 -0.3279286 -0.2423884 -0.2587437 -0.1968627 -0.2440378 -0.2151587 -0.2315076 -0.1599090 -0.1908349 -0.2388265 -0.2982964 -0.2262346 -0.3277094 -0.2948790
C  0  1  26  1  0  5  -0.2298482 -0.2220896 -0.2414767 -0.1649767 -0.1546332 -0.1142115 -0.1569716 -0.1342406 -0.1104738 -0.1078243 -0.1405774 -0.1639411 -0.2435200 -0.1217075 -0.1793778 -0.2100395
C  0  1  26  1  0  6  -0.1501029 -0.1449205 -0.2082572 -0.1764501 -0.1362028 -0.1335158 -0.1157064 -0.1390361 -0.1462429 -0.1093006 -0.0871274 -0.1141560 -0.1429494 -0.1179406 -0.1337543 -0.1898176
C  0  1  26  1  0  7  -0.1410955 -0.1736892 -0.1852077 -0.1133444 -0.1756737 -0.1706030 -0.1508499 -0.1123611 -0.1272525 -0.0811554 -0.0853478 -0.1184525 -0.1214439 -0.1188921 -0.1152044 -0.1254802
C  0  1  26  1  0  8  -0.1657830 -0.1220422 -0.1560041 -0.1706562 -0.1294618 -0.1940223 -0.1421523 -0.1772460 -0.1431485 -0.1015466 -0.1368936 -0.1623778 -0.1247494 -0.1566096 -0.1058072 -0.1637319
C  0  1  26  1  0  9  -0.1312971 -0.1531151 -0.0971198 -0.1282499 -0.1169381 -0.1514822 -0.1251101 -0.1610272 -0.0565721 -0.1348421 -0.0734998 -0.1249596 -0.1266631 -0.0916398 -0.1497920 -0.1215727
C  0  1  26  1  0 10  -0.1450360 -0.0994107 -0.1142893 -0.1598363 -0.1442227 -0.1372018 -0.1347169 -0.1151945 -0.0883524 -0.1095175 -0.1319774 -0.1080073 -0.0821979 -0.1416073 -0.1525781 -0.1199177
C  0  1  26  1  0 11  -0.1236920 -0.1317614 -0.1643600 -0.1455651 -0.1020199 -0.1408114 -0.1092195 -0.1221536 -0.1404877 -0.0811064 -0.0862776 -0.1222093 -0.1027498 -0.1568188 -0.1430906 -0.0993852
C  0  1  26  1  0 12  -0.1219405 -0.1760068 -0.1332402 -0.1061787 -0.1630351 -0.1184504 -0.1689205 -0.1713956 -0.1161180 -0.1211063 -0.0959568 -0.0871343 -0.1010569 -0.0986440 -0.1223500 -0.1323891
C  0  1  26  1  0 13  -0.1075691 -0.1614923 -0.2118630 -0.1207498 -0.1579742 -0.1631657 -0.1357173 -0.1488944 -0.1012075 -0.1018081 -0.1690928 -0.1016559 -0.1409904 -0.1209206 -0.1649880 -0.1328185
C  0  1  26  1  0 14  -0.1566057 -0.1710715 -0.1353148 -0.1532088 -0.1539238 -0.1497815 -0.1397238 -0.2156965 -0.1340683 -0.1313767 -0.1324332 -0.1443576 -0.1263218 -0.0759237 -0.1176441 -0.1878078
C  0  1  26  1  0 15  -0.1244857 -0.1982461 -0.1504631 -0.1418239 -0.1502643 -0.1053524 -0.1761052 -0.1555033 -0.1696194 -0.1560570 -0.0830506 -0.1684889 -0.1308794 -0.0544883 -0.1147123 -0.1414327
C  0  1  26  1  0 16  -0.1720069 -0.1642790 -0.1542106 -0.1739481 -0.1899545 -0.1639444 -0.2119566 -0.1939361 -0.1353591 -0.1744088 -0.1315014 -0.1463142 -0.1886633 -0.1451579 -0.1676337 -0.1548181
C  0  1  26  1  0 17  -0.2103001 -0.2834626 -0.2052337 -0.3010081 -0.1932838 -0.2556602 -0.2430084 -0.2834793 -0.1951858 -0.2247696 -0.2052097 -0.2143905 -0.1607631 -0.2714599 -0.2615131 -0.2280890
C  0  1  26  1  0 18  -0.2612477 -0.2538948 -0.2885522 -0.2493723 -0.2090006 -0.2160678 -0.3196660 -0.2654536 -0.2002010 -0.2368930 -0.2343889 -0.2620077 -0.2374821 -0.1880680 -0.1768889 -0.2218319
C  0  1  26  1  0 19  -0.2856181 -0.2797444 -0.3746553 -0.3176278 -0.3086691 -0.2841243 -0.2209080 -0.2313016 -0.2794002 -0.3293802 -0.1938403 -0.2443951 -0.2326649 -0.2532806 -0.3143557 -0.3420720
C  0  1  26  1  0 20  -0.2398280 -0.2970693 -0.3221393 -0.2921248 -0.2874503 -0.2681539 -0.2651532 -0.3374922 -0.3267962 -0.3245341 -0.3300351 -0.2495075 -0.3162944 -0.2487258 -0.2136238 -0.3367728
C  0  1  26  1  0 21  -0.4420202 -0.4618916 -0.3378557 -0.3702740 -0.3071051 -0.3196719 -0.3247371 -0.3731026 -0.4858780 -0.2915161 -0.3165031 -0.3435647 -0.3878509 -0.4195833 -0.4129404 -0.3194394
C  0  1  26  1  1  0   0.0461815  0.0493760  0.0421682  0.0253647  0.0027550 -0.0205360 -0.0321740 -0.0425562 -0.0465164 -0.0369670 -0.0342891 -0.0165544  0.0035886  0.0042532  0.0249037  0.0376330
C  0  1  26  1  1  1   0.0240032  0.0222789  0.0174497  0.0120451  0.0029688 -0.0060776 -0.0151864 -0.0165745 -0.0176108 -0.0140962 -0.0149189 -0.0070478  0.0039817  0.0087968  0.0133513  0.0240416
C  0  1  26  1  1  2   0.0129387  0.0136010  0.0096509  0.0064142  0.0013829 -0.0033253 -0.0074476 -0.0080490 -0.0086433 -0.0053989 -0.0037847 -0.0022780  0.0013007  0.0040096  0.0061488  0.0105270
C  0  1  26  1  1  3   0.0080401  0.0078931  0.0029814  0.0041863  0.0012494  0.0008808 -0.0041584 -0.0015232  0.0004288  0.0004658 -0.0010326  0.0003679  0.0036438  0.0025677  0.0030537  0.0072106
C  0  1  26  1  1  4   0.0026610  0.0025623  0.0003468  0.0008939  0.0031129  0.0025804 -0.0003229  0.0026166  0.0040753  0.0019635  0.0000161 -0.0001924  0.0023066  0.0020144  0.0048763  0.0026408
C  0  1  26  1  1  5   0.0018848  0.0008439  0.0005527  0.0035244  0.0033417  0.0047966  0.0033073  0.0047483  0.0055283  0.0031943 -0.0009063 -0.0008709  0.0018543  0.0028925  0.0021417 -0.0004053
C  0  1  26  1  1  6   0.0022117  0.0020662  0.0020627  0.0045993  0.0054043  0.0054065  0.0063079  0.0053917  0.0055563  0.0023104  0.0015163  0.0018465  0.0012433  0.0024864  0.0011623  0.0010914
C  0  1  26  1  1  7  -0.0004451  0.0031225  0.0028657  0.0042132  0.0048184  0.0035751  0.0065700  0.0039224  0.0034741  0.0007478  0.0003284  0.0002673  0.0018478  0.0011397  0.0024087 -0.0008372
C  0  1  26  1  1  8  -0.0009538  0.0009640  0.0026835  0.0030518  0.0050222  0.0049828  0.0059588  0.0060100  0.0044277  0.0020861  0.0012201  0.0008243  0.0025214  0.0016228  0.0023213 -0.0000775
C  0  1  26  1  1  9   0.0022157  0.0032347  0.0018500  0.0033972  0.0034781  0.0030844  0.0042337  0.0034408  0.0032221  0.0000945  0.0021508  0.0012221  0.0013127  0.0011307  0.0012426 -0.0005734
C  0  1  26  1  1 10   0.0000502  0.0025844  0.0020904  0.0028384  0.0024731  0.0024855  0.0035714  0.0041982  0.0039445  0.0003382  0.0004771  0.0017246  0.0000409  0.0008668  0.0027324 -0.0004066
C  0  1  26  1  1 11   0.0004273  0.0026188  0.0024001  0.0024519  0.0021429  0.0001782  0.0018381  0.0026074  0.0034379  0.0020634 -0.0005029  0.0003304  0.0011683  0.0010363  0.0014770 -0.0017561
C  0  1  26  1  1 12   0.0010853  0.0023848  0.0032089  0.0045311  0.0026918  0.0017773  0.0018151  0.0035585  0.0045201  0.0020654  0.0014270  0.0018048  0.0010776 -0.0001724  0.0013365 -0.0011943
C  0  1  26  1  1 13   0.0005606  0.0026268  0.0032646  0.0037498  0.0029722  0.0034897  0.0045391  0.0061526  0.0058471  0.0011753  0.0017915  0.0001190 -0.0000200 -0.0013554  0.0003749 -0.0011190
C  0  1  26  1  1 14  -0.0008025  0.0011420  0.0031565  0.0045604  0.0044341  0.0024021  0.0040334  0.0069014  0.0045541  0.0013621  0.0010058 -0.0007719 -0.0016710 -0.0006999 -0.0012621 -0.0017516
C  0  1  26  1  1 15  -0.0004098  0.0011580  0.0034615  0.0037641  0.0034445 -0.0003839  0.0046213  0.0047550  0.0064388  0.0040659  0.0029995  0.0009554 -0.0012679 -0.0043349 -0.0045259 -0.0030694
C  0  1  26  1  1 16  -0.0012293  0.0015569  0.0032800  0.0046766  0.0040171  0.0005499  0.0031729  0.0042186  0.0038714  0.0062082  0.0027422  0.0030976 -0.0014359 -0.0011535 -0.0049698 -0.0048329
C  0  1  26  1  1 17  -0.0028864  0.0015980  0.0026903  0.0064911  0.0021173 -0.0019370  0.0016443  0.0046024  0.0036478  0.0047773  0.0035250  0.0013583 -0.0024949 -0.0034745 -0.0038991 -0.0040224
C  0  1  26  1  1 18   0.0012584  0.0087356  0.0057775  0.0073379  0.0054482  0.0014917 -0.0005396  0.0000815  0.0036097  0.0048788  0.0024755  0.0007628 -0.0010325 -0.0032782 -0.0060030 -0.0023344
C  0  1  26  1  1 19   0.0035337  0.0096847  0.0133561  0.0114306  0.0075064  0.0030925 -0.0020841  0.0008531  0.0035623  0.0069524  0.0042194  0.0008701 -0.0032491 -0.0037572 -0.0044885 -0.0006238
C  0  1  26  1  1 20   0.0019428  0.0153725  0.0187103  0.0122243  0.0065285  0.0041977 -0.0018557 -0.0005148  0.0024192  0.0077101  0.0025021 -0.0014152 -0.0068744 -0.0079353 -0.0055466 -0.0047591
C  0  1  26  1  1 21   0.0097019  0.0217922  0.0314653  0.0221506  0.0137575  0.0165561  0.0126376  0.0135856  0.0148636  0.0145276  0.0030649 -0.0026672 -0.0076246 -0.0172241 -0.0064285  0.0019766
