CPHI 16 
CETA 22 -2.40 -2.10 -1.85 -1.60 -1.40 -1.20 -1.00 -0.80 -0.60 -0.40 -0.20  0.00  0.20  0.40  0.60  0.80  1.00  1.20  1.40  1.60  1.85  2.10  2.40 
RMIN  6 
RTRK 12 
RETA 11  0.00  0.20  0.40  0.60  0.80  1.00  1.20  1.40  1.60  1.85  2.10  2.40 
T 0 1  27  0  0  0    0.0000000   0.0006210   0.0016596   0.0031046   0.0122519   0.0694123   0.2783684   0.6530155   1.0000000   1.0000000   1.0000000   1.0000000   1.0000000
T 0 1  27  0  0  1    0.0000000   0.0001188   0.0005691   0.0024331   0.0125845   0.0591287   0.2262553   0.5894194   1.0000000   1.0000000   1.0000000   1.0000000   1.0000000
T 0 1  27  0  0  2    0.0000000   0.0001475   0.0005477   0.0018194   0.0108123   0.0560290   0.2102346   0.5752871   1.0000000   1.0000000   1.0000000   1.0000000   1.0000000
T 0 1  27  0  0  3    0.0000000   0.0001980   0.0005803   0.0017123   0.0116720   0.0629081   0.2260845   0.5874670   1.0000000   1.0000000   1.0000000   1.0000000   1.0000000
T 0 1  27  0  0  4    0.0000000   0.0003928   0.0025076   0.0141042   0.0629321   0.2036378   0.4893665   0.8225277   1.0000000   1.0000000   1.0000000   1.0000000   1.0000000
T 0 1  27  0  0  5    0.0000000   0.0009888   0.0075728   0.0513922   0.2048610   0.5311267   0.8756735   0.9993583   1.0000000   1.0000000   1.0000000   1.0000000   1.0000000
T 0 1  27  0  0  6    0.0000000   0.0003109   0.0011992   0.0103557   0.0670286   0.2772138   0.6631598   0.9315817   0.9981831   0.9999988   1.0000000   1.0000000   1.0000000
T 0 1  27  0  0  7    0.0000000   0.0000470   0.0003829   0.0008574   0.0047744   0.0305890   0.1185719   0.2971157   0.5803536   0.8689151   0.9841180   0.9998743   1.0000000
T 0 1  27  0  0  8    0.0000000   0.0000023   0.0000414   0.0001471   0.0004266   0.0010039   0.0042132   0.0251317   0.1198629   0.3939333   0.7902330   0.9693563   1.0000000
T 0 1  27  0  0  9    0.0000000   0.0000061   0.0000087   0.0000374   0.0005516   0.0034901   0.0181704   0.0863136   0.3017781   0.6586816   0.9386321   0.9999343   1.0000000
T 0 1  27  0  0 10    0.0000000   0.0066945   0.0290418   0.0463528   0.0797827   0.1694113   0.3375916   0.6894397   0.9098696   0.9699501   0.9998208   1.0000000   1.0000000
T 0 1  27  1  0  0    0.0000000   0.0005148   0.0016399   0.0047460   0.0213440   0.1017716   0.3374237   0.6994022   1.0000000   1.0000000   1.0000000   1.0000000   1.0000000
T 0 1  27  1  0  1    0.0000000   0.0002633   0.0010891   0.0042307   0.0181163   0.0752157   0.2537985   0.6193956   1.0000000   1.0000000   1.0000000   1.0000000   1.0000000
T 0 1  27  1  0  2    0.0000000   0.0002194   0.0008486   0.0027728   0.0124455   0.0616642   0.2339277   0.6064318   1.0000000   1.0000000   1.0000000   1.0000000   1.0000000
T 0 1  27  1  0  3    0.0000000   0.0002283   0.0008669   0.0027852   0.0140251   0.0700545   0.2491207   0.6198491   1.0000000   1.0000000   1.0000000   1.0000000   1.0000000
T 0 1  27  1  0  4    0.0000000   0.0004356   0.0027620   0.0153929   0.0663357   0.2155446   0.5058694   0.8320271   1.0000000   1.0000000   1.0000000   1.0000000   1.0000000
T 0 1  27  1  0  5    0.0000000   0.0011873   0.0094478   0.0577925   0.2246261   0.5586818   0.8900123   0.9996500   1.0000000   1.0000000   1.0000000   1.0000000   1.0000000
T 0 1  27  1  0  6    0.0000000   0.0004626   0.0026649   0.0180020   0.0942133   0.3329130   0.7236541   0.9536823   0.9988141   0.9999984   1.0000000   1.0000000   1.0000000
T 0 1  27  1  0  7    0.0000000   0.0002246   0.0006446   0.0024765   0.0123245   0.0526267   0.1570011   0.3413836   0.6074237   0.8728054   0.9849908   0.9998878   1.0000000
T 0 1  27  1  0  8    0.0000000   0.0009562   0.0014955   0.0017998   0.0022382   0.0036136   0.0107994   0.0452511   0.1686405   0.4573475   0.8251665   0.9710661   1.0000000
T 0 1  27  1  0  9    0.0000000   0.0021003   0.0074838   0.0131257   0.0159362   0.0198461   0.0401951   0.1288935   0.3661962   0.7154288   0.9583841   0.9999941   1.0000000
T 0 1  27  1  0 10    0.0000000   0.0032254   0.0170235   0.0428863   0.0843736   0.1746921   0.3942474   0.7474223   0.9511020   0.9856143   0.9999985   1.0000000   1.0000000
R 0 1  27  0  0  0    0.0244451   0.0244451   0.0106074   0.0103878   0.0103263   0.0101606   0.0100340   0.0098435   0.0098435   0.0098435   0.0098435   0.0098435
R 0 1  27  0  0  1    0.0118557   0.0118557   0.0118557   0.0118557   0.0110467   0.0108960   0.0109372   0.0108515   0.0108515   0.0108515   0.0108515   0.0108515
R 0 1  27  0  0  2    0.0127874   0.0127874   0.0127874   0.0127874   0.0120320   0.0119673   0.0118346   0.0116974   0.0116974   0.0116974   0.0116974   0.0116974
R 0 1  27  0  0  3    0.0131675   0.0131675   0.0131675   0.0131675   0.0125776   0.0125741   0.0123652   0.0122411   0.0122411   0.0122411   0.0122411   0.0122411
R 0 1  27  0  0  4    0.0194390   0.0194390   0.0194390   0.0172754   0.0168774   0.0159646   0.0144807   0.0131098   0.0131098   0.0131098   0.0131098   0.0131098
R 0 1  27  0  0  5    0.0203690   0.0203690   0.0192589   0.0191153   0.0186953   0.0180871   0.0168364   0.0168364   0.0168364   0.0168364   0.0168364   0.0168364
R 0 1  27  0  0  6    0.0199780   0.0199780   0.0199780   0.0201962   0.0207526   0.0206990   0.0208629   0.0206375   0.0206375   0.0206375   0.0206375   0.0206375
R 0 1  27  0  0  7    0.0224323   0.0224323   0.0224323   0.0224323   0.0208289   0.0211615   0.0210984   0.0209731   0.0205366   0.0196822   0.0196822   0.0196822
R 0 1  27  0  0  8    0.0214218   0.0214218   0.0214218   0.0214218   0.0214218   0.0214218   0.0214218   0.0210133   0.0210072   0.0209163   0.0202665   0.0188457
R 0 1  27  0  0  9    0.0313471   0.0313471   0.0313471   0.0313471   0.0313471   0.0313471   0.0295422   0.0288847   0.0274694   0.0264375   0.0248884   0.0248884
R 0 1  27  0  0 10    0.0780816   0.0713448   0.0613437   0.0534883   0.0472162   0.0440163   0.0409272   0.0355669   0.0337317   0.0303742   0.0303742   0.0303742
R 0 1  27  0  1  0    0.0000000   0.0000000   0.0000000   0.0000563   0.0000760   0.0000811   0.0000728   0.0000671   0.0000671   0.0000671   0.0000671   0.0000671
R 0 1  27  0  1  1    0.0000574   0.0000574   0.0000574   0.0000574   0.0000643   0.0000687   0.0000612   0.0000588   0.0000588   0.0000588   0.0000588   0.0000588
R 0 1  27  0  1  2    0.0000682   0.0000682   0.0000682   0.0000682   0.0000651   0.0000655   0.0000612   0.0000547   0.0000547   0.0000547   0.0000547   0.0000547
R 0 1  27  0  1  3    0.0000547   0.0000547   0.0000547   0.0000547   0.0000631   0.0000564   0.0000556   0.0000496   0.0000496   0.0000496   0.0000496   0.0000496
R 0 1  27  0  1  4    0.0001254   0.0001254   0.0001254   0.0000704   0.0000956   0.0000799   0.0000535   0.0000467   0.0000467   0.0000467   0.0000467   0.0000467
R 0 1  27  0  1  5    0.0000883   0.0000883   0.0000653   0.0000662   0.0000705   0.0000614   0.0000404   0.0000404   0.0000404   0.0000404   0.0000404   0.0000404
R 0 1  27  0  1  6    0.0000660   0.0000660   0.0000660   0.0000442   0.0000634   0.0000587   0.0000527   0.0000185   0.0000185   0.0000185   0.0000185   0.0000185
R 0 1  27  0  1  7    0.0002438   0.0002438   0.0002438   0.0002438   0.0000796   0.0000723   0.0000707   0.0000748   0.0000757   0.0000497   0.0000497   0.0000497
R 0 1  27  0  1  8    0.0001124   0.0001124   0.0001124   0.0001124   0.0001124   0.0001124   0.0001124   0.0001151   0.0001022   0.0000939   0.0000839   0.0000873
R 0 1  27  0  1  9    0.0002694   0.0002694   0.0002694   0.0002694   0.0002694   0.0002694   0.0002109   0.0002055   0.0001775   0.0001462   0.0001455   0.0001455
R 0 1  27  0  1 10    0.0015063   0.0010935   0.0009137   0.0007418   0.0005581   0.0004717   0.0003955   0.0002552   0.0002229   0.0001395   0.0001395   0.0001395
R 0 1  27  0  2  0    0.0000000   0.0000000   0.0000000   0.0000000   0.0000000   0.0000163   0.0000043   0.0000044   0.0000044   0.0000044   0.0000044   0.0000044
R 0 1  27  0  2  1    0.0000000   0.0000000   0.0000000   0.0000000   0.0000000   0.0000131   0.0000092   0.0000166   0.0000166   0.0000166   0.0000166   0.0000166
R 0 1  27  0  2  2    0.0000000   0.0000000   0.0000000   0.0000000   0.0000538   0.0000148   0.0000115   0.0000117   0.0000117   0.0000117   0.0000117   0.0000117
R 0 1  27  0  2  3    0.0000846   0.0000846   0.0000846   0.0000846   0.0000446   0.0000000   0.0000126   0.0000000   0.0000000   0.0000000   0.0000000   0.0000000
R 0 1  27  0  2  4    0.0000000   0.0000000   0.0000000   0.0000000   0.0000000   0.0000000   0.0000146   0.0000000   0.0000000   0.0000000   0.0000000   0.0000000
R 0 1  27  0  2  5    0.0000000   0.0000000   0.0000000   0.0000000   0.0000211   0.0000138   0.0000000   0.0000000   0.0000000   0.0000000   0.0000000   0.0000000
R 0 1  27  0  2  6    0.0000000   0.0000000   0.0000000   0.0000000   0.0000000   0.0000123   0.0000000   0.0000000   0.0000000   0.0000000   0.0000000   0.0000000
R 0 1  27  0  2  7    0.0000000   0.0000000   0.0000000   0.0000000   0.0000000   0.0000000   0.0000000   0.0000000   0.0000000   0.0000000   0.0000000   0.0000000
R 0 1  27  0  2  8    0.0000000   0.0000000   0.0000000   0.0000000   0.0000000   0.0000000   0.0000000   0.0000000   0.0000000   0.0000000   0.0000000   0.0000000
R 0 1  27  0  2  9    0.0000000   0.0000000   0.0000000   0.0000000   0.0000000   0.0000000   0.0000000   0.0000342   0.0000000   0.0000000   0.0000000   0.0000000
R 0 1  27  0  2 10    0.0000000   0.0000000   0.0000000   0.0000000   0.0000000   0.0000000   0.0001009   0.0000569   0.0000655   0.0000000   0.0000000   0.0000000
R 0 1  27  0  3  0    1.0758567   1.0758567   1.2007830   1.0214601   1.0014548   0.9849293   0.9802434   0.9816092   0.9816092   0.9816092   0.9816092   0.9816092
R 0 1  27  0  3  1    1.0319321   1.0319321   1.0319321   1.0319321   0.9885611   0.9863739   0.9790603   0.9806724   0.9806724   0.9806724   0.9806724   0.9806724
R 0 1  27  0  3  2    0.9978060   0.9978060   0.9978060   0.9978060   0.9999166   0.9865295   0.9813571   0.9804541   0.9804541   0.9804541   0.9804541   0.9804541
R 0 1  27  0  3  3    1.0167089   1.0167089   1.0167089   1.0167089   1.0006917   0.9863320   0.9830722   0.9805516   0.9805516   0.9805516   0.9805516   0.9805516
R 0 1  27  0  3  4    0.9956662   0.9956662   0.9956662   0.9919260   0.9776296   0.9734676   0.9794549   0.9891356   0.9891356   0.9891356   0.9891356   0.9891356
R 0 1  27  0  3  5    1.0268960   1.0268960   0.9992451   0.9802738   0.9734152   0.9734135   0.9738908   0.9738908   0.9738908   0.9738908   0.9738908   0.9738908
R 0 1  27  0  3  6    1.0355500   1.0355500   1.0355500   1.0058179   0.9891187   0.9825480   0.9838793   0.9830316   0.9830316   0.9830316   0.9830316   0.9830316
R 0 1  27  0  3  7    1.0395274   1.0395274   1.0395274   1.0395274   1.0234635   0.9972771   0.9904031   0.9840074   0.9865340   0.9894123   0.9894123   0.9894123
R 0 1  27  0  3  8    1.0238088   1.0238088   1.0238088   1.0238088   1.0238088   1.0238088   1.0238088   0.9973250   0.9847268   0.9844390   0.9892994   1.0153937
R 0 1  27  0  3  9    1.0155780   1.0155780   1.0155780   1.0155780   1.0155780   1.0155780   1.0019360   0.9757024   0.9751356   0.9831189   1.0122341   1.0122341
R 0 1  27  0  3 10    1.0742227   1.0300043   1.0239036   0.9862130   0.9782574   0.9661717   0.9661940   0.9665607   0.9897754   1.0057162   1.0057162   1.0057162
R 0 1  27  0  4  0    1.4781510   1.4781510   1.3188585   2.0901221   2.3241857   2.2791000   2.2249060   2.2351291   2.2351291   2.2351291   2.2351291   2.2351291
R 0 1  27  0  4  1    2.0821875   2.0821875   2.0821875   2.0821875   2.0515825   2.2553871   2.2045967   2.2330752   2.2330752   2.2330752   2.2330752   2.2330752
R 0 1  27  0  4  2    1.8862890   1.8862890   1.8862890   1.8862890   2.1847550   2.2706836   2.2363377   2.2279856   2.2279856   2.2279856   2.2279856   2.2279856
R 0 1  27  0  4  3    1.7817110   1.7817110   1.7817110   1.7817110   2.2553290   2.2526082   2.2603901   2.2245663   2.2245663   2.2245663   2.2245663   2.2245663
R 0 1  27  0  4  4    1.8327012   1.8327012   1.8327012   2.0776301   2.1095485   2.0723355   2.2310775   2.3415750   2.3415750   2.3415750   2.3415750   2.3415750
R 0 1  27  0  4  5    1.7595484   1.7595484   2.0905792   2.1261914   2.0597300   2.0994151   1.9887779   1.9887779   1.9887779   1.9887779   1.9887779   1.9887779
R 0 1  27  0  4  6    1.9069459   1.9069459   1.9069459   2.2204970   2.3343849   2.2999021   2.3456850   2.2611236   2.2611236   2.2611236   2.2611236   2.2611236
R 0 1  27  0  4  7    1.6626844   1.6626844   1.6626844   1.6626844   2.3300749   2.3760031   2.3323244   2.3252640   2.3686989   2.3163563   2.3163563   2.3163563
R 0 1  27  0  4  8    2.2116085   2.2116085   2.2116085   2.2116085   2.2116085   2.2116085   2.2116085   2.2909162   2.2641826   2.2881078   2.2926884   2.2336327
R 0 1  27  0  4  9    2.0183891   2.0183891   2.0183891   2.0183891   2.0183891   2.0183891   2.0735757   2.0565906   2.0703847   2.1902458   2.2277304   2.2277304
R 0 1  27  0  4 10    2.0755491   2.2319194   1.9672617   1.8835655   1.9877974   1.9161696   1.9341464   1.9166813   2.0104706   1.9354781   1.9354781   1.9354781
R 0 1  27  0  5  0   12.5227443  12.5227443   9.8161872   3.1171945   3.3842359   3.7717696   4.3156093   4.1973277   4.1973277   4.1973277   4.1973277   4.1973277
R 0 1  27  0  5  1    3.4179572   3.4179572   3.4179572   3.4179572   5.2025439   3.9491037   4.2690473   4.1363391   4.1363391   4.1363391   4.1363391   4.1363391
R 0 1  27  0  5  2    4.0501979   4.0501979   4.0501979   4.0501979   4.3266640   4.0312891   4.1362561   4.2164621   4.2164621   4.2164621   4.2164621   4.2164621
R 0 1  27  0  5  3    5.1299408   5.1299408   5.1299408   5.1299408   3.8944854   4.0496284   4.1926230   4.2875047   4.2875047   4.2875047   4.2875047   4.2875047
R 0 1  27  0  5  4    6.4452387   6.4452387   6.4452387   4.3661282   4.7453903   5.2383048   3.7739877   3.3041652   3.3041652   3.3041652   3.3041652   3.3041652
R 0 1  27  0  5  5    4.8886195   4.8886195   4.7408786   5.0019588   5.5000418   4.6354451   4.2122400   4.2122400   4.2122400   4.2122400   4.2122400   4.2122400
R 0 1  27  0  5  6    3.5423295   3.5423295   3.5423295   3.9119417   3.3827432   3.1462109   2.4522437   2.0198888   2.0198888   2.0198888   2.0198888   2.0198888
R 0 1  27  0  5  7    4.5896082   4.5896082   4.5896082   4.5896082   3.6344024   2.9939936   3.0040541   2.8973915   2.6795394   2.1043126   2.1043126   2.1043126
R 0 1  27  0  5  8    4.1672600   4.1672600   4.1672600   4.1672600   4.1672600   4.1672600   4.1672600   3.9794232   4.3368525   4.0935454   3.5864426   4.3851930
R 0 1  27  0  5  9    4.8294715   4.8294715   4.8294715   4.8294715   4.8294715   4.8294715   6.3743366   6.2748726   6.2666540   5.5604002   5.8068026   5.8068026
R 0 1  27  0  5 10    4.9082567   4.0817127   4.5154051   5.5428619   5.6745227   7.1643680   8.6188782   8.8571048   7.4442540   7.8486023   7.8486023   7.8486023
F  0  1  27  0  0  0    1.0338389   1.0091556   0.9820233   0.9832760   0.9799869   1.0046682   0.9932509   0.9873577   0.9954624   0.9817765   0.9844744
F  0  1  27  1  0  0    1.0926492   1.0913852   1.0600726   1.0540343   1.0395123   1.0838453   1.0806657   1.0610384   1.0398014   1.0686922   1.0807628
C  0  1  27  0  0  0  -0.0748073 -0.1207625 -0.1837620 -0.3220829 -0.3472972 -0.1109131 -0.1243144 -0.2024127 -0.1610054 -0.3118141 -0.2043735 -0.2144588 -0.2770296 -0.2683759 -0.4588520 -0.0542947
C  0  1  27  0  0  1  -0.0441669 -0.1201756 -0.1071753 -0.0905404 -0.1597864 -0.0485269 -0.1887380 -0.0894212 -0.0388185 -0.2296968 -0.0260680 -0.1681348 -0.1963452 -0.1191784 -0.2097500  0.0023103
C  0  1  27  0  0  2  -0.1944918 -0.0833954 -0.0415287 -0.0960762 -0.0440536 -0.1857840 -0.1151000 -0.1087405 -0.0238641 -0.0438318 -0.0936046 -0.0039149 -0.1260026 -0.1029784 -0.0260979 -0.1006540
C  0  1  27  0  0  3  -0.0599174 -0.0207066 -0.1044714 -0.0688806 -0.0000672 -0.1383455 -0.0967398 -0.0780267 -0.0512655  0.0100496 -0.0333057 -0.1048785 -0.1443627 -0.1076644 -0.0596634  0.0000679
C  0  1  27  0  0  4  -0.0181586 -0.1071206 -0.0615839 -0.1942871 -0.1061844 -0.0889588 -0.0532272 -0.0901170  0.0503426  0.0087714 -0.0512849 -0.0726191 -0.1272257 -0.1565462 -0.0543851 -0.0777317
C  0  1  27  0  0  5  -0.0357260 -0.0327441 -0.0252131  0.0191517  0.0585025 -0.0827253 -0.0061811  0.0454583  0.0318746 -0.0152664  0.0461327 -0.0176540 -0.0464327  0.0314848  0.0642765 -0.1013590
C  0  1  27  0  0  6  -0.0180210  0.0770642  0.0449410  0.0391947  0.0230927  0.0615735 -0.0759614 -0.0707248 -0.0529134 -0.0669059  0.0757790  0.0138310 -0.0933515 -0.0417796 -0.0350968  0.0654094
C  0  1  27  0  0  7  -0.0247496 -0.0426588 -0.0378621  0.0127929 -0.0408942 -0.0506567  0.0619370  0.0144161 -0.0555639 -0.0141595  0.0485688 -0.0419087  0.0325042  0.0034359  0.0167862  0.0063062
C  0  1  27  0  0  8  -0.0230562 -0.0209818  0.0360295  0.0289458  0.0218967 -0.0200971  0.0317465 -0.0168795  0.0429162  0.0721249 -0.0315722  0.0035538 -0.0391595  0.0486562 -0.0158198 -0.0116266
C  0  1  27  0  0  9  -0.0790872 -0.0300613 -0.0574009 -0.0284985  0.0366486 -0.0236326 -0.0299511 -0.0112752  0.0149471 -0.0084613  0.0742959  0.0698663  0.0337082  0.0092016  0.0179323  0.0694850
C  0  1  27  0  0 10  -0.1010667  0.0417026  0.0802392  0.0011458 -0.0366953 -0.0152962 -0.0920254 -0.0213278  0.0301200 -0.0683664  0.0079501 -0.0142392 -0.0344884  0.0461209  0.0459226  0.0540175
C  0  1  27  0  0 11  -0.0061239  0.0205598 -0.0626118  0.0454974  0.0521119  0.1150167  0.0227771  0.1173176 -0.0228714  0.0241013 -0.0197740 -0.0481690 -0.0967252  0.0215678  0.0812612 -0.0892082
C  0  1  27  0  0 12   0.0489516 -0.0151777 -0.0417237  0.0757997 -0.0246917  0.0552798  0.0240623 -0.0371826  0.0282213  0.0980304 -0.0478636 -0.0404087 -0.0672904  0.0659100 -0.0205367 -0.0313293
C  0  1  27  0  0 13  -0.0488760  0.0389376  0.0423747  0.0026187  0.0004156 -0.0237058 -0.0448627 -0.0021188  0.0401561  0.0193887  0.0135117 -0.0077537  0.0177417  0.0311846  0.0105553 -0.0093609
C  0  1  27  0  0 14  -0.0582898 -0.1353481 -0.0517063 -0.0157415 -0.0534012  0.0395280 -0.0297321  0.0236769  0.0013999 -0.0182015  0.0559710 -0.0754505  0.0333633  0.0477317  0.0359460 -0.0425875
C  0  1  27  0  0 15  -0.0382325  0.0363258 -0.0582508  0.0285261  0.0358804 -0.0410808 -0.0400423 -0.0074253 -0.0772889 -0.0100970 -0.0111956  0.0018776 -0.0706764  0.0833707 -0.0094711 -0.0016392
C  0  1  27  0  0 16   0.0401932  0.0748179 -0.0123936 -0.0523226  0.0015570 -0.0311312 -0.1023466  0.0079678  0.0160685  0.1728240  0.0916994 -0.0464174 -0.0883346 -0.0755106 -0.0999039 -0.0053787
C  0  1  27  0  0 17  -0.0473959 -0.0500980 -0.1987508 -0.1097984 -0.1764565 -0.1402035 -0.1386155  0.0126668 -0.0316318 -0.1405689  0.0242780  0.0365803 -0.0952877 -0.0448236 -0.0709454 -0.0187955
C  0  1  27  0  0 18  -0.1126634 -0.0456979  0.0471329 -0.0611707 -0.1534799  0.0104027 -0.0381075 -0.0221510 -0.0114856 -0.0246819  0.0832841 -0.0030420  0.0129124 -0.0230388 -0.0788137  0.0619385
C  0  1  27  0  0 19   0.0084808 -0.1802870 -0.2145627 -0.0502749 -0.1208297 -0.0877029 -0.1071317 -0.0035743 -0.1039605 -0.1820032 -0.0454619 -0.0544459 -0.1182173 -0.0997423 -0.1147465 -0.0688024
C  0  1  27  0  0 20  -0.1474302 -0.0835144 -0.1223938 -0.0882300 -0.1800478 -0.1534925 -0.1104866 -0.1404378 -0.1191198 -0.1275886 -0.1122232  0.0603486 -0.0507384 -0.1929417 -0.1109097 -0.1846211
C  0  1  27  0  0 21  -0.2074459 -0.0802824 -0.3240945 -0.2001458 -0.1913998 -0.0298947 -0.2843335 -0.0657967 -0.2372434  0.0582416 -0.0651813 -0.2395098 -0.3665880 -0.3869464 -0.1994347 -0.3756175
C  0  1  27  0  1  0  -0.0038283 -0.0024652 -0.0005572 -0.0008921 -0.0078961  0.0010992  0.0048679 -0.0001467 -0.0025830 -0.0002753 -0.0064042  0.0041334  0.0080356  0.0039709  0.0031718  0.0071922
C  0  1  27  0  1  1   0.0029627  0.0002699  0.0005521 -0.0026332 -0.0030921 -0.0025955  0.0029696 -0.0009987  0.0007936 -0.0051973 -0.0015982 -0.0002216  0.0019713  0.0030722  0.0005506  0.0029445
C  0  1  27  0  1  2   0.0030213 -0.0011916 -0.0006417  0.0002528 -0.0007679  0.0009143  0.0009955 -0.0012223 -0.0009215  0.0014737 -0.0029453 -0.0019857  0.0021646 -0.0023896  0.0007439  0.0003621
C  0  1  27  0  1  3   0.0028389  0.0003442 -0.0007996 -0.0019908 -0.0019968  0.0002508  0.0019939 -0.0006023 -0.0056042 -0.0015078 -0.0023461 -0.0007066  0.0000004  0.0006133  0.0020875  0.0051668
C  0  1  27  0  1  4   0.0016270 -0.0014884 -0.0011212  0.0027790  0.0003018  0.0001537  0.0024871  0.0003228  0.0013409  0.0006269  0.0005656 -0.0014768  0.0016959 -0.0034361  0.0009866 -0.0030001
C  0  1  27  0  1  5   0.0029760  0.0010902 -0.0030848  0.0004092 -0.0005427 -0.0002644 -0.0017241  0.0021883 -0.0000469  0.0002395  0.0006787 -0.0000138 -0.0005401 -0.0005633  0.0012844  0.0005197
C  0  1  27  0  1  6   0.0038595 -0.0007736  0.0003359  0.0014139  0.0006259  0.0003404 -0.0013776 -0.0000753  0.0016479 -0.0012942 -0.0017405 -0.0006261 -0.0008215 -0.0019512  0.0003968 -0.0014130
C  0  1  27  0  1  7   0.0028470 -0.0021362  0.0001061  0.0020327  0.0020127 -0.0012471 -0.0014422 -0.0002132  0.0006487 -0.0012764  0.0019003 -0.0012530 -0.0006663  0.0000504 -0.0004515  0.0013055
C  0  1  27  0  1  8   0.0017680  0.0004010  0.0006213 -0.0004205  0.0017830  0.0007751  0.0024404  0.0021106  0.0020062  0.0016902 -0.0004847 -0.0008471  0.0003929  0.0013233  0.0001289  0.0006846
C  0  1  27  0  1  9  -0.0029751  0.0014760  0.0021639  0.0011767  0.0004032  0.0010418  0.0017694  0.0009782  0.0007150 -0.0017164 -0.0025753 -0.0004068 -0.0001971 -0.0011330 -0.0003755  0.0000533
C  0  1  27  0  1 10   0.0000783  0.0013232  0.0027185  0.0027869  0.0023407  0.0003601 -0.0001081  0.0002290 -0.0023998 -0.0035849 -0.0008964 -0.0018512 -0.0008420  0.0012291 -0.0006609  0.0018268
C  0  1  27  0  1 11   0.0010760  0.0009720  0.0008249  0.0010599  0.0006331  0.0017112 -0.0009682 -0.0007971 -0.0041623  0.0003607  0.0004055 -0.0023228  0.0014610 -0.0002254  0.0005039 -0.0003461
C  0  1  27  0  1 12   0.0011452 -0.0005283  0.0001310 -0.0000336  0.0007291  0.0002659  0.0003869  0.0000706  0.0001825 -0.0001216  0.0009263  0.0030495 -0.0006403  0.0005177 -0.0003379  0.0021523
C  0  1  27  0  1 13   0.0041290  0.0002890  0.0001507  0.0021105  0.0017092  0.0008648 -0.0002714  0.0009251  0.0006642 -0.0006822 -0.0000551 -0.0012090 -0.0015693  0.0008758  0.0021250  0.0007317
C  0  1  27  0  1 14   0.0007866  0.0022114  0.0016285  0.0018568  0.0020728  0.0031403  0.0006982  0.0012398 -0.0009153  0.0004966  0.0007770  0.0008030  0.0001997  0.0015913  0.0007652  0.0016924
C  0  1  27  0  1 15   0.0019648  0.0006648 -0.0002453  0.0020584  0.0010047  0.0013813  0.0002533 -0.0004950  0.0016013 -0.0011563 -0.0005304  0.0008937 -0.0001084  0.0018489  0.0005503 -0.0016350
C  0  1  27  0  1 16   0.0020742  0.0035765 -0.0002014 -0.0005553  0.0009706  0.0021314  0.0018610 -0.0002857  0.0023474 -0.0014407  0.0010153  0.0011044 -0.0004751  0.0001112  0.0035234  0.0012037
C  0  1  27  0  1 17   0.0018468 -0.0007834  0.0006554  0.0061316  0.0018906  0.0032790  0.0025013  0.0013331  0.0008760  0.0028015  0.0019639  0.0008329 -0.0002169 -0.0023089  0.0032592  0.0045441
C  0  1  27  0  1 18   0.0056945  0.0044494  0.0032134  0.0010104 -0.0019936  0.0016988  0.0035809  0.0002478  0.0016866  0.0031974  0.0050071  0.0018217 -0.0002207 -0.0009752  0.0078864  0.0053145
C  0  1  27  0  1 19   0.0031733  0.0023699 -0.0002335  0.0024506  0.0001329  0.0032953  0.0029657 -0.0017963  0.0023106  0.0018963  0.0012491 -0.0005701  0.0013820  0.0020654  0.0028589  0.0014145
C  0  1  27  0  1 20   0.0040627  0.0054855  0.0038734  0.0022545  0.0026081  0.0028955  0.0001954  0.0044096  0.0030122  0.0034743  0.0000838 -0.0015051  0.0040244  0.0045219  0.0039470  0.0048834
C  0  1  27  0  1 21   0.0119535  0.0132074  0.0112866  0.0021861 -0.0005872 -0.0070029 -0.0089225 -0.0028191 -0.0069477 -0.0032961  0.0037731  0.0085402  0.0005926  0.0057266  0.0118596  0.0048344
C  0  1  27  1  0  0  -0.4229667 -0.2948446 -0.3209228 -0.3770239 -0.2694555 -0.3472969 -0.4215669 -0.2877237 -0.2675686 -0.2922967 -0.3362648 -0.4332608 -0.4893054 -0.4912682 -0.4077048 -0.4234406
C  0  1  27  1  0  1  -0.2818034 -0.3463828 -0.3133687 -0.2606586 -0.3665082 -0.2855750 -0.2349203 -0.2231312 -0.2511629 -0.2288453 -0.2818721 -0.2929533 -0.3697246 -0.3599754 -0.3467087 -0.3926805
C  0  1  27  1  0  2  -0.3384200 -0.3189792 -0.2626352 -0.2910149 -0.2524064 -0.2471094 -0.2959726 -0.2218297 -0.2506302 -0.2161549 -0.2832181 -0.2400256 -0.2897977 -0.3326271 -0.2991490 -0.3482046
C  0  1  27  1  0  3  -0.2796395 -0.2893620 -0.3295871 -0.2328597 -0.2550068 -0.2748571 -0.1791859 -0.1095962 -0.1680594 -0.2187127 -0.2113495 -0.2865986 -0.2444888 -0.3223865 -0.2463021 -0.2915521
C  0  1  27  1  0  4  -0.3021788 -0.2700825 -0.2728084 -0.2404297 -0.2721422 -0.2342583 -0.2087860 -0.2334169 -0.2127794 -0.1913870 -0.1905627 -0.2259312 -0.2948407 -0.2951657 -0.2948799 -0.3060604
C  0  1  27  1  0  5  -0.2258058 -0.1774506 -0.2041776 -0.1664320 -0.1668583 -0.1680932 -0.1854486 -0.1458224 -0.1242246 -0.1540533 -0.1613460 -0.2233713 -0.2018299 -0.1777483 -0.2199805 -0.1647021
C  0  1  27  1  0  6  -0.1739055 -0.1327564 -0.1556546 -0.1470758 -0.1426951 -0.1599224 -0.1560358 -0.1303787 -0.1400655 -0.1049062 -0.1017165 -0.1723774 -0.1340275 -0.1781906 -0.1870252 -0.2032502
C  0  1  27  1  0  7  -0.1424526 -0.1573317 -0.1730633 -0.1484023 -0.1514686 -0.1746445 -0.1704787 -0.1410160 -0.1456087 -0.1002455 -0.0863386 -0.1112193 -0.1423878 -0.1506511 -0.1389283 -0.1387698
C  0  1  27  1  0  8  -0.1767125 -0.0720797 -0.1083690 -0.1576296 -0.1556175 -0.1563107 -0.1411509 -0.1450656 -0.1111644 -0.0962356 -0.1213551 -0.1759569 -0.1357879 -0.1584918 -0.1137492 -0.1353982
C  0  1  27  1  0  9  -0.1528701 -0.1375407 -0.1053950 -0.1474055 -0.1287526 -0.1423368 -0.1272538 -0.1834634 -0.0966631 -0.0943513 -0.0408641 -0.1109667 -0.1473873 -0.1043111 -0.1348389 -0.1666280
C  0  1  27  1  0 10  -0.1835806 -0.1412698 -0.1093350 -0.1435023 -0.1218776 -0.1107742 -0.1463471 -0.1299009 -0.1041682 -0.1119716 -0.1244964 -0.1232953 -0.1052805 -0.1467604 -0.1266113 -0.1117174
C  0  1  27  1  0 11  -0.1414112 -0.1062158 -0.1750421 -0.1255655 -0.0789121 -0.0989336 -0.0974133 -0.0815064 -0.1297805 -0.0678782 -0.1081363 -0.1168508 -0.1193698 -0.1128273 -0.0864693 -0.0972251
C  0  1  27  1  0 12  -0.1135030 -0.1370477 -0.1530937 -0.1012125 -0.1677224 -0.1263639 -0.1510424 -0.1773735 -0.1151120 -0.1280182 -0.1165902 -0.1043447 -0.1143316 -0.1286464 -0.1143014 -0.0922541
C  0  1  27  1  0 13  -0.1125133 -0.1315084 -0.2032635 -0.1433993 -0.1155255 -0.1740347 -0.1515305 -0.1271043 -0.1105739 -0.1356516 -0.1553447 -0.0913961 -0.1530562 -0.1688984 -0.2001958 -0.1243631
C  0  1  27  1  0 14  -0.1607023 -0.1642897 -0.1555832 -0.1786286 -0.1880061 -0.1230680 -0.1501660 -0.2080928 -0.1527077 -0.1472846 -0.1509130 -0.1214961 -0.1844958 -0.1232378 -0.1400342 -0.2140383
C  0  1  27  1  0 15  -0.1133326 -0.1645629 -0.1489071 -0.1473726 -0.1964139 -0.1021561 -0.1686154 -0.1507969 -0.1806007 -0.1348366 -0.0841354 -0.1650042 -0.1464824 -0.0979868 -0.0811267 -0.1580501
C  0  1  27  1  0 16  -0.1621149 -0.1376615 -0.1692826 -0.1290421 -0.1909757 -0.1374078 -0.2002925 -0.1961086 -0.1716404 -0.1631813 -0.1498460 -0.1479491 -0.1771701 -0.1063715 -0.1330033 -0.1311195
C  0  1  27  1  0 17  -0.2600000 -0.3084212 -0.2220749 -0.3221156 -0.1856665 -0.2396332 -0.2364563 -0.2473911 -0.2692021 -0.2809879 -0.2698802 -0.1868738 -0.2000292 -0.2796685 -0.1834146 -0.2377519
C  0  1  27  1  0 18  -0.2585044 -0.2808581 -0.2698337 -0.2474960 -0.1972149 -0.2103749 -0.2526412 -0.2588767 -0.2438632 -0.1923787 -0.2195523 -0.2521941 -0.2693294 -0.2125340 -0.1440013 -0.2119812
C  0  1  27  1  0 19  -0.2651863 -0.2771985 -0.2489988 -0.2968705 -0.3131455 -0.2982598 -0.2659832 -0.2033393 -0.2447422 -0.3054516 -0.2513176 -0.2790123 -0.2329648 -0.2873277 -0.2860761 -0.2539325
C  0  1  27  1  0 20  -0.2111408 -0.2768429 -0.3333632 -0.3305836 -0.3236655 -0.1991240 -0.2766339 -0.2911559 -0.3453484 -0.2812980 -0.3120347 -0.2812790 -0.3670027 -0.3154554 -0.1882578 -0.2868350
C  0  1  27  1  0 21  -0.3263376 -0.4053064 -0.2888214 -0.3318996 -0.3216051 -0.2009396 -0.3693541 -0.3898844 -0.4120613 -0.3572753 -0.2461475 -0.3033155 -0.2110183 -0.2473332 -0.3129532 -0.3697240
C  0  1  27  1  1  0   0.0451706  0.0479027  0.0401459  0.0231717  0.0019115 -0.0214769 -0.0362982 -0.0410485 -0.0459109 -0.0365524 -0.0358102 -0.0198943  0.0022517  0.0038732  0.0236396  0.0362144
C  0  1  27  1  1  1   0.0255245  0.0216718  0.0171038  0.0101861  0.0006827 -0.0089205 -0.0161836 -0.0183494 -0.0185787 -0.0156921 -0.0158771 -0.0081026  0.0037946  0.0106676  0.0118130  0.0235200
C  0  1  27  1  1  2   0.0131089  0.0140385  0.0091845  0.0066393  0.0022729 -0.0031364 -0.0081606 -0.0086247 -0.0090139 -0.0068253 -0.0044903 -0.0036315  0.0003559  0.0023208  0.0040607  0.0107610
C  0  1  27  1  1  3   0.0074546  0.0076167  0.0033238  0.0042268  0.0018268  0.0009008 -0.0033779 -0.0013902 -0.0003765  0.0008625 -0.0020270  0.0000476  0.0026243  0.0026613  0.0034622  0.0074235
C  0  1  27  1  1  4   0.0015559  0.0030076  0.0009119  0.0020436  0.0037751  0.0030570  0.0003846  0.0033587  0.0043572  0.0033990 -0.0006850 -0.0007152  0.0022899  0.0011412  0.0033005  0.0034073
C  0  1  27  1  1  5   0.0016293  0.0006292 -0.0006306  0.0034805  0.0025828  0.0038295  0.0039061  0.0045189  0.0049452  0.0026044 -0.0010536 -0.0002300  0.0027610  0.0029373  0.0024738 -0.0006088
C  0  1  27  1  1  6   0.0008184  0.0011788  0.0015048  0.0043963  0.0042771  0.0052692  0.0052515  0.0044846  0.0038002  0.0008550 -0.0001659  0.0005413  0.0013188  0.0013631  0.0003959  0.0005942
C  0  1  27  1  1  7  -0.0000865  0.0024133  0.0026250  0.0047047  0.0047375  0.0046244  0.0064840  0.0036781  0.0033188  0.0013587 -0.0001994  0.0001836  0.0022211  0.0011799  0.0020902 -0.0010659
C  0  1  27  1  1  8  -0.0004923  0.0012922  0.0023576  0.0026970  0.0051040  0.0036370  0.0044460  0.0054338  0.0063345  0.0021740  0.0010199 -0.0000312  0.0024258  0.0015540  0.0016229 -0.0007674
C  0  1  27  1  1  9   0.0012117  0.0028929  0.0017871  0.0033127  0.0025616  0.0032214  0.0040572  0.0044162  0.0027011  0.0005801  0.0008693  0.0013079  0.0008462  0.0004411  0.0000072 -0.0020414
C  0  1  27  1  1 10   0.0000510  0.0019366  0.0016814  0.0016152  0.0022408  0.0023672  0.0025728  0.0028990  0.0030348 -0.0005481 -0.0002639 -0.0002124 -0.0000944  0.0004959  0.0018567 -0.0005464
C  0  1  27  1  1 11   0.0004314  0.0018540  0.0009693  0.0017942  0.0023820 -0.0004516  0.0011299  0.0030765  0.0026640  0.0016297 -0.0015605 -0.0004902  0.0003628 -0.0005104  0.0005118 -0.0014827
C  0  1  27  1  1 12   0.0009520  0.0013336  0.0018845  0.0039824  0.0026805  0.0008064  0.0017868  0.0029012  0.0037328  0.0011633  0.0015756  0.0010810  0.0008881  0.0005026  0.0011760 -0.0000783
C  0  1  27  1  1 13   0.0005292  0.0023899  0.0028250  0.0042415  0.0032198  0.0023850  0.0044563  0.0056809  0.0052335  0.0021214  0.0013255 -0.0006652 -0.0006126 -0.0014916  0.0008806 -0.0007408
C  0  1  27  1  1 14   0.0000254  0.0013048  0.0019969  0.0035602  0.0034973  0.0033701  0.0043415  0.0062688  0.0054124  0.0022093  0.0018467 -0.0013415 -0.0019624 -0.0012662 -0.0009362 -0.0020850
C  0  1  27  1  1 15  -0.0030981 -0.0002489  0.0028619  0.0043647  0.0034640 -0.0007254  0.0024190  0.0034444  0.0068020  0.0028179  0.0014447 -0.0000592 -0.0030988 -0.0050010 -0.0051531 -0.0038660
C  0  1  27  1  1 16  -0.0008795  0.0018509  0.0027154  0.0037682  0.0026273  0.0006115  0.0039910  0.0047031  0.0036476  0.0066524  0.0019618  0.0020278  0.0000671 -0.0014160 -0.0052680 -0.0048516
C  0  1  27  1  1 17  -0.0035955  0.0016312  0.0013362  0.0056530  0.0020901 -0.0022795  0.0000627  0.0042995  0.0049883  0.0038918  0.0057432  0.0021759 -0.0008326 -0.0043022 -0.0050633 -0.0047181
C  0  1  27  1  1 18  -0.0000159  0.0070074  0.0048654  0.0054608  0.0043854  0.0002620 -0.0025872  0.0001274  0.0022359  0.0051530  0.0019202  0.0015940 -0.0007485 -0.0037604 -0.0064701 -0.0034214
C  0  1  27  1  1 19   0.0020937  0.0089426  0.0130748  0.0101180  0.0071457  0.0020742 -0.0026062 -0.0011479  0.0028043  0.0044745  0.0019616  0.0006692 -0.0033747 -0.0048338 -0.0054138 -0.0018790
C  0  1  27  1  1 20   0.0025723  0.0159620  0.0176376  0.0147422  0.0070680  0.0049397 -0.0021410 -0.0013493  0.0010286  0.0061473  0.0010737 -0.0024697 -0.0068551 -0.0074951 -0.0066542 -0.0053232
C  0  1  27  1  1 21   0.0082268  0.0202295  0.0310065  0.0200032  0.0146454  0.0129238  0.0099733  0.0119673  0.0109777  0.0130670  0.0000755 -0.0040077 -0.0099455 -0.0202848 -0.0096850  0.0006816
