CPHI 16 
CETA 22 -2.40 -2.10 -1.85 -1.60 -1.40 -1.20 -1.00 -0.80 -0.60 -0.40 -0.20  0.00  0.20  0.40  0.60  0.80  1.00  1.20  1.40  1.60  1.85  2.10  2.40 
RMIN  6 
RTRK 12 
RETA 11  0.00  0.20  0.40  0.60  0.80  1.00  1.20  1.40  1.60  1.85  2.10  2.40 
T 0 1  28  0  0  0    0.0000000   0.0006153   0.0016518   0.0031810   0.0121430   0.0692252   0.2782090   0.6535414   1.0000000   1.0000000   1.0000000   1.0000000   1.0000000
T 0 1  28  0  0  1    0.0000000   0.0001199   0.0005384   0.0023556   0.0124487   0.0590198   0.2263229   0.5892365   1.0000000   1.0000000   1.0000000   1.0000000   1.0000000
T 0 1  28  0  0  2    0.0000000   0.0001366   0.0005142   0.0017491   0.0107142   0.0554903   0.2095795   0.5737843   1.0000000   1.0000000   1.0000000   1.0000000   1.0000000
T 0 1  28  0  0  3    0.0000000   0.0001984   0.0005517   0.0016553   0.0115423   0.0626925   0.2268585   0.5869349   1.0000000   1.0000000   1.0000000   1.0000000   1.0000000
T 0 1  28  0  0  4    0.0000000   0.0004010   0.0025356   0.0144071   0.0630700   0.2044860   0.4896622   0.8227538   1.0000000   1.0000000   1.0000000   1.0000000   1.0000000
T 0 1  28  0  0  5    0.0000000   0.0009840   0.0074007   0.0514629   0.2054545   0.5331220   0.8766156   0.9993932   1.0000000   1.0000000   1.0000000   1.0000000   1.0000000
T 0 1  28  0  0  6    0.0000000   0.0003135   0.0012512   0.0104370   0.0674898   0.2779013   0.6638070   0.9313741   0.9982280   1.0000000   1.0000000   1.0000000   1.0000000
T 0 1  28  0  0  7    0.0000000   0.0000625   0.0003943   0.0008867   0.0049095   0.0310234   0.1192840   0.2981199   0.5817967   0.8695427   0.9841294   0.9998370   1.0000000
T 0 1  28  0  0  8    0.0000000   0.0000012   0.0000368   0.0001107   0.0003820   0.0010035   0.0041972   0.0252805   0.1193544   0.3941003   0.7898848   0.9691764   1.0000000
T 0 1  28  0  0  9    0.0000000   0.0000076   0.0000144   0.0000355   0.0005031   0.0035441   0.0185181   0.0863821   0.3025544   0.6579197   0.9381568   0.9999320   1.0000000
T 0 1  28  0  0 10    0.0000000   0.0064981   0.0288954   0.0462130   0.0798760   0.1690764   0.3381985   0.6901661   0.9106860   0.9699196   0.9998292   1.0000000   1.0000000
T 0 1  28  1  0  0    0.0000000   0.0005148   0.0016399   0.0047460   0.0213440   0.1017716   0.3374237   0.6994022   1.0000000   1.0000000   1.0000000   1.0000000   1.0000000
T 0 1  28  1  0  1    0.0000000   0.0002633   0.0010891   0.0042307   0.0181163   0.0752157   0.2537985   0.6193956   1.0000000   1.0000000   1.0000000   1.0000000   1.0000000
T 0 1  28  1  0  2    0.0000000   0.0002194   0.0008486   0.0027728   0.0124455   0.0616642   0.2339277   0.6064318   1.0000000   1.0000000   1.0000000   1.0000000   1.0000000
T 0 1  28  1  0  3    0.0000000   0.0002283   0.0008669   0.0027852   0.0140251   0.0700545   0.2491207   0.6198491   1.0000000   1.0000000   1.0000000   1.0000000   1.0000000
T 0 1  28  1  0  4    0.0000000   0.0004356   0.0027620   0.0153929   0.0663357   0.2155446   0.5058694   0.8320271   1.0000000   1.0000000   1.0000000   1.0000000   1.0000000
T 0 1  28  1  0  5    0.0000000   0.0011873   0.0094478   0.0577925   0.2246261   0.5586818   0.8900123   0.9996500   1.0000000   1.0000000   1.0000000   1.0000000   1.0000000
T 0 1  28  1  0  6    0.0000000   0.0004626   0.0026649   0.0180020   0.0942133   0.3329130   0.7236541   0.9536823   0.9988141   0.9999984   1.0000000   1.0000000   1.0000000
T 0 1  28  1  0  7    0.0000000   0.0002246   0.0006446   0.0024765   0.0123245   0.0526267   0.1570011   0.3413836   0.6074237   0.8728054   0.9849908   0.9998878   1.0000000
T 0 1  28  1  0  8    0.0000000   0.0009562   0.0014955   0.0017998   0.0022382   0.0036136   0.0107994   0.0452511   0.1686405   0.4573475   0.8251665   0.9710661   1.0000000
T 0 1  28  1  0  9    0.0000000   0.0021003   0.0074838   0.0131257   0.0159362   0.0198461   0.0401951   0.1288935   0.3661962   0.7154288   0.9583841   0.9999941   1.0000000
T 0 1  28  1  0 10    0.0000000   0.0032254   0.0170235   0.0428863   0.0843736   0.1746921   0.3942474   0.7474223   0.9511020   0.9856143   0.9999985   1.0000000   1.0000000
R 0 1  28  0  0  0    0.0220045   0.0220045   0.0122793   0.0108550   0.0103375   0.0101826   0.0100072   0.0098937   0.0098937   0.0098937   0.0098937   0.0098937
R 0 1  28  0  0  1    0.0117366   0.0117366   0.0117366   0.0117366   0.0110745   0.0108769   0.0109486   0.0108363   0.0108363   0.0108363   0.0108363   0.0108363
R 0 1  28  0  0  2    0.0125477   0.0125477   0.0125477   0.0125477   0.0119464   0.0119896   0.0118397   0.0116573   0.0116573   0.0116573   0.0116573   0.0116573
R 0 1  28  0  0  3    0.0132580   0.0132580   0.0132580   0.0132580   0.0126504   0.0125161   0.0123563   0.0122742   0.0122742   0.0122742   0.0122742   0.0122742
R 0 1  28  0  0  4    0.0193479   0.0193479   0.0193479   0.0175869   0.0168498   0.0158707   0.0145040   0.0131721   0.0131721   0.0131721   0.0131721   0.0131721
R 0 1  28  0  0  5    0.0199833   0.0199833   0.0194324   0.0192619   0.0187384   0.0180603   0.0169403   0.0169403   0.0169403   0.0169403   0.0169403   0.0169403
R 0 1  28  0  0  6    0.0204309   0.0204309   0.0204309   0.0204158   0.0208264   0.0206541   0.0207929   0.0206097   0.0206097   0.0206097   0.0206097   0.0206097
R 0 1  28  0  0  7    0.0207225   0.0207225   0.0207225   0.0207225   0.0206515   0.0211073   0.0212435   0.0210250   0.0205095   0.0197190   0.0197190   0.0197190
R 0 1  28  0  0  8    0.0214008   0.0214008   0.0214008   0.0214008   0.0214008   0.0214008   0.0214008   0.0209517   0.0209619   0.0209498   0.0202642   0.0188436
R 0 1  28  0  0  9    0.0315063   0.0315063   0.0315063   0.0315063   0.0315063   0.0315063   0.0298107   0.0288788   0.0275194   0.0264330   0.0250818   0.0250818
R 0 1  28  0  0 10    0.0782695   0.0713523   0.0630573   0.0546416   0.0473061   0.0440601   0.0409635   0.0356778   0.0335204   0.0303457   0.0303457   0.0303457
R 0 1  28  0  1  0    0.0000000   0.0000000   0.0000000   0.0000943   0.0000812   0.0000808   0.0000726   0.0000675   0.0000675   0.0000675   0.0000675   0.0000675
R 0 1  28  0  1  1    0.0000848   0.0000848   0.0000848   0.0000848   0.0000685   0.0000660   0.0000620   0.0000558   0.0000558   0.0000558   0.0000558   0.0000558
R 0 1  28  0  1  2    0.0000529   0.0000529   0.0000529   0.0000529   0.0000535   0.0000608   0.0000602   0.0000516   0.0000516   0.0000516   0.0000516   0.0000516
R 0 1  28  0  1  3    0.0000516   0.0000516   0.0000516   0.0000516   0.0000551   0.0000523   0.0000536   0.0000480   0.0000480   0.0000480   0.0000480   0.0000480
R 0 1  28  0  1  4    0.0001305   0.0001305   0.0001305   0.0000893   0.0000827   0.0000730   0.0000527   0.0000466   0.0000466   0.0000466   0.0000466   0.0000466
R 0 1  28  0  1  5    0.0001347   0.0001347   0.0000810   0.0000797   0.0000688   0.0000567   0.0000458   0.0000458   0.0000458   0.0000458   0.0000458   0.0000458
R 0 1  28  0  1  6    0.0001086   0.0001086   0.0001086   0.0000410   0.0000572   0.0000490   0.0000505   0.0000128   0.0000128   0.0000128   0.0000128   0.0000128
R 0 1  28  0  1  7    0.0000000   0.0000000   0.0000000   0.0000000   0.0000564   0.0000856   0.0000845   0.0000748   0.0000736   0.0000543   0.0000543   0.0000543
R 0 1  28  0  1  8    0.0001358   0.0001358   0.0001358   0.0001358   0.0001358   0.0001358   0.0001358   0.0001130   0.0000982   0.0000967   0.0000894   0.0000657
R 0 1  28  0  1  9    0.0002623   0.0002623   0.0002623   0.0002623   0.0002623   0.0002623   0.0002032   0.0002023   0.0001792   0.0001620   0.0001417   0.0001417
R 0 1  28  0  1 10    0.0012996   0.0011610   0.0009440   0.0008029   0.0005511   0.0004777   0.0004008   0.0002713   0.0001542   0.0001105   0.0001105   0.0001105
R 0 1  28  0  2  0    0.0000000   0.0000000   0.0000000   0.0000000   0.0000000   0.0000000   0.0000183   0.0000000   0.0000000   0.0000000   0.0000000   0.0000000
R 0 1  28  0  2  1    0.0000000   0.0000000   0.0000000   0.0000000   0.0000000   0.0000185   0.0000069   0.0000201   0.0000201   0.0000201   0.0000201   0.0000201
R 0 1  28  0  2  2    0.0000000   0.0000000   0.0000000   0.0000000   0.0000627   0.0000216   0.0000155   0.0000167   0.0000167   0.0000167   0.0000167   0.0000167
R 0 1  28  0  2  3    0.0000000   0.0000000   0.0000000   0.0000000   0.0000000   0.0000119   0.0000135   0.0000000   0.0000000   0.0000000   0.0000000   0.0000000
R 0 1  28  0  2  4    0.0000000   0.0000000   0.0000000   0.0000000   0.0000000   0.0000201   0.0000214   0.0000000   0.0000000   0.0000000   0.0000000   0.0000000
R 0 1  28  0  2  5    0.0000000   0.0000000   0.0000000   0.0000000   0.0000000   0.0000150   0.0000000   0.0000000   0.0000000   0.0000000   0.0000000   0.0000000
R 0 1  28  0  2  6    0.0000000   0.0000000   0.0000000   0.0000000   0.0000000   0.0000185   0.0000000   0.0000000   0.0000000   0.0000000   0.0000000   0.0000000
R 0 1  28  0  2  7    0.0000000   0.0000000   0.0000000   0.0000000   0.0000000   0.0000000   0.0000000   0.0000000   0.0000095   0.0000000   0.0000000   0.0000000
R 0 1  28  0  2  8    0.0000000   0.0000000   0.0000000   0.0000000   0.0000000   0.0000000   0.0000000   0.0000000   0.0000000   0.0000000   0.0000000   0.0000000
R 0 1  28  0  2  9    0.0000000   0.0000000   0.0000000   0.0000000   0.0000000   0.0000000   0.0000000   0.0000000   0.0000000   0.0000429   0.0000000   0.0000000
R 0 1  28  0  2 10    0.0000000   0.0000000   0.0000000   0.0000000   0.0000000   0.0000000   0.0000699   0.0000272   0.0000000   0.0000000   0.0000000   0.0000000
R 0 1  28  0  3  0    1.1010607   1.1010607   1.0447256   1.0242653   0.9956117   0.9837344   0.9818265   0.9833126   0.9833126   0.9833126   0.9833126   0.9833126
R 0 1  28  0  3  1    1.0172492   1.0172492   1.0172492   1.0172492   0.9972279   0.9841409   0.9787419   0.9793830   0.9793830   0.9793830   0.9793830   0.9793830
R 0 1  28  0  3  2    1.0293925   1.0293925   1.0293925   1.0293925   0.9943327   0.9835453   0.9801540   0.9809587   0.9809587   0.9809587   0.9809587   0.9809587
R 0 1  28  0  3  3    1.0106687   1.0106687   1.0106687   1.0106687   1.0080462   0.9881784   0.9818123   0.9820156   0.9820156   0.9820156   0.9820156   0.9820156
R 0 1  28  0  3  4    1.0053504   1.0053504   1.0053504   0.9907933   0.9800457   0.9763689   0.9781539   0.9886391   0.9886391   0.9886391   0.9886391   0.9886391
R 0 1  28  0  3  5    1.0310151   1.0310151   1.0013286   0.9856386   0.9778609   0.9722014   0.9718186   0.9718186   0.9718186   0.9718186   0.9718186   0.9718186
R 0 1  28  0  3  6    1.0400335   1.0400335   1.0400335   0.9996638   0.9898637   0.9835187   0.9830188   0.9872035   0.9872035   0.9872035   0.9872035   0.9872035
R 0 1  28  0  3  7    1.0856963   1.0856963   1.0856963   1.0856963   1.0335875   0.9973112   0.9882228   0.9823508   0.9845110   0.9868899   0.9868899   0.9868899
R 0 1  28  0  3  8    1.0189721   1.0189721   1.0189721   1.0189721   1.0189721   1.0189721   1.0189721   0.9942895   0.9829218   0.9834073   0.9878871   1.0118453
R 0 1  28  0  3  9    1.0158743   1.0158743   1.0158743   1.0158743   1.0158743   1.0158743   0.9958975   0.9771609   0.9740929   0.9835704   1.0068745   1.0068745
R 0 1  28  0  3 10    1.0597078   1.0285586   1.0271801   0.9861154   0.9766524   0.9744633   0.9651088   0.9715020   1.0035895   1.0109326   1.0109326   1.0109326
R 0 1  28  0  4  0    1.2075969   1.2075969   1.4284415   2.2559568   2.2211422   2.2594278   2.2538876   2.2962399   2.2962399   2.2962399   2.2962399   2.2962399
R 0 1  28  0  4  1    1.9220535   1.9220535   1.9220535   1.9220535   2.2166625   2.2276396   2.1821312   2.2190406   2.2190406   2.2190406   2.2190406   2.2190406
R 0 1  28  0  4  2    1.9771018   1.9771018   1.9771018   1.9771018   2.1781872   2.2170806   2.2246726   2.2254982   2.2254982   2.2254982   2.2254982   2.2254982
R 0 1  28  0  4  3    1.8144590   1.8144590   1.8144590   1.8144590   2.3612939   2.2656199   2.2343318   2.2299425   2.2299425   2.2299425   2.2299425   2.2299425
R 0 1  28  0  4  4    1.9120588   1.9120588   1.9120588   2.0707270   2.0780461   2.1206875   2.1980765   2.3532536   2.3532536   2.3532536   2.3532536   2.3532536
R 0 1  28  0  4  5    1.7533919   1.7533919   2.0730782   2.2402776   2.1165489   2.0800372   1.9930003   1.9930003   1.9930003   1.9930003   1.9930003   1.9930003
R 0 1  28  0  4  6    2.0472246   2.0472246   2.0472246   2.2211692   2.3556938   2.3313213   2.3430899   2.2934221   2.2934221   2.2934221   2.2934221   2.2934221
R 0 1  28  0  4  7    1.8355978   1.8355978   1.8355978   1.8355978   2.2919198   2.2681370   2.3148850   2.3153397   2.3550147   2.3591406   2.3591406   2.3591406
R 0 1  28  0  4  8    2.2729301   2.2729301   2.2729301   2.2729301   2.2729301   2.2729301   2.2729301   2.1823833   2.2156063   2.2600099   2.3008512   2.2285058
R 0 1  28  0  4  9    2.1167128   2.1167128   2.1167128   2.1167128   2.1167128   2.1167128   2.0849054   2.0635761   2.0562229   2.1843215   2.1835570   2.1835570
R 0 1  28  0  4 10    2.1121471   2.2605004   2.1840662   1.9320136   1.9772374   1.9781880   1.9217388   1.9686613   2.0497225   2.0836211   2.0836211   2.0836211
R 0 1  28  0  5  0   18.7809049  18.7809049   7.6082795   2.8311767   3.8972279   3.8294430   4.2251758   3.8188754   3.8188754   3.8188754   3.8188754   3.8188754
R 0 1  28  0  5  1    4.3304638   4.3304638   4.3304638   4.3304638   3.9420410   4.1430653   4.5698817   4.2063478   4.2063478   4.2063478   4.2063478   4.2063478
R 0 1  28  0  5  2    3.6573439   3.6573439   3.6573439   3.6573439   4.1831783   4.3257217   4.1986802   4.3195745   4.3195745   4.3195745   4.3195745   4.3195745
R 0 1  28  0  5  3    4.8339745   4.8339745   4.8339745   4.8339745   3.3116178   4.0721302   4.2709316   4.3821925   4.3821925   4.3821925   4.3821925   4.3821925
R 0 1  28  0  5  4    4.8727457   4.8727457   4.8727457   4.5311044   5.1484386   4.5559946   4.0455699   3.1847324   3.1847324   3.1847324   3.1847324   3.1847324
R 0 1  28  0  5  5    4.4534741   4.4534741   4.9996418   4.0991252   4.9275811   4.7779343   4.1546746   4.1546746   4.1546746   4.1546746   4.1546746   4.1546746
R 0 1  28  0  5  6    2.7955031   2.7955031   2.7955031   3.8648303   3.2918710   3.0148557   2.4180144   1.9309829   1.9309829   1.9309829   1.9309829   1.9309829
R 0 1  28  0  5  7    4.1322415   4.1322415   4.1322415   4.1322415   3.3396122   3.4378909   3.0911138   2.9577427   2.6827228   2.0318071   2.0318071   2.0318071
R 0 1  28  0  5  8    3.2862071   3.2862071   3.2862071   3.2862071   3.2862071   3.2862071   3.2862071   4.8354035   4.6978398   4.2989642   3.5360638   4.2257494
R 0 1  28  0  5  9    5.2193830   5.2193830   5.2193830   5.2193830   5.2193830   5.2193830   6.2201234   6.1613773   6.4444219   5.8343516   5.5823081   5.5823081
R 0 1  28  0  5 10    4.4776147   3.7490031   3.4448526   5.5811872   5.2316969   6.6886344   8.6151311   7.9120169   6.8298832   5.9973186   5.9973186   5.9973186
F  0  1  28  0  0  0    1.0321495   1.0216025   0.9947871   1.0247369   0.9839603   0.9974946   0.9783428   0.9973200   0.9840992   0.9763888   0.9800041
F  0  1  28  1  0  0    1.0835060   1.0595885   1.0860664   1.0767300   1.0683631   1.0755784   1.0734244   1.0533195   1.0422318   1.0658501   1.0788237
C  0  1  28  0  0  0  -0.3431468 -0.2033001 -0.1567247 -0.3388387 -0.3304253 -0.0886455 -0.1026509 -0.1954211 -0.2333135 -0.2181392 -0.2655921 -0.1365854 -0.0663979 -0.3121515 -0.4119266 -0.0907540
C  0  1  28  0  0  1  -0.1195087 -0.1959750 -0.0674753 -0.1389081 -0.0476143 -0.1390924 -0.1800122 -0.1223048 -0.1171864 -0.1245881 -0.0248657 -0.1746692 -0.1254098 -0.0678705 -0.1854715 -0.0321134
C  0  1  28  0  0  2  -0.1609828 -0.0554845 -0.0549724 -0.1829710  0.0174521 -0.1084926 -0.0837656 -0.0864268 -0.0694733 -0.1238389 -0.0280781 -0.1128806 -0.0691881 -0.0501275 -0.1038368 -0.0325349
C  0  1  28  0  0  3   0.0121477 -0.0122400 -0.1760468 -0.0287084 -0.0002988 -0.2709469 -0.0686417 -0.0742967 -0.0041199 -0.0254531 -0.1404567 -0.0720060 -0.1359367 -0.1716437 -0.1162854  0.0145183
C  0  1  28  0  0  4  -0.0755476 -0.0071334 -0.0937448 -0.1021446 -0.0892883 -0.1600405 -0.0676756 -0.0096496 -0.0666888 -0.0084095 -0.0469855 -0.0795358 -0.1020429 -0.1456684 -0.0255503 -0.0760556
C  0  1  28  0  0  5  -0.0618172  0.0273097  0.0054602 -0.0060464 -0.0845763 -0.0120700  0.0641226 -0.1059197  0.0341361 -0.0058885 -0.0123602  0.0884676 -0.0919458  0.0810551  0.0407965 -0.0294944
C  0  1  28  0  0  6  -0.0101633  0.0622426  0.0396754 -0.0875155 -0.0572410 -0.0300714 -0.1108882 -0.0060066 -0.0155188 -0.0814664 -0.0067145 -0.0685031 -0.0689474 -0.0417511 -0.1235081  0.1188804
C  0  1  28  0  0  7  -0.0687515  0.0397516 -0.0859358 -0.0428547 -0.0158201  0.1234478 -0.0193614  0.0245264 -0.0210964 -0.0666306  0.0275504 -0.0609883  0.0221064  0.0051708 -0.0529455  0.0568763
C  0  1  28  0  0  8  -0.0075977 -0.0111353  0.0464047  0.0477537 -0.0003321  0.0510905 -0.0573746  0.0019975  0.0370882  0.0415665 -0.0326018  0.0042636 -0.0222193  0.1335522 -0.0544901 -0.0385491
C  0  1  28  0  0  9  -0.0773022 -0.0073037  0.0043566  0.0190414  0.0085680 -0.0328546  0.0643476 -0.0056756 -0.0704463  0.0313679  0.0177386  0.0235704  0.0256713  0.0713113 -0.0292232  0.0524573
C  0  1  28  0  0 10   0.0145685  0.0408340  0.0338814  0.0704257 -0.0268933 -0.0025655  0.0071448 -0.0719221  0.0153051 -0.1005217 -0.0271526  0.0148158 -0.0722223  0.0218351  0.0601442  0.0474354
C  0  1  28  0  0 11   0.0296959  0.0654484 -0.0052936  0.0206306  0.0473695  0.0014135  0.0236350  0.0292320  0.0426608 -0.0503791  0.0325408 -0.0337940 -0.0539109  0.0109781  0.0559611  0.0506727
C  0  1  28  0  0 12   0.0620972  0.0371883  0.0824516  0.0471480  0.0438754 -0.0111923 -0.0363518 -0.0091717  0.0701910  0.0442597 -0.0119123  0.0299932 -0.1165766  0.0108950  0.0522274  0.0262135
C  0  1  28  0  0 13   0.0107802  0.0497651  0.0172175  0.0205411 -0.0272437  0.0217803 -0.0518114 -0.0206599  0.0916897 -0.0283095 -0.1144860  0.0278882 -0.0567667 -0.0505845  0.0217129 -0.0031688
C  0  1  28  0  0 14  -0.0868075  0.0085098 -0.0038553 -0.0477921 -0.0090777  0.0164757  0.0457557  0.0128526 -0.0140901 -0.0768809  0.0579442  0.0010050  0.0077603  0.0623384 -0.0361030 -0.0373091
C  0  1  28  0  0 15  -0.0964995  0.0267172  0.0684446  0.0340509  0.0609172 -0.0522357 -0.0041148  0.0269089  0.0194187 -0.0035874  0.0236937 -0.1407527 -0.0476076  0.0451565 -0.1072728 -0.0203715
C  0  1  28  0  0 16   0.0893089  0.1313785  0.0612219  0.0665988  0.0606349 -0.0568633 -0.0189290 -0.0679735 -0.0137262  0.0587092  0.0042967 -0.0730990 -0.0299239 -0.0070772 -0.0155670 -0.0334607
C  0  1  28  0  0 17  -0.0655704 -0.0925104 -0.1121351 -0.0697562  0.0493029  0.0417859 -0.0945021 -0.0152717 -0.0923806 -0.1251726 -0.0667897 -0.0412656  0.0076397 -0.1267373  0.0021493  0.0832076
C  0  1  28  0  0 18  -0.0833512 -0.0729449 -0.0348817 -0.0938499 -0.0370784  0.0485379 -0.0198980 -0.0918411 -0.0420241 -0.0900048 -0.0196870 -0.2084876 -0.0886394 -0.0219293 -0.1594021  0.0663366
C  0  1  28  0  0 19  -0.0016536 -0.0587226 -0.2227781  0.0783662 -0.1374520 -0.0648520 -0.1355153  0.0481990 -0.1305467 -0.1005756 -0.0931177 -0.0954054 -0.0014447 -0.1116993 -0.0357450 -0.0841688
C  0  1  28  0  0 20  -0.2245312  0.0603468  0.0296448 -0.1317678 -0.0770092 -0.1861413 -0.2349143 -0.0728491 -0.1208771 -0.2502218 -0.2198855 -0.1085137 -0.0062403 -0.1419878 -0.0903666 -0.1660797
C  0  1  28  0  0 21  -0.2737759 -0.0359988 -0.2747882 -0.1822313 -0.2732437 -0.1979126 -0.3139655 -0.0772501 -0.0743878 -0.2070309 -0.2527289 -0.3490735 -0.4542002 -0.2963312 -0.2812770 -0.1998617
C  0  1  28  0  1  0   0.0012685 -0.0014080  0.0022634  0.0002609 -0.0024577  0.0039695  0.0030276 -0.0012044  0.0035188  0.0012623 -0.0044566  0.0049830  0.0068529  0.0058388  0.0063771  0.0068958
C  0  1  28  0  1  1  -0.0005310  0.0022538 -0.0043252 -0.0026098  0.0003010 -0.0035912  0.0041634  0.0007501  0.0023290 -0.0037606 -0.0030112 -0.0024013  0.0021432  0.0049438  0.0005093  0.0014881
C  0  1  28  0  1  2   0.0011126 -0.0033419 -0.0014128  0.0012863 -0.0012784  0.0013448 -0.0019015 -0.0005327 -0.0011392  0.0012783 -0.0013671 -0.0005294  0.0023033  0.0004359  0.0000341  0.0000243
C  0  1  28  0  1  3   0.0026650  0.0010413 -0.0006489 -0.0034841 -0.0003963  0.0017689  0.0027997 -0.0015837 -0.0042578 -0.0021524 -0.0008503 -0.0016006 -0.0010949 -0.0018471  0.0012779  0.0040028
C  0  1  28  0  1  4   0.0028590 -0.0021805 -0.0007822  0.0030885 -0.0005856  0.0002994  0.0019277 -0.0018883  0.0020380  0.0005333 -0.0018515 -0.0021280  0.0044012 -0.0011602 -0.0001879 -0.0004471
C  0  1  28  0  1  5   0.0030807 -0.0004897 -0.0021684  0.0013880  0.0033446 -0.0006442 -0.0003302  0.0011900  0.0008143 -0.0021175  0.0015518 -0.0010968  0.0003748  0.0015878 -0.0004573  0.0005451
C  0  1  28  0  1  6   0.0023850  0.0002465 -0.0004323 -0.0002507 -0.0000776  0.0015278 -0.0024531 -0.0002627  0.0009609 -0.0006906 -0.0005997  0.0010663 -0.0009240 -0.0017449  0.0021492  0.0017975
C  0  1  28  0  1  7   0.0029359 -0.0002366  0.0000350  0.0000450  0.0008529  0.0017941 -0.0009677 -0.0000055  0.0016351 -0.0001967  0.0013625 -0.0009649 -0.0008262 -0.0006488 -0.0011593  0.0007737
C  0  1  28  0  1  8   0.0022947  0.0017304  0.0001151 -0.0009536  0.0016943  0.0022147  0.0011944  0.0017465  0.0006269 -0.0000185 -0.0004393 -0.0010271 -0.0003359  0.0021935  0.0011761  0.0022624
C  0  1  28  0  1  9  -0.0008831  0.0021276  0.0013036  0.0006887 -0.0011753  0.0004151 -0.0005057  0.0011553 -0.0013551 -0.0011386 -0.0034484 -0.0008786 -0.0013514 -0.0002414  0.0005664  0.0019918
C  0  1  28  0  1 10   0.0011466  0.0008535  0.0009066  0.0017992  0.0025408 -0.0010053  0.0010543 -0.0007403 -0.0017990 -0.0008667 -0.0001644  0.0001372 -0.0001719  0.0012235  0.0007163  0.0014009
C  0  1  28  0  1 11   0.0011471  0.0015077 -0.0012533 -0.0006903  0.0001838  0.0025101 -0.0015414 -0.0008416 -0.0019426  0.0006285  0.0008208 -0.0010248  0.0004276 -0.0007118  0.0013371 -0.0016949
C  0  1  28  0  1 12   0.0013895  0.0002227  0.0010424 -0.0003348  0.0009226 -0.0012439  0.0029622 -0.0010710  0.0019708 -0.0003894  0.0004795  0.0019282  0.0007375 -0.0009520  0.0000636  0.0016422
C  0  1  28  0  1 13   0.0017155 -0.0015733  0.0018604  0.0028656  0.0005740  0.0000533 -0.0012052  0.0006923 -0.0004225 -0.0003760  0.0004641 -0.0015171 -0.0002719  0.0014960  0.0007829  0.0022674
C  0  1  28  0  1 14   0.0018817 -0.0002559  0.0037261  0.0008553  0.0018272  0.0016780  0.0008268  0.0018687  0.0006292  0.0010894  0.0004669  0.0007505  0.0012467  0.0014215 -0.0010698  0.0037777
C  0  1  28  0  1 15   0.0041169  0.0008321 -0.0011101  0.0015727  0.0006604  0.0024573  0.0010048 -0.0003762  0.0009961 -0.0004628 -0.0003275  0.0027737  0.0002186  0.0008567  0.0004940 -0.0000919
C  0  1  28  0  1 16   0.0029910  0.0029738  0.0019753  0.0018937  0.0004079 -0.0005348  0.0022247 -0.0008568  0.0019000 -0.0008143 -0.0004805 -0.0001865 -0.0002212  0.0005450  0.0038003  0.0040181
C  0  1  28  0  1 17   0.0006221 -0.0025165 -0.0005118  0.0062287  0.0020970  0.0025572  0.0011953  0.0018241 -0.0006646  0.0032110  0.0033739 -0.0007255  0.0006353  0.0010702  0.0043364  0.0039900
C  0  1  28  0  1 18   0.0074513  0.0051252  0.0045219  0.0026926 -0.0002168  0.0029203  0.0057611  0.0025028 -0.0008562  0.0016519  0.0025184  0.0016529  0.0017071 -0.0009390  0.0046876  0.0045345
C  0  1  28  0  1 19   0.0015873  0.0047468  0.0024204  0.0028745  0.0009818  0.0031468  0.0028024  0.0028347  0.0050137  0.0040602 -0.0015724  0.0021595  0.0016686  0.0038599  0.0040677  0.0045540
C  0  1  28  0  1 20   0.0058741  0.0060016  0.0026574  0.0038095  0.0018658  0.0029263  0.0018001  0.0053788  0.0053433  0.0057749  0.0004267 -0.0009628  0.0035061  0.0047208  0.0075913  0.0055819
C  0  1  28  0  1 21   0.0124053  0.0169864  0.0034997  0.0035182  0.0000193 -0.0060938 -0.0095664 -0.0008493 -0.0029635 -0.0057690 -0.0009872  0.0025251  0.0009478  0.0082059  0.0117860  0.0023449
C  0  1  28  1  0  0  -0.4702479 -0.3576395 -0.3934554 -0.3393058 -0.1768709 -0.4551942 -0.2594130 -0.3476817 -0.3491553 -0.2346995 -0.3550758 -0.4170312 -0.5132822 -0.4885377 -0.4040901 -0.4378844
C  0  1  28  1  0  1  -0.2599066 -0.3315231 -0.2929044 -0.2569912 -0.3014304 -0.2943305 -0.2865919 -0.3144826 -0.2734053 -0.2442556 -0.3640130 -0.2973975 -0.3409542 -0.3772392 -0.3000184 -0.3082490
C  0  1  28  1  0  2  -0.3188362 -0.3353928 -0.2583557 -0.3177365 -0.2603995 -0.2625351 -0.2545928 -0.2304866 -0.2619242 -0.2207681 -0.2843065 -0.3133972 -0.3299167 -0.3569058 -0.2524112 -0.3158717
C  0  1  28  1  0  3  -0.2826168 -0.3009366 -0.3059952 -0.3008589 -0.2950383 -0.2292800 -0.1755065 -0.1563108 -0.1912046 -0.1967258 -0.2365343 -0.2434876 -0.2354528 -0.3042803 -0.3048560 -0.2930287
C  0  1  28  1  0  4  -0.2940318 -0.1853588 -0.2292407 -0.2473474 -0.2654896 -0.2033260 -0.2776021 -0.2614093 -0.2216430 -0.2034961 -0.1836521 -0.2942090 -0.3353590 -0.2053352 -0.2987683 -0.2696641
C  0  1  28  1  0  5  -0.1812993 -0.1675700 -0.1654252 -0.1014990 -0.1732498 -0.1155065 -0.1638710 -0.1231083 -0.1569162 -0.1109111 -0.1690503 -0.1741028 -0.2395389 -0.1450400 -0.1978687 -0.1452862
C  0  1  28  1  0  6  -0.1721764 -0.1324888 -0.2015080 -0.1608460 -0.0999151 -0.1612295 -0.1390028 -0.1490299 -0.1782953 -0.1287975 -0.0928567 -0.0929620 -0.0960655 -0.1193845 -0.1704959 -0.1996726
C  0  1  28  1  0  7  -0.1768291 -0.1601479 -0.1792302 -0.1242038 -0.1702909 -0.1797642 -0.1615038 -0.1720472 -0.1391222 -0.1161872 -0.1161340 -0.1485160 -0.1866080 -0.1647941 -0.1374615 -0.1467101
C  0  1  28  1  0  8  -0.1380450 -0.1182637 -0.1163443 -0.1270024 -0.1558088 -0.1830972 -0.1552407 -0.1887703 -0.1271376 -0.1249699 -0.0951813 -0.1690484 -0.1138398 -0.1410066 -0.1403296 -0.1299065
C  0  1  28  1  0  9  -0.1340503 -0.1402453 -0.0671624 -0.1681631 -0.1370095 -0.1253974 -0.1397747 -0.2174811 -0.1059356 -0.1339075 -0.0729075 -0.1739408 -0.1349211 -0.1111780 -0.1344163 -0.1212644
C  0  1  28  1  0 10  -0.0860852 -0.1302523 -0.1181047 -0.1348803 -0.1435453 -0.1379962 -0.1597364 -0.1091827 -0.0867936 -0.1338289 -0.1375414 -0.1405752 -0.1236537 -0.1232628 -0.1200922 -0.1142393
C  0  1  28  1  0 11  -0.1295959 -0.1053031 -0.1227573 -0.1086613 -0.0905580 -0.1085446 -0.1262474 -0.1448916 -0.1412485 -0.0901091 -0.1343232 -0.1317749 -0.1152904 -0.1387885 -0.0929536 -0.1166466
C  0  1  28  1  0 12  -0.0760151 -0.1278578 -0.1377476 -0.0794261 -0.1445677 -0.1105784 -0.1427619 -0.1966180 -0.1305890 -0.1286875 -0.1401251 -0.1207612 -0.0744832 -0.1494535 -0.1543410 -0.1033585
C  0  1  28  1  0 13  -0.0734397 -0.1275388 -0.1222502 -0.0876442 -0.1484355 -0.1366921 -0.1556650 -0.1482597 -0.1214938 -0.1314369 -0.1848496 -0.1384047 -0.1646743 -0.1114825 -0.1789087 -0.1202336
C  0  1  28  1  0 14  -0.1923973 -0.1750805 -0.1274765 -0.1733313 -0.1808317 -0.1586753 -0.1751733 -0.2475435 -0.1699318 -0.1475426 -0.1707531 -0.1545784 -0.1891707 -0.1252076 -0.1521652 -0.1700613
C  0  1  28  1  0 15  -0.1018315 -0.2028583 -0.1395141 -0.1803310 -0.2131135 -0.1582421 -0.1595826 -0.1404518 -0.2049951 -0.1105308 -0.1162741 -0.1670506 -0.1357302 -0.0904967 -0.0691050 -0.1647904
C  0  1  28  1  0 16  -0.1625776 -0.1274559 -0.1548406 -0.1113902 -0.1685072 -0.1497273 -0.1591134 -0.2172381 -0.1457034 -0.1850817 -0.1174792 -0.1764312 -0.1386031 -0.1348601 -0.1178686 -0.1163002
C  0  1  28  1  0 17  -0.2190682 -0.2693462 -0.2350644 -0.3113238 -0.1934712 -0.2388883 -0.2503618 -0.2210024 -0.2245686 -0.2204842 -0.2463217 -0.1810526 -0.1661881 -0.2961441 -0.2074287 -0.2274955
C  0  1  28  1  0 18  -0.2615221 -0.2480994 -0.1809384 -0.2360540 -0.1892854 -0.2360693 -0.2629582 -0.2859398 -0.3281402 -0.2461098 -0.2925319 -0.2956227 -0.2966566 -0.2156706 -0.1941994 -0.2457375
C  0  1  28  1  0 19  -0.2565468 -0.2476177 -0.2749602 -0.3020152 -0.2572010 -0.3091208 -0.2277174 -0.2052650 -0.2645666 -0.2490679 -0.2199667 -0.2672308 -0.1998979 -0.2494952 -0.2733466 -0.2450447
C  0  1  28  1  0 20  -0.2774930 -0.3215379 -0.3292497 -0.3445393 -0.3418438 -0.1824417 -0.2897446 -0.3439083 -0.3719241 -0.3334648 -0.2945511 -0.3077649 -0.3759407 -0.2923797 -0.2834914 -0.2808494
C  0  1  28  1  0 21  -0.3582191 -0.3785170 -0.3339577 -0.2914862 -0.3080555 -0.3585306 -0.2952302 -0.4684551 -0.4154973 -0.4013576 -0.3664161 -0.2909046 -0.3491625 -0.3699443 -0.3524145 -0.3987945
C  0  1  28  1  1  0   0.0475267  0.0482435  0.0403052  0.0264555  0.0011633 -0.0209513 -0.0321625 -0.0422229 -0.0455028 -0.0361004 -0.0330075 -0.0186395  0.0038533  0.0036823  0.0248755  0.0374172
C  0  1  28  1  1  1   0.0255224  0.0224842  0.0186849  0.0119632  0.0023690 -0.0074247 -0.0128944 -0.0168134 -0.0169014 -0.0149049 -0.0153136 -0.0055119  0.0030516  0.0088075  0.0133182  0.0266416
C  0  1  28  1  1  2   0.0132859  0.0140704  0.0101362  0.0064534  0.0020460 -0.0022021 -0.0068199 -0.0072887 -0.0085564 -0.0043594 -0.0054476 -0.0012819  0.0017710  0.0027719  0.0062124  0.0107947
C  0  1  28  1  1  3   0.0087245  0.0079119  0.0039392  0.0043827  0.0019238  0.0016009 -0.0035443 -0.0011908  0.0014184 -0.0003787 -0.0018772 -0.0013201  0.0020513  0.0027811  0.0022919  0.0059181
C  0  1  28  1  1  4   0.0021443  0.0031228  0.0010380  0.0006590  0.0034726  0.0017003  0.0008954  0.0010068  0.0046085  0.0033569 -0.0001401 -0.0007615  0.0029646  0.0017196  0.0037443  0.0030709
C  0  1  28  1  1  5   0.0025121  0.0011530  0.0006353  0.0030729  0.0044050  0.0037450  0.0037374  0.0046382  0.0055428  0.0020732 -0.0003906  0.0005684  0.0023704  0.0042835  0.0018072 -0.0001105
C  0  1  28  1  1  6   0.0018461  0.0021868  0.0024423  0.0048950  0.0045948  0.0050869  0.0067300  0.0045232  0.0045600  0.0016507  0.0012178  0.0006922  0.0005500  0.0015687  0.0011843  0.0003737
C  0  1  28  1  1  7  -0.0006035  0.0028561  0.0018448  0.0053298  0.0047967  0.0047620  0.0060426  0.0051534  0.0045198  0.0021286 -0.0001312  0.0004635  0.0020122  0.0019966  0.0019265 -0.0015227
C  0  1  28  1  1  8  -0.0006133  0.0010928  0.0020643  0.0023419  0.0055074  0.0039782  0.0052496  0.0059598  0.0057086  0.0018848  0.0011301  0.0003627  0.0022195  0.0018169  0.0013500 -0.0001282
C  0  1  28  1  1  9   0.0015737  0.0020374  0.0028627  0.0033482  0.0018439  0.0028756  0.0043337  0.0040472  0.0018026 -0.0006151  0.0017841  0.0013199  0.0014301  0.0001810 -0.0000321 -0.0009765
C  0  1  28  1  1 10  -0.0000239  0.0023000  0.0027112  0.0015159  0.0024663  0.0015707  0.0024839  0.0036349  0.0033710 -0.0001477 -0.0002966  0.0008122 -0.0001460  0.0012832  0.0026270 -0.0004220
C  0  1  28  1  1 11   0.0002156  0.0018728  0.0020195  0.0023110  0.0037145  0.0009674  0.0016853  0.0034703  0.0032397  0.0016607 -0.0008656  0.0001354  0.0003870  0.0007270  0.0009046 -0.0019428
C  0  1  28  1  1 12   0.0006136  0.0027715  0.0026577  0.0038956  0.0032030  0.0015147  0.0009944  0.0031919  0.0045646  0.0010585  0.0018537  0.0011641  0.0017463  0.0000000  0.0012700 -0.0003142
C  0  1  28  1  1 13  -0.0008541  0.0028858  0.0031716  0.0040647  0.0028563  0.0030493  0.0041867  0.0054070  0.0057526  0.0021538  0.0015293 -0.0000761  0.0000073 -0.0017443  0.0000469 -0.0009440
C  0  1  28  1  1 14   0.0002477  0.0011607  0.0035320  0.0044176  0.0051458  0.0029322  0.0048726  0.0067416  0.0060438  0.0016482  0.0023646  0.0005116 -0.0012059 -0.0000248 -0.0007678 -0.0015579
C  0  1  28  1  1 15  -0.0016068  0.0008888  0.0031175  0.0037510  0.0034389 -0.0003311  0.0024354  0.0040420  0.0066355  0.0034202  0.0032808  0.0008828 -0.0026819 -0.0048100 -0.0052923 -0.0041036
C  0  1  28  1  1 16  -0.0013659  0.0019445  0.0042869  0.0056150  0.0051398  0.0014651  0.0038666  0.0043258  0.0036840  0.0069709  0.0039104  0.0026914 -0.0009294 -0.0013526 -0.0040480 -0.0045437
C  0  1  28  1  1 17  -0.0039370  0.0022511  0.0020737  0.0061155  0.0028943 -0.0006523  0.0013517  0.0040408  0.0035589  0.0048891  0.0041747  0.0027785  0.0004466 -0.0036312 -0.0040255 -0.0045504
C  0  1  28  1  1 18   0.0016725  0.0077797  0.0056525  0.0077264  0.0045354  0.0008817 -0.0012272  0.0009607  0.0034952  0.0042222  0.0020844  0.0016971 -0.0005528 -0.0037388 -0.0055581 -0.0043751
C  0  1  28  1  1 19   0.0027245  0.0088666  0.0122431  0.0114611  0.0073556  0.0022592 -0.0012224  0.0007508  0.0047020  0.0065580  0.0032835  0.0009142 -0.0012924 -0.0040091 -0.0041943 -0.0007244
C  0  1  28  1  1 20   0.0017906  0.0147305  0.0183738  0.0145905  0.0071757  0.0036492 -0.0015585 -0.0017867  0.0008846  0.0062326  0.0011098 -0.0017549 -0.0062904 -0.0071554 -0.0053620 -0.0044631
C  0  1  28  1  1 21   0.0107516  0.0213450  0.0290680  0.0246880  0.0162692  0.0191070  0.0127263  0.0133921  0.0111810  0.0136754  0.0008902 -0.0015881 -0.0077124 -0.0169699 -0.0071901  0.0027772
