CPHI 16 
CETA 22 -2.40 -2.10 -1.85 -1.60 -1.40 -1.20 -1.00 -0.80 -0.60 -0.40 -0.20  0.00  0.20  0.40  0.60  0.80  1.00  1.20  1.40  1.60  1.85  2.10  2.40 
RMIN  6 
RTRK 12 
RETA 11  0.00  0.20  0.40  0.60  0.80  1.00  1.20  1.40  1.60  1.85  2.10  2.40 
T 0 1  29  0  0  0    0.0000000   0.0006131   0.0016900   0.0031423   0.0122591   0.0690996   0.2778983   0.6540396   1.0000000   1.0000000   1.0000000   1.0000000   1.0000000
T 0 1  29  0  0  1    0.0000000   0.0001524   0.0005866   0.0024459   0.0124893   0.0589447   0.2257995   0.5889368   1.0000000   1.0000000   1.0000000   1.0000000   1.0000000
T 0 1  29  0  0  2    0.0000000   0.0001305   0.0004727   0.0017286   0.0107494   0.0556908   0.2101921   0.5751078   1.0000000   1.0000000   1.0000000   1.0000000   1.0000000
T 0 1  29  0  0  3    0.0000000   0.0002113   0.0005815   0.0016140   0.0115017   0.0625713   0.2256938   0.5871408   1.0000000   1.0000000   1.0000000   1.0000000   1.0000000
T 0 1  29  0  0  4    0.0000000   0.0003822   0.0025113   0.0143728   0.0633809   0.2052035   0.4903536   0.8227684   1.0000000   1.0000000   1.0000000   1.0000000   1.0000000
T 0 1  29  0  0  5    0.0000000   0.0009844   0.0074257   0.0511816   0.2050514   0.5323041   0.8756788   0.9994014   1.0000000   1.0000000   1.0000000   1.0000000   1.0000000
T 0 1  29  0  0  6    0.0000000   0.0003297   0.0012900   0.0102552   0.0672498   0.2780795   0.6637220   0.9312455   0.9981651   0.9999988   1.0000000   1.0000000   1.0000000
T 0 1  29  0  0  7    0.0000000   0.0000484   0.0003838   0.0009324   0.0047512   0.0307651   0.1193715   0.2972340   0.5811277   0.8687064   0.9839239   0.9998715   1.0000000
T 0 1  29  0  0  8    0.0000000   0.0000077   0.0000386   0.0001118   0.0003939   0.0009564   0.0040714   0.0251174   0.1194956   0.3945847   0.7900562   0.9696239   1.0000000
T 0 1  29  0  0  9    0.0000000   0.0000029   0.0000070   0.0000359   0.0005836   0.0035613   0.0184592   0.0857518   0.3020136   0.6580876   0.9386939   0.9999254   1.0000000
T 0 1  29  0  0 10    0.0000000   0.0068223   0.0291455   0.0464280   0.0794384   0.1686569   0.3383000   0.6900149   0.9099093   0.9700594   0.9998163   1.0000000   1.0000000
T 0 1  29  1  0  0    0.0000000   0.0005148   0.0016399   0.0047460   0.0213440   0.1017716   0.3374237   0.6994022   1.0000000   1.0000000   1.0000000   1.0000000   1.0000000
T 0 1  29  1  0  1    0.0000000   0.0002633   0.0010891   0.0042307   0.0181163   0.0752157   0.2537985   0.6193956   1.0000000   1.0000000   1.0000000   1.0000000   1.0000000
T 0 1  29  1  0  2    0.0000000   0.0002194   0.0008486   0.0027728   0.0124455   0.0616642   0.2339277   0.6064318   1.0000000   1.0000000   1.0000000   1.0000000   1.0000000
T 0 1  29  1  0  3    0.0000000   0.0002283   0.0008669   0.0027852   0.0140251   0.0700545   0.2491207   0.6198491   1.0000000   1.0000000   1.0000000   1.0000000   1.0000000
T 0 1  29  1  0  4    0.0000000   0.0004356   0.0027620   0.0153929   0.0663357   0.2155446   0.5058694   0.8320271   1.0000000   1.0000000   1.0000000   1.0000000   1.0000000
T 0 1  29  1  0  5    0.0000000   0.0011873   0.0094478   0.0577925   0.2246261   0.5586818   0.8900123   0.9996500   1.0000000   1.0000000   1.0000000   1.0000000   1.0000000
T 0 1  29  1  0  6    0.0000000   0.0004626   0.0026649   0.0180020   0.0942133   0.3329130   0.7236541   0.9536823   0.9988141   0.9999984   1.0000000   1.0000000   1.0000000
T 0 1  29  1  0  7    0.0000000   0.0002246   0.0006446   0.0024765   0.0123245   0.0526267   0.1570011   0.3413836   0.6074237   0.8728054   0.9849908   0.9998878   1.0000000
T 0 1  29  1  0  8    0.0000000   0.0009562   0.0014955   0.0017998   0.0022382   0.0036136   0.0107994   0.0452511   0.1686405   0.4573475   0.8251665   0.9710661   1.0000000
T 0 1  29  1  0  9    0.0000000   0.0021003   0.0074838   0.0131257   0.0159362   0.0198461   0.0401951   0.1288935   0.3661962   0.7154288   0.9583841   0.9999941   1.0000000
T 0 1  29  1  0 10    0.0000000   0.0032254   0.0170235   0.0428863   0.0843736   0.1746921   0.3942474   0.7474223   0.9511020   0.9856143   0.9999985   1.0000000   1.0000000
R 0 1  29  0  0  0    0.0220128   0.0220128   0.0122848   0.0103676   0.0103614   0.0101517   0.0100003   0.0098143   0.0098143   0.0098143   0.0098143   0.0098143
R 0 1  29  0  0  1    0.0114510   0.0114510   0.0114510   0.0114510   0.0109280   0.0109268   0.0109794   0.0108602   0.0108602   0.0108602   0.0108602   0.0108602
R 0 1  29  0  0  2    0.0126373   0.0126373   0.0126373   0.0126373   0.0119588   0.0119769   0.0118526   0.0116957   0.0116957   0.0116957   0.0116957   0.0116957
R 0 1  29  0  0  3    0.0130825   0.0130825   0.0130825   0.0130825   0.0125981   0.0125963   0.0123684   0.0122556   0.0122556   0.0122556   0.0122556   0.0122556
R 0 1  29  0  0  4    0.0191488   0.0191488   0.0191488   0.0171998   0.0169292   0.0158870   0.0144642   0.0131263   0.0131263   0.0131263   0.0131263   0.0131263
R 0 1  29  0  0  5    0.0200293   0.0200293   0.0194967   0.0191059   0.0187293   0.0180633   0.0169246   0.0169246   0.0169246   0.0169246   0.0169246   0.0169246
R 0 1  29  0  0  6    0.0202723   0.0202723   0.0202723   0.0204092   0.0207881   0.0207372   0.0208440   0.0206366   0.0206366   0.0206366   0.0206366   0.0206366
R 0 1  29  0  0  7    0.0226894   0.0226894   0.0226894   0.0226894   0.0207545   0.0210376   0.0211863   0.0209209   0.0204816   0.0197112   0.0197112   0.0197112
R 0 1  29  0  0  8    0.0214276   0.0214276   0.0214276   0.0214276   0.0214276   0.0214276   0.0214276   0.0210034   0.0210440   0.0209991   0.0203083   0.0188480
R 0 1  29  0  0  9    0.0311093   0.0311093   0.0311093   0.0311093   0.0311093   0.0311093   0.0298784   0.0288238   0.0275542   0.0264406   0.0248965   0.0248965
R 0 1  29  0  0 10    0.0806834   0.0708995   0.0607302   0.0542539   0.0472204   0.0442573   0.0409845   0.0356100   0.0337316   0.0303339   0.0303339   0.0303339
R 0 1  29  0  1  0    0.0000000   0.0000000   0.0000000   0.0000893   0.0000789   0.0000790   0.0000722   0.0000651   0.0000651   0.0000651   0.0000651   0.0000651
R 0 1  29  0  1  1    0.0000546   0.0000546   0.0000546   0.0000546   0.0000634   0.0000708   0.0000654   0.0000544   0.0000544   0.0000544   0.0000544   0.0000544
R 0 1  29  0  1  2    0.0000661   0.0000661   0.0000661   0.0000661   0.0000628   0.0000623   0.0000624   0.0000527   0.0000527   0.0000527   0.0000527   0.0000527
R 0 1  29  0  1  3    0.0000516   0.0000516   0.0000516   0.0000516   0.0000648   0.0000588   0.0000549   0.0000512   0.0000512   0.0000512   0.0000512   0.0000512
R 0 1  29  0  1  4    0.0001806   0.0001806   0.0001806   0.0000898   0.0000959   0.0000752   0.0000526   0.0000443   0.0000443   0.0000443   0.0000443   0.0000443
R 0 1  29  0  1  5    0.0000887   0.0000887   0.0000684   0.0000645   0.0000671   0.0000600   0.0000405   0.0000405   0.0000405   0.0000405   0.0000405   0.0000405
R 0 1  29  0  1  6    0.0000388   0.0000388   0.0000388   0.0000447   0.0000579   0.0000614   0.0000564   0.0000167   0.0000167   0.0000167   0.0000167   0.0000167
R 0 1  29  0  1  7    0.0002080   0.0002080   0.0002080   0.0002080   0.0000840   0.0000729   0.0000686   0.0000727   0.0000715   0.0000539   0.0000539   0.0000539
R 0 1  29  0  1  8    0.0001268   0.0001268   0.0001268   0.0001268   0.0001268   0.0001268   0.0001268   0.0001111   0.0001038   0.0000994   0.0000850   0.0000593
R 0 1  29  0  1  9    0.0002854   0.0002854   0.0002854   0.0002854   0.0002854   0.0002854   0.0002189   0.0001965   0.0001865   0.0001471   0.0001361   0.0001361
R 0 1  29  0  1 10    0.0014054   0.0010511   0.0009752   0.0007368   0.0005813   0.0004822   0.0004065   0.0002738   0.0001798   0.0001355   0.0001355   0.0001355
R 0 1  29  0  2  0    0.0000000   0.0000000   0.0000000   0.0000000   0.0000000   0.0000102   0.0000092   0.0000163   0.0000163   0.0000163   0.0000163   0.0000163
R 0 1  29  0  2  1    0.0000000   0.0000000   0.0000000   0.0000000   0.0000000   0.0000100   0.0000055   0.0000104   0.0000104   0.0000104   0.0000104   0.0000104
R 0 1  29  0  2  2    0.0000000   0.0000000   0.0000000   0.0000000   0.0000000   0.0000146   0.0000147   0.0000049   0.0000049   0.0000049   0.0000049   0.0000049
R 0 1  29  0  2  3    0.0001269   0.0001269   0.0001269   0.0001269   0.0000000   0.0000106   0.0000124   0.0000081   0.0000081   0.0000081   0.0000081   0.0000081
R 0 1  29  0  2  4    0.0000000   0.0000000   0.0000000   0.0000000   0.0000155   0.0000105   0.0000135   0.0000000   0.0000000   0.0000000   0.0000000   0.0000000
R 0 1  29  0  2  5    0.0000000   0.0000000   0.0000000   0.0000000   0.0000145   0.0000124   0.0000000   0.0000000   0.0000000   0.0000000   0.0000000   0.0000000
R 0 1  29  0  2  6    0.0000000   0.0000000   0.0000000   0.0000000   0.0000000   0.0000000   0.0000000   0.0000000   0.0000000   0.0000000   0.0000000   0.0000000
R 0 1  29  0  2  7    0.0000000   0.0000000   0.0000000   0.0000000   0.0000000   0.0000374   0.0000000   0.0000000   0.0000000   0.0000000   0.0000000   0.0000000
R 0 1  29  0  2  8    0.0000000   0.0000000   0.0000000   0.0000000   0.0000000   0.0000000   0.0000000   0.0000000   0.0000000   0.0000115   0.0000000   0.0000000
R 0 1  29  0  2  9    0.0000000   0.0000000   0.0000000   0.0000000   0.0000000   0.0000000   0.0000000   0.0000000   0.0000000   0.0000235   0.0000000   0.0000000
R 0 1  29  0  2 10    0.0000000   0.0000000   0.0000000   0.0000000   0.0000000   0.0000000   0.0001051   0.0000470   0.0000000   0.0000000   0.0000000   0.0000000
R 0 1  29  0  3  0    1.1102897   1.1102897   0.9043746   1.0448486   1.0018129   0.9846980   0.9811491   0.9821014   0.9821014   0.9821014   0.9821014   0.9821014
R 0 1  29  0  3  1    1.0407861   1.0407861   1.0407861   1.0407861   1.0030936   0.9835998   0.9798068   0.9789795   0.9789795   0.9789795   0.9789795   0.9789795
R 0 1  29  0  3  2    1.0242499   1.0242499   1.0242499   1.0242499   1.0015462   0.9865798   0.9815631   0.9812954   0.9812954   0.9812954   0.9812954   0.9812954
R 0 1  29  0  3  3    1.0147119   1.0147119   1.0147119   1.0147119   1.0065029   0.9875208   0.9808380   0.9806440   0.9806440   0.9806440   0.9806440   0.9806440
R 0 1  29  0  3  4    1.0142978   1.0142978   1.0142978   0.9968964   0.9759958   0.9738145   0.9768421   0.9876827   0.9876827   0.9876827   0.9876827   0.9876827
R 0 1  29  0  3  5    1.0262655   1.0262655   1.0028583   0.9816518   0.9768022   0.9746521   0.9741862   0.9741862   0.9741862   0.9741862   0.9741862   0.9741862
R 0 1  29  0  3  6    1.0249805   1.0249805   1.0249805   0.9989847   0.9897322   0.9848965   0.9833153   0.9835742   0.9835742   0.9835742   0.9835742   0.9835742
R 0 1  29  0  3  7    1.0048263   1.0048263   1.0048263   1.0048263   1.0223767   1.0004921   0.9913705   0.9844192   0.9869908   0.9895910   0.9895910   0.9895910
R 0 1  29  0  3  8    1.0172847   1.0172847   1.0172847   1.0172847   1.0172847   1.0172847   1.0172847   0.9947840   0.9828496   0.9832178   0.9875261   1.0120235
R 0 1  29  0  3  9    1.0256164   1.0256164   1.0256164   1.0256164   1.0256164   1.0256164   0.9948033   0.9778642   0.9725064   0.9848256   1.0179859   1.0179859
R 0 1  29  0  3 10    1.0219998   1.0360740   1.0411734   0.9954829   0.9806995   0.9695395   0.9667740   0.9707363   0.9985494   1.0065739   1.0065739   1.0065739
R 0 1  29  0  4  0    1.3187896   1.3187896   1.1347800   2.1254389   2.3247073   2.2469931   2.2307805   2.2740304   2.2740304   2.2740304   2.2740304   2.2740304
R 0 1  29  0  4  1    1.9625093   1.9625093   1.9625093   1.9625093   2.1213049   2.2417095   2.2108983   2.1921564   2.1921564   2.1921564   2.1921564   2.1921564
R 0 1  29  0  4  2    1.9579443   1.9579443   1.9579443   1.9579443   2.1609196   2.2520406   2.2556802   2.2326683   2.2326683   2.2326683   2.2326683   2.2326683
R 0 1  29  0  4  3    1.8973638   1.8973638   1.8973638   1.8973638   2.2756882   2.3057622   2.2120325   2.2337320   2.2337320   2.2337320   2.2337320   2.2337320
R 0 1  29  0  4  4    1.7970074   1.7970074   1.7970074   2.0182301   2.0683408   2.0540211   2.1788149   2.3152344   2.3152344   2.3152344   2.3152344   2.3152344
R 0 1  29  0  4  5    1.7879417   1.7879417   2.1648815   2.1346047   2.1328713   2.0846787   2.0321055   2.0321055   2.0321055   2.0321055   2.0321055   2.0321055
R 0 1  29  0  4  6    2.0742873   2.0742873   2.0742873   2.1749761   2.3642031   2.3762067   2.3470220   2.2569762   2.2569762   2.2569762   2.2569762   2.2569762
R 0 1  29  0  4  7    1.7366477   1.7366477   1.7366477   1.7366477   2.1683342   2.3159618   2.3758953   2.3291134   2.3959174   2.3508107   2.3508107   2.3508107
R 0 1  29  0  4  8    2.2632885   2.2632885   2.2632885   2.2632885   2.2632885   2.2632885   2.2632885   2.2468713   2.2402309   2.2653704   2.3181741   2.1340987
R 0 1  29  0  4  9    2.1241202   2.1241202   2.1241202   2.1241202   2.1241202   2.1241202   1.9885621   2.0865477   2.0287840   2.1692701   2.3380184   2.3380184
R 0 1  29  0  4 10    1.9393716   2.1879252   1.9537585   1.9836080   1.9935500   1.9539924   1.9405251   1.9773218   2.1071962   1.9354824   1.9354824   1.9354824
R 0 1  29  0  5  0   19.6303469  19.6303469  10.0283822   3.3891487   3.4491258   3.9901979   4.3379764   3.8650286   3.8650286   3.8650286   3.8650286   3.8650286
R 0 1  29  0  5  1    3.8325615   3.8325615   3.8325615   3.8325615   4.1855504   3.9564573   4.3049949   4.4742860   4.4742860   4.4742860   4.4742860   4.4742860
R 0 1  29  0  5  2    4.1918146   4.1918146   4.1918146   4.1918146   4.1511101   4.1510064   4.0704075   4.2938796   4.2938796   4.2938796   4.2938796   4.2938796
R 0 1  29  0  5  3    4.3648124   4.3648124   4.3648124   4.3648124   3.6691210   3.7064378   4.4572345   4.2846189   4.2846189   4.2846189   4.2846189   4.2846189
R 0 1  29  0  5  4    5.9662467   5.9662467   5.9662467   5.1265355   5.3659853   5.2682808   4.1310262   3.3710364   3.3710364   3.3710364   3.3710364   3.3710364
R 0 1  29  0  5  5    4.1421614   4.1421614   4.2878997   4.7250711   4.9901551   4.7969309   4.0929002   4.0929002   4.0929002   4.0929002   4.0929002   4.0929002
R 0 1  29  0  5  6    2.6771057   2.6771057   2.6771057   4.3852065   3.1915021   2.8374959   2.4034441   2.0429899   2.0429899   2.0429899   2.0429899   2.0429899
R 0 1  29  0  5  7    4.8292658   4.8292658   4.8292658   4.8292658   4.2240484   3.4076760   2.8827652   2.8378304   2.5262069   2.0827902   2.0827902   2.0827902
R 0 1  29  0  5  8    3.6874182   3.6874182   3.6874182   3.6874182   3.6874182   3.6874182   3.6874182   4.2323583   4.4829234   4.3025807   3.5982064   5.0958797
R 0 1  29  0  5  9    4.1164446   4.1164446   4.1164446   4.1164446   4.1164446   4.1164446   8.7769544   5.7487783   7.2101824   6.1081137   4.7181864   4.7181864
R 0 1  29  0  5 10    6.6715374   4.0749508   4.5421070   5.3343493   5.5832619   7.0549349   8.3460745   7.5590631   6.0779870   8.2989839   8.2989839   8.2989839
F  0  1  29  0  0  0    1.0064117   1.0209998   0.9866346   0.9938884   0.9831889   0.9958844   1.0011186   0.9954557   0.9756065   0.9765762   0.9838214
F  0  1  29  1  0  0    1.0531499   1.0564564   1.0687599   1.0528022   1.0337330   1.0832942   1.0734636   1.0697632   1.0310555   1.0543484   1.0856877
C  0  1  29  0  0  0  -0.1116091 -0.0841467  0.0004965 -0.3614880 -0.3161588 -0.1160322 -0.1154988 -0.1290303 -0.1585730 -0.0183004 -0.1179558 -0.0461182 -0.2621920 -0.3462780 -0.4034736 -0.0077226
C  0  1  29  0  0  1  -0.0491875 -0.2108798 -0.1212493 -0.1878015 -0.1715246 -0.1623580 -0.2123781 -0.0180733 -0.0946374 -0.0792569 -0.0500894 -0.1193279 -0.1815106 -0.1937654 -0.3433566 -0.0115035
C  0  1  29  0  0  2  -0.0712587 -0.2010221 -0.1650658 -0.1868090 -0.0316964  0.0232304 -0.1554797 -0.0507238 -0.0219655 -0.0307483 -0.1086223 -0.0734581 -0.1042474  0.0341998  0.0088187 -0.1752727
C  0  1  29  0  0  3  -0.0523030 -0.1431230 -0.0561038 -0.1126546  0.0630020 -0.1454965 -0.1240919 -0.0019516 -0.0580215 -0.0552593 -0.1318564 -0.0892556 -0.1236041 -0.0728763 -0.0558698 -0.0054104
C  0  1  29  0  0  4  -0.0856807 -0.1121946 -0.1595932 -0.1444078 -0.0592017 -0.0470471 -0.1172135 -0.0679915 -0.0414530 -0.0803438 -0.1139015 -0.0482447 -0.1948905 -0.0848582 -0.0218146 -0.1544621
C  0  1  29  0  0  5   0.0248325  0.0421434 -0.0538579  0.0277629 -0.0257065  0.0363919 -0.0539637 -0.0434065 -0.0145231 -0.0509579  0.0040354  0.0511144 -0.0928581 -0.0190931  0.0700813 -0.0554244
C  0  1  29  0  0  6   0.0065715  0.1147685  0.0660027  0.0082393 -0.0683300 -0.0378771 -0.0925830 -0.0205029 -0.0543132 -0.0170390  0.0086795  0.0331399 -0.0893084  0.0366195 -0.1043581  0.0796231
C  0  1  29  0  0  7  -0.0432017  0.0764235  0.0172903 -0.0066020  0.0469666  0.0280832 -0.0158757 -0.0252313 -0.0123330 -0.0014123  0.0061170 -0.0529041  0.0240311 -0.0348373 -0.0315499  0.0175085
C  0  1  29  0  0  8   0.0360010  0.0531362  0.0313002  0.0290050  0.0132257 -0.0140538 -0.0290874 -0.0318797 -0.0176614  0.0180746 -0.0465065 -0.0187130 -0.0220153  0.0665774 -0.0429043 -0.0020590
C  0  1  29  0  0  9  -0.0518138  0.0014526  0.0325943  0.0340252 -0.0013418 -0.0598207 -0.0108392  0.0573452 -0.0620695 -0.0156381  0.0913636  0.0642635 -0.0078141  0.0473461  0.0620267  0.0506193
C  0  1  29  0  0 10  -0.0365078  0.0474024 -0.0131863  0.0448165  0.0612223 -0.0475572 -0.0673449 -0.0275992  0.0292837 -0.0522385 -0.0047241 -0.0281682 -0.0458995  0.0495960 -0.0036978  0.0819517
C  0  1  29  0  0 11  -0.0189803  0.0241344 -0.0696352  0.0676199  0.0445150  0.1138491  0.0182529  0.0779555  0.0813678  0.0140471 -0.0257543 -0.0040949  0.0084937  0.0618433 -0.0469238 -0.0366054
C  0  1  29  0  0 12   0.0526378  0.0009176  0.0443365  0.0248444 -0.0459274  0.0336250 -0.0810829  0.0199942  0.0221011  0.1315476  0.0096467  0.1117036 -0.0367785  0.0201710 -0.0321322  0.0534159
C  0  1  29  0  0 13   0.0032115 -0.0162140  0.0115657 -0.0413018 -0.0632725 -0.0227201  0.0042158  0.0501811  0.0324159  0.0503696  0.0240400 -0.0072060 -0.0170181  0.0491717  0.0158801  0.0477450
C  0  1  29  0  0 14   0.0138744 -0.0036193  0.0173268  0.0198745 -0.0807494  0.0418250 -0.0191065 -0.0137984 -0.0170752 -0.0070809  0.0395357 -0.0505034  0.0308939  0.1220715 -0.0117844 -0.0218183
C  0  1  29  0  0 15  -0.1489672 -0.0268194  0.0370706 -0.0039387  0.0051751 -0.0143954 -0.0368556  0.0561943 -0.0329990  0.0091736 -0.0169320 -0.1566060 -0.0477450  0.0397911 -0.0194969 -0.0058725
C  0  1  29  0  0 16   0.0931600  0.0464000 -0.0249918  0.0289231  0.0335512 -0.1606928 -0.0178961  0.0087305 -0.1200809  0.1301631  0.0065539 -0.1130693 -0.1088562 -0.0787742 -0.1115427 -0.1043265
C  0  1  29  0  0 17  -0.0561980 -0.1301217 -0.0796304 -0.0524207 -0.1289473 -0.1206469 -0.0415734 -0.0362517  0.0113648 -0.1284567 -0.0467824 -0.0107492 -0.0722853 -0.2514826 -0.0131267  0.0252135
C  0  1  29  0  0 18  -0.1375037 -0.0203145  0.0377134 -0.0547342 -0.0562370 -0.0237491 -0.0954677 -0.0355162 -0.0506853  0.0734865 -0.0203167 -0.1124628  0.0147745  0.1067958 -0.1930159 -0.1872670
C  0  1  29  0  0 19  -0.0392757 -0.1576044 -0.2298402  0.0472514 -0.1340446 -0.1207973 -0.2102907 -0.0957137 -0.1096103 -0.0770159 -0.1121610 -0.0322973 -0.0950144  0.0116350 -0.0762096 -0.0692050
C  0  1  29  0  0 20   0.0610784 -0.1464516 -0.1016180 -0.1222936 -0.1676543 -0.1158969 -0.1751365 -0.1725105 -0.1597945 -0.0978807 -0.0994779  0.0184404 -0.0276952 -0.1621983 -0.0857155 -0.1575171
C  0  1  29  0  0 21  -0.2660116 -0.2356199 -0.3698318 -0.0754813 -0.2661344 -0.2583838 -0.3166481 -0.1685404 -0.0796581 -0.1433569 -0.2467277 -0.2229420 -0.2891520 -0.3100594 -0.3341430 -0.2719267
C  0  1  29  0  1  0  -0.0031463 -0.0009490 -0.0028623 -0.0033291 -0.0034414  0.0020359  0.0009388  0.0030386  0.0000050 -0.0008231 -0.0050636  0.0046312  0.0042524  0.0061906  0.0043046  0.0060389
C  0  1  29  0  1  1  -0.0014854  0.0002797 -0.0037291 -0.0031792 -0.0004847 -0.0029147  0.0024903  0.0027722  0.0028527 -0.0023577 -0.0033650 -0.0026743  0.0039540  0.0032682  0.0017658  0.0027643
C  0  1  29  0  1  2   0.0024055 -0.0018426 -0.0022921 -0.0011887 -0.0030564  0.0017831  0.0007047  0.0006189 -0.0015599 -0.0001663 -0.0023188 -0.0033817  0.0022748 -0.0038439  0.0015627  0.0004854
C  0  1  29  0  1  3   0.0029192 -0.0004777  0.0017854 -0.0015762  0.0000443  0.0009704  0.0038212 -0.0007535 -0.0042758 -0.0014417 -0.0009695 -0.0020815  0.0033719 -0.0013582 -0.0003543  0.0032497
C  0  1  29  0  1  4   0.0029887 -0.0005781 -0.0002269  0.0019264  0.0028029 -0.0004256  0.0000330 -0.0000353  0.0002285 -0.0007384  0.0005706 -0.0020283  0.0035203  0.0000122  0.0000001 -0.0019906
C  0  1  29  0  1  5   0.0006323  0.0007508 -0.0017268  0.0003616 -0.0006323 -0.0010016 -0.0022108  0.0000558  0.0005770  0.0002587  0.0025984 -0.0015186  0.0007145 -0.0011556  0.0000516  0.0012370
C  0  1  29  0  1  6   0.0037695 -0.0025533  0.0000378 -0.0007632 -0.0000721 -0.0003247 -0.0008330 -0.0012710 -0.0006486 -0.0009882 -0.0014371 -0.0008001 -0.0005548 -0.0038344  0.0020380 -0.0018096
C  0  1  29  0  1  7   0.0005527  0.0001473  0.0011345 -0.0001547  0.0029457 -0.0000559 -0.0024174 -0.0004985  0.0000370 -0.0021979  0.0025302 -0.0004240 -0.0015703  0.0003798  0.0002812  0.0002263
C  0  1  29  0  1  8   0.0009635  0.0007429  0.0008258 -0.0009650  0.0016070  0.0014256  0.0021447 -0.0000476  0.0019812  0.0005842 -0.0011104 -0.0014233  0.0002950  0.0013027  0.0004219  0.0005245
C  0  1  29  0  1  9  -0.0006870  0.0010465  0.0000095 -0.0016329  0.0018762 -0.0007906  0.0021666  0.0013764  0.0004127 -0.0023118 -0.0020120 -0.0015364 -0.0007875 -0.0009316 -0.0003835 -0.0000480
C  0  1  29  0  1 10   0.0009685 -0.0009284  0.0022917  0.0018272  0.0015207 -0.0007468  0.0015344 -0.0019369 -0.0022065 -0.0033497  0.0006458 -0.0015233 -0.0025245 -0.0006766  0.0006578  0.0019017
C  0  1  29  0  1 11   0.0005673  0.0000579 -0.0002521  0.0005373 -0.0001478  0.0002242 -0.0025051 -0.0025770 -0.0025679 -0.0001607 -0.0004853 -0.0002082  0.0004868  0.0000993  0.0011609  0.0010520
C  0  1  29  0  1 12   0.0010241 -0.0006065 -0.0005803 -0.0000611  0.0001306 -0.0001917  0.0028578  0.0000943  0.0008725 -0.0004367 -0.0007017  0.0020702  0.0013122  0.0002270  0.0011059  0.0020720
C  0  1  29  0  1 13   0.0033360 -0.0018047  0.0001517  0.0015376  0.0011358  0.0010777  0.0003531 -0.0014619 -0.0003436 -0.0007505 -0.0007846 -0.0009049 -0.0011524  0.0003423  0.0009084  0.0000084
C  0  1  29  0  1 14   0.0031212 -0.0014270  0.0016214  0.0017263  0.0019731  0.0021983 -0.0002024  0.0014605 -0.0001060  0.0001743  0.0011523  0.0006923 -0.0006735  0.0007703 -0.0008117  0.0036250
C  0  1  29  0  1 15   0.0004240  0.0013693  0.0005511 -0.0000284 -0.0002242  0.0023087  0.0027910 -0.0002925  0.0010510 -0.0007794 -0.0010049  0.0009301 -0.0009520  0.0008755  0.0006030 -0.0008286
C  0  1  29  0  1 16   0.0009097  0.0040555  0.0016231  0.0025292 -0.0007232  0.0033359  0.0014511 -0.0003286  0.0007503 -0.0003207 -0.0002135  0.0003266 -0.0001328  0.0022176  0.0021524  0.0026097
C  0  1  29  0  1 17   0.0010521  0.0005816 -0.0008283  0.0041806  0.0020505  0.0053082  0.0002998  0.0056466  0.0007251  0.0036532  0.0014702  0.0005006  0.0016708 -0.0011557  0.0074405  0.0041969
C  0  1  29  0  1 18   0.0064742  0.0037383  0.0035703  0.0021599  0.0000469  0.0040524  0.0024365 -0.0002117 -0.0011603  0.0016569  0.0032788  0.0023819  0.0009011  0.0011490  0.0057531  0.0049343
C  0  1  29  0  1 19   0.0020956  0.0049969  0.0012940  0.0003565  0.0012131  0.0015491  0.0048213  0.0021103  0.0032559  0.0021917 -0.0012529  0.0032499  0.0024571  0.0019867  0.0037570  0.0049945
C  0  1  29  0  1 20   0.0062093  0.0062920  0.0070059  0.0037461  0.0020621  0.0048291  0.0023202  0.0033168  0.0035705  0.0020350  0.0011796 -0.0010530  0.0036635  0.0040500  0.0059071  0.0043658
C  0  1  29  0  1 21   0.0100542  0.0102386  0.0092053  0.0009404 -0.0003125 -0.0061469 -0.0078326 -0.0019160 -0.0014716 -0.0002677  0.0016338  0.0063502  0.0016210  0.0074346  0.0128570  0.0050028
C  0  1  29  1  0  0  -0.4363708 -0.4055540 -0.3375087 -0.4262024 -0.1850070 -0.3137732 -0.2484423 -0.3135859 -0.2947054 -0.2841383 -0.3636469 -0.4575964 -0.4322739 -0.3487727 -0.3507092 -0.3662168
C  0  1  29  1  0  1  -0.3280161 -0.2926304 -0.3047775 -0.2327525 -0.2854563 -0.2992091 -0.2651470 -0.2141010 -0.3037506 -0.2764750 -0.3133568 -0.3334310 -0.3428665 -0.3612261 -0.3868864 -0.3698848
C  0  1  29  1  0  2  -0.3199223 -0.3131843 -0.2479062 -0.2676633 -0.2925948 -0.2774935 -0.2484344 -0.2360133 -0.2576405 -0.1853034 -0.3267986 -0.2881243 -0.3401615 -0.3232098 -0.2808356 -0.3407786
C  0  1  29  1  0  3  -0.2236143 -0.2817069 -0.3445287 -0.2618924 -0.2322088 -0.1993281 -0.1755803 -0.1333751 -0.1664102 -0.2115574 -0.2110767 -0.2446793 -0.2562369 -0.3265868 -0.2938109 -0.2835108
C  0  1  29  1  0  4  -0.2749408 -0.2647125 -0.2449379 -0.2616784 -0.2154631 -0.1892344 -0.2790869 -0.2614231 -0.2345830 -0.2294761 -0.2212425 -0.2895723 -0.3325944 -0.2661603 -0.3297911 -0.3263223
C  0  1  29  1  0  5  -0.2074415 -0.1655456 -0.2125592 -0.1737971 -0.1705916 -0.1397867 -0.2082695 -0.1902227 -0.1444258 -0.1760876 -0.1608265 -0.2195659 -0.2175709 -0.1716944 -0.2444031 -0.2022477
C  0  1  29  1  0  6  -0.1404803 -0.1363745 -0.1445258 -0.1448794 -0.0914708 -0.1280676 -0.1656934 -0.1476292 -0.1844943 -0.1456859 -0.0859612 -0.0962898 -0.1559257 -0.1946597 -0.1476130 -0.1628802
C  0  1  29  1  0  7  -0.1589353 -0.1441535 -0.1310855 -0.1053808 -0.1672236 -0.1257173 -0.1499592 -0.0830590 -0.1496548 -0.1169591 -0.1278025 -0.1524474 -0.1615132 -0.1717546 -0.1373305 -0.1533925
C  0  1  29  1  0  8  -0.1810513 -0.0830013 -0.1650538 -0.1517658 -0.1791408 -0.1393068 -0.1739037 -0.1702775 -0.1373697 -0.1032215 -0.1154734 -0.1602831 -0.1351441 -0.1789910 -0.1507736 -0.1451893
C  0  1  29  1  0  9  -0.1449438 -0.1256558 -0.1087018 -0.1167275 -0.0782571 -0.1304657 -0.0817648 -0.1573997 -0.1142210 -0.1355715 -0.1062530 -0.1164999 -0.1155616 -0.1323886 -0.1306508 -0.1286899
C  0  1  29  1  0 10  -0.1352268 -0.1160602 -0.1234777 -0.1522890 -0.1408198 -0.1055679 -0.1256348 -0.1127278 -0.1048076 -0.1545373 -0.1346991 -0.1391227 -0.0988393 -0.1461473 -0.0749295 -0.0854594
C  0  1  29  1  0 11  -0.1597832 -0.0682125 -0.1397701 -0.1007513 -0.0997269 -0.0797406 -0.1121971 -0.1026974 -0.1543964 -0.0832486 -0.1247991 -0.1471999 -0.1174196 -0.1399936 -0.0842834 -0.1049475
C  0  1  29  1  0 12  -0.0847975 -0.1063064 -0.1276601 -0.1361234 -0.1318361 -0.1257161 -0.1478645 -0.1794874 -0.1287858 -0.1194574 -0.1711215 -0.0827601 -0.1006468 -0.1358429 -0.1244206 -0.1568455
C  0  1  29  1  0 13  -0.0728209 -0.1205536 -0.1579889 -0.1165499 -0.1341284 -0.1600430 -0.1681829 -0.1431528 -0.1489954 -0.1443434 -0.1701062 -0.1490419 -0.1538878 -0.1529218 -0.1732384 -0.1357083
C  0  1  29  1  0 14  -0.1304377 -0.1603016 -0.1598033 -0.1586474 -0.1394908 -0.1067384 -0.1483089 -0.2495548 -0.1458657 -0.1627159 -0.0990044 -0.1166745 -0.1392465 -0.0916891 -0.1200485 -0.1725395
C  0  1  29  1  0 15  -0.0889137 -0.1804127 -0.1630236 -0.1615636 -0.1594986 -0.1583228 -0.1415218 -0.1859244 -0.1870317 -0.1226892 -0.1092240 -0.1827048 -0.1144944 -0.0941147 -0.1087405 -0.1706222
C  0  1  29  1  0 16  -0.2091144 -0.1619239 -0.1327776 -0.1455783 -0.1493983 -0.1978269 -0.2248169 -0.2318814 -0.1635702 -0.2058134 -0.1348046 -0.1528456 -0.1237045 -0.1837217 -0.1422426 -0.1243385
C  0  1  29  1  0 17  -0.2197780 -0.3083253 -0.1687513 -0.2829109 -0.2360893 -0.2820396 -0.3387068 -0.2600566 -0.2304143 -0.2589572 -0.2579980 -0.2320273 -0.2710433 -0.2956081 -0.2298573 -0.2611172
C  0  1  29  1  0 18  -0.2341656 -0.2596894 -0.2590165 -0.2137016 -0.2079055 -0.1835584 -0.2710582 -0.2719552 -0.2720967 -0.2065707 -0.2732879 -0.2758334 -0.2673014 -0.2006921 -0.1513992 -0.2100912
C  0  1  29  1  0 19  -0.2629473 -0.2704925 -0.2633198 -0.2951853 -0.2934861 -0.2668364 -0.2127144 -0.2033549 -0.2694292 -0.2357955 -0.2511443 -0.2655240 -0.2680961 -0.2654447 -0.2729474 -0.2555344
C  0  1  29  1  0 20  -0.2101729 -0.2426587 -0.3297599 -0.3759339 -0.2960595 -0.2342368 -0.3138855 -0.2894442 -0.3597132 -0.2977630 -0.3365458 -0.3282039 -0.3310469 -0.3059267 -0.2825593 -0.2741366
C  0  1  29  1  0 21  -0.3908551 -0.3259944 -0.4320447 -0.2788165 -0.2958335 -0.3321438 -0.3381181 -0.3662645 -0.3210651 -0.3428750 -0.3419166 -0.3425190 -0.3488125 -0.3611583 -0.3921068 -0.4411029
C  0  1  29  1  1  0   0.0472544  0.0512894  0.0439974  0.0260431  0.0000959 -0.0198418 -0.0334715 -0.0392985 -0.0459253 -0.0368147 -0.0355931 -0.0171043  0.0055209  0.0060064  0.0243597  0.0403010
C  0  1  29  1  1  1   0.0261165  0.0221053  0.0192026  0.0110983  0.0030618 -0.0064447 -0.0137269 -0.0166472 -0.0176072 -0.0136791 -0.0137918 -0.0064228  0.0033286  0.0100543  0.0147614  0.0247929
C  0  1  29  1  1  2   0.0131986  0.0123944  0.0088103  0.0062932  0.0019016 -0.0028436 -0.0079543 -0.0069234 -0.0084288 -0.0065446 -0.0031342 -0.0028893  0.0016683  0.0040333  0.0040868  0.0112352
C  0  1  29  1  1  3   0.0084120  0.0085874  0.0033116  0.0051855  0.0016138  0.0006361 -0.0021706 -0.0001021  0.0016192  0.0007191 -0.0010302 -0.0000793  0.0019846  0.0034988  0.0019280  0.0066282
C  0  1  29  1  1  4   0.0036556  0.0033160  0.0018108  0.0010048  0.0045767  0.0032264  0.0016239  0.0033393  0.0052164  0.0038221  0.0000785  0.0002729  0.0032007  0.0021690  0.0040366  0.0034915
C  0  1  29  1  1  5   0.0016814  0.0006506  0.0003270  0.0037274  0.0024828  0.0039027  0.0034216  0.0036192  0.0051422  0.0036535 -0.0015317 -0.0009909  0.0026073  0.0021923  0.0025862 -0.0008044
C  0  1  29  1  1  6   0.0014900  0.0026075  0.0021967  0.0035620  0.0046343  0.0043236  0.0048456  0.0056013  0.0056647  0.0015384  0.0013937  0.0001207  0.0008291  0.0000944  0.0020072  0.0000133
C  0  1  29  1  1  7  -0.0004652  0.0028482  0.0025207  0.0046832  0.0044180  0.0036014  0.0059101  0.0035267  0.0045891  0.0014784 -0.0007647  0.0001775  0.0017953  0.0013649  0.0009155 -0.0008304
C  0  1  29  1  1  8  -0.0005212  0.0014111  0.0035024  0.0022172  0.0051645  0.0046652  0.0056195  0.0061696  0.0059881  0.0025133  0.0015311  0.0004114  0.0017141  0.0016502  0.0020816 -0.0003734
C  0  1  29  1  1  9   0.0012787  0.0023444  0.0028038  0.0033390  0.0028632  0.0029951  0.0039027  0.0042953  0.0035584  0.0002975  0.0019651  0.0015505  0.0018761 -0.0000669  0.0008276 -0.0016702
C  0  1  29  1  1 10   0.0007785  0.0023150  0.0014174  0.0018398  0.0022848  0.0020430  0.0020622  0.0033249  0.0030802 -0.0003565 -0.0005677  0.0011052 -0.0001398  0.0004755  0.0019193 -0.0015564
C  0  1  29  1  1 11  -0.0005140  0.0016263  0.0018916  0.0023741  0.0022511 -0.0006090  0.0012209  0.0019350  0.0026153  0.0014160 -0.0010034  0.0007033  0.0000240 -0.0001646  0.0002411 -0.0014313
C  0  1  29  1  1 12   0.0001361  0.0027755  0.0031185  0.0040600  0.0023712  0.0014993  0.0012932  0.0027353  0.0048384  0.0018130  0.0019183  0.0013339  0.0012977 -0.0006846  0.0014543 -0.0009957
C  0  1  29  1  1 13  -0.0000700  0.0025277  0.0028338  0.0031659  0.0032158  0.0031647  0.0048711  0.0052876  0.0056311  0.0020249  0.0015144  0.0004626  0.0001488 -0.0027402  0.0007579 -0.0004212
C  0  1  29  1  1 14   0.0001089  0.0012319  0.0027865  0.0036391  0.0039071  0.0022186  0.0033920  0.0063232  0.0051972  0.0019890  0.0017899 -0.0002038 -0.0014320 -0.0007457 -0.0021138 -0.0021902
C  0  1  29  1  1 15  -0.0011240 -0.0000595  0.0034156  0.0041143  0.0029511 -0.0020084  0.0026389  0.0030575  0.0064020  0.0030065  0.0029380  0.0004440 -0.0029619 -0.0056911 -0.0056899 -0.0055772
C  0  1  29  1  1 16  -0.0003690  0.0005908  0.0022960  0.0046411  0.0033743  0.0008266  0.0036412  0.0050311  0.0045839  0.0062410  0.0031251  0.0021790 -0.0012009 -0.0019390 -0.0048463 -0.0052063
C  0  1  29  1  1 17  -0.0032543  0.0031766  0.0022746  0.0066388  0.0032069 -0.0004581  0.0012184  0.0039448  0.0046595  0.0047677  0.0057050  0.0013390 -0.0006535 -0.0033594 -0.0045374 -0.0044388
C  0  1  29  1  1 18   0.0010116  0.0077496  0.0056420  0.0070848  0.0055355  0.0012488 -0.0028447  0.0008507  0.0036598  0.0049382  0.0028050  0.0015639 -0.0010006 -0.0025325 -0.0053139 -0.0020911
C  0  1  29  1  1 19   0.0027412  0.0085218  0.0121445  0.0094314  0.0062477  0.0012760 -0.0023684 -0.0014707  0.0032877  0.0054829  0.0034126 -0.0002086 -0.0032642 -0.0043797 -0.0052795 -0.0021061
C  0  1  29  1  1 20   0.0010106  0.0143422  0.0180090  0.0136962  0.0080680  0.0032319 -0.0007232  0.0006332  0.0019045  0.0069108  0.0010369 -0.0024282 -0.0050363 -0.0074516 -0.0048402 -0.0036595
C  0  1  29  1  1 21   0.0091196  0.0225504  0.0315654  0.0236519  0.0148948  0.0177416  0.0123128  0.0119455  0.0151957  0.0134233  0.0002712 -0.0013250 -0.0081349 -0.0182008 -0.0081194  0.0005514
