CPHI 16 
CETA 22 -2.40 -2.10 -1.85 -1.60 -1.40 -1.20 -1.00 -0.80 -0.60 -0.40 -0.20  0.00  0.20  0.40  0.60  0.80  1.00  1.20  1.40  1.60  1.85  2.10  2.40 
RMIN  6 
RTRK 12 
RETA 11  0.00  0.20  0.40  0.60  0.80  1.00  1.20  1.40  1.60  1.85  2.10  2.40 
T 0 1   3  0  0  0    0.0000000   0.0006028   0.0016086   0.0031531   0.0122750   0.0691519   0.2780666   0.6533441   1.0000000   1.0000000   1.0000000   1.0000000   1.0000000
T 0 1   3  0  0  1    0.0000000   0.0001448   0.0005697   0.0024568   0.0126698   0.0593115   0.2275672   0.5901801   1.0000000   1.0000000   1.0000000   1.0000000   1.0000000
T 0 1   3  0  0  2    0.0000000   0.0001402   0.0005347   0.0017807   0.0109229   0.0559502   0.2095208   0.5736650   1.0000000   1.0000000   1.0000000   1.0000000   1.0000000
T 0 1   3  0  0  3    0.0000000   0.0002176   0.0006228   0.0017718   0.0116693   0.0627522   0.2265840   0.5877031   1.0000000   1.0000000   1.0000000   1.0000000   1.0000000
T 0 1   3  0  0  4    0.0000000   0.0004000   0.0026222   0.0143871   0.0627885   0.2041040   0.4901109   0.8221355   1.0000000   1.0000000   1.0000000   1.0000000   1.0000000
T 0 1   3  0  0  5    0.0000000   0.0009708   0.0073730   0.0513792   0.2051083   0.5333749   0.8763436   0.9993934   1.0000000   1.0000000   1.0000000   1.0000000   1.0000000
T 0 1   3  0  0  6    0.0000000   0.0002952   0.0012043   0.0103903   0.0671590   0.2772750   0.6628378   0.9311335   0.9981941   1.0000000   1.0000000   1.0000000   1.0000000
T 0 1   3  0  0  7    0.0000000   0.0000564   0.0004328   0.0009889   0.0049081   0.0308329   0.1187835   0.2971048   0.5809143   0.8685985   0.9841601   0.9998407   1.0000000
T 0 1   3  0  0  8    0.0000000   0.0000053   0.0000433   0.0001434   0.0004432   0.0010285   0.0043580   0.0255489   0.1192048   0.3938734   0.7900887   0.9693587   1.0000000
T 0 1   3  0  0  9    0.0000000   0.0000077   0.0000106   0.0000313   0.0005621   0.0035724   0.0184096   0.0867249   0.3025713   0.6595455   0.9384040   0.9999284   1.0000000
T 0 1   3  0  0 10    0.0000000   0.0066894   0.0291736   0.0467573   0.0795844   0.1691966   0.3394390   0.6903058   0.9110529   0.9705773   0.9998366   1.0000000   1.0000000
T 0 1   3  1  0  0    0.0000000   0.0005148   0.0016399   0.0047460   0.0213440   0.1017716   0.3374237   0.6994022   1.0000000   1.0000000   1.0000000   1.0000000   1.0000000
T 0 1   3  1  0  1    0.0000000   0.0002633   0.0010891   0.0042307   0.0181163   0.0752157   0.2537985   0.6193956   1.0000000   1.0000000   1.0000000   1.0000000   1.0000000
T 0 1   3  1  0  2    0.0000000   0.0002194   0.0008486   0.0027728   0.0124455   0.0616642   0.2339277   0.6064318   1.0000000   1.0000000   1.0000000   1.0000000   1.0000000
T 0 1   3  1  0  3    0.0000000   0.0002283   0.0008669   0.0027852   0.0140251   0.0700545   0.2491207   0.6198491   1.0000000   1.0000000   1.0000000   1.0000000   1.0000000
T 0 1   3  1  0  4    0.0000000   0.0004356   0.0027620   0.0153929   0.0663357   0.2155446   0.5058694   0.8320271   1.0000000   1.0000000   1.0000000   1.0000000   1.0000000
T 0 1   3  1  0  5    0.0000000   0.0011873   0.0094478   0.0577925   0.2246261   0.5586818   0.8900123   0.9996500   1.0000000   1.0000000   1.0000000   1.0000000   1.0000000
T 0 1   3  1  0  6    0.0000000   0.0004626   0.0026649   0.0180020   0.0942133   0.3329130   0.7236541   0.9536823   0.9988141   0.9999984   1.0000000   1.0000000   1.0000000
T 0 1   3  1  0  7    0.0000000   0.0002246   0.0006446   0.0024765   0.0123245   0.0526267   0.1570011   0.3413836   0.6074237   0.8728054   0.9849908   0.9998878   1.0000000
T 0 1   3  1  0  8    0.0000000   0.0009562   0.0014955   0.0017998   0.0022382   0.0036136   0.0107994   0.0452511   0.1686405   0.4573475   0.8251665   0.9710661   1.0000000
T 0 1   3  1  0  9    0.0000000   0.0021003   0.0074838   0.0131257   0.0159362   0.0198461   0.0401951   0.1288935   0.3661962   0.7154288   0.9583841   0.9999941   1.0000000
T 0 1   3  1  0 10    0.0000000   0.0032254   0.0170235   0.0428863   0.0843736   0.1746921   0.3942474   0.7474223   0.9511020   0.9856143   0.9999985   1.0000000   1.0000000
R 0 1   3  0  0  0    0.0230613   0.0230613   0.0103730   0.0104265   0.0103136   0.0101865   0.0100267   0.0098386   0.0098386   0.0098386   0.0098386   0.0098386
R 0 1   3  0  0  1    0.0120826   0.0120826   0.0120826   0.0120826   0.0110091   0.0109318   0.0109624   0.0108547   0.0108547   0.0108547   0.0108547   0.0108547
R 0 1   3  0  0  2    0.0124588   0.0124588   0.0124588   0.0124588   0.0120735   0.0119727   0.0118483   0.0116964   0.0116964   0.0116964   0.0116964   0.0116964
R 0 1   3  0  0  3    0.0134985   0.0134985   0.0134985   0.0134985   0.0127641   0.0125956   0.0123608   0.0122605   0.0122605   0.0122605   0.0122605   0.0122605
R 0 1   3  0  0  4    0.0187440   0.0187440   0.0187440   0.0173330   0.0169346   0.0159136   0.0144789   0.0130863   0.0130863   0.0130863   0.0130863   0.0130863
R 0 1   3  0  0  5    0.0199166   0.0199166   0.0193279   0.0191044   0.0187189   0.0180159   0.0168777   0.0168777   0.0168777   0.0168777   0.0168777   0.0168777
R 0 1   3  0  0  6    0.0204627   0.0204627   0.0204627   0.0202063   0.0207628   0.0207458   0.0208453   0.0205061   0.0205061   0.0205061   0.0205061   0.0205061
R 0 1   3  0  0  7    0.0226500   0.0226500   0.0226500   0.0226500   0.0204276   0.0211831   0.0211032   0.0209640   0.0205673   0.0197519   0.0197519   0.0197519
R 0 1   3  0  0  8    0.0213403   0.0213403   0.0213403   0.0213403   0.0213403   0.0213403   0.0213403   0.0210373   0.0210041   0.0209928   0.0202536   0.0189040
R 0 1   3  0  0  9    0.0313929   0.0313929   0.0313929   0.0313929   0.0313929   0.0313929   0.0298646   0.0287211   0.0275184   0.0264533   0.0247511   0.0247511
R 0 1   3  0  0 10    0.0749699   0.0703881   0.0622714   0.0527512   0.0476329   0.0440659   0.0408961   0.0355132   0.0338147   0.0303860   0.0303860   0.0303860
R 0 1   3  0  1  0    0.0000000   0.0000000   0.0000000   0.0000848   0.0000778   0.0000808   0.0000723   0.0000648   0.0000648   0.0000648   0.0000648   0.0000648
R 0 1   3  0  1  1    0.0001179   0.0001179   0.0001179   0.0001179   0.0000680   0.0000704   0.0000630   0.0000573   0.0000573   0.0000573   0.0000573   0.0000573
R 0 1   3  0  1  2    0.0000397   0.0000397   0.0000397   0.0000397   0.0000708   0.0000612   0.0000606   0.0000531   0.0000531   0.0000531   0.0000531   0.0000531
R 0 1   3  0  1  3    0.0000860   0.0000860   0.0000860   0.0000860   0.0000767   0.0000606   0.0000577   0.0000479   0.0000479   0.0000479   0.0000479   0.0000479
R 0 1   3  0  1  4    0.0000893   0.0000893   0.0000893   0.0000840   0.0000904   0.0000713   0.0000509   0.0000458   0.0000458   0.0000458   0.0000458   0.0000458
R 0 1   3  0  1  5    0.0001136   0.0001136   0.0000608   0.0000666   0.0000705   0.0000596   0.0000412   0.0000412   0.0000412   0.0000412   0.0000412   0.0000412
R 0 1   3  0  1  6    0.0000553   0.0000553   0.0000553   0.0000332   0.0000557   0.0000560   0.0000582   0.0000082   0.0000082   0.0000082   0.0000082   0.0000082
R 0 1   3  0  1  7    0.0001767   0.0001767   0.0001767   0.0001767   0.0000357   0.0000624   0.0000707   0.0000718   0.0000761   0.0000581   0.0000581   0.0000581
R 0 1   3  0  1  8    0.0001170   0.0001170   0.0001170   0.0001170   0.0001170   0.0001170   0.0001170   0.0001020   0.0000981   0.0001017   0.0000889   0.0000693
R 0 1   3  0  1  9    0.0002804   0.0002804   0.0002804   0.0002804   0.0002804   0.0002804   0.0002110   0.0001933   0.0001860   0.0001604   0.0001289   0.0001289
R 0 1   3  0  1 10    0.0013016   0.0011307   0.0008818   0.0007325   0.0006039   0.0004874   0.0003942   0.0002623   0.0001910   0.0001342   0.0001342   0.0001342
R 0 1   3  0  2  0    0.0000000   0.0000000   0.0000000   0.0000000   0.0000000   0.0000000   0.0000122   0.0000039   0.0000039   0.0000039   0.0000039   0.0000039
R 0 1   3  0  2  1    0.0000000   0.0000000   0.0000000   0.0000000   0.0000000   0.0000131   0.0000096   0.0000152   0.0000152   0.0000152   0.0000152   0.0000152
R 0 1   3  0  2  2    0.0000000   0.0000000   0.0000000   0.0000000   0.0000517   0.0000182   0.0000068   0.0000141   0.0000141   0.0000141   0.0000141   0.0000141
R 0 1   3  0  2  3    0.0000670   0.0000670   0.0000670   0.0000670   0.0000000   0.0000090   0.0000118   0.0000000   0.0000000   0.0000000   0.0000000   0.0000000
R 0 1   3  0  2  4    0.0000000   0.0000000   0.0000000   0.0000000   0.0000197   0.0000144   0.0000161   0.0000123   0.0000123   0.0000123   0.0000123   0.0000123
R 0 1   3  0  2  5    0.0000000   0.0000000   0.0000000   0.0000000   0.0000094   0.0000163   0.0000157   0.0000157   0.0000157   0.0000157   0.0000157   0.0000157
R 0 1   3  0  2  6    0.0000000   0.0000000   0.0000000   0.0000000   0.0000000   0.0000000   0.0000000   0.0000246   0.0000246   0.0000246   0.0000246   0.0000246
R 0 1   3  0  2  7    0.0000000   0.0000000   0.0000000   0.0000000   0.0001207   0.0000000   0.0000000   0.0000000   0.0000127   0.0000000   0.0000000   0.0000000
R 0 1   3  0  2  8    0.0000000   0.0000000   0.0000000   0.0000000   0.0000000   0.0000000   0.0000000   0.0000000   0.0000000   0.0000187   0.0000000   0.0000000
R 0 1   3  0  2  9    0.0000000   0.0000000   0.0000000   0.0000000   0.0000000   0.0000000   0.0000000   0.0000525   0.0000162   0.0000000   0.0000742   0.0000742
R 0 1   3  0  2 10    0.0000000   0.0000000   0.0000000   0.0000000   0.0000000   0.0000612   0.0000770   0.0000632   0.0000000   0.0000000   0.0000000   0.0000000
R 0 1   3  0  3  0    1.0416551   1.0416551   1.2065306   1.0274915   0.9977964   0.9833477   0.9812198   0.9824252   0.9824252   0.9824252   0.9824252   0.9824252
R 0 1   3  0  3  1    1.0079434   1.0079434   1.0079434   1.0079434   0.9972612   0.9864722   0.9780311   0.9779727   0.9779727   0.9779727   0.9779727   0.9779727
R 0 1   3  0  3  2    1.0005238   1.0005238   1.0005238   1.0005238   1.0015856   0.9854334   0.9798348   0.9796057   0.9796057   0.9796057   0.9796057   0.9796057
R 0 1   3  0  3  3    0.9929371   0.9929371   0.9929371   0.9929371   0.9988552   0.9873691   0.9813951   0.9809195   0.9809195   0.9809195   0.9809195   0.9809195
R 0 1   3  0  3  4    1.0306647   1.0306647   1.0306647   0.9919467   0.9814193   0.9760897   0.9788043   0.9884533   0.9884533   0.9884533   0.9884533   0.9884533
R 0 1   3  0  3  5    1.0505540   1.0505540   0.9973120   0.9817113   0.9749538   0.9703393   0.9756637   0.9756637   0.9756637   0.9756637   0.9756637   0.9756637
R 0 1   3  0  3  6    0.9958798   0.9958798   0.9958798   1.0060087   0.9863764   0.9857356   0.9851217   0.9884952   0.9884952   0.9884952   0.9884952   0.9884952
R 0 1   3  0  3  7    1.0521184   1.0521184   1.0521184   1.0521184   1.0318732   1.0006696   0.9898911   0.9847283   0.9853365   0.9874311   0.9874311   0.9874311
R 0 1   3  0  3  8    1.0223984   1.0223984   1.0223984   1.0223984   1.0223984   1.0223984   1.0223984   0.9933269   0.9832541   0.9830899   0.9860194   1.0066270
R 0 1   3  0  3  9    1.0164067   1.0164067   1.0164067   1.0164067   1.0164067   1.0164067   0.9900542   0.9751387   0.9713568   0.9863193   1.0052091   1.0052091
R 0 1   3  0  3 10    1.0792277   1.0361403   1.0108107   1.0022312   0.9779534   0.9731422   0.9671088   0.9708825   1.0038322   1.0028597   1.0028597   1.0028597
R 0 1   3  0  4  0    1.1688744   1.1688744   1.4142720   2.1223627   2.2784646   2.2586913   2.2421914   2.2811700   2.2811700   2.2811700   2.2811700   2.2811700
R 0 1   3  0  4  1    1.9402273   1.9402273   1.9402273   1.9402273   2.1559517   2.2568479   2.1762268   2.1967631   2.1967631   2.1967631   2.1967631   2.1967631
R 0 1   3  0  4  2    1.8556424   1.8556424   1.8556424   1.8556424   2.1723365   2.2500124   2.2178066   2.2228958   2.2228958   2.2228958   2.2228958   2.2228958
R 0 1   3  0  4  3    1.7354455   1.7354455   1.7354455   1.7354455   2.2403156   2.2742392   2.2253924   2.2368086   2.2368086   2.2368086   2.2368086   2.2368086
R 0 1   3  0  4  4    1.9831656   1.9831656   1.9831656   2.0799225   2.1468658   2.1205038   2.2136729   2.3443572   2.3443572   2.3443572   2.3443572   2.3443572
R 0 1   3  0  4  5    1.7520562   1.7520562   2.1220181   2.1321205   2.0873653   2.0410254   2.0328606   2.0328606   2.0328606   2.0328606   2.0328606   2.0328606
R 0 1   3  0  4  6    1.8962986   1.8962986   1.8962986   2.1549255   2.2777474   2.3747944   2.3854811   2.2745991   2.2745991   2.2745991   2.2745991   2.2745991
R 0 1   3  0  4  7    1.9057623   1.9057623   1.9057623   1.9057623   2.3155642   2.3765909   2.3132228   2.3165830   2.3602329   2.3431403   2.3431403   2.3431403
R 0 1   3  0  4  8    2.2679124   2.2679124   2.2679124   2.2679124   2.2679124   2.2679124   2.2679124   2.2405312   2.2210383   2.2607715   2.2884908   2.2898414
R 0 1   3  0  4  9    2.0455030   2.0455030   2.0455030   2.0455030   2.0455030   2.0455030   2.0639206   2.0426205   2.0144567   2.2208188   2.2036278   2.2036278
R 0 1   3  0  4 10    2.0346343   2.1784943   2.0081537   1.9215244   2.0236387   1.9842501   1.9598250   1.9639703   2.1474382   1.9519524   1.9519524   1.9519524
R 0 1   3  0  5  0   43.8718591  43.8718591   6.4246944   3.3668450   3.4449015   3.9984969   4.2612334   3.7848768   3.7848768   3.7848768   3.7848768   3.7848768
R 0 1   3  0  5  1    4.0544626   4.0544626   4.0544626   4.0544626   3.8808605   3.9114398   4.5190384   4.3205522   4.3205522   4.3205522   4.3205522   4.3205522
R 0 1   3  0  5  2    4.2852735   4.2852735   4.2852735   4.2852735   4.3771339   4.1011262   4.2098073   4.2895435   4.2895435   4.2895435   4.2895435   4.2895435
R 0 1   3  0  5  3    5.2660147   5.2660147   5.2660147   5.2660147   4.1556281   3.9849118   4.2867475   4.3004866   4.3004866   4.3004866   4.3004866   4.3004866
R 0 1   3  0  5  4    4.2590964   4.2590964   4.2590964   4.5347061   4.6178415   4.8151393   3.9649628   3.2827112   3.2827112   3.2827112   3.2827112   3.2827112
R 0 1   3  0  5  5    5.0742505   5.0742505   4.4829269   4.6573409   5.3517223   5.0044086   3.9743076   3.9743076   3.9743076   3.9743076   3.9743076   3.9743076
R 0 1   3  0  5  6    3.4765823   3.4765823   3.4765823   4.3533967   3.7252522   2.8796627   2.2805281   2.0030315   2.0030315   2.0030315   2.0030315   2.0030315
R 0 1   3  0  5  7    3.5659330   3.5659330   3.5659330   3.5659330   3.8036945   3.1443350   2.9904638   2.9586521   2.6714891   2.0864403   2.0864403   2.0864403
R 0 1   3  0  5  8    3.3720290   3.3720290   3.3720290   3.3720290   3.3720290   3.3720290   3.3720290   4.3742489   4.6573702   4.2954748   3.5431854   3.9559142
R 0 1   3  0  5  9    5.4751086   5.4751086   5.4751086   5.4751086   5.4751086   5.4751086   6.7253376   6.5687376   6.9859730   5.3020074   5.4617925   5.4617925
R 0 1   3  0  5 10    4.9623874   4.5873431   4.3639225   5.5994213   4.7765517   6.5835143   7.6796255   8.1183472   6.1860296   7.7311411   7.7311411   7.7311411
F  0  1   3  0  0  0    0.9766549   1.0216611   0.9753233   0.9967613   0.9810863   0.9993450   0.9870001   0.9834643   1.0069042   1.0024162   0.9856163
F  0  1   3  1  0  0    1.0708010   1.0723856   1.0550658   1.0634847   1.0592557   1.0794376   1.0724796   1.0493325   1.0523985   1.0758955   1.0926707
C  0  1   3  0  0  0  -0.4049652 -0.0239681 -0.2643910 -0.3777093 -0.2404083 -0.2234482 -0.2470293 -0.1484840 -0.4033591 -0.1446920 -0.3451001 -0.2237537 -0.2175049 -0.2170542 -0.4879427 -0.0074422
C  0  1   3  0  0  1  -0.1378101 -0.1776134 -0.3323766 -0.0448506 -0.1607113 -0.1163663 -0.1131026 -0.2268823 -0.1080730 -0.1371220 -0.0078786 -0.1204786 -0.2651425 -0.2068299 -0.1263303  0.1144185
C  0  1   3  0  0  2  -0.1378236 -0.2100800 -0.1245408 -0.1433580  0.0375641 -0.0479752 -0.1210548 -0.1245820 -0.0371686 -0.0188204  0.0200265 -0.0422041 -0.2244712 -0.0846555 -0.0315362 -0.0145428
C  0  1   3  0  0  3  -0.1649850 -0.0827242  0.0435125  0.0050157 -0.0482817 -0.1521322 -0.1546498 -0.0694603 -0.1567968  0.0518669 -0.1004271  0.0067965 -0.1713874 -0.1374005 -0.0531567 -0.0106458
C  0  1   3  0  0  4  -0.1124980 -0.0711945  0.0180738 -0.0817639 -0.0527518 -0.0815772 -0.0765980 -0.0681746 -0.0686740 -0.0952745 -0.0561529  0.0652323 -0.0398515 -0.1585319 -0.0531248 -0.0031899
C  0  1   3  0  0  5   0.0331690  0.0340475 -0.0887713  0.1241542  0.0358054 -0.0219847 -0.0602543 -0.0329807  0.0676204 -0.0540878  0.0387516 -0.0342636 -0.0394101  0.0480897  0.0034537 -0.0534354
C  0  1   3  0  0  6   0.0094175  0.0884893  0.0330106 -0.0040328 -0.0309278  0.0318373 -0.0925444 -0.1482451 -0.0106233 -0.0649823  0.0158360  0.0137411 -0.0960150 -0.0377170 -0.0419327  0.0834830
C  0  1   3  0  0  7  -0.0029887  0.0274658  0.0199894  0.0448364  0.0288769  0.0905752  0.0092627  0.0332329  0.0105158  0.0414316  0.0734556 -0.0541791 -0.0552033  0.0410373  0.0300696  0.0035964
C  0  1   3  0  0  8   0.0451793  0.0285304 -0.0068656  0.0447629 -0.0143865  0.1082556 -0.0235280 -0.0499537 -0.0134142  0.0581872 -0.0542179 -0.0243779 -0.1128238  0.0801615 -0.0811289  0.0437680
C  0  1   3  0  0  9  -0.0865403  0.0122980 -0.0340335  0.0422251  0.0503470 -0.0000319  0.0106797  0.0306573 -0.0932613  0.0335768 -0.0193777  0.0146906 -0.0978340  0.0362363  0.0349292  0.1116519
C  0  1   3  0  0 10  -0.0294990  0.0838922  0.0362445  0.1059236  0.0024742  0.0461185 -0.0263820 -0.0310460 -0.0454451 -0.0680852  0.0460303 -0.0342274 -0.0922365  0.0759237  0.0444880  0.0692614
C  0  1   3  0  0 11  -0.0870018  0.0043404 -0.0589842  0.1028702  0.0246160  0.0852580  0.0654731  0.0311428  0.0134100 -0.0104903 -0.0513436 -0.0410525 -0.0400267  0.0228050 -0.0442534  0.0247496
C  0  1   3  0  0 12   0.0572119  0.0103452 -0.0205005  0.0646880 -0.0016328  0.0825669 -0.0272368 -0.0311256 -0.0331537  0.0457157 -0.0234574 -0.0432198 -0.0459680 -0.0354826  0.1240167  0.0062782
C  0  1   3  0  0 13  -0.0309036  0.0121738  0.0424100  0.0473138 -0.0191327 -0.0132264 -0.0069136  0.0010186  0.0244098  0.0921636 -0.0127106  0.0370357  0.0144322 -0.0479190 -0.0126134  0.0558107
C  0  1   3  0  0 14   0.0238493 -0.0499756 -0.0283919  0.0007807 -0.0039099  0.0496663  0.0016060  0.0192443 -0.1024673 -0.0349957 -0.0379975 -0.0875903  0.0552065 -0.0462098 -0.0127915 -0.0639400
C  0  1   3  0  0 15  -0.0811912 -0.0438760  0.0287454  0.0859154  0.0660115 -0.0784214  0.0045994 -0.0034155  0.0399450  0.0046316 -0.0653813 -0.1529611 -0.0119507  0.0487600 -0.0397808  0.0481515
C  0  1   3  0  0 16   0.0856978  0.0593299  0.0019227 -0.0223460  0.0492812 -0.0474806 -0.0451041  0.0242803 -0.0844050  0.0515181  0.0038339 -0.0848780 -0.0352544  0.0046676 -0.0193256  0.0038659
C  0  1   3  0  0 17  -0.0931562 -0.0884671 -0.2212571  0.0090246 -0.1643142 -0.0389048 -0.1114565 -0.0003086  0.0040411 -0.1908246  0.0103075 -0.0429009 -0.1218273 -0.1591662 -0.1105783  0.0432027
C  0  1   3  0  0 18  -0.1408224 -0.0571603  0.0332125 -0.1712722 -0.0948883 -0.1158714 -0.1250378 -0.0024640 -0.0911739 -0.0167855 -0.0014324 -0.0818612  0.0857836  0.0061456 -0.1679490 -0.1012462
C  0  1   3  0  0 19   0.0225149 -0.1345516 -0.2447769  0.0900326 -0.1374016 -0.0880615 -0.1847140 -0.1031919 -0.1947438 -0.0626323 -0.0890359 -0.1050208 -0.1141483 -0.1096150  0.0227015 -0.1683314
C  0  1   3  0  0 20  -0.0207081 -0.0961435 -0.1008076  0.0671934 -0.1604752 -0.1721791 -0.2801501 -0.2854088 -0.2142599 -0.1551160 -0.1076251 -0.0295879 -0.1316374 -0.2253698 -0.1998949 -0.2447258
C  0  1   3  0  0 21  -0.2200235 -0.0590493 -0.3558889 -0.2525162 -0.1253723  0.0388283 -0.2501043 -0.1197637 -0.2114051 -0.0522349 -0.2575657 -0.1735577 -0.4892538 -0.4550818 -0.2870179 -0.2331837
C  0  1   3  0  1  0   0.0016153  0.0017377 -0.0013353 -0.0016365  0.0025232  0.0040414  0.0000830  0.0024909  0.0014094 -0.0040535 -0.0055188  0.0031144  0.0055608  0.0043992  0.0069182  0.0069304
C  0  1   3  0  1  1  -0.0004702  0.0001675 -0.0017602 -0.0010778 -0.0022195 -0.0036901  0.0047860  0.0034794  0.0016444 -0.0015145 -0.0014922  0.0006068  0.0037823  0.0031165  0.0025996  0.0034361
C  0  1   3  0  1  2   0.0024249  0.0004843 -0.0001414 -0.0009247 -0.0024309 -0.0000692 -0.0001202  0.0003760 -0.0002782  0.0002106 -0.0005622 -0.0021861 -0.0004613 -0.0027566  0.0002018  0.0000518
C  0  1   3  0  1  3   0.0036049  0.0013937  0.0019942 -0.0013189  0.0006872  0.0011018  0.0012170  0.0006747  0.0002853 -0.0017009 -0.0008977 -0.0002837  0.0008726 -0.0036223  0.0013411  0.0034969
C  0  1   3  0  1  4   0.0027775  0.0011807 -0.0004819  0.0024943  0.0021058 -0.0021530  0.0008612 -0.0000858  0.0014899  0.0017340 -0.0018803 -0.0011139  0.0018899 -0.0005501  0.0022257 -0.0028100
C  0  1   3  0  1  5   0.0001487 -0.0001273 -0.0015444  0.0020476 -0.0010536 -0.0009713 -0.0003210  0.0004851  0.0018467  0.0016732  0.0013613 -0.0008808 -0.0015300  0.0013595  0.0009353 -0.0004253
C  0  1   3  0  1  6   0.0027620 -0.0013742  0.0004023  0.0000882  0.0001725 -0.0024394  0.0004268  0.0004740 -0.0010292 -0.0004670  0.0007500 -0.0014176 -0.0023588 -0.0028001  0.0017861 -0.0006673
C  0  1   3  0  1  7   0.0013946 -0.0006132  0.0017122  0.0007603  0.0025984  0.0019329 -0.0004484  0.0000829  0.0016050  0.0009022  0.0003937 -0.0017816 -0.0007598  0.0010217 -0.0004605 -0.0011866
C  0  1   3  0  1  8   0.0009356  0.0016854 -0.0010363  0.0000505  0.0011300  0.0000524  0.0008049  0.0003866  0.0030280  0.0015570  0.0002040 -0.0016919 -0.0005700  0.0011319  0.0013671  0.0017376
C  0  1   3  0  1  9  -0.0012920  0.0001062  0.0040938 -0.0000991  0.0001907 -0.0004803 -0.0009745  0.0004284 -0.0013900 -0.0022257 -0.0021277 -0.0012585 -0.0009431  0.0016514 -0.0017674  0.0008261
C  0  1   3  0  1 10   0.0008074 -0.0002980  0.0025320  0.0017365  0.0026545 -0.0000666  0.0015402 -0.0006263 -0.0009631 -0.0021541 -0.0011573  0.0004469 -0.0012114 -0.0009721  0.0006729  0.0014263
C  0  1   3  0  1 11   0.0011843  0.0000905 -0.0002676  0.0006618  0.0011470 -0.0009925 -0.0022714 -0.0007574 -0.0027089 -0.0002326 -0.0004869 -0.0003691  0.0013528 -0.0009407 -0.0009225  0.0000557
C  0  1   3  0  1 12   0.0000337  0.0013319  0.0007579 -0.0012230 -0.0009131  0.0001320  0.0020411  0.0002388  0.0005645 -0.0000316 -0.0004122  0.0020411 -0.0001934 -0.0009359 -0.0016602  0.0008936
C  0  1   3  0  1 13   0.0030048 -0.0014439  0.0001873  0.0002665  0.0027732  0.0011690  0.0000341 -0.0009252  0.0008223 -0.0013706 -0.0015525 -0.0032825  0.0016549  0.0002765  0.0009377  0.0012305
C  0  1   3  0  1 14   0.0027288  0.0017607  0.0028501  0.0015898  0.0025564  0.0013229 -0.0004006  0.0001597 -0.0018518 -0.0001387  0.0009476 -0.0004807  0.0012809  0.0019519 -0.0018814  0.0028119
C  0  1   3  0  1 15   0.0031479 -0.0018488 -0.0004869 -0.0000697 -0.0001818  0.0019898  0.0013594 -0.0006590  0.0007331 -0.0011119 -0.0009403  0.0015550  0.0004796  0.0030305  0.0006575  0.0004874
C  0  1   3  0  1 16  -0.0001441  0.0028052  0.0007705  0.0026932  0.0004175  0.0029583  0.0004562 -0.0006959  0.0009903 -0.0015860 -0.0000410  0.0002428  0.0003017  0.0000811  0.0017104  0.0013551
C  0  1   3  0  1 17  -0.0001552 -0.0004470  0.0010442  0.0028676  0.0014179  0.0042773  0.0024592  0.0009663  0.0001279  0.0027330  0.0009877  0.0003737  0.0019584 -0.0001287  0.0054064  0.0041145
C  0  1   3  0  1 18   0.0073954  0.0049501  0.0018760  0.0050742 -0.0010540  0.0029149  0.0039860  0.0027972 -0.0001802  0.0032498  0.0053695  0.0008355  0.0003809 -0.0015017  0.0064374  0.0053352
C  0  1   3  0  1 19   0.0035050  0.0030883  0.0022393  0.0025003  0.0009426  0.0010770  0.0009711 -0.0001991  0.0067944  0.0024409  0.0009479  0.0005806  0.0018775  0.0005674  0.0013523  0.0049502
C  0  1   3  0  1 20   0.0045556  0.0042544  0.0058506  0.0042478  0.0002997  0.0054879  0.0027529  0.0039465  0.0052198  0.0041022 -0.0014344 -0.0027999  0.0071120  0.0030422  0.0027756  0.0056827
C  0  1   3  0  1 21   0.0121036  0.0098058  0.0039675  0.0013847 -0.0032122 -0.0065099 -0.0090977 -0.0034292 -0.0008879 -0.0045944  0.0003573  0.0036314  0.0012645  0.0045138  0.0072403  0.0025685
C  0  1   3  1  0  0  -0.4574330 -0.3560917 -0.3970742 -0.3976620 -0.2365941 -0.4757369 -0.3138345 -0.3527417 -0.3671645 -0.3292653 -0.2944879 -0.5015999 -0.4934699 -0.4169257 -0.4517712 -0.4146975
C  0  1   3  1  0  1  -0.3291682 -0.3428302 -0.3462073 -0.3682214 -0.3471268 -0.3192104 -0.3111768 -0.2861060 -0.3441340 -0.1698848 -0.3591084 -0.3349664 -0.3830946 -0.3983382 -0.3903783 -0.3364435
C  0  1   3  1  0  2  -0.3398108 -0.2988293 -0.2579794 -0.3198448 -0.2566867 -0.2756344 -0.2587528 -0.2497261 -0.2339158 -0.2573030 -0.2679091 -0.2337841 -0.3533817 -0.3380079 -0.2613751 -0.3284910
C  0  1   3  1  0  3  -0.2745572 -0.2796287 -0.3406855 -0.2720814 -0.2873512 -0.2137063 -0.1616734 -0.1676378 -0.1382833 -0.1897078 -0.2282285 -0.3017023 -0.2103013 -0.3089853 -0.2901205 -0.2313547
C  0  1   3  1  0  4  -0.2764055 -0.2333049 -0.2808397 -0.2278918 -0.2396440 -0.2236498 -0.2729648 -0.2720899 -0.2274389 -0.2081595 -0.2307357 -0.2789185 -0.2646355 -0.2432248 -0.2848050 -0.2852112
C  0  1   3  1  0  5  -0.2152922 -0.1655246 -0.1920180 -0.1651462 -0.1732419 -0.1127889 -0.2256100 -0.1318923 -0.1407782 -0.1411873 -0.1644644 -0.1712317 -0.2358630 -0.1219180 -0.2022628 -0.1654932
C  0  1   3  1  0  6  -0.1284628 -0.1327484 -0.1652268 -0.1758195 -0.1400783 -0.1359748 -0.1628533 -0.2068461 -0.1490120 -0.1422138 -0.0791936 -0.1320173 -0.1332333 -0.0974373 -0.1214433 -0.1844284
C  0  1   3  1  0  7  -0.1993768 -0.1589466 -0.1536676 -0.1391451 -0.1773588 -0.1674638 -0.1761380 -0.1392530 -0.1617257 -0.1206343 -0.1151553 -0.1591127 -0.1701268 -0.1316048 -0.1092638 -0.1119749
C  0  1   3  1  0  8  -0.1731394 -0.0878665 -0.1160510 -0.1318994 -0.1703262 -0.1533549 -0.1498101 -0.1623234 -0.1397170 -0.1110837 -0.1121374 -0.1791506 -0.1051367 -0.1361879 -0.1678201 -0.1329151
C  0  1   3  1  0  9  -0.1087555 -0.0961895 -0.0685330 -0.1374827 -0.1132385 -0.1045160 -0.1119545 -0.1688082 -0.1328104 -0.1565014 -0.0836131 -0.1412179 -0.1211997 -0.1072472 -0.1165002 -0.1143835
C  0  1   3  1  0 10  -0.1546702 -0.0941384 -0.1496144 -0.1389060 -0.1623713 -0.1326540 -0.1465517 -0.1473289 -0.1061924 -0.1489459 -0.1325685 -0.1330127 -0.1159585 -0.1221672 -0.1198369 -0.1180622
C  0  1   3  1  0 11  -0.1053265 -0.1015572 -0.1660565 -0.1171980 -0.1220268 -0.1171875 -0.1226251 -0.1253920 -0.1563553 -0.0756150 -0.1261274 -0.1037889 -0.1024499 -0.1526774 -0.0971286 -0.1428503
C  0  1   3  1  0 12  -0.0876074 -0.1145192 -0.1173231 -0.0575832 -0.1194337 -0.1339543 -0.1270751 -0.1667401 -0.1560629 -0.1490188 -0.1291155 -0.0943065 -0.0640175 -0.1280837 -0.0929248 -0.1335038
C  0  1   3  1  0 13  -0.1016353 -0.1410758 -0.1326066 -0.1381225 -0.1764419 -0.1564325 -0.1963609 -0.1494307 -0.1016455 -0.1428677 -0.1741359 -0.1443867 -0.1625310 -0.1038621 -0.1546657 -0.1298580
C  0  1   3  1  0 14  -0.1471057 -0.1342535 -0.1447925 -0.1671639 -0.1721048 -0.1388622 -0.1628586 -0.2039744 -0.1662005 -0.1472330 -0.1462752 -0.1758358 -0.1257293 -0.1539068 -0.1301622 -0.1788437
C  0  1   3  1  0 15  -0.0731447 -0.1837941 -0.1673192 -0.1112269 -0.2193946 -0.1235511 -0.1494742 -0.1760492 -0.1829341 -0.1049426 -0.0788840 -0.2035584 -0.1325713 -0.1195672 -0.1017395 -0.1226170
C  0  1   3  1  0 16  -0.1501617 -0.1681773 -0.1059254 -0.1267665 -0.1782717 -0.1481588 -0.2008583 -0.1837395 -0.1393598 -0.1848432 -0.1057102 -0.1068593 -0.1084492 -0.1105972 -0.0857838 -0.0908341
C  0  1   3  1  0 17  -0.2582239 -0.2934513 -0.2177968 -0.2069518 -0.2243528 -0.2659695 -0.2578313 -0.2679432 -0.2396686 -0.2590211 -0.2391142 -0.2344526 -0.1914810 -0.2928638 -0.2167801 -0.2151559
C  0  1   3  1  0 18  -0.2605070 -0.2739119 -0.2201323 -0.2714584 -0.2576143 -0.2271851 -0.2860062 -0.2817511 -0.3035977 -0.2323470 -0.2486992 -0.2471751 -0.2303890 -0.1959749 -0.2113848 -0.2209945
C  0  1   3  1  0 19  -0.2941108 -0.2258563 -0.2741833 -0.2930593 -0.2922576 -0.3179207 -0.2794845 -0.2077428 -0.3203585 -0.3204543 -0.2487169 -0.2636452 -0.2112943 -0.2103784 -0.2543021 -0.2600813
C  0  1   3  1  0 20  -0.2512166 -0.3629215 -0.3534269 -0.3484173 -0.2982299 -0.2143290 -0.3198112 -0.3656595 -0.3991844 -0.3381032 -0.4101300 -0.3653768 -0.4008853 -0.2953127 -0.2423686 -0.3089149
C  0  1   3  1  0 21  -0.4220526 -0.3867792 -0.3454472 -0.3751906 -0.3362411 -0.3853652 -0.4284656 -0.3194015 -0.3864512 -0.3322919 -0.3079262 -0.3789345 -0.3879723 -0.3858622 -0.3500406 -0.3945090
C  0  1   3  1  1  0   0.0464569  0.0509063  0.0404448  0.0244129  0.0026883 -0.0214027 -0.0330394 -0.0418801 -0.0444191 -0.0369951 -0.0325589 -0.0188983  0.0042280  0.0063628  0.0235962  0.0399021
C  0  1   3  1  1  1   0.0263843  0.0227604  0.0184868  0.0104887  0.0012168 -0.0081940 -0.0147064 -0.0170251 -0.0177677 -0.0137124 -0.0143361 -0.0081163  0.0032825  0.0096278  0.0132343  0.0234826
C  0  1   3  1  1  2   0.0127665  0.0135117  0.0083959  0.0062086  0.0012602 -0.0023969 -0.0073326 -0.0098130 -0.0093262 -0.0054196 -0.0057792 -0.0030895  0.0008323  0.0027329  0.0053411  0.0109905
C  0  1   3  1  1  3   0.0075050  0.0076363  0.0035844  0.0038733  0.0016505  0.0006496 -0.0034064 -0.0020655  0.0012250  0.0005415 -0.0024269  0.0003283  0.0005819  0.0032669  0.0029654  0.0070341
C  0  1   3  1  1  4   0.0022265  0.0027594  0.0022190  0.0011763  0.0031558  0.0021193 -0.0000719  0.0019423  0.0050054  0.0033157  0.0004961 -0.0002590  0.0027260  0.0017133  0.0035526  0.0035052
C  0  1   3  1  1  5   0.0007219  0.0004148  0.0003546  0.0031161  0.0029781  0.0039142  0.0034708  0.0029463  0.0034613  0.0018969 -0.0021501 -0.0006197  0.0021684  0.0023011  0.0017624 -0.0011139
C  0  1   3  1  1  6   0.0012570  0.0026258  0.0014437  0.0034489  0.0042736  0.0040477  0.0051032  0.0047370  0.0045191  0.0018204  0.0005973  0.0008890  0.0006210  0.0014559  0.0013578 -0.0014458
C  0  1   3  1  1  7  -0.0013633  0.0024028  0.0021203  0.0041827  0.0046116  0.0042514  0.0056198  0.0036154  0.0037775  0.0012157  0.0006352  0.0009484  0.0016397  0.0011837  0.0017477 -0.0009665
C  0  1   3  1  1  8  -0.0003735  0.0010570  0.0026452  0.0022516  0.0053371  0.0042930  0.0050793  0.0046814  0.0054098  0.0016884  0.0009384 -0.0002377  0.0019472  0.0016554  0.0021388 -0.0006106
C  0  1   3  1  1  9   0.0000142  0.0025240  0.0021014  0.0029733  0.0034112  0.0028382  0.0027971  0.0042151  0.0024973 -0.0000673  0.0016257  0.0009590  0.0020825 -0.0003956  0.0000555 -0.0017292
C  0  1   3  1  1 10   0.0003323  0.0018186  0.0014569  0.0015599  0.0026976  0.0021515  0.0017665  0.0026441  0.0033710  0.0003859 -0.0003354  0.0000463 -0.0000752  0.0008622  0.0019324 -0.0010949
C  0  1   3  1  1 11   0.0003281  0.0021179  0.0010686  0.0022051  0.0025560  0.0004840  0.0015165  0.0019101  0.0018954  0.0016210 -0.0015152 -0.0003045 -0.0003958 -0.0005824 -0.0000850 -0.0015171
C  0  1   3  1  1 12   0.0002335  0.0011893  0.0024562  0.0037350  0.0019018  0.0000250  0.0025120  0.0026735  0.0034557  0.0015232  0.0010343  0.0009499  0.0006795  0.0001849  0.0007860 -0.0004134
C  0  1   3  1  1 13   0.0001804  0.0027504  0.0029733  0.0034055  0.0034082  0.0023993  0.0043628  0.0057632  0.0055168  0.0011849  0.0014280  0.0001689 -0.0008093 -0.0015742  0.0010445 -0.0023183
C  0  1   3  1  1 14  -0.0006906  0.0012688  0.0025826  0.0042233  0.0046255  0.0026235  0.0039356  0.0057047  0.0059708  0.0031840  0.0015457 -0.0006255 -0.0020070 -0.0016785 -0.0014867 -0.0020474
C  0  1   3  1  1 15  -0.0009120 -0.0002989  0.0029538  0.0048193  0.0029217 -0.0004507  0.0027222  0.0029196  0.0058333  0.0029033  0.0010109 -0.0001259 -0.0022159 -0.0056094 -0.0050496 -0.0051951
C  0  1   3  1  1 16  -0.0019441  0.0018511  0.0038228  0.0034446  0.0039117 -0.0001950  0.0034058  0.0043090  0.0043688  0.0052090  0.0025116  0.0025963 -0.0012322 -0.0008103 -0.0048428 -0.0055949
C  0  1   3  1  1 17  -0.0028306  0.0020384  0.0005567  0.0058784  0.0014302 -0.0003664  0.0015336  0.0034450  0.0029046  0.0040012  0.0043714  0.0026023 -0.0015866 -0.0037950 -0.0049172 -0.0050298
C  0  1   3  1  1 18   0.0002780  0.0076504  0.0050278  0.0062487  0.0048780 -0.0002354 -0.0011564  0.0002244  0.0035338  0.0053044  0.0014862  0.0005945 -0.0004239 -0.0038336 -0.0051839 -0.0037821
C  0  1   3  1  1 19   0.0024795  0.0083382  0.0123566  0.0088223  0.0059017  0.0012819 -0.0021892  0.0002063  0.0028188  0.0046879  0.0019770 -0.0011845 -0.0028960 -0.0047374 -0.0049566 -0.0019565
C  0  1   3  1  1 20   0.0006768  0.0156222  0.0178140  0.0143709  0.0066858  0.0040020 -0.0007971 -0.0004657  0.0005346  0.0069757  0.0019283 -0.0021137 -0.0063458 -0.0089339 -0.0038755 -0.0041404
C  0  1   3  1  1 21   0.0078816  0.0226210  0.0318551  0.0234385  0.0181378  0.0168306  0.0118956  0.0133823  0.0121089  0.0136241  0.0008758 -0.0044481 -0.0061143 -0.0170887 -0.0067078  0.0030671
