CPHI 16 
CETA 22 -2.40 -2.10 -1.85 -1.60 -1.40 -1.20 -1.00 -0.80 -0.60 -0.40 -0.20  0.00  0.20  0.40  0.60  0.80  1.00  1.20  1.40  1.60  1.85  2.10  2.40 
RMIN  6 
RTRK 12 
RETA 11  0.00  0.20  0.40  0.60  0.80  1.00  1.20  1.40  1.60  1.85  2.10  2.40 
T 0 1  30  0  0  0    0.0000000   0.0005879   0.0016611   0.0031116   0.0121292   0.0692674   0.2777285   0.6527850   1.0000000   1.0000000   1.0000000   1.0000000   1.0000000
T 0 1  30  0  0  1    0.0000000   0.0001248   0.0004799   0.0023218   0.0123455   0.0590125   0.2262440   0.5891030   1.0000000   1.0000000   1.0000000   1.0000000   1.0000000
T 0 1  30  0  0  2    0.0000000   0.0001371   0.0005385   0.0018271   0.0107990   0.0554489   0.2097483   0.5738044   1.0000000   1.0000000   1.0000000   1.0000000   1.0000000
T 0 1  30  0  0  3    0.0000000   0.0002005   0.0005994   0.0017348   0.0115013   0.0626043   0.2255013   0.5859264   1.0000000   1.0000000   1.0000000   1.0000000   1.0000000
T 0 1  30  0  0  4    0.0000000   0.0003785   0.0025590   0.0142613   0.0629631   0.2041500   0.4885662   0.8224371   1.0000000   1.0000000   1.0000000   1.0000000   1.0000000
T 0 1  30  0  0  5    0.0000000   0.0009473   0.0072407   0.0514031   0.2060418   0.5330915   0.8757826   0.9994136   1.0000000   1.0000000   1.0000000   1.0000000   1.0000000
T 0 1  30  0  0  6    0.0000000   0.0003147   0.0012075   0.0103069   0.0672229   0.2768520   0.6639254   0.9312547   0.9982871   0.9999988   1.0000000   1.0000000   1.0000000
T 0 1  30  0  0  7    0.0000000   0.0000479   0.0003601   0.0009094   0.0047495   0.0306186   0.1188037   0.2973185   0.5811349   0.8695236   0.9842595   0.9998308   1.0000000
T 0 1  30  0  0  8    0.0000000   0.0000000   0.0000348   0.0001146   0.0003884   0.0009396   0.0041968   0.0249296   0.1186336   0.3935225   0.7889074   0.9691950   1.0000000
T 0 1  30  0  0  9    0.0000000   0.0000074   0.0000100   0.0000217   0.0005035   0.0035364   0.0184616   0.0859655   0.3013214   0.6590506   0.9387957   0.9999416   1.0000000
T 0 1  30  0  0 10    0.0000000   0.0067873   0.0291600   0.0466188   0.0798412   0.1689737   0.3379437   0.6896295   0.9104798   0.9701465   0.9998474   1.0000000   1.0000000
T 0 1  30  1  0  0    0.0000000   0.0005148   0.0016399   0.0047460   0.0213440   0.1017716   0.3374237   0.6994022   1.0000000   1.0000000   1.0000000   1.0000000   1.0000000
T 0 1  30  1  0  1    0.0000000   0.0002633   0.0010891   0.0042307   0.0181163   0.0752157   0.2537985   0.6193956   1.0000000   1.0000000   1.0000000   1.0000000   1.0000000
T 0 1  30  1  0  2    0.0000000   0.0002194   0.0008486   0.0027728   0.0124455   0.0616642   0.2339277   0.6064318   1.0000000   1.0000000   1.0000000   1.0000000   1.0000000
T 0 1  30  1  0  3    0.0000000   0.0002283   0.0008669   0.0027852   0.0140251   0.0700545   0.2491207   0.6198491   1.0000000   1.0000000   1.0000000   1.0000000   1.0000000
T 0 1  30  1  0  4    0.0000000   0.0004356   0.0027620   0.0153929   0.0663357   0.2155446   0.5058694   0.8320271   1.0000000   1.0000000   1.0000000   1.0000000   1.0000000
T 0 1  30  1  0  5    0.0000000   0.0011873   0.0094478   0.0577925   0.2246261   0.5586818   0.8900123   0.9996500   1.0000000   1.0000000   1.0000000   1.0000000   1.0000000
T 0 1  30  1  0  6    0.0000000   0.0004626   0.0026649   0.0180020   0.0942133   0.3329130   0.7236541   0.9536823   0.9988141   0.9999984   1.0000000   1.0000000   1.0000000
T 0 1  30  1  0  7    0.0000000   0.0002246   0.0006446   0.0024765   0.0123245   0.0526267   0.1570011   0.3413836   0.6074237   0.8728054   0.9849908   0.9998878   1.0000000
T 0 1  30  1  0  8    0.0000000   0.0009562   0.0014955   0.0017998   0.0022382   0.0036136   0.0107994   0.0452511   0.1686405   0.4573475   0.8251665   0.9710661   1.0000000
T 0 1  30  1  0  9    0.0000000   0.0021003   0.0074838   0.0131257   0.0159362   0.0198461   0.0401951   0.1288935   0.3661962   0.7154288   0.9583841   0.9999941   1.0000000
T 0 1  30  1  0 10    0.0000000   0.0032254   0.0170235   0.0428863   0.0843736   0.1746921   0.3942474   0.7474223   0.9511020   0.9856143   0.9999985   1.0000000   1.0000000
R 0 1  30  0  0  0    0.0235647   0.0235647   0.0114298   0.0105583   0.0104104   0.0101901   0.0100015   0.0098255   0.0098255   0.0098255   0.0098255   0.0098255
R 0 1  30  0  0  1    0.0118116   0.0118116   0.0118116   0.0118116   0.0109541   0.0109022   0.0109274   0.0108425   0.0108425   0.0108425   0.0108425   0.0108425
R 0 1  30  0  0  2    0.0123316   0.0123316   0.0123316   0.0123316   0.0121553   0.0120300   0.0118688   0.0116810   0.0116810   0.0116810   0.0116810   0.0116810
R 0 1  30  0  0  3    0.0136176   0.0136176   0.0136176   0.0136176   0.0128085   0.0125783   0.0124017   0.0122159   0.0122159   0.0122159   0.0122159   0.0122159
R 0 1  30  0  0  4    0.0190198   0.0190198   0.0190198   0.0173645   0.0169821   0.0158763   0.0144787   0.0130662   0.0130662   0.0130662   0.0130662   0.0130662
R 0 1  30  0  0  5    0.0204480   0.0204480   0.0191759   0.0190991   0.0187865   0.0180662   0.0169532   0.0169532   0.0169532   0.0169532   0.0169532   0.0169532
R 0 1  30  0  0  6    0.0202987   0.0202987   0.0202987   0.0204688   0.0208101   0.0207413   0.0209033   0.0206061   0.0206061   0.0206061   0.0206061   0.0206061
R 0 1  30  0  0  7    0.0218580   0.0218580   0.0218580   0.0218580   0.0204002   0.0210845   0.0211118   0.0209660   0.0205472   0.0197065   0.0197065   0.0197065
R 0 1  30  0  0  8    0.0213863   0.0213863   0.0213863   0.0213863   0.0213863   0.0213863   0.0213863   0.0210036   0.0211069   0.0209002   0.0202368   0.0184602
R 0 1  30  0  0  9    0.0307590   0.0307590   0.0307590   0.0307590   0.0307590   0.0307590   0.0296352   0.0287309   0.0275184   0.0264519   0.0248864   0.0248864
R 0 1  30  0  0 10    0.0775215   0.0720085   0.0625110   0.0545717   0.0473613   0.0441326   0.0410349   0.0355091   0.0337415   0.0309106   0.0309106   0.0309106
R 0 1  30  0  1  0    0.0000000   0.0000000   0.0000000   0.0000786   0.0000817   0.0000808   0.0000722   0.0000649   0.0000649   0.0000649   0.0000649   0.0000649
R 0 1  30  0  1  1    0.0000665   0.0000665   0.0000665   0.0000665   0.0000602   0.0000675   0.0000621   0.0000571   0.0000571   0.0000571   0.0000571   0.0000571
R 0 1  30  0  1  2    0.0000386   0.0000386   0.0000386   0.0000386   0.0000711   0.0000648   0.0000594   0.0000542   0.0000542   0.0000542   0.0000542   0.0000542
R 0 1  30  0  1  3    0.0000726   0.0000726   0.0000726   0.0000726   0.0000678   0.0000549   0.0000556   0.0000476   0.0000476   0.0000476   0.0000476   0.0000476
R 0 1  30  0  1  4    0.0001246   0.0001246   0.0001246   0.0000923   0.0000937   0.0000746   0.0000554   0.0000476   0.0000476   0.0000476   0.0000476   0.0000476
R 0 1  30  0  1  5    0.0001075   0.0001075   0.0000871   0.0000699   0.0000670   0.0000593   0.0000476   0.0000476   0.0000476   0.0000476   0.0000476   0.0000476
R 0 1  30  0  1  6    0.0000639   0.0000639   0.0000639   0.0000629   0.0000569   0.0000609   0.0000537   0.0000379   0.0000379   0.0000379   0.0000379   0.0000379
R 0 1  30  0  1  7    0.0001253   0.0001253   0.0001253   0.0001253   0.0000917   0.0000616   0.0000735   0.0000742   0.0000733   0.0000543   0.0000543   0.0000543
R 0 1  30  0  1  8    0.0001200   0.0001200   0.0001200   0.0001200   0.0001200   0.0001200   0.0001200   0.0001123   0.0001101   0.0000962   0.0000846   0.0000475
R 0 1  30  0  1  9    0.0002382   0.0002382   0.0002382   0.0002382   0.0002382   0.0002382   0.0002200   0.0001926   0.0001848   0.0001507   0.0001195   0.0001195
R 0 1  30  0  1 10    0.0013077   0.0011488   0.0009047   0.0008277   0.0005871   0.0004837   0.0003905   0.0002569   0.0001886   0.0001751   0.0001751   0.0001751
R 0 1  30  0  2  0    0.0000000   0.0000000   0.0000000   0.0000000   0.0000000   0.0000000   0.0000182   0.0000057   0.0000057   0.0000057   0.0000057   0.0000057
R 0 1  30  0  2  1    0.0000000   0.0000000   0.0000000   0.0000000   0.0000000   0.0000158   0.0000088   0.0000166   0.0000166   0.0000166   0.0000166   0.0000166
R 0 1  30  0  2  2    0.0000000   0.0000000   0.0000000   0.0000000   0.0000430   0.0000116   0.0000063   0.0000155   0.0000155   0.0000155   0.0000155   0.0000155
R 0 1  30  0  2  3    0.0000000   0.0000000   0.0000000   0.0000000   0.0000000   0.0000000   0.0000060   0.0000083   0.0000083   0.0000083   0.0000083   0.0000083
R 0 1  30  0  2  4    0.0000000   0.0000000   0.0000000   0.0000000   0.0000000   0.0000205   0.0000181   0.0000091   0.0000091   0.0000091   0.0000091   0.0000091
R 0 1  30  0  2  5    0.0000000   0.0000000   0.0000000   0.0000000   0.0000000   0.0000193   0.0000000   0.0000000   0.0000000   0.0000000   0.0000000   0.0000000
R 0 1  30  0  2  6    0.0000000   0.0000000   0.0000000   0.0000000   0.0000000   0.0000000   0.0000000   0.0000000   0.0000000   0.0000000   0.0000000   0.0000000
R 0 1  30  0  2  7    0.0000000   0.0000000   0.0000000   0.0000000   0.0000932   0.0000000   0.0000000   0.0000000   0.0000112   0.0000345   0.0000345   0.0000345
R 0 1  30  0  2  8    0.0000000   0.0000000   0.0000000   0.0000000   0.0000000   0.0000000   0.0000000   0.0000000   0.0000000   0.0000170   0.0000000   0.0000000
R 0 1  30  0  2  9    0.0001489   0.0001489   0.0001489   0.0001489   0.0001489   0.0001489   0.0000000   0.0000271   0.0000000   0.0000000   0.0000000   0.0000000
R 0 1  30  0  2 10    0.0000000   0.0000000   0.0000000   0.0000000   0.0000000   0.0000894   0.0000000   0.0000673   0.0000000   0.0000000   0.0000000   0.0000000
R 0 1  30  0  3  0    1.1224579   1.1224579   1.0954697   1.0252688   0.9929429   0.9833532   0.9808781   0.9818075   0.9818075   0.9818075   0.9818075   0.9818075
R 0 1  30  0  3  1    1.0092592   1.0092592   1.0092592   1.0092592   0.9864116   0.9880468   0.9796341   0.9773806   0.9773806   0.9773806   0.9773806   0.9773806
R 0 1  30  0  3  2    1.0140730   1.0140730   1.0140730   1.0140730   0.9947758   0.9900977   0.9818454   0.9800751   0.9800751   0.9800751   0.9800751   0.9800751
R 0 1  30  0  3  3    0.9930612   0.9930612   0.9930612   0.9930612   0.9964062   0.9884794   0.9813302   0.9800552   0.9800552   0.9800552   0.9800552   0.9800552
R 0 1  30  0  3  4    1.0326326   1.0326326   1.0326326   0.9956648   0.9732689   0.9748431   0.9796455   0.9906670   0.9906670   0.9906670   0.9906670   0.9906670
R 0 1  30  0  3  5    1.0313638   1.0313638   1.0073689   0.9791628   0.9760793   0.9710815   0.9709821   0.9709821   0.9709821   0.9709821   0.9709821   0.9709821
R 0 1  30  0  3  6    0.9971118   0.9971118   0.9971118   1.0084419   0.9886378   0.9851940   0.9835339   0.9901526   0.9901526   0.9901526   0.9901526   0.9901526
R 0 1  30  0  3  7    1.0189811   1.0189811   1.0189811   1.0189811   1.0306591   1.0027649   0.9893976   0.9818827   0.9867567   0.9884350   0.9884350   0.9884350
R 0 1  30  0  3  8    1.0171943   1.0171943   1.0171943   1.0171943   1.0171943   1.0171943   1.0171943   0.9934437   0.9832052   0.9832798   0.9890734   1.0164841
R 0 1  30  0  3  9    1.0326527   1.0326527   1.0326527   1.0326527   1.0326527   1.0326527   0.9954178   0.9784310   0.9744332   0.9868712   1.0025035   1.0025035
R 0 1  30  0  3 10    1.0594124   1.0281154   1.0111917   0.9831861   0.9834150   0.9670414   0.9646379   0.9683281   1.0043499   1.0038028   1.0038028   1.0038028
R 0 1  30  0  4  0    1.4155901   1.4155901   1.3606785   2.1594822   2.1918286   2.2707622   2.2230485   2.2628340   2.2628340   2.2628340   2.2628340   2.2628340
R 0 1  30  0  4  1    1.9682784   1.9682784   1.9682784   1.9682784   2.0496115   2.2979179   2.1925766   2.1804613   2.1804613   2.1804613   2.1804613   2.1804613
R 0 1  30  0  4  2    1.9128141   1.9128141   1.9128141   1.9128141   2.2133041   2.3611123   2.2446261   2.2149608   2.2149608   2.2149608   2.2149608   2.2149608
R 0 1  30  0  4  3    1.7589474   1.7589474   1.7589474   1.7589474   2.2018049   2.2466810   2.2113527   2.2102188   2.2102188   2.2102188   2.2102188   2.2102188
R 0 1  30  0  4  4    1.9709755   1.9709755   1.9709755   2.0869488   2.0018181   2.0958607   2.2011134   2.3507973   2.3507973   2.3507973   2.3507973   2.3507973
R 0 1  30  0  4  5    1.7545173   1.7545173   2.0866789   2.1193230   2.1300730   2.0556423   1.9974378   1.9974378   1.9974378   1.9974378   1.9974378   1.9974378
R 0 1  30  0  4  6    1.8517204   1.8517204   1.8517204   2.2291628   2.3330293   2.3777913   2.3385367   2.2689438   2.2689438   2.2689438   2.2689438   2.2689438
R 0 1  30  0  4  7    1.7238153   1.7238153   1.7238153   1.7238153   2.3132782   2.4328202   2.3157418   2.2613116   2.3931866   2.3306090   2.3306090   2.3306090
R 0 1  30  0  4  8    2.2853154   2.2853154   2.2853154   2.2853154   2.2853154   2.2853154   2.2853154   2.2459594   2.2195065   2.2628216   2.3177595   2.1523816
R 0 1  30  0  4  9    2.1360230   2.1360230   2.1360230   2.1360230   2.1360230   2.1360230   2.1143147   2.0844922   2.0586730   2.2124188   2.0952930   2.0952930
R 0 1  30  0  4 10    2.0510748   2.2243933   1.9468788   1.8710924   2.0384135   1.9381459   1.9068625   1.9470567   2.1374335   2.0476091   2.0476091   2.0476091
R 0 1  30  0  5  0   13.8237340  13.8237340   8.0050997   3.1978576   4.1181453   3.7783441   4.3708639   3.9383895   3.9383895   3.9383895   3.9383895   3.9383895
R 0 1  30  0  5  1    4.0785395   4.0785395   4.0785395   4.0785395   4.3688647   3.7068181   4.4991442   4.5419914   4.5419914   4.5419914   4.5419914   4.5419914
R 0 1  30  0  5  2    3.6526293   3.6526293   3.6526293   3.6526293   4.0005809   3.5204940   4.0992248   4.4516638   4.4516638   4.4516638   4.4516638   4.4516638
R 0 1  30  0  5  3    4.7591904   4.7591904   4.7591904   4.7591904   4.3520289   4.1809218   4.4019708   4.3412803   4.3412803   4.3412803   4.3412803   4.3412803
R 0 1  30  0  5  4    4.5290529   4.5290529   4.5290529   4.6889344   6.2139739   4.8253844   4.0237883   3.1729443   3.1729443   3.1729443   3.1729443   3.1729443
R 0 1  30  0  5  5    4.4903216   4.4903216   4.8461958   4.8443311   4.8926672   5.1270909   4.1955632   4.1955632   4.1955632   4.1955632   4.1955632   4.1955632
R 0 1  30  0  5  6    3.8200052   3.8200052   3.8200052   4.2901632   3.4092592   2.8373652   2.4037657   2.0634096   2.0634096   2.0634096   2.0634096   2.0634096
R 0 1  30  0  5  7    4.2572903   4.2572903   4.2572903   4.2572903   3.5700730   2.7935628   2.9784830   3.2388247   2.5254416   2.0924925   2.0924925   2.0924925
R 0 1  30  0  5  8    3.2659537   3.2659537   3.2659537   3.2659537   3.2659537   3.2659537   3.2659537   4.4914194   4.7118021   4.2360622   3.5213145   5.1152880
R 0 1  30  0  5  9    4.0688134   4.0688134   4.0688134   4.0688134   4.0688134   4.0688134   5.5097135   5.7889662   6.5358702   5.5991052   7.4736997   7.4736997
R 0 1  30  0  5 10    6.7224154   4.3830224   4.4988939   5.8633472   4.8103955   7.2092173   9.3282070   8.2335309   5.7831558   6.2144235   6.2144235   6.2144235
F  0  1  30  0  0  0    0.9969044   1.0097004   0.9613364   0.9981773   0.9767870   1.0058407   0.9977595   0.9921628   0.9934079   0.9906614   0.9839575
F  0  1  30  1  0  0    1.0972225   1.0872063   1.0377367   1.0628014   1.0547355   1.0770717   1.0768680   1.0579933   1.0335075   1.0687544   1.0865698
C  0  1  30  0  0  0  -0.2877521 -0.1795300 -0.1011216 -0.5675773 -0.2087840 -0.1543772 -0.3017353 -0.2018051 -0.2384328 -0.1431162 -0.2767704 -0.1542490 -0.1297273 -0.3118440 -0.4278925 -0.1194880
C  0  1  30  0  0  1  -0.1438499 -0.2500836 -0.1605743 -0.1512543 -0.1633895 -0.0527440 -0.2115578 -0.1297456  0.0003112 -0.1747796 -0.0718858 -0.1064291 -0.0907852 -0.1599802 -0.1984230 -0.0154832
C  0  1  30  0  0  2  -0.0899671 -0.0582549 -0.1045080 -0.0929267 -0.0233215  0.0010510 -0.1119207 -0.0353945 -0.0371056 -0.1171685 -0.0554178 -0.0649054 -0.1820802 -0.0675166 -0.0601399 -0.0226525
C  0  1  30  0  0  3  -0.0675522 -0.0079430 -0.1011694 -0.0097918 -0.1031259 -0.1563811 -0.0894395 -0.0413513 -0.0870201  0.0394054 -0.0692884 -0.0615113 -0.2040511 -0.1048672 -0.0749219 -0.0147319
C  0  1  30  0  0  4  -0.0752679 -0.1089401 -0.1491617 -0.0896053 -0.0521067 -0.0454285 -0.0652840 -0.1007095  0.0325176 -0.0663239 -0.0656724 -0.1012451 -0.1422975 -0.0989184  0.0397794 -0.0422657
C  0  1  30  0  0  5  -0.0659499 -0.0549426 -0.1186517  0.0561161  0.0222339  0.0219342 -0.0857793 -0.0489989  0.0129778 -0.0240688 -0.0644776  0.0363866 -0.0255532 -0.0286444  0.0950310 -0.0442656
C  0  1  30  0  0  6   0.0046786  0.0623934 -0.0053206 -0.0552094  0.0028197  0.1141089 -0.0548667 -0.0802236 -0.0603289 -0.0496597 -0.0012740  0.0133681 -0.1044154 -0.0266145 -0.1005039  0.0780237
C  0  1  30  0  0  7   0.0179183 -0.0050795  0.0198627 -0.0281077  0.0041216  0.0828771  0.0906461 -0.0002589 -0.0411826 -0.0263113  0.0727418 -0.0600223  0.0525363  0.0200616 -0.0117045  0.0526366
C  0  1  30  0  0  8  -0.0113725  0.0094112  0.0447787  0.0331996 -0.0428214  0.0318006 -0.0351137  0.0008687 -0.0394045  0.0542826  0.0408264  0.0139737  0.0408802  0.0462251 -0.1084453 -0.0777482
C  0  1  30  0  0  9  -0.0199237 -0.0237267 -0.0102343  0.0487123  0.0189117  0.0761477  0.0151916  0.0529065 -0.0162620 -0.0623358  0.0511801  0.0321374  0.0118353  0.0117702 -0.1067965  0.0743417
C  0  1  30  0  0 10   0.0035800  0.0131047  0.1021191  0.0909517  0.0293616 -0.0111404  0.0079568 -0.0270675  0.0304129 -0.0877825 -0.0277792 -0.0013026 -0.0011281  0.1032586  0.0249517  0.0226390
C  0  1  30  0  0 11  -0.1243743  0.0498052 -0.0260788  0.0916569  0.0217901  0.1054260  0.0674144  0.0905923  0.0159516  0.0569643 -0.0325089 -0.0343122 -0.0593022  0.0136432  0.0027677 -0.0535239
C  0  1  30  0  0 12   0.0511410 -0.0731135 -0.0210723 -0.0151900  0.0243274  0.0469484 -0.0416778  0.0612441 -0.0198907  0.0587599  0.0505619  0.0006190 -0.0151791 -0.0342290  0.0669420  0.0063035
C  0  1  30  0  0 13  -0.0274081  0.0285926  0.0518767  0.0841070  0.0696867  0.0270676 -0.0284551  0.0068373  0.0380282  0.0859975 -0.0568300  0.0165366 -0.0064452 -0.0011465  0.0242539 -0.0797264
C  0  1  30  0  0 14   0.0589017  0.0175208 -0.0426814 -0.0428758 -0.0533492  0.0069988  0.0130075  0.0413797 -0.0005036 -0.0622970  0.1113041 -0.1138363  0.0603278 -0.0175500  0.0065720 -0.0302496
C  0  1  30  0  0 15  -0.1275279  0.0098884 -0.0063477  0.0290757  0.0287840 -0.0792078 -0.0216522  0.0528434  0.0080198 -0.0017936 -0.0828894 -0.1398916  0.0263047  0.0200261 -0.0718493  0.0139206
C  0  1  30  0  0 16   0.0824692  0.0508154 -0.0180938  0.0140478 -0.0658677 -0.1519722 -0.0014309  0.0581849 -0.0514778  0.1030226 -0.0454166 -0.0592482 -0.0790635  0.0263691 -0.1036300  0.0158903
C  0  1  30  0  0 17  -0.0662717 -0.0360640  0.0058840 -0.1652293 -0.0433567 -0.1398070 -0.0348620 -0.0412905  0.0288803 -0.1191753 -0.0351844 -0.0441128 -0.0798468 -0.1178075 -0.0564714  0.0363570
C  0  1  30  0  0 18  -0.1420544 -0.0276741 -0.0624048 -0.1033066 -0.1294388 -0.0638820 -0.0757531 -0.0172200 -0.0150058 -0.0394781 -0.1074261 -0.0889170 -0.0220434  0.0207118 -0.1596432 -0.0143196
C  0  1  30  0  0 19  -0.0075717 -0.0566980 -0.1700237 -0.0289461 -0.0437359  0.0001280 -0.1827387 -0.0312038 -0.0898305 -0.1004156 -0.0827200 -0.0716977 -0.0102336 -0.0545208 -0.0259923 -0.0357851
C  0  1  30  0  0 20  -0.2136748 -0.1796334 -0.0052213 -0.1336254 -0.2328487 -0.1020674 -0.2263069 -0.1356852 -0.1475983 -0.2070002 -0.2994501  0.0343947 -0.1035855 -0.2549755 -0.1816596 -0.1676008
C  0  1  30  0  0 21  -0.1977859 -0.2928143 -0.3087047 -0.3060396 -0.1892773 -0.1046488 -0.2778596 -0.1444716 -0.1137013 -0.0368084 -0.0942980 -0.3316678 -0.3306605 -0.5353117 -0.3691925 -0.2912133
C  0  1  30  0  1  0   0.0010210 -0.0001285 -0.0033263 -0.0023804 -0.0013162  0.0038485 -0.0026648  0.0034800  0.0048322 -0.0019667 -0.0033697  0.0069303  0.0032822  0.0050120  0.0035927  0.0066753
C  0  1  30  0  1  1  -0.0006600  0.0022720 -0.0031894 -0.0042967 -0.0002361  0.0012143  0.0051904  0.0009122  0.0009172 -0.0020737  0.0006559 -0.0040627  0.0040671  0.0027273  0.0032271  0.0022274
C  0  1  30  0  1  2   0.0019135  0.0008931 -0.0016618  0.0007785 -0.0017704  0.0009954  0.0005108  0.0018835 -0.0013222 -0.0000358 -0.0042542 -0.0017907  0.0007036 -0.0013160  0.0013282  0.0002674
C  0  1  30  0  1  3   0.0025673 -0.0019611  0.0020709 -0.0023277  0.0002612  0.0031885  0.0033267 -0.0007637 -0.0024074 -0.0020352 -0.0014576 -0.0025931  0.0019463 -0.0027296  0.0006011  0.0029196
C  0  1  30  0  1  4   0.0021984  0.0003570 -0.0009865  0.0020293  0.0025827 -0.0008960  0.0025249 -0.0006079  0.0013211  0.0031153 -0.0006679 -0.0001888  0.0037003  0.0009088  0.0005598 -0.0018649
C  0  1  30  0  1  5   0.0023545  0.0014142 -0.0024047  0.0020440  0.0001806  0.0002149 -0.0010515  0.0008328 -0.0005468  0.0026320  0.0027114 -0.0023944 -0.0010768  0.0006927  0.0018850 -0.0003864
C  0  1  30  0  1  6   0.0011620 -0.0007343 -0.0011003 -0.0002590  0.0001026 -0.0000630  0.0013143  0.0003953  0.0003438 -0.0019956  0.0011164  0.0001445 -0.0011930 -0.0016640 -0.0003737 -0.0011811
C  0  1  30  0  1  7   0.0031044 -0.0005360  0.0014095  0.0010543  0.0008446  0.0011141 -0.0001573 -0.0006644  0.0015732 -0.0012776  0.0017547 -0.0030059 -0.0007024 -0.0000161 -0.0001896 -0.0001450
C  0  1  30  0  1  8   0.0012475  0.0017181 -0.0006923 -0.0017586  0.0010578  0.0000549  0.0006586  0.0013656  0.0024990 -0.0010584  0.0013282 -0.0026088  0.0000525  0.0010031 -0.0003795  0.0011992
C  0  1  30  0  1  9  -0.0006115  0.0010619  0.0017762  0.0011334  0.0015655  0.0008144  0.0013906  0.0013684 -0.0013091 -0.0008346 -0.0029357 -0.0020672 -0.0011952  0.0004739 -0.0020413  0.0002162
C  0  1  30  0  1 10  -0.0005963  0.0004229  0.0014483  0.0010651  0.0002914 -0.0006011  0.0012943 -0.0014891 -0.0018346 -0.0032652 -0.0000230 -0.0011710 -0.0025080 -0.0018010 -0.0002112  0.0010927
C  0  1  30  0  1 11  -0.0007921  0.0013942 -0.0000165  0.0020896 -0.0002299 -0.0007633 -0.0035105 -0.0016036 -0.0028168 -0.0001592 -0.0023519 -0.0010052  0.0018356  0.0001433 -0.0006746 -0.0010090
C  0  1  30  0  1 12  -0.0004459 -0.0007371  0.0011785 -0.0000065  0.0009446 -0.0006220  0.0020877 -0.0003626 -0.0007698  0.0005177 -0.0004717  0.0016482 -0.0000976 -0.0015875 -0.0000514  0.0019300
C  0  1  30  0  1 13   0.0023771 -0.0017105  0.0003213 -0.0005219  0.0023304  0.0002846 -0.0007682  0.0012426 -0.0000774 -0.0017400 -0.0004132 -0.0021986 -0.0011768  0.0017801 -0.0014058  0.0005799
C  0  1  30  0  1 14   0.0009481 -0.0000239  0.0023116  0.0000367  0.0000628  0.0039209 -0.0011567  0.0025883 -0.0018412 -0.0002681 -0.0006280  0.0008743 -0.0007668 -0.0006617 -0.0012953  0.0010552
C  0  1  30  0  1 15   0.0019482 -0.0000923 -0.0020411 -0.0014272 -0.0005829  0.0007735  0.0011632 -0.0018552  0.0006911  0.0009335 -0.0003296  0.0014609 -0.0008395  0.0010591 -0.0002698 -0.0008343
C  0  1  30  0  1 16   0.0020936  0.0023419  0.0006036  0.0013428  0.0004291  0.0024015  0.0024947  0.0005800  0.0022342 -0.0001957  0.0013939 -0.0011155  0.0016157  0.0023139  0.0022364  0.0011747
C  0  1  30  0  1 17   0.0010246 -0.0000594  0.0013531  0.0032106  0.0014194  0.0039505  0.0035703  0.0002438 -0.0009162  0.0047701  0.0015042 -0.0010587  0.0004835 -0.0017202  0.0069396  0.0057667
C  0  1  30  0  1 18   0.0050529  0.0008701  0.0029769  0.0022030  0.0005925  0.0004115  0.0065969  0.0013376 -0.0010108  0.0003796  0.0018225  0.0022578  0.0018330  0.0009570  0.0046723  0.0068075
C  0  1  30  0  1 19   0.0019657  0.0026679  0.0024851  0.0000786  0.0000753  0.0003990  0.0017446 -0.0008760  0.0015530  0.0010572 -0.0008831  0.0008760  0.0021142  0.0005211  0.0011149  0.0045047
C  0  1  30  0  1 20   0.0052212  0.0035132  0.0060048  0.0038612  0.0018215  0.0026116  0.0016733  0.0043791  0.0025558  0.0040189  0.0001330 -0.0014611  0.0055240  0.0043758  0.0030435  0.0087505
C  0  1  30  0  1 21   0.0130785  0.0089918  0.0044895  0.0012082 -0.0038124 -0.0096362 -0.0054794 -0.0024997 -0.0054040 -0.0036899  0.0000203  0.0000969  0.0007177  0.0028669  0.0113711  0.0039067
C  0  1  30  1  0  0  -0.4396904 -0.3089248 -0.3823117 -0.3623108 -0.2704364 -0.3748829 -0.3374023 -0.3144376 -0.3401086 -0.2832637 -0.3751756 -0.5130422 -0.4565003 -0.4331371 -0.3983813 -0.4624298
C  0  1  30  1  0  1  -0.3644966 -0.3139199 -0.2843556 -0.2530390 -0.3429827 -0.2997619 -0.2820592 -0.3006128 -0.2844746 -0.2389594 -0.3609537 -0.4109618 -0.4043968 -0.4039318 -0.4070761 -0.3098823
C  0  1  30  1  0  2  -0.2729923 -0.3358439 -0.2088607 -0.2360030 -0.2837819 -0.1889552 -0.2173616 -0.2264775 -0.1975126 -0.1725635 -0.2883258 -0.3072625 -0.2967926 -0.3080163 -0.2571516 -0.3282826
C  0  1  30  1  0  3  -0.2889212 -0.3153585 -0.2944842 -0.2341367 -0.2846850 -0.1828049 -0.1823150 -0.1191551 -0.1850023 -0.2291358 -0.2230005 -0.2207996 -0.2941801 -0.3103810 -0.3213418 -0.2275064
C  0  1  30  1  0  4  -0.3003440 -0.2431675 -0.2717049 -0.2425632 -0.2740630 -0.1826123 -0.2624632 -0.2405761 -0.2250068 -0.2318690 -0.1943973 -0.2553474 -0.3439439 -0.2603351 -0.3331049 -0.2939531
C  0  1  30  1  0  5  -0.2134304 -0.2212535 -0.1971966 -0.1673920 -0.1073202 -0.1493463 -0.1589009 -0.1502535 -0.1788524 -0.1633498 -0.1538637 -0.1910693 -0.2215667 -0.1665576 -0.1717450 -0.1625673
C  0  1  30  1  0  6  -0.1732477 -0.1039362 -0.1932993 -0.2190097 -0.1525022 -0.1084544 -0.1284179 -0.1616710 -0.1577012 -0.1065039 -0.1059313 -0.1581437 -0.1199452 -0.1394729 -0.1360142 -0.1814339
C  0  1  30  1  0  7  -0.1216256 -0.1457971 -0.1615665 -0.1597859 -0.1453988 -0.1750815 -0.1772154 -0.1632922 -0.1468289 -0.1124084 -0.1062338 -0.1365087 -0.1675404 -0.1257587 -0.1811589 -0.1126081
C  0  1  30  1  0  8  -0.1807846 -0.0872145 -0.1104641 -0.1486404 -0.1203879 -0.1514052 -0.1637669 -0.1598365 -0.1739825 -0.1720024 -0.1280792 -0.1948147 -0.1265354 -0.1749066 -0.1432486 -0.1388648
C  0  1  30  1  0  9  -0.1035764 -0.1358999 -0.0720268 -0.1252128 -0.1146266 -0.1197133 -0.0988368 -0.1882181 -0.0898236 -0.1567342 -0.0696242 -0.1288278 -0.1456108 -0.1165514 -0.1323444 -0.1439060
C  0  1  30  1  0 10  -0.1178949 -0.0877789 -0.1078373 -0.1319653 -0.1477067 -0.1104466 -0.1264861 -0.1309543 -0.0752341 -0.0847305 -0.1206599 -0.0866733 -0.1361084 -0.1268809 -0.1033123 -0.0933129
C  0  1  30  1  0 11  -0.1181306 -0.0748753 -0.1253540 -0.1097337 -0.0755564 -0.0977577 -0.1238508 -0.1381626 -0.1746626 -0.0786898 -0.1097835 -0.1077691 -0.0784538 -0.1236159 -0.1035814 -0.0809117
C  0  1  30  1  0 12  -0.1301454 -0.0975167 -0.1508663 -0.0763522 -0.1363592 -0.1623053 -0.1529746 -0.1854601 -0.1466958 -0.1317032 -0.1208933 -0.0726380 -0.1060958 -0.1226894 -0.0890106 -0.1137795
C  0  1  30  1  0 13  -0.1145530 -0.1552008 -0.1394574 -0.1490278 -0.1391955 -0.1767155 -0.1654618 -0.1473804 -0.1215813 -0.1371006 -0.1762372 -0.1442535 -0.1699001 -0.1269790 -0.1388738 -0.1406795
C  0  1  30  1  0 14  -0.1369055 -0.1556452 -0.1571282 -0.1337521 -0.1580119 -0.1293485 -0.1490436 -0.2251743 -0.1717605 -0.1646417 -0.1008152 -0.1441949 -0.1276151 -0.1121191 -0.1372730 -0.1735278
C  0  1  30  1  0 15  -0.1426359 -0.2057233 -0.1376838 -0.1503080 -0.1870506 -0.1230716 -0.2100907 -0.1496106 -0.1635261 -0.1183297 -0.1246254 -0.1774762 -0.1190368 -0.0852086 -0.0790044 -0.1394159
C  0  1  30  1  0 16  -0.1388306 -0.1781142 -0.1809137 -0.1425337 -0.1606595 -0.1985111 -0.2031343 -0.2353210 -0.1595333 -0.1835267 -0.1661092 -0.1351559 -0.1157964 -0.1532190 -0.1440871 -0.1577604
C  0  1  30  1  0 17  -0.2870441 -0.2901712 -0.2069191 -0.2459044 -0.2289655 -0.2482194 -0.2726053 -0.2548332 -0.2433538 -0.2341586 -0.2483608 -0.2381768 -0.1742216 -0.2599563 -0.1756276 -0.2142773
C  0  1  30  1  0 18  -0.2182820 -0.2681450 -0.2841752 -0.2292160 -0.2931280 -0.2493110 -0.2900162 -0.2894182 -0.2245170 -0.2088555 -0.2577646 -0.2959136 -0.2495921 -0.1869435 -0.1406091 -0.2317934
C  0  1  30  1  0 19  -0.2412213 -0.2086405 -0.2730488 -0.2693076 -0.2929294 -0.2297608 -0.2590395 -0.2113273 -0.2642281 -0.2340127 -0.2088858 -0.2458789 -0.1989634 -0.2243269 -0.2834934 -0.2677535
C  0  1  30  1  0 20  -0.3001092 -0.3230633 -0.3216730 -0.3885626 -0.2970869 -0.2932181 -0.3368389 -0.3062216 -0.3597636 -0.3077672 -0.3681811 -0.2736117 -0.3324787 -0.3042279 -0.3067527 -0.3675021
C  0  1  30  1  0 21  -0.3214444 -0.3950792 -0.3713194 -0.4053183 -0.3434589 -0.2512102 -0.3988394 -0.3397632 -0.4189491 -0.3638358 -0.3217277 -0.4349016 -0.3291424 -0.4116392 -0.3789911 -0.3955676
C  0  1  30  1  1  0   0.0437495  0.0488106  0.0372379  0.0259833 -0.0013359 -0.0199722 -0.0326720 -0.0418491 -0.0459211 -0.0375644 -0.0337906 -0.0185154  0.0024675  0.0041826  0.0237824  0.0373240
C  0  1  30  1  1  1   0.0258238  0.0220497  0.0181022  0.0109427  0.0032779 -0.0078065 -0.0152275 -0.0177050 -0.0183144 -0.0148385 -0.0162714 -0.0063427  0.0042247  0.0103383  0.0120718  0.0230274
C  0  1  30  1  1  2   0.0118625  0.0142991  0.0084805  0.0060491  0.0005862 -0.0035051 -0.0082379 -0.0085977 -0.0093002 -0.0060741 -0.0042404 -0.0039649 -0.0003795  0.0038317  0.0042394  0.0106462
C  0  1  30  1  1  3   0.0071356  0.0069776  0.0025735  0.0038947  0.0014660  0.0006280 -0.0031997 -0.0016829  0.0009790  0.0003429 -0.0025033 -0.0010355  0.0013846  0.0010958  0.0016841  0.0058804
C  0  1  30  1  1  4   0.0019902  0.0036037  0.0009624  0.0009397  0.0040684  0.0023564  0.0004397  0.0020274  0.0041858  0.0030361 -0.0010104  0.0001774  0.0027202  0.0021119  0.0040429  0.0030778
C  0  1  30  1  1  5   0.0010559  0.0001501  0.0010041  0.0028331  0.0027528  0.0045031  0.0027736  0.0047110  0.0041823  0.0031096 -0.0012290 -0.0006519  0.0020124  0.0032987  0.0018396 -0.0008563
C  0  1  30  1  1  6   0.0007431  0.0016565  0.0008374  0.0030954  0.0027852  0.0026586  0.0043281  0.0041710  0.0037321  0.0008059 -0.0001715  0.0006965 -0.0004944  0.0003216 -0.0005981 -0.0005040
C  0  1  30  1  1  7  -0.0012263  0.0004465  0.0014475  0.0031099  0.0037846  0.0036132  0.0055263  0.0028420  0.0025075  0.0010423 -0.0005253 -0.0009988  0.0003380  0.0008568  0.0013481 -0.0015047
C  0  1  30  1  1  8  -0.0014187  0.0007582  0.0029245  0.0011806  0.0048538  0.0036713  0.0040823  0.0042794  0.0048227  0.0013609 -0.0001566 -0.0006395  0.0012268  0.0006426  0.0009735 -0.0013228
C  0  1  30  1  1  9   0.0004080  0.0019205  0.0013753  0.0024504  0.0023922  0.0024850  0.0036436  0.0035589  0.0023041 -0.0010839  0.0004042 -0.0002529  0.0003136 -0.0006663 -0.0003213 -0.0016886
C  0  1  30  1  1 10  -0.0003222  0.0021069  0.0014127  0.0008934  0.0013294  0.0018551  0.0016662  0.0022138  0.0028803 -0.0004520 -0.0008665 -0.0004969 -0.0006480  0.0004167  0.0010074 -0.0015235
C  0  1  30  1  1 11  -0.0006460  0.0013687  0.0011020  0.0019439  0.0024855  0.0001335  0.0003208  0.0022702  0.0015547  0.0013489 -0.0019853 -0.0006515 -0.0006575 -0.0007268  0.0000052 -0.0020757
C  0  1  30  1  1 12  -0.0006390  0.0022459  0.0021656  0.0034191  0.0016378 -0.0001142  0.0000080  0.0025035  0.0035157  0.0013249  0.0014001  0.0004218  0.0005808 -0.0006693 -0.0002594 -0.0023177
C  0  1  30  1  1 13  -0.0004433  0.0010414  0.0018934  0.0021539  0.0027749  0.0035265  0.0042236  0.0051299  0.0045967  0.0013457  0.0006800 -0.0008055 -0.0011389 -0.0027944 -0.0002311 -0.0016641
C  0  1  30  1  1 14  -0.0010006  0.0004616  0.0012735  0.0032660  0.0028168  0.0021176  0.0038417  0.0045979  0.0051783  0.0011669  0.0011245 -0.0017863 -0.0031326 -0.0025993 -0.0023465 -0.0023431
C  0  1  30  1  1 15  -0.0030336  0.0001975  0.0026101  0.0034228  0.0029553 -0.0018168  0.0027544  0.0032032  0.0053331  0.0024769  0.0016423 -0.0006696 -0.0030850 -0.0053537 -0.0059061 -0.0045201
C  0  1  30  1  1 16  -0.0018260  0.0020482  0.0032899  0.0054829  0.0028047  0.0006037  0.0031008  0.0035900  0.0033947  0.0062836  0.0029027  0.0022536 -0.0003931 -0.0016152 -0.0052548 -0.0049170
C  0  1  30  1  1 17  -0.0037835  0.0022940  0.0021061  0.0068631  0.0014252 -0.0030459  0.0001730  0.0037906  0.0035757  0.0035960  0.0042555  0.0016066 -0.0011246 -0.0040526 -0.0053027 -0.0054105
C  0  1  30  1  1 18   0.0000775  0.0064926  0.0045539  0.0059611  0.0030731 -0.0006855 -0.0026729 -0.0007676  0.0039152  0.0032572  0.0019754  0.0002583 -0.0023762 -0.0042947 -0.0069066 -0.0032540
C  0  1  30  1  1 19   0.0015210  0.0077234  0.0121818  0.0101185  0.0055549  0.0015771 -0.0039254 -0.0009278  0.0026683  0.0049507  0.0023193  0.0001807 -0.0037557 -0.0050981 -0.0051644 -0.0024669
C  0  1  30  1  1 20   0.0016477  0.0140931  0.0176383  0.0137329  0.0058383  0.0030856 -0.0026103 -0.0022666  0.0009565  0.0065523  0.0028036 -0.0035404 -0.0069808 -0.0074569 -0.0067645 -0.0036060
C  0  1  30  1  1 21   0.0089515  0.0214297  0.0311939  0.0202599  0.0143557  0.0127170  0.0099214  0.0109152  0.0118803  0.0135128  0.0012286 -0.0034386 -0.0113186 -0.0177613 -0.0075503 -0.0011225
