CPHI 16 
CETA 22 -2.40 -2.10 -1.85 -1.60 -1.40 -1.20 -1.00 -0.80 -0.60 -0.40 -0.20  0.00  0.20  0.40  0.60  0.80  1.00  1.20  1.40  1.60  1.85  2.10  2.40 
RMIN  6 
RTRK 12 
RETA 11  0.00  0.20  0.40  0.60  0.80  1.00  1.20  1.40  1.60  1.85  2.10  2.40 
T 0 1  31  0  0  0    0.0000000   0.0005602   0.0016296   0.0032000   0.0123651   0.0693852   0.2783313   0.6534206   1.0000000   1.0000000   1.0000000   1.0000000   1.0000000
T 0 1  31  0  0  1    0.0000000   0.0001497   0.0005046   0.0023898   0.0124311   0.0590615   0.2262658   0.5889986   1.0000000   1.0000000   1.0000000   1.0000000   1.0000000
T 0 1  31  0  0  2    0.0000000   0.0001430   0.0005484   0.0017730   0.0105347   0.0553412   0.2096477   0.5737531   1.0000000   1.0000000   1.0000000   1.0000000   1.0000000
T 0 1  31  0  0  3    0.0000000   0.0002112   0.0005811   0.0017389   0.0117598   0.0631638   0.2267181   0.5868933   1.0000000   1.0000000   1.0000000   1.0000000   1.0000000
T 0 1  31  0  0  4    0.0000000   0.0003673   0.0025684   0.0143329   0.0632113   0.2044520   0.4893925   0.8225000   1.0000000   1.0000000   1.0000000   1.0000000   1.0000000
T 0 1  31  0  0  5    0.0000000   0.0009577   0.0072716   0.0508941   0.2050786   0.5323987   0.8764466   0.9994078   1.0000000   1.0000000   1.0000000   1.0000000   1.0000000
T 0 1  31  0  0  6    0.0000000   0.0002550   0.0011744   0.0102139   0.0670873   0.2769760   0.6629328   0.9314571   0.9982830   0.9999988   1.0000000   1.0000000   1.0000000
T 0 1  31  0  0  7    0.0000000   0.0000545   0.0004109   0.0009267   0.0048041   0.0307110   0.1186204   0.2971778   0.5816510   0.8696324   0.9843045   0.9998656   1.0000000
T 0 1  31  0  0  8    0.0000000   0.0000019   0.0000426   0.0001349   0.0003736   0.0009712   0.0042426   0.0251889   0.1195909   0.3935327   0.7889518   0.9692604   1.0000000
T 0 1  31  0  0  9    0.0000000   0.0000052   0.0000065   0.0000319   0.0005374   0.0034987   0.0182624   0.0858949   0.3024971   0.6594811   0.9391212   0.9999425   1.0000000
T 0 1  31  0  0 10    0.0000000   0.0068158   0.0289561   0.0461935   0.0793276   0.1689216   0.3383015   0.6899110   0.9109766   0.9702234   0.9998075   1.0000000   1.0000000
T 0 1  31  1  0  0    0.0000000   0.0005148   0.0016399   0.0047460   0.0213440   0.1017716   0.3374237   0.6994022   1.0000000   1.0000000   1.0000000   1.0000000   1.0000000
T 0 1  31  1  0  1    0.0000000   0.0002633   0.0010891   0.0042307   0.0181163   0.0752157   0.2537985   0.6193956   1.0000000   1.0000000   1.0000000   1.0000000   1.0000000
T 0 1  31  1  0  2    0.0000000   0.0002194   0.0008486   0.0027728   0.0124455   0.0616642   0.2339277   0.6064318   1.0000000   1.0000000   1.0000000   1.0000000   1.0000000
T 0 1  31  1  0  3    0.0000000   0.0002283   0.0008669   0.0027852   0.0140251   0.0700545   0.2491207   0.6198491   1.0000000   1.0000000   1.0000000   1.0000000   1.0000000
T 0 1  31  1  0  4    0.0000000   0.0004356   0.0027620   0.0153929   0.0663357   0.2155446   0.5058694   0.8320271   1.0000000   1.0000000   1.0000000   1.0000000   1.0000000
T 0 1  31  1  0  5    0.0000000   0.0011873   0.0094478   0.0577925   0.2246261   0.5586818   0.8900123   0.9996500   1.0000000   1.0000000   1.0000000   1.0000000   1.0000000
T 0 1  31  1  0  6    0.0000000   0.0004626   0.0026649   0.0180020   0.0942133   0.3329130   0.7236541   0.9536823   0.9988141   0.9999984   1.0000000   1.0000000   1.0000000
T 0 1  31  1  0  7    0.0000000   0.0002246   0.0006446   0.0024765   0.0123245   0.0526267   0.1570011   0.3413836   0.6074237   0.8728054   0.9849908   0.9998878   1.0000000
T 0 1  31  1  0  8    0.0000000   0.0009562   0.0014955   0.0017998   0.0022382   0.0036136   0.0107994   0.0452511   0.1686405   0.4573475   0.8251665   0.9710661   1.0000000
T 0 1  31  1  0  9    0.0000000   0.0021003   0.0074838   0.0131257   0.0159362   0.0198461   0.0401951   0.1288935   0.3661962   0.7154288   0.9583841   0.9999941   1.0000000
T 0 1  31  1  0 10    0.0000000   0.0032254   0.0170235   0.0428863   0.0843736   0.1746921   0.3942474   0.7474223   0.9511020   0.9856143   0.9999985   1.0000000   1.0000000
R 0 1  31  0  0  0    0.0249295   0.0249295   0.0107567   0.0106023   0.0104010   0.0101844   0.0100324   0.0098396   0.0098396   0.0098396   0.0098396   0.0098396
R 0 1  31  0  0  1    0.0118067   0.0118067   0.0118067   0.0118067   0.0110589   0.0109211   0.0109769   0.0108390   0.0108390   0.0108390   0.0108390   0.0108390
R 0 1  31  0  0  2    0.0125417   0.0125417   0.0125417   0.0125417   0.0121964   0.0120387   0.0118467   0.0117076   0.0117076   0.0117076   0.0117076   0.0117076
R 0 1  31  0  0  3    0.0134655   0.0134655   0.0134655   0.0134655   0.0128324   0.0125648   0.0124113   0.0122206   0.0122206   0.0122206   0.0122206   0.0122206
R 0 1  31  0  0  4    0.0188336   0.0188336   0.0188336   0.0173704   0.0169285   0.0158110   0.0145213   0.0130727   0.0130727   0.0130727   0.0130727   0.0130727
R 0 1  31  0  0  5    0.0204621   0.0204621   0.0193271   0.0191681   0.0187539   0.0180565   0.0169590   0.0169590   0.0169590   0.0169590   0.0169590   0.0169590
R 0 1  31  0  0  6    0.0205248   0.0205248   0.0205248   0.0203455   0.0208070   0.0207447   0.0208123   0.0206855   0.0206855   0.0206855   0.0206855   0.0206855
R 0 1  31  0  0  7    0.0214487   0.0214487   0.0214487   0.0214487   0.0206106   0.0211338   0.0211265   0.0210150   0.0205508   0.0197588   0.0197588   0.0197588
R 0 1  31  0  0  8    0.0208754   0.0208754   0.0208754   0.0208754   0.0208754   0.0208754   0.0208754   0.0211589   0.0209870   0.0209260   0.0201901   0.0186756
R 0 1  31  0  0  9    0.0305978   0.0305978   0.0305978   0.0305978   0.0305978   0.0305978   0.0298666   0.0288143   0.0274740   0.0264555   0.0249835   0.0249835
R 0 1  31  0  0 10    0.0783319   0.0724160   0.0615066   0.0536537   0.0471594   0.0442628   0.0407689   0.0356970   0.0337153   0.0304739   0.0304739   0.0304739
R 0 1  31  0  1  0    0.0000000   0.0000000   0.0000000   0.0000836   0.0000841   0.0000822   0.0000730   0.0000626   0.0000626   0.0000626   0.0000626   0.0000626
R 0 1  31  0  1  1    0.0000933   0.0000933   0.0000933   0.0000933   0.0000702   0.0000700   0.0000620   0.0000573   0.0000573   0.0000573   0.0000573   0.0000573
R 0 1  31  0  1  2    0.0000559   0.0000559   0.0000559   0.0000559   0.0000659   0.0000672   0.0000590   0.0000539   0.0000539   0.0000539   0.0000539   0.0000539
R 0 1  31  0  1  3    0.0000897   0.0000897   0.0000897   0.0000897   0.0000675   0.0000602   0.0000576   0.0000515   0.0000515   0.0000515   0.0000515   0.0000515
R 0 1  31  0  1  4    0.0001320   0.0001320   0.0001320   0.0000851   0.0000891   0.0000723   0.0000562   0.0000428   0.0000428   0.0000428   0.0000428   0.0000428
R 0 1  31  0  1  5    0.0001589   0.0001589   0.0000808   0.0000746   0.0000734   0.0000578   0.0000452   0.0000452   0.0000452   0.0000452   0.0000452   0.0000452
R 0 1  31  0  1  6    0.0000784   0.0000784   0.0000784   0.0000355   0.0000603   0.0000583   0.0000534   0.0000269   0.0000269   0.0000269   0.0000269   0.0000269
R 0 1  31  0  1  7    0.0000153   0.0000153   0.0000153   0.0000153   0.0000613   0.0000794   0.0000649   0.0000716   0.0000735   0.0000666   0.0000666   0.0000666
R 0 1  31  0  1  8    0.0000871   0.0000871   0.0000871   0.0000871   0.0000871   0.0000871   0.0000871   0.0001147   0.0000989   0.0000990   0.0000828   0.0000442
R 0 1  31  0  1  9    0.0002134   0.0002134   0.0002134   0.0002134   0.0002134   0.0002134   0.0002221   0.0001962   0.0001749   0.0001525   0.0001301   0.0001301
R 0 1  31  0  1 10    0.0013470   0.0012035   0.0009279   0.0007376   0.0005813   0.0004937   0.0003927   0.0002747   0.0001976   0.0001305   0.0001305   0.0001305
R 0 1  31  0  2  0    0.0000000   0.0000000   0.0000000   0.0000000   0.0000000   0.0000137   0.0000130   0.0000040   0.0000040   0.0000040   0.0000040   0.0000040
R 0 1  31  0  2  1    0.0000000   0.0000000   0.0000000   0.0000000   0.0000000   0.0000000   0.0000115   0.0000224   0.0000224   0.0000224   0.0000224   0.0000224
R 0 1  31  0  2  2    0.0000000   0.0000000   0.0000000   0.0000000   0.0000284   0.0000194   0.0000114   0.0000109   0.0000109   0.0000109   0.0000109   0.0000109
R 0 1  31  0  2  3    0.0000000   0.0000000   0.0000000   0.0000000   0.0000000   0.0000000   0.0000098   0.0000107   0.0000107   0.0000107   0.0000107   0.0000107
R 0 1  31  0  2  4    0.0000000   0.0000000   0.0000000   0.0000000   0.0000000   0.0000112   0.0000193   0.0000000   0.0000000   0.0000000   0.0000000   0.0000000
R 0 1  31  0  2  5    0.0000000   0.0000000   0.0000000   0.0000000   0.0000000   0.0000169   0.0000000   0.0000000   0.0000000   0.0000000   0.0000000   0.0000000
R 0 1  31  0  2  6    0.0000000   0.0000000   0.0000000   0.0000000   0.0000000   0.0000000   0.0000000   0.0000000   0.0000000   0.0000000   0.0000000   0.0000000
R 0 1  31  0  2  7    0.0000000   0.0000000   0.0000000   0.0000000   0.0000000   0.0000000   0.0000000   0.0000000   0.0000000   0.0000000   0.0000000   0.0000000
R 0 1  31  0  2  8    0.0000000   0.0000000   0.0000000   0.0000000   0.0000000   0.0000000   0.0000000   0.0000000   0.0000102   0.0000095   0.0000142   0.0000000
R 0 1  31  0  2  9    0.0000000   0.0000000   0.0000000   0.0000000   0.0000000   0.0000000   0.0000000   0.0000242   0.0000000   0.0000253   0.0000000   0.0000000
R 0 1  31  0  2 10    0.0000000   0.0000000   0.0000000   0.0000000   0.0000000   0.0000000   0.0001448   0.0000764   0.0000000   0.0000000   0.0000000   0.0000000
R 0 1  31  0  3  0    1.1060049   1.1060049   1.1724625   1.0298036   0.9931569   0.9842491   0.9832614   0.9832650   0.9832650   0.9832650   0.9832650   0.9832650
R 0 1  31  0  3  1    1.0306072   1.0306072   1.0306072   1.0306072   0.9884621   0.9831982   0.9798070   0.9781909   0.9781909   0.9781909   0.9781909   0.9781909
R 0 1  31  0  3  2    1.0163049   1.0163049   1.0163049   1.0163049   0.9903382   0.9863849   0.9807680   0.9820585   0.9820585   0.9820585   0.9820585   0.9820585
R 0 1  31  0  3  3    1.0079401   1.0079401   1.0079401   1.0079401   1.0004742   0.9868827   0.9832363   0.9787985   0.9787985   0.9787985   0.9787985   0.9787985
R 0 1  31  0  3  4    1.0137191   1.0137191   1.0137191   0.9878759   0.9767238   0.9729210   0.9797890   0.9896167   0.9896167   0.9896167   0.9896167   0.9896167
R 0 1  31  0  3  5    1.0235464   1.0235464   0.9965975   0.9830900   0.9744546   0.9740747   0.9717941   0.9717941   0.9717941   0.9717941   0.9717941   0.9717941
R 0 1  31  0  3  6    1.0213439   1.0213439   1.0213439   1.0000357   0.9773832   0.9869341   0.9844509   0.9841455   0.9841455   0.9841455   0.9841455   0.9841455
R 0 1  31  0  3  7    1.0565614   1.0565614   1.0565614   1.0565614   1.0324919   1.0013502   0.9899768   0.9845904   0.9868824   0.9877646   0.9877646   0.9877646
R 0 1  31  0  3  8    1.0238028   1.0238028   1.0238028   1.0238028   1.0238028   1.0238028   1.0238028   0.9918812   0.9826804   0.9845112   0.9856270   1.0148184
R 0 1  31  0  3  9    1.0256523   1.0256523   1.0256523   1.0256523   1.0256523   1.0256523   0.9922359   0.9747274   0.9729183   0.9857408   0.9997613   0.9997613
R 0 1  31  0  3 10    1.0438923   1.0332345   1.0447865   0.9890034   0.9761455   0.9669645   0.9701721   0.9672725   0.9981603   1.0133486   1.0133486   1.0133486
R 0 1  31  0  4  0    1.6914056   1.6914056   1.4588194   2.1737626   2.2444832   2.2417406   2.2841000   2.2980915   2.2980915   2.2980915   2.2980915   2.2980915
R 0 1  31  0  4  1    1.9140858   1.9140858   1.9140858   1.9140858   2.1079191   2.1937845   2.2245187   2.2007157   2.2007157   2.2007157   2.2007157   2.2007157
R 0 1  31  0  4  2    1.9262214   1.9262214   1.9262214   1.9262214   2.1213275   2.2856088   2.2243315   2.2533655   2.2533655   2.2533655   2.2533655   2.2533655
R 0 1  31  0  4  3    1.7891655   1.7891655   1.7891655   1.7891655   2.2314781   2.2614333   2.2667044   2.1912274   2.1912274   2.1912274   2.1912274   2.1912274
R 0 1  31  0  4  4    1.8621494   1.8621494   1.8621494   2.0674691   2.0439620   2.0810946   2.2337509   2.3250352   2.3250352   2.3250352   2.3250352   2.3250352
R 0 1  31  0  4  5    1.7371102   1.7371102   2.0038262   2.1426695   2.0699597   2.1031548   2.0133183   2.0133183   2.0133183   2.0133183   2.0133183   2.0133183
R 0 1  31  0  4  6    1.9788330   1.9788330   1.9788330   2.2001998   2.0897129   2.0835320   2.3596880   2.2778924   2.2778924   2.2778924   2.2778924   2.2778924
R 0 1  31  0  4  7    1.8614728   1.8614728   1.8614728   1.8614728   2.2864247   2.3722299   2.3468446   2.3278456   2.3687119   2.3704064   2.3704064   2.3704064
R 0 1  31  0  4  8    2.2721528   2.2721528   2.2721528   2.2721528   2.2721528   2.2721528   2.2721528   2.2315337   2.2016415   2.2804720   2.2663180   2.1954888
R 0 1  31  0  4  9    2.0545496   2.0545496   2.0545496   2.0545496   2.0545496   2.0545496   2.0853752   2.0637068   2.0491888   2.2329855   2.1544119   2.1544119
R 0 1  31  0  4 10    2.0134090   2.2341495   2.1312638   1.8119380   1.9417429   1.9321635   1.9824518   1.9260855   2.0543290   2.0287434   2.0287434   2.0287434
R 0 1  31  0  5  0    6.8115275   6.8115275   6.4198994   3.0208190   3.7003327   3.9733600   3.9240498   3.6966142   3.6966142   3.6966142   3.6966142   3.6966142
R 0 1  31  0  5  1    4.5682084   4.5682084   4.5682084   4.5682084   4.6298223   4.2803156   4.2226572   4.3707603   4.3707603   4.3707603   4.3707603   4.3707603
R 0 1  31  0  5  2    3.7345976   3.7345976   3.7345976   3.7345976   4.7208654   3.8494313   4.1845278   4.1336270   4.1336270   4.1336270   4.1336270   4.1336270
R 0 1  31  0  5  3    4.9480515   4.9480515   4.9480515   4.9480515   3.8746530   3.9366455   4.1128333   4.5754284   4.5754284   4.5754284   4.5754284   4.5754284
R 0 1  31  0  5  4    4.9388349   4.9388349   4.9388349   4.4475741   5.8222602   4.9478462   3.8220620   3.3588090   3.3588090   3.3588090   3.3588090   3.3588090
R 0 1  31  0  5  5    4.5201016   4.5201016   5.4727601   4.7396376   5.4430808   4.5664702   4.0925230   4.0925230   4.0925230   4.0925230   4.0925230   4.0925230
R 0 1  31  0  5  6    3.4230646   3.4230646   3.4230646   3.9639870   5.7710472   4.8447125   2.3146128   2.0255791   2.0255791   2.0255791   2.0255791   2.0255791
R 0 1  31  0  5  7    3.6760094   3.6760094   3.6760094   3.6760094   3.6297004   2.9597621   2.8121047   2.9207389   2.6652483   2.0036862   2.0036862   2.0036862
R 0 1  31  0  5  8    3.6370365   3.6370365   3.6370365   3.6370365   3.6370365   3.6370365   3.6370365   4.4056649   4.8453887   4.2410711   3.6335294   4.4522953
R 0 1  31  0  5  9    4.6766680   4.6766680   4.6766680   4.6766680   4.6766680   4.6766680   5.7684067   5.8275625   6.3437824   5.0626013   6.4938054   6.4938054
R 0 1  31  0  5 10    4.6649889   3.9170631   3.6693990   6.8511692   5.8441554   7.0695685   7.4537035   9.0933625   6.8131092   6.6610033   6.6610033   6.6610033
F  0  1  31  0  0  0    1.0273588   1.0244906   0.9918091   0.9975456   0.9702062   0.9911429   1.0019271   0.9894036   0.9841802   0.9783951   0.9843891
F  0  1  31  1  0  0    1.0767413   1.0523137   1.0828542   1.0632660   1.0415547   1.0699278   1.0835416   1.0571457   1.0403735   1.0616970   1.0844964
C  0  1  31  0  0  0  -0.3034374  0.0011374 -0.1907564 -0.3861951 -0.3122770 -0.1890200 -0.1753982 -0.1182768 -0.2529779 -0.2381126 -0.2493382 -0.1379292 -0.2479514 -0.2546497 -0.3429445 -0.0235182
C  0  1  31  0  0  1  -0.1569121 -0.1937815 -0.0774347 -0.0672254 -0.1220780 -0.1288714 -0.0954774 -0.1427777 -0.0672816 -0.0750595 -0.0489788 -0.1177558 -0.1243299 -0.1861060 -0.2960228 -0.0852949
C  0  1  31  0  0  2  -0.1993382 -0.1340455 -0.0873386 -0.0355390  0.0284798 -0.0959383 -0.0420254 -0.0528117  0.0642804 -0.0555624 -0.0659154 -0.0219689 -0.0063532 -0.0035165 -0.0022201 -0.0602545
C  0  1  31  0  0  3  -0.0338160 -0.0596345 -0.1154442 -0.0666902 -0.0345225 -0.1653047 -0.1115116 -0.0214442 -0.0455800 -0.0343666 -0.1337755 -0.1191623 -0.1991839 -0.1066930 -0.1347687 -0.0809680
C  0  1  31  0  0  4  -0.0845982 -0.0677856 -0.0993852 -0.0348276 -0.1279923 -0.1133769 -0.0492196  0.0082500 -0.0336281 -0.0006629 -0.0548993  0.0055636 -0.1232269 -0.0939211 -0.0093374 -0.1329792
C  0  1  31  0  0  5  -0.0404925 -0.0864180 -0.0580657  0.0855618  0.0145345 -0.1407709 -0.0555378  0.0357185  0.0958960  0.0115522  0.0608878 -0.0342310 -0.1539928  0.0442602  0.0898192 -0.1167470
C  0  1  31  0  0  6  -0.0300746 -0.0458151  0.0316501 -0.0260044 -0.0492998  0.0931917 -0.0815545 -0.1143559  0.0319608 -0.0651228  0.0075717  0.0442846 -0.0319021 -0.0609369  0.0022005  0.0583324
C  0  1  31  0  0  7  -0.0664939  0.0347793  0.0518653 -0.0020202 -0.0193607  0.0767835  0.0739399  0.0702779 -0.0399819 -0.0247887  0.0818943 -0.0638285 -0.0550239 -0.0094757 -0.0376517 -0.0008861
C  0  1  31  0  0  8  -0.0373534 -0.0033144  0.0401581  0.0437486 -0.0350257 -0.0175722  0.0247766 -0.0339402  0.0253215  0.0007484 -0.1144375 -0.0083271  0.0065636 -0.0037265 -0.0117214 -0.0284032
C  0  1  31  0  0  9  -0.0428174  0.0216823 -0.0614132  0.0600310  0.0992884 -0.0083935  0.0272973  0.0423536 -0.0162911  0.0690202  0.0428900  0.0595066  0.0450899  0.0211601 -0.0798052  0.0753711
C  0  1  31  0  0 10   0.0027390  0.0713549 -0.0079296 -0.0221263  0.0539472 -0.0584214 -0.0363707 -0.0692526 -0.0129042 -0.0311095  0.0191123  0.0336941  0.0174363  0.0630651  0.0184253  0.0214186
C  0  1  31  0  0 11  -0.0818987 -0.0171384 -0.0976505  0.0241466 -0.0385873  0.0716390  0.0827783  0.0805161  0.0454641 -0.0066756 -0.0022793 -0.0327046  0.0072889  0.0116138  0.0119118 -0.0001565
C  0  1  31  0  0 12   0.0440544 -0.0254657 -0.0770314  0.0352449  0.0033747  0.0365098  0.0008116  0.0192634  0.0261618  0.0375164  0.0208372  0.0447413 -0.0556479 -0.0181248 -0.0179501 -0.0257268
C  0  1  31  0  0 13  -0.0229184 -0.0207090  0.0384147  0.0621651  0.0359260 -0.0389274  0.0090291 -0.0023276  0.0613719  0.0548107 -0.0132461  0.0382494 -0.0362364  0.0367669 -0.0365248 -0.0363209
C  0  1  31  0  0 14  -0.0167631 -0.0334262  0.0520594  0.0540259 -0.0272645  0.0162120  0.0398001 -0.0252020  0.0260523  0.0406441  0.0599118 -0.0569464  0.0063991  0.0036323  0.0511676 -0.0479126
C  0  1  31  0  0 15  -0.1560888 -0.0211218  0.0148331  0.0586876  0.1046748 -0.0656749  0.0749271  0.0778217 -0.0124834  0.0319304  0.0370124 -0.1271096  0.0033992 -0.0189793 -0.0572282  0.0818483
C  0  1  31  0  0 16   0.0678797 -0.0366336 -0.0316781  0.0111530 -0.0694675 -0.1301449 -0.0331112  0.0722737 -0.0691589  0.0858729  0.0382121 -0.0583376 -0.1455721  0.0062344 -0.1178873 -0.0953868
C  0  1  31  0  0 17  -0.1202447 -0.1302455 -0.1678760 -0.1144487 -0.1292957 -0.0624663 -0.0784310  0.0175341 -0.0671875 -0.1031849  0.0125466  0.0152818 -0.1124804 -0.1128084 -0.0970029  0.0559459
C  0  1  31  0  0 18  -0.1879070  0.0030816 -0.0465480 -0.0074846 -0.1705276 -0.0372502 -0.0231630 -0.0977628 -0.0897835  0.0636284 -0.0968137 -0.0674845  0.0204305  0.0712486 -0.1403846 -0.0647862
C  0  1  31  0  0 19  -0.0218104 -0.0608074 -0.1350575 -0.0316913 -0.0387267 -0.0795516 -0.1486554 -0.0799080 -0.0599755 -0.0231671 -0.1028491 -0.1076651 -0.0103533 -0.0472733 -0.0569376 -0.1104168
C  0  1  31  0  0 20  -0.0673280 -0.0197477 -0.0366514 -0.0166242 -0.1608468 -0.1526589 -0.2993703 -0.0862464 -0.1810368 -0.2719039 -0.1428056  0.0250780  0.0118745 -0.2477231 -0.1405628 -0.1496082
C  0  1  31  0  0 21  -0.3231951 -0.2346576 -0.2768049 -0.1559545 -0.2711657 -0.2160272 -0.1874197 -0.0165763 -0.2355436  0.1167605 -0.3016155 -0.2817951 -0.3782609 -0.3526299 -0.4084963 -0.4079777
C  0  1  31  0  1  0  -0.0017447 -0.0005214 -0.0022963 -0.0013503 -0.0028996  0.0012189  0.0012880 -0.0019167 -0.0023422 -0.0028184 -0.0033205  0.0021204  0.0076580  0.0012223  0.0078258  0.0063808
C  0  1  31  0  1  1  -0.0009084  0.0009857 -0.0010473 -0.0012040 -0.0017592 -0.0043461  0.0038802  0.0009264  0.0015582 -0.0014027  0.0003140 -0.0012539  0.0032595  0.0046364  0.0034371  0.0019991
C  0  1  31  0  1  2   0.0041420 -0.0013556  0.0008011  0.0002537 -0.0015911  0.0000274 -0.0003260  0.0009400 -0.0016951  0.0026582 -0.0012387 -0.0027206  0.0024584 -0.0019510 -0.0004491  0.0004128
C  0  1  31  0  1  3   0.0029755 -0.0002165 -0.0002467 -0.0001911  0.0027048  0.0039959  0.0046516 -0.0007438 -0.0070172 -0.0015732 -0.0020049 -0.0022288  0.0010229 -0.0010637 -0.0005748  0.0029652
C  0  1  31  0  1  4   0.0013789 -0.0005483  0.0012768  0.0022971  0.0017107  0.0029481  0.0004326 -0.0012617 -0.0004621  0.0025732 -0.0005477  0.0010999  0.0027739 -0.0007316 -0.0005412 -0.0012559
C  0  1  31  0  1  5   0.0013865  0.0000661 -0.0001186  0.0010045  0.0002475 -0.0015242 -0.0017275  0.0020395 -0.0013746  0.0000443  0.0020733  0.0000144  0.0011304 -0.0012374 -0.0006221  0.0008462
C  0  1  31  0  1  6   0.0039870  0.0009247 -0.0007852  0.0013784  0.0008271  0.0004930 -0.0014175 -0.0004316  0.0000991 -0.0015672 -0.0004527 -0.0004174 -0.0016222 -0.0017479  0.0014553  0.0000951
C  0  1  31  0  1  7   0.0016370  0.0016040  0.0020655  0.0013516  0.0020496  0.0011377 -0.0012563 -0.0008138  0.0011729 -0.0005250  0.0017106 -0.0016348 -0.0020508  0.0001173  0.0014574 -0.0009930
C  0  1  31  0  1  8   0.0026703  0.0008880 -0.0001996 -0.0003953  0.0027421  0.0010962  0.0014560  0.0005477  0.0024449 -0.0001479  0.0002788 -0.0004289  0.0005908  0.0012421 -0.0022167  0.0003987
C  0  1  31  0  1  9  -0.0020349 -0.0007860  0.0017008 -0.0007741  0.0019172  0.0001176  0.0005405  0.0010972 -0.0001276 -0.0010627 -0.0028082 -0.0009396 -0.0024372 -0.0002630  0.0001207  0.0005153
C  0  1  31  0  1 10   0.0006471  0.0006226  0.0015392  0.0005614  0.0030709 -0.0022567 -0.0006763  0.0006113 -0.0025020 -0.0030690 -0.0006702 -0.0017501 -0.0002435 -0.0020368 -0.0006566  0.0008794
C  0  1  31  0  1 11  -0.0012230  0.0000868  0.0005686  0.0008641 -0.0006295  0.0004086 -0.0021608 -0.0012681 -0.0035841  0.0005765 -0.0005034 -0.0014955 -0.0002528 -0.0005391 -0.0011121  0.0001681
C  0  1  31  0  1 12   0.0012160  0.0008209 -0.0003481 -0.0012385  0.0012097 -0.0012358  0.0001625 -0.0014242  0.0000743  0.0002861 -0.0000678  0.0022795 -0.0003375  0.0005319  0.0010046  0.0009852
C  0  1  31  0  1 13   0.0036651 -0.0033111  0.0003343  0.0018957  0.0021719  0.0015575 -0.0009092  0.0007910  0.0007682 -0.0012340 -0.0023801 -0.0027218 -0.0002800  0.0016650  0.0008764  0.0012886
C  0  1  31  0  1 14   0.0026795  0.0014497  0.0030240  0.0022743  0.0011748  0.0018369 -0.0007972  0.0007424  0.0008604  0.0008074 -0.0000825 -0.0000457  0.0001594  0.0014916  0.0011564  0.0038558
C  0  1  31  0  1 15   0.0025013  0.0008968 -0.0000852  0.0021940  0.0010162  0.0015516  0.0008602 -0.0006981  0.0019796 -0.0010701 -0.0001573  0.0030768 -0.0004034  0.0012949  0.0020740  0.0016657
C  0  1  31  0  1 16   0.0023974  0.0032082 -0.0000610  0.0011017  0.0008886  0.0012502  0.0000152  0.0002171 -0.0003988  0.0003816  0.0045091  0.0003392  0.0006332 -0.0002533  0.0018063  0.0014254
C  0  1  31  0  1 17   0.0017474 -0.0028038  0.0006691  0.0025296  0.0016706  0.0035795  0.0037960  0.0021495  0.0002037  0.0026860  0.0029992 -0.0007610  0.0020679 -0.0002869  0.0048334  0.0046389
C  0  1  31  0  1 18   0.0034935  0.0057389  0.0040605  0.0014860  0.0011048  0.0057649  0.0061054 -0.0004697 -0.0006512  0.0013530  0.0049514  0.0007134 -0.0015894  0.0001435  0.0056612  0.0058537
C  0  1  31  0  1 19   0.0020832  0.0035157  0.0011769  0.0033978  0.0019038  0.0019966  0.0026888  0.0024625  0.0021371  0.0037665  0.0019258  0.0002814  0.0023149  0.0028367  0.0045566  0.0044712
C  0  1  31  0  1 20   0.0086089  0.0070123  0.0042943  0.0039722  0.0018304  0.0049519  0.0032665  0.0032449  0.0023212  0.0047572  0.0011720 -0.0014168  0.0003313  0.0070620  0.0066646  0.0066561
C  0  1  31  0  1 21   0.0147487  0.0117491  0.0059194  0.0022838 -0.0063137 -0.0043335 -0.0071399 -0.0007534 -0.0026654 -0.0018013 -0.0019957  0.0032861  0.0005341  0.0032501  0.0096474  0.0003037
C  0  1  31  1  0  0  -0.4090136 -0.3768115 -0.3518653 -0.4089421 -0.2631595 -0.4142696 -0.3193908 -0.3178149 -0.3187056 -0.2912284 -0.4334366 -0.3645918 -0.4641200 -0.4902761 -0.4389164 -0.4619771
C  0  1  31  1  0  1  -0.3002355 -0.3292813 -0.3068557 -0.3358533 -0.3201158 -0.2321796 -0.2923046 -0.2597754 -0.3153014 -0.1914999 -0.2802579 -0.2666845 -0.3310650 -0.3530091 -0.4025455 -0.3319095
C  0  1  31  1  0  2  -0.2764245 -0.3212131 -0.2530746 -0.3133794 -0.3121916 -0.2415581 -0.2603627 -0.2587554 -0.1757543 -0.2136605 -0.2980886 -0.2922011 -0.2974557 -0.3642956 -0.2838037 -0.3026160
C  0  1  31  1  0  3  -0.3235221 -0.2981405 -0.2859637 -0.2829422 -0.3344619 -0.2230903 -0.2022507 -0.1659653 -0.1939402 -0.2581005 -0.2508594 -0.2697228 -0.2493753 -0.3375571 -0.3045571 -0.3138460
C  0  1  31  1  0  4  -0.2838568 -0.2504522 -0.2646761 -0.2335532 -0.2632594 -0.2225950 -0.2237702 -0.2475857 -0.2226718 -0.1710641 -0.1879723 -0.2634093 -0.3197690 -0.2612439 -0.3260520 -0.3067095
C  0  1  31  1  0  5  -0.2477104 -0.1805037 -0.1892186 -0.1747793 -0.1270348 -0.1660974 -0.1749733 -0.1675292 -0.1787282 -0.1447904 -0.1528180 -0.2201438 -0.2135948 -0.1604951 -0.2301819 -0.2008722
C  0  1  31  1  0  6  -0.1572997 -0.1059913 -0.1716337 -0.1578310 -0.1149201 -0.1216479 -0.1405212 -0.1018375 -0.1342828 -0.1358335 -0.0709121 -0.1244646 -0.1498011 -0.1696311 -0.1606166 -0.1700255
C  0  1  31  1  0  7  -0.1438390 -0.1427856 -0.1521181 -0.1306719 -0.1635653 -0.1354242 -0.1643150 -0.1057446 -0.1225291 -0.1039805 -0.1015564 -0.1038959 -0.1130398 -0.1124570 -0.1256368 -0.1302770
C  0  1  31  1  0  8  -0.1730084 -0.1169886 -0.1157644 -0.1437395 -0.2037170 -0.1686683 -0.1535459 -0.1565943 -0.1726978 -0.1179311 -0.1289447 -0.1606060 -0.0894131 -0.1514181 -0.1238904 -0.1443484
C  0  1  31  1  0  9  -0.1615310 -0.1836662 -0.1497633 -0.1269643 -0.1098368 -0.1399117 -0.0926613 -0.1962271 -0.1531099 -0.1325621 -0.0711433 -0.1851850 -0.1850944 -0.1047625 -0.1393339 -0.1567854
C  0  1  31  1  0 10  -0.1668139 -0.1244062 -0.1370827 -0.1527153 -0.1353070 -0.1479592 -0.1230070 -0.1028000 -0.0796986 -0.1505365 -0.1670739 -0.1355129 -0.1293424 -0.1406977 -0.1456965 -0.1232697
C  0  1  31  1  0 11  -0.1340757 -0.1656852 -0.1657830 -0.1310129 -0.1148539 -0.1069374 -0.1522647 -0.1297701 -0.1340232 -0.0958987 -0.1286319 -0.1221541 -0.1339868 -0.1413788 -0.1115584 -0.1305829
C  0  1  31  1  0 12  -0.1442709 -0.1300353 -0.1531390 -0.1288198 -0.1616822 -0.1373916 -0.1626423 -0.1873482 -0.1395366 -0.1274196 -0.1246487 -0.0865888 -0.1349238 -0.1504684 -0.1414132 -0.1351267
C  0  1  31  1  0 13  -0.1120103 -0.1472222 -0.1762148 -0.1267520 -0.1719238 -0.1860627 -0.1607214 -0.1775670 -0.0953792 -0.1470344 -0.1522543 -0.1097899 -0.1959692 -0.1618165 -0.1787587 -0.1761981
C  0  1  31  1  0 14  -0.1397634 -0.1345427 -0.1107808 -0.1344598 -0.1413627 -0.0829210 -0.1265331 -0.1686206 -0.1097300 -0.0994614 -0.1442379 -0.0807437 -0.1212887 -0.0944703 -0.1175441 -0.1721631
C  0  1  31  1  0 15  -0.0900294 -0.1667361 -0.1116054 -0.1266859 -0.1416881 -0.0749215 -0.1550567 -0.1452011 -0.1237916 -0.0893748 -0.0851108 -0.1740410 -0.1485514 -0.0843902 -0.0443170 -0.1675986
C  0  1  31  1  0 16  -0.1572253 -0.1775198 -0.1137220 -0.1408745 -0.1807991 -0.1649414 -0.1681323 -0.1788955 -0.1656256 -0.1884608 -0.1203086 -0.1526200 -0.1817145 -0.1448912 -0.1378954 -0.1818279
C  0  1  31  1  0 17  -0.2238840 -0.2580533 -0.1710806 -0.3149718 -0.1991759 -0.2700868 -0.2716173 -0.2652233 -0.2378221 -0.2562416 -0.2574108 -0.1802582 -0.2423519 -0.2771148 -0.2139752 -0.2127193
C  0  1  31  1  0 18  -0.2911246 -0.3128843 -0.3137682 -0.2515547 -0.2623884 -0.2632390 -0.3132589 -0.2616260 -0.2657016 -0.2421726 -0.2623425 -0.3158327 -0.2609582 -0.2405834 -0.2276651 -0.2745736
C  0  1  31  1  0 19  -0.2481782 -0.2342997 -0.2483566 -0.3277917 -0.2931197 -0.2981588 -0.2814079 -0.2235565 -0.2431539 -0.2819741 -0.2185810 -0.2133073 -0.1886214 -0.2588586 -0.2860662 -0.2815667
C  0  1  31  1  0 20  -0.2398512 -0.2735736 -0.3245522 -0.3586377 -0.2847234 -0.2113553 -0.3635070 -0.2983864 -0.3607184 -0.3366026 -0.3306234 -0.2117174 -0.3554649 -0.2966910 -0.2429520 -0.3137554
C  0  1  31  1  0 21  -0.4528983 -0.3732304 -0.2865707 -0.4450052 -0.2876727 -0.2345303 -0.3017160 -0.3057279 -0.2996349 -0.3439979 -0.3414472 -0.3515953 -0.2609575 -0.2832209 -0.2830028 -0.3862504
C  0  1  31  1  1  0   0.0447971  0.0488895  0.0401808  0.0226345  0.0021230 -0.0208130 -0.0351645 -0.0425944 -0.0470376 -0.0379027 -0.0331404 -0.0182770  0.0019745  0.0070866  0.0229596  0.0369996
C  0  1  31  1  1  1   0.0275448  0.0245724  0.0189909  0.0119254  0.0040066 -0.0063814 -0.0127377 -0.0173198 -0.0159480 -0.0141887 -0.0148886 -0.0064081  0.0050758  0.0107951  0.0128674  0.0249180
C  0  1  31  1  1  2   0.0135486  0.0145400  0.0107603  0.0073531  0.0031495 -0.0023433 -0.0068323 -0.0072610 -0.0086286 -0.0051898 -0.0035272 -0.0019684  0.0023041  0.0044009  0.0070023  0.0117559
C  0  1  31  1  1  3   0.0078437  0.0082894  0.0035314  0.0056337  0.0018044  0.0022072 -0.0016426 -0.0016718  0.0012943  0.0011657 -0.0015517 -0.0004396  0.0034508  0.0039531  0.0023113  0.0068743
C  0  1  31  1  1  4   0.0029410  0.0039379  0.0025301  0.0017774  0.0032145  0.0040937  0.0014669  0.0028996  0.0067052  0.0042344  0.0000991  0.0007148  0.0041957  0.0028040  0.0051625  0.0042935
C  0  1  31  1  1  5   0.0025177  0.0019199  0.0010783  0.0030081  0.0032756  0.0046841  0.0042275  0.0047546  0.0055664  0.0036046 -0.0007633  0.0000093  0.0026810  0.0032693  0.0028354  0.0007222
C  0  1  31  1  1  6   0.0008052  0.0018093  0.0026956  0.0044155  0.0055012  0.0054929  0.0060882  0.0070279  0.0049013  0.0011061  0.0019176  0.0006317  0.0014183  0.0019343  0.0016452  0.0003703
C  0  1  31  1  1  7  -0.0005088  0.0021067  0.0021001  0.0055713  0.0048453  0.0056090  0.0064187  0.0041430  0.0039667  0.0018230  0.0001670  0.0009974  0.0020636  0.0021145  0.0021541 -0.0012177
C  0  1  31  1  1  8   0.0001378  0.0018269  0.0032195  0.0027268  0.0062337  0.0049481  0.0065879  0.0065222  0.0050216  0.0024453  0.0015758  0.0003780  0.0017149  0.0030058  0.0031818  0.0000549
C  0  1  31  1  1  9   0.0020793  0.0032968  0.0030260  0.0031753  0.0038985  0.0036288  0.0050391  0.0045310  0.0030839  0.0007280  0.0014684  0.0014175  0.0025477  0.0004552  0.0012383 -0.0008836
C  0  1  31  1  1 10   0.0008474  0.0026610  0.0020726  0.0017185  0.0025500  0.0027270  0.0030562  0.0033113  0.0028630  0.0009457 -0.0000350 -0.0000143 -0.0005998  0.0010018  0.0014258 -0.0003616
C  0  1  31  1  1 11  -0.0005082  0.0015649  0.0011356  0.0027594  0.0037816 -0.0003978  0.0009938  0.0022144  0.0023253  0.0007020 -0.0014214  0.0001163  0.0008846 -0.0000696  0.0013346 -0.0022767
C  0  1  31  1  1 12   0.0005701  0.0028873  0.0023507  0.0044513  0.0019441  0.0021656  0.0018454  0.0031124  0.0045587  0.0012002  0.0015187  0.0009662  0.0020762  0.0004636  0.0018768 -0.0008077
C  0  1  31  1  1 13   0.0008893  0.0031331  0.0029813  0.0042146  0.0044972  0.0039079  0.0048012  0.0054684  0.0056890  0.0020901  0.0023801  0.0008247  0.0003173 -0.0012026  0.0019090 -0.0003254
C  0  1  31  1  1 14   0.0004624  0.0016309  0.0033163  0.0040561  0.0044447  0.0035791  0.0041442  0.0072855  0.0060716  0.0027148  0.0015320  0.0005890 -0.0010940 -0.0012580 -0.0014684 -0.0008509
C  0  1  31  1  1 15  -0.0016758  0.0009204  0.0035355  0.0051316  0.0032927  0.0001120  0.0044021  0.0048598  0.0062731  0.0039649  0.0029626  0.0008464 -0.0017169 -0.0043466 -0.0044622 -0.0041115
C  0  1  31  1  1 16  -0.0001057  0.0022743  0.0041818  0.0050247  0.0029029  0.0017276  0.0047806  0.0046862  0.0055990  0.0060004  0.0039499  0.0033824 -0.0006383 -0.0005885 -0.0030395 -0.0042807
C  0  1  31  1  1 17  -0.0026616  0.0025604  0.0027304  0.0080930  0.0031889 -0.0005371  0.0026036  0.0056769  0.0051091  0.0049633  0.0051143  0.0021522 -0.0000851 -0.0032430 -0.0039551 -0.0040713
C  0  1  31  1  1 18   0.0014171  0.0073696  0.0056349  0.0098278  0.0059316  0.0017863 -0.0013909  0.0006017  0.0038494  0.0038986  0.0034274  0.0028658  0.0003170 -0.0016309 -0.0040945 -0.0026350
C  0  1  31  1  1 19   0.0034945  0.0105162  0.0125631  0.0117421  0.0076930  0.0033883 -0.0011113  0.0000589  0.0038052  0.0058141  0.0040109  0.0020013 -0.0012495 -0.0021985 -0.0055474 -0.0011172
C  0  1  31  1  1 20   0.0020409  0.0157870  0.0190684  0.0147506  0.0087288  0.0052330 -0.0021254  0.0018127  0.0030204  0.0068548  0.0028859 -0.0003271 -0.0045903 -0.0063090 -0.0054695 -0.0030673
C  0  1  31  1  1 21   0.0102813  0.0209800  0.0325567  0.0229042  0.0154714  0.0139756  0.0106241  0.0098398  0.0117028  0.0146124  0.0008243 -0.0018118 -0.0101649 -0.0187075 -0.0079198  0.0010657
