CPHI 16 
CETA 22 -2.40 -2.10 -1.85 -1.60 -1.40 -1.20 -1.00 -0.80 -0.60 -0.40 -0.20  0.00  0.20  0.40  0.60  0.80  1.00  1.20  1.40  1.60  1.85  2.10  2.40 
RMIN  6 
RTRK 12 
RETA 11  0.00  0.20  0.40  0.60  0.80  1.00  1.20  1.40  1.60  1.85  2.10  2.40 
T 0 1  32  0  0  0    0.0000000   0.0006026   0.0016471   0.0031243   0.0122353   0.0693807   0.2781219   0.6533400   1.0000000   1.0000000   1.0000000   1.0000000   1.0000000
T 0 1  32  0  0  1    0.0000000   0.0001399   0.0005790   0.0023928   0.0123989   0.0592096   0.2269991   0.5905896   1.0000000   1.0000000   1.0000000   1.0000000   1.0000000
T 0 1  32  0  0  2    0.0000000   0.0001055   0.0004647   0.0017297   0.0108073   0.0556801   0.2095135   0.5737658   1.0000000   1.0000000   1.0000000   1.0000000   1.0000000
T 0 1  32  0  0  3    0.0000000   0.0002299   0.0006310   0.0017645   0.0115970   0.0625241   0.2258108   0.5871329   1.0000000   1.0000000   1.0000000   1.0000000   1.0000000
T 0 1  32  0  0  4    0.0000000   0.0003822   0.0025374   0.0142833   0.0624943   0.2040654   0.4881311   0.8217558   1.0000000   1.0000000   1.0000000   1.0000000   1.0000000
T 0 1  32  0  0  5    0.0000000   0.0010237   0.0075277   0.0513143   0.2052333   0.5326322   0.8760179   0.9994033   1.0000000   1.0000000   1.0000000   1.0000000   1.0000000
T 0 1  32  0  0  6    0.0000000   0.0003240   0.0012816   0.0104745   0.0671030   0.2774461   0.6627603   0.9305552   0.9981713   1.0000000   1.0000000   1.0000000   1.0000000
T 0 1  32  0  0  7    0.0000000   0.0000502   0.0004036   0.0008677   0.0048363   0.0307333   0.1186335   0.2975244   0.5813523   0.8695139   0.9843321   0.9998666   1.0000000
T 0 1  32  0  0  8    0.0000000   0.0000000   0.0000503   0.0001261   0.0003814   0.0009908   0.0042219   0.0251151   0.1195584   0.3943258   0.7894020   0.9690611   1.0000000
T 0 1  32  0  0  9    0.0000000   0.0000071   0.0000097   0.0000270   0.0005873   0.0035863   0.0184303   0.0865179   0.3021341   0.6578984   0.9384833   0.9999442   1.0000000
T 0 1  32  0  0 10    0.0000000   0.0067826   0.0290834   0.0462876   0.0791913   0.1694738   0.3392279   0.6901541   0.9113227   0.9706512   0.9998499   1.0000000   1.0000000
T 0 1  32  1  0  0    0.0000000   0.0005148   0.0016399   0.0047460   0.0213440   0.1017716   0.3374237   0.6994022   1.0000000   1.0000000   1.0000000   1.0000000   1.0000000
T 0 1  32  1  0  1    0.0000000   0.0002633   0.0010891   0.0042307   0.0181163   0.0752157   0.2537985   0.6193956   1.0000000   1.0000000   1.0000000   1.0000000   1.0000000
T 0 1  32  1  0  2    0.0000000   0.0002194   0.0008486   0.0027728   0.0124455   0.0616642   0.2339277   0.6064318   1.0000000   1.0000000   1.0000000   1.0000000   1.0000000
T 0 1  32  1  0  3    0.0000000   0.0002283   0.0008669   0.0027852   0.0140251   0.0700545   0.2491207   0.6198491   1.0000000   1.0000000   1.0000000   1.0000000   1.0000000
T 0 1  32  1  0  4    0.0000000   0.0004356   0.0027620   0.0153929   0.0663357   0.2155446   0.5058694   0.8320271   1.0000000   1.0000000   1.0000000   1.0000000   1.0000000
T 0 1  32  1  0  5    0.0000000   0.0011873   0.0094478   0.0577925   0.2246261   0.5586818   0.8900123   0.9996500   1.0000000   1.0000000   1.0000000   1.0000000   1.0000000
T 0 1  32  1  0  6    0.0000000   0.0004626   0.0026649   0.0180020   0.0942133   0.3329130   0.7236541   0.9536823   0.9988141   0.9999984   1.0000000   1.0000000   1.0000000
T 0 1  32  1  0  7    0.0000000   0.0002246   0.0006446   0.0024765   0.0123245   0.0526267   0.1570011   0.3413836   0.6074237   0.8728054   0.9849908   0.9998878   1.0000000
T 0 1  32  1  0  8    0.0000000   0.0009562   0.0014955   0.0017998   0.0022382   0.0036136   0.0107994   0.0452511   0.1686405   0.4573475   0.8251665   0.9710661   1.0000000
T 0 1  32  1  0  9    0.0000000   0.0021003   0.0074838   0.0131257   0.0159362   0.0198461   0.0401951   0.1288935   0.3661962   0.7154288   0.9583841   0.9999941   1.0000000
T 0 1  32  1  0 10    0.0000000   0.0032254   0.0170235   0.0428863   0.0843736   0.1746921   0.3942474   0.7474223   0.9511020   0.9856143   0.9999985   1.0000000   1.0000000
R 0 1  32  0  0  0    0.0237066   0.0237066   0.0115472   0.0106191   0.0103187   0.0102039   0.0099946   0.0098360   0.0098360   0.0098360   0.0098360   0.0098360
R 0 1  32  0  0  1    0.0120975   0.0120975   0.0120975   0.0120975   0.0110334   0.0109308   0.0109835   0.0108493   0.0108493   0.0108493   0.0108493   0.0108493
R 0 1  32  0  0  2    0.0125052   0.0125052   0.0125052   0.0125052   0.0119447   0.0120407   0.0118588   0.0116819   0.0116819   0.0116819   0.0116819   0.0116819
R 0 1  32  0  0  3    0.0135225   0.0135225   0.0135225   0.0135225   0.0124776   0.0125928   0.0123687   0.0122563   0.0122563   0.0122563   0.0122563   0.0122563
R 0 1  32  0  0  4    0.0185095   0.0185095   0.0185095   0.0173369   0.0169260   0.0159564   0.0144403   0.0130505   0.0130505   0.0130505   0.0130505   0.0130505
R 0 1  32  0  0  5    0.0212145   0.0212145   0.0191489   0.0190940   0.0186960   0.0180250   0.0170086   0.0170086   0.0170086   0.0170086   0.0170086   0.0170086
R 0 1  32  0  0  6    0.0205070   0.0205070   0.0205070   0.0203710   0.0208130   0.0207159   0.0207678   0.0206071   0.0206071   0.0206071   0.0206071   0.0206071
R 0 1  32  0  0  7    0.0219328   0.0219328   0.0219328   0.0219328   0.0208686   0.0213655   0.0211923   0.0208904   0.0204862   0.0197170   0.0197170   0.0197170
R 0 1  32  0  0  8    0.0212105   0.0212105   0.0212105   0.0212105   0.0212105   0.0212105   0.0212105   0.0210810   0.0210819   0.0209132   0.0202413   0.0188244
R 0 1  32  0  0  9    0.0308332   0.0308332   0.0308332   0.0308332   0.0308332   0.0308332   0.0299121   0.0287699   0.0275367   0.0264100   0.0247696   0.0247696
R 0 1  32  0  0 10    0.0806761   0.0706152   0.0614016   0.0525147   0.0471860   0.0439220   0.0408978   0.0355918   0.0333994   0.0303097   0.0303097   0.0303097
R 0 1  32  0  1  0    0.0000000   0.0000000   0.0000000   0.0000928   0.0000826   0.0000802   0.0000713   0.0000640   0.0000640   0.0000640   0.0000640   0.0000640
R 0 1  32  0  1  1    0.0000880   0.0000880   0.0000880   0.0000880   0.0000650   0.0000697   0.0000632   0.0000562   0.0000562   0.0000562   0.0000562   0.0000562
R 0 1  32  0  1  2    0.0000637   0.0000637   0.0000637   0.0000637   0.0000592   0.0000670   0.0000592   0.0000528   0.0000528   0.0000528   0.0000528   0.0000528
R 0 1  32  0  1  3    0.0000717   0.0000717   0.0000717   0.0000717   0.0000708   0.0000613   0.0000562   0.0000504   0.0000504   0.0000504   0.0000504   0.0000504
R 0 1  32  0  1  4    0.0001447   0.0001447   0.0001447   0.0000883   0.0000878   0.0000785   0.0000520   0.0000427   0.0000427   0.0000427   0.0000427   0.0000427
R 0 1  32  0  1  5    0.0001982   0.0001982   0.0000560   0.0000748   0.0000678   0.0000551   0.0000465   0.0000465   0.0000465   0.0000465   0.0000465   0.0000465
R 0 1  32  0  1  6    0.0000791   0.0000791   0.0000791   0.0000372   0.0000570   0.0000550   0.0000502   0.0000211   0.0000211   0.0000211   0.0000211   0.0000211
R 0 1  32  0  1  7    0.0000846   0.0000846   0.0000846   0.0000846   0.0000681   0.0000783   0.0000664   0.0000689   0.0000726   0.0000450   0.0000450   0.0000450
R 0 1  32  0  1  8    0.0001384   0.0001384   0.0001384   0.0001384   0.0001384   0.0001384   0.0001384   0.0001097   0.0001089   0.0000990   0.0000876   0.0000538
R 0 1  32  0  1  9    0.0002705   0.0002705   0.0002705   0.0002705   0.0002705   0.0002705   0.0002242   0.0001893   0.0001794   0.0001500   0.0001157   0.0001157
R 0 1  32  0  1 10    0.0015323   0.0011447   0.0008342   0.0007017   0.0005807   0.0004748   0.0003956   0.0002536   0.0001837   0.0001304   0.0001304   0.0001304
R 0 1  32  0  2  0    0.0000000   0.0000000   0.0000000   0.0000000   0.0000000   0.0000124   0.0000134   0.0000099   0.0000099   0.0000099   0.0000099   0.0000099
R 0 1  32  0  2  1    0.0000000   0.0000000   0.0000000   0.0000000   0.0000000   0.0000000   0.0000061   0.0000128   0.0000128   0.0000128   0.0000128   0.0000128
R 0 1  32  0  2  2    0.0000000   0.0000000   0.0000000   0.0000000   0.0000653   0.0000000   0.0000054   0.0000094   0.0000094   0.0000094   0.0000094   0.0000094
R 0 1  32  0  2  3    0.0000000   0.0000000   0.0000000   0.0000000   0.0000000   0.0000000   0.0000129   0.0000000   0.0000000   0.0000000   0.0000000   0.0000000
R 0 1  32  0  2  4    0.0000000   0.0000000   0.0000000   0.0000000   0.0000000   0.0000000   0.0000162   0.0000000   0.0000000   0.0000000   0.0000000   0.0000000
R 0 1  32  0  2  5    0.0000000   0.0000000   0.0000000   0.0000000   0.0000211   0.0000139   0.0000000   0.0000000   0.0000000   0.0000000   0.0000000   0.0000000
R 0 1  32  0  2  6    0.0000000   0.0000000   0.0000000   0.0000000   0.0000000   0.0000000   0.0000000   0.0000000   0.0000000   0.0000000   0.0000000   0.0000000
R 0 1  32  0  2  7    0.0000000   0.0000000   0.0000000   0.0000000   0.0000000   0.0000000   0.0000000   0.0000206   0.0000000   0.0000000   0.0000000   0.0000000
R 0 1  32  0  2  8    0.0000000   0.0000000   0.0000000   0.0000000   0.0000000   0.0000000   0.0000000   0.0000000   0.0000000   0.0000084   0.0000000   0.0000000
R 0 1  32  0  2  9    0.0000000   0.0000000   0.0000000   0.0000000   0.0000000   0.0000000   0.0000000   0.0000264   0.0000000   0.0000334   0.0000513   0.0000513
R 0 1  32  0  2 10    0.0000000   0.0000000   0.0000000   0.0000000   0.0000000   0.0000000   0.0001237   0.0000000   0.0000000   0.0000000   0.0000000   0.0000000
R 0 1  32  0  3  0    1.0133339   1.0133339   1.1051645   1.0197439   0.9976052   0.9858159   0.9810736   0.9835991   0.9835991   0.9835991   0.9835991   0.9835991
R 0 1  32  0  3  1    0.9999551   0.9999551   0.9999551   0.9999551   0.9949900   0.9855596   0.9784780   0.9798985   0.9798985   0.9798985   0.9798985   0.9798985
R 0 1  32  0  3  2    1.0207626   1.0207626   1.0207626   1.0207626   0.9978093   0.9879622   0.9820257   0.9807831   0.9807831   0.9807831   0.9807831   0.9807831
R 0 1  32  0  3  3    1.0071164   1.0071164   1.0071164   1.0071164   1.0126710   0.9868031   0.9819037   0.9810910   0.9810910   0.9810910   0.9810910   0.9810910
R 0 1  32  0  3  4    1.0457122   1.0457122   1.0457122   0.9897089   0.9775698   0.9741632   0.9765274   0.9882645   0.9882645   0.9882645   0.9882645   0.9882645
R 0 1  32  0  3  5    1.0201016   1.0201016   1.0025057   0.9795894   0.9743143   0.9728880   0.9683231   0.9683231   0.9683231   0.9683231   0.9683231   0.9683231
R 0 1  32  0  3  6    1.0196703   1.0196703   1.0196703   0.9979911   0.9869936   0.9869002   0.9816847   0.9862912   0.9862912   0.9862912   0.9862912   0.9862912
R 0 1  32  0  3  7    1.0246203   1.0246203   1.0246203   1.0246203   1.0294007   0.9948432   0.9888092   0.9879534   0.9840542   0.9888191   0.9888191   0.9888191
R 0 1  32  0  3  8    1.0229937   1.0229937   1.0229937   1.0229937   1.0229937   1.0229937   1.0229937   0.9878941   0.9825314   0.9837300   0.9761509   1.0188846
R 0 1  32  0  3  9    1.0195827   1.0195827   1.0195827   1.0195827   1.0195827   1.0195827   0.9889679   0.9747590   0.9753594   0.9854677   1.0037458   1.0037458
R 0 1  32  0  3 10    1.0678656   1.0494286   1.0303024   1.0008005   0.9794488   0.9700210   0.9658447   0.9696561   1.0002506   1.0073123   1.0073123   1.0073123
R 0 1  32  0  4  0    1.3333106   1.3333106   1.3132593   2.1101873   2.2469653   2.2769060   2.2413897   2.2875957   2.2875957   2.2875957   2.2875957   2.2875957
R 0 1  32  0  4  1    1.9518043   1.9518043   1.9518043   1.9518043   2.1631029   2.2407179   2.1997555   2.2261361   2.2261361   2.2261361   2.2261361   2.2261361
R 0 1  32  0  4  2    1.9553119   1.9553119   1.9553119   1.9553119   2.1813572   2.2943080   2.2471304   2.2366337   2.2366337   2.2366337   2.2366337   2.2366337
R 0 1  32  0  4  3    1.7654314   1.7654314   1.7654314   1.7654314   2.2547517   2.2575976   2.2208010   2.2266578   2.2266578   2.2266578   2.2266578   2.2266578
R 0 1  32  0  4  4    2.0032467   2.0032467   2.0032467   2.0291206   2.0811130   2.0862563   2.1819115   2.2910719   2.2910719   2.2910719   2.2910719   2.2910719
R 0 1  32  0  4  5    1.8536405   1.8536405   2.0842556   2.0906481   2.0811989   2.0739229   2.0088757   2.0088757   2.0088757   2.0088757   2.0088757   2.0088757
R 0 1  32  0  4  6    1.9784846   1.9784846   1.9784846   2.1177719   2.3089015   2.3814417   2.3216782   2.2602390   2.2602390   2.2602390   2.2602390   2.2602390
R 0 1  32  0  4  7    1.6506506   1.6506506   1.6506506   1.6506506   2.2741435   2.3452728   2.3438735   2.3956953   2.3456381   2.3744232   2.3744232   2.3744232
R 0 1  32  0  4  8    2.2837497   2.2837497   2.2837497   2.2837497   2.2837497   2.2837497   2.2837497   2.1984864   2.2364433   2.2745835   2.1004443   2.3911344
R 0 1  32  0  4  9    2.0866049   2.0866049   2.0866049   2.0866049   2.0866049   2.0866049   2.0047657   2.0270238   2.0779281   2.2044615   2.2402213   2.2402213
R 0 1  32  0  4 10    2.1938582   2.2641024   2.0787923   1.8760420   1.9778600   1.9490790   1.9588277   1.9573371   2.0812107   2.0555684   2.0555684   2.0555684
R 0 1  32  0  5  0    9.3871821   9.3871821   7.8164160   3.1883728   3.4923661   3.8890368   4.1832069   3.8420769   3.8420769   3.8420769   3.8420769   3.8420769
R 0 1  32  0  5  1    4.0946179   4.0946179   4.0946179   4.0946179   3.9379356   4.0544231   4.4804265   4.1241081   4.1241081   4.1241081   4.1241081   4.1241081
R 0 1  32  0  5  2    3.7004097   3.7004097   3.7004097   3.7004097   4.4172902   3.7553886   4.1224105   4.2574461   4.2574461   4.2574461   4.2574461   4.2574461
R 0 1  32  0  5  3    5.1216339   5.1216339   5.1216339   5.1216339   3.9192631   4.0841912   4.4773617   4.2751073   4.2751073   4.2751073   4.2751073   4.2751073
R 0 1  32  0  5  4    4.6450678   4.6450678   4.6450678   4.7555089   5.3028316   5.0856187   4.0918464   3.3352337   3.3352337   3.3352337   3.3352337   3.3352337
R 0 1  32  0  5  5    4.3657311   4.3657311   4.9225171   5.0484165   5.2977715   4.7819030   4.0683551   4.0683551   4.0683551   4.0683551   4.0683551   4.0683551
R 0 1  32  0  5  6    3.0677736   3.0677736   3.0677736   4.8318311   3.6198620   2.8938219   2.4167406   2.0010311   2.0010311   2.0010311   2.0010311   2.0010311
R 0 1  32  0  5  7    5.8327043   5.8327043   5.8327043   5.8327043   3.7460891   3.2471932   2.8839468   2.6883806   2.6798773   2.0147940   2.0147940   2.0147940
R 0 1  32  0  5  8    3.6053501   3.6053501   3.6053501   3.6053501   3.6053501   3.6053501   3.6053501   4.7747619   4.4342662   4.1661540   5.3795271   3.6650180
R 0 1  32  0  5  9    4.6968945   4.6968945   4.6968945   4.6968945   4.6968945   4.6968945   7.4695112   6.3619658   6.2386349   5.3715332   5.1683261   5.1683261
R 0 1  32  0  5 10    4.7504767   3.7426258   4.0335875   6.0001547   5.6450586   6.9761289   7.8829247   7.9246013   5.8780544   5.6329789   5.6329789   5.6329789
F  0  1  32  0  0  0    0.9576893   1.0845935   0.9999801   1.0133024   0.9783028   0.9959978   0.9880980   0.9892486   0.9960861   0.9840198   0.9841629
F  0  1  32  1  0  0    0.9916599   1.1118197   1.0604847   1.0575644   1.0523599   1.0901181   1.0748165   1.0597611   1.0562938   1.0613877   1.0929911
C  0  1  32  0  0  0  -0.2269323 -0.1536083 -0.1623033 -0.4161163 -0.2668495 -0.0900919 -0.0886180 -0.1247145 -0.1957285 -0.0697402 -0.2277723 -0.1499623 -0.2038903 -0.3014635 -0.2181194 -0.0841715
C  0  1  32  0  0  1  -0.1120656 -0.1137528 -0.1800748 -0.1707065 -0.0830678 -0.0533436 -0.1495244 -0.1273603 -0.0689960 -0.1120982  0.1110887 -0.1398009 -0.1363293 -0.0819440 -0.2520610 -0.1326232
C  0  1  32  0  0  2  -0.1360686 -0.0662140 -0.0855416 -0.0520976 -0.1665180 -0.0770118 -0.0118335 -0.0770761 -0.0149220 -0.0838360 -0.0633367 -0.0658165 -0.1294581 -0.0781175 -0.0318085 -0.1227794
C  0  1  32  0  0  3  -0.0698510 -0.0518811 -0.0949599 -0.0556932  0.0102254 -0.0636957 -0.0969426  0.0124412  0.0143653  0.0172944 -0.1091488 -0.0327962 -0.1185232 -0.1239081  0.0165317 -0.0593127
C  0  1  32  0  0  4  -0.0799245 -0.0958566 -0.0795477 -0.0723766 -0.1637316 -0.0497934 -0.0331210 -0.0243333 -0.0781217 -0.0464572 -0.0177545 -0.0869400 -0.1999881 -0.0645392 -0.0042951 -0.0881733
C  0  1  32  0  0  5   0.0187161  0.0559638 -0.0889285  0.0276235 -0.1430929 -0.0724248 -0.0774037 -0.0496603  0.0062387  0.0204985 -0.0040349  0.0111016 -0.0119053  0.0625688  0.0253201 -0.1255451
C  0  1  32  0  0  6  -0.0531273  0.0932832  0.0437585 -0.0109959 -0.0178908  0.0972748 -0.0057654 -0.0737338 -0.0096220 -0.0447135  0.0281101  0.0756991  0.0102974  0.0432813  0.0032156  0.0741916
C  0  1  32  0  0  7  -0.0019757 -0.0268600 -0.0178012  0.0704042  0.0370530  0.0116018  0.0327030 -0.0021136 -0.0901713 -0.0466252  0.0455558 -0.0582285 -0.0728952 -0.0478718 -0.0257524  0.0777171
C  0  1  32  0  0  8   0.0090302  0.0587264  0.0161309 -0.0193635 -0.0824131  0.0339849  0.0201320  0.0158250  0.0072433  0.0331170 -0.0255606 -0.0423958 -0.0119801  0.0618559 -0.1092220 -0.0365328
C  0  1  32  0  0  9  -0.0321312 -0.0170780  0.0052108 -0.0114393  0.0344064  0.0705514 -0.0252273  0.0298642 -0.1174633 -0.0039580  0.0820087  0.0297830  0.0371557  0.0462111 -0.0364998  0.0752848
C  0  1  32  0  0 10  -0.0355881  0.0177639  0.0633655  0.0047326 -0.0132454 -0.0126988 -0.0794683 -0.0448315  0.0023366 -0.0273843  0.0167124 -0.0169524 -0.0423326  0.0762375  0.0697488  0.0254008
C  0  1  32  0  0 11  -0.0714813  0.0318153 -0.0591098  0.0602415 -0.0107458  0.0964507  0.0454783  0.0382114  0.0068351  0.0433783  0.0460138 -0.0161791  0.0229902  0.0073677 -0.0177525 -0.0175011
C  0  1  32  0  0 12  -0.0237960 -0.0666809 -0.0265987  0.0393150  0.0238875  0.0604479 -0.0269363 -0.0486172 -0.0256470  0.0715612 -0.0295507 -0.1040585 -0.0309343  0.0398303  0.0569925  0.0191692
C  0  1  32  0  0 13  -0.0476144  0.0230789  0.0051932  0.0025923  0.0532413 -0.0454568  0.0153603 -0.0024584  0.0204784  0.0142840 -0.0711763 -0.0287619 -0.0731855 -0.0076510 -0.0066326  0.0108531
C  0  1  32  0  0 14  -0.0623551 -0.0695280 -0.0592668 -0.0015469 -0.1009695  0.0005803 -0.0194071  0.0246586 -0.0261678 -0.0597442 -0.0039841 -0.0459077 -0.0394415  0.0437535 -0.0316812 -0.0725217
C  0  1  32  0  0 15  -0.0908728 -0.0087432  0.0084561  0.0027959  0.0198157 -0.0745665 -0.0197467  0.0211255  0.0394569  0.0194905  0.0282485 -0.0735147  0.0512444 -0.0447779 -0.1036017  0.1074405
C  0  1  32  0  0 16   0.1005428  0.0196302  0.0156479  0.0376144 -0.0323879 -0.1151748 -0.0563226  0.0644181 -0.0710053  0.0920690  0.0308233 -0.0355181 -0.0927414 -0.0036237 -0.1565728  0.0236323
C  0  1  32  0  0 17  -0.0713447 -0.1291149 -0.1590519 -0.1767235 -0.1844809 -0.0653091 -0.0758784  0.0137896  0.0046495 -0.0835065 -0.0653811 -0.0147757 -0.0853336 -0.2350491 -0.1518866  0.0326126
C  0  1  32  0  0 18  -0.0824462 -0.0213670 -0.0548754 -0.0876765 -0.1245372 -0.0325967 -0.1479920 -0.1616126 -0.0284931 -0.0865672 -0.0859421 -0.0352148 -0.0373885 -0.0484344 -0.0551954  0.0380531
C  0  1  32  0  0 19   0.0206783 -0.0778369 -0.2340930  0.0174859 -0.0376754 -0.0672089 -0.1776329  0.0336279 -0.0840719 -0.0846516 -0.0191965 -0.0580910 -0.0776118 -0.0876089 -0.0246747 -0.1481840
C  0  1  32  0  0 20  -0.1319083 -0.0798722 -0.0254531 -0.0643575 -0.1656267 -0.1897300 -0.1019212 -0.1292081 -0.1180903 -0.2367360 -0.0994602  0.0215734 -0.0502947 -0.1265948 -0.1202600 -0.2021933
C  0  1  32  0  0 21  -0.1200272 -0.2629808 -0.3151052 -0.2075804 -0.1397930 -0.2548793 -0.3747407 -0.0139072 -0.2725301 -0.0479799 -0.0869939 -0.3175668 -0.3077555 -0.4875731 -0.1853899 -0.2373556
C  0  1  32  0  1  0   0.0003573 -0.0024442 -0.0000977 -0.0025606 -0.0032512  0.0016983 -0.0004195 -0.0008776  0.0003390 -0.0008187 -0.0051180  0.0045021  0.0043277  0.0037153  0.0080674  0.0042510
C  0  1  32  0  1  1   0.0021540  0.0003638 -0.0031303 -0.0006993 -0.0016313 -0.0023605  0.0065167 -0.0007236  0.0028288 -0.0004253 -0.0031760 -0.0031831  0.0051706  0.0001831  0.0053418  0.0022953
C  0  1  32  0  1  2   0.0033365 -0.0007904  0.0004926 -0.0001858 -0.0038554  0.0011704 -0.0006141  0.0007669 -0.0004439  0.0009706 -0.0040438 -0.0020968  0.0012348 -0.0014227 -0.0001832  0.0006148
C  0  1  32  0  1  3   0.0055270 -0.0010109  0.0020703 -0.0018945 -0.0014152  0.0034644  0.0038338 -0.0019100 -0.0039996 -0.0030269 -0.0030836 -0.0019848  0.0021606 -0.0026348  0.0001422  0.0043747
C  0  1  32  0  1  4   0.0057085 -0.0015713  0.0000244  0.0028890  0.0026558 -0.0024933  0.0017201 -0.0005348  0.0017662  0.0021589 -0.0018169 -0.0021510 -0.0003087 -0.0005390 -0.0001443 -0.0003538
C  0  1  32  0  1  5   0.0036805 -0.0009325 -0.0021121  0.0018015  0.0018787 -0.0004437  0.0006714  0.0019930  0.0013012  0.0001776  0.0016683 -0.0026591  0.0003344 -0.0020727  0.0008341 -0.0005031
C  0  1  32  0  1  6   0.0025833 -0.0012422 -0.0012930  0.0007648  0.0018170 -0.0026979  0.0001452  0.0000866  0.0005493 -0.0019194 -0.0005689  0.0004691 -0.0032709 -0.0005515  0.0006497 -0.0017845
C  0  1  32  0  1  7   0.0009944  0.0002813 -0.0002467 -0.0013860  0.0019547  0.0009329 -0.0018508  0.0009247  0.0001366 -0.0015972  0.0002088 -0.0008559  0.0006525  0.0000259  0.0017090  0.0009067
C  0  1  32  0  1  8   0.0025159 -0.0001660  0.0004431 -0.0018412 -0.0002204  0.0006819 -0.0007256  0.0002927  0.0021381 -0.0006913 -0.0006978 -0.0028364  0.0007398  0.0003406  0.0003102 -0.0004622
C  0  1  32  0  1  9  -0.0014359 -0.0004096  0.0005409 -0.0002013  0.0003214 -0.0012474 -0.0009140 -0.0000217 -0.0013125 -0.0018119 -0.0012925 -0.0007748 -0.0010609  0.0009143 -0.0010442  0.0016113
C  0  1  32  0  1 10   0.0007640  0.0003155  0.0012671  0.0022332  0.0020812 -0.0007036  0.0006060 -0.0004827 -0.0021535 -0.0034811 -0.0004263 -0.0007132 -0.0024340 -0.0014846 -0.0013462  0.0005196
C  0  1  32  0  1 11  -0.0003013 -0.0015737  0.0010010  0.0015559 -0.0003461 -0.0000322 -0.0034231 -0.0024365 -0.0020717  0.0000945 -0.0006088 -0.0020548 -0.0000210 -0.0009064 -0.0012757 -0.0011141
C  0  1  32  0  1 12   0.0002278 -0.0003962  0.0018062 -0.0006215  0.0012254 -0.0015757  0.0006511 -0.0011927  0.0005193 -0.0005574  0.0007195  0.0020165 -0.0004732  0.0000560 -0.0001412  0.0011162
C  0  1  32  0  1 13   0.0020688 -0.0019689  0.0012059  0.0015510  0.0035199  0.0000539 -0.0000279  0.0004739  0.0001385 -0.0010220 -0.0012285 -0.0015768 -0.0032135  0.0019531  0.0001111  0.0015051
C  0  1  32  0  1 14   0.0025380  0.0010137  0.0013524  0.0012246  0.0008164  0.0010166 -0.0009121  0.0003770 -0.0002441  0.0017260 -0.0003122  0.0007595  0.0009743 -0.0011320 -0.0008685  0.0023987
C  0  1  32  0  1 15   0.0022430  0.0000511  0.0002917  0.0004609  0.0001744  0.0007771  0.0014088 -0.0020645  0.0016989 -0.0008040  0.0000823  0.0028981 -0.0014483  0.0016011  0.0020665  0.0002773
C  0  1  32  0  1 16   0.0029629  0.0025318  0.0010670  0.0012644  0.0005847  0.0032438  0.0010236 -0.0001198  0.0037693  0.0000054 -0.0010779  0.0003530  0.0000562 -0.0002001  0.0008444  0.0020926
C  0  1  32  0  1 17   0.0018238 -0.0017557 -0.0007974  0.0018798  0.0012945  0.0020380  0.0012803  0.0013136 -0.0007036  0.0039927  0.0012192 -0.0002553  0.0009296  0.0001180  0.0048130  0.0039291
C  0  1  32  0  1 18   0.0032750  0.0012646  0.0010075  0.0035651 -0.0005432  0.0018060  0.0049965 -0.0004860 -0.0013905 -0.0000811  0.0037141  0.0006508  0.0018394 -0.0001276  0.0059726  0.0041391
C  0  1  32  0  1 19   0.0036997  0.0027734  0.0015290  0.0003141 -0.0003651  0.0018634  0.0023563  0.0014624  0.0034297  0.0041267 -0.0007124 -0.0001067  0.0016207  0.0005804  0.0034051  0.0024972
C  0  1  32  0  1 20   0.0034576  0.0045530  0.0053346  0.0043700  0.0001900  0.0049621  0.0026038  0.0035534  0.0018817  0.0038418  0.0010540 -0.0012807  0.0040644  0.0023553  0.0046086  0.0033252
C  0  1  32  0  1 21   0.0110566  0.0120100  0.0030547  0.0009291 -0.0026085 -0.0031463 -0.0081822 -0.0014831 -0.0041238 -0.0056229 -0.0005790  0.0050780  0.0022978  0.0049391  0.0141875  0.0035280
C  0  1  32  1  0  0  -0.4622902 -0.3608698 -0.4000121 -0.4220421 -0.2368189 -0.4440801 -0.3365702 -0.3903454 -0.3679051 -0.2909783 -0.3795926 -0.5158172 -0.4384644 -0.4325131 -0.3993643 -0.4796049
C  0  1  32  1  0  1  -0.3202994 -0.3179456 -0.2906543 -0.2653130 -0.3546155 -0.2653335 -0.2522046 -0.2041165 -0.2620681 -0.2029097 -0.2856215 -0.2575425 -0.3685969 -0.4121880 -0.3149599 -0.2758627
C  0  1  32  1  0  2  -0.3481109 -0.3217757 -0.2705175 -0.3194370 -0.2873336 -0.1925135 -0.2487342 -0.2279847 -0.2381221 -0.2234675 -0.3082946 -0.3365674 -0.3229569 -0.3137874 -0.2547847 -0.3535044
C  0  1  32  1  0  3  -0.2536223 -0.2869710 -0.3587994 -0.3348597 -0.2710327 -0.2530021 -0.2008811 -0.1654300 -0.1918318 -0.2005665 -0.2018476 -0.2999780 -0.3071771 -0.2710010 -0.2704109 -0.3097858
C  0  1  32  1  0  4  -0.3067113 -0.2646369 -0.2874989 -0.2475050 -0.2735715 -0.2132274 -0.2734148 -0.2422021 -0.2812385 -0.2304295 -0.2859075 -0.2681877 -0.2741756 -0.3098723 -0.3669061 -0.3561553
C  0  1  32  1  0  5  -0.2181330 -0.1930968 -0.2334228 -0.1751605 -0.1503326 -0.1405881 -0.1908104 -0.1393307 -0.1430599 -0.1342748 -0.1724148 -0.2329692 -0.2192860 -0.1629064 -0.2204398 -0.2166006
C  0  1  32  1  0  6  -0.1461923 -0.1325555 -0.1555480 -0.1456552 -0.1349032 -0.1512836 -0.1192785 -0.1345125 -0.1226936 -0.0928774 -0.0922404 -0.1324881 -0.1227692 -0.1387482 -0.1299332 -0.1805427
C  0  1  32  1  0  7  -0.1809770 -0.1616264 -0.1703285 -0.1433886 -0.2116381 -0.2102787 -0.1653298 -0.1243159 -0.1480299 -0.1360584 -0.0963105 -0.1506590 -0.1599561 -0.1532379 -0.1579725 -0.1438448
C  0  1  32  1  0  8  -0.1412439 -0.0905013 -0.1327142 -0.1226649 -0.1704877 -0.1677783 -0.1200107 -0.1358513 -0.1543163 -0.0843411 -0.0813824 -0.1313381 -0.1007917 -0.1417765 -0.1435224 -0.1385380
C  0  1  32  1  0  9  -0.1333732 -0.1304854 -0.1391099 -0.1410777 -0.1618014 -0.1458623 -0.1182039 -0.1453216 -0.1185531 -0.1221974 -0.0375079 -0.1473161 -0.1423234 -0.0684669 -0.1466845 -0.1450807
C  0  1  32  1  0 10  -0.1421563 -0.1258179 -0.1352918 -0.1360931 -0.1549029 -0.1615104 -0.1217054 -0.0986192 -0.1002543 -0.1083137 -0.1335554 -0.1234696 -0.0985620 -0.1279933 -0.1137796 -0.1336459
C  0  1  32  1  0 11  -0.1350122 -0.1323472 -0.1602250 -0.1094000 -0.1284934 -0.1391452 -0.1106330 -0.1135547 -0.1631718 -0.0914737 -0.1010521 -0.1213345 -0.0983850 -0.1040733 -0.0866954 -0.1738748
C  0  1  32  1  0 12  -0.1309052 -0.0985504 -0.1284221 -0.0905434 -0.1698536 -0.1156708 -0.1636445 -0.1778953 -0.1296022 -0.1271287 -0.1136776 -0.1218074 -0.0974948 -0.1075875 -0.1058160 -0.1137624
C  0  1  32  1  0 13  -0.0910228 -0.1472164 -0.1409120 -0.1085604 -0.1532883 -0.1511214 -0.1167487 -0.1730664 -0.1127390 -0.1561041 -0.1481759 -0.1061753 -0.1536977 -0.1144122 -0.1316295 -0.1208084
C  0  1  32  1  0 14  -0.1432988 -0.1442995 -0.1472734 -0.1638347 -0.1864617 -0.0958862 -0.1247190 -0.2268591 -0.1462648 -0.1676719 -0.1530349 -0.1362589 -0.1661573 -0.0852872 -0.1087079 -0.2035939
C  0  1  32  1  0 15  -0.0719120 -0.1607026 -0.1605766 -0.1306196 -0.1536225 -0.1167502 -0.1288503 -0.1553436 -0.1332721 -0.1319825 -0.0824383 -0.1722419 -0.1392049 -0.0942532 -0.0972187 -0.0809795
C  0  1  32  1  0 16  -0.1867079 -0.1591030 -0.1698811 -0.1737464 -0.1828071 -0.1601334 -0.1939509 -0.2523211 -0.1540631 -0.1967766 -0.1207314 -0.1169567 -0.1754166 -0.1698024 -0.1796540 -0.1042593
C  0  1  32  1  0 17  -0.2641473 -0.2455635 -0.2470179 -0.2646441 -0.2825825 -0.3162950 -0.2883013 -0.2612815 -0.2619302 -0.3094430 -0.2888115 -0.2812820 -0.2527498 -0.3084964 -0.2812661 -0.2596385
C  0  1  32  1  0 18  -0.2897164 -0.3120122 -0.2929758 -0.3149436 -0.2632893 -0.2943380 -0.3099570 -0.2797098 -0.3072398 -0.2562832 -0.2768364 -0.2822268 -0.3246786 -0.2123306 -0.1823830 -0.2317942
C  0  1  32  1  0 19  -0.2763972 -0.2878221 -0.3158359 -0.3151446 -0.2819427 -0.2613807 -0.2575719 -0.2191473 -0.2640996 -0.2740305 -0.1829559 -0.2653296 -0.2054894 -0.2630880 -0.2914778 -0.2560037
C  0  1  32  1  0 20  -0.2313302 -0.2457591 -0.3289911 -0.2814769 -0.3156456 -0.2539856 -0.2725883 -0.2972386 -0.3165924 -0.3126309 -0.2991080 -0.2863140 -0.3116822 -0.2721037 -0.3108094 -0.2656075
C  0  1  32  1  0 21  -0.3838643 -0.3825261 -0.2812595 -0.4183391 -0.2509757 -0.2484322 -0.2620451 -0.3533474 -0.4119082 -0.3733490 -0.3027853 -0.3740388 -0.2855909 -0.4213985 -0.3507259 -0.3481565
C  0  1  32  1  1  0   0.0460352  0.0487414  0.0384321  0.0254698  0.0009464 -0.0216424 -0.0338256 -0.0421895 -0.0482720 -0.0361799 -0.0335751 -0.0196662  0.0017130  0.0040656  0.0250456  0.0385245
C  0  1  32  1  1  1   0.0247738  0.0214590  0.0164630  0.0098633  0.0028359 -0.0081990 -0.0159388 -0.0187987 -0.0191795 -0.0149834 -0.0153686 -0.0085747  0.0031041  0.0075346  0.0116705  0.0243797
C  0  1  32  1  1  2   0.0116692  0.0122689  0.0076546  0.0042638  0.0004113 -0.0043932 -0.0077157 -0.0083472 -0.0104918 -0.0071552 -0.0065730 -0.0042333 -0.0003778  0.0015143  0.0045018  0.0098530
C  0  1  32  1  1  3   0.0078316  0.0067717  0.0014656  0.0025913  0.0013600 -0.0006405 -0.0048488 -0.0022694  0.0002829 -0.0010883 -0.0029901 -0.0007919  0.0017706  0.0017153  0.0014500  0.0060730
C  0  1  32  1  1  4   0.0020998  0.0019284  0.0005899 -0.0001727  0.0020005  0.0025589  0.0005187  0.0023015  0.0050569  0.0024611 -0.0016335 -0.0009528  0.0015842  0.0010256  0.0031908  0.0015286
C  0  1  32  1  1  5   0.0003037  0.0000069 -0.0000162  0.0026783  0.0025735  0.0033907  0.0027854  0.0027841  0.0049042  0.0027521 -0.0011516 -0.0023369  0.0014435  0.0011404  0.0011658 -0.0016078
C  0  1  32  1  1  6   0.0008559  0.0016823  0.0012502  0.0037040  0.0039422  0.0038053  0.0037080  0.0043395  0.0038585  0.0007747 -0.0001243 -0.0002189  0.0006092  0.0011912 -0.0009635 -0.0005520
C  0  1  32  1  1  7  -0.0019992  0.0003790  0.0006173  0.0043271  0.0040965  0.0033835  0.0046527  0.0033219  0.0036135 -0.0006362 -0.0015718 -0.0010649  0.0002819 -0.0001380  0.0004330 -0.0023618
C  0  1  32  1  1  8  -0.0011835  0.0009871  0.0017918  0.0012378  0.0044883  0.0031634  0.0045205  0.0044944  0.0045754  0.0017224  0.0001294 -0.0012966  0.0011400 -0.0000319  0.0007988 -0.0011674
C  0  1  32  1  1  9   0.0004419  0.0019012  0.0016213  0.0022186  0.0016624  0.0023404  0.0032202  0.0028467  0.0015338 -0.0002735  0.0007759 -0.0002049  0.0006672 -0.0001972 -0.0006110 -0.0016756
C  0  1  32  1  1 10  -0.0007269  0.0007173  0.0005535  0.0005199  0.0009172  0.0012520  0.0015509  0.0024862  0.0026996 -0.0005714 -0.0016808 -0.0006955 -0.0011642 -0.0002860  0.0008435 -0.0019351
C  0  1  32  1  1 11  -0.0011315  0.0001237  0.0004019  0.0010736  0.0023485 -0.0008327  0.0009369  0.0008201  0.0016452  0.0010491 -0.0026593 -0.0016002 -0.0012417 -0.0010301 -0.0005465 -0.0030777
C  0  1  32  1  1 12  -0.0008488  0.0013660  0.0017909  0.0024159  0.0016396  0.0005685  0.0006474  0.0021501  0.0032991 -0.0000792  0.0001695  0.0004007  0.0000724 -0.0016841  0.0006270 -0.0021600
C  0  1  32  1  1 13  -0.0009358  0.0018001  0.0021182  0.0027641  0.0028654  0.0025180  0.0045671  0.0047832  0.0040241  0.0007019  0.0006117 -0.0002748 -0.0013951 -0.0024679  0.0001385 -0.0022575
C  0  1  32  1  1 14  -0.0014809 -0.0000380  0.0014869  0.0028994  0.0033776  0.0014353  0.0026322  0.0056633  0.0043285  0.0010510  0.0007057 -0.0014485 -0.0030195 -0.0021965 -0.0018759 -0.0030387
C  0  1  32  1  1 15  -0.0032379 -0.0017753  0.0012931  0.0027549  0.0022305 -0.0018173  0.0024647  0.0020932  0.0044702  0.0030024  0.0011210 -0.0001324 -0.0033959 -0.0057992 -0.0064513 -0.0058220
C  0  1  32  1  1 16  -0.0015648  0.0004980  0.0019101  0.0038604  0.0015695  0.0009119  0.0023843  0.0023068  0.0028993  0.0059082  0.0016711  0.0012200 -0.0025059 -0.0022916 -0.0061964 -0.0061251
C  0  1  32  1  1 17  -0.0040506  0.0017215  0.0011989  0.0052950  0.0012073 -0.0024314  0.0009562  0.0040767  0.0035832  0.0039227  0.0040561  0.0006613 -0.0012470 -0.0044108 -0.0051834 -0.0046034
C  0  1  32  1  1 18  -0.0000032  0.0066147  0.0048038  0.0059615  0.0036581 -0.0001486 -0.0018130 -0.0009779  0.0029262  0.0029145  0.0008229 -0.0000371 -0.0020130 -0.0036320 -0.0064854 -0.0050602
C  0  1  32  1  1 19   0.0015275  0.0068246  0.0114393  0.0091111  0.0057466  0.0020682 -0.0028075 -0.0016677  0.0025604  0.0048405  0.0012673 -0.0012415 -0.0029878 -0.0036235 -0.0060880 -0.0031684
C  0  1  32  1  1 20  -0.0001779  0.0135591  0.0174596  0.0135823  0.0063198  0.0033494 -0.0030026  0.0005160  0.0006607  0.0055406  0.0013506 -0.0040994 -0.0079850 -0.0094476 -0.0050574 -0.0049552
C  0  1  32  1  1 21   0.0084052  0.0202874  0.0283672  0.0214720  0.0140072  0.0167519  0.0090105  0.0100836  0.0101978  0.0110808 -0.0007331 -0.0048490 -0.0088807 -0.0167810 -0.0101123  0.0010165
