CPHI 16 
CETA 22 -2.40 -2.10 -1.85 -1.60 -1.40 -1.20 -1.00 -0.80 -0.60 -0.40 -0.20  0.00  0.20  0.40  0.60  0.80  1.00  1.20  1.40  1.60  1.85  2.10  2.40 
RMIN  6 
RTRK 12 
RETA 11  0.00  0.20  0.40  0.60  0.80  1.00  1.20  1.40  1.60  1.85  2.10  2.40 
T 0 1  33  0  0  0    0.0000000   0.0005742   0.0016945   0.0031909   0.0123008   0.0692460   0.2788137   0.6542963   1.0000000   1.0000000   1.0000000   1.0000000   1.0000000
T 0 1  33  0  0  1    0.0000000   0.0001098   0.0005436   0.0024161   0.0124556   0.0591422   0.2261390   0.5883469   1.0000000   1.0000000   1.0000000   1.0000000   1.0000000
T 0 1  33  0  0  2    0.0000000   0.0001667   0.0005703   0.0017500   0.0107475   0.0552660   0.2093671   0.5745344   1.0000000   1.0000000   1.0000000   1.0000000   1.0000000
T 0 1  33  0  0  3    0.0000000   0.0002119   0.0005840   0.0016446   0.0113022   0.0624153   0.2258285   0.5869423   1.0000000   1.0000000   1.0000000   1.0000000   1.0000000
T 0 1  33  0  0  4    0.0000000   0.0003571   0.0025024   0.0145190   0.0634130   0.2049872   0.4886678   0.8217253   1.0000000   1.0000000   1.0000000   1.0000000   1.0000000
T 0 1  33  0  0  5    0.0000000   0.0009682   0.0074540   0.0512198   0.2057276   0.5330161   0.8761949   0.9994041   1.0000000   1.0000000   1.0000000   1.0000000   1.0000000
T 0 1  33  0  0  6    0.0000000   0.0003091   0.0011964   0.0103686   0.0676161   0.2780077   0.6641958   0.9315711   0.9982564   0.9999994   1.0000000   1.0000000   1.0000000
T 0 1  33  0  0  7    0.0000000   0.0000506   0.0004169   0.0009229   0.0049238   0.0304643   0.1180153   0.2959766   0.5812292   0.8689984   0.9840725   0.9998672   1.0000000
T 0 1  33  0  0  8    0.0000000   0.0000000   0.0000299   0.0001140   0.0003525   0.0009798   0.0041602   0.0250397   0.1193053   0.3937289   0.7888601   0.9692746   1.0000000
T 0 1  33  0  0  9    0.0000000   0.0000103   0.0000129   0.0000384   0.0005621   0.0035782   0.0184870   0.0855048   0.3022292   0.6580348   0.9383197   0.9999341   1.0000000
T 0 1  33  0  0 10    0.0000000   0.0067801   0.0289719   0.0460956   0.0789278   0.1680197   0.3373290   0.6897842   0.9098960   0.9700032   0.9998234   1.0000000   1.0000000
T 0 1  33  1  0  0    0.0000000   0.0005148   0.0016399   0.0047460   0.0213440   0.1017716   0.3374237   0.6994022   1.0000000   1.0000000   1.0000000   1.0000000   1.0000000
T 0 1  33  1  0  1    0.0000000   0.0002633   0.0010891   0.0042307   0.0181163   0.0752157   0.2537985   0.6193956   1.0000000   1.0000000   1.0000000   1.0000000   1.0000000
T 0 1  33  1  0  2    0.0000000   0.0002194   0.0008486   0.0027728   0.0124455   0.0616642   0.2339277   0.6064318   1.0000000   1.0000000   1.0000000   1.0000000   1.0000000
T 0 1  33  1  0  3    0.0000000   0.0002283   0.0008669   0.0027852   0.0140251   0.0700545   0.2491207   0.6198491   1.0000000   1.0000000   1.0000000   1.0000000   1.0000000
T 0 1  33  1  0  4    0.0000000   0.0004356   0.0027620   0.0153929   0.0663357   0.2155446   0.5058694   0.8320271   1.0000000   1.0000000   1.0000000   1.0000000   1.0000000
T 0 1  33  1  0  5    0.0000000   0.0011873   0.0094478   0.0577925   0.2246261   0.5586818   0.8900123   0.9996500   1.0000000   1.0000000   1.0000000   1.0000000   1.0000000
T 0 1  33  1  0  6    0.0000000   0.0004626   0.0026649   0.0180020   0.0942133   0.3329130   0.7236541   0.9536823   0.9988141   0.9999984   1.0000000   1.0000000   1.0000000
T 0 1  33  1  0  7    0.0000000   0.0002246   0.0006446   0.0024765   0.0123245   0.0526267   0.1570011   0.3413836   0.6074237   0.8728054   0.9849908   0.9998878   1.0000000
T 0 1  33  1  0  8    0.0000000   0.0009562   0.0014955   0.0017998   0.0022382   0.0036136   0.0107994   0.0452511   0.1686405   0.4573475   0.8251665   0.9710661   1.0000000
T 0 1  33  1  0  9    0.0000000   0.0021003   0.0074838   0.0131257   0.0159362   0.0198461   0.0401951   0.1288935   0.3661962   0.7154288   0.9583841   0.9999941   1.0000000
T 0 1  33  1  0 10    0.0000000   0.0032254   0.0170235   0.0428863   0.0843736   0.1746921   0.3942474   0.7474223   0.9511020   0.9856143   0.9999985   1.0000000   1.0000000
R 0 1  33  0  0  0    0.0246635   0.0246635   0.0112061   0.0105504   0.0103674   0.0101777   0.0099948   0.0098447   0.0098447   0.0098447   0.0098447   0.0098447
R 0 1  33  0  0  1    0.0119052   0.0119052   0.0119052   0.0119052   0.0109537   0.0109648   0.0109605   0.0108373   0.0108373   0.0108373   0.0108373   0.0108373
R 0 1  33  0  0  2    0.0126286   0.0126286   0.0126286   0.0126286   0.0119834   0.0120107   0.0118772   0.0116725   0.0116725   0.0116725   0.0116725   0.0116725
R 0 1  33  0  0  3    0.0133622   0.0133622   0.0133622   0.0133622   0.0126235   0.0125141   0.0123547   0.0122640   0.0122640   0.0122640   0.0122640   0.0122640
R 0 1  33  0  0  4    0.0193066   0.0193066   0.0193066   0.0173311   0.0168168   0.0159125   0.0144765   0.0130800   0.0130800   0.0130800   0.0130800   0.0130800
R 0 1  33  0  0  5    0.0202136   0.0202136   0.0193268   0.0191587   0.0187828   0.0180862   0.0169684   0.0169684   0.0169684   0.0169684   0.0169684   0.0169684
R 0 1  33  0  0  6    0.0201213   0.0201213   0.0201213   0.0204988   0.0208096   0.0207492   0.0206783   0.0206988   0.0206988   0.0206988   0.0206988   0.0206988
R 0 1  33  0  0  7    0.0212281   0.0212281   0.0212281   0.0212281   0.0204280   0.0212945   0.0212114   0.0210287   0.0205731   0.0197710   0.0197710   0.0197710
R 0 1  33  0  0  8    0.0213452   0.0213452   0.0213452   0.0213452   0.0213452   0.0213452   0.0213452   0.0210810   0.0209903   0.0209578   0.0201893   0.0187782
R 0 1  33  0  0  9    0.0310440   0.0310440   0.0310440   0.0310440   0.0310440   0.0310440   0.0300575   0.0288911   0.0274707   0.0263932   0.0249372   0.0249372
R 0 1  33  0  0 10    0.0772058   0.0703618   0.0614952   0.0536920   0.0475531   0.0437985   0.0410322   0.0355739   0.0336061   0.0304967   0.0304967   0.0304967
R 0 1  33  0  1  0    0.0000000   0.0000000   0.0000000   0.0000689   0.0000808   0.0000809   0.0000716   0.0000653   0.0000653   0.0000653   0.0000653   0.0000653
R 0 1  33  0  1  1    0.0000714   0.0000714   0.0000714   0.0000714   0.0000598   0.0000706   0.0000637   0.0000548   0.0000548   0.0000548   0.0000548   0.0000548
R 0 1  33  0  1  2    0.0000585   0.0000585   0.0000585   0.0000585   0.0000606   0.0000628   0.0000610   0.0000528   0.0000528   0.0000528   0.0000528   0.0000528
R 0 1  33  0  1  3    0.0000755   0.0000755   0.0000755   0.0000755   0.0000631   0.0000561   0.0000523   0.0000513   0.0000513   0.0000513   0.0000513   0.0000513
R 0 1  33  0  1  4    0.0001581   0.0001581   0.0001581   0.0000820   0.0000856   0.0000745   0.0000540   0.0000454   0.0000454   0.0000454   0.0000454   0.0000454
R 0 1  33  0  1  5    0.0001591   0.0001591   0.0000847   0.0000761   0.0000699   0.0000614   0.0000484   0.0000484   0.0000484   0.0000484   0.0000484   0.0000484
R 0 1  33  0  1  6    0.0000707   0.0000707   0.0000707   0.0000528   0.0000639   0.0000575   0.0000454   0.0000186   0.0000186   0.0000186   0.0000186   0.0000186
R 0 1  33  0  1  7    0.0001616   0.0001616   0.0001616   0.0001616   0.0000522   0.0000799   0.0000739   0.0000711   0.0000753   0.0000602   0.0000602   0.0000602
R 0 1  33  0  1  8    0.0000988   0.0000988   0.0000988   0.0000988   0.0000988   0.0000988   0.0000988   0.0001118   0.0001008   0.0001003   0.0000840   0.0000485
R 0 1  33  0  1  9    0.0002364   0.0002364   0.0002364   0.0002364   0.0002364   0.0002364   0.0002417   0.0002080   0.0001815   0.0001500   0.0001200   0.0001200
R 0 1  33  0  1 10    0.0014439   0.0011048   0.0008370   0.0007746   0.0005780   0.0004688   0.0003847   0.0002618   0.0002047   0.0001596   0.0001596   0.0001596
R 0 1  33  0  2  0    0.0000000   0.0000000   0.0000000   0.0000000   0.0000000   0.0000129   0.0000198   0.0000065   0.0000065   0.0000065   0.0000065   0.0000065
R 0 1  33  0  2  1    0.0000000   0.0000000   0.0000000   0.0000000   0.0000000   0.0000000   0.0000153   0.0000183   0.0000183   0.0000183   0.0000183   0.0000183
R 0 1  33  0  2  2    0.0000000   0.0000000   0.0000000   0.0000000   0.0000431   0.0000128   0.0000081   0.0000159   0.0000159   0.0000159   0.0000159   0.0000159
R 0 1  33  0  2  3    0.0000738   0.0000738   0.0000738   0.0000738   0.0000000   0.0000108   0.0000201   0.0000059   0.0000059   0.0000059   0.0000059   0.0000059
R 0 1  33  0  2  4    0.0000000   0.0000000   0.0000000   0.0000000   0.0000000   0.0000000   0.0000105   0.0000070   0.0000070   0.0000070   0.0000070   0.0000070
R 0 1  33  0  2  5    0.0000000   0.0000000   0.0000000   0.0000000   0.0000183   0.0000000   0.0000000   0.0000000   0.0000000   0.0000000   0.0000000   0.0000000
R 0 1  33  0  2  6    0.0000000   0.0000000   0.0000000   0.0000000   0.0000000   0.0000000   0.0000155   0.0000000   0.0000000   0.0000000   0.0000000   0.0000000
R 0 1  33  0  2  7    0.0000000   0.0000000   0.0000000   0.0000000   0.0000000   0.0000000   0.0000000   0.0000000   0.0000154   0.0000000   0.0000000   0.0000000
R 0 1  33  0  2  8    0.0000000   0.0000000   0.0000000   0.0000000   0.0000000   0.0000000   0.0000000   0.0000000   0.0000000   0.0000178   0.0000000   0.0000000
R 0 1  33  0  2  9    0.0000000   0.0000000   0.0000000   0.0000000   0.0000000   0.0000000   0.0000000   0.0000458   0.0000000   0.0000274   0.0000000   0.0000000
R 0 1  33  0  2 10    0.0000000   0.0000000   0.0000000   0.0000000   0.0000000   0.0000000   0.0000000   0.0000407   0.0000000   0.0000000   0.0000000   0.0000000
R 0 1  33  0  3  0    1.0922335   1.0922335   1.0491242   1.0320802   0.9933957   0.9821702   0.9812537   0.9828574   0.9828574   0.9828574   0.9828574   0.9828574
R 0 1  33  0  3  1    1.0143059   1.0143059   1.0143059   1.0143059   0.9912290   0.9853044   0.9793358   0.9788435   0.9788435   0.9788435   0.9788435   0.9788435
R 0 1  33  0  3  2    1.0095480   1.0095480   1.0095480   1.0095480   1.0047470   0.9834502   0.9816202   0.9820014   0.9820014   0.9820014   0.9820014   0.9820014
R 0 1  33  0  3  3    0.9932726   0.9932726   0.9932726   0.9932726   1.0002694   0.9863581   0.9829534   0.9795473   0.9795473   0.9795473   0.9795473   0.9795473
R 0 1  33  0  3  4    1.0090878   1.0090878   1.0090878   0.9909479   0.9755846   0.9761123   0.9785498   0.9881314   0.9881314   0.9881314   0.9881314   0.9881314
R 0 1  33  0  3  5    1.0382073   1.0382073   0.9914998   0.9810524   0.9739078   0.9727991   0.9753296   0.9753296   0.9753296   0.9753296   0.9753296   0.9753296
R 0 1  33  0  3  6    1.0286277   1.0286277   1.0286277   0.9980829   0.9891696   0.9825922   0.9844656   0.9880057   0.9880057   0.9880057   0.9880057   0.9880057
R 0 1  33  0  3  7    1.0602457   1.0602457   1.0602457   1.0602457   1.0307666   0.9996911   0.9922035   0.9835948   0.9859718   0.9861870   0.9861870   0.9861870
R 0 1  33  0  3  8    1.0170479   1.0170479   1.0170479   1.0170479   1.0170479   1.0170479   1.0170479   0.9954067   0.9853517   0.9835888   0.9875976   1.0108245
R 0 1  33  0  3  9    1.0185059   1.0185059   1.0185059   1.0185059   1.0185059   1.0185059   0.9887052   0.9761048   0.9701928   0.9820981   1.0041830   1.0041830
R 0 1  33  0  3 10    1.0694775   1.0364663   1.0158310   1.0009969   0.9766866   0.9709108   0.9652753   0.9658060   1.0030921   1.0158116   1.0158116   1.0158116
R 0 1  33  0  4  0    1.5361488   1.5361488   1.1315136   2.1688021   2.2530521   2.2420580   2.2506115   2.2785460   2.2785460   2.2785460   2.2785460   2.2785460
R 0 1  33  0  4  1    1.9732386   1.9732386   1.9732386   1.9732386   2.0841035   2.2168570   2.2071596   2.1949126   2.1949126   2.1949126   2.1949126   2.1949126
R 0 1  33  0  4  2    1.8560292   1.8560292   1.8560292   1.8560292   2.1903640   2.2323341   2.2525819   2.2520044   2.2520044   2.2520044   2.2520044   2.2520044
R 0 1  33  0  4  3    1.6952074   1.6952074   1.6952074   1.6952074   2.2239284   2.2411024   2.2557968   2.1921753   2.1921753   2.1921753   2.1921753   2.1921753
R 0 1  33  0  4  4    1.8434050   1.8434050   1.8434050   2.0112025   2.0084677   2.0914565   2.2137984   2.3294518   2.3294518   2.3294518   2.3294518   2.3294518
R 0 1  33  0  4  5    1.7449865   1.7449865   2.0226966   2.0996346   2.0867839   2.0872216   2.0186987   2.0186987   2.0186987   2.0186987   2.0186987   2.0186987
R 0 1  33  0  4  6    1.9335081   1.9335081   1.9335081   2.1426510   2.3646960   2.3212982   2.3467434   2.2772636   2.2772636   2.2772636   2.2772636   2.2772636
R 0 1  33  0  4  7    1.7297757   1.7297757   1.7297757   1.7297757   2.2017005   2.3910362   2.3739116   2.3243512   2.3562728   2.3538082   2.3538082   2.3538082
R 0 1  33  0  4  8    2.2143526   2.2143526   2.2143526   2.2143526   2.2143526   2.2143526   2.2143526   2.2417841   2.2382448   2.2749717   2.2761930   2.2053933
R 0 1  33  0  4  9    2.0297305   2.0297305   2.0297305   2.0297305   2.0297305   2.0297305   2.0387361   2.0668586   1.9950149   2.1763553   2.2493184   2.2493184
R 0 1  33  0  4 10    2.0882253   2.1602472   1.9131987   1.9093993   1.9938709   1.9499363   1.9285117   1.9279696   2.0826620   2.1082862   2.1082862   2.1082862
R 0 1  33  0  5  0   12.9266709  12.9266709  11.1445329   3.2694424   3.6540814   4.1103700   4.1337260   3.9476130   3.9476130   3.9476130   3.9476130   3.9476130
R 0 1  33  0  5  1    3.8278075   3.8278075   3.8278075   3.8278075   4.4224654   4.1878504   4.2879553   4.3805543   4.3805543   4.3805543   4.3805543   4.3805543
R 0 1  33  0  5  2    4.5796062   4.5796062   4.5796062   4.5796062   4.3624032   4.2871804   4.0113737   4.2046157   4.2046157   4.2046157   4.2046157   4.2046157
R 0 1  33  0  5  3    5.7384434   5.7384434   5.7384434   5.7384434   4.0106309   4.0774057   4.1674848   4.5921620   4.5921620   4.5921620   4.5921620   4.5921620
R 0 1  33  0  5  4    5.9336143   5.9336143   5.9336143   5.2723026   5.9645302   5.1571357   3.7199317   3.2153583   3.2153583   3.2153583   3.2153583   3.2153583
R 0 1  33  0  5  5    4.2629388   4.2629388   5.0118970   5.2156726   5.2254123   4.6260455   4.1701484   4.1701484   4.1701484   4.1701484   4.1701484   4.1701484
R 0 1  33  0  5  6    3.2869881   3.2869881   3.2869881   4.2783156   3.2378153   3.0119414   2.3727510   2.0009797   2.0009797   2.0009797   2.0009797   2.0009797
R 0 1  33  0  5  7    4.6680688   4.6680688   4.6680688   4.6680688   4.2996751   2.9338182   2.8127360   2.9043755   2.6948581   2.0234146   2.0234146   2.0234146
R 0 1  33  0  5  8    3.8232064   3.8232064   3.8232064   3.8232064   3.8232064   3.8232064   3.8232064   4.4438379   4.5322838   4.3069259   3.6491839   4.5806655
R 0 1  33  0  5  9    4.4599111   4.4599111   4.4599111   4.4599111   4.4599111   4.4599111   6.3557736   6.1323762   7.2860942   5.5065029   4.7876722   4.7876722
R 0 1  33  0  5 10    4.4957223   4.6765939   5.0847440   5.4356998   5.3126685   6.8594544   8.7153292   8.5404109   6.3303670   6.5620143   6.5620143   6.5620143
F  0  1  33  0  0  0    0.9810798   1.0341797   1.0011241   1.0143295   0.9723990   0.9959861   0.9916168   0.9874587   0.9962304   0.9853819   0.9876052
F  0  1  33  1  0  0    1.0575004   1.0899112   1.0731660   1.0624032   1.0616310   1.0772957   1.0730541   1.0604717   1.0401830   1.0664564   1.0897875
C  0  1  33  0  0  0  -0.2144334 -0.0908781 -0.2487507 -0.2796150 -0.3325801 -0.1402492 -0.0708986 -0.1687397 -0.0920090 -0.2414780 -0.2808250 -0.0334804 -0.2059090 -0.3246272 -0.3381053  0.0246239
C  0  1  33  0  0  1  -0.1480356 -0.2310746 -0.2750360 -0.1556245 -0.1823056 -0.0413138 -0.0629637 -0.1980636 -0.0355602 -0.1657192 -0.0741037 -0.1142043 -0.1650232 -0.1075572 -0.3808197 -0.0995078
C  0  1  33  0  0  2  -0.1279514 -0.1484091 -0.0347155 -0.1304659 -0.0314165 -0.0710220 -0.1083051 -0.1536972 -0.0089593 -0.1129922 -0.0508638 -0.1280334 -0.1372713 -0.0381175  0.0083232 -0.1398151
C  0  1  33  0  0  3  -0.0677047 -0.1280429 -0.1027722 -0.0510339  0.0506851 -0.1225736 -0.0878679 -0.0182925 -0.0808201 -0.0953187 -0.1119086 -0.0515568 -0.1720650 -0.1711386 -0.1103646  0.0056219
C  0  1  33  0  0  4  -0.1021532 -0.0873603 -0.0707413 -0.0524790 -0.1778745 -0.1158592 -0.0914692 -0.0643723 -0.0175453  0.0003445 -0.1200016 -0.0507880 -0.1353966 -0.1087610 -0.0665369 -0.0662054
C  0  1  33  0  0  5  -0.0477527 -0.0155882 -0.0549350 -0.0120928  0.0252118 -0.0826977 -0.0201115 -0.0011120  0.0991407 -0.0543137  0.0321893  0.0104590 -0.0730623  0.0239573  0.0902402 -0.0141313
C  0  1  33  0  0  6  -0.0696385  0.0235734  0.0384524 -0.0404626 -0.0043980  0.1299899  0.0384198 -0.0377580  0.0113712  0.0222864  0.0398683  0.0054240 -0.1118540  0.0155087 -0.0397963  0.0223963
C  0  1  33  0  0  7  -0.0996563  0.0059887  0.0128934  0.0148191  0.0215831  0.1213160  0.0146794  0.0586802  0.0151474 -0.0057050  0.1307129 -0.0271218  0.0454840 -0.0334549 -0.0345118  0.0452862
C  0  1  33  0  0  8   0.0386888 -0.0045100  0.0869805  0.0708036 -0.0619644  0.0475260 -0.0562198  0.0377452  0.0434005  0.0045452  0.0187582 -0.0416807 -0.0382870  0.0170502 -0.0711612 -0.0670257
C  0  1  33  0  0  9  -0.0224845  0.0292712 -0.0227237  0.0265185  0.0121560  0.0639233  0.0280017  0.0185450 -0.0095726 -0.0146840  0.0783382 -0.0004148  0.0182812  0.0357298 -0.0548306  0.0039574
C  0  1  33  0  0 10  -0.0246343 -0.0776429  0.0323839  0.0479134  0.0116935 -0.0000984 -0.0071667 -0.0357124 -0.0145594 -0.0460600  0.0275116  0.0364212 -0.0609344  0.0671170 -0.0091004 -0.0097109
C  0  1  33  0  0 11  -0.0647644  0.0585872 -0.0343366 -0.0221168  0.0317633  0.0354489  0.0089199  0.1177958  0.0501629 -0.0149541  0.0624952  0.0032170 -0.0062889  0.0177131 -0.0109638 -0.0319603
C  0  1  33  0  0 12   0.0370646 -0.0022053  0.0098433  0.0674408 -0.0303647 -0.0170834 -0.0045813 -0.0194219 -0.0911615  0.0424266 -0.0029504 -0.0259698 -0.0326492  0.0368020 -0.0122121 -0.0026730
C  0  1  33  0  0 13  -0.0205621 -0.0464809 -0.0177379  0.0644593 -0.0159390 -0.0217958  0.0449653  0.0061870 -0.0027397  0.0411767 -0.0244553 -0.0199976 -0.0041349 -0.0334919 -0.0035506  0.0032855
C  0  1  33  0  0 14  -0.0676908 -0.0462054  0.0089314  0.0099515 -0.0274956 -0.1029326 -0.0220805  0.0604020 -0.0251313  0.0176482 -0.0136166 -0.0332893  0.0054024 -0.0226070  0.0634269 -0.0353501
C  0  1  33  0  0 15  -0.0745790 -0.0421174  0.0200624  0.0121563  0.0397057  0.0215904  0.0153721  0.0516946 -0.0567885  0.0526479 -0.0306144 -0.1752232 -0.0777893 -0.0108975 -0.0652654  0.0038512
C  0  1  33  0  0 16   0.0652824  0.0480656 -0.0006296 -0.0013940 -0.0809877 -0.1649663 -0.0533000 -0.0112266 -0.0732330  0.1367322  0.0181836 -0.0478193 -0.1422946 -0.0455892 -0.0190610 -0.0318881
C  0  1  33  0  0 17  -0.0704645 -0.1470285 -0.0917833 -0.1181070 -0.1138888 -0.0146436 -0.1277588 -0.0313737 -0.0026126 -0.0316093  0.0268142 -0.0186325 -0.0712144 -0.1231314 -0.1184965 -0.0053931
C  0  1  33  0  0 18  -0.1201974  0.0830887 -0.0335174 -0.1461623 -0.2061773  0.0212854 -0.0362811 -0.0504994  0.0124136  0.0292268 -0.0020191 -0.0533003 -0.0133039  0.0145753 -0.1931408  0.0394818
C  0  1  33  0  0 19  -0.0180080 -0.1189646 -0.1651210 -0.0080206 -0.1066191 -0.0095142 -0.1430391  0.0512283 -0.0887654 -0.0969127 -0.0949992 -0.1650240 -0.0710521 -0.0015452 -0.0052671 -0.0776006
C  0  1  33  0  0 20   0.0311742 -0.1324548 -0.0335988  0.0299985 -0.1309356 -0.1429596 -0.1787570 -0.1605148 -0.1323623 -0.1600746 -0.1472590  0.0968790  0.0725678 -0.1570820 -0.1713067 -0.1059006
C  0  1  33  0  0 21  -0.1510400 -0.2175931 -0.3882226 -0.1696422 -0.2170724 -0.1240512 -0.1844197  0.0019624 -0.1356542 -0.1643636 -0.2420348 -0.2973844 -0.4730754 -0.3788070 -0.3181754 -0.1136585
C  0  1  33  0  1  0  -0.0019777 -0.0007863 -0.0008099 -0.0066810 -0.0009624  0.0009164 -0.0027496  0.0014358  0.0017875  0.0010190 -0.0061455  0.0048319  0.0048663  0.0073790  0.0035431  0.0057136
C  0  1  33  0  1  1   0.0006566  0.0013334 -0.0013102 -0.0035689  0.0000889 -0.0005866  0.0026470  0.0012927  0.0038947 -0.0000530 -0.0042452 -0.0023150  0.0018021  0.0051296 -0.0003761  0.0026605
C  0  1  33  0  1  2   0.0029102 -0.0010146 -0.0011570 -0.0009739 -0.0008595 -0.0004345 -0.0010500  0.0013453 -0.0021340  0.0021800 -0.0015803 -0.0013169  0.0017032 -0.0008963 -0.0007689  0.0004013
C  0  1  33  0  1  3   0.0015020 -0.0009349  0.0005634 -0.0013215 -0.0019759  0.0033839  0.0024172 -0.0004399 -0.0025106 -0.0018538 -0.0009951 -0.0023658  0.0011163  0.0006282  0.0005859  0.0019291
C  0  1  33  0  1  4   0.0052198  0.0012818 -0.0029792  0.0025639  0.0032453 -0.0009292  0.0010141 -0.0025251  0.0020212  0.0003271 -0.0004332 -0.0031882 -0.0014417 -0.0002210 -0.0002641 -0.0012333
C  0  1  33  0  1  5   0.0023089  0.0012239 -0.0020256  0.0031355  0.0009084 -0.0003497  0.0003996  0.0019646  0.0007269 -0.0006994  0.0024675 -0.0033013  0.0006289  0.0004869  0.0004739  0.0006104
C  0  1  33  0  1  6   0.0030341  0.0002664 -0.0013763 -0.0001883  0.0023947  0.0005575 -0.0010599 -0.0004014  0.0009630 -0.0027365 -0.0003923 -0.0007713 -0.0006610 -0.0014923  0.0023256  0.0007529
C  0  1  33  0  1  7   0.0031565  0.0002551  0.0010291  0.0021962  0.0046564  0.0011026  0.0003185 -0.0007041  0.0007694 -0.0023269  0.0019632  0.0001337  0.0015158 -0.0000355  0.0011371  0.0006812
C  0  1  33  0  1  8   0.0023890  0.0011590  0.0011232 -0.0003247  0.0015717  0.0012195  0.0006709  0.0002264  0.0013184  0.0005245 -0.0000572 -0.0002079 -0.0012548  0.0018290  0.0017456  0.0000999
C  0  1  33  0  1  9  -0.0006966  0.0010145  0.0006124 -0.0004801  0.0006590  0.0021143  0.0013826  0.0008440 -0.0009618 -0.0007737 -0.0031332  0.0000782 -0.0004012 -0.0006172 -0.0025031  0.0017481
C  0  1  33  0  1 10  -0.0009731  0.0000746 -0.0000954  0.0022133  0.0016456 -0.0006239  0.0028725  0.0005602 -0.0018111 -0.0013601  0.0003531 -0.0009959 -0.0022243  0.0008836  0.0009956  0.0026202
C  0  1  33  0  1 11  -0.0009867  0.0001244  0.0003547  0.0026568 -0.0002913  0.0004238 -0.0030281 -0.0002691 -0.0018797 -0.0012942 -0.0000101 -0.0024406  0.0004266  0.0011925 -0.0007067 -0.0002946
C  0  1  33  0  1 12   0.0018074 -0.0007610  0.0002320 -0.0024140  0.0009582  0.0015969  0.0014486  0.0013025  0.0009058  0.0007301  0.0002421  0.0015861  0.0014918  0.0000339  0.0003386  0.0019644
C  0  1  33  0  1 13   0.0025894 -0.0012701  0.0004043  0.0010312  0.0018986 -0.0007661 -0.0001726  0.0002557 -0.0003023 -0.0022504 -0.0004115 -0.0008070 -0.0015657  0.0025151 -0.0007921  0.0021052
C  0  1  33  0  1 14   0.0024130  0.0027929  0.0031345  0.0023988  0.0012156  0.0019730 -0.0002146  0.0016939  0.0014011  0.0001885  0.0011104  0.0014716  0.0007568  0.0002836 -0.0003576  0.0027149
C  0  1  33  0  1 15   0.0002413  0.0020171 -0.0002884  0.0008412  0.0014905  0.0026346  0.0023505 -0.0018853  0.0007855 -0.0005425 -0.0024839  0.0004207  0.0000120  0.0004264  0.0004442  0.0019141
C  0  1  33  0  1 16   0.0016623  0.0025798  0.0002096 -0.0000681  0.0001238  0.0030380  0.0007988  0.0006054  0.0016111 -0.0016533  0.0012210 -0.0003345 -0.0001954  0.0005938  0.0042071  0.0027358
C  0  1  33  0  1 17   0.0011553 -0.0010933 -0.0003782  0.0038703  0.0000023  0.0032692  0.0024344  0.0011092 -0.0018480  0.0035755  0.0015266 -0.0017635  0.0022603 -0.0009150  0.0071703  0.0051067
C  0  1  33  0  1 18   0.0057716  0.0039774  0.0003616  0.0015628  0.0013309  0.0021321  0.0029511  0.0016689 -0.0005940  0.0023431  0.0040172  0.0022347  0.0013816  0.0026633  0.0072673  0.0057024
C  0  1  33  0  1 19   0.0025708  0.0023653  0.0020194  0.0036682  0.0001216  0.0024777  0.0039108  0.0024816  0.0042948  0.0030525  0.0005576  0.0025587 -0.0008897  0.0047797  0.0024508  0.0041531
C  0  1  33  0  1 20   0.0071847  0.0048145  0.0040732  0.0039196  0.0015857  0.0028157  0.0035268  0.0017312  0.0019151  0.0026358 -0.0002947 -0.0037291  0.0016625  0.0030871  0.0048168  0.0069469
C  0  1  33  0  1 21   0.0140497  0.0136578  0.0065775  0.0023831  0.0016903 -0.0024655 -0.0051130 -0.0013468 -0.0007334 -0.0042935  0.0024739  0.0032165 -0.0021104  0.0044773  0.0090737  0.0042788
C  0  1  33  1  0  0  -0.4792059 -0.3414211 -0.3602535 -0.3244267 -0.2233099 -0.3785430 -0.3438417 -0.3239335 -0.4026288 -0.3131879 -0.3581843 -0.5382243 -0.4060277 -0.2824385 -0.3831993 -0.4777907
C  0  1  33  1  0  1  -0.2604367 -0.2633637 -0.2849281 -0.2714692 -0.3318963 -0.2972329 -0.2654913 -0.2367120 -0.3169721 -0.2219500 -0.3221782 -0.3104499 -0.3693530 -0.4252762 -0.3255257 -0.3273563
C  0  1  33  1  0  2  -0.3048613 -0.3518674 -0.2357179 -0.3038191 -0.3173087 -0.2595683 -0.3021294 -0.2213965 -0.2590614 -0.2229952 -0.2431317 -0.2844483 -0.3037178 -0.3527705 -0.2996013 -0.3169637
C  0  1  33  1  0  3  -0.3026086 -0.2904912 -0.3493347 -0.2861879 -0.2977191 -0.2432697 -0.2283256 -0.1853904 -0.1869442 -0.1980037 -0.2140944 -0.2988568 -0.2710011 -0.3011742 -0.3790906 -0.2789474
C  0  1  33  1  0  4  -0.3195112 -0.2804513 -0.2824489 -0.2724739 -0.2803016 -0.2005079 -0.2472642 -0.2121332 -0.2394263 -0.1574713 -0.1830765 -0.3039145 -0.3109702 -0.2638391 -0.3323280 -0.3230107
C  0  1  33  1  0  5  -0.2025359 -0.1930635 -0.2017821 -0.1884446 -0.1693505 -0.1955099 -0.2211801 -0.1515606 -0.1745537 -0.1994508 -0.2187901 -0.2041109 -0.2726675 -0.1777703 -0.1809674 -0.1960285
C  0  1  33  1  0  6  -0.1352069 -0.1345663 -0.1839326 -0.1785050 -0.0987772 -0.1078267 -0.1404318 -0.1548067 -0.1099509 -0.1132730 -0.0718865 -0.1434655 -0.1017679 -0.1522784 -0.1392471 -0.1723911
C  0  1  33  1  0  7  -0.1772392 -0.1262685 -0.1452800 -0.1418843 -0.1358328 -0.1534648 -0.1308875 -0.1372509 -0.1397275 -0.0699856 -0.1073509 -0.1331285 -0.1565530 -0.1450408 -0.0916164 -0.1918523
C  0  1  33  1  0  8  -0.1625999 -0.0918695 -0.1320760 -0.1442826 -0.1629484 -0.1732936 -0.1233228 -0.1457141 -0.1181945 -0.0827491 -0.1003163 -0.1916559 -0.1157381 -0.1522589 -0.1138327 -0.1038180
C  0  1  33  1  0  9  -0.1369940 -0.1429458 -0.0894476 -0.1459236 -0.0865343 -0.1481219 -0.1161120 -0.1943495 -0.1366236 -0.1205959 -0.0491679 -0.1168438 -0.1136022 -0.0602248 -0.1516289 -0.1599897
C  0  1  33  1  0 10  -0.1156527 -0.1411325 -0.1240701 -0.1479927 -0.1179475 -0.1235189 -0.1433280 -0.1056977 -0.1139096 -0.1215895 -0.1123504 -0.1326876 -0.1231985 -0.1284944 -0.0817268 -0.1251880
C  0  1  33  1  0 11  -0.1360753 -0.1335809 -0.1538803 -0.0881511 -0.0777315 -0.1164246 -0.1178521 -0.0867058 -0.1581718 -0.1002151 -0.1125335 -0.1394318 -0.1091227 -0.1111143 -0.0941321 -0.1234710
C  0  1  33  1  0 12  -0.1105571 -0.1207041 -0.1291284 -0.1074795 -0.1391544 -0.0991327 -0.1546211 -0.1464519 -0.1251324 -0.1213068 -0.0979755 -0.0817611 -0.1116151 -0.1235605 -0.1317563 -0.1488709
C  0  1  33  1  0 13  -0.1202871 -0.1569195 -0.1689947 -0.0849297 -0.1338954 -0.1356865 -0.1449471 -0.1233334 -0.1183881 -0.0849424 -0.1680851 -0.1048550 -0.1715149 -0.1614455 -0.1832366 -0.1333436
C  0  1  33  1  0 14  -0.1664360 -0.1565007 -0.1713273 -0.1382184 -0.1450417 -0.1048894 -0.1377258 -0.2091743 -0.1493675 -0.1310988 -0.1280772 -0.1516888 -0.1585356 -0.0893846 -0.1346222 -0.1968739
C  0  1  33  1  0 15  -0.0969692 -0.1466231 -0.1598542 -0.1051736 -0.1629153 -0.0848912 -0.1453427 -0.1514920 -0.1487003 -0.1318741 -0.0372710 -0.1678264 -0.1459103 -0.0641451 -0.0891772 -0.1230099
C  0  1  33  1  0 16  -0.1853733 -0.1955050 -0.2019018 -0.1596476 -0.1856743 -0.1905796 -0.1998144 -0.2249738 -0.1438003 -0.1660557 -0.1438093 -0.1601702 -0.1253768 -0.1894338 -0.1275692 -0.1652709
C  0  1  33  1  0 17  -0.2453759 -0.2867659 -0.2400581 -0.2829061 -0.2352859 -0.2428180 -0.3155131 -0.2812899 -0.2451474 -0.2336949 -0.2916444 -0.2693922 -0.2138552 -0.2572557 -0.2073402 -0.2741436
C  0  1  33  1  0 18  -0.2792202 -0.3185713 -0.2777266 -0.2271938 -0.2410015 -0.2133859 -0.2954323 -0.2690735 -0.2459785 -0.2269611 -0.2593496 -0.3355233 -0.2836493 -0.2163726 -0.2425805 -0.2407867
C  0  1  33  1  0 19  -0.2103386 -0.2433815 -0.2787932 -0.2536471 -0.3194515 -0.2792186 -0.2798392 -0.1767404 -0.2833761 -0.2717691 -0.1901655 -0.2738719 -0.2696642 -0.2358445 -0.2182869 -0.2664588
C  0  1  33  1  0 20  -0.3101016 -0.2515062 -0.3227537 -0.3461169 -0.2768630 -0.3055400 -0.3301263 -0.3295822 -0.2816972 -0.3340714 -0.3354781 -0.2856839 -0.3291818 -0.3354047 -0.2076616 -0.2788289
C  0  1  33  1  0 21  -0.3846960 -0.3688188 -0.3700518 -0.3786324 -0.2763386 -0.2771835 -0.3163861 -0.2855652 -0.3315006 -0.3085481 -0.3542176 -0.3831658 -0.2288580 -0.4149600 -0.3380384 -0.3771572
C  0  1  33  1  1  0   0.0449759  0.0485229  0.0418568  0.0245250  0.0012882 -0.0189047 -0.0326367 -0.0418467 -0.0481289 -0.0342554 -0.0329592 -0.0184764  0.0029399  0.0064441  0.0249698  0.0374992
C  0  1  33  1  1  1   0.0260443  0.0231790  0.0181251  0.0100533  0.0019673 -0.0066993 -0.0159778 -0.0184272 -0.0170263 -0.0148207 -0.0149458 -0.0072080  0.0027596  0.0088670  0.0131963  0.0239104
C  0  1  33  1  1  2   0.0121930  0.0131578  0.0093605  0.0060552  0.0020027 -0.0031377 -0.0077441 -0.0076425 -0.0094905 -0.0073678 -0.0053884 -0.0024404  0.0005310  0.0039963  0.0046762  0.0111788
C  0  1  33  1  1  3   0.0081899  0.0069345  0.0026581  0.0050160  0.0005780  0.0008484 -0.0038277 -0.0009981 -0.0001635  0.0003759 -0.0022511  0.0001096  0.0007043  0.0037940  0.0006258  0.0054950
C  0  1  33  1  1  4   0.0021832  0.0022955  0.0010889  0.0007222  0.0035476  0.0031752  0.0007683  0.0016989  0.0050772  0.0023749 -0.0009526 -0.0009710  0.0025706  0.0019488  0.0043009  0.0023049
C  0  1  33  1  1  5   0.0017498  0.0014192  0.0003427  0.0042072  0.0035829  0.0045219  0.0030526  0.0043922  0.0049079  0.0028598 -0.0009683  0.0000674  0.0025738  0.0039111  0.0030436 -0.0006868
C  0  1  33  1  1  6   0.0013605  0.0015317  0.0018136  0.0045799  0.0062776  0.0043093  0.0046827  0.0047526  0.0042738  0.0012205  0.0010428  0.0004176  0.0019639  0.0018464  0.0016155  0.0000620
C  0  1  33  1  1  7  -0.0007347  0.0017615  0.0019497  0.0042260  0.0047398  0.0033105  0.0063436  0.0040800  0.0030605  0.0012861 -0.0002437  0.0005300  0.0022773  0.0011811  0.0025428 -0.0006338
C  0  1  33  1  1  8  -0.0007802  0.0009455  0.0029051  0.0022882  0.0051894  0.0038870  0.0042817  0.0048009  0.0054853  0.0009660  0.0008747 -0.0003220  0.0021342  0.0018759  0.0008762 -0.0006144
C  0  1  33  1  1  9   0.0019093  0.0019600  0.0027634  0.0038535  0.0024862  0.0031816  0.0042467  0.0038884  0.0033458  0.0001589  0.0008979  0.0011960  0.0011366  0.0008919  0.0013961 -0.0015128
C  0  1  33  1  1 10   0.0003863  0.0020341  0.0011555  0.0025526  0.0021449  0.0016841  0.0025978  0.0029503  0.0036347 -0.0000909 -0.0004331  0.0002376 -0.0001177  0.0016427  0.0027277 -0.0011628
C  0  1  33  1  1 11   0.0005712  0.0016723  0.0017884  0.0032455  0.0028373  0.0003228  0.0011970  0.0020156  0.0028694  0.0013317 -0.0012111 -0.0003482 -0.0001890  0.0006774  0.0009590 -0.0013378
C  0  1  33  1  1 12   0.0001445  0.0024709  0.0020008  0.0040201  0.0023979  0.0013292  0.0009284  0.0026398  0.0036565  0.0019663  0.0018637  0.0013084  0.0011456 -0.0000151  0.0012309 -0.0000936
C  0  1  33  1  1 13  -0.0003058  0.0023470  0.0025160  0.0034490  0.0030017  0.0030491  0.0044820  0.0054336  0.0049893  0.0008823  0.0010324 -0.0000483 -0.0000789 -0.0011267  0.0008763 -0.0016433
C  0  1  33  1  1 14   0.0005716  0.0011325  0.0023015  0.0043126  0.0046890  0.0031422  0.0034058  0.0071648  0.0062364  0.0016624  0.0027652 -0.0009951 -0.0011109 -0.0015367 -0.0009049 -0.0025654
C  0  1  33  1  1 15  -0.0018897  0.0003320  0.0032585  0.0046384  0.0033366 -0.0004771  0.0026223  0.0034891  0.0064015  0.0027499  0.0022747  0.0010519 -0.0024577 -0.0052371 -0.0049360 -0.0047797
C  0  1  33  1  1 16  -0.0013128  0.0021717  0.0035039  0.0053825  0.0023275  0.0018695  0.0041105  0.0046054  0.0040304  0.0070698  0.0030021  0.0028496 -0.0004923 -0.0014289 -0.0049476 -0.0040999
C  0  1  33  1  1 17  -0.0032322  0.0015586  0.0025832  0.0057213  0.0018193 -0.0015198  0.0010914  0.0036657  0.0051613  0.0042228  0.0038894  0.0017546 -0.0014718 -0.0054246 -0.0060422 -0.0051523
C  0  1  33  1  1 18   0.0003374  0.0075605  0.0052238  0.0061044  0.0046546  0.0009141 -0.0024631 -0.0004912  0.0027259  0.0048495  0.0014032  0.0013699 -0.0019338 -0.0039572 -0.0066236 -0.0036306
C  0  1  33  1  1 19   0.0029967  0.0091415  0.0126692  0.0102005  0.0061822  0.0030347 -0.0013020  0.0001407  0.0038613  0.0046065  0.0024050 -0.0004775 -0.0020362 -0.0043622 -0.0044401 -0.0014788
C  0  1  33  1  1 20   0.0013300  0.0154952  0.0189296  0.0142835  0.0061021  0.0037219 -0.0032455 -0.0010908  0.0013110  0.0071875  0.0019559 -0.0028025 -0.0059728 -0.0078148 -0.0049566 -0.0051632
C  0  1  33  1  1 21   0.0092128  0.0207699  0.0300682  0.0227827  0.0155304  0.0157608  0.0105411  0.0112834  0.0136735  0.0147296  0.0024757 -0.0038622 -0.0112170 -0.0180179 -0.0067199  0.0011663
