CPHI 16 
CETA 22 -2.40 -2.10 -1.85 -1.60 -1.40 -1.20 -1.00 -0.80 -0.60 -0.40 -0.20  0.00  0.20  0.40  0.60  0.80  1.00  1.20  1.40  1.60  1.85  2.10  2.40 
RMIN  6 
RTRK 12 
RETA 11  0.00  0.20  0.40  0.60  0.80  1.00  1.20  1.40  1.60  1.85  2.10  2.40 
T 0 1  34  0  0  0    0.0000000   0.0006208   0.0016753   0.0032028   0.0122318   0.0694833   0.2783413   0.6538332   1.0000000   1.0000000   1.0000000   1.0000000   1.0000000
T 0 1  34  0  0  1    0.0000000   0.0001542   0.0005689   0.0023990   0.0122354   0.0591282   0.2266141   0.5893107   1.0000000   1.0000000   1.0000000   1.0000000   1.0000000
T 0 1  34  0  0  2    0.0000000   0.0001093   0.0005378   0.0017624   0.0107531   0.0556162   0.2092362   0.5738649   1.0000000   1.0000000   1.0000000   1.0000000   1.0000000
T 0 1  34  0  0  3    0.0000000   0.0002006   0.0006008   0.0017428   0.0115951   0.0628156   0.2261621   0.5868937   1.0000000   1.0000000   1.0000000   1.0000000   1.0000000
T 0 1  34  0  0  4    0.0000000   0.0004263   0.0025207   0.0142464   0.0628496   0.2041243   0.4893063   0.8221979   1.0000000   1.0000000   1.0000000   1.0000000   1.0000000
T 0 1  34  0  0  5    0.0000000   0.0010103   0.0075544   0.0516406   0.2052843   0.5323464   0.8763869   0.9993776   1.0000000   1.0000000   1.0000000   1.0000000   1.0000000
T 0 1  34  0  0  6    0.0000000   0.0002940   0.0011882   0.0103714   0.0674615   0.2778208   0.6649106   0.9311579   0.9981938   1.0000000   1.0000000   1.0000000   1.0000000
T 0 1  34  0  0  7    0.0000000   0.0000728   0.0003853   0.0008763   0.0048246   0.0307894   0.1188132   0.2977084   0.5816888   0.8693791   0.9841729   0.9998954   1.0000000
T 0 1  34  0  0  8    0.0000000   0.0000019   0.0000342   0.0001159   0.0003788   0.0009629   0.0041003   0.0247190   0.1190432   0.3937111   0.7891046   0.9691169   1.0000000
T 0 1  34  0  0  9    0.0000000   0.0000026   0.0000041   0.0000310   0.0005364   0.0035464   0.0185148   0.0862968   0.3022747   0.6587302   0.9388100   0.9999383   1.0000000
T 0 1  34  0  0 10    0.0000000   0.0067261   0.0289427   0.0464025   0.0795503   0.1691910   0.3383392   0.6896026   0.9104935   0.9706265   0.9998179   1.0000000   1.0000000
T 0 1  34  1  0  0    0.0000000   0.0005148   0.0016399   0.0047460   0.0213440   0.1017716   0.3374237   0.6994022   1.0000000   1.0000000   1.0000000   1.0000000   1.0000000
T 0 1  34  1  0  1    0.0000000   0.0002633   0.0010891   0.0042307   0.0181163   0.0752157   0.2537985   0.6193956   1.0000000   1.0000000   1.0000000   1.0000000   1.0000000
T 0 1  34  1  0  2    0.0000000   0.0002194   0.0008486   0.0027728   0.0124455   0.0616642   0.2339277   0.6064318   1.0000000   1.0000000   1.0000000   1.0000000   1.0000000
T 0 1  34  1  0  3    0.0000000   0.0002283   0.0008669   0.0027852   0.0140251   0.0700545   0.2491207   0.6198491   1.0000000   1.0000000   1.0000000   1.0000000   1.0000000
T 0 1  34  1  0  4    0.0000000   0.0004356   0.0027620   0.0153929   0.0663357   0.2155446   0.5058694   0.8320271   1.0000000   1.0000000   1.0000000   1.0000000   1.0000000
T 0 1  34  1  0  5    0.0000000   0.0011873   0.0094478   0.0577925   0.2246261   0.5586818   0.8900123   0.9996500   1.0000000   1.0000000   1.0000000   1.0000000   1.0000000
T 0 1  34  1  0  6    0.0000000   0.0004626   0.0026649   0.0180020   0.0942133   0.3329130   0.7236541   0.9536823   0.9988141   0.9999984   1.0000000   1.0000000   1.0000000
T 0 1  34  1  0  7    0.0000000   0.0002246   0.0006446   0.0024765   0.0123245   0.0526267   0.1570011   0.3413836   0.6074237   0.8728054   0.9849908   0.9998878   1.0000000
T 0 1  34  1  0  8    0.0000000   0.0009562   0.0014955   0.0017998   0.0022382   0.0036136   0.0107994   0.0452511   0.1686405   0.4573475   0.8251665   0.9710661   1.0000000
T 0 1  34  1  0  9    0.0000000   0.0021003   0.0074838   0.0131257   0.0159362   0.0198461   0.0401951   0.1288935   0.3661962   0.7154288   0.9583841   0.9999941   1.0000000
T 0 1  34  1  0 10    0.0000000   0.0032254   0.0170235   0.0428863   0.0843736   0.1746921   0.3942474   0.7474223   0.9511020   0.9856143   0.9999985   1.0000000   1.0000000
R 0 1  34  0  0  0    0.0223468   0.0223468   0.0101146   0.0104586   0.0103590   0.0102439   0.0099900   0.0098626   0.0098626   0.0098626   0.0098626   0.0098626
R 0 1  34  0  0  1    0.0118377   0.0118377   0.0118377   0.0118377   0.0108820   0.0109271   0.0109335   0.0108453   0.0108453   0.0108453   0.0108453   0.0108453
R 0 1  34  0  0  2    0.0125349   0.0125349   0.0125349   0.0125349   0.0121444   0.0119886   0.0118680   0.0116803   0.0116803   0.0116803   0.0116803   0.0116803
R 0 1  34  0  0  3    0.0136301   0.0136301   0.0136301   0.0136301   0.0126369   0.0125112   0.0123764   0.0122430   0.0122430   0.0122430   0.0122430   0.0122430
R 0 1  34  0  0  4    0.0191970   0.0191970   0.0191970   0.0175421   0.0168990   0.0158672   0.0144978   0.0130996   0.0130996   0.0130996   0.0130996   0.0130996
R 0 1  34  0  0  5    0.0210097   0.0210097   0.0194863   0.0191226   0.0187926   0.0179931   0.0169090   0.0169090   0.0169090   0.0169090   0.0169090   0.0169090
R 0 1  34  0  0  6    0.0202817   0.0202817   0.0202817   0.0204303   0.0207768   0.0207288   0.0207904   0.0207830   0.0207830   0.0207830   0.0207830   0.0207830
R 0 1  34  0  0  7    0.0227472   0.0227472   0.0227472   0.0227472   0.0203002   0.0210963   0.0211131   0.0210397   0.0205901   0.0197378   0.0197378   0.0197378
R 0 1  34  0  0  8    0.0213493   0.0213493   0.0213493   0.0213493   0.0213493   0.0213493   0.0213493   0.0209677   0.0209887   0.0208846   0.0202206   0.0189387
R 0 1  34  0  0  9    0.0320027   0.0320027   0.0320027   0.0320027   0.0320027   0.0320027   0.0291972   0.0288456   0.0275415   0.0264858   0.0250498   0.0250498
R 0 1  34  0  0 10    0.0791079   0.0715499   0.0601115   0.0529900   0.0471966   0.0440311   0.0409993   0.0356558   0.0338900   0.0301618   0.0301618   0.0301618
R 0 1  34  0  1  0    0.0000000   0.0000000   0.0000000   0.0000652   0.0000815   0.0000835   0.0000746   0.0000669   0.0000669   0.0000669   0.0000669   0.0000669
R 0 1  34  0  1  1    0.0000679   0.0000679   0.0000679   0.0000679   0.0000623   0.0000676   0.0000634   0.0000560   0.0000560   0.0000560   0.0000560   0.0000560
R 0 1  34  0  1  2    0.0000617   0.0000617   0.0000617   0.0000617   0.0000755   0.0000643   0.0000602   0.0000530   0.0000530   0.0000530   0.0000530   0.0000530
R 0 1  34  0  1  3    0.0000880   0.0000880   0.0000880   0.0000880   0.0000632   0.0000537   0.0000531   0.0000504   0.0000504   0.0000504   0.0000504   0.0000504
R 0 1  34  0  1  4    0.0001394   0.0001394   0.0001394   0.0000994   0.0000883   0.0000707   0.0000549   0.0000462   0.0000462   0.0000462   0.0000462   0.0000462
R 0 1  34  0  1  5    0.0001613   0.0001613   0.0000888   0.0000757   0.0000733   0.0000527   0.0000462   0.0000462   0.0000462   0.0000462   0.0000462   0.0000462
R 0 1  34  0  1  6    0.0000000   0.0000000   0.0000000   0.0000517   0.0000638   0.0000558   0.0000555   0.0000325   0.0000325   0.0000325   0.0000325   0.0000325
R 0 1  34  0  1  7    0.0001718   0.0001718   0.0001718   0.0001718   0.0000657   0.0000556   0.0000599   0.0000765   0.0000742   0.0000442   0.0000442   0.0000442
R 0 1  34  0  1  8    0.0000969   0.0000969   0.0000969   0.0000969   0.0000969   0.0000969   0.0000969   0.0001101   0.0001039   0.0000985   0.0000792   0.0000819
R 0 1  34  0  1  9    0.0003466   0.0003466   0.0003466   0.0003466   0.0003466   0.0003466   0.0002016   0.0001968   0.0001827   0.0001591   0.0001321   0.0001321
R 0 1  34  0  1 10    0.0015109   0.0011612   0.0007242   0.0007446   0.0005709   0.0004756   0.0003979   0.0002534   0.0002055   0.0001538   0.0001538   0.0001538
R 0 1  34  0  2  0    0.0000000   0.0000000   0.0000000   0.0000000   0.0000000   0.0000000   0.0000160   0.0000081   0.0000081   0.0000081   0.0000081   0.0000081
R 0 1  34  0  2  1    0.0000000   0.0000000   0.0000000   0.0000000   0.0000000   0.0000150   0.0000131   0.0000188   0.0000188   0.0000188   0.0000188   0.0000188
R 0 1  34  0  2  2    0.0000000   0.0000000   0.0000000   0.0000000   0.0000445   0.0000224   0.0000000   0.0000066   0.0000066   0.0000066   0.0000066   0.0000066
R 0 1  34  0  2  3    0.0000650   0.0000650   0.0000650   0.0000650   0.0000234   0.0000000   0.0000077   0.0000121   0.0000121   0.0000121   0.0000121   0.0000121
R 0 1  34  0  2  4    0.0000000   0.0000000   0.0000000   0.0000000   0.0000000   0.0000000   0.0000200   0.0000135   0.0000135   0.0000135   0.0000135   0.0000135
R 0 1  34  0  2  5    0.0000000   0.0000000   0.0000000   0.0000000   0.0000135   0.0000169   0.0000000   0.0000000   0.0000000   0.0000000   0.0000000   0.0000000
R 0 1  34  0  2  6    0.0000000   0.0000000   0.0000000   0.0000000   0.0000000   0.0000093   0.0000000   0.0000000   0.0000000   0.0000000   0.0000000   0.0000000
R 0 1  34  0  2  7    0.0000000   0.0000000   0.0000000   0.0000000   0.0000557   0.0000000   0.0000000   0.0000000   0.0000000   0.0000000   0.0000000   0.0000000
R 0 1  34  0  2  8    0.0000000   0.0000000   0.0000000   0.0000000   0.0000000   0.0000000   0.0000000   0.0000000   0.0000000   0.0000147   0.0000000   0.0000000
R 0 1  34  0  2  9    0.0000000   0.0000000   0.0000000   0.0000000   0.0000000   0.0000000   0.0001006   0.0000000   0.0000000   0.0000000   0.0000000   0.0000000
R 0 1  34  0  2 10    0.0000000   0.0000000   0.0000000   0.0000000   0.0000000   0.0000000   0.0001073   0.0000000   0.0000000   0.0000000   0.0000000   0.0000000
R 0 1  34  0  3  0    1.1714928   1.1714928   1.1573788   1.0257945   0.9978485   0.9847749   0.9816286   0.9824030   0.9824030   0.9824030   0.9824030   0.9824030
R 0 1  34  0  3  1    1.0243147   1.0243147   1.0243147   1.0243147   1.0007240   0.9842768   0.9777199   0.9795770   0.9795770   0.9795770   0.9795770   0.9795770
R 0 1  34  0  3  2    1.0159885   1.0159885   1.0159885   1.0159885   1.0007964   0.9857180   0.9808049   0.9803548   0.9803548   0.9803548   0.9803548   0.9803548
R 0 1  34  0  3  3    0.9893904   0.9893904   0.9893904   0.9893904   1.0029844   0.9891486   0.9813387   0.9809310   0.9809310   0.9809310   0.9809310   0.9809310
R 0 1  34  0  3  4    1.0225752   1.0225752   1.0225752   0.9867648   0.9792239   0.9726562   0.9777129   0.9867615   0.9867615   0.9867615   0.9867615   0.9867615
R 0 1  34  0  3  5    1.0141431   1.0141431   0.9870950   0.9793194   0.9726630   0.9734360   0.9706223   0.9706223   0.9706223   0.9706223   0.9706223   0.9706223
R 0 1  34  0  3  6    1.0132607   1.0132607   1.0132607   0.9988490   0.9878311   0.9836646   0.9849771   0.9841463   0.9841463   0.9841463   0.9841463   0.9841463
R 0 1  34  0  3  7    1.0504934   1.0504934   1.0504934   1.0504934   1.0398186   0.9982841   0.9897542   0.9867210   0.9864636   0.9861797   0.9861797   0.9861797
R 0 1  34  0  3  8    1.0177165   1.0177165   1.0177165   1.0177165   1.0177165   1.0177165   1.0177165   0.9978163   0.9834592   0.9821678   0.9889981   1.0197110
R 0 1  34  0  3  9    1.0285305   1.0285305   1.0285305   1.0285305   1.0285305   1.0285305   1.0010803   0.9734830   0.9753652   0.9842539   1.0024990   1.0024990
R 0 1  34  0  3 10    1.0633330   1.0385313   1.0135630   1.0052688   0.9825583   0.9661604   0.9675937   0.9650936   0.9958552   1.0164669   1.0164669   1.0164669
R 0 1  34  0  4  0    1.5081161   1.5081161   1.0906552   2.1309364   2.2981855   2.2881656   2.2543437   2.2617409   2.2617409   2.2617409   2.2617409   2.2617409
R 0 1  34  0  4  1    1.9960578   1.9960578   1.9960578   1.9960578   2.1301414   2.2395377   2.1832403   2.2100909   2.2100909   2.2100909   2.2100909   2.2100909
R 0 1  34  0  4  2    2.0180176   2.0180176   2.0180176   2.0180176   2.2356514   2.2470118   2.2342858   2.1999418   2.1999418   2.1999418   2.1999418   2.1999418
R 0 1  34  0  4  3    1.6990636   1.6990636   1.6990636   1.6990636   2.2575981   2.2513641   2.2166455   2.2056968   2.2056968   2.2056968   2.2056968   2.2056968
R 0 1  34  0  4  4    2.0392898   2.0392898   2.0392898   2.0204856   2.0918011   2.0653153   2.1848433   2.3180881   2.3180881   2.3180881   2.3180881   2.3180881
R 0 1  34  0  4  5    1.8366455   1.8366455   2.0324496   2.1050149   2.0591669   2.0772577   1.9735335   1.9735335   1.9735335   1.9735335   1.9735335   1.9735335
R 0 1  34  0  4  6    1.9730107   1.9730107   1.9730107   2.1875255   2.3122742   2.3315193   2.3621866   2.2818720   2.2818720   2.2818720   2.2818720   2.2818720
R 0 1  34  0  4  7    1.8237657   1.8237657   1.8237657   1.8237657   2.2750890   2.3299302   2.3401645   2.3745320   2.3889148   2.3562597   2.3562597   2.3562597
R 0 1  34  0  4  8    2.1654063   2.1654063   2.1654063   2.1654063   2.1654063   2.1654063   2.1654063   2.2833897   2.2137194   2.2319888   2.3110162   2.3681223
R 0 1  34  0  4  9    2.1329908   2.1329908   2.1329908   2.1329908   2.1329908   2.1329908   1.9891841   2.0294605   2.0855165   2.2098791   2.2148823   2.2148823
R 0 1  34  0  4 10    2.0338207   2.2491726   1.8560872   1.9095525   2.0476293   1.9196371   1.9655252   1.8952155   2.0603704   2.0203527   2.0203527   2.0203527
R 0 1  34  0  5  0   11.5762241  11.5762241  12.6720567   3.4542638   3.4602910   3.7808362   4.1554549   4.0440651   4.0440651   4.0440651   4.0440651   4.0440651
R 0 1  34  0  5  1    3.6344312   3.6344312   3.6344312   3.6344312   4.3568897   3.9977201   4.5336835   4.2609276   4.2609276   4.2609276   4.2609276   4.2609276
R 0 1  34  0  5  2    3.5342135   3.5342135   3.5342135   3.5342135   4.0176260   4.2166325   4.1940034   4.5404930   4.5404930   4.5404930   4.5404930   4.5404930
R 0 1  34  0  5  3    5.4901399   5.4901399   5.4901399   5.4901399   4.0025467   4.1599412   4.4547575   4.5497391   4.5497391   4.5497391   4.5497391   4.5497391
R 0 1  34  0  5  4    3.8368501   3.8368501   3.8368501   5.1670613   4.9609446   5.2036262   4.0225151   3.2359640   3.2359640   3.2359640   3.2359640   3.2359640
R 0 1  34  0  5  5    4.1304440   4.1304440   5.0045506   4.9547889   5.6231669   4.8265312   4.3699742   4.3699742   4.3699742   4.3699742   4.3699742   4.3699742
R 0 1  34  0  5  6    2.9941132   2.9941132   2.9941132   4.0496526   3.5193909   3.0481522   2.3393804   2.0099007   2.0099007   2.0099007   2.0099007   2.0099007
R 0 1  34  0  5  7    4.6461598   4.6461598   4.6461598   4.6461598   3.8313216   3.2382257   2.9077055   2.8202267   2.5322147   2.0325112   2.0325112   2.0325112
R 0 1  34  0  5  8    4.3141775   4.3141775   4.3141775   4.3141775   4.3141775   4.3141775   4.3141775   4.0529198   4.7194886   4.4818307   3.4851777   3.6143285
R 0 1  34  0  5  9    4.6495180   4.6495180   4.6495180   4.6495180   4.6495180   4.6495180   7.2613912   6.3915122   6.1781714   5.2698412   5.3102864   5.3102864
R 0 1  34  0  5 10    5.1666647   4.1418470   5.0199937   5.6041189   4.8253204   7.2224967   7.8175321   9.6913867   7.0720568   6.7241090   6.7241090   6.7241090
F  0  1  34  0  0  0    1.0060161   1.0115481   0.9921255   0.9973824   0.9838791   0.9946149   0.9874271   0.9841579   0.9900626   0.9885338   0.9887051
F  0  1  34  1  0  0    1.0725891   1.0872165   1.0551415   1.0756597   1.0536274   1.0766132   1.0730529   1.0493976   1.0439139   1.0740403   1.0915326
C  0  1  34  0  0  0  -0.2156192 -0.2755422 -0.2761843 -0.3498789 -0.2514725 -0.1899856 -0.0946312 -0.0821254 -0.1819993  0.0239887 -0.2666047 -0.1921148 -0.2609712 -0.3237051 -0.2110365 -0.0210737
C  0  1  34  0  0  1   0.0311635 -0.0884887 -0.0514787 -0.1104389 -0.1503781 -0.0513964 -0.1166326 -0.0907665  0.0107728 -0.0855887 -0.0055210 -0.0738896 -0.1165371 -0.1901654 -0.1575774 -0.0158472
C  0  1  34  0  0  2  -0.1719427 -0.1595325 -0.1119752 -0.0796408 -0.0372847  0.0593375 -0.1791156 -0.1646828 -0.0014508 -0.0938393 -0.0892991 -0.0367143 -0.0889719 -0.0542500 -0.0223393 -0.1047587
C  0  1  34  0  0  3  -0.0607221 -0.0758437 -0.0906745 -0.0843604 -0.0278678 -0.0734849 -0.0215510  0.0378827 -0.0795189 -0.0850183 -0.1406202 -0.1461040 -0.1189523 -0.1271348 -0.1345923 -0.0267014
C  0  1  34  0  0  4  -0.0694986 -0.1340821 -0.0139245 -0.1307713 -0.0911512 -0.0685425  0.0222718 -0.0694377 -0.0402246 -0.0492392 -0.0782631 -0.0752911 -0.1687936 -0.1144710 -0.0007198 -0.0697122
C  0  1  34  0  0  5  -0.0758910 -0.0006522 -0.1029517 -0.0116991 -0.0782371  0.0015354 -0.0411203 -0.1141376  0.0638903 -0.0122405 -0.0474956  0.0430358 -0.0360051  0.0560397  0.1139904 -0.0384195
C  0  1  34  0  0  6   0.0152091  0.0239889  0.0316162 -0.0894755 -0.0838981 -0.0325890 -0.0412985 -0.0886174  0.0135533  0.0108643  0.0025475  0.1039775 -0.0811552  0.0306416 -0.0692302  0.0970790
C  0  1  34  0  0  7  -0.0645511 -0.0002712 -0.0233831  0.0161014 -0.0178564  0.0392911 -0.0201125 -0.0124487 -0.0407971 -0.0011698  0.0927132 -0.0122369  0.0006727 -0.0427340 -0.1259035  0.0064112
C  0  1  34  0  0  8  -0.0623876 -0.0032792 -0.0093877  0.0201003 -0.0803652  0.0752078  0.0133444  0.0560736 -0.0033981  0.0562983 -0.0486992 -0.0396844  0.0403050  0.0737639 -0.1012577  0.0045013
C  0  1  34  0  0  9  -0.0248368 -0.0371735 -0.0102184  0.0833411  0.0666416  0.0932484  0.0372774  0.0203266 -0.0137267  0.0003797  0.0356123  0.0705773 -0.0235238  0.0612860 -0.0523940  0.0924987
C  0  1  34  0  0 10  -0.0063273 -0.0774102  0.0258078  0.0457657 -0.0076096 -0.0036571 -0.0438270 -0.0709728 -0.0047193  0.0015382  0.0209035  0.0236893 -0.0451182  0.0520873 -0.0114989  0.0609930
C  0  1  34  0  0 11  -0.0263205  0.0034899 -0.0520948  0.0384132  0.0209191  0.1006670  0.0271497  0.0877882 -0.0068108  0.0557450  0.0423122 -0.0368463  0.0180650  0.0380969 -0.0267002 -0.0591041
C  0  1  34  0  0 12   0.0771880 -0.0361595  0.0444229  0.0579290  0.0908505  0.0974195 -0.0509585 -0.0535095  0.0398787  0.1175064  0.0195911  0.0244283 -0.0141884  0.0148374 -0.0048038  0.0264241
C  0  1  34  0  0 13  -0.0566407 -0.0161992  0.0217299  0.0034971 -0.0506161  0.0120555 -0.0141807  0.0220469  0.0722043  0.0448813 -0.0010424  0.0137319  0.0668919  0.0347162 -0.0039119  0.0241759
C  0  1  34  0  0 14  -0.0028701 -0.0848724  0.0074401  0.0587600 -0.0356344  0.0192630  0.0068125 -0.0272514 -0.0206587  0.0125114  0.1203430 -0.0670749  0.1086161  0.0739586 -0.0064771 -0.0432845
C  0  1  34  0  0 15  -0.0588013 -0.0203388 -0.0634795  0.0372642  0.0417017 -0.0283817 -0.0166518  0.0523926 -0.0032654  0.0104559  0.0231475 -0.1235549  0.0351581 -0.0418046 -0.0599114  0.0346483
C  0  1  34  0  0 16   0.1443497  0.0233119 -0.0688308 -0.0701066 -0.0865088 -0.1991177  0.0026037  0.0531165 -0.0288459  0.2258820  0.0177031 -0.0549784 -0.0875495  0.0539939 -0.1294736  0.0083305
C  0  1  34  0  0 17  -0.0974368 -0.1064893 -0.0736892 -0.1243553 -0.2459605 -0.0437015 -0.0199205 -0.0179812 -0.0429597 -0.0700429 -0.0035954  0.0454056 -0.0465474 -0.1228809  0.0083467 -0.0190433
C  0  1  34  0  0 18  -0.0371870 -0.1232982  0.0635359 -0.1340709 -0.1599706 -0.0553553 -0.0812927 -0.0848181 -0.0451741 -0.0609937 -0.0163733 -0.0693272 -0.0772482  0.0221122 -0.1955530 -0.0757220
C  0  1  34  0  0 19   0.0309495 -0.1347802 -0.1642691 -0.0168645 -0.1104888 -0.0585836 -0.1051189 -0.0132488 -0.1800063 -0.1135925 -0.0302422 -0.0589488 -0.0616860 -0.0160594 -0.0654866 -0.2111313
C  0  1  34  0  0 20  -0.0168701 -0.0126334 -0.0941517 -0.0896417 -0.1457038 -0.1273675 -0.2534257 -0.1754548 -0.1033889 -0.0836123 -0.2654488  0.0392929 -0.0621942 -0.1577467 -0.1582471 -0.1481411
C  0  1  34  0  0 21  -0.1798239 -0.3147555 -0.3485489 -0.1870307 -0.1516648 -0.1457343 -0.3052643 -0.1263971 -0.1883770 -0.1235268 -0.2256242 -0.1902720 -0.2635177 -0.3359269 -0.2094131 -0.2805307
C  0  1  34  0  1  0  -0.0013154 -0.0007239  0.0008525  0.0004365 -0.0055799  0.0034264  0.0008085  0.0040134  0.0006171 -0.0045856 -0.0029285  0.0037441  0.0097603  0.0053880  0.0056354  0.0082020
C  0  1  34  0  1  1  -0.0007579 -0.0000831 -0.0030770 -0.0017545 -0.0025686 -0.0023375  0.0037023  0.0015672  0.0014600 -0.0011128 -0.0066358 -0.0008471  0.0012272  0.0021590  0.0017676  0.0018197
C  0  1  34  0  1  2   0.0022922 -0.0012895 -0.0017333 -0.0016035 -0.0029503 -0.0003159  0.0008034  0.0005684 -0.0022705  0.0013299 -0.0025985 -0.0034907  0.0009177 -0.0004399 -0.0005557 -0.0024314
C  0  1  34  0  1  3   0.0020540  0.0007206  0.0005776 -0.0037726 -0.0006658  0.0012518  0.0018221 -0.0022823 -0.0014998 -0.0033211  0.0002375 -0.0017841  0.0014053 -0.0021568  0.0004956  0.0003329
C  0  1  34  0  1  4   0.0027731 -0.0002628 -0.0003839  0.0020496  0.0014512 -0.0017131  0.0012639 -0.0007136  0.0008679  0.0001416 -0.0012070 -0.0023584  0.0005945 -0.0003134 -0.0012740 -0.0012921
C  0  1  34  0  1  5   0.0006054  0.0002210 -0.0021342  0.0008268 -0.0001368 -0.0030375 -0.0000285  0.0010473  0.0003669 -0.0027543  0.0028072  0.0013562  0.0000994 -0.0009199 -0.0004731 -0.0031792
C  0  1  34  0  1  6   0.0020659 -0.0011552 -0.0009713  0.0001063  0.0016038  0.0001159 -0.0026853 -0.0009408  0.0008239 -0.0026690 -0.0021024  0.0013984 -0.0022453 -0.0043815  0.0012287 -0.0006961
C  0  1  34  0  1  7   0.0018033 -0.0009532  0.0011416  0.0000054 -0.0012624  0.0010694 -0.0017432 -0.0005068  0.0011855 -0.0005211  0.0018262 -0.0027109 -0.0020535 -0.0008112 -0.0018171 -0.0005628
C  0  1  34  0  1  8   0.0007051  0.0013926  0.0004668 -0.0007469 -0.0000378  0.0002143  0.0002890 -0.0013521  0.0010399  0.0013521  0.0019453 -0.0017613  0.0000430  0.0004795  0.0002091  0.0010929
C  0  1  34  0  1  9  -0.0033149 -0.0006521  0.0015736  0.0005050  0.0004042  0.0004834 -0.0003698 -0.0001429 -0.0006871 -0.0015103 -0.0027189 -0.0012580 -0.0034674  0.0003252 -0.0019791 -0.0001436
C  0  1  34  0  1 10  -0.0002684 -0.0005429  0.0014909 -0.0006490  0.0006911 -0.0015168  0.0002540 -0.0001165 -0.0009123 -0.0024314  0.0002747 -0.0021537 -0.0012166 -0.0009526 -0.0005030  0.0020206
C  0  1  34  0  1 11   0.0002283  0.0013011  0.0016784  0.0011576  0.0001469  0.0013933 -0.0041026 -0.0038278 -0.0036766  0.0017351  0.0013563 -0.0017454  0.0002981  0.0007657 -0.0013196 -0.0009206
C  0  1  34  0  1 12   0.0000225 -0.0012997  0.0000624 -0.0006169  0.0008686 -0.0009159  0.0011949 -0.0002494 -0.0005132 -0.0005179  0.0009673  0.0002235 -0.0001765 -0.0003173 -0.0018993  0.0007951
C  0  1  34  0  1 13   0.0046799 -0.0017214  0.0002827  0.0022837  0.0035400 -0.0007343  0.0003927 -0.0001528 -0.0001944 -0.0010688 -0.0003379 -0.0024025  0.0018274  0.0005078 -0.0001117  0.0011948
C  0  1  34  0  1 14   0.0017054 -0.0003221  0.0008893  0.0011533 -0.0000926  0.0017898 -0.0018590  0.0005431 -0.0001594  0.0001088  0.0001745 -0.0000022 -0.0014967 -0.0011431 -0.0015710  0.0026420
C  0  1  34  0  1 15   0.0013713 -0.0019139 -0.0001251  0.0004509  0.0008481  0.0009356  0.0000425 -0.0008065  0.0006012 -0.0011266 -0.0007772  0.0002901  0.0001293  0.0013775  0.0008149  0.0008185
C  0  1  34  0  1 16   0.0025284  0.0020874  0.0018292  0.0023169 -0.0008332  0.0011148 -0.0011944 -0.0007150 -0.0008015 -0.0015959 -0.0010887  0.0007904 -0.0013997 -0.0009825  0.0027768  0.0021394
C  0  1  34  0  1 17  -0.0009674 -0.0006862 -0.0017263  0.0024045  0.0002643  0.0028650  0.0014551  0.0022740 -0.0004942  0.0023489  0.0002162 -0.0011946  0.0022899  0.0005374  0.0040794  0.0047151
C  0  1  34  0  1 18   0.0057789  0.0048626  0.0016964 -0.0002329 -0.0013722 -0.0006219  0.0040102  0.0010959 -0.0005456  0.0029038  0.0033164  0.0027599 -0.0010155 -0.0049403  0.0064530  0.0038686
C  0  1  34  0  1 19   0.0021149  0.0032840 -0.0009903  0.0014438  0.0007085  0.0009181  0.0042799  0.0004592  0.0019639  0.0057009 -0.0009181  0.0009401  0.0018642  0.0004470  0.0032048  0.0034068
C  0  1  34  0  1 20   0.0041149  0.0061209  0.0055513  0.0034022  0.0004363  0.0021408  0.0024051  0.0019865  0.0027342  0.0015586  0.0000845 -0.0015967  0.0030438  0.0048735  0.0031396  0.0048614
C  0  1  34  0  1 21   0.0135067  0.0141443  0.0069720  0.0041827 -0.0042810 -0.0051377 -0.0095867 -0.0035483 -0.0040300 -0.0051483 -0.0041883  0.0035281  0.0000182  0.0071746  0.0134021  0.0006319
C  0  1  34  1  0  0  -0.4603912 -0.3126668 -0.4181391 -0.3358111 -0.1929144 -0.2789533 -0.2946529 -0.2536061 -0.2653606 -0.3858921 -0.3938072 -0.3997146 -0.4772579 -0.4104356 -0.4241971 -0.4726222
C  0  1  34  1  0  1  -0.2657286 -0.2728772 -0.2958412 -0.2399947 -0.3571545 -0.2656519 -0.2374853 -0.1859283 -0.2765148 -0.1882906 -0.3060279 -0.2534312 -0.3566693 -0.3808973 -0.3446572 -0.2784645
C  0  1  34  1  0  2  -0.3289549 -0.3694918 -0.3603657 -0.3359451 -0.2861340 -0.2575503 -0.2753270 -0.2743148 -0.2533271 -0.2107870 -0.2731483 -0.3325108 -0.3715457 -0.3782047 -0.3131197 -0.3247125
C  0  1  34  1  0  3  -0.2530617 -0.3308484 -0.3370301 -0.2678563 -0.2824797 -0.1995732 -0.2120677 -0.1291993 -0.1781653 -0.2277468 -0.2187000 -0.2760241 -0.2892398 -0.3106522 -0.3282134 -0.2812189
C  0  1  34  1  0  4  -0.2839566 -0.2341409 -0.2935206 -0.2633684 -0.2124940 -0.1792840 -0.2238495 -0.2240986 -0.2576189 -0.1477231 -0.1760367 -0.2699034 -0.2907603 -0.2788803 -0.2562066 -0.2834285
C  0  1  34  1  0  5  -0.2031369 -0.1985733 -0.2347102 -0.1727649 -0.1558154 -0.1328387 -0.2025619 -0.1534674 -0.1548955 -0.1785841 -0.2066872 -0.2287246 -0.2354361 -0.1655241 -0.1890722 -0.1520967
C  0  1  34  1  0  6  -0.1888376 -0.1628013 -0.1882667 -0.1381510 -0.0963761 -0.1038476 -0.1667191 -0.1257250 -0.1542698 -0.1294341 -0.0803803 -0.0802796 -0.1140999 -0.1268444 -0.1464646 -0.2135234
C  0  1  34  1  0  7  -0.1479650 -0.1700297 -0.1404240 -0.1189616 -0.1567629 -0.1534635 -0.1562730 -0.1315985 -0.1023947 -0.0967809 -0.1083032 -0.1638743 -0.1397551 -0.1225510 -0.1364548 -0.1256578
C  0  1  34  1  0  8  -0.1840708 -0.1117737 -0.1341286 -0.1460181 -0.1403254 -0.1353624 -0.1596948 -0.1313351 -0.1240504 -0.1247355 -0.1206368 -0.1600165 -0.1041136 -0.1598853 -0.1593773 -0.1646989
C  0  1  34  1  0  9  -0.1225743 -0.1331106 -0.0864491 -0.1396076 -0.1293835 -0.1600396 -0.1025465 -0.1781679 -0.0931376 -0.1368253 -0.0682926 -0.1210465 -0.1381988 -0.0902192 -0.1449420 -0.1486671
C  0  1  34  1  0 10  -0.1491475 -0.1305782 -0.1234438 -0.1758734 -0.1703138 -0.1389174 -0.1610087 -0.1277695 -0.0953917 -0.1158552 -0.1195949 -0.1525798 -0.1092256 -0.1376938 -0.1243848 -0.1184585
C  0  1  34  1  0 11  -0.1278545 -0.0930790 -0.1708071 -0.0954870 -0.1146531 -0.0967455 -0.1228521 -0.1536659 -0.1544242 -0.1002142 -0.1082248 -0.1280138 -0.1087228 -0.1545924 -0.1331533 -0.1313350
C  0  1  34  1  0 12  -0.1051290 -0.1356916 -0.1228731 -0.0880599 -0.1338652 -0.0994024 -0.1318271 -0.1488331 -0.1373990 -0.1336947 -0.1166665 -0.1020307 -0.1040919 -0.1323960 -0.1123631 -0.1246339
C  0  1  34  1  0 13  -0.1240018 -0.1578096 -0.1524813 -0.1151178 -0.1362503 -0.1353430 -0.1088215 -0.1537449 -0.1212777 -0.1128797 -0.1116835 -0.1304763 -0.1594278 -0.1173130 -0.1903771 -0.1193496
C  0  1  34  1  0 14  -0.1791693 -0.1552711 -0.1408917 -0.1320716 -0.1649990 -0.1238878 -0.1465579 -0.1773443 -0.1772683 -0.1269317 -0.0850131 -0.1684526 -0.1496880 -0.0845489 -0.1371100 -0.1817339
C  0  1  34  1  0 15  -0.1111021 -0.2156370 -0.1320514 -0.1236524 -0.1922699 -0.1214756 -0.1125119 -0.1699790 -0.1570012 -0.1381409 -0.0778939 -0.1472427 -0.1527159 -0.1220411 -0.1126287 -0.1767634
C  0  1  34  1  0 16  -0.2184104 -0.1868623 -0.1688643 -0.2013541 -0.2014354 -0.1312314 -0.1562990 -0.1912760 -0.1343261 -0.1576702 -0.1266142 -0.1225257 -0.1717412 -0.1449121 -0.1664184 -0.1194504
C  0  1  34  1  0 17  -0.2841508 -0.3093114 -0.1820877 -0.2650073 -0.2096981 -0.2297982 -0.2066490 -0.2310847 -0.1985327 -0.2355775 -0.2237958 -0.2136336 -0.1922863 -0.2730811 -0.2345114 -0.2424239
C  0  1  34  1  0 18  -0.2439871 -0.2784256 -0.2639526 -0.2500799 -0.2658586 -0.2171315 -0.2737336 -0.2289194 -0.2458528 -0.2317039 -0.2821189 -0.2917800 -0.2742798 -0.1801916 -0.1788287 -0.2479888
C  0  1  34  1  0 19  -0.3150180 -0.2659043 -0.3160615 -0.3264958 -0.3105634 -0.3180917 -0.2635190 -0.2611297 -0.2749542 -0.3102292 -0.1908615 -0.3140765 -0.2621589 -0.2868549 -0.3044336 -0.2268468
C  0  1  34  1  0 20  -0.2616661 -0.2787176 -0.3475443 -0.2828661 -0.3320838 -0.2065121 -0.2851024 -0.2941415 -0.3008570 -0.3292356 -0.2957981 -0.2503905 -0.3314523 -0.2586323 -0.2841204 -0.2776712
C  0  1  34  1  0 21  -0.4002606 -0.3766272 -0.2727414 -0.3833120 -0.2691749 -0.2771587 -0.2856125 -0.3145390 -0.3052092 -0.2970684 -0.3848259 -0.2718467 -0.3226331 -0.2539976 -0.2749662 -0.2992778
C  0  1  34  1  1  0   0.0452434  0.0481032  0.0381720  0.0259500  0.0002974 -0.0209469 -0.0331136 -0.0423360 -0.0470836 -0.0373061 -0.0341661 -0.0186778  0.0030419  0.0042803  0.0233504  0.0384575
C  0  1  34  1  1  1   0.0241123  0.0217791  0.0162384  0.0114820  0.0022439 -0.0084248 -0.0150544 -0.0184098 -0.0191028 -0.0163651 -0.0160612 -0.0080686  0.0029363  0.0091439  0.0117426  0.0237591
C  0  1  34  1  1  2   0.0117391  0.0125656  0.0082531  0.0059022  0.0009255 -0.0034383 -0.0087543 -0.0085301 -0.0100402 -0.0058372 -0.0057572 -0.0030502 -0.0000570  0.0030435  0.0041389  0.0105244
C  0  1  34  1  1  3   0.0071729  0.0073590  0.0024616  0.0026693  0.0015080 -0.0003348 -0.0038825 -0.0024002 -0.0003370 -0.0003736 -0.0029313 -0.0001553  0.0018609  0.0030398  0.0018973  0.0064112
C  0  1  34  1  1  4   0.0011570  0.0021427  0.0004225  0.0002068  0.0022163  0.0027725 -0.0000235  0.0024761  0.0049444  0.0020009 -0.0014935 -0.0007730  0.0027506  0.0010227  0.0023437  0.0015847
C  0  1  34  1  1  5   0.0003862  0.0003748  0.0000341  0.0028792  0.0026088  0.0027116  0.0017542  0.0039166  0.0043890  0.0014626 -0.0019782 -0.0005411  0.0009969  0.0021944  0.0019885 -0.0014307
C  0  1  34  1  1  6   0.0006612  0.0014351  0.0014385  0.0037653  0.0049820  0.0034059  0.0037811  0.0053045  0.0041191  0.0010085 -0.0006550  0.0003427  0.0005085  0.0006787 -0.0004810 -0.0013890
C  0  1  34  1  1  7  -0.0019307  0.0018192  0.0014710  0.0042047  0.0041580  0.0035112  0.0056199  0.0029534  0.0037769  0.0008078 -0.0014214 -0.0006048  0.0016149  0.0007133  0.0004143 -0.0016257
C  0  1  34  1  1  8  -0.0008021  0.0004830  0.0017172  0.0013668  0.0048765  0.0028168  0.0045498  0.0046695  0.0053518  0.0009832  0.0004923  0.0001192  0.0016992  0.0010193  0.0009046 -0.0009633
C  0  1  34  1  1  9   0.0005086  0.0017220  0.0010772  0.0029010  0.0030273  0.0029170  0.0037417  0.0026668  0.0016385 -0.0003598  0.0006854  0.0000890  0.0018275 -0.0007874  0.0004795 -0.0027413
C  0  1  34  1  1 10  -0.0001357  0.0025479  0.0007219  0.0020242  0.0013798  0.0011279  0.0024167  0.0019859  0.0026749 -0.0006272 -0.0011765  0.0001327 -0.0009016 -0.0001743  0.0019577 -0.0017805
C  0  1  34  1  1 11   0.0004685  0.0011974  0.0014277  0.0015580  0.0031982 -0.0003993  0.0009295  0.0022601  0.0022788  0.0013867 -0.0016214 -0.0007916 -0.0000590 -0.0011649  0.0002537 -0.0016867
C  0  1  34  1  1 12  -0.0001028  0.0017868  0.0019616  0.0031253  0.0019189  0.0013387  0.0006296  0.0020282  0.0040472  0.0007433  0.0015902  0.0011245  0.0012055 -0.0009448  0.0009335 -0.0016321
C  0  1  34  1  1 13  -0.0003246  0.0013697  0.0023332  0.0034271  0.0024697  0.0028769  0.0033621  0.0051801  0.0048918  0.0016665  0.0015150 -0.0000877 -0.0001869 -0.0029658  0.0000370 -0.0019941
C  0  1  34  1  1 14  -0.0008068  0.0006621  0.0020627  0.0034322  0.0035866  0.0023815  0.0033347  0.0060626  0.0050771  0.0015143  0.0012916 -0.0003714 -0.0015612 -0.0017294 -0.0020542 -0.0027427
C  0  1  34  1  1 15  -0.0022136  0.0005446  0.0022106  0.0033118  0.0019650 -0.0014778  0.0028894  0.0022868  0.0062665  0.0031266  0.0013272  0.0004280 -0.0040056 -0.0063984 -0.0057125 -0.0059841
C  0  1  34  1  1 16  -0.0030699 -0.0001315  0.0022062  0.0037684  0.0025528  0.0003279  0.0023994  0.0032392  0.0033592  0.0053074  0.0026991  0.0021772 -0.0021095 -0.0027561 -0.0049951 -0.0063994
C  0  1  34  1  1 17  -0.0024206  0.0022941  0.0009301  0.0066139  0.0030130 -0.0015847  0.0003683  0.0038672  0.0043124  0.0045984  0.0040508  0.0013531 -0.0009726 -0.0037638 -0.0049414 -0.0054085
C  0  1  34  1  1 18  -0.0005901  0.0069002  0.0049380  0.0065077  0.0042156 -0.0005618 -0.0024136  0.0002178  0.0025314  0.0041566  0.0017379  0.0020506 -0.0016521 -0.0036947 -0.0062815 -0.0040360
C  0  1  34  1  1 19   0.0022515  0.0082408  0.0104995  0.0090125  0.0063228  0.0015561 -0.0025933 -0.0003745  0.0029475  0.0059777  0.0022766 -0.0009085 -0.0038711 -0.0065545 -0.0058433 -0.0025079
C  0  1  34  1  1 20   0.0016421  0.0131596  0.0173267  0.0150641  0.0065551  0.0035324 -0.0021070 -0.0025532  0.0006006  0.0054950  0.0011649 -0.0023237 -0.0059885 -0.0069504 -0.0061838 -0.0054538
C  0  1  34  1  1 21   0.0066786  0.0190250  0.0318427  0.0199080  0.0153910  0.0143078  0.0083453  0.0100201  0.0129072  0.0115539  0.0000369 -0.0041125 -0.0102498 -0.0178108 -0.0089199  0.0009574
