CPHI 16 
CETA 22 -2.40 -2.10 -1.85 -1.60 -1.40 -1.20 -1.00 -0.80 -0.60 -0.40 -0.20  0.00  0.20  0.40  0.60  0.80  1.00  1.20  1.40  1.60  1.85  2.10  2.40 
RMIN  6 
RTRK 12 
RETA 11  0.00  0.20  0.40  0.60  0.80  1.00  1.20  1.40  1.60  1.85  2.10  2.40 
T 0 1  35  0  0  0    0.0000000   0.0006179   0.0016685   0.0032029   0.0123396   0.0696705   0.2780745   0.6540100   1.0000000   1.0000000   1.0000000   1.0000000   1.0000000
T 0 1  35  0  0  1    0.0000000   0.0001497   0.0005489   0.0024632   0.0126679   0.0589804   0.2263232   0.5887932   1.0000000   1.0000000   1.0000000   1.0000000   1.0000000
T 0 1  35  0  0  2    0.0000000   0.0001300   0.0005412   0.0017514   0.0107190   0.0556799   0.2092474   0.5742876   1.0000000   1.0000000   1.0000000   1.0000000   1.0000000
T 0 1  35  0  0  3    0.0000000   0.0002282   0.0006177   0.0017159   0.0116211   0.0627447   0.2262891   0.5870044   1.0000000   1.0000000   1.0000000   1.0000000   1.0000000
T 0 1  35  0  0  4    0.0000000   0.0003868   0.0024527   0.0141540   0.0626813   0.2041027   0.4894137   0.8228189   1.0000000   1.0000000   1.0000000   1.0000000   1.0000000
T 0 1  35  0  0  5    0.0000000   0.0010004   0.0075272   0.0514047   0.2051796   0.5316987   0.8754123   0.9994124   1.0000000   1.0000000   1.0000000   1.0000000   1.0000000
T 0 1  35  0  0  6    0.0000000   0.0002794   0.0012632   0.0102700   0.0671106   0.2770947   0.6627720   0.9312534   0.9982391   1.0000000   1.0000000   1.0000000   1.0000000
T 0 1  35  0  0  7    0.0000000   0.0000535   0.0003665   0.0008417   0.0048211   0.0309819   0.1190805   0.2977196   0.5820848   0.8694621   0.9841917   0.9998630   1.0000000
T 0 1  35  0  0  8    0.0000000   0.0000023   0.0000364   0.0001280   0.0004206   0.0010358   0.0042246   0.0252552   0.1197595   0.3941637   0.7893376   0.9690583   1.0000000
T 0 1  35  0  0  9    0.0000000   0.0000075   0.0000089   0.0000367   0.0005093   0.0034453   0.0184618   0.0862640   0.3022350   0.6574141   0.9385006   0.9999312   1.0000000
T 0 1  35  0  0 10    0.0000000   0.0067075   0.0290446   0.0463754   0.0794996   0.1692796   0.3386248   0.6898391   0.9103125   0.9700001   0.9998223   1.0000000   1.0000000
T 0 1  35  1  0  0    0.0000000   0.0005148   0.0016399   0.0047460   0.0213440   0.1017716   0.3374237   0.6994022   1.0000000   1.0000000   1.0000000   1.0000000   1.0000000
T 0 1  35  1  0  1    0.0000000   0.0002633   0.0010891   0.0042307   0.0181163   0.0752157   0.2537985   0.6193956   1.0000000   1.0000000   1.0000000   1.0000000   1.0000000
T 0 1  35  1  0  2    0.0000000   0.0002194   0.0008486   0.0027728   0.0124455   0.0616642   0.2339277   0.6064318   1.0000000   1.0000000   1.0000000   1.0000000   1.0000000
T 0 1  35  1  0  3    0.0000000   0.0002283   0.0008669   0.0027852   0.0140251   0.0700545   0.2491207   0.6198491   1.0000000   1.0000000   1.0000000   1.0000000   1.0000000
T 0 1  35  1  0  4    0.0000000   0.0004356   0.0027620   0.0153929   0.0663357   0.2155446   0.5058694   0.8320271   1.0000000   1.0000000   1.0000000   1.0000000   1.0000000
T 0 1  35  1  0  5    0.0000000   0.0011873   0.0094478   0.0577925   0.2246261   0.5586818   0.8900123   0.9996500   1.0000000   1.0000000   1.0000000   1.0000000   1.0000000
T 0 1  35  1  0  6    0.0000000   0.0004626   0.0026649   0.0180020   0.0942133   0.3329130   0.7236541   0.9536823   0.9988141   0.9999984   1.0000000   1.0000000   1.0000000
T 0 1  35  1  0  7    0.0000000   0.0002246   0.0006446   0.0024765   0.0123245   0.0526267   0.1570011   0.3413836   0.6074237   0.8728054   0.9849908   0.9998878   1.0000000
T 0 1  35  1  0  8    0.0000000   0.0009562   0.0014955   0.0017998   0.0022382   0.0036136   0.0107994   0.0452511   0.1686405   0.4573475   0.8251665   0.9710661   1.0000000
T 0 1  35  1  0  9    0.0000000   0.0021003   0.0074838   0.0131257   0.0159362   0.0198461   0.0401951   0.1288935   0.3661962   0.7154288   0.9583841   0.9999941   1.0000000
T 0 1  35  1  0 10    0.0000000   0.0032254   0.0170235   0.0428863   0.0843736   0.1746921   0.3942474   0.7474223   0.9511020   0.9856143   0.9999985   1.0000000   1.0000000
R 0 1  35  0  0  0    0.0233067   0.0233067   0.0118228   0.0103796   0.0103672   0.0101768   0.0099986   0.0098472   0.0098472   0.0098472   0.0098472   0.0098472
R 0 1  35  0  0  1    0.0117888   0.0117888   0.0117888   0.0117888   0.0110133   0.0109114   0.0109389   0.0108461   0.0108461   0.0108461   0.0108461   0.0108461
R 0 1  35  0  0  2    0.0125522   0.0125522   0.0125522   0.0125522   0.0120109   0.0119746   0.0118370   0.0116704   0.0116704   0.0116704   0.0116704   0.0116704
R 0 1  35  0  0  3    0.0133727   0.0133727   0.0133727   0.0133727   0.0125687   0.0125973   0.0123474   0.0122319   0.0122319   0.0122319   0.0122319   0.0122319
R 0 1  35  0  0  4    0.0187181   0.0187181   0.0187181   0.0175545   0.0169339   0.0158847   0.0144947   0.0130725   0.0130725   0.0130725   0.0130725   0.0130725
R 0 1  35  0  0  5    0.0206269   0.0206269   0.0193099   0.0190882   0.0187977   0.0181024   0.0168262   0.0168262   0.0168262   0.0168262   0.0168262   0.0168262
R 0 1  35  0  0  6    0.0198829   0.0198829   0.0198829   0.0202519   0.0208477   0.0207521   0.0207857   0.0205457   0.0205457   0.0205457   0.0205457   0.0205457
R 0 1  35  0  0  7    0.0206143   0.0206143   0.0206143   0.0206143   0.0206053   0.0211610   0.0211019   0.0209937   0.0205831   0.0196910   0.0196910   0.0196910
R 0 1  35  0  0  8    0.0213320   0.0213320   0.0213320   0.0213320   0.0213320   0.0213320   0.0213320   0.0210399   0.0210348   0.0209212   0.0202891   0.0187979
R 0 1  35  0  0  9    0.0314946   0.0314946   0.0314946   0.0314946   0.0314946   0.0314946   0.0300875   0.0288105   0.0274506   0.0264003   0.0248336   0.0248336
R 0 1  35  0  0 10    0.0747958   0.0722178   0.0611819   0.0538731   0.0472978   0.0436716   0.0409717   0.0355863   0.0336245   0.0305649   0.0305649   0.0305649
R 0 1  35  0  1  0    0.0000000   0.0000000   0.0000000   0.0000715   0.0000798   0.0000796   0.0000740   0.0000649   0.0000649   0.0000649   0.0000649   0.0000649
R 0 1  35  0  1  1    0.0000688   0.0000688   0.0000688   0.0000688   0.0000673   0.0000709   0.0000600   0.0000566   0.0000566   0.0000566   0.0000566   0.0000566
R 0 1  35  0  1  2    0.0000889   0.0000889   0.0000889   0.0000889   0.0000622   0.0000637   0.0000607   0.0000527   0.0000527   0.0000527   0.0000527   0.0000527
R 0 1  35  0  1  3    0.0000636   0.0000636   0.0000636   0.0000636   0.0000578   0.0000612   0.0000556   0.0000508   0.0000508   0.0000508   0.0000508   0.0000508
R 0 1  35  0  1  4    0.0000902   0.0000902   0.0000902   0.0000928   0.0000956   0.0000754   0.0000532   0.0000394   0.0000394   0.0000394   0.0000394   0.0000394
R 0 1  35  0  1  5    0.0001559   0.0001559   0.0000747   0.0000713   0.0000699   0.0000609   0.0000484   0.0000484   0.0000484   0.0000484   0.0000484   0.0000484
R 0 1  35  0  1  6    0.0000669   0.0000669   0.0000669   0.0000246   0.0000613   0.0000577   0.0000508   0.0000290   0.0000290   0.0000290   0.0000290   0.0000290
R 0 1  35  0  1  7    0.0000546   0.0000546   0.0000546   0.0000546   0.0000765   0.0000677   0.0000647   0.0000762   0.0000757   0.0000687   0.0000687   0.0000687
R 0 1  35  0  1  8    0.0001138   0.0001138   0.0001138   0.0001138   0.0001138   0.0001138   0.0001138   0.0001118   0.0001050   0.0000979   0.0000807   0.0000789
R 0 1  35  0  1  9    0.0002605   0.0002605   0.0002605   0.0002605   0.0002605   0.0002605   0.0002414   0.0001961   0.0001839   0.0001474   0.0001184   0.0001184
R 0 1  35  0  1 10    0.0011873   0.0011565   0.0008428   0.0007676   0.0005735   0.0004651   0.0003835   0.0002658   0.0001945   0.0001737   0.0001737   0.0001737
R 0 1  35  0  2  0    0.0000000   0.0000000   0.0000000   0.0000000   0.0000000   0.0000229   0.0000163   0.0000072   0.0000072   0.0000072   0.0000072   0.0000072
R 0 1  35  0  2  1    0.0000000   0.0000000   0.0000000   0.0000000   0.0000000   0.0000110   0.0000108   0.0000087   0.0000087   0.0000087   0.0000087   0.0000087
R 0 1  35  0  2  2    0.0001130   0.0001130   0.0001130   0.0001130   0.0000660   0.0000000   0.0000128   0.0000131   0.0000131   0.0000131   0.0000131   0.0000131
R 0 1  35  0  2  3    0.0000000   0.0000000   0.0000000   0.0000000   0.0000000   0.0000000   0.0000084   0.0000166   0.0000166   0.0000166   0.0000166   0.0000166
R 0 1  35  0  2  4    0.0000000   0.0000000   0.0000000   0.0000000   0.0000000   0.0000085   0.0000086   0.0000183   0.0000183   0.0000183   0.0000183   0.0000183
R 0 1  35  0  2  5    0.0000000   0.0000000   0.0000000   0.0000108   0.0000106   0.0000122   0.0000000   0.0000000   0.0000000   0.0000000   0.0000000   0.0000000
R 0 1  35  0  2  6    0.0000000   0.0000000   0.0000000   0.0000000   0.0000000   0.0000000   0.0000000   0.0000000   0.0000000   0.0000000   0.0000000   0.0000000
R 0 1  35  0  2  7    0.0000000   0.0000000   0.0000000   0.0000000   0.0000000   0.0000000   0.0000000   0.0000000   0.0000000   0.0000000   0.0000000   0.0000000
R 0 1  35  0  2  8    0.0000000   0.0000000   0.0000000   0.0000000   0.0000000   0.0000000   0.0000000   0.0000000   0.0000000   0.0000000   0.0000000   0.0000000
R 0 1  35  0  2  9    0.0000000   0.0000000   0.0000000   0.0000000   0.0000000   0.0000000   0.0000000   0.0000411   0.0000000   0.0000289   0.0000000   0.0000000
R 0 1  35  0  2 10    0.0000000   0.0000000   0.0000000   0.0000000   0.0000000   0.0000000   0.0000643   0.0000252   0.0000000   0.0000000   0.0000000   0.0000000
R 0 1  35  0  3  0    1.0774020   1.0774020   1.0170626   1.0460568   0.9974124   0.9835551   0.9811829   0.9829405   0.9829405   0.9829405   0.9829405   0.9829405
R 0 1  35  0  3  1    1.0194137   1.0194137   1.0194137   1.0194137   0.9957848   0.9862743   0.9795307   0.9796667   0.9796667   0.9796667   0.9796667   0.9796667
R 0 1  35  0  3  2    1.0045142   1.0045142   1.0045142   1.0045142   0.9972678   0.9892571   0.9824112   0.9821546   0.9821546   0.9821546   0.9821546   0.9821546
R 0 1  35  0  3  3    1.0075771   1.0075771   1.0075771   1.0075771   1.0054905   0.9849248   0.9820805   0.9812608   0.9812608   0.9812608   0.9812608   0.9812608
R 0 1  35  0  3  4    1.0183150   1.0183150   1.0183150   0.9847147   0.9789101   0.9712180   0.9771400   0.9879210   0.9879210   0.9879210   0.9879210   0.9879210
R 0 1  35  0  3  5    1.0038676   1.0038676   1.0039553   0.9802277   0.9744398   0.9734594   0.9718829   0.9718829   0.9718829   0.9718829   0.9718829   0.9718829
R 0 1  35  0  3  6    1.0205014   1.0205014   1.0205014   1.0100115   0.9868513   0.9855342   0.9825496   0.9904390   0.9904390   0.9904390   0.9904390   0.9904390
R 0 1  35  0  3  7    1.0597488   1.0597488   1.0597488   1.0597488   1.0385646   1.0005778   0.9921123   0.9821948   0.9866134   0.9892750   0.9892750   0.9892750
R 0 1  35  0  3  8    1.0216523   1.0216523   1.0216523   1.0216523   1.0216523   1.0216523   1.0216523   0.9932285   0.9819984   0.9849947   0.9878661   1.0200255
R 0 1  35  0  3  9    1.0209940   1.0209940   1.0209940   1.0209940   1.0209940   1.0209940   0.9828738   0.9768375   0.9734328   0.9841877   1.0007735   1.0007735
R 0 1  35  0  3 10    1.0716304   1.0266057   1.0337460   0.9951671   0.9741255   0.9719408   0.9683289   0.9654284   1.0005916   1.0103186   1.0103186   1.0103186
R 0 1  35  0  4  0    1.2902981   1.2902981   1.2969450   2.2921270   2.2467778   2.2635339   2.2238138   2.2648990   2.2648990   2.2648990   2.2648990   2.2648990
R 0 1  35  0  4  1    1.9591996   1.9591996   1.9591996   1.9591996   2.1603688   2.2153109   2.1923756   2.2078689   2.2078689   2.2078689   2.2078689   2.2078689
R 0 1  35  0  4  2    1.8657921   1.8657921   1.8657921   1.8657921   2.2397988   2.2903133   2.2549509   2.2497230   2.2497230   2.2497230   2.2497230   2.2497230
R 0 1  35  0  4  3    1.7271448   1.7271448   1.7271448   1.7271448   2.2932718   2.2019947   2.2297818   2.2460678   2.2460678   2.2460678   2.2460678   2.2460678
R 0 1  35  0  4  4    1.8289587   1.8289587   1.8289587   2.0336496   2.1223210   2.0410031   2.1723935   2.3482192   2.3482192   2.3482192   2.3482192   2.3482192
R 0 1  35  0  4  5    1.7123621   1.7123621   2.1084716   2.1293038   2.0802791   2.0807028   1.9727061   1.9727061   1.9727061   1.9727061   1.9727061   1.9727061
R 0 1  35  0  4  6    1.9396514   1.9396514   1.9396514   2.2219456   2.3049575   2.3584388   2.3129640   2.3029416   2.3029416   2.3029416   2.3029416   2.3029416
R 0 1  35  0  4  7    1.7067819   1.7067819   1.7067819   1.7067819   2.2982646   2.3347026   2.4086953   2.2916523   2.3814726   2.3272699   2.3272699   2.3272699
R 0 1  35  0  4  8    2.3000069   2.3000069   2.3000069   2.3000069   2.3000069   2.3000069   2.3000069   2.2869374   2.2027772   2.2966000   2.3355659   2.3423551
R 0 1  35  0  4  9    2.0987741   2.0987741   2.0987741   2.0987741   2.0987741   2.0987741   1.9581919   2.0631759   2.0303763   2.1811559   2.1642936   2.1642936
R 0 1  35  0  4 10    1.9988085   2.1698970   2.0824989   1.9501260   1.9510597   1.9574367   1.9671228   1.8913655   2.0689518   2.0468194   2.0468194   2.0468194
R 0 1  35  0  5  0   12.7687422  12.7687422   7.3820160   2.5560526   3.8060354   3.8809631   4.3584190   3.9979516   3.9979516   3.9979516   3.9979516   3.9979516
R 0 1  35  0  5  1    4.0160553   4.0160553   4.0160553   4.0160553   4.1511147   4.0951501   4.3454310   4.3069275   4.3069275   4.3069275   4.3069275   4.3069275
R 0 1  35  0  5  2    4.4572451   4.4572451   4.4572451   4.4572451   3.9154796   3.7648907   4.0240965   4.3008249   4.3008249   4.3008249   4.3008249   4.3008249
R 0 1  35  0  5  3    5.3162464   5.3162464   5.3162464   5.3162464   3.6065745   4.3922754   4.3316529   4.2646840   4.2646840   4.2646840   4.2646840   4.2646840
R 0 1  35  0  5  4    5.3496289   5.3496289   5.3496289   5.2666314   4.7891011   5.3156428   4.1858439   3.1578066   3.1578066   3.1578066   3.1578066   3.1578066
R 0 1  35  0  5  5    4.6625792   4.6625792   4.7754068   4.6381974   5.3726951   4.8308280   4.3204827   4.3204827   4.3204827   4.3204827   4.3204827   4.3204827
R 0 1  35  0  5  6    3.2365796   3.2365796   3.2365796   3.9460949   3.5682248   2.9911826   2.5075290   1.9660586   1.9660586   1.9660586   1.9660586   1.9660586
R 0 1  35  0  5  7    4.3924363   4.3924363   4.3924363   4.3924363   3.5827679   3.1535545   2.6967558   3.1595808   2.5744473   2.1404233   2.1404233   2.1404233
R 0 1  35  0  5  8    3.5862365   3.5862365   3.5862365   3.5862365   3.5862365   3.5862365   3.5862365   4.2757055   4.7146014   4.0688242   3.3466397   3.5910017
R 0 1  35  0  5  9    4.9833729   4.9833729   4.9833729   4.9833729   4.9833729   4.9833729   8.1082325   6.4314944   6.9882440   5.5533277   5.3514933   5.3514933
R 0 1  35  0  5 10    6.1163529   4.0812810   3.5954207   5.1310952   5.6081881   6.4835923   7.9068292  10.0313701   6.5271692   7.3156297   7.3156297   7.3156297
F  0  1  35  0  0  0    1.0529590   1.0396507   1.0011864   0.9874942   0.9621005   0.9803086   1.0100026   0.9813488   0.9854935   0.9917972   0.9835848
F  0  1  35  1  0  0    1.0865363   1.1117191   1.0808397   1.0459183   1.0501551   1.0749232   1.0766801   1.0452774   1.0380395   1.0678583   1.0880035
C  0  1  35  0  0  0  -0.2926234 -0.0157910 -0.0329535 -0.5852393 -0.2350622 -0.1165841 -0.2236112 -0.3120506 -0.1948975 -0.2794042 -0.2258520 -0.1783484 -0.2621185 -0.2332315 -0.2955560 -0.0210328
C  0  1  35  0  0  1   0.0932932 -0.0600122 -0.0897576 -0.0752030 -0.1058747 -0.1617939  0.0037587 -0.0939682 -0.0566937 -0.1098276 -0.1542848 -0.1120854 -0.2008859 -0.2146484 -0.4111189 -0.0029938
C  0  1  35  0  0  2  -0.1366782 -0.0567145 -0.0478749 -0.0842632  0.0381943 -0.0266098 -0.1064996 -0.1281956 -0.1254792  0.0144872 -0.0093734 -0.0413661 -0.1320615 -0.0298285 -0.1280161 -0.0780753
C  0  1  35  0  0  3  -0.1099959 -0.0702430  0.0206843 -0.0305590 -0.0144982 -0.0665659 -0.1043514 -0.1821013 -0.0515136 -0.0823089 -0.2008824 -0.1354042 -0.2469463 -0.2039773 -0.1589533 -0.0469608
C  0  1  35  0  0  4  -0.1979369 -0.0398112  0.0239382 -0.0550339 -0.1289713 -0.1232190 -0.0408064 -0.0568032 -0.0338655 -0.0995602 -0.2299060  0.0444317 -0.0832738 -0.1883367 -0.0273696 -0.1769798
C  0  1  35  0  0  5  -0.0463840  0.0588581 -0.0199929  0.1246453 -0.0267613 -0.0085301 -0.0699003 -0.0707668 -0.0016587  0.0162947 -0.0404488 -0.0055614 -0.0923975  0.0330516 -0.0064619 -0.0138006
C  0  1  35  0  0  6  -0.0411098  0.1113624  0.0228662 -0.0090950  0.0327289  0.0065836 -0.0988714 -0.0777133 -0.0783675 -0.0024564  0.0329769  0.0604938 -0.0442457  0.0231775  0.0573383  0.0905773
C  0  1  35  0  0  7  -0.0694197 -0.0366676  0.0347214  0.0111401 -0.0667360  0.0246542 -0.0236059 -0.0573666 -0.0081352 -0.0083235 -0.0046912 -0.0628906  0.0380048 -0.0255789 -0.0481785  0.0115860
C  0  1  35  0  0  8  -0.0113107  0.0072322  0.0602079  0.0303258 -0.0113495 -0.0021519  0.0049436 -0.0493845  0.0582417  0.0405516  0.0119791 -0.0060612  0.0084661  0.0073192 -0.0332251  0.0297243
C  0  1  35  0  0  9  -0.0647099  0.0700645 -0.0150299  0.0416202 -0.0540888 -0.0288867 -0.0096196  0.0020894 -0.0414973 -0.0038783 -0.0506314 -0.0402510 -0.0446443  0.0885064  0.0463423  0.0747374
C  0  1  35  0  0 10  -0.0596366 -0.0068850  0.0396213  0.1158444  0.0223580  0.0529492 -0.0252035 -0.0071390  0.0447547 -0.0473891 -0.0092624  0.0174343 -0.0292843  0.1035184  0.0147668  0.0365850
C  0  1  35  0  0 11  -0.0780893 -0.0095926 -0.0292367  0.0721559  0.0077650  0.1049670  0.0073576  0.0591530 -0.0111870  0.0729233  0.0281271 -0.0386274  0.0242018  0.0883453  0.0333814 -0.0015395
C  0  1  35  0  0 12   0.0138808 -0.0204854  0.0348347 -0.0322724  0.0107551  0.0027093 -0.0395061  0.0139893  0.0223211  0.0483688  0.0344113 -0.0970540  0.0049533 -0.0122963  0.0354344 -0.0368704
C  0  1  35  0  0 13  -0.0647262 -0.0076530  0.0140820  0.0230961  0.0081480 -0.0156388  0.0383834 -0.0054150  0.0030315  0.0581662 -0.0232633  0.0260622  0.0131987  0.0053082 -0.0479897  0.0291246
C  0  1  35  0  0 14  -0.0472721 -0.0202934 -0.0990694 -0.0309943 -0.0335681  0.0215781 -0.0810623 -0.0104517  0.0174072  0.0113412  0.0795144 -0.0753359 -0.0394585  0.0130993  0.0241682 -0.1039851
C  0  1  35  0  0 15  -0.1348422  0.0153132 -0.0488270 -0.0460170  0.0298201 -0.0448608 -0.0059938  0.0223652  0.0996791 -0.0526363 -0.0216820 -0.1071263 -0.0589244  0.0089648 -0.0690118  0.0438739
C  0  1  35  0  0 16   0.1559385  0.0957104  0.0505113 -0.0245764  0.0553720 -0.0522958 -0.0665390  0.0167062  0.0167577  0.1518475 -0.0244248 -0.0823079 -0.0423683  0.0004720 -0.0365013  0.0097330
C  0  1  35  0  0 17  -0.0845542 -0.1165224 -0.0898887 -0.1418991 -0.1183715 -0.0038044 -0.0251052 -0.0400706 -0.0968131 -0.1713476 -0.0764073 -0.0835050 -0.0906218 -0.0977439 -0.0096243  0.0298334
C  0  1  35  0  0 18  -0.1763916 -0.1173837 -0.1387369  0.0176861 -0.1380320 -0.0640669 -0.1349700 -0.0327432 -0.0330415 -0.0028408 -0.0223130 -0.0951957 -0.0480950 -0.0368062 -0.0867114 -0.0403816
C  0  1  35  0  0 19   0.0288110 -0.1548601 -0.2065480 -0.0533650 -0.0628125 -0.0038996 -0.1196808 -0.0117399 -0.1020180 -0.0473779 -0.0673284 -0.0545384  0.0186270 -0.0642291 -0.0725645 -0.1268138
C  0  1  35  0  0 20  -0.1638391  0.0385297 -0.0138568  0.0099951 -0.1918861 -0.2853713 -0.1558782 -0.1290491 -0.1557738 -0.1674855 -0.1920804  0.0040141 -0.0246585 -0.1908823 -0.1989481 -0.1237919
C  0  1  35  0  0 21  -0.1943651 -0.3212777 -0.4267873 -0.0418988 -0.1204179 -0.1989591 -0.2659115 -0.1868155 -0.1273860 -0.1665868 -0.3549119 -0.1790928 -0.2336882 -0.4359495 -0.3224997 -0.2559462
C  0  1  35  0  1  0  -0.0001361  0.0009142  0.0013808 -0.0007384 -0.0032568  0.0016859  0.0009146  0.0002007  0.0043788 -0.0006756 -0.0020552  0.0011103  0.0045859  0.0047107  0.0066195  0.0060084
C  0  1  35  0  1  1   0.0014235  0.0015476 -0.0050209 -0.0048754 -0.0018119 -0.0028009  0.0056624 -0.0004652  0.0024722 -0.0010361 -0.0025550 -0.0030464  0.0028104  0.0033116  0.0006794  0.0037014
C  0  1  35  0  1  2   0.0019017 -0.0022970  0.0010054  0.0009805 -0.0018464  0.0034191  0.0009984  0.0012671 -0.0026450  0.0002680 -0.0010742 -0.0027506  0.0003108 -0.0024707  0.0014479  0.0002958
C  0  1  35  0  1  3   0.0017813 -0.0001726  0.0032413 -0.0018308 -0.0004113  0.0037077  0.0041858 -0.0025538 -0.0018503 -0.0006338 -0.0015295 -0.0012412  0.0007058 -0.0003278  0.0010971  0.0030062
C  0  1  35  0  1  4   0.0030594 -0.0002879 -0.0019582  0.0019813  0.0018221 -0.0022180  0.0013839  0.0009694  0.0003949 -0.0017149 -0.0007804 -0.0020149  0.0006802 -0.0012381 -0.0005560 -0.0033500
C  0  1  35  0  1  5   0.0044962  0.0008939 -0.0008801  0.0024753  0.0002167  0.0004661 -0.0005476  0.0008496 -0.0011131  0.0003052  0.0021157  0.0002682  0.0012007  0.0006549  0.0021690 -0.0020338
C  0  1  35  0  1  6   0.0031295 -0.0009757 -0.0021487 -0.0000262  0.0002347 -0.0006108 -0.0009690 -0.0019214  0.0004304 -0.0019650  0.0000768  0.0011830 -0.0026444 -0.0027892  0.0013086  0.0000252
C  0  1  35  0  1  7   0.0022985  0.0006143  0.0015520  0.0006525  0.0005134  0.0002474 -0.0024711 -0.0005269  0.0026694 -0.0003907  0.0003215 -0.0012050  0.0007124 -0.0007861 -0.0001811  0.0000172
C  0  1  35  0  1  8  -0.0002850  0.0007271  0.0002515 -0.0015250  0.0006595  0.0011907  0.0007836 -0.0007032  0.0014140 -0.0003830  0.0007071 -0.0023027 -0.0012150  0.0000588 -0.0002281  0.0010463
C  0  1  35  0  1  9  -0.0010849  0.0020547  0.0009725  0.0002363  0.0014489  0.0010994  0.0021732  0.0018562 -0.0013367 -0.0005877 -0.0015597  0.0002851 -0.0022986  0.0002753 -0.0004185 -0.0008783
C  0  1  35  0  1 10   0.0004648  0.0006758  0.0014328  0.0031036  0.0028129 -0.0004062  0.0006025 -0.0007363 -0.0023342 -0.0015895 -0.0011640 -0.0013796 -0.0025817 -0.0007167 -0.0012919  0.0015093
C  0  1  35  0  1 11   0.0000094  0.0001503  0.0000861 -0.0001778 -0.0002784 -0.0010842 -0.0021041 -0.0031171 -0.0023468  0.0001123 -0.0014955 -0.0018935 -0.0002415  0.0003902  0.0007613 -0.0004049
C  0  1  35  0  1 12  -0.0002521  0.0009276 -0.0004995 -0.0014731  0.0022270 -0.0015550  0.0025383  0.0001949  0.0017257  0.0010114  0.0016480  0.0030200  0.0009960 -0.0014051 -0.0007146  0.0014141
C  0  1  35  0  1 13   0.0030395 -0.0003096  0.0003739  0.0014269  0.0006735  0.0011255 -0.0008669  0.0032802  0.0001691 -0.0018794 -0.0018432 -0.0014854 -0.0019026 -0.0002127 -0.0002368  0.0022678
C  0  1  35  0  1 14   0.0025040  0.0015650  0.0033168  0.0007707  0.0001360  0.0023344 -0.0009448 -0.0004247  0.0001175 -0.0007168  0.0012361  0.0004711 -0.0001384 -0.0015386 -0.0014039  0.0021189
C  0  1  35  0  1 15   0.0001406 -0.0010871 -0.0006671 -0.0000964 -0.0010288  0.0013322  0.0005414 -0.0012227  0.0027151 -0.0008279 -0.0004989  0.0033430 -0.0000417 -0.0004067 -0.0004111 -0.0014710
C  0  1  35  0  1 16   0.0031188  0.0044296  0.0038022  0.0006811  0.0002348  0.0026660  0.0005504  0.0004578 -0.0001080 -0.0004130 -0.0001608 -0.0002377 -0.0008452  0.0013518  0.0027175  0.0028861
C  0  1  35  0  1 17   0.0020490  0.0001204 -0.0007777  0.0015416 -0.0000776  0.0009989  0.0026920  0.0030035  0.0039748  0.0042343  0.0005939 -0.0000225  0.0023037 -0.0025107  0.0051006  0.0018987
C  0  1  35  0  1 18   0.0054063  0.0053809  0.0017878  0.0020694  0.0010614  0.0016457  0.0066161  0.0021546 -0.0007241  0.0004118  0.0030927 -0.0014375 -0.0033557  0.0016685  0.0059419  0.0060508
C  0  1  35  0  1 19   0.0019473  0.0024811  0.0012359  0.0036146  0.0002826  0.0018843  0.0028251  0.0018653  0.0039775  0.0017074 -0.0016697  0.0019666  0.0028829  0.0028222  0.0043954  0.0031680
C  0  1  35  0  1 20   0.0050845  0.0067340  0.0024734  0.0044861 -0.0003203  0.0028636  0.0027457  0.0039693  0.0024034  0.0035136  0.0009163 -0.0017165  0.0061893  0.0030570  0.0055601  0.0049871
C  0  1  35  0  1 21   0.0112741  0.0120787  0.0073473  0.0036729 -0.0041955 -0.0059557 -0.0093654  0.0010140 -0.0019164 -0.0023684 -0.0021858  0.0040797 -0.0003961  0.0039423  0.0074046  0.0036088
C  0  1  35  1  0  0  -0.4532949 -0.3570448 -0.3941215 -0.3611109 -0.2346060 -0.4428101 -0.3787962 -0.2338628 -0.3651407 -0.2697227 -0.4188088 -0.5045248 -0.4545441 -0.4982829 -0.4368655 -0.3652554
C  0  1  35  1  0  1  -0.2880583 -0.2969899 -0.2791076 -0.2878726 -0.3548180 -0.2551430 -0.2092682 -0.2270261 -0.2572005 -0.1869685 -0.3308849 -0.3132053 -0.3917393 -0.3883226 -0.3700614 -0.3091475
C  0  1  35  1  0  2  -0.3361655 -0.3242011 -0.2419149 -0.2694410 -0.2887951 -0.2562856 -0.2516936 -0.2618348 -0.2327215 -0.2447124 -0.2929481 -0.3121757 -0.3727008 -0.3762249 -0.3017238 -0.3550362
C  0  1  35  1  0  3  -0.3133701 -0.3534957 -0.3576179 -0.2564813 -0.3237894 -0.2050069 -0.1961980 -0.1477560 -0.2022467 -0.2623653 -0.2636428 -0.2943757 -0.2855832 -0.3392637 -0.3649330 -0.3711238
C  0  1  35  1  0  4  -0.2751565 -0.2921098 -0.3336938 -0.3130033 -0.2007721 -0.2412338 -0.2395589 -0.2693139 -0.2216308 -0.2255625 -0.2239378 -0.2686073 -0.3647303 -0.3014080 -0.3972735 -0.2996551
C  0  1  35  1  0  5  -0.1953483 -0.1673550 -0.2186524 -0.1218425 -0.1592521 -0.1279984 -0.1711355 -0.1426152 -0.1274039 -0.1614775 -0.1135542 -0.2168422 -0.2319295 -0.1264924 -0.1743079 -0.2116038
C  0  1  35  1  0  6  -0.1643524 -0.1466908 -0.1610196 -0.1835214 -0.0987368 -0.1398072 -0.1321676 -0.1366636 -0.1154851 -0.1230435 -0.0518633 -0.1241297 -0.1225681 -0.1347743 -0.1584593 -0.1487241
C  0  1  35  1  0  7  -0.1412419 -0.1592869 -0.1128256 -0.1250973 -0.1663950 -0.1798872 -0.2136602 -0.1549530 -0.1565427 -0.0972295 -0.1083578 -0.1536383 -0.1629164 -0.1553407 -0.1507017 -0.1602793
C  0  1  35  1  0  8  -0.1604234 -0.0944186 -0.1699254 -0.1308147 -0.1444211 -0.1636770 -0.1063284 -0.1378894 -0.1563315 -0.1010839 -0.1280760 -0.1764152 -0.1320519 -0.1698673 -0.1542592 -0.1930541
C  0  1  35  1  0  9  -0.1477859 -0.1408026 -0.0984758 -0.1338353 -0.1372395 -0.1407793 -0.0854352 -0.1391779 -0.0812078 -0.1569051 -0.0523499 -0.1741542 -0.1379158 -0.1289580 -0.1463352 -0.1758414
C  0  1  35  1  0 10  -0.1498892 -0.1267068 -0.1340167 -0.1180598 -0.1395522 -0.1344930 -0.1487566 -0.1224940 -0.0665861 -0.1480244 -0.1272922 -0.1113391 -0.0802255 -0.1603548 -0.0757329 -0.1024345
C  0  1  35  1  0 11  -0.1619631 -0.1289585 -0.1408843 -0.0954776 -0.1048231 -0.0511157 -0.1231627 -0.1093490 -0.1123426 -0.0952533 -0.1033554 -0.1115337 -0.1117065 -0.1307934 -0.1123912 -0.1236865
C  0  1  35  1  0 12  -0.0964790 -0.1222154 -0.1320952 -0.1265165 -0.1385150 -0.1000398 -0.1546911 -0.1801696 -0.1391283 -0.1293261 -0.0940917 -0.1018934 -0.1012313 -0.1571464 -0.1180670 -0.1682749
C  0  1  35  1  0 13  -0.1336704 -0.1567114 -0.1566608 -0.1129462 -0.1132592 -0.1406461 -0.1440152 -0.1359525 -0.1308149 -0.1265041 -0.1625314 -0.1514816 -0.1579490 -0.1484734 -0.1369581 -0.1388872
C  0  1  35  1  0 14  -0.1688184 -0.1565174 -0.1763847 -0.1232997 -0.1638682 -0.1540112 -0.1287288 -0.1818498 -0.1821557 -0.1584552 -0.1450976 -0.1521842 -0.1422479 -0.1072259 -0.1615398 -0.1862816
C  0  1  35  1  0 15  -0.1197805 -0.1983506 -0.1684028 -0.1123498 -0.1666603 -0.1140220 -0.1361356 -0.1267652 -0.1757121 -0.1207812 -0.0999895 -0.1598717 -0.1386142 -0.1127240 -0.1263775 -0.1238316
C  0  1  35  1  0 16  -0.1605348 -0.1462380 -0.1555776 -0.1263666 -0.1627930 -0.1793100 -0.1342738 -0.1728017 -0.1185110 -0.1558101 -0.1090924 -0.1010093 -0.1905389 -0.1370817 -0.1297658 -0.1508508
C  0  1  35  1  0 17  -0.2751551 -0.3010126 -0.2301834 -0.3016824 -0.2329870 -0.2822531 -0.2809912 -0.2724677 -0.2298613 -0.2664776 -0.2863225 -0.2548166 -0.1934315 -0.2969721 -0.2798463 -0.2759733
C  0  1  35  1  0 18  -0.2784952 -0.2989114 -0.2597379 -0.2830266 -0.2661071 -0.2734775 -0.3208699 -0.2940160 -0.2726563 -0.2549178 -0.2851966 -0.3443025 -0.2194018 -0.2347396 -0.1867133 -0.2258227
C  0  1  35  1  0 19  -0.2571029 -0.3013919 -0.3460610 -0.2914968 -0.2740506 -0.2770822 -0.2526251 -0.2222172 -0.2437034 -0.2597924 -0.2046332 -0.3348976 -0.2054669 -0.2364597 -0.2825147 -0.2700573
C  0  1  35  1  0 20  -0.2299273 -0.2616965 -0.3424999 -0.3311089 -0.2765742 -0.2197520 -0.2456053 -0.3587640 -0.3560336 -0.2016279 -0.2849439 -0.2404200 -0.2855352 -0.2512956 -0.1896450 -0.3456591
C  0  1  35  1  0 21  -0.4028636 -0.3560811 -0.3817398 -0.3606105 -0.1969034 -0.2641689 -0.3850855 -0.3607212 -0.3801831 -0.3781150 -0.3422665 -0.4005048 -0.3611662 -0.3175729 -0.3770229 -0.3736205
C  0  1  35  1  1  0   0.0474951  0.0499254  0.0398736  0.0250228  0.0015229 -0.0205802 -0.0339900 -0.0410110 -0.0465922 -0.0384470 -0.0342399 -0.0176472  0.0026586  0.0069783  0.0257895  0.0387479
C  0  1  35  1  1  1   0.0248563  0.0221204  0.0173918  0.0109446  0.0016922 -0.0070748 -0.0140878 -0.0190620 -0.0171725 -0.0143521 -0.0162327 -0.0073035  0.0033182  0.0077983  0.0127379  0.0239434
C  0  1  35  1  1  2   0.0127992  0.0136460  0.0088198  0.0055485  0.0003946 -0.0040488 -0.0082025 -0.0083839 -0.0091142 -0.0056125 -0.0035774 -0.0039825 -0.0000353  0.0036526  0.0048686  0.0106642
C  0  1  35  1  1  3   0.0078140  0.0072204  0.0023808  0.0033866  0.0015792  0.0006378 -0.0037853 -0.0019793  0.0010620  0.0003011 -0.0014758 -0.0006581  0.0009523  0.0028362  0.0007583  0.0070423
C  0  1  35  1  1  4   0.0013906  0.0019229 -0.0018714  0.0005819  0.0038013  0.0025068  0.0001937  0.0026316  0.0046568  0.0026040 -0.0011303  0.0003192  0.0024250  0.0010110  0.0044517  0.0021087
C  0  1  35  1  1  5   0.0015442  0.0016699  0.0005888  0.0036371  0.0039585  0.0050709  0.0041947  0.0037426  0.0056550  0.0018720 -0.0005015  0.0003082  0.0021872  0.0031560  0.0033317 -0.0006692
C  0  1  35  1  1  6   0.0010736  0.0017605  0.0022678  0.0039603  0.0047288  0.0043604  0.0048558  0.0046230  0.0044761  0.0004035  0.0004346 -0.0003128  0.0019871  0.0018484  0.0001046  0.0005802
C  0  1  35  1  1  7  -0.0013593  0.0018867  0.0021609  0.0031540  0.0040883  0.0039161  0.0049922  0.0030287  0.0036763  0.0005670 -0.0006432 -0.0005852  0.0014252  0.0010394  0.0020940 -0.0015210
C  0  1  35  1  1  8  -0.0001414  0.0015534  0.0013446  0.0023072  0.0043399  0.0028759  0.0045757  0.0057485  0.0054086  0.0011723  0.0004918  0.0003132  0.0015200  0.0009111  0.0024722 -0.0006037
C  0  1  35  1  1  9   0.0015393  0.0019585  0.0019666  0.0027178  0.0028287  0.0030290  0.0047061  0.0027548  0.0034056 -0.0000938  0.0013765  0.0011093  0.0014430  0.0002890  0.0001094 -0.0014599
C  0  1  35  1  1 10   0.0002639  0.0022539  0.0010937  0.0017566  0.0031748  0.0019776  0.0026004  0.0029005  0.0017702 -0.0002986 -0.0000215  0.0004528 -0.0002122  0.0005197  0.0017483 -0.0010876
C  0  1  35  1  1 11   0.0006051  0.0025591  0.0016991  0.0020547  0.0029586 -0.0000269  0.0017880  0.0016553  0.0027731  0.0013431 -0.0014956 -0.0004110  0.0005082  0.0000912  0.0004823 -0.0017171
C  0  1  35  1  1 12   0.0004084  0.0019342  0.0027627  0.0036901  0.0022205  0.0016332  0.0009887  0.0032003  0.0047378  0.0023070  0.0011394  0.0013401  0.0007119 -0.0001948  0.0010279 -0.0016514
C  0  1  35  1  1 13   0.0002217  0.0022703  0.0024103  0.0034195  0.0029720  0.0033461  0.0044812  0.0056721  0.0053146  0.0007935  0.0014661  0.0004942  0.0000914 -0.0009895 -0.0001782 -0.0012133
C  0  1  35  1  1 14  -0.0006803  0.0004552  0.0025043  0.0038206  0.0044411  0.0021556  0.0038433  0.0058508  0.0046673  0.0013941  0.0007950  0.0000967 -0.0019485 -0.0013344 -0.0015666 -0.0019990
C  0  1  35  1  1 15  -0.0023998 -0.0007284  0.0016285  0.0034732  0.0031189 -0.0018014  0.0037373  0.0036585  0.0056399  0.0030129  0.0026127 -0.0004360 -0.0025793 -0.0048894 -0.0055795 -0.0045884
C  0  1  35  1  1 16  -0.0013291  0.0019376  0.0034226  0.0053081  0.0035804  0.0012232  0.0043431  0.0040736  0.0050776  0.0066937  0.0028413  0.0019415 -0.0004044 -0.0007896 -0.0050978 -0.0046355
C  0  1  35  1  1 17  -0.0040370  0.0023204  0.0022957  0.0060625  0.0014001 -0.0016783  0.0000250  0.0032124  0.0043357  0.0038814  0.0037097  0.0019199 -0.0010310 -0.0040746 -0.0051557 -0.0039295
C  0  1  35  1  1 18   0.0016911  0.0074644  0.0047887  0.0063421  0.0040459  0.0003194 -0.0017747 -0.0007843  0.0034637  0.0040786  0.0022307  0.0016624 -0.0018273 -0.0023726 -0.0061348 -0.0044470
C  0  1  35  1  1 19   0.0019878  0.0082055  0.0115694  0.0097214  0.0070242  0.0023699 -0.0028700  0.0001948  0.0031378  0.0046564  0.0019229 -0.0002233 -0.0020869 -0.0047632 -0.0058172 -0.0010834
C  0  1  35  1  1 20   0.0020512  0.0132693  0.0192448  0.0132193  0.0078236  0.0039045 -0.0016457 -0.0006014  0.0007777  0.0064497  0.0017576 -0.0029912 -0.0054923 -0.0094744 -0.0035246 -0.0047765
C  0  1  35  1  1 21   0.0087166  0.0208649  0.0302727  0.0232715  0.0189130  0.0156584  0.0103362  0.0114754  0.0124193  0.0120085  0.0026810 -0.0020248 -0.0078562 -0.0171193 -0.0083909 -0.0010657
