CPHI 16 
CETA 22 -2.40 -2.10 -1.85 -1.60 -1.40 -1.20 -1.00 -0.80 -0.60 -0.40 -0.20  0.00  0.20  0.40  0.60  0.80  1.00  1.20  1.40  1.60  1.85  2.10  2.40 
RMIN  6 
RTRK 12 
RETA 11  0.00  0.20  0.40  0.60  0.80  1.00  1.20  1.40  1.60  1.85  2.10  2.40 
T 0 1  36  0  0  0    0.0000000   0.0006174   0.0016868   0.0032100   0.0123409   0.0690691   0.2784335   0.6541207   1.0000000   1.0000000   1.0000000   1.0000000   1.0000000
T 0 1  36  0  0  1    0.0000000   0.0001390   0.0005470   0.0023916   0.0124220   0.0590430   0.2256493   0.5888464   1.0000000   1.0000000   1.0000000   1.0000000   1.0000000
T 0 1  36  0  0  2    0.0000000   0.0001146   0.0004879   0.0017334   0.0106665   0.0557622   0.2092002   0.5737784   1.0000000   1.0000000   1.0000000   1.0000000   1.0000000
T 0 1  36  0  0  3    0.0000000   0.0002196   0.0006427   0.0017541   0.0113924   0.0630450   0.2261980   0.5870185   1.0000000   1.0000000   1.0000000   1.0000000   1.0000000
T 0 1  36  0  0  4    0.0000000   0.0004306   0.0025765   0.0144774   0.0630070   0.2046502   0.4893866   0.8224309   1.0000000   1.0000000   1.0000000   1.0000000   1.0000000
T 0 1  36  0  0  5    0.0000000   0.0010173   0.0075000   0.0517731   0.2061576   0.5329479   0.8752420   0.9993476   1.0000000   1.0000000   1.0000000   1.0000000   1.0000000
T 0 1  36  0  0  6    0.0000000   0.0002967   0.0012438   0.0105026   0.0675468   0.2777430   0.6633107   0.9310846   0.9982175   0.9999994   1.0000000   1.0000000   1.0000000
T 0 1  36  0  0  7    0.0000000   0.0000666   0.0004288   0.0009555   0.0049315   0.0312140   0.1191774   0.2975192   0.5811628   0.8691739   0.9840886   0.9998660   1.0000000
T 0 1  36  0  0  8    0.0000000   0.0000019   0.0000356   0.0001311   0.0004117   0.0010054   0.0042434   0.0251313   0.1191283   0.3951529   0.7899171   0.9692833   1.0000000
T 0 1  36  0  0  9    0.0000000   0.0000068   0.0000082   0.0000239   0.0005569   0.0036459   0.0183437   0.0860032   0.3027824   0.6586016   0.9389686   0.9999453   1.0000000
T 0 1  36  0  0 10    0.0000000   0.0069816   0.0293132   0.0468315   0.0802212   0.1695561   0.3385376   0.6901631   0.9101540   0.9698969   0.9998364   1.0000000   1.0000000
T 0 1  36  1  0  0    0.0000000   0.0005148   0.0016399   0.0047460   0.0213440   0.1017716   0.3374237   0.6994022   1.0000000   1.0000000   1.0000000   1.0000000   1.0000000
T 0 1  36  1  0  1    0.0000000   0.0002633   0.0010891   0.0042307   0.0181163   0.0752157   0.2537985   0.6193956   1.0000000   1.0000000   1.0000000   1.0000000   1.0000000
T 0 1  36  1  0  2    0.0000000   0.0002194   0.0008486   0.0027728   0.0124455   0.0616642   0.2339277   0.6064318   1.0000000   1.0000000   1.0000000   1.0000000   1.0000000
T 0 1  36  1  0  3    0.0000000   0.0002283   0.0008669   0.0027852   0.0140251   0.0700545   0.2491207   0.6198491   1.0000000   1.0000000   1.0000000   1.0000000   1.0000000
T 0 1  36  1  0  4    0.0000000   0.0004356   0.0027620   0.0153929   0.0663357   0.2155446   0.5058694   0.8320271   1.0000000   1.0000000   1.0000000   1.0000000   1.0000000
T 0 1  36  1  0  5    0.0000000   0.0011873   0.0094478   0.0577925   0.2246261   0.5586818   0.8900123   0.9996500   1.0000000   1.0000000   1.0000000   1.0000000   1.0000000
T 0 1  36  1  0  6    0.0000000   0.0004626   0.0026649   0.0180020   0.0942133   0.3329130   0.7236541   0.9536823   0.9988141   0.9999984   1.0000000   1.0000000   1.0000000
T 0 1  36  1  0  7    0.0000000   0.0002246   0.0006446   0.0024765   0.0123245   0.0526267   0.1570011   0.3413836   0.6074237   0.8728054   0.9849908   0.9998878   1.0000000
T 0 1  36  1  0  8    0.0000000   0.0009562   0.0014955   0.0017998   0.0022382   0.0036136   0.0107994   0.0452511   0.1686405   0.4573475   0.8251665   0.9710661   1.0000000
T 0 1  36  1  0  9    0.0000000   0.0021003   0.0074838   0.0131257   0.0159362   0.0198461   0.0401951   0.1288935   0.3661962   0.7154288   0.9583841   0.9999941   1.0000000
T 0 1  36  1  0 10    0.0000000   0.0032254   0.0170235   0.0428863   0.0843736   0.1746921   0.3942474   0.7474223   0.9511020   0.9856143   0.9999985   1.0000000   1.0000000
R 0 1  36  0  0  0    0.0234705   0.0234705   0.0116207   0.0103903   0.0103830   0.0102012   0.0099898   0.0098544   0.0098544   0.0098544   0.0098544   0.0098544
R 0 1  36  0  0  1    0.0118691   0.0118691   0.0118691   0.0118691   0.0108911   0.0108979   0.0109772   0.0108249   0.0108249   0.0108249   0.0108249   0.0108249
R 0 1  36  0  0  2    0.0125740   0.0125740   0.0125740   0.0125740   0.0121745   0.0119671   0.0118071   0.0117526   0.0117526   0.0117526   0.0117526   0.0117526
R 0 1  36  0  0  3    0.0136932   0.0136932   0.0136932   0.0136932   0.0126255   0.0125758   0.0123668   0.0122342   0.0122342   0.0122342   0.0122342   0.0122342
R 0 1  36  0  0  4    0.0194457   0.0194457   0.0194457   0.0174989   0.0169584   0.0158845   0.0145107   0.0130782   0.0130782   0.0130782   0.0130782   0.0130782
R 0 1  36  0  0  5    0.0205140   0.0205140   0.0191406   0.0190972   0.0186964   0.0181054   0.0169799   0.0169799   0.0169799   0.0169799   0.0169799   0.0169799
R 0 1  36  0  0  6    0.0201913   0.0201913   0.0201913   0.0204649   0.0207722   0.0206886   0.0208083   0.0205848   0.0205848   0.0205848   0.0205848   0.0205848
R 0 1  36  0  0  7    0.0229057   0.0229057   0.0229057   0.0229057   0.0206329   0.0212553   0.0210678   0.0209570   0.0206027   0.0197686   0.0197686   0.0197686
R 0 1  36  0  0  8    0.0216850   0.0216850   0.0216850   0.0216850   0.0216850   0.0216850   0.0216850   0.0209215   0.0209968   0.0209515   0.0202787   0.0186498
R 0 1  36  0  0  9    0.0315163   0.0315163   0.0315163   0.0315163   0.0315163   0.0315163   0.0295235   0.0287642   0.0275124   0.0264764   0.0248124   0.0248124
R 0 1  36  0  0 10    0.0750041   0.0699814   0.0609104   0.0536839   0.0473058   0.0440783   0.0410519   0.0354993   0.0339192   0.0306411   0.0306411   0.0306411
R 0 1  36  0  1  0    0.0000000   0.0000000   0.0000000   0.0000737   0.0000837   0.0000789   0.0000723   0.0000656   0.0000656   0.0000656   0.0000656   0.0000656
R 0 1  36  0  1  1    0.0000580   0.0000580   0.0000580   0.0000580   0.0000647   0.0000703   0.0000629   0.0000547   0.0000547   0.0000547   0.0000547   0.0000547
R 0 1  36  0  1  2    0.0000551   0.0000551   0.0000551   0.0000551   0.0000787   0.0000610   0.0000589   0.0000554   0.0000554   0.0000554   0.0000554   0.0000554
R 0 1  36  0  1  3    0.0000878   0.0000878   0.0000878   0.0000878   0.0000590   0.0000586   0.0000542   0.0000487   0.0000487   0.0000487   0.0000487   0.0000487
R 0 1  36  0  1  4    0.0001234   0.0001234   0.0001234   0.0000951   0.0000888   0.0000694   0.0000592   0.0000436   0.0000436   0.0000436   0.0000436   0.0000436
R 0 1  36  0  1  5    0.0001769   0.0001769   0.0000664   0.0000724   0.0000647   0.0000623   0.0000468   0.0000468   0.0000468   0.0000468   0.0000468   0.0000468
R 0 1  36  0  1  6    0.0000547   0.0000547   0.0000547   0.0000225   0.0000542   0.0000593   0.0000526   0.0000255   0.0000255   0.0000255   0.0000255   0.0000255
R 0 1  36  0  1  7    0.0001389   0.0001389   0.0001389   0.0001389   0.0000458   0.0000730   0.0000570   0.0000708   0.0000769   0.0000542   0.0000542   0.0000542
R 0 1  36  0  1  8    0.0001403   0.0001403   0.0001403   0.0001403   0.0001403   0.0001403   0.0001403   0.0001080   0.0001039   0.0000994   0.0000879   0.0000737
R 0 1  36  0  1  9    0.0003211   0.0003211   0.0003211   0.0003211   0.0003211   0.0003211   0.0001917   0.0001989   0.0001844   0.0001507   0.0001293   0.0001293
R 0 1  36  0  1 10    0.0011828   0.0011129   0.0008466   0.0007515   0.0005855   0.0004718   0.0003928   0.0002529   0.0002177   0.0001486   0.0001486   0.0001486
R 0 1  36  0  2  0    0.0000000   0.0000000   0.0000000   0.0000000   0.0000000   0.0000075   0.0000117   0.0000093   0.0000093   0.0000093   0.0000093   0.0000093
R 0 1  36  0  2  1    0.0000000   0.0000000   0.0000000   0.0000000   0.0000000   0.0000127   0.0000081   0.0000145   0.0000145   0.0000145   0.0000145   0.0000145
R 0 1  36  0  2  2    0.0000000   0.0000000   0.0000000   0.0000000   0.0000341   0.0000213   0.0000171   0.0000000   0.0000000   0.0000000   0.0000000   0.0000000
R 0 1  36  0  2  3    0.0000000   0.0000000   0.0000000   0.0000000   0.0000000   0.0000188   0.0000136   0.0000038   0.0000038   0.0000038   0.0000038   0.0000038
R 0 1  36  0  2  4    0.0000000   0.0000000   0.0000000   0.0000000   0.0000000   0.0000210   0.0000000   0.0000086   0.0000086   0.0000086   0.0000086   0.0000086
R 0 1  36  0  2  5    0.0000000   0.0000000   0.0000000   0.0000000   0.0000217   0.0000070   0.0000000   0.0000000   0.0000000   0.0000000   0.0000000   0.0000000
R 0 1  36  0  2  6    0.0000000   0.0000000   0.0000000   0.0000000   0.0000253   0.0000098   0.0000000   0.0000411   0.0000411   0.0000411   0.0000411   0.0000411
R 0 1  36  0  2  7    0.0000000   0.0000000   0.0000000   0.0000000   0.0000000   0.0000000   0.0000000   0.0000000   0.0000000   0.0000154   0.0000154   0.0000154
R 0 1  36  0  2  8    0.0000000   0.0000000   0.0000000   0.0000000   0.0000000   0.0000000   0.0000000   0.0000000   0.0000000   0.0000092   0.0000000   0.0000000
R 0 1  36  0  2  9    0.0000000   0.0000000   0.0000000   0.0000000   0.0000000   0.0000000   0.0000000   0.0000287   0.0000000   0.0000251   0.0000000   0.0000000
R 0 1  36  0  2 10    0.0000000   0.0000000   0.0000000   0.0000000   0.0000000   0.0000542   0.0000565   0.0000261   0.0000000   0.0000000   0.0000000   0.0000000
R 0 1  36  0  3  0    1.0887242   1.0887242   1.0453064   1.0289898   0.9946074   0.9865881   0.9811139   0.9834497   0.9834497   0.9834497   0.9834497   0.9834497
R 0 1  36  0  3  1    1.0236949   1.0236949   1.0236949   1.0236949   0.9960714   0.9829231   0.9787181   0.9778823   0.9778823   0.9778823   0.9778823   0.9778823
R 0 1  36  0  3  2    1.0320414   1.0320414   1.0320414   1.0320414   0.9979346   0.9839858   0.9813874   0.9816958   0.9816958   0.9816958   0.9816958   0.9816958
R 0 1  36  0  3  3    1.0127586   1.0127586   1.0127586   1.0127586   1.0067210   0.9852868   0.9802943   0.9813696   0.9813696   0.9813696   0.9813696   0.9813696
R 0 1  36  0  3  4    0.9867425   0.9867425   0.9867425   0.9913904   0.9773543   0.9738239   0.9770548   0.9915293   0.9915293   0.9915293   0.9915293   0.9915293
R 0 1  36  0  3  5    0.9947142   0.9947142   1.0088738   0.9848263   0.9739410   0.9709601   0.9688238   0.9688238   0.9688238   0.9688238   0.9688238   0.9688238
R 0 1  36  0  3  6    1.0131119   1.0131119   1.0131119   0.9969683   0.9853686   0.9836908   0.9834973   0.9829857   0.9829857   0.9829857   0.9829857   0.9829857
R 0 1  36  0  3  7    0.9942268   0.9942268   0.9942268   0.9942268   1.0319252   0.9992430   0.9882759   0.9855595   0.9882727   0.9913862   0.9913862   0.9913862
R 0 1  36  0  3  8    1.0087643   1.0087643   1.0087643   1.0087643   1.0087643   1.0087643   1.0087643   0.9937045   0.9830443   0.9841396   0.9893972   1.0115897
R 0 1  36  0  3  9    1.0363991   1.0363991   1.0363991   1.0363991   1.0363991   1.0363991   0.9907573   0.9772761   0.9732300   0.9844389   1.0073907   1.0073907
R 0 1  36  0  3 10    1.0680598   1.0468967   1.0331611   0.9857616   0.9767292   0.9716158   0.9676715   0.9664644   1.0076238   0.9994190   0.9994190   0.9994190
R 0 1  36  0  4  0    1.4676560   1.4676560   1.3319173   2.1652890   2.2651742   2.3131158   2.2120361   2.2737549   2.2737549   2.2737549   2.2737549   2.2737549
R 0 1  36  0  4  1    2.0116631   2.0116631   2.0116631   2.0116631   2.0905235   2.2228348   2.2020434   2.1833478   2.1833478   2.1833478   2.1833478   2.1833478
R 0 1  36  0  4  2    2.0293336   2.0293336   2.0293336   2.0293336   2.1760589   2.2506365   2.2324325   2.2530536   2.2530536   2.2530536   2.2530536   2.2530536
R 0 1  36  0  4  3    1.8215784   1.8215784   1.8215784   1.8215784   2.3449930   2.2659163   2.2082956   2.2433410   2.2433410   2.2433410   2.2433410   2.2433410
R 0 1  36  0  4  4    1.7549017   1.7549017   1.7549017   2.1317575   2.0726870   2.0723074   2.1706865   2.4010876   2.4010876   2.4010876   2.4010876   2.4010876
R 0 1  36  0  4  5    1.6132280   1.6132280   2.1043654   2.1632711   2.0793400   2.0751780   1.9742313   1.9742313   1.9742313   1.9742313   1.9742313   1.9742313
R 0 1  36  0  4  6    1.9539544   1.9539544   1.9539544   2.1654696   2.2801365   2.3333267   2.3387609   2.2931190   2.2931190   2.2931190   2.2931190   2.2931190
R 0 1  36  0  4  7    1.7177186   1.7177186   1.7177186   1.7177186   2.1907592   2.3787068   2.3034710   2.3574017   2.3979917   2.3817419   2.3817419   2.3817419
R 0 1  36  0  4  8    2.1851362   2.1851362   2.1851362   2.1851362   2.1851362   2.1851362   2.1851362   2.2113205   2.2281608   2.2725590   2.3586984   2.1793197
R 0 1  36  0  4  9    2.2225162   2.2225162   2.2225162   2.2225162   2.2225162   2.2225162   1.9666889   2.0587286   2.0420575   2.1856430   2.1550161   2.1550161
R 0 1  36  0  4 10    2.0359714   2.1751568   2.0991793   1.8843298   1.9349460   1.9968624   1.9603932   1.8951705   2.1848243   1.9270043   1.9270043   1.9270043
R 0 1  36  0  5  0    8.0779575   8.0779575   8.0259461   3.0731214   3.5392895   3.6477059   4.3722622   3.9145787   3.9145787   3.9145787   3.9145787   3.9145787
R 0 1  36  0  5  1    3.6100063   3.6100063   3.6100063   3.6100063   4.2724938   4.0090348   4.3611383   4.3710961   4.3710961   4.3710961   4.3710961   4.3710961
R 0 1  36  0  5  2    3.5062171   3.5062171   3.5062171   3.5062171   4.3233022   4.0283598   4.0558562   4.2119072   4.2119072   4.2119072   4.2119072   4.2119072
R 0 1  36  0  5  3    4.3189566   4.3189566   4.3189566   4.3189566   3.4649014   4.0416132   4.4924379   4.2756145   4.2756145   4.2756145   4.2756145   4.2756145
R 0 1  36  0  5  4    6.3520233   6.3520233   6.3520233   4.1803853   5.3058750   5.4283227   4.1502451   2.9239104   2.9239104   2.9239104   2.9239104   2.9239104
R 0 1  36  0  5  5    5.3575473   5.3575473   4.7666617   4.5742717   5.4205426   4.7009692   4.3183395   4.3183395   4.3183395   4.3183395   4.3183395   4.3183395
R 0 1  36  0  5  6    3.2722500   3.2722500   3.2722500   4.4747971   3.6318217   3.0198303   2.4379659   1.9243151   1.9243151   1.9243151   1.9243151   1.9243151
R 0 1  36  0  5  7    4.0122552   4.0122552   4.0122552   4.0122552   4.0573560   3.0668117   3.0608053   2.8507104   2.6262361   2.0039061   2.0039061   2.0039061
R 0 1  36  0  5  8    4.0689675   4.0689675   4.0689675   4.0689675   4.0689675   4.0689675   4.0689675   4.6224447   4.4464668   4.1856653   3.3179088   4.6347777
R 0 1  36  0  5  9    4.1803173   4.1803173   4.1803173   4.1803173   4.1803173   4.1803173   7.7162296   6.1614768   6.7021378   5.5967302   6.7387456   6.7387456
R 0 1  36  0  5 10    5.7279664   4.5190653   3.6681056   6.2846084   5.7953896   6.1515649   7.9351156  10.0636443   5.7837210   9.1567871   9.1567871   9.1567871
F  0  1  36  0  0  0    1.0205564   1.0480991   1.0042892   0.9548036   0.9697863   1.0038995   1.0026416   0.9919477   0.9852961   0.9912210   0.9774315
F  0  1  36  1  0  0    1.0741515   1.1141857   1.0714253   1.0602244   1.0375613   1.0744582   1.0799068   1.0497103   1.0376699   1.0607630   1.0784390
C  0  1  36  0  0  0  -0.1971619 -0.1649136 -0.0735495 -0.3898046 -0.2494859 -0.3627149 -0.2946650 -0.2777863 -0.2585535 -0.1895453 -0.3029350 -0.1899874 -0.1738302 -0.2718300 -0.2291706 -0.1666653
C  0  1  36  0  0  1  -0.0183004 -0.2302005 -0.1956134 -0.0946554 -0.1427875 -0.0088850 -0.0150554 -0.1643832 -0.0041840 -0.2142549 -0.1166674 -0.1116578 -0.1217370 -0.1094014 -0.2333147 -0.0880949
C  0  1  36  0  0  2  -0.1616094 -0.1379852 -0.0955793 -0.1896044 -0.0206757 -0.0371345 -0.0628129 -0.0714468 -0.0579537 -0.1083013 -0.0542720 -0.0364285 -0.1088247 -0.0604708 -0.0469016 -0.1763904
C  0  1  36  0  0  3   0.0128592 -0.1208969 -0.1007221 -0.0526612  0.0541405 -0.1846403 -0.1114201 -0.0913319 -0.0213016 -0.0783454 -0.1221883  0.0344411 -0.2309438 -0.1551803 -0.0916010 -0.0898464
C  0  1  36  0  0  4  -0.0079268 -0.0386194 -0.1395028 -0.1132334 -0.1611870 -0.2106146 -0.0431661 -0.0168200 -0.0651910 -0.0742617 -0.0174556 -0.0555488 -0.1662701 -0.0886903 -0.0085659 -0.0375717
C  0  1  36  0  0  5  -0.0255142  0.0699553 -0.1436580  0.0579434  0.0432284 -0.0674933 -0.0225971  0.0073724  0.0260196  0.0166712 -0.0239078  0.0628311 -0.0761500 -0.0306005  0.0384698 -0.1111309
C  0  1  36  0  0  6   0.0039692  0.0740938  0.0150620 -0.0255405  0.0587962  0.0245847 -0.0639923 -0.0484846 -0.0744092 -0.0002130  0.0101550  0.0896202 -0.1267184 -0.0313738 -0.0006819  0.1009028
C  0  1  36  0  0  7  -0.0760068 -0.0178695 -0.0229545 -0.0782246 -0.0566436  0.1518427  0.0032045  0.0052660 -0.0058742 -0.0319571  0.0931984 -0.0445681  0.0463948 -0.0171521  0.0521731 -0.0203356
C  0  1  36  0  0  8  -0.0420280  0.0128418  0.0701343  0.0115250 -0.0375331  0.0031072 -0.0125940 -0.0280793 -0.0102828  0.0593158 -0.0346934  0.0415384 -0.0172614  0.0370652 -0.1480912 -0.0571569
C  0  1  36  0  0  9  -0.0325602  0.0173314 -0.0092332  0.0725091  0.0349336  0.0276187  0.0006384  0.0474082 -0.0586631  0.0003330 -0.0021521  0.0631974  0.0385952  0.0414844  0.0067546  0.0501866
C  0  1  36  0  0 10  -0.0088397 -0.0198987  0.0227588  0.0227670 -0.0358291  0.1125953 -0.0508453  0.0074112 -0.0348159 -0.0828615  0.0493044  0.0640501 -0.0734687  0.0135715  0.0138298  0.0446017
C  0  1  36  0  0 11  -0.0081536 -0.0193561 -0.0732084 -0.0085162 -0.0182808  0.0588522  0.0628462  0.0928488  0.0730272 -0.0106155  0.0661535 -0.0024712 -0.0540406  0.0253995 -0.0004203 -0.0173447
C  0  1  36  0  0 12   0.0170922  0.0227416 -0.0196295 -0.0151988  0.0301547  0.0500461 -0.0656370  0.0150725  0.0745550  0.0336994  0.0161927  0.0122657 -0.0437211 -0.0363767  0.0753031  0.0401569
C  0  1  36  0  0 13  -0.0318230  0.0729571  0.0981518  0.0044190  0.0260336 -0.0106070 -0.0191969  0.0136925 -0.0031877  0.0490781 -0.0093146  0.0017927 -0.0441906 -0.0062073 -0.0135635  0.0422962
C  0  1  36  0  0 14   0.0092577  0.0078702 -0.0419042 -0.0453477  0.0452012  0.0096597  0.0846128  0.0251350 -0.0130386  0.0137154  0.0771673 -0.0505801  0.0085153  0.0099775  0.0283065 -0.0746215
C  0  1  36  0  0 15  -0.0517038 -0.0521354  0.0360481 -0.0151154  0.0123781 -0.0447623  0.0122865  0.0579119 -0.0519320  0.0370770 -0.0528179 -0.0568274  0.0294852 -0.0049394 -0.0199400 -0.0115864
C  0  1  36  0  0 16   0.1260752  0.0071118  0.0563115  0.0157341  0.0572426 -0.1631526  0.0516296 -0.0486407 -0.0592293  0.1665200  0.0116432  0.0104207 -0.0789748 -0.0152148 -0.1679873  0.0019768
C  0  1  36  0  0 17  -0.0900708 -0.0559293 -0.0780172 -0.1366084 -0.0703317  0.0076371 -0.1232443 -0.0715555 -0.0275362 -0.0629778 -0.0032587  0.0341724 -0.0910763 -0.1594488 -0.0408437  0.0164581
C  0  1  36  0  0 18  -0.1156074  0.0073605  0.0680149 -0.0566447 -0.1406118 -0.0644640 -0.1190940 -0.0123856 -0.0308877 -0.0223811 -0.0810190 -0.0542497 -0.0857029 -0.0000886 -0.1670789  0.0150504
C  0  1  36  0  0 19  -0.0037014 -0.0568284 -0.1632931 -0.1537260 -0.0750519 -0.0339186 -0.2549744 -0.0115682 -0.1710717 -0.1019974 -0.1159708 -0.1025058 -0.1363202 -0.0624666  0.0499384 -0.0697301
C  0  1  36  0  0 20  -0.1440208 -0.0447402 -0.0984970 -0.0013199 -0.2595364 -0.2010723 -0.3120419 -0.1902394 -0.0839350 -0.1457572 -0.1836735  0.0487113 -0.0044022 -0.3010959 -0.1179994 -0.1825905
C  0  1  36  0  0 21  -0.1851593 -0.1700805 -0.3144144 -0.2150812 -0.1514096  0.0001987 -0.3927455  0.0198095 -0.1388294 -0.0832658 -0.1786872 -0.3452954 -0.2508133 -0.5731812 -0.2079194 -0.3505034
C  0  1  36  0  1  0   0.0007269 -0.0001061 -0.0001688 -0.0028308 -0.0041395  0.0016829  0.0006470  0.0018094  0.0028269 -0.0029952 -0.0062558  0.0064692  0.0044564  0.0033813  0.0007390  0.0056560
C  0  1  36  0  1  1   0.0035597  0.0004649 -0.0011668 -0.0011676  0.0023279 -0.0023067  0.0062885  0.0034052  0.0020629 -0.0006816 -0.0007319 -0.0051216  0.0030779  0.0059014 -0.0026062 -0.0001854
C  0  1  36  0  1  2   0.0037614 -0.0015503  0.0013040  0.0019013 -0.0019949  0.0004087  0.0019785 -0.0000008 -0.0008164  0.0015965 -0.0018194 -0.0028572  0.0016651 -0.0013384 -0.0013424  0.0005534
C  0  1  36  0  1  3   0.0012397 -0.0014877  0.0023312 -0.0042501 -0.0010866  0.0021668  0.0011504 -0.0032290 -0.0026129 -0.0026337 -0.0013849 -0.0012100  0.0012280 -0.0007951  0.0010116  0.0022577
C  0  1  36  0  1  4   0.0044249 -0.0009299 -0.0013144  0.0019201  0.0001495  0.0021364 -0.0007142 -0.0007363  0.0011516  0.0028683 -0.0005932 -0.0023395  0.0036220 -0.0012719 -0.0002562 -0.0037653
C  0  1  36  0  1  5   0.0008175  0.0003772 -0.0035601  0.0008564  0.0001147 -0.0021851 -0.0000052 -0.0004641  0.0007156 -0.0012790  0.0029700 -0.0012437  0.0006386  0.0007683 -0.0020956 -0.0018862
C  0  1  36  0  1  6   0.0013323  0.0000343 -0.0019216 -0.0005216  0.0012083 -0.0004748 -0.0016422 -0.0004861  0.0011705 -0.0021543 -0.0013814  0.0018102 -0.0026058 -0.0009190  0.0016795 -0.0014766
C  0  1  36  0  1  7   0.0009312 -0.0010244 -0.0000401 -0.0005945  0.0024444  0.0002524 -0.0020407 -0.0007540  0.0016397 -0.0017504  0.0015210 -0.0022742 -0.0016117  0.0010443 -0.0002462  0.0006135
C  0  1  36  0  1  8   0.0016356  0.0004004  0.0002239 -0.0007392  0.0010642  0.0012515  0.0030594  0.0010741  0.0029370 -0.0007465  0.0000820 -0.0013497 -0.0001784  0.0021690 -0.0008670  0.0013101
C  0  1  36  0  1  9  -0.0028519  0.0006665  0.0005978  0.0006145 -0.0005797  0.0015977 -0.0004639  0.0009421 -0.0022019 -0.0014806 -0.0035291 -0.0010200 -0.0001148 -0.0005291 -0.0021994  0.0017257
C  0  1  36  0  1 10   0.0000417 -0.0006877  0.0020254  0.0007757  0.0011305  0.0003266  0.0001551  0.0004576 -0.0016583 -0.0019424 -0.0008904 -0.0014187 -0.0027698 -0.0004653 -0.0008531  0.0005479
C  0  1  36  0  1 11   0.0002877 -0.0002713 -0.0001140 -0.0011037  0.0007050  0.0004528 -0.0021737 -0.0027764 -0.0032292 -0.0004379  0.0003118 -0.0027009  0.0007495 -0.0014494 -0.0016359 -0.0002061
C  0  1  36  0  1 12  -0.0001817 -0.0003589  0.0018463 -0.0001844 -0.0004024 -0.0003727  0.0004653 -0.0010110 -0.0002549  0.0011210 -0.0008250  0.0020844  0.0009278 -0.0000282 -0.0005028  0.0019667
C  0  1  36  0  1 13   0.0018703 -0.0021742  0.0015001  0.0016032  0.0019707  0.0002434  0.0003914  0.0010944  0.0002248 -0.0004032 -0.0000071 -0.0017466  0.0008713  0.0013010  0.0014234  0.0016866
C  0  1  36  0  1 14   0.0035316  0.0004838  0.0035613  0.0030417  0.0019404  0.0017585 -0.0032432 -0.0003802 -0.0006922  0.0003534 -0.0004987 -0.0010811 -0.0004006  0.0011420 -0.0008233  0.0013413
C  0  1  36  0  1 15   0.0029092 -0.0000444 -0.0000679 -0.0003973  0.0007402  0.0018833  0.0003879 -0.0020094  0.0001533 -0.0014366 -0.0008859  0.0024154 -0.0002241 -0.0001284  0.0026800 -0.0000349
C  0  1  36  0  1 16  -0.0003054  0.0018047 -0.0003748  0.0019143 -0.0005197  0.0001678  0.0010284  0.0006430  0.0013825 -0.0007572 -0.0000477  0.0028811 -0.0002193  0.0020538  0.0006590  0.0005872
C  0  1  36  0  1 17   0.0017245 -0.0007183 -0.0002689  0.0031155  0.0017302  0.0030659  0.0010459  0.0034715 -0.0001128  0.0035282  0.0009434  0.0003169  0.0011655 -0.0009372  0.0054382  0.0042458
C  0  1  36  0  1 18   0.0094786  0.0029623  0.0003270  0.0019411 -0.0001135  0.0029564  0.0036556 -0.0006829 -0.0022119  0.0003847  0.0041818  0.0027478 -0.0000884 -0.0012211  0.0042423  0.0036355
C  0  1  36  0  1 19   0.0026005  0.0025723  0.0008839 -0.0005732  0.0002824  0.0014932  0.0034746 -0.0002665  0.0019079  0.0053690 -0.0025973  0.0009409 -0.0007225  0.0028546  0.0051365  0.0029794
C  0  1  36  0  1 20   0.0018391  0.0073699  0.0021377  0.0053287  0.0022226  0.0025604  0.0018468  0.0065537  0.0013690  0.0016531  0.0012728 -0.0020615  0.0033929  0.0028515  0.0040488  0.0055979
C  0  1  36  0  1 21   0.0117235  0.0107400  0.0083006  0.0006657 -0.0001241 -0.0077386 -0.0087326 -0.0018574 -0.0005513 -0.0031728  0.0006631  0.0068114  0.0015020  0.0036233  0.0097732  0.0044214
C  0  1  36  1  0  0  -0.5269868 -0.3719841 -0.3801947 -0.3324041 -0.2530344 -0.3735731 -0.2648384 -0.2861257 -0.3214973 -0.3457223 -0.2913302 -0.5071110 -0.4050029 -0.4186879 -0.4443570 -0.4979086
C  0  1  36  1  0  1  -0.2988415 -0.3125960 -0.2627674 -0.3291327 -0.3198327 -0.2906203 -0.3347001 -0.3349692 -0.3304582 -0.2934569 -0.3398945 -0.2749961 -0.4072791 -0.4586315 -0.3646875 -0.3313023
C  0  1  36  1  0  2  -0.3376910 -0.3446557 -0.2585913 -0.3333495 -0.2839142 -0.2666376 -0.2739628 -0.2486043 -0.2554226 -0.2509094 -0.2899694 -0.3153266 -0.3780794 -0.4331152 -0.3262719 -0.3538680
C  0  1  36  1  0  3  -0.2845559 -0.2885035 -0.2948901 -0.2916812 -0.2786454 -0.2118279 -0.1712089 -0.1656835 -0.1910140 -0.1834446 -0.2064185 -0.2479458 -0.2654261 -0.3163414 -0.3499200 -0.2539786
C  0  1  36  1  0  4  -0.2988807 -0.2742167 -0.2922024 -0.2097726 -0.2059572 -0.1786737 -0.2518576 -0.2419002 -0.2415273 -0.1672757 -0.2120775 -0.3166904 -0.2926680 -0.2860238 -0.3437369 -0.2411794
C  0  1  36  1  0  5  -0.2213772 -0.2046384 -0.2066124 -0.1319552 -0.1600459 -0.1485131 -0.2292426 -0.1423112 -0.1074199 -0.1478272 -0.1781752 -0.1906771 -0.2286165 -0.1463792 -0.1835624 -0.1943255
C  0  1  36  1  0  6  -0.1290200 -0.1294916 -0.1815571 -0.1904531 -0.1118355 -0.0956267 -0.1071963 -0.1409530 -0.1341595 -0.0921432 -0.1112720 -0.0955182 -0.1150490 -0.1706484 -0.1325091 -0.1817707
C  0  1  36  1  0  7  -0.1670056 -0.1444937 -0.1663903 -0.1256025 -0.1321552 -0.1108166 -0.1791346 -0.1001511 -0.1083560 -0.0996302 -0.0867070 -0.1544069 -0.1356700 -0.1353672 -0.1645311 -0.1402325
C  0  1  36  1  0  8  -0.1878194 -0.0932016 -0.1456438 -0.1627715 -0.1399718 -0.1668135 -0.1655989 -0.1285519 -0.1734267 -0.1141021 -0.1412359 -0.1974582 -0.1425951 -0.1904898 -0.1644728 -0.1354921
C  0  1  36  1  0  9  -0.1388015 -0.1193883 -0.0750159 -0.1617173 -0.1218481 -0.1517510 -0.0897684 -0.1620665 -0.1014775 -0.1026720 -0.0723034 -0.1176651 -0.1233287 -0.1259801 -0.1264976 -0.1380728
C  0  1  36  1  0 10  -0.1546910 -0.0797907 -0.1034714 -0.1451430 -0.1442844 -0.1294824 -0.1472684 -0.1541452 -0.0914911 -0.1376882 -0.1450022 -0.1350042 -0.1136954 -0.1652349 -0.0981545 -0.1192093
C  0  1  36  1  0 11  -0.1199020 -0.1369833 -0.1569020 -0.0974451 -0.1074831 -0.1063327 -0.1271529 -0.1278171 -0.1404181 -0.0793717 -0.1011670 -0.1357956 -0.1073624 -0.1640930 -0.1182442 -0.1090459
C  0  1  36  1  0 12  -0.1280027 -0.1596882 -0.1427882 -0.0907840 -0.1405206 -0.1253106 -0.1492793 -0.1955701 -0.1284790 -0.1197958 -0.1261287 -0.0753236 -0.1039514 -0.1539698 -0.1089831 -0.1336015
C  0  1  36  1  0 13  -0.1026398 -0.1327902 -0.1579404 -0.1385880 -0.1164830 -0.1931362 -0.1441940 -0.1679832 -0.1054005 -0.1465065 -0.1581159 -0.1340284 -0.1908124 -0.1395714 -0.1741734 -0.1190385
C  0  1  36  1  0 14  -0.1183137 -0.1474699 -0.1242886 -0.1727368 -0.1525640 -0.1238723 -0.1442334 -0.2108775 -0.1342558 -0.1597162 -0.1473926 -0.1086600 -0.1691262 -0.0861307 -0.1187595 -0.2009078
C  0  1  36  1  0 15  -0.0814854 -0.1613162 -0.1485122 -0.1266673 -0.1676076 -0.0943866 -0.1280868 -0.1287868 -0.1476855 -0.1463060 -0.1002466 -0.1782760 -0.1057221 -0.0917499 -0.1160523 -0.1654849
C  0  1  36  1  0 16  -0.2013095 -0.1732476 -0.1644713 -0.1663071 -0.1716470 -0.1700198 -0.1755768 -0.2185805 -0.2124147 -0.1954801 -0.1656490 -0.1510093 -0.1065215 -0.1384177 -0.1462625 -0.1291928
C  0  1  36  1  0 17  -0.2653194 -0.2850779 -0.1877939 -0.2650164 -0.2465039 -0.2266723 -0.2481505 -0.2058130 -0.2120772 -0.2226271 -0.2827139 -0.2474915 -0.1591309 -0.2392079 -0.1859449 -0.2764225
C  0  1  36  1  0 18  -0.2359508 -0.2190923 -0.2881672 -0.2712920 -0.2413889 -0.2483522 -0.2847343 -0.2382972 -0.2503980 -0.2232661 -0.2360769 -0.2479564 -0.2977989 -0.2016475 -0.1605343 -0.2072644
C  0  1  36  1  0 19  -0.2737033 -0.2283065 -0.3087948 -0.3405588 -0.2850603 -0.3077582 -0.2420175 -0.2318699 -0.2617734 -0.2557789 -0.2711045 -0.3096747 -0.2465898 -0.2997330 -0.3255870 -0.2696277
C  0  1  36  1  0 20  -0.2765105 -0.2800745 -0.3870082 -0.3097983 -0.3467497 -0.2172211 -0.3407938 -0.3492599 -0.3913269 -0.3161966 -0.3055905 -0.2845651 -0.3382814 -0.2676866 -0.3123908 -0.3129186
C  0  1  36  1  0 21  -0.4313373 -0.3235483 -0.3351147 -0.2786643 -0.2938649 -0.2529499 -0.3902041 -0.3906346 -0.4517909 -0.3744912 -0.2844093 -0.3484546 -0.3361464 -0.2989283 -0.3989518 -0.3015025
C  0  1  36  1  1  0   0.0466085  0.0507570  0.0408513  0.0250031  0.0007435 -0.0194586 -0.0346990 -0.0421701 -0.0448446 -0.0348055 -0.0332042 -0.0191648  0.0034340  0.0050576  0.0233952  0.0383235
C  0  1  36  1  1  1   0.0249936  0.0230982  0.0177859  0.0112353 -0.0000419 -0.0086352 -0.0152971 -0.0186771 -0.0190329 -0.0150459 -0.0165995 -0.0084690  0.0029153  0.0093432  0.0118600  0.0227684
C  0  1  36  1  1  2   0.0127446  0.0129546  0.0096274  0.0054934  0.0013786 -0.0031724 -0.0081979 -0.0082615 -0.0101280 -0.0055280 -0.0036265 -0.0044287  0.0004651  0.0031590  0.0053964  0.0107080
C  0  1  36  1  1  3   0.0068444  0.0080102  0.0018326  0.0043213  0.0018424  0.0001737 -0.0039357 -0.0021361  0.0011272  0.0001874 -0.0026699 -0.0009714  0.0009285  0.0027925  0.0024404  0.0072117
C  0  1  36  1  1  4   0.0017499  0.0023403  0.0010984  0.0013602  0.0029738  0.0019021  0.0004752  0.0018138  0.0042660  0.0032518 -0.0008046 -0.0003214  0.0013787  0.0020897  0.0032938  0.0023834
C  0  1  36  1  1  5  -0.0001705  0.0012481  0.0009724  0.0027522  0.0032305  0.0043960  0.0024464  0.0036573  0.0038672  0.0021919 -0.0004062 -0.0010765  0.0018297  0.0025646  0.0016043 -0.0010296
C  0  1  36  1  1  6   0.0000438  0.0016947  0.0016411  0.0038575  0.0051476  0.0039034  0.0042768  0.0048387  0.0037788  0.0009558  0.0007072  0.0003769  0.0013606  0.0010631 -0.0015334 -0.0006251
C  0  1  36  1  1  7  -0.0014905  0.0020157  0.0011192  0.0041238  0.0049888  0.0041406  0.0058651  0.0039951  0.0028067  0.0007394 -0.0005418  0.0006906  0.0010005  0.0000174  0.0014328 -0.0015083
C  0  1  36  1  1  8  -0.0008068  0.0012593  0.0025858  0.0027255  0.0055185  0.0041257  0.0049456  0.0047221  0.0055008  0.0018718  0.0007031  0.0003922  0.0025174  0.0018184  0.0015165 -0.0007978
C  0  1  36  1  1  9   0.0013259  0.0013577  0.0011358  0.0024868  0.0021991  0.0028461  0.0032260  0.0031691  0.0023695 -0.0008073  0.0001563  0.0008437  0.0004280 -0.0006519 -0.0006065 -0.0018641
C  0  1  36  1  1 10  -0.0010040  0.0018173  0.0013858  0.0011668  0.0017865  0.0013971  0.0015831  0.0014706  0.0027243 -0.0006663 -0.0010779  0.0000311 -0.0011095 -0.0004542  0.0016832 -0.0015791
C  0  1  36  1  1 11  -0.0003519  0.0012314  0.0012880  0.0014593  0.0019246 -0.0001760  0.0005918  0.0011525  0.0023898  0.0015874 -0.0019048 -0.0004710 -0.0001027 -0.0005511 -0.0006006 -0.0026570
C  0  1  36  1  1 12  -0.0004303  0.0015739  0.0024842  0.0033454  0.0016663  0.0007796  0.0003767  0.0021367  0.0033890  0.0004710  0.0012214  0.0007527  0.0002766 -0.0000507 -0.0001256 -0.0016185
C  0  1  36  1  1 13  -0.0005251  0.0030884  0.0030208  0.0036393  0.0038761  0.0025833  0.0043842  0.0056918  0.0045291  0.0013912  0.0017153  0.0001961  0.0007598 -0.0025567 -0.0000487 -0.0015109
C  0  1  36  1  1 14  -0.0004817  0.0008189  0.0024123  0.0031038  0.0040193  0.0019527  0.0028480  0.0060791  0.0042894  0.0021957  0.0013946 -0.0008427 -0.0011039 -0.0023749 -0.0018580 -0.0017470
C  0  1  36  1  1 15  -0.0016584  0.0000242  0.0016894  0.0041390  0.0034276 -0.0014523  0.0025058  0.0028856  0.0062378  0.0029802  0.0017925  0.0002264 -0.0036737 -0.0055146 -0.0048562 -0.0050515
C  0  1  36  1  1 16  -0.0015926  0.0010092  0.0038358  0.0048644  0.0032986  0.0005338  0.0031290  0.0036432  0.0039103  0.0058146  0.0026520  0.0019988 -0.0008233 -0.0023424 -0.0053569 -0.0054578
C  0  1  36  1  1 17  -0.0041405  0.0028301  0.0010436  0.0067203  0.0020724 -0.0014463  0.0014049  0.0041441  0.0039598  0.0045437  0.0051488  0.0021494 -0.0014659 -0.0038539 -0.0052994 -0.0037214
C  0  1  36  1  1 18  -0.0003451  0.0074343  0.0051660  0.0077286  0.0037018  0.0000049 -0.0029319 -0.0006492  0.0026343  0.0053026  0.0016163  0.0017625 -0.0003911 -0.0037018 -0.0058729 -0.0038750
C  0  1  36  1  1 19   0.0017839  0.0078200  0.0111821  0.0100530  0.0068391  0.0024913 -0.0028458 -0.0008918  0.0021940  0.0049519  0.0029281 -0.0001442 -0.0025094 -0.0041132 -0.0056671 -0.0016898
C  0  1  36  1  1 20   0.0003190  0.0141657  0.0179788  0.0135353  0.0068525  0.0019668 -0.0031237 -0.0011723  0.0005041  0.0068877  0.0010433 -0.0039079 -0.0065448 -0.0083911 -0.0071039 -0.0070548
C  0  1  36  1  1 21   0.0088429  0.0209209  0.0325219  0.0227860  0.0155905  0.0143971  0.0087779  0.0082691  0.0104375  0.0140752  0.0007160 -0.0041946 -0.0084382 -0.0176570 -0.0076775  0.0007275
