CPHI 16 
CETA 22 -2.40 -2.10 -1.85 -1.60 -1.40 -1.20 -1.00 -0.80 -0.60 -0.40 -0.20  0.00  0.20  0.40  0.60  0.80  1.00  1.20  1.40  1.60  1.85  2.10  2.40 
RMIN  6 
RTRK 12 
RETA 11  0.00  0.20  0.40  0.60  0.80  1.00  1.20  1.40  1.60  1.85  2.10  2.40 
T 0 1  37  0  0  0    0.0000000   0.0006264   0.0016763   0.0031283   0.0121534   0.0690150   0.2776457   0.6529993   1.0000000   1.0000000   1.0000000   1.0000000   1.0000000
T 0 1  37  0  0  1    0.0000000   0.0001225   0.0005266   0.0023813   0.0124035   0.0589739   0.2263300   0.5892917   1.0000000   1.0000000   1.0000000   1.0000000   1.0000000
T 0 1  37  0  0  2    0.0000000   0.0001395   0.0005551   0.0017554   0.0106209   0.0556058   0.2092338   0.5743692   1.0000000   1.0000000   1.0000000   1.0000000   1.0000000
T 0 1  37  0  0  3    0.0000000   0.0002035   0.0006127   0.0017478   0.0114227   0.0626977   0.2257291   0.5871040   1.0000000   1.0000000   1.0000000   1.0000000   1.0000000
T 0 1  37  0  0  4    0.0000000   0.0003989   0.0025571   0.0142742   0.0632370   0.2049338   0.4896801   0.8228631   1.0000000   1.0000000   1.0000000   1.0000000   1.0000000
T 0 1  37  0  0  5    0.0000000   0.0009757   0.0073822   0.0518606   0.2060434   0.5335185   0.8766264   0.9993558   1.0000000   1.0000000   1.0000000   1.0000000   1.0000000
T 0 1  37  0  0  6    0.0000000   0.0002917   0.0012080   0.0101736   0.0670628   0.2768550   0.6623029   0.9309506   0.9982208   0.9999994   1.0000000   1.0000000   1.0000000
T 0 1  37  0  0  7    0.0000000   0.0000675   0.0004380   0.0008996   0.0047924   0.0306800   0.1184490   0.2967477   0.5802598   0.8696246   0.9841925   0.9998490   1.0000000
T 0 1  37  0  0  8    0.0000000   0.0000015   0.0000377   0.0001400   0.0004375   0.0011032   0.0042333   0.0252115   0.1198299   0.3937620   0.7896991   0.9693949   1.0000000
T 0 1  37  0  0  9    0.0000000   0.0000042   0.0000042   0.0000308   0.0005349   0.0036166   0.0185637   0.0864051   0.3025553   0.6592598   0.9381189   0.9999214   1.0000000
T 0 1  37  0  0 10    0.0000000   0.0067248   0.0290487   0.0463183   0.0796536   0.1682727   0.3376248   0.6895727   0.9108378   0.9703152   0.9998379   1.0000000   1.0000000
T 0 1  37  1  0  0    0.0000000   0.0005148   0.0016399   0.0047460   0.0213440   0.1017716   0.3374237   0.6994022   1.0000000   1.0000000   1.0000000   1.0000000   1.0000000
T 0 1  37  1  0  1    0.0000000   0.0002633   0.0010891   0.0042307   0.0181163   0.0752157   0.2537985   0.6193956   1.0000000   1.0000000   1.0000000   1.0000000   1.0000000
T 0 1  37  1  0  2    0.0000000   0.0002194   0.0008486   0.0027728   0.0124455   0.0616642   0.2339277   0.6064318   1.0000000   1.0000000   1.0000000   1.0000000   1.0000000
T 0 1  37  1  0  3    0.0000000   0.0002283   0.0008669   0.0027852   0.0140251   0.0700545   0.2491207   0.6198491   1.0000000   1.0000000   1.0000000   1.0000000   1.0000000
T 0 1  37  1  0  4    0.0000000   0.0004356   0.0027620   0.0153929   0.0663357   0.2155446   0.5058694   0.8320271   1.0000000   1.0000000   1.0000000   1.0000000   1.0000000
T 0 1  37  1  0  5    0.0000000   0.0011873   0.0094478   0.0577925   0.2246261   0.5586818   0.8900123   0.9996500   1.0000000   1.0000000   1.0000000   1.0000000   1.0000000
T 0 1  37  1  0  6    0.0000000   0.0004626   0.0026649   0.0180020   0.0942133   0.3329130   0.7236541   0.9536823   0.9988141   0.9999984   1.0000000   1.0000000   1.0000000
T 0 1  37  1  0  7    0.0000000   0.0002246   0.0006446   0.0024765   0.0123245   0.0526267   0.1570011   0.3413836   0.6074237   0.8728054   0.9849908   0.9998878   1.0000000
T 0 1  37  1  0  8    0.0000000   0.0009562   0.0014955   0.0017998   0.0022382   0.0036136   0.0107994   0.0452511   0.1686405   0.4573475   0.8251665   0.9710661   1.0000000
T 0 1  37  1  0  9    0.0000000   0.0021003   0.0074838   0.0131257   0.0159362   0.0198461   0.0401951   0.1288935   0.3661962   0.7154288   0.9583841   0.9999941   1.0000000
T 0 1  37  1  0 10    0.0000000   0.0032254   0.0170235   0.0428863   0.0843736   0.1746921   0.3942474   0.7474223   0.9511020   0.9856143   0.9999985   1.0000000   1.0000000
R 0 1  37  0  0  0    0.0258200   0.0258200   0.0111002   0.0102980   0.0103848   0.0101677   0.0099946   0.0098452   0.0098452   0.0098452   0.0098452   0.0098452
R 0 1  37  0  0  1    0.0121547   0.0121547   0.0121547   0.0121547   0.0109423   0.0108858   0.0109549   0.0108465   0.0108465   0.0108465   0.0108465   0.0108465
R 0 1  37  0  0  2    0.0125896   0.0125896   0.0125896   0.0125896   0.0120916   0.0119438   0.0118434   0.0116916   0.0116916   0.0116916   0.0116916   0.0116916
R 0 1  37  0  0  3    0.0135829   0.0135829   0.0135829   0.0135829   0.0126481   0.0125579   0.0123867   0.0122354   0.0122354   0.0122354   0.0122354   0.0122354
R 0 1  37  0  0  4    0.0191923   0.0191923   0.0191923   0.0174537   0.0169130   0.0158964   0.0144611   0.0131126   0.0131126   0.0131126   0.0131126   0.0131126
R 0 1  37  0  0  5    0.0211263   0.0211263   0.0192898   0.0191733   0.0187871   0.0180876   0.0169735   0.0169735   0.0169735   0.0169735   0.0169735   0.0169735
R 0 1  37  0  0  6    0.0202298   0.0202298   0.0202298   0.0203881   0.0207718   0.0207657   0.0208085   0.0205363   0.0205363   0.0205363   0.0205363   0.0205363
R 0 1  37  0  0  7    0.0214609   0.0214609   0.0214609   0.0214609   0.0208760   0.0213852   0.0211134   0.0210011   0.0205394   0.0197278   0.0197278   0.0197278
R 0 1  37  0  0  8    0.0214421   0.0214421   0.0214421   0.0214421   0.0214421   0.0214421   0.0214421   0.0210453   0.0209923   0.0209743   0.0201722   0.0189655
R 0 1  37  0  0  9    0.0310497   0.0310497   0.0310497   0.0310497   0.0310497   0.0310497   0.0296549   0.0287910   0.0274494   0.0264975   0.0249714   0.0249714
R 0 1  37  0  0 10    0.0802241   0.0708797   0.0617489   0.0539804   0.0471378   0.0440960   0.0409118   0.0356449   0.0333538   0.0305872   0.0305872   0.0305872
R 0 1  37  0  1  0    0.0000000   0.0000000   0.0000000   0.0001080   0.0000858   0.0000820   0.0000715   0.0000661   0.0000661   0.0000661   0.0000661   0.0000661
R 0 1  37  0  1  1    0.0001006   0.0001006   0.0001006   0.0001006   0.0000729   0.0000699   0.0000618   0.0000549   0.0000549   0.0000549   0.0000549   0.0000549
R 0 1  37  0  1  2    0.0000538   0.0000538   0.0000538   0.0000538   0.0000707   0.0000601   0.0000601   0.0000529   0.0000529   0.0000529   0.0000529   0.0000529
R 0 1  37  0  1  3    0.0001026   0.0001026   0.0001026   0.0001026   0.0000610   0.0000593   0.0000569   0.0000498   0.0000498   0.0000498   0.0000498   0.0000498
R 0 1  37  0  1  4    0.0001395   0.0001395   0.0001395   0.0000966   0.0000802   0.0000755   0.0000527   0.0000490   0.0000490   0.0000490   0.0000490   0.0000490
R 0 1  37  0  1  5    0.0001236   0.0001236   0.0000583   0.0000807   0.0000695   0.0000609   0.0000454   0.0000454   0.0000454   0.0000454   0.0000454   0.0000454
R 0 1  37  0  1  6    0.0000715   0.0000715   0.0000715   0.0000512   0.0000565   0.0000639   0.0000593   0.0000215   0.0000215   0.0000215   0.0000215   0.0000215
R 0 1  37  0  1  7    0.0000512   0.0000512   0.0000512   0.0000512   0.0000695   0.0000758   0.0000751   0.0000756   0.0000734   0.0000510   0.0000510   0.0000510
R 0 1  37  0  1  8    0.0001080   0.0001080   0.0001080   0.0001080   0.0001080   0.0001080   0.0001080   0.0001148   0.0001020   0.0001034   0.0000803   0.0000666
R 0 1  37  0  1  9    0.0002693   0.0002693   0.0002693   0.0002693   0.0002693   0.0002693   0.0002153   0.0002083   0.0001782   0.0001527   0.0001358   0.0001358
R 0 1  37  0  1 10    0.0015058   0.0011554   0.0009112   0.0007480   0.0005618   0.0004760   0.0003917   0.0002651   0.0001960   0.0001866   0.0001866   0.0001866
R 0 1  37  0  2  0    0.0000000   0.0000000   0.0000000   0.0001044   0.0000000   0.0000108   0.0000184   0.0000063   0.0000063   0.0000063   0.0000063   0.0000063
R 0 1  37  0  2  1    0.0000000   0.0000000   0.0000000   0.0000000   0.0000000   0.0000127   0.0000059   0.0000152   0.0000152   0.0000152   0.0000152   0.0000152
R 0 1  37  0  2  2    0.0000000   0.0000000   0.0000000   0.0000000   0.0000348   0.0000170   0.0000117   0.0000131   0.0000131   0.0000131   0.0000131   0.0000131
R 0 1  37  0  2  3    0.0000000   0.0000000   0.0000000   0.0000000   0.0000000   0.0000000   0.0000119   0.0000066   0.0000066   0.0000066   0.0000066   0.0000066
R 0 1  37  0  2  4    0.0000000   0.0000000   0.0000000   0.0000000   0.0000000   0.0000086   0.0000000   0.0000101   0.0000101   0.0000101   0.0000101   0.0000101
R 0 1  37  0  2  5    0.0000000   0.0000000   0.0000000   0.0000000   0.0000255   0.0000000   0.0000250   0.0000250   0.0000250   0.0000250   0.0000250   0.0000250
R 0 1  37  0  2  6    0.0000000   0.0000000   0.0000000   0.0000000   0.0000000   0.0000000   0.0000000   0.0000000   0.0000000   0.0000000   0.0000000   0.0000000
R 0 1  37  0  2  7    0.0000000   0.0000000   0.0000000   0.0000000   0.0000000   0.0000000   0.0000000   0.0000000   0.0000000   0.0000000   0.0000000   0.0000000
R 0 1  37  0  2  8    0.0000000   0.0000000   0.0000000   0.0000000   0.0000000   0.0000000   0.0000000   0.0000000   0.0000000   0.0000000   0.0000000   0.0000000
R 0 1  37  0  2  9    0.0000000   0.0000000   0.0000000   0.0000000   0.0000000   0.0000000   0.0000000   0.0000511   0.0000000   0.0000000   0.0000000   0.0000000
R 0 1  37  0  2 10    0.0000000   0.0000000   0.0000000   0.0000000   0.0000000   0.0000000   0.0000712   0.0000641   0.0000000   0.0000000   0.0000000   0.0000000
R 0 1  37  0  3  0    1.0759705   1.0759705   1.0908782   1.0563937   0.9989893   0.9839427   0.9796256   0.9831988   0.9831988   0.9831988   0.9831988   0.9831988
R 0 1  37  0  3  1    1.0050550   1.0050550   1.0050550   1.0050550   0.9929804   0.9828134   0.9798183   0.9773481   0.9773481   0.9773481   0.9773481   0.9773481
R 0 1  37  0  3  2    1.0193712   1.0193712   1.0193712   1.0193712   0.9984420   0.9869434   0.9796667   0.9817033   0.9817033   0.9817033   0.9817033   0.9817033
R 0 1  37  0  3  3    1.0085737   1.0085737   1.0085737   1.0085737   0.9849040   0.9915504   0.9826706   0.9811647   0.9811647   0.9811647   0.9811647   0.9811647
R 0 1  37  0  3  4    1.0195410   1.0195410   1.0195410   0.9839574   0.9818418   0.9742598   0.9789278   0.9881727   0.9881727   0.9881727   0.9881727   0.9881727
R 0 1  37  0  3  5    1.0017989   1.0017989   1.0073691   0.9816889   0.9749104   0.9743436   0.9719614   0.9719614   0.9719614   0.9719614   0.9719614   0.9719614
R 0 1  37  0  3  6    1.0147575   1.0147575   1.0147575   0.9953533   0.9899259   0.9838408   0.9844463   0.9875563   0.9875563   0.9875563   0.9875563   0.9875563
R 0 1  37  0  3  7    1.0365914   1.0365914   1.0365914   1.0365914   1.0307536   0.9907598   0.9872649   0.9883647   0.9857715   0.9898416   0.9898416   0.9898416
R 0 1  37  0  3  8    1.0096060   1.0096060   1.0096060   1.0096060   1.0096060   1.0096060   1.0096060   0.9949327   0.9823703   0.9838267   0.9882654   1.0055692
R 0 1  37  0  3  9    1.0270332   1.0270332   1.0270332   1.0270332   1.0270332   1.0270332   0.9854339   0.9762631   0.9718146   0.9847274   1.0088777   1.0088777
R 0 1  37  0  3 10    1.0446295   1.0356177   1.0376499   0.9970497   0.9792721   0.9740449   0.9696091   0.9698725   1.0056164   1.0156343   1.0156343   1.0156343
R 0 1  37  0  4  0    1.5665842   1.5665842   1.4232706   2.1918580   2.2564919   2.2669207   2.2219863   2.2708024   2.2708024   2.2708024   2.2708024   2.2708024
R 0 1  37  0  4  1    2.0109024   2.0109024   2.0109024   2.0109024   2.0834009   2.1966041   2.2004166   2.1736570   2.1736570   2.1736570   2.1736570   2.1736570
R 0 1  37  0  4  2    1.9653936   1.9653936   1.9653936   1.9653936   2.2763031   2.2554118   2.2102480   2.2467634   2.2467634   2.2467634   2.2467634   2.2467634
R 0 1  37  0  4  3    1.6789201   1.6789201   1.6789201   1.6789201   2.1110352   2.3203004   2.2405893   2.2184645   2.2184645   2.2184645   2.2184645   2.2184645
R 0 1  37  0  4  4    1.8947747   1.8947747   1.8947747   1.9371573   2.1463566   2.0800584   2.2088332   2.3531155   2.3531155   2.3531155   2.3531155   2.3531155
R 0 1  37  0  4  5    1.8952235   1.8952235   2.0792032   2.1470605   2.0996777   2.0933925   2.0137098   2.0137098   2.0137098   2.0137098   2.0137098   2.0137098
R 0 1  37  0  4  6    1.8741948   1.8741948   1.8741948   2.2393960   2.3698608   2.3360377   2.3538463   2.3020313   2.3020313   2.3020313   2.3020313   2.3020313
R 0 1  37  0  4  7    1.6274236   1.6274236   1.6274236   1.6274236   2.3942833   2.3042786   2.3070640   2.3947139   2.3733256   2.3598869   2.3598869   2.3598869
R 0 1  37  0  4  8    2.1983795   2.1983795   2.1983795   2.1983795   2.1983795   2.1983795   2.1983795   2.2566389   2.1911442   2.2626158   2.3312146   2.1842228
R 0 1  37  0  4  9    2.0680525   2.0680525   2.0680525   2.0680525   2.0680525   2.0680525   1.8958187   2.0600567   2.0192842   2.2140418   2.2705938   2.2705938
R 0 1  37  0  4 10    2.0543600   2.1390630   2.1430775   1.9874163   2.0156158   1.9960838   1.9668125   1.9548445   2.0574177   2.1213383   2.1213383   2.1213383
R 0 1  37  0  5  0   11.0648229  11.0648229   5.6822589   3.4339820   3.6992296   3.9019322   4.4112450   3.9441442   3.9441442   3.9441442   3.9441442   3.9441442
R 0 1  37  0  5  1    3.8268504   3.8268504   3.8268504   3.8268504   4.5051895   4.0535867   4.3887905   4.5948505   4.5948505   4.5948505   4.5948505   4.5948505
R 0 1  37  0  5  2    3.7313348   3.7313348   3.7313348   3.7313348   3.5525821   4.0675619   4.2904091   4.2074928   4.2074928   4.2074928   4.2074928   4.2074928
R 0 1  37  0  5  3    5.9576805   5.9576805   5.9576805   5.9576805   5.4052839   3.7589502   4.2643856   4.5116358   4.5116358   4.5116358   4.5116358   4.5116358
R 0 1  37  0  5  4    5.0554412   5.0554412   5.0554412   5.8016900   4.7194312   5.0207726   3.9071739   3.1734672   3.1734672   3.1734672   3.1734672   3.1734672
R 0 1  37  0  5  5    3.9556400   3.9556400   5.3910965   4.5593765   5.2487112   4.6580943   4.0809252   4.0809252   4.0809252   4.0809252   4.0809252   4.0809252
R 0 1  37  0  5  6    3.5819590   3.5819590   3.5819590   3.6394337   3.2284901   3.0312685   2.3727571   1.9266012   1.9266012   1.9266012   1.9266012   1.9266012
R 0 1  37  0  5  7    5.1524974   5.1524974   5.1524974   5.1524974   3.2655102   3.3200946   3.0557839   2.7573734   2.5953374   2.0985493   2.0985493   2.0985493
R 0 1  37  0  5  8    4.2717614   4.2717614   4.2717614   4.2717614   4.2717614   4.2717614   4.2717614   4.3134797   5.0528910   4.2777038   3.3385371   5.2397599
R 0 1  37  0  5  9    4.9972339   4.9972339   4.9972339   4.9972339   4.9972339   4.9972339   9.4725873   6.0517996   6.9731758   5.3613521   4.8507049   4.8507049
R 0 1  37  0  5 10    4.8475694   4.5896716   3.4099282   5.0572050   4.9448943   6.4241902   7.8221467   8.7326037   7.5181308   5.6577563   5.6577563   5.6577563
F  0  1  37  0  0  0    1.0118698   1.0082258   0.9714906   1.0188460   0.9753100   1.0173930   1.0047326   0.9791194   0.9855025   0.9921242   0.9841925
F  0  1  37  1  0  0    1.0656659   1.0656691   1.0496094   1.0619358   1.0575709   1.0919057   1.0770216   1.0582622   1.0430680   1.0666460   1.0850565
C  0  1  37  0  0  0  -0.3393133 -0.1389725 -0.1353180 -0.4604195 -0.2429662  0.0451053 -0.0926730 -0.0399735 -0.2435248 -0.1203250 -0.2865180 -0.3239102 -0.1876483 -0.3775717 -0.2970759 -0.1557344
C  0  1  37  0  0  1  -0.1140407 -0.1592114 -0.1391262 -0.1536012 -0.1442614 -0.0704270 -0.1082108 -0.1415505  0.0024897 -0.0687906  0.0244987 -0.1584358 -0.1730102 -0.1057607 -0.1809248 -0.0512394
C  0  1  37  0  0  2  -0.0925848 -0.1562972 -0.2044786 -0.0632655 -0.0157562 -0.0347678 -0.0963612 -0.0606968 -0.0947626 -0.1211825 -0.0415188 -0.1280112 -0.1087207 -0.1134533 -0.0745552 -0.0546620
C  0  1  37  0  0  3  -0.1025428 -0.1174151 -0.1373535  0.0489661  0.0719645 -0.0698175 -0.0271991 -0.0425495 -0.0591684 -0.0034989 -0.0936398 -0.0122516 -0.0715261 -0.1554892 -0.0575514  0.1268401
C  0  1  37  0  0  4  -0.1187978 -0.2059543 -0.1280725 -0.1593982 -0.0787446 -0.0711535 -0.0632574  0.0414416  0.0333908 -0.0470245 -0.0783708 -0.0602893 -0.0875842 -0.0842770  0.0047415 -0.1740311
C  0  1  37  0  0  5  -0.0411244  0.0269696 -0.0965576  0.0716121  0.0368551 -0.0135061 -0.0310880 -0.0554912  0.1132036  0.0170538  0.0356112 -0.0664871 -0.1312616  0.0185307  0.0398143  0.0082403
C  0  1  37  0  0  6   0.0203585  0.1520424  0.0630603 -0.0024976 -0.0746111  0.0565991  0.0650825 -0.0251433  0.0689189  0.0119607  0.0592033  0.0894152 -0.0556619  0.0507877 -0.0728156  0.0854822
C  0  1  37  0  0  7  -0.0763000  0.0760210  0.0137126 -0.0288775  0.0855849  0.1190354  0.0945103 -0.0294885  0.0164368 -0.0145264  0.0852149 -0.0436521 -0.0196352 -0.0310804 -0.0179892 -0.0180443
C  0  1  37  0  0  8   0.0154911 -0.0235936  0.0413158  0.0155739 -0.0800199  0.0506174  0.0246858 -0.0310836  0.0141767  0.0356362 -0.0430906 -0.0175294  0.0183411  0.0759257 -0.0847551 -0.0266919
C  0  1  37  0  0  9  -0.0237186 -0.0339366 -0.0740776  0.0380246  0.0471070  0.0318858  0.0214183  0.0724174  0.0129730 -0.0065527  0.0212640  0.0865656 -0.0150088  0.0546879  0.0092697  0.0574348
C  0  1  37  0  0 10  -0.0507218 -0.0614987  0.0190441 -0.0674328 -0.0159809 -0.0251327 -0.0214105 -0.0387322  0.0088908  0.0197372  0.0922825 -0.0174115 -0.0259351  0.0431392  0.0038283 -0.0251787
C  0  1  37  0  0 11  -0.0621973  0.0356484 -0.0064842  0.0394811 -0.0072585  0.0506672  0.0304241  0.0898706  0.0876017  0.0838955  0.0442849 -0.0074556  0.0104504 -0.0459647  0.0214510 -0.0460472
C  0  1  37  0  0 12   0.0339068 -0.1621427 -0.0248817 -0.0595427 -0.0372129  0.0928826  0.0188699  0.0327885 -0.0014254  0.0220248  0.0536266 -0.0214052 -0.0731798 -0.0364785 -0.0433206  0.0156957
C  0  1  37  0  0 13  -0.0661949 -0.0517940  0.0344288 -0.0253482 -0.0508370 -0.0240819  0.0916703  0.0662329 -0.0236007  0.0863297  0.0307897 -0.0061462 -0.0206467 -0.0380801 -0.0180875  0.0100523
C  0  1  37  0  0 14   0.0328846 -0.0545011 -0.0950150 -0.0149617  0.0626167  0.0147213 -0.0030754  0.0770013  0.0534359 -0.0241999  0.1530302 -0.0307927  0.0521267 -0.0011177 -0.0490732 -0.1257437
C  0  1  37  0  0 15  -0.0987214 -0.0208002  0.0228694  0.0166003  0.0031201 -0.0667593  0.0315776  0.1015041  0.0232225 -0.0232455  0.0130750 -0.0739178 -0.0290793  0.0477358 -0.1068978 -0.0181114
C  0  1  37  0  0 16   0.0537044  0.0472904 -0.0553203 -0.0792711  0.0132967 -0.0331810  0.0084494  0.0291156 -0.1432355  0.1475942  0.0585278 -0.0133624 -0.0722354 -0.0167723 -0.0686966  0.0335000
C  0  1  37  0  0 17  -0.0885057 -0.1317897 -0.1568013 -0.1062537 -0.0993115 -0.0037000  0.0239244 -0.0313344 -0.1125498 -0.0383178 -0.0057360 -0.0116902 -0.1534385 -0.1652281 -0.0615674 -0.1039943
C  0  1  37  0  0 18  -0.1568635  0.0150282 -0.0401327 -0.0368757 -0.0995577 -0.0686612 -0.0429538 -0.0089764 -0.0860306 -0.0240955 -0.0294526 -0.0719458 -0.0221206  0.0074815 -0.1396292  0.0007923
C  0  1  37  0  0 19  -0.0167627 -0.0442333 -0.2668794  0.0243906 -0.1680958 -0.0099801 -0.0920293  0.0136501 -0.0263834 -0.0303895 -0.0650725 -0.0540850 -0.0417003 -0.0685368 -0.0961124 -0.1041200
C  0  1  37  0  0 20  -0.1655357 -0.1079356 -0.0143377 -0.1311572 -0.1940932 -0.0941572 -0.1957121 -0.2323198 -0.0636532 -0.2124976 -0.2282336  0.0090525  0.0027029 -0.2587343 -0.1954800 -0.2665087
C  0  1  37  0  0 21  -0.1883876 -0.1787700 -0.3108211 -0.1728957 -0.2543700 -0.0440798 -0.3225521 -0.0933192 -0.1647491 -0.1464246 -0.1275115 -0.1513685 -0.2337702 -0.4195851 -0.4160288 -0.3223974
C  0  1  37  0  1  0  -0.0003061  0.0025211 -0.0021251 -0.0000824 -0.0055861  0.0018867 -0.0005634 -0.0039015  0.0036622 -0.0018130 -0.0068044  0.0041583  0.0066557  0.0047964  0.0073839  0.0080928
C  0  1  37  0  1  1   0.0020808  0.0040025  0.0006297 -0.0011858 -0.0002938 -0.0011547  0.0031821  0.0007549  0.0045897 -0.0003245 -0.0016162 -0.0026669  0.0045979  0.0049490  0.0038004  0.0043421
C  0  1  37  0  1  2   0.0031305 -0.0030127 -0.0017065 -0.0000078 -0.0019392  0.0012174  0.0015219  0.0025479 -0.0023587  0.0006960 -0.0027973 -0.0003091  0.0019941 -0.0023099 -0.0001001  0.0013856
C  0  1  37  0  1  3   0.0054378 -0.0011579 -0.0003862 -0.0022099 -0.0009783  0.0025232  0.0017424 -0.0006441 -0.0035055 -0.0016851 -0.0002459 -0.0027422  0.0005354 -0.0022662  0.0010351 -0.0009788
C  0  1  37  0  1  4   0.0028376 -0.0000227  0.0001691  0.0020910  0.0035076 -0.0015302  0.0026672 -0.0002945  0.0017518  0.0017549 -0.0030025 -0.0021292  0.0008697  0.0006481 -0.0004276 -0.0022598
C  0  1  37  0  1  5   0.0011243 -0.0011031 -0.0037009  0.0010044  0.0017451 -0.0007117 -0.0002368 -0.0012070  0.0003658  0.0011267  0.0007882 -0.0009146  0.0002536  0.0005691 -0.0000751  0.0000612
C  0  1  37  0  1  6   0.0033210  0.0005776  0.0012538 -0.0017693  0.0009805  0.0008895 -0.0001398 -0.0005754  0.0017610 -0.0021846  0.0006717 -0.0008964 -0.0016567 -0.0017642  0.0017025 -0.0013229
C  0  1  37  0  1  7   0.0018987 -0.0006496 -0.0004037 -0.0004263  0.0025342  0.0004226 -0.0006150  0.0004189 -0.0000511 -0.0016129  0.0009266 -0.0001292 -0.0008234 -0.0003140  0.0011121 -0.0000434
C  0  1  37  0  1  8   0.0009331  0.0011759 -0.0003354 -0.0015081  0.0013815  0.0015187  0.0017102 -0.0008381  0.0013307  0.0001570 -0.0009181 -0.0003671  0.0000392 -0.0002891  0.0004825  0.0014482
C  0  1  37  0  1  9  -0.0021946  0.0021583  0.0007502  0.0000267  0.0006953 -0.0012847  0.0028733  0.0009688 -0.0010442 -0.0023639 -0.0030866 -0.0013337 -0.0014812 -0.0001481 -0.0025445  0.0000414
C  0  1  37  0  1 10   0.0018944 -0.0015022  0.0017373  0.0020698  0.0034454 -0.0002319 -0.0004113  0.0000720 -0.0019631 -0.0031552  0.0001770 -0.0009016 -0.0006812 -0.0021848 -0.0008655  0.0015369
C  0  1  37  0  1 11   0.0001758 -0.0000710  0.0005874  0.0012478 -0.0011382 -0.0006205 -0.0030292 -0.0024282 -0.0028072 -0.0005969 -0.0006805 -0.0009798  0.0007958 -0.0009940 -0.0011315 -0.0011799
C  0  1  37  0  1 12  -0.0003222 -0.0004341  0.0019690  0.0003583 -0.0000824 -0.0011366  0.0007677 -0.0010390 -0.0003840 -0.0004822  0.0008031  0.0040557  0.0002404 -0.0008215  0.0002135  0.0021091
C  0  1  37  0  1 13   0.0014544 -0.0023102  0.0001973  0.0013791  0.0030412 -0.0003645 -0.0013257 -0.0010780  0.0000864 -0.0015936  0.0007047 -0.0014168 -0.0010363 -0.0001359  0.0004771  0.0014808
C  0  1  37  0  1 14  -0.0007558  0.0013110  0.0024626  0.0030718  0.0004340  0.0020441 -0.0011590  0.0014790  0.0006274 -0.0003994 -0.0001439 -0.0008378  0.0005590  0.0015415 -0.0005330  0.0026162
C  0  1  37  0  1 15  -0.0000838  0.0012333  0.0010404 -0.0014289  0.0014754  0.0026322 -0.0006705 -0.0009224 -0.0000418 -0.0017687 -0.0014603  0.0019769  0.0003288  0.0003394  0.0003583 -0.0001368
C  0  1  37  0  1 16   0.0013488  0.0035026  0.0000244 -0.0001713  0.0005141  0.0015629  0.0021493 -0.0018364  0.0016411 -0.0003497  0.0003818 -0.0003937 -0.0019555  0.0014700  0.0020808  0.0004210
C  0  1  37  0  1 17   0.0007980 -0.0009131  0.0019840  0.0020235  0.0032373  0.0015292  0.0013180  0.0034196 -0.0006862  0.0045789 -0.0005371 -0.0001669  0.0023995 -0.0005842  0.0055202  0.0040194
C  0  1  37  0  1 18   0.0033231  0.0048233  0.0013041  0.0008425  0.0002830  0.0014541  0.0042369 -0.0006844  0.0003231 -0.0006300  0.0022356  0.0008906  0.0015742  0.0003004  0.0072490  0.0035375
C  0  1  37  0  1 19   0.0015905  0.0030502  0.0001155  0.0022841 -0.0003273  0.0009415  0.0038291  0.0018377  0.0024194  0.0043291 -0.0001384  0.0000320  0.0032443  0.0010950  0.0031908  0.0044693
C  0  1  37  0  1 20   0.0076593  0.0053589  0.0041938  0.0039383  0.0009299  0.0048411  0.0028766  0.0047790  0.0031956  0.0016688 -0.0013914 -0.0001645  0.0024164  0.0040300  0.0056323  0.0046038
C  0  1  37  0  1 21   0.0161583  0.0120671  0.0024880  0.0011255 -0.0027296 -0.0052356 -0.0096256 -0.0001106 -0.0009669 -0.0047305  0.0019796  0.0071020  0.0010866  0.0053545  0.0085748  0.0022708
C  0  1  37  1  0  0  -0.4705642 -0.3484076 -0.3999970 -0.3652871 -0.3054875 -0.3975322 -0.3550689 -0.3370697 -0.3199580 -0.2838265 -0.3233350 -0.5222303 -0.4305558 -0.5230908 -0.5214877 -0.4508797
C  0  1  37  1  0  1  -0.2698354 -0.3376609 -0.2910506 -0.3137955 -0.3358935 -0.2916830 -0.3232915 -0.2527357 -0.2587939 -0.2955366 -0.2545378 -0.2617802 -0.4015727 -0.4512503 -0.3448806 -0.3210847
C  0  1  37  1  0  2  -0.3296655 -0.2442401 -0.2875371 -0.3160520 -0.2981490 -0.1742767 -0.2642973 -0.2306391 -0.2241604 -0.2499754 -0.2584326 -0.2608548 -0.2756370 -0.3354392 -0.2760330 -0.2902381
C  0  1  37  1  0  3  -0.2992096 -0.2853549 -0.3160043 -0.2601552 -0.2360563 -0.2000629 -0.1682163 -0.1336312 -0.1641928 -0.2372191 -0.1982471 -0.2270597 -0.2311599 -0.2628547 -0.2631018 -0.2462372
C  0  1  37  1  0  4  -0.3329047 -0.2447665 -0.3155986 -0.2796420 -0.2721124 -0.1984940 -0.2455620 -0.2493530 -0.2177068 -0.1980514 -0.2063039 -0.2792185 -0.2995007 -0.2879515 -0.3151156 -0.3578110
C  0  1  37  1  0  5  -0.2034791 -0.1963653 -0.1959683 -0.2213732 -0.1257566 -0.1972532 -0.2040396 -0.1225230 -0.2123089 -0.1513475 -0.1972798 -0.2154096 -0.2528251 -0.1902694 -0.2192147 -0.1941418
C  0  1  37  1  0  6  -0.1264097 -0.1512225 -0.1612334 -0.1916859 -0.0921581 -0.1453224 -0.1310739 -0.0787789 -0.0954140 -0.0970651 -0.0548388 -0.0784079 -0.0679827 -0.1536184 -0.1226062 -0.1450304
C  0  1  37  1  0  7  -0.1771467 -0.1716679 -0.1684897 -0.1107730 -0.1410203 -0.1816781 -0.2280822 -0.1076165 -0.1493905 -0.1207090 -0.0802604 -0.1333807 -0.1408179 -0.1500573 -0.1112004 -0.1144390
C  0  1  37  1  0  8  -0.1764811 -0.1141375 -0.1714502 -0.2022093 -0.1822714 -0.1567657 -0.1463383 -0.1594697 -0.1705653 -0.1428656 -0.1113895 -0.1585984 -0.1576284 -0.1863251 -0.1601007 -0.1373733
C  0  1  37  1  0  9  -0.1177453 -0.1379397 -0.1124966 -0.1072796 -0.1578991 -0.1461133 -0.0920686 -0.1893772 -0.1253560 -0.1451688 -0.0736499 -0.1652264 -0.1202449 -0.1143456 -0.1485183 -0.1657968
C  0  1  37  1  0 10  -0.1360296 -0.1288997 -0.1151140 -0.1591194 -0.1691036 -0.1407673 -0.1632497 -0.1302658 -0.1117718 -0.1194584 -0.1252027 -0.1183465 -0.1372695 -0.1208673 -0.0960319 -0.1364430
C  0  1  37  1  0 11  -0.1573456 -0.0856935 -0.1540321 -0.1414101 -0.1178332 -0.1243145 -0.1284248 -0.1525546 -0.1608698 -0.0917393 -0.1298084 -0.1038709 -0.0923176 -0.1265989 -0.0836189 -0.0832307
C  0  1  37  1  0 12  -0.0958661 -0.1276043 -0.1480272 -0.1261683 -0.1457941 -0.1396107 -0.1480524 -0.2020549 -0.1262322 -0.1371645 -0.1040920 -0.0772607 -0.1000573 -0.1159356 -0.0870786 -0.1030655
C  0  1  37  1  0 13  -0.1247231 -0.1702443 -0.1550784 -0.1403453 -0.1849443 -0.1947505 -0.1778706 -0.1499797 -0.1141556 -0.1408989 -0.1768373 -0.1477398 -0.1774699 -0.1700522 -0.1362204 -0.1162301
C  0  1  37  1  0 14  -0.1284333 -0.1593243 -0.1610517 -0.1677126 -0.1596106 -0.1701890 -0.1637015 -0.2170531 -0.1728762 -0.1358112 -0.1027809 -0.1546228 -0.1154146 -0.0753647 -0.1525267 -0.1659529
C  0  1  37  1  0 15  -0.0950381 -0.1710380 -0.1195662 -0.0993776 -0.1499325 -0.1105159 -0.1172249 -0.1251782 -0.0867231 -0.1000108 -0.0512789 -0.1269724 -0.1246756 -0.0884826 -0.1202295 -0.0776897
C  0  1  37  1  0 16  -0.1806884 -0.1661218 -0.1848354 -0.1402229 -0.1630204 -0.1585425 -0.2126018 -0.2189240 -0.1670095 -0.1632195 -0.1518011 -0.1532811 -0.1466696 -0.1343233 -0.1531273 -0.1230795
C  0  1  37  1  0 17  -0.2377861 -0.2521103 -0.1846137 -0.3038097 -0.2228235 -0.2757174 -0.3067132 -0.2838641 -0.2454891 -0.2371003 -0.2468350 -0.1935948 -0.2036037 -0.2719979 -0.2580665 -0.2614569
C  0  1  37  1  0 18  -0.2185458 -0.2392712 -0.2375269 -0.2221799 -0.2404616 -0.2627466 -0.2559350 -0.2733592 -0.1881582 -0.1947234 -0.2282549 -0.2248807 -0.2398111 -0.1521160 -0.1457247 -0.1797533
C  0  1  37  1  0 19  -0.2576314 -0.2613095 -0.2933016 -0.3009967 -0.2616282 -0.2409582 -0.2316869 -0.2300108 -0.2403174 -0.2596000 -0.2181755 -0.2605266 -0.2372873 -0.2156469 -0.2730135 -0.2735181
C  0  1  37  1  0 20  -0.2904423 -0.3197675 -0.4037532 -0.3331804 -0.3457967 -0.2688906 -0.3117014 -0.3517941 -0.3632438 -0.2949882 -0.3317808 -0.3112514 -0.3303564 -0.2759558 -0.2582796 -0.2846746
C  0  1  37  1  0 21  -0.4153228 -0.3763202 -0.4054153 -0.2852991 -0.2749543 -0.3029609 -0.3373767 -0.3878919 -0.4183541 -0.4373336 -0.3401588 -0.2731931 -0.2607209 -0.3353495 -0.3835369 -0.4540762
C  0  1  37  1  1  0   0.0470805  0.0491230  0.0376084  0.0242641  0.0007916 -0.0215310 -0.0342682 -0.0416383 -0.0472205 -0.0371152 -0.0327249 -0.0205801  0.0013743  0.0050477  0.0245974  0.0393071
C  0  1  37  1  1  1   0.0255940  0.0222000  0.0199927  0.0109065  0.0020858 -0.0071158 -0.0148786 -0.0177723 -0.0176120 -0.0153353 -0.0151880 -0.0063644  0.0045907  0.0091791  0.0116717  0.0241137
C  0  1  37  1  1  2   0.0121479  0.0129712  0.0082211  0.0046784  0.0005936 -0.0033864 -0.0076536 -0.0089921 -0.0103189 -0.0067205 -0.0062924 -0.0032117 -0.0000822  0.0024729  0.0037778  0.0097557
C  0  1  37  1  1  3   0.0068626  0.0066601  0.0031303  0.0030544  0.0026445 -0.0000563 -0.0040752 -0.0026174 -0.0000662 -0.0008923 -0.0024040 -0.0019624  0.0012122  0.0013358  0.0003188  0.0064345
C  0  1  37  1  1  4   0.0012938  0.0016887 -0.0004899  0.0011956  0.0030262  0.0013593 -0.0002207  0.0023305  0.0044565  0.0030753 -0.0014319 -0.0004878  0.0014155  0.0016200  0.0028141  0.0019650
C  0  1  37  1  1  5   0.0011478  0.0002284 -0.0002319  0.0032103  0.0027523  0.0031077  0.0033036  0.0035364  0.0044631  0.0020727 -0.0012227 -0.0014644  0.0007420  0.0020776  0.0015531 -0.0007255
C  0  1  37  1  1  6   0.0004746  0.0006992  0.0000782  0.0022107  0.0037690  0.0025700  0.0040331  0.0043380  0.0029905  0.0004506 -0.0004745 -0.0005234 -0.0013637  0.0002273 -0.0009174 -0.0016531
C  0  1  37  1  1  7  -0.0011701  0.0003538  0.0008899  0.0043113  0.0042706  0.0028480  0.0046712  0.0030469  0.0036375 -0.0000272 -0.0007037 -0.0000372  0.0020072  0.0005496  0.0008100 -0.0022301
C  0  1  37  1  1  8  -0.0017006 -0.0001304  0.0009118  0.0016991  0.0045038  0.0035820  0.0035690  0.0045235  0.0046077  0.0010360 -0.0000108 -0.0015352  0.0009357  0.0001512  0.0003066 -0.0014455
C  0  1  37  1  1  9  -0.0001573  0.0016056  0.0011365  0.0022367  0.0021818  0.0019732  0.0024340  0.0029399  0.0015335 -0.0011609  0.0003852  0.0000446  0.0004523 -0.0003519 -0.0005640 -0.0023544
C  0  1  37  1  1 10  -0.0015464  0.0009027  0.0010858  0.0012255  0.0025265 -0.0000197  0.0012848  0.0022555  0.0015948 -0.0012704 -0.0009177 -0.0003775 -0.0014260  0.0001286  0.0007630 -0.0021086
C  0  1  37  1  1 11  -0.0001410  0.0009594  0.0010366  0.0010349  0.0021069 -0.0009548  0.0004464  0.0010462  0.0019610  0.0003647 -0.0027501 -0.0012158 -0.0006946 -0.0006297 -0.0004996 -0.0025786
C  0  1  37  1  1 12  -0.0009784  0.0017467  0.0021537  0.0028140  0.0018584 -0.0000165  0.0009842  0.0021518  0.0035354  0.0005550  0.0003832  0.0000631 -0.0002181 -0.0010134  0.0004926 -0.0022833
C  0  1  37  1  1 13  -0.0010736  0.0010404  0.0016922  0.0026708  0.0016583  0.0019067  0.0037755  0.0045763  0.0034960  0.0001279  0.0005844 -0.0004483 -0.0018205 -0.0023640  0.0002280 -0.0020150
C  0  1  37  1  1 14  -0.0009635 -0.0005542  0.0018817  0.0035100  0.0039143  0.0026744  0.0037631  0.0057556  0.0047284  0.0011903  0.0019279 -0.0015854 -0.0022618 -0.0027603 -0.0026009 -0.0035246
C  0  1  37  1  1 15  -0.0026362 -0.0007938  0.0013837  0.0025666  0.0018104 -0.0020684  0.0017103  0.0024220  0.0051441  0.0028628  0.0010977 -0.0003335 -0.0029274 -0.0070399 -0.0061416 -0.0068317
C  0  1  37  1  1 16  -0.0009659  0.0008651  0.0036813  0.0039689  0.0035313  0.0008954  0.0037509  0.0017434  0.0038490  0.0053176  0.0012173  0.0018343 -0.0019461 -0.0034353 -0.0057698 -0.0056074
C  0  1  37  1  1 17  -0.0034683  0.0005232  0.0003780  0.0054346  0.0008198 -0.0024588  0.0010341  0.0013382  0.0045141  0.0036223  0.0037991  0.0005859 -0.0022285 -0.0040960 -0.0053424 -0.0051381
C  0  1  37  1  1 18  -0.0001382  0.0068092  0.0049333  0.0073158  0.0033300 -0.0004159 -0.0031020 -0.0015592  0.0016652  0.0038282  0.0005151  0.0004375 -0.0011763 -0.0051272 -0.0061053 -0.0051126
C  0  1  37  1  1 19   0.0013141  0.0081544  0.0117047  0.0097807  0.0065167  0.0015801 -0.0026668 -0.0011783  0.0027823  0.0057866  0.0025083 -0.0006272 -0.0034962 -0.0062666 -0.0052831 -0.0016764
C  0  1  37  1  1 20   0.0017357  0.0151128  0.0187988  0.0134157  0.0058043  0.0033072 -0.0028280  0.0006089  0.0018992  0.0059373  0.0014425 -0.0033354 -0.0069771 -0.0068929 -0.0072143 -0.0053659
C  0  1  37  1  1 21   0.0071584  0.0203830  0.0278114  0.0227220  0.0167879  0.0169801  0.0078727  0.0117544  0.0100508  0.0119017  0.0029522 -0.0050979 -0.0099657 -0.0185154 -0.0074799 -0.0013633
