CPHI 16 
CETA 22 -2.40 -2.10 -1.85 -1.60 -1.40 -1.20 -1.00 -0.80 -0.60 -0.40 -0.20  0.00  0.20  0.40  0.60  0.80  1.00  1.20  1.40  1.60  1.85  2.10  2.40 
RMIN  6 
RTRK 12 
RETA 11  0.00  0.20  0.40  0.60  0.80  1.00  1.20  1.40  1.60  1.85  2.10  2.40 
T 0 1  38  0  0  0    0.0000000   0.0005876   0.0017103   0.0032239   0.0121285   0.0689354   0.2782340   0.6534294   1.0000000   1.0000000   1.0000000   1.0000000   1.0000000
T 0 1  38  0  0  1    0.0000000   0.0001514   0.0005919   0.0024939   0.0124424   0.0593859   0.2268326   0.5886973   1.0000000   1.0000000   1.0000000   1.0000000   1.0000000
T 0 1  38  0  0  2    0.0000000   0.0001404   0.0005143   0.0017804   0.0105657   0.0551886   0.2094698   0.5742896   1.0000000   1.0000000   1.0000000   1.0000000   1.0000000
T 0 1  38  0  0  3    0.0000000   0.0002066   0.0005205   0.0016805   0.0114506   0.0623785   0.2254790   0.5867594   1.0000000   1.0000000   1.0000000   1.0000000   1.0000000
T 0 1  38  0  0  4    0.0000000   0.0003600   0.0024932   0.0143492   0.0627389   0.2041737   0.4886706   0.8221497   1.0000000   1.0000000   1.0000000   1.0000000   1.0000000
T 0 1  38  0  0  5    0.0000000   0.0009849   0.0073471   0.0517257   0.2056534   0.5327834   0.8757412   0.9994008   1.0000000   1.0000000   1.0000000   1.0000000   1.0000000
T 0 1  38  0  0  6    0.0000000   0.0003087   0.0012582   0.0104166   0.0676016   0.2776967   0.6637098   0.9312513   0.9982756   1.0000000   1.0000000   1.0000000   1.0000000
T 0 1  38  0  0  7    0.0000000   0.0000506   0.0003723   0.0008929   0.0047886   0.0307666   0.1185847   0.2971274   0.5808513   0.8696242   0.9841466   0.9998648   1.0000000
T 0 1  38  0  0  8    0.0000000   0.0000030   0.0000380   0.0001149   0.0003926   0.0009850   0.0042477   0.0250397   0.1192507   0.3926712   0.7893819   0.9694016   1.0000000
T 0 1  38  0  0  9    0.0000000   0.0000086   0.0000113   0.0000374   0.0005320   0.0034789   0.0183144   0.0861502   0.3019109   0.6593867   0.9383301   0.9999216   1.0000000
T 0 1  38  0  0 10    0.0000000   0.0068311   0.0293732   0.0468313   0.0797286   0.1689153   0.3390659   0.6904838   0.9104166   0.9702209   0.9998165   1.0000000   1.0000000
T 0 1  38  1  0  0    0.0000000   0.0005148   0.0016399   0.0047460   0.0213440   0.1017716   0.3374237   0.6994022   1.0000000   1.0000000   1.0000000   1.0000000   1.0000000
T 0 1  38  1  0  1    0.0000000   0.0002633   0.0010891   0.0042307   0.0181163   0.0752157   0.2537985   0.6193956   1.0000000   1.0000000   1.0000000   1.0000000   1.0000000
T 0 1  38  1  0  2    0.0000000   0.0002194   0.0008486   0.0027728   0.0124455   0.0616642   0.2339277   0.6064318   1.0000000   1.0000000   1.0000000   1.0000000   1.0000000
T 0 1  38  1  0  3    0.0000000   0.0002283   0.0008669   0.0027852   0.0140251   0.0700545   0.2491207   0.6198491   1.0000000   1.0000000   1.0000000   1.0000000   1.0000000
T 0 1  38  1  0  4    0.0000000   0.0004356   0.0027620   0.0153929   0.0663357   0.2155446   0.5058694   0.8320271   1.0000000   1.0000000   1.0000000   1.0000000   1.0000000
T 0 1  38  1  0  5    0.0000000   0.0011873   0.0094478   0.0577925   0.2246261   0.5586818   0.8900123   0.9996500   1.0000000   1.0000000   1.0000000   1.0000000   1.0000000
T 0 1  38  1  0  6    0.0000000   0.0004626   0.0026649   0.0180020   0.0942133   0.3329130   0.7236541   0.9536823   0.9988141   0.9999984   1.0000000   1.0000000   1.0000000
T 0 1  38  1  0  7    0.0000000   0.0002246   0.0006446   0.0024765   0.0123245   0.0526267   0.1570011   0.3413836   0.6074237   0.8728054   0.9849908   0.9998878   1.0000000
T 0 1  38  1  0  8    0.0000000   0.0009562   0.0014955   0.0017998   0.0022382   0.0036136   0.0107994   0.0452511   0.1686405   0.4573475   0.8251665   0.9710661   1.0000000
T 0 1  38  1  0  9    0.0000000   0.0021003   0.0074838   0.0131257   0.0159362   0.0198461   0.0401951   0.1288935   0.3661962   0.7154288   0.9583841   0.9999941   1.0000000
T 0 1  38  1  0 10    0.0000000   0.0032254   0.0170235   0.0428863   0.0843736   0.1746921   0.3942474   0.7474223   0.9511020   0.9856143   0.9999985   1.0000000   1.0000000
R 0 1  38  0  0  0    0.0241164   0.0241164   0.0119751   0.0103943   0.0103873   0.0101587   0.0100211   0.0098268   0.0098268   0.0098268   0.0098268   0.0098268
R 0 1  38  0  0  1    0.0122474   0.0122474   0.0122474   0.0122474   0.0110496   0.0108611   0.0109495   0.0108520   0.0108520   0.0108520   0.0108520   0.0108520
R 0 1  38  0  0  2    0.0125085   0.0125085   0.0125085   0.0125085   0.0119578   0.0119926   0.0118339   0.0116824   0.0116824   0.0116824   0.0116824   0.0116824
R 0 1  38  0  0  3    0.0134482   0.0134482   0.0134482   0.0134482   0.0126738   0.0126047   0.0123352   0.0122549   0.0122549   0.0122549   0.0122549   0.0122549
R 0 1  38  0  0  4    0.0188171   0.0188171   0.0188171   0.0176667   0.0169661   0.0159028   0.0144429   0.0131121   0.0131121   0.0131121   0.0131121   0.0131121
R 0 1  38  0  0  5    0.0208029   0.0208029   0.0193976   0.0191539   0.0187751   0.0180721   0.0169500   0.0169500   0.0169500   0.0169500   0.0169500   0.0169500
R 0 1  38  0  0  6    0.0201023   0.0201023   0.0201023   0.0202544   0.0207884   0.0206693   0.0208398   0.0206545   0.0206545   0.0206545   0.0206545   0.0206545
R 0 1  38  0  0  7    0.0206505   0.0206505   0.0206505   0.0206505   0.0204420   0.0212106   0.0211375   0.0210171   0.0205760   0.0196381   0.0196381   0.0196381
R 0 1  38  0  0  8    0.0214505   0.0214505   0.0214505   0.0214505   0.0214505   0.0214505   0.0214505   0.0209774   0.0209677   0.0209360   0.0202305   0.0186851
R 0 1  38  0  0  9    0.0308778   0.0308778   0.0308778   0.0308778   0.0308778   0.0308778   0.0297904   0.0287921   0.0275323   0.0264653   0.0248087   0.0248087
R 0 1  38  0  0 10    0.0749590   0.0718916   0.0607573   0.0537877   0.0474167   0.0438865   0.0410004   0.0355355   0.0335267   0.0305348   0.0305348   0.0305348
R 0 1  38  0  1  0    0.0000000   0.0000000   0.0000000   0.0000687   0.0000862   0.0000789   0.0000730   0.0000635   0.0000635   0.0000635   0.0000635   0.0000635
R 0 1  38  0  1  1    0.0000866   0.0000866   0.0000866   0.0000866   0.0000695   0.0000697   0.0000612   0.0000552   0.0000552   0.0000552   0.0000552   0.0000552
R 0 1  38  0  1  2    0.0000524   0.0000524   0.0000524   0.0000524   0.0000552   0.0000638   0.0000614   0.0000532   0.0000532   0.0000532   0.0000532   0.0000532
R 0 1  38  0  1  3    0.0000788   0.0000788   0.0000788   0.0000788   0.0000672   0.0000566   0.0000509   0.0000480   0.0000480   0.0000480   0.0000480   0.0000480
R 0 1  38  0  1  4    0.0000911   0.0000911   0.0000911   0.0001005   0.0000914   0.0000766   0.0000546   0.0000439   0.0000439   0.0000439   0.0000439   0.0000439
R 0 1  38  0  1  5    0.0001579   0.0001579   0.0000795   0.0000798   0.0000724   0.0000644   0.0000469   0.0000469   0.0000469   0.0000469   0.0000469   0.0000469
R 0 1  38  0  1  6    0.0000677   0.0000677   0.0000677   0.0000344   0.0000608   0.0000528   0.0000548   0.0000273   0.0000273   0.0000273   0.0000273   0.0000273
R 0 1  38  0  1  7    0.0000418   0.0000418   0.0000418   0.0000418   0.0000871   0.0000760   0.0000645   0.0000752   0.0000772   0.0000469   0.0000469   0.0000469
R 0 1  38  0  1  8    0.0001057   0.0001057   0.0001057   0.0001057   0.0001057   0.0001057   0.0001057   0.0001194   0.0001037   0.0000977   0.0000809   0.0000659
R 0 1  38  0  1  9    0.0002850   0.0002850   0.0002850   0.0002850   0.0002850   0.0002850   0.0002123   0.0002023   0.0001861   0.0001571   0.0001125   0.0001125
R 0 1  38  0  1 10    0.0012095   0.0011861   0.0007460   0.0007515   0.0005949   0.0004732   0.0003827   0.0002622   0.0001811   0.0001620   0.0001620   0.0001620
R 0 1  38  0  2  0    0.0000000   0.0000000   0.0000000   0.0000000   0.0000000   0.0000134   0.0000040   0.0000080   0.0000080   0.0000080   0.0000080   0.0000080
R 0 1  38  0  2  1    0.0000000   0.0000000   0.0000000   0.0000000   0.0000000   0.0000095   0.0000046   0.0000237   0.0000237   0.0000237   0.0000237   0.0000237
R 0 1  38  0  2  2    0.0000000   0.0000000   0.0000000   0.0000000   0.0000542   0.0000000   0.0000128   0.0000154   0.0000154   0.0000154   0.0000154   0.0000154
R 0 1  38  0  2  3    0.0000000   0.0000000   0.0000000   0.0000000   0.0000000   0.0000000   0.0000089   0.0000078   0.0000078   0.0000078   0.0000078   0.0000078
R 0 1  38  0  2  4    0.0000000   0.0000000   0.0000000   0.0000000   0.0000000   0.0000083   0.0000120   0.0000163   0.0000163   0.0000163   0.0000163   0.0000163
R 0 1  38  0  2  5    0.0000000   0.0000000   0.0000000   0.0000000   0.0000191   0.0000071   0.0000279   0.0000279   0.0000279   0.0000279   0.0000279   0.0000279
R 0 1  38  0  2  6    0.0000000   0.0000000   0.0000000   0.0000000   0.0000000   0.0000129   0.0000000   0.0000000   0.0000000   0.0000000   0.0000000   0.0000000
R 0 1  38  0  2  7    0.0000000   0.0000000   0.0000000   0.0000000   0.0000000   0.0000000   0.0000000   0.0000000   0.0000000   0.0000000   0.0000000   0.0000000
R 0 1  38  0  2  8    0.0000000   0.0000000   0.0000000   0.0000000   0.0000000   0.0000000   0.0000000   0.0000000   0.0000000   0.0000092   0.0000000   0.0000000
R 0 1  38  0  2  9    0.0000000   0.0000000   0.0000000   0.0000000   0.0000000   0.0000000   0.0000645   0.0000513   0.0000000   0.0000306   0.0000000   0.0000000
R 0 1  38  0  2 10    0.0000000   0.0000000   0.0000000   0.0000000   0.0000000   0.0000000   0.0000318   0.0000261   0.0000000   0.0000000   0.0000000   0.0000000
R 0 1  38  0  3  0    1.0820035   1.0820035   1.0292771   1.0283689   0.9991095   0.9835745   0.9817079   0.9826033   0.9826033   0.9826033   0.9826033   0.9826033
R 0 1  38  0  3  1    1.0080413   1.0080413   1.0080413   1.0080413   0.9973533   0.9855285   0.9788717   0.9797815   0.9797815   0.9797815   0.9797815   0.9797815
R 0 1  38  0  3  2    1.0325839   1.0325839   1.0325839   1.0325839   1.0036690   0.9840472   0.9815100   0.9804687   0.9804687   0.9804687   0.9804687   0.9804687
R 0 1  38  0  3  3    0.9881243   0.9881243   0.9881243   0.9881243   1.0037265   0.9846322   0.9833416   0.9794852   0.9794852   0.9794852   0.9794852   0.9794852
R 0 1  38  0  3  4    1.0196469   1.0196469   1.0196469   0.9833343   0.9718831   0.9722298   0.9794317   0.9891039   0.9891039   0.9891039   0.9891039   0.9891039
R 0 1  38  0  3  5    0.9915575   0.9915575   0.9974100   0.9819384   0.9749810   0.9722822   0.9744147   0.9744147   0.9744147   0.9744147   0.9744147   0.9744147
R 0 1  38  0  3  6    1.0281369   1.0281369   1.0281369   1.0063801   0.9895607   0.9853392   0.9825345   0.9849698   0.9849698   0.9849698   0.9849698   0.9849698
R 0 1  38  0  3  7    1.0904107   1.0904107   1.0904107   1.0904107   1.0418416   0.9933670   0.9897928   0.9862426   0.9874686   0.9907880   0.9907880   0.9907880
R 0 1  38  0  3  8    1.0186208   1.0186208   1.0186208   1.0186208   1.0186208   1.0186208   1.0186208   0.9975125   0.9822714   0.9852601   0.9888390   1.0199491
R 0 1  38  0  3  9    1.0141330   1.0141330   1.0141330   1.0141330   1.0141330   1.0141330   0.9885305   0.9727840   0.9722552   0.9870037   1.0050652   1.0050652
R 0 1  38  0  3 10    1.0613923   1.0353970   1.0174622   0.9887801   0.9814447   0.9706297   0.9686481   0.9660784   1.0057665   1.0189903   1.0189903   1.0189903
R 0 1  38  0  4  0    1.3248224   1.3248224   1.3606409   2.1247979   2.2935564   2.2619485   2.2389552   2.2675333   2.2675333   2.2675333   2.2675333   2.2675333
R 0 1  38  0  4  1    1.9995159   1.9995159   1.9995159   1.9995159   2.2158201   2.2251612   2.1806804   2.2218762   2.2218762   2.2218762   2.2218762   2.2218762
R 0 1  38  0  4  2    2.0239011   2.0239011   2.0239011   2.0239011   2.2190205   2.2202743   2.2372225   2.2324135   2.2324135   2.2324135   2.2324135   2.2324135
R 0 1  38  0  4  3    1.6674024   1.6674024   1.6674024   1.6674024   2.2626273   2.2370638   2.2307308   2.2007445   2.2007445   2.2007445   2.2007445   2.2007445
R 0 1  38  0  4  4    1.8504399   1.8504399   1.8504399   2.0235151   2.0164573   2.0636792   2.2097287   2.3692896   2.3692896   2.3692896   2.3692896   2.3692896
R 0 1  38  0  4  5    1.7301445   1.7301445   2.0892746   2.1355246   2.0831061   2.0844523   2.0273430   2.0273430   2.0273430   2.0273430   2.0273430   2.0273430
R 0 1  38  0  4  6    1.8853144   1.8853144   1.8853144   2.2127098   2.3326508   2.3573026   2.3354164   2.3001534   2.3001534   2.3001534   2.3001534   2.3001534
R 0 1  38  0  4  7    1.8841131   1.8841131   1.8841131   1.8841131   2.2590977   2.3489024   2.3221034   2.3531479   2.3959742   2.3550305   2.3550305   2.3550305
R 0 1  38  0  4  8    2.2410765   2.2410765   2.2410765   2.2410765   2.2410765   2.2410765   2.2410765   2.2955872   2.1982247   2.2972187   2.3003202   2.2535828
R 0 1  38  0  4  9    1.9568162   1.9568162   1.9568162   1.9568162   1.9568162   1.9568162   2.0476312   2.0170064   2.0340088   2.2391286   2.1553237   2.1553237
R 0 1  38  0  4 10    1.7753640   2.1671182   1.9166042   1.8779138   2.0157512   1.9760980   1.9724902   1.8911596   2.1105014   2.1304546   2.1304546   2.1304546
R 0 1  38  0  5  0   25.6670057  25.6670057   6.2929041   3.3153917   3.3796762   3.9516431   4.1830940   3.8598748   3.8598748   3.8598748   3.8598748   3.8598748
R 0 1  38  0  5  1    4.0141365   4.0141365   4.0141365   4.0141365   3.7969080   3.9741842   4.5225028   4.2988644   4.2988644   4.2988644   4.2988644   4.2988644
R 0 1  38  0  5  2    3.5288211   3.5288211   3.5288211   3.5288211   4.2358056   4.2925790   4.0918760   4.2895736   4.2895736   4.2895736   4.2895736   4.2895736
R 0 1  38  0  5  3    6.1785583   6.1785583   6.1785583   6.1785583   3.8026485   4.1343444   4.2453837   4.5390351   4.5390351   4.5390351   4.5390351   4.5390351
R 0 1  38  0  5  4    5.2609364   5.2609364   5.2609364   5.0853530   5.6959697   5.1372075   3.9348344   3.2071763   3.2071763   3.2071763   3.2071763   3.2071763
R 0 1  38  0  5  5    5.2298773   5.2298773   4.7581259   4.7370143   5.3340671   4.6260890   4.2407522   4.2407522   4.2407522   4.2407522   4.2407522   4.2407522
R 0 1  38  0  5  6    3.6832177   3.6832177   3.6832177   4.1751419   3.3452342   2.9661924   2.4158638   1.9321131   1.9321131   1.9321131   1.9321131   1.9321131
R 0 1  38  0  5  7    3.6052904   3.6052904   3.6052904   3.6052904   3.6279447   3.0495998   2.9685318   2.8885144   2.5283343   2.0480203   2.0480203   2.0480203
R 0 1  38  0  5  8    4.0354580   4.0354580   4.0354580   4.0354580   4.0354580   4.0354580   4.0354580   4.1760275   4.8083627   4.0358280   3.5629214   4.2522152
R 0 1  38  0  5  9    5.7721219   5.7721219   5.7721219   5.7721219   5.7721219   5.7721219   6.8629228   6.6253881   6.7928896   5.1410405   6.3522521   6.3522521
R 0 1  38  0  5 10    9.1827201   4.3897003   4.5474404   5.5400015   5.1839431   6.2804559   7.6563758  10.1732599   6.1913794   5.9951366   5.9951366   5.9951366
F  0  1  38  0  0  0    1.0089832   1.0393297   1.0078427   0.9924909   0.9711675   1.0014950   0.9879105   0.9912073   1.0051360   0.9907822   0.9798256
F  0  1  38  1  0  0    1.0984298   1.1000899   1.0530455   1.0377717   1.0603609   1.0858427   1.0681000   1.0604168   1.0446155   1.0745260   1.0811558
C  0  1  38  0  0  0  -0.1712490 -0.1673618 -0.1773994 -0.3217853 -0.1554838 -0.1368981 -0.2013833 -0.0250330 -0.3039193 -0.2346933 -0.1591527 -0.0969108 -0.2357026 -0.2825273 -0.4146591  0.0590814
C  0  1  38  0  0  1  -0.0949592 -0.1743656 -0.1595055 -0.1301616 -0.1514188 -0.0998323 -0.1351229 -0.1112058 -0.0002469 -0.1742368 -0.1423980 -0.1866617 -0.2023970 -0.1526946 -0.2239777  0.0049032
C  0  1  38  0  0  2  -0.1951887 -0.1909941 -0.1439277 -0.1152989 -0.0167387 -0.0859335 -0.1183078 -0.1279529  0.0194484 -0.0390022 -0.0932143 -0.0749932 -0.1342759 -0.0375940 -0.0712532 -0.0165362
C  0  1  38  0  0  3  -0.0900546 -0.0834512 -0.1400261 -0.0025075  0.0268152 -0.1107386 -0.0148854 -0.0229997 -0.0886411  0.0078390 -0.0790443 -0.0878992 -0.1231490 -0.1008816 -0.0506493 -0.0173530
C  0  1  38  0  0  4  -0.0991500 -0.1513726 -0.0871666  0.0024441 -0.1275096 -0.1161079 -0.1110103 -0.0382484 -0.1310537 -0.0331068  0.0179427 -0.0044114 -0.0998596 -0.0809046 -0.0575045 -0.0727903
C  0  1  38  0  0  5  -0.0398717 -0.0165361 -0.0443285  0.0773216 -0.0175798 -0.0303215 -0.0741505  0.0433799  0.0217532  0.0091926  0.0069147  0.1039428 -0.0681986  0.0460738  0.0682263 -0.0122847
C  0  1  38  0  0  6   0.0138377  0.0547994  0.0155653 -0.0555506 -0.0268275  0.0091323 -0.0393975 -0.1066781 -0.0270951 -0.0757894 -0.0407787  0.0348923 -0.0615613  0.0106337 -0.0185411  0.0848097
C  0  1  38  0  0  7  -0.0049882  0.0058813  0.0426109  0.0362954 -0.0061951  0.0349321 -0.0265497  0.0331366  0.0053135 -0.0523116  0.1121399 -0.0389963 -0.0119605 -0.0673098 -0.0384133  0.0554472
C  0  1  38  0  0  8  -0.0795404 -0.0158539  0.0119654  0.0612858 -0.0428791  0.1028089  0.0014370  0.0348858 -0.0070412  0.0366629 -0.0855414  0.0077609  0.0106803  0.0579516 -0.0347102  0.0405856
C  0  1  38  0  0  9  -0.0035197  0.0753939 -0.0822113  0.0134345  0.0120123 -0.0357954  0.0278569  0.1012154 -0.0027169  0.0492437  0.1008548 -0.0120573 -0.0044374  0.0430650  0.0153448  0.0449618
C  0  1  38  0  0 10  -0.0425293 -0.0233321  0.0358078  0.0548671  0.0068705 -0.0068923 -0.0438086 -0.0662383  0.0268369 -0.0312943 -0.0138956  0.0201436 -0.0342656  0.0727425  0.1077186  0.0201142
C  0  1  38  0  0 11  -0.0747672 -0.0041977 -0.0931430  0.0287971  0.0790678  0.0595796 -0.0228604  0.0939039  0.0218503  0.0122262 -0.0353136 -0.0592846 -0.0400108  0.0008497 -0.0271358  0.0081898
C  0  1  38  0  0 12   0.0702028  0.0357177 -0.0441553 -0.0516748  0.0220741  0.0330021 -0.0192935 -0.0171998 -0.0093102  0.1523998  0.0234574 -0.0030442 -0.0296999  0.0399411  0.0405066 -0.0208257
C  0  1  38  0  0 13   0.0085937 -0.0351605 -0.0240888  0.0473512  0.0270612  0.0079306 -0.0050591 -0.0059921  0.0427962  0.0524116 -0.0419194  0.0681179 -0.0381946  0.0572520  0.0040747  0.0211688
C  0  1  38  0  0 14  -0.0258756 -0.0159499 -0.0630346  0.0059788 -0.0304236 -0.0079925 -0.0534942 -0.0228872 -0.0849001  0.0349207  0.1226285 -0.0478687  0.0711545  0.0419732 -0.0401697 -0.0375530
C  0  1  38  0  0 15  -0.1007392 -0.0144256 -0.0033782  0.0565207  0.0499623 -0.0582998  0.0084586 -0.0566776 -0.0386423 -0.0009981 -0.0922512 -0.0995730 -0.0425811 -0.0224124 -0.0212779  0.0677095
C  0  1  38  0  0 16   0.1293901  0.0468633  0.0361488 -0.0027618 -0.0478223 -0.0674978  0.0032206  0.0141025 -0.0965645  0.0814596 -0.0374501 -0.0415174 -0.0378249 -0.0494648 -0.1074943 -0.0040773
C  0  1  38  0  0 17  -0.0092975 -0.1158237 -0.1721296 -0.0913091 -0.1396885 -0.1082055 -0.0612137 -0.0545459  0.0234872 -0.0940659  0.0226170 -0.0609898 -0.0940864 -0.1773189 -0.1402212 -0.0868360
C  0  1  38  0  0 18  -0.1410942 -0.0629506 -0.0842485 -0.0937438 -0.1172066 -0.0249057 -0.1204708  0.0000045 -0.0413300  0.0253649 -0.0384188 -0.1191150 -0.0822699  0.0108183 -0.0874948  0.0186418
C  0  1  38  0  0 19   0.0876868 -0.0010825 -0.2609871 -0.0016778 -0.1017606 -0.0606456 -0.0457963 -0.0907669 -0.0695520 -0.0557793  0.0092115 -0.1190279 -0.0255014 -0.0398985 -0.0570567 -0.0480448
C  0  1  38  0  0 20  -0.1815353 -0.1592324 -0.0186644 -0.0750285 -0.2139242 -0.1486798 -0.1990213 -0.1532243 -0.1800240 -0.1359294 -0.2204149 -0.0970637  0.0485915 -0.1121034 -0.1732615 -0.1389563
C  0  1  38  0  0 21  -0.1005039 -0.2342698 -0.4698990 -0.2131126 -0.1400772 -0.2017972 -0.2849002 -0.0434911 -0.1768118  0.0054486 -0.0952379 -0.2789837 -0.4029649 -0.4058433 -0.2189992 -0.2517713
C  0  1  38  0  1  0  -0.0014285 -0.0023219 -0.0015336 -0.0039324 -0.0037506  0.0017311  0.0025413 -0.0061315  0.0026674 -0.0029626 -0.0041814  0.0048354  0.0048122  0.0044548  0.0041133  0.0052010
C  0  1  38  0  1  1  -0.0005771 -0.0000467 -0.0029505 -0.0041015 -0.0040644 -0.0011944  0.0036111  0.0004654  0.0033974 -0.0003789  0.0018784 -0.0024204  0.0024252  0.0016105  0.0002942  0.0020184
C  0  1  38  0  1  2   0.0036482  0.0006630 -0.0005972 -0.0001991 -0.0017564  0.0011616 -0.0000974 -0.0000886 -0.0002285  0.0021347 -0.0036114 -0.0010078  0.0008430  0.0021499 -0.0009690  0.0006685
C  0  1  38  0  1  3   0.0031177  0.0008196  0.0012406 -0.0029245 -0.0005270  0.0009049  0.0026974 -0.0021276 -0.0030990 -0.0011675 -0.0005735 -0.0014185  0.0022046 -0.0008073 -0.0013070  0.0024786
C  0  1  38  0  1  4   0.0030548  0.0003733 -0.0003500  0.0020718  0.0000241 -0.0037349  0.0001142 -0.0007302  0.0015825  0.0017088 -0.0004115 -0.0017636  0.0006253  0.0004718 -0.0007238 -0.0037146
C  0  1  38  0  1  5   0.0013234  0.0001322 -0.0015157  0.0015855  0.0013066 -0.0002374 -0.0004336  0.0011576 -0.0000405  0.0000199  0.0015406 -0.0013739 -0.0005508  0.0001606 -0.0023914 -0.0021436
C  0  1  38  0  1  6   0.0029421 -0.0007725 -0.0004623 -0.0001501  0.0008576 -0.0009202 -0.0021760 -0.0001026  0.0011046 -0.0026726 -0.0006252 -0.0000380 -0.0019345 -0.0033119  0.0009591 -0.0008070
C  0  1  38  0  1  7   0.0022048 -0.0007896  0.0014309  0.0017890  0.0025814  0.0000352 -0.0016943 -0.0013408  0.0018033 -0.0008295  0.0009731 -0.0006223 -0.0001123 -0.0005745 -0.0000624  0.0003406
C  0  1  38  0  1  8   0.0026195 -0.0003237 -0.0000025 -0.0006725 -0.0002163  0.0004947  0.0009746  0.0008309  0.0019434 -0.0004666 -0.0018558 -0.0012589 -0.0005329 -0.0004525  0.0013796  0.0022238
C  0  1  38  0  1  9  -0.0028447  0.0008320  0.0017546 -0.0006127  0.0019011 -0.0021184  0.0013557  0.0011080 -0.0012855 -0.0008785 -0.0034462  0.0016977 -0.0015972  0.0007712 -0.0009235  0.0018165
C  0  1  38  0  1 10   0.0008211  0.0004747  0.0021010  0.0030259  0.0023268 -0.0005056 -0.0000457  0.0007555 -0.0003343 -0.0028523 -0.0006265 -0.0006899 -0.0012544 -0.0021428 -0.0003051  0.0004344
C  0  1  38  0  1 11   0.0002935  0.0010655  0.0005714  0.0008737 -0.0017835  0.0003109 -0.0029289 -0.0008767 -0.0027914  0.0000128 -0.0006663 -0.0023074  0.0017515 -0.0002139 -0.0016019 -0.0004180
C  0  1  38  0  1 12  -0.0001727 -0.0003596  0.0018285 -0.0009925  0.0011453 -0.0011970  0.0012366 -0.0007993  0.0000601  0.0007204 -0.0006234  0.0033016  0.0005890  0.0019458  0.0000650  0.0004538
C  0  1  38  0  1 13   0.0045763 -0.0008755  0.0001751  0.0025297  0.0031459  0.0009761 -0.0002379  0.0010011 -0.0009569 -0.0017944  0.0001061 -0.0023193 -0.0005388  0.0014394 -0.0012198  0.0014990
C  0  1  38  0  1 14   0.0023706  0.0014080  0.0023350  0.0008009  0.0028799  0.0021957 -0.0018660  0.0013249  0.0023299 -0.0000322 -0.0006664  0.0007566  0.0004340  0.0002785 -0.0012642  0.0008898
C  0  1  38  0  1 15   0.0020478  0.0020603 -0.0010162  0.0015118  0.0012449  0.0026004 -0.0009080 -0.0008554  0.0015893 -0.0001859  0.0001633  0.0014817  0.0000135  0.0011045  0.0024445  0.0019450
C  0  1  38  0  1 16   0.0022624  0.0008160  0.0009204  0.0020075 -0.0005367  0.0019841  0.0020473  0.0010513  0.0008505 -0.0007966  0.0004055  0.0002819  0.0011145  0.0010310  0.0012632  0.0030645
C  0  1  38  0  1 17   0.0010685 -0.0011323  0.0004348  0.0034712  0.0025562  0.0054177  0.0036970  0.0032384 -0.0005802  0.0031540  0.0038736 -0.0007052  0.0021517  0.0002599  0.0072342  0.0021488
C  0  1  38  0  1 18   0.0056032  0.0031115  0.0014242  0.0043427 -0.0000487  0.0054447  0.0050135  0.0007127 -0.0014671  0.0017148  0.0065531  0.0031416  0.0013676  0.0006633  0.0092827  0.0040713
C  0  1  38  0  1 19   0.0035869  0.0023435  0.0014676  0.0024714  0.0023346  0.0007083  0.0030102  0.0006650  0.0037227  0.0004403 -0.0012629  0.0001498  0.0032466  0.0033256  0.0022436  0.0055873
C  0  1  38  0  1 20   0.0068596  0.0025148  0.0026047  0.0040860  0.0012431  0.0035222  0.0042979  0.0026120  0.0032386  0.0017709  0.0002730  0.0000544  0.0020087  0.0051205  0.0054191  0.0075801
C  0  1  38  0  1 21   0.0155861  0.0109990  0.0086815 -0.0011903 -0.0019818 -0.0065103 -0.0122458 -0.0029684 -0.0032384 -0.0037729 -0.0012408  0.0047704  0.0016461  0.0060181  0.0106526  0.0014669
C  0  1  38  1  0  0  -0.4585320 -0.2795331 -0.2735290 -0.3810470 -0.2252947 -0.3082866 -0.3150962 -0.2800170 -0.2736721 -0.2497683 -0.3195864 -0.5166569 -0.4107393 -0.4249004 -0.3281155 -0.5013115
C  0  1  38  1  0  1  -0.2470723 -0.4303174 -0.3240671 -0.2652109 -0.3648744 -0.3238381 -0.2807065 -0.3031785 -0.2713794 -0.2082378 -0.3329920 -0.3282150 -0.3627835 -0.3868916 -0.3419131 -0.3624326
C  0  1  38  1  0  2  -0.3758826 -0.3647327 -0.2297614 -0.3052354 -0.2448434 -0.2443160 -0.2571857 -0.2630779 -0.2357648 -0.2667849 -0.2785883 -0.3228534 -0.3153760 -0.3676656 -0.3017793 -0.3285343
C  0  1  38  1  0  3  -0.3383520 -0.3293300 -0.3047584 -0.3077665 -0.2587611 -0.1906000 -0.1813822 -0.1695972 -0.1793781 -0.1824808 -0.2350509 -0.2655604 -0.2302758 -0.2740380 -0.3032575 -0.2586041
C  0  1  38  1  0  4  -0.3430700 -0.2668000 -0.3067640 -0.2689635 -0.2243963 -0.2017529 -0.2509100 -0.2272693 -0.2267460 -0.2076082 -0.2136829 -0.2552746 -0.2928046 -0.2954702 -0.2841437 -0.2920359
C  0  1  38  1  0  5  -0.2107302 -0.1749726 -0.1660811 -0.1433938 -0.1753210 -0.1569767 -0.1821574 -0.1735046 -0.1579175 -0.1532340 -0.1347873 -0.2155646 -0.2387259 -0.1468344 -0.2094591 -0.2147105
C  0  1  38  1  0  6  -0.1632468 -0.1459231 -0.1919607 -0.1722428 -0.1108009 -0.1188788 -0.1342318 -0.1111961 -0.1537876 -0.0978566 -0.0788881 -0.1105577 -0.1112974 -0.1729629 -0.1673167 -0.2548585
C  0  1  38  1  0  7  -0.1484253 -0.1343891 -0.1537965 -0.1270979 -0.1613634 -0.1289988 -0.1935103 -0.1306267 -0.1143509 -0.0840930 -0.0551204 -0.1444090 -0.1404868 -0.1580263 -0.1155326 -0.1171178
C  0  1  38  1  0  8  -0.1993534 -0.1056195 -0.1343305 -0.1291484 -0.1623446 -0.1518084 -0.1407794 -0.1958285 -0.1242178 -0.1163204 -0.1189272 -0.1774278 -0.1328994 -0.1580776 -0.1862610 -0.1617223
C  0  1  38  1  0  9  -0.1604396 -0.1496556 -0.0744070 -0.1473476 -0.1119018 -0.1494587 -0.1237394 -0.1952425 -0.0689316 -0.1219571 -0.0569612 -0.1412599 -0.1374800 -0.0821412 -0.1256150 -0.1392319
C  0  1  38  1  0 10  -0.1471600 -0.0847803 -0.1324055 -0.1378605 -0.1388505 -0.1225574 -0.1286836 -0.1308074 -0.0830489 -0.1367405 -0.1846138 -0.1202185 -0.1291540 -0.1600104 -0.1297705 -0.1367782
C  0  1  38  1  0 11  -0.1731292 -0.0972224 -0.1747604 -0.1138556 -0.1207514 -0.1004517 -0.1022024 -0.0984700 -0.1123488 -0.0810632 -0.1055401 -0.1223867 -0.1096112 -0.1661519 -0.1336377 -0.1593709
C  0  1  38  1  0 12  -0.1070245 -0.1033785 -0.1227807 -0.1056239 -0.1347416 -0.1355306 -0.1281260 -0.1677553 -0.1171108 -0.1075414 -0.1017314 -0.1006345 -0.1173861 -0.1362860 -0.1278356 -0.1425173
C  0  1  38  1  0 13  -0.1094384 -0.1537461 -0.1704767 -0.1417697 -0.1524546 -0.1546872 -0.1134648 -0.1352335 -0.1033066 -0.0863917 -0.1532212 -0.1757526 -0.1710386 -0.1346995 -0.1805045 -0.1557142
C  0  1  38  1  0 14  -0.1847989 -0.1357832 -0.1359922 -0.1069774 -0.1718143 -0.1083304 -0.1159841 -0.1986547 -0.1278322 -0.1382432 -0.1380177 -0.1031220 -0.1399732 -0.0949704 -0.1530444 -0.1776947
C  0  1  38  1  0 15  -0.1185460 -0.1926175 -0.1274387 -0.1435062 -0.2078331 -0.1029048 -0.1759760 -0.1492800 -0.1362043 -0.1166539 -0.1153386 -0.1732079 -0.1318020 -0.1230822 -0.0959753 -0.1045434
C  0  1  38  1  0 16  -0.2071613 -0.1279633 -0.1665220 -0.1444595 -0.1394848 -0.1619889 -0.1648849 -0.1853274 -0.1438857 -0.2326386 -0.1537611 -0.1354527 -0.1401572 -0.1715777 -0.1723322 -0.1787065
C  0  1  38  1  0 17  -0.2713243 -0.2950051 -0.1541265 -0.2886815 -0.2098909 -0.2664068 -0.2068899 -0.2889775 -0.2341555 -0.2387365 -0.2371639 -0.2454116 -0.1622465 -0.2849585 -0.2429953 -0.2605192
C  0  1  38  1  0 18  -0.2613145 -0.2838648 -0.2519687 -0.2565924 -0.2443331 -0.2166931 -0.2919018 -0.2654972 -0.2635955 -0.2440259 -0.2356770 -0.2646159 -0.2472248 -0.1980453 -0.1690992 -0.2518596
C  0  1  38  1  0 19  -0.2899269 -0.2914321 -0.3356153 -0.3240836 -0.3072184 -0.3005294 -0.3270490 -0.1866241 -0.2680597 -0.2476619 -0.2040058 -0.2877540 -0.2592778 -0.3178356 -0.2898384 -0.2472212
C  0  1  38  1  0 20  -0.3280671 -0.3260679 -0.3933299 -0.3386646 -0.3361806 -0.1486729 -0.2988462 -0.3722752 -0.3930144 -0.3601114 -0.3630030 -0.3072781 -0.3686137 -0.3118422 -0.2018864 -0.3096812
C  0  1  38  1  0 21  -0.3127103 -0.3545937 -0.3807052 -0.3584883 -0.3452067 -0.2009534 -0.3083091 -0.3783243 -0.4121472 -0.3693978 -0.3695572 -0.3635611 -0.3154149 -0.3664675 -0.3215765 -0.3910428
C  0  1  38  1  1  0   0.0462300  0.0515139  0.0400465  0.0248255  0.0000501 -0.0201226 -0.0348211 -0.0431821 -0.0478603 -0.0376582 -0.0345444 -0.0191511  0.0031596  0.0041771  0.0242322  0.0357792
C  0  1  38  1  1  1   0.0220196  0.0207517  0.0176365  0.0107058  0.0010536 -0.0081598 -0.0160899 -0.0182271 -0.0193355 -0.0150306 -0.0150449 -0.0075923  0.0033324  0.0078525  0.0104314  0.0227381
C  0  1  38  1  1  2   0.0122329  0.0137009  0.0087808  0.0068569  0.0018048 -0.0034283 -0.0081090 -0.0083248 -0.0089678 -0.0068589 -0.0049000 -0.0030386  0.0010096  0.0035349  0.0050272  0.0112855
C  0  1  38  1  1  3   0.0084900  0.0056829  0.0025616  0.0036113  0.0016852  0.0013176 -0.0030496 -0.0008489  0.0003394 -0.0014070 -0.0022941 -0.0003746  0.0001048  0.0034168  0.0026014  0.0060362
C  0  1  38  1  1  4   0.0023861  0.0011866  0.0010964  0.0000306  0.0022753  0.0008873  0.0002165  0.0006935  0.0032615  0.0020970 -0.0002402 -0.0011317  0.0017636  0.0019731  0.0035528  0.0005197
C  0  1  38  1  1  5   0.0002418  0.0005898  0.0007062  0.0026162  0.0026476  0.0032213  0.0022547  0.0042031  0.0039892  0.0028902 -0.0005875 -0.0008020  0.0017460  0.0020345  0.0008042 -0.0006006
C  0  1  38  1  1  6   0.0007950  0.0014554  0.0012106  0.0035128  0.0048852  0.0041898  0.0049891  0.0047534  0.0042953  0.0009647  0.0003332  0.0004121 -0.0000929  0.0001131  0.0005793 -0.0006242
C  0  1  38  1  1  7  -0.0014495  0.0014941  0.0023994  0.0048673  0.0043845  0.0038881  0.0063610  0.0035537  0.0040714  0.0005917 -0.0004776 -0.0004663  0.0012086  0.0009231  0.0011958 -0.0013572
C  0  1  38  1  1  8  -0.0017084  0.0015074  0.0013721  0.0019854  0.0043600  0.0033918  0.0049266  0.0042809  0.0050178  0.0016596 -0.0001775 -0.0000601  0.0015640  0.0013880  0.0012961 -0.0009462
C  0  1  38  1  1  9   0.0012548  0.0018412  0.0019093  0.0028082  0.0019754  0.0021261  0.0045556  0.0032720  0.0017431 -0.0009225  0.0015835  0.0002372  0.0005544 -0.0000515 -0.0004483 -0.0015993
C  0  1  38  1  1 10  -0.0014074  0.0008676  0.0008373  0.0011792  0.0015916  0.0008741  0.0013179  0.0018243  0.0028344 -0.0006437 -0.0007471 -0.0006650 -0.0019001  0.0001944  0.0014203 -0.0014349
C  0  1  38  1  1 11   0.0001958  0.0008679  0.0008657  0.0016144  0.0024234 -0.0006794  0.0000783  0.0017025  0.0020666  0.0013376 -0.0019311 -0.0003080 -0.0009862 -0.0014289 -0.0005391 -0.0012838
C  0  1  38  1  1 12   0.0000301  0.0018916  0.0025098  0.0036920  0.0018433  0.0004609  0.0006469  0.0019440  0.0040964  0.0012903  0.0015610 -0.0002124  0.0008943 -0.0008262  0.0001194 -0.0014265
C  0  1  38  1  1 13   0.0001350  0.0022246  0.0012354  0.0029719  0.0033617  0.0021159  0.0032205  0.0045809  0.0051209  0.0007959  0.0008837 -0.0002868 -0.0010836 -0.0026027 -0.0002805 -0.0018124
C  0  1  38  1  1 14  -0.0006390  0.0010848  0.0028738  0.0034184  0.0032839  0.0026610  0.0039150  0.0054039  0.0049571  0.0016861  0.0018464 -0.0006008 -0.0017124 -0.0016943 -0.0020581 -0.0021621
C  0  1  38  1  1 15  -0.0019935  0.0001428  0.0031766  0.0025394  0.0026065 -0.0010405  0.0022552  0.0037421  0.0054509  0.0030038  0.0017695  0.0003640 -0.0039498 -0.0049446 -0.0061585 -0.0042839
C  0  1  38  1  1 16  -0.0020009  0.0015036  0.0025146  0.0038325  0.0028242  0.0011857  0.0036703  0.0035099  0.0046852  0.0055122  0.0016437  0.0027708 -0.0020999 -0.0005847 -0.0049702 -0.0049847
C  0  1  38  1  1 17  -0.0040558  0.0024552  0.0016501  0.0063941  0.0013159 -0.0021696  0.0006469  0.0041998  0.0043554  0.0036172  0.0036343  0.0024313 -0.0018564 -0.0035049 -0.0053056 -0.0052224
C  0  1  38  1  1 18   0.0001100  0.0074436  0.0056780  0.0055570  0.0053984  0.0005328 -0.0016847  0.0003601  0.0028699  0.0047742  0.0022217  0.0012353 -0.0013772 -0.0022028 -0.0044737 -0.0042193
C  0  1  38  1  1 19   0.0024179  0.0076795  0.0113444  0.0094160  0.0069655  0.0017111 -0.0018580  0.0003451  0.0037075  0.0054648  0.0026237  0.0003972 -0.0024644 -0.0056341 -0.0051642 -0.0026928
C  0  1  38  1  1 20   0.0007940  0.0147986  0.0172928  0.0135922  0.0059868  0.0030580 -0.0035798 -0.0033732 -0.0006517  0.0072064 -0.0004944 -0.0027762 -0.0071757 -0.0088692 -0.0085907 -0.0057227
C  0  1  38  1  1 21   0.0077208  0.0201718  0.0292316  0.0232436  0.0136803  0.0140127  0.0102621  0.0098707  0.0113165  0.0122465  0.0011248 -0.0023993 -0.0058989 -0.0187695 -0.0088324 -0.0012870
