CPHI 16 
CETA 22 -2.40 -2.10 -1.85 -1.60 -1.40 -1.20 -1.00 -0.80 -0.60 -0.40 -0.20  0.00  0.20  0.40  0.60  0.80  1.00  1.20  1.40  1.60  1.85  2.10  2.40 
RMIN  6 
RTRK 12 
RETA 11  0.00  0.20  0.40  0.60  0.80  1.00  1.20  1.40  1.60  1.85  2.10  2.40 
T 0 1  39  0  0  0    0.0000000   0.0006458   0.0017554   0.0032641   0.0123248   0.0693644   0.2775933   0.6530261   1.0000000   1.0000000   1.0000000   1.0000000   1.0000000
T 0 1  39  0  0  1    0.0000000   0.0001543   0.0005986   0.0024115   0.0122703   0.0588664   0.2261623   0.5884668   1.0000000   1.0000000   1.0000000   1.0000000   1.0000000
T 0 1  39  0  0  2    0.0000000   0.0001349   0.0005371   0.0017633   0.0106309   0.0561370   0.2097992   0.5747724   1.0000000   1.0000000   1.0000000   1.0000000   1.0000000
T 0 1  39  0  0  3    0.0000000   0.0002373   0.0006339   0.0017863   0.0116872   0.0630102   0.2265441   0.5876378   1.0000000   1.0000000   1.0000000   1.0000000   1.0000000
T 0 1  39  0  0  4    0.0000000   0.0003406   0.0025822   0.0143063   0.0632649   0.2045546   0.4892291   0.8227429   1.0000000   1.0000000   1.0000000   1.0000000   1.0000000
T 0 1  39  0  0  5    0.0000000   0.0009479   0.0076040   0.0518530   0.2063625   0.5340509   0.8766038   0.9994065   1.0000000   1.0000000   1.0000000   1.0000000   1.0000000
T 0 1  39  0  0  6    0.0000000   0.0002887   0.0012084   0.0103548   0.0670877   0.2769253   0.6630107   0.9310258   0.9981688   0.9999994   1.0000000   1.0000000   1.0000000
T 0 1  39  0  0  7    0.0000000   0.0000536   0.0003537   0.0008677   0.0046980   0.0306751   0.1194474   0.2970227   0.5800971   0.8693967   0.9841043   0.9998469   1.0000000
T 0 1  39  0  0  8    0.0000000   0.0000015   0.0000286   0.0001214   0.0003873   0.0009613   0.0042131   0.0249534   0.1195565   0.3941611   0.7895888   0.9694194   1.0000000
T 0 1  39  0  0  9    0.0000000   0.0000025   0.0000065   0.0000364   0.0005201   0.0034725   0.0181961   0.0859821   0.3026348   0.6579817   0.9384618   0.9999288   1.0000000
T 0 1  39  0  0 10    0.0000000   0.0066847   0.0290148   0.0464600   0.0795506   0.1689990   0.3374755   0.6899642   0.9103658   0.9701480   0.9998450   1.0000000   1.0000000
T 0 1  39  1  0  0    0.0000000   0.0005148   0.0016399   0.0047460   0.0213440   0.1017716   0.3374237   0.6994022   1.0000000   1.0000000   1.0000000   1.0000000   1.0000000
T 0 1  39  1  0  1    0.0000000   0.0002633   0.0010891   0.0042307   0.0181163   0.0752157   0.2537985   0.6193956   1.0000000   1.0000000   1.0000000   1.0000000   1.0000000
T 0 1  39  1  0  2    0.0000000   0.0002194   0.0008486   0.0027728   0.0124455   0.0616642   0.2339277   0.6064318   1.0000000   1.0000000   1.0000000   1.0000000   1.0000000
T 0 1  39  1  0  3    0.0000000   0.0002283   0.0008669   0.0027852   0.0140251   0.0700545   0.2491207   0.6198491   1.0000000   1.0000000   1.0000000   1.0000000   1.0000000
T 0 1  39  1  0  4    0.0000000   0.0004356   0.0027620   0.0153929   0.0663357   0.2155446   0.5058694   0.8320271   1.0000000   1.0000000   1.0000000   1.0000000   1.0000000
T 0 1  39  1  0  5    0.0000000   0.0011873   0.0094478   0.0577925   0.2246261   0.5586818   0.8900123   0.9996500   1.0000000   1.0000000   1.0000000   1.0000000   1.0000000
T 0 1  39  1  0  6    0.0000000   0.0004626   0.0026649   0.0180020   0.0942133   0.3329130   0.7236541   0.9536823   0.9988141   0.9999984   1.0000000   1.0000000   1.0000000
T 0 1  39  1  0  7    0.0000000   0.0002246   0.0006446   0.0024765   0.0123245   0.0526267   0.1570011   0.3413836   0.6074237   0.8728054   0.9849908   0.9998878   1.0000000
T 0 1  39  1  0  8    0.0000000   0.0009562   0.0014955   0.0017998   0.0022382   0.0036136   0.0107994   0.0452511   0.1686405   0.4573475   0.8251665   0.9710661   1.0000000
T 0 1  39  1  0  9    0.0000000   0.0021003   0.0074838   0.0131257   0.0159362   0.0198461   0.0401951   0.1288935   0.3661962   0.7154288   0.9583841   0.9999941   1.0000000
T 0 1  39  1  0 10    0.0000000   0.0032254   0.0170235   0.0428863   0.0843736   0.1746921   0.3942474   0.7474223   0.9511020   0.9856143   0.9999985   1.0000000   1.0000000
R 0 1  39  0  0  0    0.0247710   0.0247710   0.0123597   0.0103735   0.0102960   0.0101683   0.0100110   0.0098568   0.0098568   0.0098568   0.0098568   0.0098568
R 0 1  39  0  0  1    0.0120298   0.0120298   0.0120298   0.0120298   0.0108917   0.0108727   0.0109903   0.0108952   0.0108952   0.0108952   0.0108952   0.0108952
R 0 1  39  0  0  2    0.0124949   0.0124949   0.0124949   0.0124949   0.0121007   0.0119698   0.0118406   0.0116933   0.0116933   0.0116933   0.0116933   0.0116933
R 0 1  39  0  0  3    0.0134990   0.0134990   0.0134990   0.0134990   0.0125570   0.0125521   0.0123816   0.0122232   0.0122232   0.0122232   0.0122232   0.0122232
R 0 1  39  0  0  4    0.0189936   0.0189936   0.0189936   0.0174695   0.0168448   0.0159059   0.0145538   0.0130638   0.0130638   0.0130638   0.0130638   0.0130638
R 0 1  39  0  0  5    0.0201734   0.0201734   0.0192742   0.0190340   0.0187129   0.0180507   0.0169114   0.0169114   0.0169114   0.0169114   0.0169114   0.0169114
R 0 1  39  0  0  6    0.0201560   0.0201560   0.0201560   0.0203039   0.0207749   0.0207574   0.0208668   0.0206792   0.0206792   0.0206792   0.0206792   0.0206792
R 0 1  39  0  0  7    0.0215614   0.0215614   0.0215614   0.0215614   0.0206448   0.0211593   0.0211923   0.0209939   0.0205266   0.0196715   0.0196715   0.0196715
R 0 1  39  0  0  8    0.0213598   0.0213598   0.0213598   0.0213598   0.0213598   0.0213598   0.0213598   0.0210694   0.0210154   0.0209000   0.0202100   0.0186140
R 0 1  39  0  0  9    0.0314071   0.0314071   0.0314071   0.0314071   0.0314071   0.0314071   0.0300367   0.0289240   0.0274184   0.0264341   0.0248150   0.0248150
R 0 1  39  0  0 10    0.0759948   0.0712706   0.0608276   0.0537285   0.0472943   0.0441482   0.0410144   0.0355948   0.0336675   0.0307289   0.0307289   0.0307289
R 0 1  39  0  1  0    0.0000000   0.0000000   0.0000000   0.0000707   0.0000788   0.0000777   0.0000749   0.0000655   0.0000655   0.0000655   0.0000655   0.0000655
R 0 1  39  0  1  1    0.0000868   0.0000868   0.0000868   0.0000868   0.0000584   0.0000685   0.0000657   0.0000592   0.0000592   0.0000592   0.0000592   0.0000592
R 0 1  39  0  1  2    0.0000646   0.0000646   0.0000646   0.0000646   0.0000700   0.0000648   0.0000633   0.0000543   0.0000543   0.0000543   0.0000543   0.0000543
R 0 1  39  0  1  3    0.0000873   0.0000873   0.0000873   0.0000873   0.0000591   0.0000600   0.0000539   0.0000471   0.0000471   0.0000471   0.0000471   0.0000471
R 0 1  39  0  1  4    0.0001539   0.0001539   0.0001539   0.0000915   0.0000891   0.0000738   0.0000558   0.0000478   0.0000478   0.0000478   0.0000478   0.0000478
R 0 1  39  0  1  5    0.0001690   0.0001690   0.0000735   0.0000703   0.0000659   0.0000581   0.0000353   0.0000353   0.0000353   0.0000353   0.0000353   0.0000353
R 0 1  39  0  1  6    0.0000316   0.0000316   0.0000316   0.0000560   0.0000633   0.0000609   0.0000542   0.0000266   0.0000266   0.0000266   0.0000266   0.0000266
R 0 1  39  0  1  7    0.0001741   0.0001741   0.0001741   0.0001741   0.0000848   0.0000625   0.0000714   0.0000747   0.0000758   0.0000462   0.0000462   0.0000462
R 0 1  39  0  1  8    0.0001077   0.0001077   0.0001077   0.0001077   0.0001077   0.0001077   0.0001077   0.0001046   0.0001092   0.0001015   0.0000780   0.0000616
R 0 1  39  0  1  9    0.0002656   0.0002656   0.0002656   0.0002656   0.0002656   0.0002656   0.0002145   0.0002000   0.0001816   0.0001481   0.0001101   0.0001101
R 0 1  39  0  1 10    0.0012630   0.0012039   0.0008147   0.0007651   0.0005707   0.0004950   0.0003874   0.0002675   0.0002061   0.0001844   0.0001844   0.0001844
R 0 1  39  0  2  0    0.0000000   0.0000000   0.0000000   0.0000956   0.0000000   0.0000119   0.0000134   0.0000000   0.0000000   0.0000000   0.0000000   0.0000000
R 0 1  39  0  2  1    0.0000000   0.0000000   0.0000000   0.0000000   0.0000000   0.0000151   0.0000090   0.0000073   0.0000073   0.0000073   0.0000073   0.0000073
R 0 1  39  0  2  2    0.0000875   0.0000875   0.0000875   0.0000875   0.0000528   0.0000149   0.0000130   0.0000103   0.0000103   0.0000103   0.0000103   0.0000103
R 0 1  39  0  2  3    0.0000000   0.0000000   0.0000000   0.0000000   0.0000357   0.0000075   0.0000103   0.0000124   0.0000124   0.0000124   0.0000124   0.0000124
R 0 1  39  0  2  4    0.0000000   0.0000000   0.0000000   0.0000000   0.0000000   0.0000000   0.0000000   0.0000071   0.0000071   0.0000071   0.0000071   0.0000071
R 0 1  39  0  2  5    0.0000000   0.0000000   0.0000000   0.0000000   0.0000220   0.0000107   0.0000000   0.0000000   0.0000000   0.0000000   0.0000000   0.0000000
R 0 1  39  0  2  6    0.0000000   0.0000000   0.0000000   0.0000000   0.0000000   0.0000000   0.0000000   0.0000234   0.0000234   0.0000234   0.0000234   0.0000234
R 0 1  39  0  2  7    0.0008679   0.0008679   0.0008679   0.0008679   0.0000000   0.0000000   0.0000000   0.0000000   0.0000000   0.0000239   0.0000239   0.0000239
R 0 1  39  0  2  8    0.0000000   0.0000000   0.0000000   0.0000000   0.0000000   0.0000000   0.0000000   0.0000000   0.0000000   0.0000114   0.0000000   0.0000000
R 0 1  39  0  2  9    0.0000000   0.0000000   0.0000000   0.0000000   0.0000000   0.0000000   0.0000000   0.0000000   0.0000000   0.0000214   0.0000000   0.0000000
R 0 1  39  0  2 10    0.0000000   0.0000000   0.0000000   0.0000000   0.0000000   0.0000000   0.0000454   0.0000703   0.0000000   0.0000000   0.0000000   0.0000000
R 0 1  39  0  3  0    1.0634944   1.0634944   0.9254028   1.0368973   0.9938021   0.9839212   0.9807386   0.9829162   0.9829162   0.9829162   0.9829162   0.9829162
R 0 1  39  0  3  1    1.0209495   1.0209495   1.0209495   1.0209495   0.9991220   0.9823140   0.9778922   0.9788420   0.9788420   0.9788420   0.9788420   0.9788420
R 0 1  39  0  3  2    1.0102769   1.0102769   1.0102769   1.0102769   0.9971641   0.9826912   0.9792779   0.9809699   0.9809699   0.9809699   0.9809699   0.9809699
R 0 1  39  0  3  3    1.0050981   1.0050981   1.0050981   1.0050981   1.0088549   0.9760927   0.9827857   0.9802702   0.9802702   0.9802702   0.9802702   0.9802702
R 0 1  39  0  3  4    1.0311393   1.0311393   1.0311393   0.9833562   0.9796735   0.9736639   0.9800722   0.9875434   0.9875434   0.9875434   0.9875434   0.9875434
R 0 1  39  0  3  5    1.0449760   1.0449760   0.9963360   0.9813102   0.9738735   0.9729617   0.9726629   0.9726629   0.9726629   0.9726629   0.9726629   0.9726629
R 0 1  39  0  3  6    1.0281930   1.0281930   1.0281930   1.0154197   0.9881778   0.9863068   0.9830732   0.9846750   0.9846750   0.9846750   0.9846750   0.9846750
R 0 1  39  0  3  7    1.0125115   1.0125115   1.0125115   1.0125115   1.0314129   0.9980017   0.9876361   0.9884157   0.9869264   0.9934469   0.9934469   0.9934469
R 0 1  39  0  3  8    1.0182543   1.0182543   1.0182543   1.0182543   1.0182543   1.0182543   1.0182543   0.9952677   0.9830405   0.9832741   0.9838380   1.0249637
R 0 1  39  0  3  9    1.0187784   1.0187784   1.0187784   1.0187784   1.0187784   1.0187784   0.9998676   0.9752959   0.9754736   0.9811509   0.9940831   0.9940831
R 0 1  39  0  3 10    1.0724669   1.0403757   1.0108697   0.9827272   0.9742535   0.9692196   0.9657826   0.9670561   1.0097559   1.0216316   1.0216316   1.0216316
R 0 1  39  0  4  0    1.3526114   1.3526114   1.1369470   2.1722188   2.2475013   2.2641264   2.2264487   2.2603900   2.2603900   2.2603900   2.2603900   2.2603900
R 0 1  39  0  4  1    2.0682587   2.0682587   2.0682587   2.0682587   2.1049717   2.2085998   2.1806149   2.1995697   2.1995697   2.1995697   2.1995697   2.1995697
R 0 1  39  0  4  2    1.8926838   1.8926838   1.8926838   1.8926838   2.1880545   2.1912066   2.2205522   2.2217373   2.2217373   2.2217373   2.2217373   2.2217373
R 0 1  39  0  4  3    1.7017724   1.7017724   1.7017724   1.7017724   2.3444611   2.0900638   2.2398762   2.2131719   2.2131719   2.2131719   2.2131719   2.2131719
R 0 1  39  0  4  4    1.9522886   1.9522886   1.9522886   2.0039510   2.0907540   2.0698420   2.2455624   2.3375766   2.3375766   2.3375766   2.3375766   2.3375766
R 0 1  39  0  4  5    1.8326833   1.8326833   2.0705716   2.1340049   2.0762790   2.0763561   2.0222241   2.0222241   2.0222241   2.0222241   2.0222241   2.0222241
R 0 1  39  0  4  6    2.0173885   2.0173885   2.0173885   2.2454675   2.3157311   2.3782363   2.3389311   2.2407818   2.2407818   2.2407818   2.2407818   2.2407818
R 0 1  39  0  4  7    1.8409830   1.8409830   1.8409830   1.8409830   2.2777988   2.2993689   2.3268229   2.4085207   2.3893845   2.3867417   2.3867417   2.3867417
R 0 1  39  0  4  8    2.2498489   2.2498489   2.2498489   2.2498489   2.2498489   2.2498489   2.2498489   2.2977980   2.2126936   2.2379253   2.2320350   2.2359205
R 0 1  39  0  4  9    2.1166395   2.1166395   2.1166395   2.1166395   2.1166395   2.1166395   2.1331961   2.0858441   2.0769839   2.1476774   2.0417249   2.0417249
R 0 1  39  0  4 10    2.1113361   2.1836271   1.9802599   1.8202716   1.9699729   1.9512997   1.9408298   1.8701554   2.1589761   2.1391465   2.1391465   2.1391465
R 0 1  39  0  5  0   14.4734641  14.4734641  10.0179415   3.3464535   3.6808163   3.8315296   4.3358542   4.0056870   4.0056870   4.0056870   4.0056870   4.0056870
R 0 1  39  0  5  1    3.2983299   3.2983299   3.2983299   3.2983299   4.3349970   4.0716711   4.5452130   4.3803741   4.3803741   4.3803741   4.3803741   4.3803741
R 0 1  39  0  5  2    3.9670223   3.9670223   3.9670223   3.9670223   4.3818423   4.5654205   4.1464503   4.4033890   4.4033890   4.4033890   4.4033890   4.4033890
R 0 1  39  0  5  3    5.7487951   5.7487951   5.7487951   5.7487951   3.5350543   5.6035168   4.3432416   4.4162251   4.4162251   4.4162251   4.4162251   4.4162251
R 0 1  39  0  5  4    4.6563487   4.6563487   4.6563487   4.7728389   5.1875384   5.1745974   3.6399304   3.1842062   3.1842062   3.1842062   3.1842062   3.1842062
R 0 1  39  0  5  5    4.1477952   4.1477952   4.7980335   4.7884288   5.5346974   4.8143903   4.0426877   4.0426877   4.0426877   4.0426877   4.0426877   4.0426877
R 0 1  39  0  5  6    3.0548599   3.0548599   3.0548599   3.9544024   3.5064337   2.9298608   2.4035480   2.0714374   2.0714374   2.0714374   2.0714374   2.0714374
R 0 1  39  0  5  7    4.0573203   4.0573203   4.0573203   4.0573203   3.8007874   3.3016763   2.9903484   2.6142948   2.5223672   1.9811108   1.9811108   1.9811108
R 0 1  39  0  5  8    3.5852671   3.5852671   3.5852671   3.5852671   3.5852671   3.5852671   3.5852671   4.0866457   4.8000283   4.4640918   3.8493971   4.5448334
R 0 1  39  0  5  9    4.6699994   4.6699994   4.6699994   4.6699994   4.6699994   4.6699994   6.0238397   5.7523283   6.0243477   5.8003195   7.1247934   7.1247934
R 0 1  39  0  5 10    4.4306983   4.6350189   4.4310877   7.0237358   5.4433447   6.6986140   8.4473661  11.0630860   5.2750587   6.4501644   6.4501644   6.4501644
F  0  1  39  0  0  0    0.9756878   1.0087450   0.9933132   1.0080671   0.9629564   1.0127624   0.9902873   0.9895801   0.9999329   0.9847096   0.9839574
F  0  1  39  1  0  0    1.0690370   1.0861904   1.0647192   1.0527314   1.0366273   1.0903303   1.0619686   1.0599844   1.0436919   1.0685200   1.0799543
C  0  1  39  0  0  0  -0.1920781 -0.0976398 -0.0764920 -0.3514170 -0.1137084 -0.2399588 -0.2308193 -0.1926356 -0.1929717 -0.1919924 -0.4855911 -0.1793515 -0.2206112 -0.3539498 -0.3998862 -0.0439678
C  0  1  39  0  0  1  -0.1040593 -0.2500309 -0.2415996 -0.1153569 -0.0892511 -0.1344180 -0.1815139 -0.2155994 -0.0811422 -0.1544208  0.0187023 -0.1224565 -0.1441493 -0.0998080 -0.2565419 -0.0675263
C  0  1  39  0  0  2  -0.0470388 -0.1637337 -0.0930505 -0.1181001 -0.0328580 -0.1100840 -0.0865731 -0.1118216 -0.0036851 -0.1520513 -0.1352156 -0.0547687 -0.1335008 -0.0802773 -0.0560528 -0.0631507
C  0  1  39  0  0  3  -0.0994736 -0.0495024 -0.1015691  0.0669886  0.0793065 -0.0948912 -0.0855740 -0.0647031 -0.0293899 -0.0535847 -0.0955988 -0.0775349 -0.1951058 -0.0385459 -0.1923762  0.0393188
C  0  1  39  0  0  4  -0.0520270 -0.1008266  0.0391402 -0.0832179 -0.1037013 -0.1253257 -0.1231799 -0.0800977 -0.0520243 -0.0626776 -0.0620832  0.0126013 -0.1586609 -0.0946590 -0.1736620 -0.1333358
C  0  1  39  0  0  5   0.0010396 -0.0300760 -0.0433979  0.0628930  0.0026642  0.0087671  0.0873396 -0.1018759  0.0362634  0.0109406  0.0290242  0.0496750 -0.1220139  0.0273227  0.0407147 -0.0349654
C  0  1  39  0  0  6   0.0402335  0.1525481  0.0542115 -0.0083179  0.0547068 -0.0123244 -0.0255083 -0.0844185 -0.0617047 -0.0747312 -0.0066590  0.0227499 -0.0611658 -0.0108805 -0.0231002  0.1384306
C  0  1  39  0  0  7  -0.0817679 -0.0442462  0.0517604 -0.0158756  0.0016250 -0.0094228  0.0589199 -0.0444279 -0.0662875  0.0316136  0.0235155 -0.0693639 -0.0332735 -0.0352701 -0.0525475  0.0012757
C  0  1  39  0  0  8   0.0408037  0.0329924  0.0625403  0.0700200 -0.0497220  0.0026670 -0.0094901 -0.0287193  0.0747400 -0.0225529 -0.0391971  0.0139117  0.0364221  0.0426446 -0.0541783  0.0141035
C  0  1  39  0  0  9  -0.0535212  0.0085109 -0.0335724  0.0242934  0.0576271  0.0283924  0.0412242  0.0181180 -0.1252484  0.0379022  0.0699710 -0.0442444 -0.0706159  0.0451809 -0.0754202  0.0682665
C  0  1  39  0  0 10  -0.0105868  0.0145451  0.0316185  0.0637988 -0.0507201  0.0576315  0.0421279 -0.0599924 -0.0192626 -0.0494743  0.0113698  0.0240493 -0.0164082  0.0711624  0.0418948  0.0079665
C  0  1  39  0  0 11  -0.0531414 -0.0160183 -0.0074448 -0.0007681 -0.0013652  0.0041306  0.0813000  0.1149726 -0.0069344  0.0438337 -0.0314367  0.0031636  0.0421058  0.0857325  0.0543012 -0.0162566
C  0  1  39  0  0 12   0.1086915 -0.0250280  0.0664458 -0.0036081  0.0573729 -0.0116368 -0.0482965 -0.0083393  0.0026548  0.0467647 -0.0102597 -0.0620631 -0.0495735 -0.0612628 -0.0132014 -0.0020060
C  0  1  39  0  0 13  -0.0306173  0.0016303  0.0000042 -0.0535987  0.0277607  0.0547097 -0.0100772  0.0251489 -0.0085838  0.0145547 -0.0659570 -0.0710061  0.0321016  0.0588849 -0.0640856  0.0104342
C  0  1  39  0  0 14  -0.0252368 -0.0081413 -0.0534370 -0.0106145  0.0664633  0.0272803 -0.0275424  0.0094775  0.0046731 -0.1059133  0.0794481 -0.0851256 -0.0547221 -0.0073040  0.0098016 -0.0639799
C  0  1  39  0  0 15  -0.1677943 -0.0172499 -0.0294139  0.0600441  0.0387419 -0.0386810 -0.0461661  0.0324475 -0.0088010 -0.0341141 -0.0305295 -0.1402930  0.0236024  0.0764672 -0.1461079  0.0287394
C  0  1  39  0  0 16   0.0890324  0.0219619 -0.0406992 -0.0556158  0.0616187 -0.0845684 -0.0864970  0.0197078 -0.0445626  0.1408803  0.0572004 -0.0429630 -0.0753036 -0.0403424 -0.0879785 -0.0000817
C  0  1  39  0  0 17  -0.1346099 -0.0864976 -0.0858108 -0.1330635 -0.1848923 -0.0584373 -0.0954085 -0.0035528 -0.0755947 -0.0504706  0.0315792  0.0832502 -0.0340696 -0.1733297 -0.1450580 -0.1192148
C  0  1  39  0  0 18  -0.1614095 -0.0265719 -0.0543839 -0.0745848 -0.1214648 -0.1023992 -0.0317397 -0.0252104 -0.1088738 -0.0473115 -0.0487149 -0.0760569 -0.0352596 -0.0495020 -0.1313710 -0.0654554
C  0  1  39  0  0 19   0.0668673 -0.0500087 -0.2292887 -0.0510515 -0.0112374 -0.0590144 -0.0878040 -0.0189708 -0.0891988 -0.0426545 -0.1108183 -0.1110032 -0.0921560 -0.0500840 -0.0844097 -0.0678117
C  0  1  39  0  0 20  -0.1278680 -0.0722703 -0.1802415 -0.0010613 -0.1603177 -0.1631466 -0.2058293 -0.1001510 -0.1438500 -0.1710691 -0.1384536 -0.0100760 -0.0791687 -0.1338518 -0.0953609 -0.0937935
C  0  1  39  0  0 21   0.0135785 -0.1263440 -0.4017573 -0.2521198 -0.1631473 -0.2309638 -0.2126615 -0.1710585 -0.2174838 -0.1330089 -0.0304621 -0.2987646 -0.4212523 -0.4875028 -0.1290648 -0.3578341
C  0  1  39  0  1  0   0.0007667  0.0005290 -0.0018485 -0.0000711 -0.0024020  0.0029856 -0.0016364  0.0012365 -0.0048498 -0.0005680 -0.0063061  0.0047317  0.0054927  0.0036261  0.0009582  0.0056034
C  0  1  39  0  1  1   0.0012316  0.0023506 -0.0003257 -0.0040813 -0.0016393 -0.0037421  0.0036697  0.0003224  0.0016960  0.0013300 -0.0031277 -0.0022399  0.0026066  0.0049822  0.0004062  0.0013038
C  0  1  39  0  1  2   0.0009876 -0.0014743 -0.0021363  0.0011960 -0.0020068  0.0012909  0.0007667  0.0000466 -0.0007647  0.0015945 -0.0033568 -0.0004593  0.0005807 -0.0025250 -0.0014803 -0.0009428
C  0  1  39  0  1  3   0.0024006 -0.0005013 -0.0006593 -0.0018178 -0.0017502  0.0006695  0.0012092 -0.0021157 -0.0013564 -0.0028483 -0.0023315  0.0000837 -0.0004780 -0.0014764  0.0004433  0.0022118
C  0  1  39  0  1  4   0.0022809  0.0008477  0.0003996 -0.0001131  0.0001369  0.0011004  0.0014236 -0.0002362 -0.0002097  0.0021803 -0.0030255 -0.0033039  0.0026674  0.0004406  0.0009989 -0.0029387
C  0  1  39  0  1  5   0.0024846 -0.0006369  0.0004319  0.0016126  0.0012319 -0.0007737 -0.0005415  0.0012454 -0.0000494  0.0017436  0.0020935  0.0001523  0.0000622 -0.0002455 -0.0007481 -0.0022177
C  0  1  39  0  1  6   0.0006332 -0.0001824  0.0001197 -0.0007367  0.0000270 -0.0007609 -0.0021406 -0.0005218 -0.0011499 -0.0002092 -0.0013284  0.0005303 -0.0006111 -0.0019457  0.0023559 -0.0016231
C  0  1  39  0  1  7   0.0029020 -0.0018657  0.0015319 -0.0001585  0.0029487  0.0021463 -0.0011427  0.0005927 -0.0003476 -0.0009688  0.0018329 -0.0019829 -0.0006305  0.0000754 -0.0002098 -0.0002233
C  0  1  39  0  1  8   0.0019081  0.0008295  0.0000821 -0.0002154  0.0010165 -0.0016203  0.0011830 -0.0017447  0.0019310 -0.0001347 -0.0004929 -0.0013871 -0.0016414  0.0015502 -0.0002280  0.0012875
C  0  1  39  0  1  9  -0.0017909  0.0003175  0.0029446  0.0002268 -0.0006199  0.0008981  0.0009288  0.0026178 -0.0016154 -0.0011740 -0.0021984 -0.0000347 -0.0024709  0.0018812 -0.0019093 -0.0001915
C  0  1  39  0  1 10   0.0009738  0.0007312  0.0030388  0.0013548  0.0021258 -0.0001297 -0.0003083  0.0005526 -0.0015467 -0.0011302 -0.0005681 -0.0014871 -0.0013452 -0.0014021 -0.0011400  0.0014458
C  0  1  39  0  1 11  -0.0010967  0.0015997  0.0000271  0.0002832 -0.0000500  0.0003942 -0.0014522 -0.0016889 -0.0024762  0.0001967 -0.0008073 -0.0002196  0.0005715 -0.0005507 -0.0014006 -0.0007164
C  0  1  39  0  1 12  -0.0003588 -0.0004251  0.0003493 -0.0006108  0.0008381 -0.0001215  0.0006445 -0.0016813 -0.0002443  0.0001953  0.0009213  0.0022665  0.0001745 -0.0012685 -0.0004860  0.0009230
C  0  1  39  0  1 13   0.0028749 -0.0012296  0.0015014  0.0025813  0.0019108  0.0015163 -0.0006572 -0.0015636  0.0002367 -0.0003563 -0.0025740 -0.0030573 -0.0008484  0.0006518  0.0005210  0.0009789
C  0  1  39  0  1 14   0.0019234  0.0008977  0.0024922  0.0030930  0.0025964  0.0005670 -0.0017417  0.0006732 -0.0007950 -0.0000777 -0.0008494  0.0015452  0.0007105  0.0003699 -0.0011072  0.0013501
C  0  1  39  0  1 15   0.0015907  0.0013115 -0.0005490  0.0019270 -0.0000709  0.0025139 -0.0006697 -0.0015786  0.0016875 -0.0022921 -0.0007865  0.0017062 -0.0003986  0.0011051  0.0017844  0.0005056
C  0  1  39  0  1 16   0.0021213  0.0047232  0.0010482 -0.0001775 -0.0012748  0.0013495  0.0002965  0.0015783  0.0008830 -0.0002852  0.0015868  0.0036042 -0.0003067  0.0009928  0.0030494  0.0015032
C  0  1  39  0  1 17   0.0005242 -0.0019174  0.0019244  0.0045945 -0.0000601  0.0032067  0.0035719  0.0020837  0.0016359  0.0033902  0.0017598  0.0005141  0.0012818 -0.0003768  0.0058245  0.0046618
C  0  1  39  0  1 18   0.0055495  0.0041753  0.0034829  0.0023725  0.0021212  0.0022818  0.0039560 -0.0000797 -0.0021602  0.0006599  0.0055918  0.0010092 -0.0015787  0.0008340  0.0061890  0.0057679
C  0  1  39  0  1 19   0.0032092  0.0033228 -0.0008960  0.0017365  0.0003917  0.0016234  0.0005017  0.0014016  0.0014743  0.0023208 -0.0000408  0.0031884  0.0008581 -0.0002139  0.0029899  0.0041243
C  0  1  39  0  1 20   0.0057153  0.0045142  0.0036043  0.0041333  0.0013845  0.0053496  0.0015639  0.0032147  0.0048632  0.0049788  0.0034888 -0.0002879  0.0022470  0.0041512  0.0060171  0.0047526
C  0  1  39  0  1 21   0.0099698  0.0125979  0.0062708 -0.0009562 -0.0040627 -0.0077494 -0.0065096  0.0020307 -0.0057692 -0.0005353 -0.0001949  0.0021913  0.0014674  0.0017381  0.0068063  0.0016558
C  0  1  39  1  0  0  -0.5155378 -0.2906177 -0.4100729 -0.4059247 -0.2795521 -0.3988867 -0.1905985 -0.2860000 -0.3744300 -0.2845905 -0.3715435 -0.5600255 -0.4148029 -0.5085015 -0.4395297 -0.4645813
C  0  1  39  1  0  1  -0.3089166 -0.2912645 -0.2999777 -0.2661898 -0.2710348 -0.2788361 -0.2685178 -0.2330604 -0.2747844 -0.2655550 -0.2641753 -0.3057514 -0.4015510 -0.4198414 -0.3551127 -0.3175754
C  0  1  39  1  0  2  -0.3133404 -0.2881641 -0.2904213 -0.2748680 -0.2867007 -0.2226116 -0.2451216 -0.2664906 -0.2751829 -0.2546067 -0.3084920 -0.2826462 -0.3156460 -0.3483552 -0.3058861 -0.3346485
C  0  1  39  1  0  3  -0.3081217 -0.3122056 -0.3010009 -0.2850657 -0.3002177 -0.2187281 -0.2297025 -0.1343205 -0.1941087 -0.2319816 -0.1680763 -0.2857719 -0.2897904 -0.2979510 -0.3383523 -0.2626962
C  0  1  39  1  0  4  -0.2592158 -0.2744345 -0.2905456 -0.2329200 -0.2237476 -0.2084463 -0.2186074 -0.2152390 -0.2560976 -0.2286249 -0.2413387 -0.3112786 -0.2996055 -0.2923972 -0.3105984 -0.2700812
C  0  1  39  1  0  5  -0.2687037 -0.2156633 -0.1559122 -0.1604483 -0.1432446 -0.1821827 -0.1804817 -0.1477697 -0.1861496 -0.1676740 -0.1724962 -0.1917651 -0.2875051 -0.1666780 -0.1853886 -0.2282829
C  0  1  39  1  0  6  -0.1228017 -0.1563679 -0.1917169 -0.1528530 -0.0979866 -0.0705979 -0.1349926 -0.1089130 -0.1254567 -0.1315560 -0.0970172 -0.1012953 -0.1164845 -0.1439320 -0.1676924 -0.2033485
C  0  1  39  1  0  7  -0.1825842 -0.1288605 -0.1554942 -0.1437833 -0.1958014 -0.1724700 -0.1645365 -0.1359563 -0.1772695 -0.1237275 -0.1291316 -0.1452710 -0.1752411 -0.1637037 -0.1834202 -0.1570042
C  0  1  39  1  0  8  -0.1932479 -0.0859992 -0.1545509 -0.1556039 -0.1731939 -0.1550111 -0.1339818 -0.1476376 -0.1398055 -0.1009940 -0.1190370 -0.1847473 -0.1318223 -0.1789062 -0.1698148 -0.1081968
C  0  1  39  1  0  9  -0.1237410 -0.1516637 -0.0939188 -0.1364714 -0.0926179 -0.1573565 -0.0936293 -0.1844448 -0.1256888 -0.1482852 -0.1292177 -0.1525915 -0.1531922 -0.0800773 -0.1379329 -0.1495602
C  0  1  39  1  0 10  -0.1385372 -0.1132294 -0.1502198 -0.1350761 -0.1475722 -0.1415021 -0.1379877 -0.1258346 -0.1163945 -0.1147188 -0.1430269 -0.1125872 -0.1170983 -0.1438851 -0.1599543 -0.1416153
C  0  1  39  1  0 11  -0.1428189 -0.1146286 -0.1233906 -0.1053987 -0.0793482 -0.0923415 -0.1473681 -0.1027794 -0.1949826 -0.1129892 -0.1196894 -0.1453542 -0.1115140 -0.1501455 -0.0977760 -0.1153145
C  0  1  39  1  0 12  -0.0861466 -0.1406152 -0.1408265 -0.1071333 -0.1242406 -0.1140822 -0.1432116 -0.1798993 -0.1128869 -0.1117342 -0.1318659 -0.1260147 -0.0915680 -0.1286110 -0.0979952 -0.1183022
C  0  1  39  1  0 13  -0.1576511 -0.1716216 -0.1530001 -0.1078246 -0.1294607 -0.1566062 -0.1406200 -0.1489243 -0.0633978 -0.1349601 -0.1763449 -0.1367816 -0.1307335 -0.1319559 -0.1640347 -0.1375058
C  0  1  39  1  0 14  -0.1400906 -0.1713395 -0.1769907 -0.1868414 -0.2190365 -0.1702944 -0.1712148 -0.2444632 -0.1974191 -0.1656245 -0.1843939 -0.1553762 -0.1707481 -0.0746889 -0.1631972 -0.2123095
C  0  1  39  1  0 15  -0.1325886 -0.1651729 -0.1380024 -0.1236986 -0.1199761 -0.1500308 -0.1179573 -0.1237465 -0.1476986 -0.1281861 -0.0835378 -0.1631028 -0.1467073 -0.0927966 -0.1023630 -0.1588655
C  0  1  39  1  0 16  -0.1602252 -0.1756504 -0.1492970 -0.1606208 -0.1542250 -0.1932454 -0.2104766 -0.1776158 -0.1692517 -0.1677010 -0.1404788 -0.1797491 -0.1373323 -0.1688430 -0.1202149 -0.0964355
C  0  1  39  1  0 17  -0.1973157 -0.2741867 -0.1799501 -0.2938212 -0.2054507 -0.2364974 -0.2369334 -0.2426065 -0.2090700 -0.2603154 -0.2467935 -0.2004143 -0.1983880 -0.2596575 -0.2568785 -0.2704215
C  0  1  39  1  0 18  -0.2738159 -0.3098634 -0.2789278 -0.2734490 -0.2860350 -0.2139191 -0.2614899 -0.2761865 -0.2160028 -0.2452504 -0.2667183 -0.3269489 -0.2417915 -0.1559813 -0.1932265 -0.2389238
C  0  1  39  1  0 19  -0.2272614 -0.2208916 -0.2974191 -0.3043052 -0.2641178 -0.2678625 -0.2093477 -0.1969984 -0.2562411 -0.2488104 -0.2127134 -0.2599319 -0.2599149 -0.1945224 -0.2545439 -0.3105537
C  0  1  39  1  0 20  -0.2313910 -0.3182469 -0.3159424 -0.3334148 -0.3346967 -0.2437934 -0.2791651 -0.2774617 -0.3522386 -0.3120388 -0.3366001 -0.2719104 -0.3480304 -0.3455640 -0.3079284 -0.3434625
C  0  1  39  1  0 21  -0.4178097 -0.4140183 -0.3698924 -0.3837580 -0.2932206 -0.3042437 -0.3012381 -0.4522784 -0.4383669 -0.4410387 -0.3052006 -0.4665781 -0.3413438 -0.3400534 -0.3805883 -0.3963199
C  0  1  39  1  1  0   0.0465903  0.0514217  0.0384683  0.0267174  0.0014711 -0.0187959 -0.0336743 -0.0424545 -0.0498167 -0.0363293 -0.0334877 -0.0175386 -0.0001800  0.0077596  0.0248142  0.0366886
C  0  1  39  1  1  1   0.0255126  0.0219966  0.0185352  0.0106395  0.0027787 -0.0076269 -0.0155157 -0.0193842 -0.0180953 -0.0160180 -0.0168826 -0.0072211  0.0039145  0.0083687  0.0129991  0.0235864
C  0  1  39  1  1  2   0.0124554  0.0138648  0.0099468  0.0059185  0.0003545 -0.0031677 -0.0073758 -0.0076513 -0.0085472 -0.0057068 -0.0048519 -0.0035921  0.0009286  0.0043527  0.0041955  0.0107591
C  0  1  39  1  1  3   0.0067295  0.0075628  0.0022059  0.0039993  0.0007851  0.0013699 -0.0043758 -0.0017679 -0.0004828  0.0004193 -0.0029524 -0.0005342  0.0020714  0.0034169  0.0036647  0.0057743
C  0  1  39  1  1  4   0.0020479  0.0033002  0.0015290  0.0019342  0.0032635  0.0029175  0.0006734  0.0027673  0.0045675  0.0032973 -0.0006972  0.0009082  0.0032425  0.0021625  0.0027536  0.0027697
C  0  1  39  1  1  5   0.0019908  0.0017270  0.0003215  0.0038806  0.0035028  0.0050584  0.0031045  0.0045042  0.0047153  0.0028260  0.0005299 -0.0000949  0.0031869  0.0022631  0.0023103 -0.0004502
C  0  1  39  1  1  6   0.0009807  0.0014764  0.0019116  0.0049401  0.0042053  0.0042810  0.0051341  0.0060669  0.0049187  0.0017089  0.0017621  0.0014899  0.0015416  0.0010487  0.0013897  0.0004265
C  0  1  39  1  1  7   0.0000191  0.0018768  0.0023867  0.0050717  0.0044228  0.0051946  0.0064620  0.0034785  0.0034351  0.0011158  0.0001092  0.0005029  0.0018950  0.0013463  0.0014294 -0.0005513
C  0  1  39  1  1  8  -0.0009108  0.0009752  0.0029278  0.0031128  0.0053729  0.0051468  0.0055463  0.0051778  0.0058085  0.0023467  0.0009705 -0.0001171  0.0021609  0.0022954  0.0021228 -0.0006177
C  0  1  39  1  1  9   0.0009614  0.0023847  0.0025932  0.0039691  0.0038474  0.0036461  0.0043244  0.0039801  0.0025200  0.0007767  0.0022778  0.0012409  0.0014747  0.0006600  0.0006984 -0.0019893
C  0  1  39  1  1 10   0.0003373  0.0028081  0.0028002  0.0019885  0.0026547  0.0025482  0.0033061  0.0027994  0.0036215  0.0001994 -0.0006113  0.0004011  0.0000944  0.0016591  0.0016484 -0.0010454
C  0  1  39  1  1 11   0.0007999  0.0017883  0.0024462  0.0016373  0.0031006  0.0001101  0.0020763  0.0020783  0.0028310  0.0013076 -0.0011159  0.0001076 -0.0000827 -0.0008534  0.0000848 -0.0020997
C  0  1  39  1  1 12  -0.0000438  0.0021075  0.0026191  0.0044323  0.0023201  0.0014749  0.0017698  0.0033245  0.0049701  0.0014304  0.0020101  0.0012297  0.0015421  0.0000252  0.0013398 -0.0013632
C  0  1  39  1  1 13   0.0002977  0.0020511  0.0029232  0.0036742  0.0027618  0.0028563  0.0048349  0.0056665  0.0050405  0.0012555  0.0018881  0.0014209 -0.0000010 -0.0019612 -0.0002522 -0.0012372
C  0  1  39  1  1 14  -0.0007109  0.0015959  0.0037639  0.0039388  0.0037722  0.0028292  0.0038450  0.0061610  0.0054948  0.0024587  0.0022242 -0.0009424 -0.0011785 -0.0005273 -0.0012670 -0.0015470
C  0  1  39  1  1 15  -0.0016825  0.0009066  0.0032539  0.0033490  0.0024462  0.0002141  0.0031475  0.0031436  0.0063870  0.0038298  0.0030190  0.0001789 -0.0023601 -0.0046707 -0.0052473 -0.0047990
C  0  1  39  1  1 16  -0.0012425  0.0019927  0.0037952  0.0042418  0.0031376  0.0008513  0.0036134  0.0040057  0.0039491  0.0069272  0.0028199  0.0027419 -0.0009619 -0.0004473 -0.0040789 -0.0048963
C  0  1  39  1  1 17  -0.0033298  0.0027878  0.0015355  0.0068720  0.0013498 -0.0019174  0.0014094  0.0035747  0.0041778  0.0044429  0.0046004  0.0030946 -0.0009634 -0.0049490 -0.0050310 -0.0043682
C  0  1  39  1  1 18   0.0002252  0.0086453  0.0063197  0.0068174  0.0037196  0.0002004 -0.0024780 -0.0003159  0.0032028  0.0034790  0.0018266  0.0014836 -0.0012677 -0.0046742 -0.0050945 -0.0028231
C  0  1  39  1  1 19   0.0027220  0.0089573  0.0124577  0.0104360  0.0066418  0.0014716 -0.0019708 -0.0007702  0.0025778  0.0046357  0.0027970  0.0001413 -0.0032191 -0.0053556 -0.0060838 -0.0016129
C  0  1  39  1  1 20   0.0021409  0.0134831  0.0175447  0.0136279  0.0066400  0.0040379 -0.0015532 -0.0008918  0.0013299  0.0057970  0.0008604 -0.0035368 -0.0076803 -0.0095567 -0.0063680 -0.0040852
C  0  1  39  1  1 21   0.0074964  0.0202241  0.0315150  0.0225172  0.0146397  0.0145448  0.0110912  0.0115202  0.0118161  0.0121409  0.0004106 -0.0051115 -0.0105128 -0.0188856 -0.0086690 -0.0007504
