CPHI 16 
CETA 22 -2.40 -2.10 -1.85 -1.60 -1.40 -1.20 -1.00 -0.80 -0.60 -0.40 -0.20  0.00  0.20  0.40  0.60  0.80  1.00  1.20  1.40  1.60  1.85  2.10  2.40 
RMIN  6 
RTRK 12 
RETA 11  0.00  0.20  0.40  0.60  0.80  1.00  1.20  1.40  1.60  1.85  2.10  2.40 
T 0 1   4  0  0  0    0.0000000   0.0007064   0.0017332   0.0031723   0.0123834   0.0693275   0.2778615   0.6529734   1.0000000   1.0000000   1.0000000   1.0000000   1.0000000
T 0 1   4  0  0  1    0.0000000   0.0001397   0.0005320   0.0024028   0.0124611   0.0590885   0.2266644   0.5896848   1.0000000   1.0000000   1.0000000   1.0000000   1.0000000
T 0 1   4  0  0  2    0.0000000   0.0001262   0.0004941   0.0017530   0.0107381   0.0557280   0.2100277   0.5745527   1.0000000   1.0000000   1.0000000   1.0000000   1.0000000
T 0 1   4  0  0  3    0.0000000   0.0001769   0.0005546   0.0016537   0.0111917   0.0620719   0.2248481   0.5863191   1.0000000   1.0000000   1.0000000   1.0000000   1.0000000
T 0 1   4  0  0  4    0.0000000   0.0003678   0.0024872   0.0140584   0.0627026   0.2042721   0.4888918   0.8221171   1.0000000   1.0000000   1.0000000   1.0000000   1.0000000
T 0 1   4  0  0  5    0.0000000   0.0010148   0.0074408   0.0509881   0.2053693   0.5330487   0.8763063   0.9993318   1.0000000   1.0000000   1.0000000   1.0000000   1.0000000
T 0 1   4  0  0  6    0.0000000   0.0003026   0.0012754   0.0103307   0.0673705   0.2763344   0.6628517   0.9310988   0.9981949   1.0000000   1.0000000   1.0000000   1.0000000
T 0 1   4  0  0  7    0.0000000   0.0000783   0.0004237   0.0009381   0.0048677   0.0309860   0.1194109   0.2975398   0.5812622   0.8695962   0.9843045   0.9998670   1.0000000
T 0 1   4  0  0  8    0.0000000   0.0000012   0.0000335   0.0001392   0.0004270   0.0010309   0.0042633   0.0251742   0.1194846   0.3938892   0.7895688   0.9695505   1.0000000
T 0 1   4  0  0  9    0.0000000   0.0000089   0.0000103   0.0000295   0.0005316   0.0034727   0.0186074   0.0856006   0.3024557   0.6581213   0.9382382   0.9999333   1.0000000
T 0 1   4  0  0 10    0.0000000   0.0066568   0.0290813   0.0464403   0.0796770   0.1687169   0.3367948   0.6898458   0.9105450   0.9704628   0.9998442   1.0000000   1.0000000
T 0 1   4  1  0  0    0.0000000   0.0005148   0.0016399   0.0047460   0.0213440   0.1017716   0.3374237   0.6994022   1.0000000   1.0000000   1.0000000   1.0000000   1.0000000
T 0 1   4  1  0  1    0.0000000   0.0002633   0.0010891   0.0042307   0.0181163   0.0752157   0.2537985   0.6193956   1.0000000   1.0000000   1.0000000   1.0000000   1.0000000
T 0 1   4  1  0  2    0.0000000   0.0002194   0.0008486   0.0027728   0.0124455   0.0616642   0.2339277   0.6064318   1.0000000   1.0000000   1.0000000   1.0000000   1.0000000
T 0 1   4  1  0  3    0.0000000   0.0002283   0.0008669   0.0027852   0.0140251   0.0700545   0.2491207   0.6198491   1.0000000   1.0000000   1.0000000   1.0000000   1.0000000
T 0 1   4  1  0  4    0.0000000   0.0004356   0.0027620   0.0153929   0.0663357   0.2155446   0.5058694   0.8320271   1.0000000   1.0000000   1.0000000   1.0000000   1.0000000
T 0 1   4  1  0  5    0.0000000   0.0011873   0.0094478   0.0577925   0.2246261   0.5586818   0.8900123   0.9996500   1.0000000   1.0000000   1.0000000   1.0000000   1.0000000
T 0 1   4  1  0  6    0.0000000   0.0004626   0.0026649   0.0180020   0.0942133   0.3329130   0.7236541   0.9536823   0.9988141   0.9999984   1.0000000   1.0000000   1.0000000
T 0 1   4  1  0  7    0.0000000   0.0002246   0.0006446   0.0024765   0.0123245   0.0526267   0.1570011   0.3413836   0.6074237   0.8728054   0.9849908   0.9998878   1.0000000
T 0 1   4  1  0  8    0.0000000   0.0009562   0.0014955   0.0017998   0.0022382   0.0036136   0.0107994   0.0452511   0.1686405   0.4573475   0.8251665   0.9710661   1.0000000
T 0 1   4  1  0  9    0.0000000   0.0021003   0.0074838   0.0131257   0.0159362   0.0198461   0.0401951   0.1288935   0.3661962   0.7154288   0.9583841   0.9999941   1.0000000
T 0 1   4  1  0 10    0.0000000   0.0032254   0.0170235   0.0428863   0.0843736   0.1746921   0.3942474   0.7474223   0.9511020   0.9856143   0.9999985   1.0000000   1.0000000
R 0 1   4  0  0  0    0.0229841   0.0229841   0.0123062   0.0104030   0.0104226   0.0101851   0.0100161   0.0098155   0.0098155   0.0098155   0.0098155   0.0098155
R 0 1   4  0  0  1    0.0119154   0.0119154   0.0119154   0.0119154   0.0110387   0.0109637   0.0109193   0.0108812   0.0108812   0.0108812   0.0108812   0.0108812
R 0 1   4  0  0  2    0.0123492   0.0123492   0.0123492   0.0123492   0.0120852   0.0119792   0.0118407   0.0116953   0.0116953   0.0116953   0.0116953   0.0116953
R 0 1   4  0  0  3    0.0135963   0.0135963   0.0135963   0.0135963   0.0126388   0.0125490   0.0123751   0.0122835   0.0122835   0.0122835   0.0122835   0.0122835
R 0 1   4  0  0  4    0.0185369   0.0185369   0.0185369   0.0175785   0.0169412   0.0159070   0.0144956   0.0130927   0.0130927   0.0130927   0.0130927   0.0130927
R 0 1   4  0  0  5    0.0211840   0.0211840   0.0195155   0.0191213   0.0187750   0.0180320   0.0168610   0.0168610   0.0168610   0.0168610   0.0168610   0.0168610
R 0 1   4  0  0  6    0.0202509   0.0202509   0.0202509   0.0203684   0.0207874   0.0207247   0.0207743   0.0207161   0.0207161   0.0207161   0.0207161   0.0207161
R 0 1   4  0  0  7    0.0222907   0.0222907   0.0222907   0.0222907   0.0204304   0.0211746   0.0212001   0.0209880   0.0205097   0.0197832   0.0197832   0.0197832
R 0 1   4  0  0  8    0.0215582   0.0215582   0.0215582   0.0215582   0.0215582   0.0215582   0.0215582   0.0212027   0.0209186   0.0209571   0.0202602   0.0189702
R 0 1   4  0  0  9    0.0314482   0.0314482   0.0314482   0.0314482   0.0314482   0.0314482   0.0297174   0.0286655   0.0274975   0.0263554   0.0249812   0.0249812
R 0 1   4  0  0 10    0.0775054   0.0711117   0.0622667   0.0541986   0.0471246   0.0439312   0.0408645   0.0354245   0.0335934   0.0303837   0.0303837   0.0303837
R 0 1   4  0  1  0    0.0000000   0.0000000   0.0000000   0.0000799   0.0000912   0.0000794   0.0000726   0.0000631   0.0000631   0.0000631   0.0000631   0.0000631
R 0 1   4  0  1  1    0.0000710   0.0000710   0.0000710   0.0000710   0.0000742   0.0000715   0.0000612   0.0000594   0.0000594   0.0000594   0.0000594   0.0000594
R 0 1   4  0  1  2    0.0000250   0.0000250   0.0000250   0.0000250   0.0000616   0.0000631   0.0000592   0.0000545   0.0000545   0.0000545   0.0000545   0.0000545
R 0 1   4  0  1  3    0.0000813   0.0000813   0.0000813   0.0000813   0.0000656   0.0000587   0.0000561   0.0000523   0.0000523   0.0000523   0.0000523   0.0000523
R 0 1   4  0  1  4    0.0001133   0.0001133   0.0001133   0.0000929   0.0000904   0.0000746   0.0000561   0.0000433   0.0000433   0.0000433   0.0000433   0.0000433
R 0 1   4  0  1  5    0.0001553   0.0001553   0.0000818   0.0000771   0.0000654   0.0000557   0.0000422   0.0000422   0.0000422   0.0000422   0.0000422   0.0000422
R 0 1   4  0  1  6    0.0000740   0.0000740   0.0000740   0.0000572   0.0000606   0.0000588   0.0000506   0.0000495   0.0000495   0.0000495   0.0000495   0.0000495
R 0 1   4  0  1  7    0.0001653   0.0001653   0.0001653   0.0001653   0.0000597   0.0000706   0.0000711   0.0000758   0.0000747   0.0000661   0.0000661   0.0000661
R 0 1   4  0  1  8    0.0001320   0.0001320   0.0001320   0.0001320   0.0001320   0.0001320   0.0001320   0.0001098   0.0001006   0.0000943   0.0000815   0.0000788
R 0 1   4  0  1  9    0.0002833   0.0002833   0.0002833   0.0002833   0.0002833   0.0002833   0.0001939   0.0001945   0.0001845   0.0001485   0.0001220   0.0001220
R 0 1   4  0  1 10    0.0013555   0.0011332   0.0008964   0.0008251   0.0005509   0.0004809   0.0003944   0.0002546   0.0001966   0.0000801   0.0000801   0.0000801
R 0 1   4  0  2  0    0.0000000   0.0000000   0.0000000   0.0000000   0.0000000   0.0000204   0.0000184   0.0000079   0.0000079   0.0000079   0.0000079   0.0000079
R 0 1   4  0  2  1    0.0000000   0.0000000   0.0000000   0.0000000   0.0000000   0.0000000   0.0000083   0.0000173   0.0000173   0.0000173   0.0000173   0.0000173
R 0 1   4  0  2  2    0.0000000   0.0000000   0.0000000   0.0000000   0.0000468   0.0000150   0.0000095   0.0000102   0.0000102   0.0000102   0.0000102   0.0000102
R 0 1   4  0  2  3    0.0000000   0.0000000   0.0000000   0.0000000   0.0000199   0.0000000   0.0000000   0.0000000   0.0000000   0.0000000   0.0000000   0.0000000
R 0 1   4  0  2  4    0.0000000   0.0000000   0.0000000   0.0000000   0.0000000   0.0000072   0.0000000   0.0000113   0.0000113   0.0000113   0.0000113   0.0000113
R 0 1   4  0  2  5    0.0000000   0.0000000   0.0000000   0.0000000   0.0000108   0.0000220   0.0000000   0.0000000   0.0000000   0.0000000   0.0000000   0.0000000
R 0 1   4  0  2  6    0.0000000   0.0000000   0.0000000   0.0000000   0.0000142   0.0000071   0.0000000   0.0000000   0.0000000   0.0000000   0.0000000   0.0000000
R 0 1   4  0  2  7    0.0000000   0.0000000   0.0000000   0.0000000   0.0000807   0.0000000   0.0000000   0.0000000   0.0000000   0.0000000   0.0000000   0.0000000
R 0 1   4  0  2  8    0.0000000   0.0000000   0.0000000   0.0000000   0.0000000   0.0000000   0.0000000   0.0000000   0.0000097   0.0000000   0.0000000   0.0000000
R 0 1   4  0  2  9    0.0000000   0.0000000   0.0000000   0.0000000   0.0000000   0.0000000   0.0000000   0.0000599   0.0000000   0.0000264   0.0000000   0.0000000
R 0 1   4  0  2 10    0.0000000   0.0000000   0.0000000   0.0000000   0.0000000   0.0000384   0.0000904   0.0000599   0.0000000   0.0000000   0.0000000   0.0000000
R 0 1   4  0  3  0    0.9715665   0.9715665   1.0379967   1.0449320   0.9995213   0.9831297   0.9827589   0.9827185   0.9827185   0.9827185   0.9827185   0.9827185
R 0 1   4  0  3  1    1.0174423   1.0174423   1.0174423   1.0174423   1.0003157   0.9822228   0.9782892   0.9779004   0.9779004   0.9779004   0.9779004   0.9779004
R 0 1   4  0  3  2    1.0089790   1.0089790   1.0089790   1.0089790   0.9938835   0.9870971   0.9809766   0.9806074   0.9806074   0.9806074   0.9806074   0.9806074
R 0 1   4  0  3  3    1.0133292   1.0133292   1.0133292   1.0133292   1.0025620   0.9877910   0.9813475   0.9813645   0.9813645   0.9813645   0.9813645   0.9813645
R 0 1   4  0  3  4    1.0389359   1.0389359   1.0389359   0.9880479   0.9773231   0.9750830   0.9806976   0.9909585   0.9909585   0.9909585   0.9909585   0.9909585
R 0 1   4  0  3  5    1.0204376   1.0204376   0.9901427   0.9846037   0.9737545   0.9742141   0.9730523   0.9730523   0.9730523   0.9730523   0.9730523   0.9730523
R 0 1   4  0  3  6    1.0176607   1.0176607   1.0176607   1.0006587   0.9665696   0.9835190   0.9830716   0.9882764   0.9882764   0.9882764   0.9882764   0.9882764
R 0 1   4  0  3  7    1.0392367   1.0392367   1.0392367   1.0392367   1.0300809   0.9932062   0.9877710   0.9838328   0.9857518   0.9886765   0.9886765   0.9886765
R 0 1   4  0  3  8    1.0216974   1.0216974   1.0216974   1.0216974   1.0216974   1.0216974   1.0216974   0.9981282   0.9838058   0.9824174   0.9862613   1.0111550
R 0 1   4  0  3  9    1.0161239   1.0161239   1.0161239   1.0161239   1.0161239   1.0161239   0.9906346   0.9728071   0.9734922   0.9838092   0.9961981   0.9961981
R 0 1   4  0  3 10    1.0473797   1.0379260   1.0075171   0.9824203   0.9750296   0.9694995   0.9671454   0.9701863   0.9947685   1.0074798   1.0074798   1.0074798
R 0 1   4  0  4  0    1.0426802   1.0426802   1.3017761   2.2627153   2.2983811   2.2574570   2.2743329   2.2676935   2.2676935   2.2676935   2.2676935   2.2676935
R 0 1   4  0  4  1    2.0101574   2.0101574   2.0101574   2.0101574   2.1862229   2.2039535   2.1755269   2.1856382   2.1856382   2.1856382   2.1856382   2.1856382
R 0 1   4  0  4  2    1.8268935   1.8268935   1.8268935   1.8268935   2.1540305   2.2879562   2.2400361   2.2252361   2.2252361   2.2252361   2.2252361   2.2252361
R 0 1   4  0  4  3    1.8324951   1.8324951   1.8324951   1.8324951   2.2368687   2.2763162   2.2091426   2.2377607   2.2377607   2.2377607   2.2377607   2.2377607
R 0 1   4  0  4  4    1.9005848   1.9005848   1.9005848   2.0978434   2.0644931   2.1046222   2.2368378   2.3650441   2.3650441   2.3650441   2.3650441   2.3650441
R 0 1   4  0  4  5    1.8313474   1.8313474   2.0145098   2.1584151   2.0658772   2.0983117   1.9828462   1.9828462   1.9828462   1.9828462   1.9828462   1.9828462
R 0 1   4  0  4  6    1.9984051   1.9984051   1.9984051   2.2082521   2.2349844   2.3154179   2.3225646   2.3164254   2.3164254   2.3164254   2.3164254   2.3164254
R 0 1   4  0  4  7    1.8288767   1.8288767   1.8288767   1.8288767   2.2861261   2.3308295   2.3380244   2.3126395   2.3370709   2.3443024   2.3443024   2.3443024
R 0 1   4  0  4  8    2.3885802   2.3885802   2.3885802   2.3885802   2.3885802   2.3885802   2.3885802   2.3675782   2.2328219   2.2510780   2.2731638   2.2135280
R 0 1   4  0  4  9    2.1018506   2.1018506   2.1018506   2.1018506   2.1018506   2.1018506   1.9451464   2.0145083   2.0612686   2.1938483   2.1379260   2.1379260
R 0 1   4  0  4 10    2.0006788   2.2187133   1.9717897   1.8781326   1.9613602   1.9546491   1.9576388   1.9401120   1.9987562   2.0323993   2.0323993   2.0323993
R 0 1   4  0  5  0   29.6191899  29.6191899  13.9648494   2.8492418   3.5518664   4.1011715   4.0164825   3.9755466   3.9755466   3.9755466   3.9755466   3.9755466
R 0 1   4  0  5  1    3.9446603   3.9446603   3.9446603   3.9446603   3.8852304   4.1402057   4.5202666   4.4557043   4.4557043   4.4557043   4.4557043   4.4557043
R 0 1   4  0  5  2    4.3900845   4.3900845   4.3900845   4.3900845   4.4802654   3.9987030   4.0815994   4.4004152   4.4004152   4.4004152   4.4004152   4.4004152
R 0 1   4  0  5  3    4.7359743   4.7359743   4.7359743   4.7359743   4.1268075   3.9441126   4.5129620   4.2748125   4.2748125   4.2748125   4.2748125   4.2748125
R 0 1   4  0  5  4    5.3550422   5.3550422   5.3550422   4.5608208   5.5813881   5.0781011   3.7894014   3.2317556   3.2317556   3.2317556   3.2317556   3.2317556
R 0 1   4  0  5  5    4.6666233   4.6666233   5.6647683   4.7327455   5.5988309   4.7525725   4.3819247   4.3819247   4.3819247   4.3819247   4.3819247   4.3819247
R 0 1   4  0  5  6    2.7833431   2.7833431   2.7833431   3.8958409   4.3823493   3.1137573   2.4345893   1.9420311   1.9420311   1.9420311   1.9420311   1.9420311
R 0 1   4  0  5  7    3.6200230   3.6200230   3.6200230   3.6200230   3.8278757   3.2235052   2.9396956   3.0408976   2.7654641   2.0854581   2.0854581   2.0854581
R 0 1   4  0  5  8    3.3019120   3.3019120   3.3019120   3.3019120   3.3019120   3.3019120   3.3019120   3.6624791   4.6264805   4.3337772   3.6377804   4.9037843
R 0 1   4  0  5  9    4.8654043   4.8654043   4.8654043   4.8654043   4.8654043   4.8654043   9.4135033   6.9292494   6.1050032   5.5937432   6.7762532   6.7762532
R 0 1   4  0  5 10    6.3556690   4.4503577   4.2036743   5.8037392   5.7174291   6.6132471   7.8133154   8.6818813   7.0527776   7.1770765   7.1770765   7.1770765
F  0  1   4  0  0  0    1.0087159   1.0286844   0.9815645   1.0045794   0.9756291   1.0038942   1.0007830   1.0044528   0.9920749   0.9792137   0.9785173
F  0  1   4  1  0  0    1.0743044   1.0627580   1.0892786   1.0611455   1.0671952   1.0722048   1.0851879   1.0618529   1.0392688   1.0677627   1.0806657
C  0  1   4  0  0  0  -0.2519950 -0.0973308 -0.1076111 -0.4335103 -0.1656620 -0.1331171 -0.1229888 -0.1192995 -0.1271578 -0.2081976 -0.2082493 -0.1873421 -0.0465068 -0.2743863 -0.2608448 -0.0435178
C  0  1   4  0  0  1  -0.0234240 -0.1411746 -0.0145875 -0.1059338 -0.1013792 -0.0568314 -0.2169508 -0.1836533 -0.1011522 -0.0376951  0.0644168 -0.1299768 -0.2334057 -0.1172084 -0.1601025 -0.0537898
C  0  1   4  0  0  2  -0.1924983 -0.1443530 -0.1715150 -0.0979626 -0.0735757 -0.0655628 -0.0152955 -0.0492135 -0.0298106 -0.0254548 -0.0377430 -0.0599161 -0.0590527  0.0147411 -0.0312265 -0.0730045
C  0  1   4  0  0  3  -0.1001072 -0.1373217 -0.0927699 -0.0037237 -0.0105135 -0.1010391 -0.2404737 -0.0024835  0.0201495 -0.0928050 -0.1668880 -0.1036503 -0.1290836 -0.2672655 -0.1037191  0.0192884
C  0  1   4  0  0  4  -0.1701778 -0.0949859 -0.0026042 -0.0977238 -0.1316837 -0.0945773 -0.0563355 -0.1106875 -0.1146191 -0.1265734 -0.1265530 -0.0260805 -0.1221486 -0.0610355 -0.0472565 -0.0813832
C  0  1   4  0  0  5  -0.0578646  0.1221535 -0.0353197  0.0338280  0.0030497 -0.0753371 -0.1098377 -0.0572334 -0.0192602  0.0189600 -0.0528987  0.0914760 -0.0345641  0.0539268  0.0707635 -0.0285863
C  0  1   4  0  0  6  -0.0372558  0.0420808 -0.0042109 -0.0097200  0.0037732  0.0395835 -0.0731965 -0.0116271  0.0253145 -0.0219930 -0.0151481  0.0861226 -0.1539408  0.0594493 -0.0225688  0.0378631
C  0  1   4  0  0  7  -0.0303770 -0.0104255 -0.0156780 -0.0314722  0.0253307  0.0710534 -0.0074736 -0.0048793 -0.0594263 -0.0371225 -0.0108087 -0.0329498  0.0595355  0.0244685 -0.0175262  0.0964174
C  0  1   4  0  0  8  -0.0526468 -0.0036135  0.0565159  0.0063747 -0.0398814 -0.0112071  0.0503301 -0.0287590 -0.0422504  0.0381354 -0.0097631 -0.0311888 -0.0005307  0.0728385 -0.0745786 -0.0039910
C  0  1   4  0  0  9  -0.0065021 -0.0055606 -0.0089759  0.0536671 -0.0039265 -0.0109424  0.0018062  0.0436206 -0.0595008 -0.0385604  0.0338395  0.0823639 -0.0075134  0.0738861  0.0439057  0.0604934
C  0  1   4  0  0 10   0.0494835 -0.0108965  0.0171366  0.0847940 -0.0284549 -0.1048167 -0.0623980 -0.0614342  0.0067701 -0.0588520 -0.0245289  0.0652958  0.0145562  0.0328912 -0.0008215 -0.0161707
C  0  1   4  0  0 11  -0.0588099  0.0020546 -0.0008054  0.0311891  0.0156605  0.0360808  0.0799507  0.0947098  0.0159527 -0.0097465  0.0680548 -0.0183422 -0.0001664  0.0742561  0.0250681 -0.0164892
C  0  1   4  0  0 12   0.0601500  0.0014810 -0.0115993 -0.0245237  0.0204410  0.0433565 -0.0486827 -0.0218545 -0.0706648  0.0702316  0.0094238  0.0333020 -0.0703138  0.0240800  0.0563289  0.0376505
C  0  1   4  0  0 13  -0.0020837 -0.0289375  0.1024488  0.0145022 -0.0901679 -0.0348489  0.0621528 -0.0020833  0.0524138  0.0354217 -0.0077149  0.0339056  0.0240976 -0.0232172  0.0109612 -0.0047053
C  0  1   4  0  0 14  -0.0071427  0.0646689  0.0485252 -0.0176504  0.0116184 -0.0514160  0.0084501 -0.0331452 -0.0237304 -0.0441564 -0.0065121 -0.0361097  0.0379253  0.0130562 -0.0142579 -0.0524731
C  0  1   4  0  0 15  -0.0203588 -0.0710970 -0.0051636  0.0829269 -0.0511393 -0.0949493 -0.0023214  0.0287273  0.0638018  0.0227378  0.0064760 -0.1037840  0.0059668  0.0620259 -0.0282404  0.0572150
C  0  1   4  0  0 16   0.1937384  0.0938398  0.0126981 -0.0256402 -0.0711567 -0.0827707  0.0076986 -0.0627772 -0.0500024  0.0692840  0.0968429 -0.0388027 -0.0717274  0.0451571 -0.1068003  0.0278174
C  0  1   4  0  0 17  -0.1312229 -0.1542428 -0.0662449 -0.0570573 -0.1094854 -0.0597653 -0.0469203 -0.0498276 -0.0815880 -0.1279613 -0.0183080  0.0250072 -0.0663833 -0.1390624  0.0356335 -0.0126344
C  0  1   4  0  0 18  -0.1094670 -0.0225645 -0.1044463 -0.0647918 -0.1729530 -0.0694298 -0.0636285 -0.0531691 -0.1007172 -0.1548862 -0.0087312 -0.0269371 -0.0551559  0.0560187 -0.1635209 -0.0013334
C  0  1   4  0  0 19   0.0577893 -0.1056148 -0.2151716  0.0370888 -0.0935566 -0.0481727 -0.1875641 -0.0146558 -0.1707964 -0.0623677 -0.0862539 -0.0689385  0.0258285 -0.0221840 -0.0858370 -0.1181378
C  0  1   4  0  0 20  -0.0358209 -0.0977300 -0.0098444 -0.1205732 -0.0825671 -0.1240183 -0.1665067 -0.1868821 -0.2083608 -0.0418972 -0.1844169 -0.0505077  0.0186395 -0.2190301 -0.2148772 -0.1909659
C  0  1   4  0  0 21  -0.1099687 -0.1165776 -0.2624852 -0.1484870 -0.2287813 -0.1071473 -0.3355552  0.0173447 -0.1836451 -0.1299677 -0.1468435 -0.1299789 -0.4667583 -0.3311286 -0.0445603 -0.0380451
C  0  1   4  0  1  0  -0.0011163  0.0016695 -0.0020749 -0.0026814 -0.0059334  0.0024422 -0.0025941  0.0028990  0.0010522  0.0011335 -0.0022920  0.0004968  0.0041794  0.0065475  0.0065202  0.0034991
C  0  1   4  0  1  1  -0.0005785  0.0005865 -0.0027102 -0.0032908 -0.0002360 -0.0046398  0.0037127 -0.0002555  0.0033937 -0.0004258 -0.0025374 -0.0038991  0.0045355  0.0041055  0.0027318  0.0023109
C  0  1   4  0  1  2   0.0032475  0.0028835  0.0005717  0.0006219 -0.0026190  0.0009866 -0.0012872  0.0014049  0.0002936 -0.0002710 -0.0020722 -0.0031960  0.0022484 -0.0040625 -0.0015775 -0.0012505
C  0  1   4  0  1  3   0.0012054  0.0010501  0.0012382 -0.0004892  0.0000505  0.0017721  0.0023126 -0.0007298 -0.0013948 -0.0016610  0.0025391 -0.0013859  0.0014106 -0.0001889  0.0025782  0.0047171
C  0  1   4  0  1  4   0.0032821 -0.0002473  0.0003344  0.0027373  0.0002148 -0.0008929  0.0007411  0.0003184 -0.0008646  0.0023364  0.0004871 -0.0017763  0.0031076  0.0007989  0.0005679 -0.0024047
C  0  1   4  0  1  5   0.0012084  0.0018292  0.0016604  0.0029120 -0.0011631 -0.0016275 -0.0010786  0.0017274 -0.0013894  0.0015296  0.0020845 -0.0020683 -0.0018703 -0.0005516  0.0005306  0.0003432
C  0  1   4  0  1  6   0.0024228 -0.0010661 -0.0022114  0.0001376  0.0005090  0.0007668  0.0002980  0.0000922  0.0018077 -0.0007451 -0.0007860  0.0006558 -0.0020606 -0.0021198  0.0002810 -0.0027069
C  0  1   4  0  1  7   0.0017596  0.0019565  0.0008402 -0.0023716  0.0011315  0.0014340 -0.0014395 -0.0010615  0.0005230 -0.0014069  0.0011471 -0.0020987 -0.0009749 -0.0005646  0.0012461  0.0003085
C  0  1   4  0  1  8   0.0038879  0.0011942 -0.0004762  0.0003298  0.0022087  0.0000019  0.0012296 -0.0004147  0.0012881  0.0010580 -0.0001837 -0.0006272 -0.0016992  0.0014424  0.0006091  0.0006562
C  0  1   4  0  1  9  -0.0017566 -0.0002585  0.0020402  0.0012038  0.0004876  0.0000978  0.0005276  0.0007276 -0.0018946 -0.0016227 -0.0030581 -0.0020459 -0.0024768  0.0015558 -0.0019354  0.0002609
C  0  1   4  0  1 10   0.0016301  0.0017019  0.0013042  0.0018747  0.0000943 -0.0003388 -0.0005168 -0.0021706 -0.0014151 -0.0032084  0.0008692 -0.0003562 -0.0009455 -0.0019122  0.0011190  0.0001551
C  0  1   4  0  1 11   0.0014621  0.0003489  0.0002271  0.0007238 -0.0012133 -0.0000191 -0.0026172 -0.0017344 -0.0015212  0.0009587  0.0001946 -0.0001099 -0.0007157  0.0002845 -0.0011957  0.0014856
C  0  1   4  0  1 12   0.0003923  0.0000156  0.0003855 -0.0017106 -0.0000456 -0.0018226  0.0022590  0.0001083  0.0002465  0.0011726 -0.0004438  0.0019091 -0.0008980 -0.0004984 -0.0006461  0.0012732
C  0  1   4  0  1 13   0.0032574 -0.0006425  0.0007931  0.0019402  0.0020128  0.0022725  0.0003662  0.0010157 -0.0004078 -0.0013617  0.0001156 -0.0026231 -0.0011453  0.0010671  0.0009578  0.0021375
C  0  1   4  0  1 14   0.0018314  0.0017580  0.0030892  0.0009790  0.0019348  0.0018428 -0.0002644  0.0013413  0.0018152 -0.0008082  0.0014663  0.0019257  0.0016955  0.0006929 -0.0009757  0.0035294
C  0  1   4  0  1 15   0.0010923  0.0011954  0.0023099  0.0000350 -0.0009315  0.0026115  0.0011511 -0.0013245  0.0018274 -0.0002700  0.0005402  0.0015542  0.0001245  0.0013150  0.0010137  0.0005470
C  0  1   4  0  1 16   0.0006985  0.0017787 -0.0012836  0.0017704  0.0009889  0.0021576  0.0012988 -0.0003378  0.0019204 -0.0019706  0.0010249  0.0016665  0.0011707  0.0008956  0.0041816  0.0023373
C  0  1   4  0  1 17   0.0014527 -0.0003827 -0.0009736  0.0056827  0.0026228  0.0010107  0.0044681  0.0034962  0.0026207  0.0023215  0.0022739 -0.0004674  0.0006746 -0.0004160  0.0057026  0.0052711
C  0  1   4  0  1 18   0.0080064  0.0050810  0.0012026  0.0013307 -0.0007830  0.0036318  0.0061422 -0.0003340 -0.0014302  0.0016786  0.0037298  0.0013098 -0.0002563  0.0004672  0.0046063  0.0049516
C  0  1   4  0  1 19   0.0046812  0.0030624 -0.0014603  0.0025580  0.0019593  0.0008215  0.0021092  0.0015513  0.0028932  0.0046519 -0.0013351 -0.0011151  0.0034270  0.0041515  0.0044614  0.0036963
C  0  1   4  0  1 20   0.0058497  0.0059223  0.0053916  0.0044352  0.0008811  0.0029575  0.0048343  0.0051640  0.0007366  0.0044204  0.0004829 -0.0010501  0.0022077  0.0031429  0.0071609  0.0018421
C  0  1   4  0  1 21   0.0149162  0.0128639  0.0069411  0.0020856  0.0005844 -0.0050224 -0.0101497 -0.0003169 -0.0009003 -0.0021973 -0.0002713  0.0067075 -0.0013946  0.0065644  0.0104501  0.0077138
C  0  1   4  1  0  0  -0.4098362 -0.3587467 -0.3662362 -0.4112838 -0.1741091 -0.4096532 -0.3088496 -0.2172575 -0.2540769 -0.2755830 -0.3983948 -0.4606182 -0.4451175 -0.3144902 -0.3713254 -0.3850227
C  0  1   4  1  0  1  -0.3048257 -0.3122334 -0.2642167 -0.2316984 -0.3260488 -0.2968029 -0.3154426 -0.2201877 -0.2586355 -0.2145442 -0.2777088 -0.2826839 -0.3228560 -0.4402193 -0.3202918 -0.3293770
C  0  1   4  1  0  2  -0.3632105 -0.3083214 -0.2967220 -0.3087517 -0.2667218 -0.2496694 -0.2469540 -0.2204078 -0.2525099 -0.2212674 -0.2742621 -0.2766149 -0.3495160 -0.3737116 -0.2560132 -0.3468270
C  0  1   4  1  0  3  -0.3060423 -0.3623615 -0.3248974 -0.3396674 -0.2710660 -0.2483977 -0.2327151 -0.2142194 -0.1917788 -0.2281598 -0.2479837 -0.2978271 -0.3251840 -0.3497528 -0.2928185 -0.2492073
C  0  1   4  1  0  4  -0.3172183 -0.2988691 -0.3029846 -0.3043454 -0.2541901 -0.2123462 -0.2741562 -0.2487467 -0.2554080 -0.1714743 -0.2119673 -0.2847848 -0.2673861 -0.2698048 -0.3235678 -0.3058679
C  0  1   4  1  0  5  -0.2215652 -0.1660459 -0.1545321 -0.1617659 -0.1315270 -0.1296635 -0.1386632 -0.1318283 -0.1725700 -0.1344056 -0.1468429 -0.1627917 -0.2304840 -0.1304810 -0.1445753 -0.1721443
C  0  1   4  1  0  6  -0.1475453 -0.1691543 -0.1533060 -0.1699741 -0.1205566 -0.1229608 -0.1353334 -0.1272956 -0.1363736 -0.1096728 -0.1013372 -0.1221969 -0.1311775 -0.1207557 -0.1452446 -0.1753597
C  0  1   4  1  0  7  -0.1592019 -0.1394318 -0.1431832 -0.1043402 -0.1718966 -0.2122956 -0.1543099 -0.1340752 -0.1620948 -0.0975128 -0.0935233 -0.1508840 -0.1539212 -0.1188507 -0.1409543 -0.1402420
C  0  1   4  1  0  8  -0.1614296 -0.1115724 -0.1509584 -0.1777359 -0.1553270 -0.1642984 -0.1653652 -0.1752619 -0.1579744 -0.1159283 -0.1295473 -0.1510875 -0.1419347 -0.1750736 -0.1450306 -0.1339209
C  0  1   4  1  0  9  -0.0893961 -0.1109447 -0.1160671 -0.1503926 -0.1143857 -0.1422598 -0.1153978 -0.1928389 -0.1008069 -0.1501441 -0.0565801 -0.1377754 -0.1076030 -0.1005144 -0.1173569 -0.1491833
C  0  1   4  1  0 10  -0.1453543 -0.0955216 -0.1275696 -0.1526434 -0.1196308 -0.1301813 -0.1265734 -0.1310225 -0.0942932 -0.1236436 -0.0954910 -0.1274358 -0.1285741 -0.1173791 -0.1405707 -0.0977768
C  0  1   4  1  0 11  -0.1340926 -0.0794142 -0.1247435 -0.0807068 -0.0674514 -0.1349471 -0.0837926 -0.1017942 -0.1289981 -0.1014729 -0.1101976 -0.1185513 -0.1183572 -0.1340429 -0.0630149 -0.1000368
C  0  1   4  1  0 12  -0.1126861 -0.1090475 -0.1648938 -0.0847478 -0.1399663 -0.1037959 -0.1675132 -0.1760514 -0.1053049 -0.0921186 -0.1307775 -0.0685374 -0.0903526 -0.0964902 -0.0914739 -0.1502355
C  0  1   4  1  0 13  -0.1094832 -0.1103643 -0.1774804 -0.1322002 -0.1326456 -0.1601522 -0.1837553 -0.1706702 -0.1286523 -0.1372329 -0.1600289 -0.1101573 -0.1381769 -0.0994032 -0.1510861 -0.1024403
C  0  1   4  1  0 14  -0.1066831 -0.1274026 -0.1679523 -0.1640910 -0.1922733 -0.1343480 -0.1252996 -0.2026411 -0.1718218 -0.1369058 -0.1055048 -0.1788972 -0.1678022 -0.0907633 -0.1272078 -0.1911114
C  0  1   4  1  0 15  -0.1270157 -0.1893825 -0.1413306 -0.1562627 -0.1589842 -0.1409239 -0.1827688 -0.1801501 -0.1484844 -0.1300756 -0.0841515 -0.1465465 -0.1426743 -0.1381308 -0.0718997 -0.1551946
C  0  1   4  1  0 16  -0.1411876 -0.1171611 -0.1146805 -0.1468860 -0.1478004 -0.1487991 -0.2124384 -0.1609095 -0.1518356 -0.2019486 -0.1369855 -0.1609875 -0.1106613 -0.1569873 -0.1472609 -0.1088406
C  0  1   4  1  0 17  -0.2538976 -0.2606845 -0.2384354 -0.2773262 -0.2125889 -0.2538356 -0.2782168 -0.2649169 -0.2921621 -0.2607668 -0.2997946 -0.2297542 -0.1809974 -0.2744377 -0.2401258 -0.2465712
C  0  1   4  1  0 18  -0.2354219 -0.2485026 -0.2698387 -0.2876270 -0.2553647 -0.2665040 -0.3076110 -0.2614754 -0.2604125 -0.2541405 -0.2990217 -0.2969789 -0.3040593 -0.2245102 -0.1660893 -0.2458975
C  0  1   4  1  0 19  -0.2507625 -0.2614952 -0.2814617 -0.2958010 -0.3309281 -0.2637684 -0.2460441 -0.2599826 -0.2879486 -0.2948065 -0.2032052 -0.2583970 -0.2788782 -0.2526487 -0.2742387 -0.2584083
C  0  1   4  1  0 20  -0.2368871 -0.2783950 -0.3856517 -0.3177892 -0.2991118 -0.2048881 -0.2996161 -0.3256505 -0.3884571 -0.3069883 -0.3183362 -0.2663715 -0.3667832 -0.3107972 -0.2131932 -0.2529862
C  0  1   4  1  0 21  -0.3997955 -0.2830713 -0.3255400 -0.3971374 -0.2698415 -0.2693917 -0.3325536 -0.3720225 -0.3223406 -0.2650040 -0.3063895 -0.3705728 -0.2991697 -0.2972114 -0.3047460 -0.3701549
C  0  1   4  1  1  0   0.0453119  0.0480812  0.0411818  0.0228981  0.0029583 -0.0194726 -0.0338666 -0.0410246 -0.0462083 -0.0362242 -0.0350144 -0.0185353  0.0044226  0.0079761  0.0257733  0.0366994
C  0  1   4  1  1  1   0.0246825  0.0230605  0.0195450  0.0112821  0.0029254 -0.0077943 -0.0155343 -0.0176096 -0.0175486 -0.0150394 -0.0140169 -0.0063630  0.0030871  0.0095161  0.0116395  0.0249517
C  0  1   4  1  1  2   0.0123978  0.0147964  0.0096446  0.0068461  0.0020756 -0.0038487 -0.0076557 -0.0080662 -0.0100493 -0.0058809 -0.0048438 -0.0022167  0.0009467  0.0045770  0.0047668  0.0116423
C  0  1   4  1  1  3   0.0082757  0.0071427  0.0020310  0.0051856  0.0013161  0.0008985 -0.0033882 -0.0005198  0.0007234  0.0008871 -0.0017093 -0.0004546  0.0031085  0.0041480  0.0017943  0.0070256
C  0  1   4  1  1  4   0.0028312  0.0030913  0.0014743  0.0013358  0.0038869  0.0023902  0.0011180  0.0029261  0.0041569  0.0027924  0.0001952 -0.0005292  0.0030112  0.0017123  0.0034442  0.0023242
C  0  1   4  1  1  5   0.0021567  0.0005724  0.0006906  0.0039735  0.0034451  0.0042309  0.0039571  0.0038298  0.0049518  0.0028483 -0.0005742 -0.0008207  0.0019079  0.0030944  0.0025263 -0.0000966
C  0  1   4  1  1  6   0.0012587  0.0009720  0.0019271  0.0046729  0.0041156  0.0040588  0.0045658  0.0051161  0.0044339  0.0017121  0.0008422  0.0005229  0.0010112  0.0020220  0.0011854  0.0009327
C  0  1   4  1  1  7  -0.0004721  0.0024668  0.0022811  0.0046903  0.0050303  0.0045534  0.0058734  0.0038893  0.0037120  0.0014368  0.0001836  0.0003022  0.0022398  0.0017614  0.0020484 -0.0012071
C  0  1   4  1  1  8  -0.0000727  0.0012729  0.0032059  0.0012440  0.0057521  0.0038890  0.0043792  0.0054614  0.0058938  0.0014755  0.0012900  0.0003890  0.0025312  0.0016153  0.0014106 -0.0007636
C  0  1   4  1  1  9   0.0010580  0.0017604  0.0026425  0.0026063  0.0028700  0.0032104  0.0032220  0.0033839  0.0027318 -0.0002871  0.0015806  0.0004356  0.0014971 -0.0000656 -0.0009246 -0.0026326
C  0  1   4  1  1 10  -0.0005347  0.0014183  0.0010720  0.0016221  0.0023895  0.0025514  0.0026431  0.0016116  0.0030237 -0.0008842 -0.0004744  0.0000209 -0.0003536  0.0012923  0.0013306 -0.0008593
C  0  1   4  1  1 11  -0.0003863  0.0014912  0.0011238  0.0011559  0.0020678 -0.0002090  0.0008834  0.0026753  0.0020417  0.0010387 -0.0021148 -0.0007121 -0.0005760 -0.0000412 -0.0001947 -0.0015209
C  0  1   4  1  1 12  -0.0005341  0.0013742  0.0021071  0.0029016  0.0024206  0.0012969  0.0008877  0.0029045  0.0031109  0.0012058  0.0013710  0.0003396  0.0010225 -0.0003416  0.0004097 -0.0004261
C  0  1   4  1  1 13   0.0004791  0.0028264  0.0035602  0.0035965  0.0028959  0.0034612  0.0050050  0.0055844  0.0050722  0.0018585  0.0024574  0.0001914  0.0009502 -0.0022393  0.0010048 -0.0013079
C  0  1   4  1  1 14  -0.0007163  0.0018646  0.0024461  0.0038898  0.0040492  0.0027416  0.0038532  0.0063445  0.0050650  0.0017277  0.0022278  0.0006265 -0.0013478 -0.0011758 -0.0007579 -0.0023359
C  0  1   4  1  1 15  -0.0024442  0.0007244  0.0027015  0.0034081  0.0029400 -0.0003381  0.0030468  0.0035517  0.0062758  0.0034075  0.0029714 -0.0002201 -0.0026207 -0.0058807 -0.0048635 -0.0043150
C  0  1   4  1  1 16  -0.0015359  0.0005849  0.0029237  0.0044738  0.0033285  0.0010908  0.0046294  0.0051543  0.0048134  0.0063773  0.0027874  0.0021634 -0.0012376 -0.0019292 -0.0044098 -0.0049674
C  0  1   4  1  1 17  -0.0032832  0.0017950  0.0022419  0.0069089  0.0024083 -0.0008578  0.0018938  0.0034749  0.0028628  0.0038890  0.0046772  0.0016655 -0.0007318 -0.0036009 -0.0056698 -0.0044010
C  0  1   4  1  1 18   0.0015608  0.0078356  0.0061262  0.0076318  0.0050751  0.0000625 -0.0016017  0.0002759  0.0029050  0.0041871  0.0029510  0.0012942 -0.0010822 -0.0035285 -0.0053024 -0.0037401
C  0  1   4  1  1 19   0.0017922  0.0087070  0.0122611  0.0097851  0.0072541  0.0015846 -0.0017754  0.0001780  0.0028589  0.0054156  0.0014703  0.0000374 -0.0024917 -0.0045773 -0.0052307 -0.0024699
C  0  1   4  1  1 20   0.0005733  0.0142363  0.0187222  0.0153467  0.0068057  0.0031558 -0.0012045 -0.0005945  0.0012349  0.0065835  0.0019908 -0.0024494 -0.0070400 -0.0078565 -0.0054610 -0.0049492
C  0  1   4  1  1 21   0.0093014  0.0222084  0.0321601  0.0218544  0.0147572  0.0161368  0.0105979  0.0106358  0.0118460  0.0137375  0.0013043 -0.0041943 -0.0077390 -0.0200970 -0.0071720  0.0009311
