CPHI 16 
CETA 22 -2.40 -2.10 -1.85 -1.60 -1.40 -1.20 -1.00 -0.80 -0.60 -0.40 -0.20  0.00  0.20  0.40  0.60  0.80  1.00  1.20  1.40  1.60  1.85  2.10  2.40 
RMIN  6 
RTRK 12 
RETA 11  0.00  0.20  0.40  0.60  0.80  1.00  1.20  1.40  1.60  1.85  2.10  2.40 
T 0 1  40  0  0  0    0.0000000   0.0005832   0.0016677   0.0031601   0.0120213   0.0691239   0.2772863   0.6526808   1.0000000   1.0000000   1.0000000   1.0000000   1.0000000
T 0 1  40  0  0  1    0.0000000   0.0001090   0.0005007   0.0023566   0.0125393   0.0591796   0.2267646   0.5880220   1.0000000   1.0000000   1.0000000   1.0000000   1.0000000
T 0 1  40  0  0  2    0.0000000   0.0001231   0.0005036   0.0017183   0.0105263   0.0555374   0.2090696   0.5729428   1.0000000   1.0000000   1.0000000   1.0000000   1.0000000
T 0 1  40  0  0  3    0.0000000   0.0001882   0.0005688   0.0017043   0.0115432   0.0627544   0.2255730   0.5868249   1.0000000   1.0000000   1.0000000   1.0000000   1.0000000
T 0 1  40  0  0  4    0.0000000   0.0003856   0.0025169   0.0143535   0.0630933   0.2046038   0.4902856   0.8229015   1.0000000   1.0000000   1.0000000   1.0000000   1.0000000
T 0 1  40  0  0  5    0.0000000   0.0009328   0.0072839   0.0509358   0.2049315   0.5328651   0.8760143   0.9994580   1.0000000   1.0000000   1.0000000   1.0000000   1.0000000
T 0 1  40  0  0  6    0.0000000   0.0002691   0.0012248   0.0104059   0.0670385   0.2768799   0.6635912   0.9316775   0.9982392   0.9999994   1.0000000   1.0000000   1.0000000
T 0 1  40  0  0  7    0.0000000   0.0000494   0.0003666   0.0008968   0.0048806   0.0305402   0.1184699   0.2970341   0.5814962   0.8692121   0.9841817   0.9998751   1.0000000
T 0 1  40  0  0  8    0.0000000   0.0000049   0.0000293   0.0001092   0.0003819   0.0009582   0.0042351   0.0250375   0.1193531   0.3937260   0.7894432   0.9690836   1.0000000
T 0 1  40  0  0  9    0.0000000   0.0000030   0.0000043   0.0000358   0.0005430   0.0035594   0.0185423   0.0858022   0.3022214   0.6583448   0.9385250   0.9999201   1.0000000
T 0 1  40  0  0 10    0.0000000   0.0067371   0.0292194   0.0465124   0.0798084   0.1694852   0.3389347   0.6908291   0.9101408   0.9701634   0.9998425   1.0000000   1.0000000
T 0 1  40  1  0  0    0.0000000   0.0005148   0.0016399   0.0047460   0.0213440   0.1017716   0.3374237   0.6994022   1.0000000   1.0000000   1.0000000   1.0000000   1.0000000
T 0 1  40  1  0  1    0.0000000   0.0002633   0.0010891   0.0042307   0.0181163   0.0752157   0.2537985   0.6193956   1.0000000   1.0000000   1.0000000   1.0000000   1.0000000
T 0 1  40  1  0  2    0.0000000   0.0002194   0.0008486   0.0027728   0.0124455   0.0616642   0.2339277   0.6064318   1.0000000   1.0000000   1.0000000   1.0000000   1.0000000
T 0 1  40  1  0  3    0.0000000   0.0002283   0.0008669   0.0027852   0.0140251   0.0700545   0.2491207   0.6198491   1.0000000   1.0000000   1.0000000   1.0000000   1.0000000
T 0 1  40  1  0  4    0.0000000   0.0004356   0.0027620   0.0153929   0.0663357   0.2155446   0.5058694   0.8320271   1.0000000   1.0000000   1.0000000   1.0000000   1.0000000
T 0 1  40  1  0  5    0.0000000   0.0011873   0.0094478   0.0577925   0.2246261   0.5586818   0.8900123   0.9996500   1.0000000   1.0000000   1.0000000   1.0000000   1.0000000
T 0 1  40  1  0  6    0.0000000   0.0004626   0.0026649   0.0180020   0.0942133   0.3329130   0.7236541   0.9536823   0.9988141   0.9999984   1.0000000   1.0000000   1.0000000
T 0 1  40  1  0  7    0.0000000   0.0002246   0.0006446   0.0024765   0.0123245   0.0526267   0.1570011   0.3413836   0.6074237   0.8728054   0.9849908   0.9998878   1.0000000
T 0 1  40  1  0  8    0.0000000   0.0009562   0.0014955   0.0017998   0.0022382   0.0036136   0.0107994   0.0452511   0.1686405   0.4573475   0.8251665   0.9710661   1.0000000
T 0 1  40  1  0  9    0.0000000   0.0021003   0.0074838   0.0131257   0.0159362   0.0198461   0.0401951   0.1288935   0.3661962   0.7154288   0.9583841   0.9999941   1.0000000
T 0 1  40  1  0 10    0.0000000   0.0032254   0.0170235   0.0428863   0.0843736   0.1746921   0.3942474   0.7474223   0.9511020   0.9856143   0.9999985   1.0000000   1.0000000
R 0 1  40  0  0  0    0.0207286   0.0207286   0.0122645   0.0103584   0.0103701   0.0101791   0.0099982   0.0098423   0.0098423   0.0098423   0.0098423   0.0098423
R 0 1  40  0  0  1    0.0120030   0.0120030   0.0120030   0.0120030   0.0110589   0.0108888   0.0109851   0.0108520   0.0108520   0.0108520   0.0108520   0.0108520
R 0 1  40  0  0  2    0.0127082   0.0127082   0.0127082   0.0127082   0.0121407   0.0119701   0.0118297   0.0116865   0.0116865   0.0116865   0.0116865   0.0116865
R 0 1  40  0  0  3    0.0136045   0.0136045   0.0136045   0.0136045   0.0126847   0.0125751   0.0123660   0.0122463   0.0122463   0.0122463   0.0122463   0.0122463
R 0 1  40  0  0  4    0.0188252   0.0188252   0.0188252   0.0173477   0.0169063   0.0158974   0.0144668   0.0130949   0.0130949   0.0130949   0.0130949   0.0130949
R 0 1  40  0  0  5    0.0205003   0.0205003   0.0193752   0.0191282   0.0187608   0.0180747   0.0168781   0.0168781   0.0168781   0.0168781   0.0168781   0.0168781
R 0 1  40  0  0  6    0.0196465   0.0196465   0.0196465   0.0202021   0.0207914   0.0207386   0.0208596   0.0206376   0.0206376   0.0206376   0.0206376   0.0206376
R 0 1  40  0  0  7    0.0214696   0.0214696   0.0214696   0.0214696   0.0206841   0.0212509   0.0211944   0.0209961   0.0205244   0.0196272   0.0196272   0.0196272
R 0 1  40  0  0  8    0.0212777   0.0212777   0.0212777   0.0212777   0.0212777   0.0212777   0.0212777   0.0209379   0.0210647   0.0209728   0.0202162   0.0187784
R 0 1  40  0  0  9    0.0314040   0.0314040   0.0314040   0.0314040   0.0314040   0.0314040   0.0298390   0.0289403   0.0274804   0.0265400   0.0249658   0.0249658
R 0 1  40  0  0 10    0.0758669   0.0713685   0.0605698   0.0533984   0.0473015   0.0439710   0.0409051   0.0356377   0.0337432   0.0307715   0.0307715   0.0307715
R 0 1  40  0  1  0    0.0000000   0.0000000   0.0000000   0.0000610   0.0000879   0.0000788   0.0000717   0.0000645   0.0000645   0.0000645   0.0000645   0.0000645
R 0 1  40  0  1  1    0.0000821   0.0000821   0.0000821   0.0000821   0.0000719   0.0000715   0.0000622   0.0000575   0.0000575   0.0000575   0.0000575   0.0000575
R 0 1  40  0  1  2    0.0000636   0.0000636   0.0000636   0.0000636   0.0000733   0.0000598   0.0000589   0.0000551   0.0000551   0.0000551   0.0000551   0.0000551
R 0 1  40  0  1  3    0.0000781   0.0000781   0.0000781   0.0000781   0.0000673   0.0000599   0.0000529   0.0000486   0.0000486   0.0000486   0.0000486   0.0000486
R 0 1  40  0  1  4    0.0001673   0.0001673   0.0001673   0.0000876   0.0000893   0.0000758   0.0000519   0.0000439   0.0000439   0.0000439   0.0000439   0.0000439
R 0 1  40  0  1  5    0.0001981   0.0001981   0.0000703   0.0000679   0.0000707   0.0000626   0.0000380   0.0000380   0.0000380   0.0000380   0.0000380   0.0000380
R 0 1  40  0  1  6    0.0000550   0.0000550   0.0000550   0.0000352   0.0000598   0.0000603   0.0000535   0.0000166   0.0000166   0.0000166   0.0000166   0.0000166
R 0 1  40  0  1  7    0.0001895   0.0001895   0.0001895   0.0001895   0.0000484   0.0000646   0.0000756   0.0000757   0.0000690   0.0000519   0.0000519   0.0000519
R 0 1  40  0  1  8    0.0001094   0.0001094   0.0001094   0.0001094   0.0001094   0.0001094   0.0001094   0.0000967   0.0001020   0.0000992   0.0000784   0.0000665
R 0 1  40  0  1  9    0.0002989   0.0002989   0.0002989   0.0002989   0.0002989   0.0002989   0.0002172   0.0002053   0.0001772   0.0001553   0.0001352   0.0001352
R 0 1  40  0  1 10    0.0011428   0.0011521   0.0007990   0.0007483   0.0005532   0.0004763   0.0003857   0.0002566   0.0001809   0.0001902   0.0001902   0.0001902
R 0 1  40  0  2  0    0.0000000   0.0000000   0.0000000   0.0000000   0.0000000   0.0000113   0.0000201   0.0000107   0.0000107   0.0000107   0.0000107   0.0000107
R 0 1  40  0  2  1    0.0000000   0.0000000   0.0000000   0.0000000   0.0000000   0.0000225   0.0000123   0.0000076   0.0000076   0.0000076   0.0000076   0.0000076
R 0 1  40  0  2  2    0.0000000   0.0000000   0.0000000   0.0000000   0.0000701   0.0000000   0.0000097   0.0000130   0.0000130   0.0000130   0.0000130   0.0000130
R 0 1  40  0  2  3    0.0000000   0.0000000   0.0000000   0.0000000   0.0000000   0.0000107   0.0000060   0.0000049   0.0000049   0.0000049   0.0000049   0.0000049
R 0 1  40  0  2  4    0.0000000   0.0000000   0.0000000   0.0000000   0.0000000   0.0000074   0.0000131   0.0000000   0.0000000   0.0000000   0.0000000   0.0000000
R 0 1  40  0  2  5    0.0000000   0.0000000   0.0000000   0.0000000   0.0000077   0.0000233   0.0000000   0.0000000   0.0000000   0.0000000   0.0000000   0.0000000
R 0 1  40  0  2  6    0.0000000   0.0000000   0.0000000   0.0000000   0.0000000   0.0000000   0.0000000   0.0000000   0.0000000   0.0000000   0.0000000   0.0000000
R 0 1  40  0  2  7    0.0000000   0.0000000   0.0000000   0.0000000   0.0000000   0.0000000   0.0000000   0.0000000   0.0000000   0.0000163   0.0000163   0.0000163
R 0 1  40  0  2  8    0.0000000   0.0000000   0.0000000   0.0000000   0.0000000   0.0000000   0.0000000   0.0000000   0.0000000   0.0000000   0.0000000   0.0000000
R 0 1  40  0  2  9    0.0000000   0.0000000   0.0000000   0.0000000   0.0000000   0.0000000   0.0000000   0.0000000   0.0000000   0.0000000   0.0000000   0.0000000
R 0 1  40  0  2 10    0.0000000   0.0000000   0.0000000   0.0000000   0.0000000   0.0000359   0.0000464   0.0000692   0.0000000   0.0000000   0.0000000   0.0000000
R 0 1  40  0  3  0    1.1175571   1.1175571   0.9871953   1.0304076   0.9975356   0.9837518   0.9833269   0.9833231   0.9833231   0.9833231   0.9833231   0.9833231
R 0 1  40  0  3  1    1.0245228   1.0245228   1.0245228   1.0245228   0.9923392   0.9841020   0.9788067   0.9784710   0.9784710   0.9784710   0.9784710   0.9784710
R 0 1  40  0  3  2    1.0142264   1.0142264   1.0142264   1.0142264   0.9941833   0.9844424   0.9796017   0.9816983   0.9816983   0.9816983   0.9816983   0.9816983
R 0 1  40  0  3  3    0.9955650   0.9955650   0.9955650   0.9955650   1.0030527   0.9883954   0.9828436   0.9831222   0.9831222   0.9831222   0.9831222   0.9831222
R 0 1  40  0  3  4    1.0475417   1.0475417   1.0475417   0.9911439   0.9805843   0.9749697   0.9773901   0.9904025   0.9904025   0.9904025   0.9904025   0.9904025
R 0 1  40  0  3  5    1.0010212   1.0010212   0.9975746   0.9851903   0.9736555   0.9712566   0.9719961   0.9719961   0.9719961   0.9719961   0.9719961   0.9719961
R 0 1  40  0  3  6    1.0372751   1.0372751   1.0372751   1.0081699   0.9900250   0.9838292   0.9857873   0.9877187   0.9877187   0.9877187   0.9877187   0.9877187
R 0 1  40  0  3  7    1.0756944   1.0756944   1.0756944   1.0756944   1.0339588   0.9983912   0.9922949   0.9854072   0.9880464   0.9869440   0.9869440   0.9869440
R 0 1  40  0  3  8    1.0257546   1.0257546   1.0257546   1.0257546   1.0257546   1.0257546   1.0257546   0.9920610   0.9845745   0.9857994   0.9870695   1.0175087
R 0 1  40  0  3  9    1.0217633   1.0217633   1.0217633   1.0217633   1.0217633   1.0217633   0.9919472   0.9767115   0.9711859   0.9862572   1.0096584   1.0096584
R 0 1  40  0  3 10    1.0614006   1.0315015   1.0207922   0.9931095   0.9727469   0.9691108   0.9693041   0.9681412   1.0052068   1.0153163   1.0153163   1.0153163
R 0 1  40  0  4  0    1.1376221   1.1376221   1.1186072   2.1635002   2.2592967   2.2743718   2.2824381   2.2900152   2.2900152   2.2900152   2.2900152   2.2900152
R 0 1  40  0  4  1    2.0635631   2.0635631   2.0635631   2.0635631   2.0762203   2.2391808   2.2029414   2.1860586   2.1860586   2.1860586   2.1860586   2.1860586
R 0 1  40  0  4  2    1.9324672   1.9324672   1.9324672   1.9324672   2.1892167   2.2215117   2.1952696   2.2382341   2.2382341   2.2382341   2.2382341   2.2382341
R 0 1  40  0  4  3    1.7575534   1.7575534   1.7575534   1.7575534   2.2073075   2.2588942   2.2443058   2.2746532   2.2746532   2.2746532   2.2746532   2.2746532
R 0 1  40  0  4  4    1.9638608   1.9638608   1.9638608   1.9816668   2.0980151   2.0889780   2.1854690   2.3514971   2.3514971   2.3514971   2.3514971   2.3514971
R 0 1  40  0  4  5    1.6462801   1.6462801   2.0938640   2.1635941   2.0713798   2.0789469   1.9890606   1.9890606   1.9890606   1.9890606   1.9890606   1.9890606
R 0 1  40  0  4  6    1.9377135   1.9377135   1.9377135   2.2812839   2.3182915   2.3310163   2.3894193   2.2957337   2.2957337   2.2957337   2.2957337   2.2957337
R 0 1  40  0  4  7    1.9797656   1.9797656   1.9797656   1.9797656   2.4550524   2.3914144   2.3628708   2.3426357   2.3842942   2.3144619   2.3144619   2.3144619
R 0 1  40  0  4  8    2.2917148   2.2917148   2.2917148   2.2917148   2.2917148   2.2917148   2.2917148   2.2245173   2.2592413   2.3214851   2.2756080   2.3580868
R 0 1  40  0  4  9    2.0753498   2.0753498   2.0753498   2.0753498   2.0753498   2.0753498   2.0315037   2.0714423   2.0081907   2.2325232   2.3446119   2.3446119
R 0 1  40  0  4 10    2.0242633   2.1833895   1.9552715   1.9361873   1.9350696   1.9439352   1.9783093   1.9285733   2.1783175   2.0522292   2.0522292   2.0522292
R 0 1  40  0  5  0   28.9133922  28.9133922  14.0615519   3.1687401   3.4962978   3.8283100   3.9924332   3.8395810   3.8395810   3.8395810   3.8395810   3.8395810
R 0 1  40  0  5  1    3.6363679   3.6363679   3.6363679   3.6363679   4.7278870   3.8008377   4.3812247   4.4360354   4.4360354   4.4360354   4.4360354   4.4360354
R 0 1  40  0  5  2    3.7884542   3.7884542   3.7884542   3.7884542   4.3380848   4.3068933   4.5120648   4.3025684   4.3025684   4.3025684   4.3025684   4.3025684
R 0 1  40  0  5  3    5.2789715   5.2789715   5.2789715   5.2789715   4.2953037   4.0240676   4.2298166   3.9704981   3.9704981   3.9704981   3.9704981   3.9704981
R 0 1  40  0  5  4    5.0596721   5.0596721   5.0596721   5.2815960   5.2164296   4.8392282   4.0515241   3.1820911   3.1820911   3.1820911   3.1820911   3.1820911
R 0 1  40  0  5  5    5.2425564   5.2425564   4.7517698   4.6184864   5.4998890   4.6811131   4.1769060   4.1769060   4.1769060   4.1769060   4.1769060   4.1769060
R 0 1  40  0  5  6    3.4452918   3.4452918   3.4452918   3.5455994   3.5377915   3.0081890   2.2778106   1.9395878   1.9395878   1.9395878   1.9395878   1.9395878
R 0 1  40  0  5  7    3.7725083   3.7725083   3.7725083   3.7725083   2.8532254   3.0270448   2.8951315   2.9037549   2.5820629   2.1704461   2.1704461   2.1704461
R 0 1  40  0  5  8    3.5842145   3.5842145   3.5842145   3.5842145   3.5842145   3.5842145   3.5842145   4.5012052   4.3362159   3.9244993   3.6557416   3.3670557
R 0 1  40  0  5  9    4.6203254   4.6203254   4.6203254   4.6203254   4.6203254   4.6203254   6.8661923   6.1002993   7.1473088   5.2152881   4.6050544   4.6050544
R 0 1  40  0  5 10    5.6775485   4.2250405   4.7722724   5.4864857   6.2162880   6.8008969   7.6585444   9.1393160   5.6648718   7.4017808   7.4017808   7.4017808
F  0  1  40  0  0  0    0.9987272   1.0148734   1.0135677   0.9758374   0.9680197   0.9986470   0.9895732   0.9896084   0.9963473   0.9916671   0.9778488
F  0  1  40  1  0  0    1.0884347   1.0664488   1.0787811   1.0506065   1.0416223   1.0670229   1.0686907   1.0625029   1.0383301   1.0635337   1.0790043
C  0  1  40  0  0  0  -0.2838768 -0.1895867 -0.1967586 -0.2785809 -0.2985041 -0.1621946 -0.1651930 -0.1211920 -0.2645931 -0.1434704 -0.2004802 -0.2220146 -0.1942020 -0.1911848 -0.3756393 -0.0935020
C  0  1  40  0  0  1   0.0124125 -0.1032130 -0.1966115 -0.1045827 -0.0962390 -0.2392710 -0.1431593 -0.1755424 -0.0066676 -0.1207993 -0.0978819 -0.1931023 -0.1403126 -0.2401388 -0.0944563 -0.0310881
C  0  1  40  0  0  2  -0.1270514 -0.1533635 -0.1163303 -0.0716679  0.0375974 -0.1402146 -0.2290334 -0.1680497 -0.1192760 -0.0299686 -0.0485060 -0.1278199 -0.0349198 -0.0296695  0.0103157 -0.1360169
C  0  1  40  0  0  3  -0.0748371 -0.1832426 -0.1665133  0.0225344 -0.0114304 -0.1249163 -0.0452008  0.0329581  0.0167690 -0.0107134 -0.1678884 -0.0304469 -0.2128554 -0.0306558 -0.0251879  0.0831952
C  0  1  40  0  0  4  -0.2380155 -0.0404306  0.0053907 -0.0833052 -0.1386274 -0.1006611  0.0005691  0.0080132 -0.0739432  0.0472661 -0.0630903 -0.0362584 -0.0901075 -0.1045697 -0.0804667 -0.1040859
C  0  1  40  0  0  5  -0.0133559 -0.0288461 -0.0624732  0.0690312  0.0189261 -0.0321202 -0.0708839  0.0243852 -0.0148086  0.0188840  0.0351952 -0.0829250 -0.0973871 -0.0126508  0.0036235 -0.0514376
C  0  1  40  0  0  6   0.0163046  0.0210857  0.0169491  0.0723933  0.0271496  0.0826659 -0.0487416 -0.0445066 -0.0889978 -0.0741521  0.0234261  0.0523879 -0.0248664  0.0094713 -0.0501574  0.1066777
C  0  1  40  0  0  7  -0.0310389  0.0459721  0.0357464  0.0318032  0.0394917  0.0142547  0.0842428 -0.0098358 -0.0442377  0.0101151  0.0826523 -0.0546371 -0.0499987 -0.0612865  0.0004662 -0.0492506
C  0  1  40  0  0  8   0.0424342 -0.0133472  0.0333480  0.0561149 -0.0443040  0.0613093 -0.0085495 -0.0266776  0.0287059  0.0898569 -0.0389497 -0.0134174  0.0074600  0.1555991 -0.0056078 -0.0007027
C  0  1  40  0  0  9  -0.0375588  0.0200944 -0.0115695  0.0213386  0.0274409  0.0207162 -0.0385226  0.0142057 -0.0525116 -0.0078601  0.0421785 -0.0136349  0.0002015 -0.0339449 -0.0253547  0.1075792
C  0  1  40  0  0 10  -0.0477388 -0.0364951  0.0666083  0.0884978  0.0301061 -0.0109333 -0.0729366  0.0112731 -0.0134062 -0.0588522 -0.1077333 -0.0376495 -0.0728444  0.0175145 -0.0341734  0.0377982
C  0  1  40  0  0 11  -0.1077932  0.0059049 -0.0630165  0.0938047 -0.0220152  0.0513782  0.0483802  0.1049435  0.0123211  0.0146171  0.0245989 -0.0531501 -0.0766189 -0.0023201 -0.0124867 -0.0282582
C  0  1  40  0  0 12   0.1294896 -0.0172557  0.0064011  0.0439804 -0.0389116  0.0644550  0.0276962 -0.0255347  0.0278432  0.0381998  0.0353420 -0.0603652 -0.0341668 -0.0135003  0.0539381  0.0631952
C  0  1  40  0  0 13  -0.0339992 -0.0072765  0.0648079 -0.0537642  0.0056358 -0.0339764  0.0703975 -0.0118835  0.0058191  0.0358414 -0.0450390  0.0508446 -0.0392163  0.0462986 -0.0364707 -0.0225856
C  0  1  40  0  0 14   0.0454665 -0.0032497 -0.0200140 -0.0408463  0.0342828  0.0305727 -0.0150398  0.0383155 -0.0664658  0.0390586  0.0459307 -0.0969766  0.0230676  0.0715291  0.0213110 -0.0223597
C  0  1  40  0  0 15   0.0385681 -0.0768311 -0.0421244  0.0564254  0.0507250 -0.1552472  0.0199595 -0.0057150 -0.0221191  0.0402506  0.0010549 -0.1059495  0.0250743 -0.0420039 -0.0477593  0.0232337
C  0  1  40  0  0 16   0.1713553 -0.0548167 -0.0014721  0.1309806 -0.0003448 -0.1700481 -0.0413870  0.0536939 -0.0881385  0.0343540  0.0368874 -0.0685158 -0.1215195  0.0409033  0.0075311 -0.0248650
C  0  1  40  0  0 17  -0.0495106 -0.1065057 -0.0737136 -0.1118364 -0.1669256 -0.0535675 -0.0935736  0.0071870 -0.0758290 -0.1639069  0.0118742 -0.0430624 -0.0459783 -0.2473371 -0.0390616 -0.0318007
C  0  1  40  0  0 18  -0.1484559 -0.1252890  0.0185414 -0.0504369 -0.1110960 -0.0283485 -0.0587572  0.0206567 -0.1321687 -0.0021836 -0.0180308 -0.1126262 -0.0066715 -0.0163036 -0.1507502  0.0048665
C  0  1  40  0  0 19   0.0610296 -0.0003972 -0.2004032 -0.0149937 -0.1683075 -0.0575563 -0.0824470 -0.1178938 -0.1995670 -0.0768355 -0.1395397 -0.0466917 -0.0225469 -0.0279407  0.0176956 -0.0656335
C  0  1  40  0  0 20   0.0180700 -0.1336801 -0.1091136 -0.1379957 -0.1549479 -0.1325400 -0.1840945 -0.0821756 -0.1494059 -0.1363047 -0.2010183  0.0638901 -0.0309104 -0.1972554 -0.2216077 -0.0515143
C  0  1  40  0  0 21  -0.2796303 -0.3947239 -0.6199428 -0.2346788 -0.2754984 -0.1341794 -0.4487831 -0.1236946 -0.2233608 -0.1647581 -0.1969715 -0.3543343 -0.3533771 -0.4972434 -0.3180146 -0.2579648
C  0  1  40  0  1  0  -0.0025233 -0.0003814  0.0004444 -0.0008619 -0.0062730  0.0022596  0.0006383  0.0003011  0.0032785 -0.0002462 -0.0028638  0.0025550  0.0038611  0.0036385  0.0098018  0.0034906
C  0  1  40  0  1  1   0.0034018  0.0031638 -0.0004458  0.0007839  0.0013882 -0.0021081  0.0028711  0.0010915  0.0036636 -0.0001623 -0.0013854 -0.0004346  0.0029815  0.0044297  0.0026905  0.0010300
C  0  1  40  0  1  2   0.0003946  0.0005565 -0.0029951 -0.0007482 -0.0013681 -0.0011134  0.0024213 -0.0002899 -0.0008920  0.0014696 -0.0010508 -0.0026793  0.0041748  0.0012745 -0.0011889  0.0010074
C  0  1  40  0  1  3   0.0020175 -0.0015496  0.0009174 -0.0024385 -0.0037085  0.0024023  0.0004820 -0.0010397 -0.0024173 -0.0044342 -0.0033852  0.0000108  0.0018922 -0.0020042 -0.0017559  0.0019923
C  0  1  40  0  1  4   0.0030571 -0.0005946 -0.0025528  0.0022155  0.0010347 -0.0006347  0.0032118 -0.0034428 -0.0000650  0.0011579 -0.0011970 -0.0016082  0.0022317 -0.0028783 -0.0005428 -0.0020280
C  0  1  40  0  1  5   0.0008367  0.0007269 -0.0003811  0.0014930 -0.0004197  0.0017232 -0.0019408 -0.0011747  0.0003442  0.0001296  0.0025750 -0.0014544 -0.0008532  0.0013779 -0.0001284 -0.0015740
C  0  1  40  0  1  6   0.0027317 -0.0001001 -0.0021053  0.0015787 -0.0001690 -0.0016301 -0.0027453 -0.0009912  0.0006334 -0.0001830  0.0006415  0.0003376 -0.0012686 -0.0033304  0.0002040 -0.0003136
C  0  1  40  0  1  7   0.0032806  0.0014742  0.0018526  0.0000224  0.0024172  0.0020603 -0.0003623  0.0016299 -0.0000560 -0.0031456  0.0010426  0.0009539 -0.0003068  0.0003682  0.0001800 -0.0018772
C  0  1  40  0  1  8   0.0016762  0.0018963 -0.0007443  0.0010297  0.0012262 -0.0001797  0.0007724  0.0003906  0.0005751  0.0003443 -0.0004651 -0.0004995 -0.0009298  0.0011007  0.0009329  0.0006636
C  0  1  40  0  1  9  -0.0023085 -0.0006935  0.0023946  0.0014200  0.0002694 -0.0004554 -0.0001954  0.0004585  0.0020817 -0.0009109 -0.0031057 -0.0001893 -0.0006881 -0.0003703  0.0000033  0.0000386
C  0  1  40  0  1 10   0.0008754  0.0000750  0.0009638  0.0036046  0.0017371 -0.0023181  0.0008123 -0.0000754 -0.0023608 -0.0007967 -0.0001813 -0.0012771 -0.0016341 -0.0014791 -0.0005786  0.0017309
C  0  1  40  0  1 11  -0.0012797  0.0002997  0.0018483  0.0019348  0.0004625 -0.0005315 -0.0019038 -0.0018022 -0.0026768  0.0000159  0.0023177  0.0002931  0.0025585 -0.0003897 -0.0012854 -0.0005327
C  0  1  40  0  1 12  -0.0005522 -0.0003260 -0.0005971 -0.0015025  0.0012299 -0.0013024  0.0012925  0.0006337 -0.0004070 -0.0011030  0.0008639  0.0017485 -0.0009430 -0.0003069  0.0004720  0.0031600
C  0  1  40  0  1 13   0.0037434 -0.0024468  0.0009409  0.0012182  0.0028343  0.0000240 -0.0007538  0.0001020 -0.0008329 -0.0004883 -0.0005140 -0.0006541 -0.0006398  0.0009690 -0.0002666  0.0012129
C  0  1  40  0  1 14   0.0021477 -0.0003626  0.0024929  0.0011832  0.0007816  0.0019022 -0.0007847  0.0011969  0.0008770  0.0014399 -0.0012357  0.0006721  0.0013931  0.0007806 -0.0011085  0.0024164
C  0  1  40  0  1 15   0.0027546  0.0023510  0.0001722  0.0004797  0.0015358  0.0033000  0.0015595 -0.0015469  0.0009478  0.0001591  0.0010181  0.0000980  0.0006826  0.0010369  0.0014603  0.0006225
C  0  1  40  0  1 16   0.0000168  0.0032150  0.0020859  0.0031374 -0.0002905  0.0030503  0.0010144  0.0002466  0.0004273  0.0011509  0.0010214  0.0001337  0.0013133  0.0014001  0.0008776  0.0023808
C  0  1  40  0  1 17   0.0013503 -0.0010138 -0.0002588  0.0038623  0.0009639  0.0034069  0.0002592  0.0024677 -0.0011554  0.0039708  0.0033705  0.0012549  0.0021996 -0.0014880  0.0075433  0.0045472
C  0  1  40  0  1 18   0.0042172  0.0059264  0.0030409  0.0018074  0.0003398  0.0014872  0.0014188  0.0024320 -0.0005190  0.0029659  0.0042621  0.0009857 -0.0009481  0.0004183  0.0062703  0.0055508
C  0  1  40  0  1 19   0.0013855  0.0044424  0.0030709  0.0012612  0.0014736  0.0009196  0.0013108  0.0014295  0.0046641  0.0052703 -0.0000899  0.0010759  0.0022078  0.0026393  0.0032741  0.0062453
C  0  1  40  0  1 20   0.0073644  0.0053920  0.0052583  0.0065110  0.0033506  0.0053159  0.0056375  0.0035019  0.0051220  0.0040574 -0.0011422 -0.0018221  0.0028744  0.0035438  0.0063586  0.0073194
C  0  1  40  0  1 21   0.0143739  0.0113888  0.0060367  0.0014344 -0.0018107 -0.0036189 -0.0080786 -0.0021457 -0.0045636 -0.0008300 -0.0013835  0.0066023 -0.0010809  0.0048691  0.0072358  0.0044252
C  0  1  40  1  0  0  -0.5392117 -0.3510151 -0.3574794 -0.3217090 -0.1726435 -0.4131589 -0.3763520 -0.2912952 -0.3366203 -0.2942852 -0.3901551 -0.4708772 -0.3739342 -0.4404610 -0.4657149 -0.4082230
C  0  1  40  1  0  1  -0.2632300 -0.3478387 -0.2592927 -0.2940650 -0.3105585 -0.2992756 -0.2859615 -0.2504223 -0.2932540 -0.2323518 -0.3319176 -0.3262210 -0.3295722 -0.3788139 -0.3675450 -0.3105101
C  0  1  40  1  0  2  -0.3063214 -0.3254437 -0.2261984 -0.2469254 -0.2837453 -0.2522459 -0.2269772 -0.2686174 -0.2552979 -0.2095976 -0.2694319 -0.2678791 -0.3606970 -0.3835138 -0.2968323 -0.3377001
C  0  1  40  1  0  3  -0.3084408 -0.2472560 -0.2991338 -0.2884419 -0.2779792 -0.2728738 -0.2323639 -0.1480620 -0.2018485 -0.2120482 -0.2341573 -0.2321570 -0.2556876 -0.3121264 -0.3279166 -0.3086979
C  0  1  40  1  0  4  -0.2870854 -0.2783717 -0.2725397 -0.2690447 -0.2505843 -0.1810985 -0.2328427 -0.2565047 -0.2327737 -0.2428476 -0.2858152 -0.2805524 -0.3204830 -0.2694700 -0.2986850 -0.3278496
C  0  1  40  1  0  5  -0.1717374 -0.1374000 -0.1806991 -0.1283915 -0.1747436 -0.1441120 -0.1747514 -0.1502955 -0.1316132 -0.1629264 -0.2114640 -0.2240125 -0.2564318 -0.1681848 -0.2225736 -0.2133678
C  0  1  40  1  0  6  -0.1130996 -0.1032426 -0.1546271 -0.1629919 -0.0996444 -0.1170719 -0.1318362 -0.1501264 -0.1411007 -0.1180704 -0.1347420 -0.1391965 -0.1456460 -0.1598715 -0.1382835 -0.1700183
C  0  1  40  1  0  7  -0.1274740 -0.1377582 -0.1538542 -0.1238582 -0.1776202 -0.1717529 -0.1414290 -0.1467131 -0.1150052 -0.1115053 -0.1079166 -0.1395051 -0.1827600 -0.1033578 -0.1767331 -0.1536030
C  0  1  40  1  0  8  -0.1457103 -0.1000838 -0.1266332 -0.1624670 -0.1537692 -0.1497027 -0.1495387 -0.1647684 -0.1701361 -0.1352597 -0.1598399 -0.1687496 -0.1301987 -0.1526338 -0.1315313 -0.1138223
C  0  1  40  1  0  9  -0.1275027 -0.1462847 -0.0647566 -0.1247186 -0.1230078 -0.1245875 -0.1358242 -0.1628442 -0.1077125 -0.1197888 -0.0887164 -0.1437272 -0.1293847 -0.1027886 -0.1420310 -0.1564345
C  0  1  40  1  0 10  -0.1325368 -0.0999359 -0.0925835 -0.1521005 -0.1681187 -0.1393878 -0.1322603 -0.1334991 -0.1235732 -0.1567244 -0.1607735 -0.1140106 -0.1142768 -0.1132553 -0.1279852 -0.1432336
C  0  1  40  1  0 11  -0.1587785 -0.1598489 -0.1285387 -0.1108937 -0.1074711 -0.1178670 -0.1304538 -0.1307785 -0.1699040 -0.1100080 -0.1246359 -0.1206702 -0.1282268 -0.1174992 -0.0899943 -0.1649507
C  0  1  40  1  0 12  -0.0623055 -0.0713709 -0.1084148 -0.1091380 -0.1136659 -0.0919538 -0.1442203 -0.1628741 -0.1347029 -0.1259703 -0.1401595 -0.0917267 -0.1064936 -0.0826780 -0.0863787 -0.1075323
C  0  1  40  1  0 13  -0.1213254 -0.1530339 -0.1365518 -0.1350924 -0.1441369 -0.1417900 -0.1765875 -0.1275918 -0.1275056 -0.1138927 -0.1941635 -0.1635731 -0.1786535 -0.1121886 -0.1638689 -0.1303634
C  0  1  40  1  0 14  -0.1094313 -0.1154443 -0.1257671 -0.1328813 -0.1538000 -0.1125964 -0.1277016 -0.1938932 -0.1627370 -0.1860381 -0.1527396 -0.1682948 -0.1730345 -0.0840922 -0.1506987 -0.1685771
C  0  1  40  1  0 15  -0.0820627 -0.1696616 -0.1595008 -0.1162746 -0.1954622 -0.1238807 -0.1488029 -0.1563717 -0.1591484 -0.1154800 -0.1273320 -0.1754226 -0.1418903 -0.1292083 -0.0796359 -0.1634317
C  0  1  40  1  0 16  -0.1358320 -0.1997739 -0.1614388 -0.1198378 -0.1885159 -0.1635323 -0.1735739 -0.2287729 -0.2061351 -0.2379600 -0.1490028 -0.1047142 -0.1602275 -0.1701469 -0.1797347 -0.1130774
C  0  1  40  1  0 17  -0.2464313 -0.2603088 -0.1976024 -0.2849997 -0.1736307 -0.2508208 -0.3184267 -0.2634210 -0.2745609 -0.2840764 -0.2437866 -0.2020449 -0.2286072 -0.2946007 -0.2364755 -0.2855507
C  0  1  40  1  0 18  -0.2786179 -0.2362138 -0.2376483 -0.2342430 -0.2279303 -0.2560409 -0.3098726 -0.2234574 -0.2045055 -0.2364347 -0.2688215 -0.2973861 -0.2750560 -0.2364403 -0.1978243 -0.2222727
C  0  1  40  1  0 19  -0.2992094 -0.2617244 -0.2910379 -0.2633113 -0.2481817 -0.2338317 -0.2767905 -0.1777129 -0.2635237 -0.2194337 -0.2361086 -0.3047230 -0.2306417 -0.2414182 -0.2873064 -0.2806303
C  0  1  40  1  0 20  -0.2625796 -0.2569896 -0.3514771 -0.2544210 -0.3011841 -0.2259780 -0.2635692 -0.3180520 -0.3483406 -0.3063573 -0.3246473 -0.2195089 -0.3909062 -0.2652408 -0.3193832 -0.3224876
C  0  1  40  1  0 21  -0.4308798 -0.3840704 -0.3057554 -0.2956515 -0.2819921 -0.3247205 -0.2739305 -0.4033998 -0.3240624 -0.3821212 -0.4098057 -0.3751430 -0.3044694 -0.2325942 -0.3663540 -0.3723893
C  0  1  40  1  1  0   0.0459647  0.0490786  0.0409885  0.0247818  0.0027811 -0.0198218 -0.0299837 -0.0427198 -0.0457813 -0.0365521 -0.0339990 -0.0165505  0.0047743  0.0068459  0.0252742  0.0376382
C  0  1  40  1  1  1   0.0274668  0.0232897  0.0188996  0.0127952  0.0037539 -0.0057016 -0.0139585 -0.0171715 -0.0154157 -0.0130437 -0.0151363 -0.0067280  0.0049850  0.0093865  0.0133753  0.0248064
C  0  1  40  1  1  2   0.0125468  0.0142313  0.0093746  0.0066022  0.0021576 -0.0026054 -0.0065816 -0.0085615 -0.0085742 -0.0056300 -0.0041523 -0.0031781  0.0009716  0.0039448  0.0057326  0.0116995
C  0  1  40  1  1  3   0.0076531  0.0075078  0.0021535  0.0040504  0.0022435  0.0000844 -0.0039309 -0.0021850  0.0010613 -0.0001233 -0.0021247 -0.0012359  0.0013259  0.0025296  0.0033983  0.0073928
C  0  1  40  1  1  4   0.0032491  0.0032704  0.0015097  0.0011072  0.0039073  0.0028265  0.0027014  0.0021697  0.0043586  0.0032437 -0.0000001  0.0006739  0.0022748  0.0024943  0.0034675  0.0028075
C  0  1  40  1  1  5   0.0014514  0.0010889  0.0009620  0.0042483  0.0033135  0.0036639  0.0039755  0.0052888  0.0045146  0.0030332 -0.0008748 -0.0005783  0.0022246  0.0027184  0.0020716 -0.0001216
C  0  1  40  1  1  6   0.0019935  0.0019979  0.0013897  0.0053638  0.0048431  0.0057814  0.0057660  0.0056213  0.0046357  0.0015493  0.0008887  0.0021650  0.0016921  0.0009515  0.0025772  0.0001552
C  0  1  40  1  1  7  -0.0007859  0.0025897  0.0021140  0.0045449  0.0050623  0.0038565  0.0061236  0.0032030  0.0043153  0.0015964 -0.0005810  0.0005720  0.0017592  0.0006718  0.0015778 -0.0001916
C  0  1  40  1  1  8  -0.0002481  0.0021940  0.0025859  0.0027083  0.0045696  0.0046704  0.0049661  0.0060713  0.0052793  0.0018256  0.0014420 -0.0001905  0.0026878  0.0014573  0.0022486 -0.0007250
C  0  1  40  1  1  9   0.0020761  0.0037443  0.0023866  0.0035487  0.0027437  0.0037483  0.0046785  0.0042420  0.0033925  0.0005394  0.0012781  0.0009867  0.0012747  0.0006361  0.0009610 -0.0008098
C  0  1  40  1  1 10  -0.0003071  0.0027594  0.0018690  0.0025608  0.0024610  0.0021809  0.0028529  0.0031558  0.0043172  0.0003816  0.0000424  0.0010205  0.0004009  0.0015304  0.0023252  0.0002075
C  0  1  40  1  1 11   0.0007137  0.0027883  0.0008682  0.0023705  0.0029366  0.0005438  0.0017656  0.0029206  0.0042146  0.0017997 -0.0008913  0.0006093  0.0000383  0.0001565  0.0014930 -0.0007655
C  0  1  40  1  1 12   0.0007344  0.0019751  0.0035014  0.0035917  0.0031999  0.0015062  0.0008485  0.0029909  0.0046332  0.0009132  0.0015782  0.0013821  0.0005306 -0.0002368  0.0018308 -0.0008554
C  0  1  40  1  1 13   0.0002965  0.0018905  0.0022873  0.0035560  0.0035828  0.0029906  0.0045650  0.0056194  0.0055705  0.0012434  0.0015751  0.0003159 -0.0005996 -0.0017380  0.0008104 -0.0008154
C  0  1  40  1  1 14   0.0000283  0.0019470  0.0038579  0.0041258  0.0037848  0.0029919  0.0040389  0.0065268  0.0055088  0.0023492  0.0022584 -0.0001670 -0.0018787 -0.0009011 -0.0004773 -0.0016189
C  0  1  40  1  1 15  -0.0008332  0.0016498  0.0043017  0.0040816  0.0033985  0.0007840  0.0039086  0.0044798  0.0067704  0.0039378  0.0027558  0.0004547 -0.0026141 -0.0046356 -0.0042909 -0.0046930
C  0  1  40  1  1 16  -0.0009258  0.0014095  0.0027866  0.0051718  0.0049228  0.0005735  0.0044382  0.0044247  0.0044578  0.0065745  0.0029400  0.0027134 -0.0000628 -0.0007544 -0.0041446 -0.0050384
C  0  1  40  1  1 17  -0.0029095  0.0021630  0.0020440  0.0069411  0.0014173 -0.0004456  0.0026847  0.0048401  0.0053106  0.0047957  0.0044262  0.0013706 -0.0022771 -0.0032411 -0.0045167 -0.0045802
C  0  1  40  1  1 18   0.0003783  0.0080261  0.0049083  0.0070055  0.0040570  0.0001591 -0.0016318 -0.0013133  0.0036382  0.0045192  0.0021282  0.0023661 -0.0009257 -0.0019380 -0.0047220 -0.0042061
C  0  1  40  1  1 19   0.0036749  0.0080101  0.0121710  0.0107527  0.0074755  0.0021451 -0.0024293 -0.0003974  0.0036492  0.0056240  0.0035856  0.0001374 -0.0014254 -0.0040889 -0.0051436 -0.0019076
C  0  1  40  1  1 20   0.0026191  0.0161160  0.0191808  0.0140921  0.0092024  0.0048556 -0.0001730  0.0010296  0.0025092  0.0080967  0.0026647 -0.0009278 -0.0062440 -0.0062032 -0.0052530 -0.0024061
C  0  1  40  1  1 21   0.0089743  0.0215675  0.0315082  0.0217284  0.0163984  0.0180150  0.0117439  0.0101615  0.0116711  0.0130390  0.0029431 -0.0023946 -0.0088083 -0.0191159 -0.0067836  0.0011028
