CPHI 16 
CETA 22 -2.40 -2.10 -1.85 -1.60 -1.40 -1.20 -1.00 -0.80 -0.60 -0.40 -0.20  0.00  0.20  0.40  0.60  0.80  1.00  1.20  1.40  1.60  1.85  2.10  2.40 
RMIN  6 
RTRK 12 
RETA 11  0.00  0.20  0.40  0.60  0.80  1.00  1.20  1.40  1.60  1.85  2.10  2.40 
T 0 1  41  0  0  0    0.0000000   0.0005975   0.0016655   0.0031907   0.0123586   0.0688041   0.2770758   0.6530256   1.0000000   1.0000000   1.0000000   1.0000000   1.0000000
T 0 1  41  0  0  1    0.0000000   0.0001433   0.0005620   0.0024249   0.0124178   0.0589738   0.2261393   0.5891936   1.0000000   1.0000000   1.0000000   1.0000000   1.0000000
T 0 1  41  0  0  2    0.0000000   0.0001151   0.0005205   0.0017792   0.0106498   0.0553677   0.2088345   0.5735466   1.0000000   1.0000000   1.0000000   1.0000000   1.0000000
T 0 1  41  0  0  3    0.0000000   0.0001768   0.0005866   0.0017075   0.0114515   0.0625176   0.2255848   0.5867680   1.0000000   1.0000000   1.0000000   1.0000000   1.0000000
T 0 1  41  0  0  4    0.0000000   0.0004214   0.0025201   0.0144524   0.0630079   0.2036000   0.4887126   0.8225433   1.0000000   1.0000000   1.0000000   1.0000000   1.0000000
T 0 1  41  0  0  5    0.0000000   0.0010242   0.0075234   0.0514934   0.2056786   0.5331467   0.8760113   0.9994004   1.0000000   1.0000000   1.0000000   1.0000000   1.0000000
T 0 1  41  0  0  6    0.0000000   0.0002846   0.0012021   0.0103859   0.0674452   0.2770584   0.6628390   0.9306552   0.9982700   0.9999988   1.0000000   1.0000000   1.0000000
T 0 1  41  0  0  7    0.0000000   0.0000462   0.0003688   0.0009153   0.0047289   0.0308624   0.1193560   0.2967466   0.5823088   0.8697253   0.9843301   0.9998720   1.0000000
T 0 1  41  0  0  8    0.0000000   0.0000012   0.0000336   0.0001004   0.0004030   0.0009981   0.0040643   0.0250538   0.1197643   0.3935093   0.7891635   0.9691763   1.0000000
T 0 1  41  0  0  9    0.0000000   0.0000059   0.0000128   0.0000327   0.0005450   0.0035722   0.0182117   0.0860366   0.3033267   0.6589828   0.9389772   0.9999372   1.0000000
T 0 1  41  0  0 10    0.0000000   0.0066721   0.0289470   0.0466330   0.0796347   0.1684960   0.3383920   0.6901271   0.9100933   0.9701576   0.9998505   1.0000000   1.0000000
T 0 1  41  1  0  0    0.0000000   0.0005148   0.0016399   0.0047460   0.0213440   0.1017716   0.3374237   0.6994022   1.0000000   1.0000000   1.0000000   1.0000000   1.0000000
T 0 1  41  1  0  1    0.0000000   0.0002633   0.0010891   0.0042307   0.0181163   0.0752157   0.2537985   0.6193956   1.0000000   1.0000000   1.0000000   1.0000000   1.0000000
T 0 1  41  1  0  2    0.0000000   0.0002194   0.0008486   0.0027728   0.0124455   0.0616642   0.2339277   0.6064318   1.0000000   1.0000000   1.0000000   1.0000000   1.0000000
T 0 1  41  1  0  3    0.0000000   0.0002283   0.0008669   0.0027852   0.0140251   0.0700545   0.2491207   0.6198491   1.0000000   1.0000000   1.0000000   1.0000000   1.0000000
T 0 1  41  1  0  4    0.0000000   0.0004356   0.0027620   0.0153929   0.0663357   0.2155446   0.5058694   0.8320271   1.0000000   1.0000000   1.0000000   1.0000000   1.0000000
T 0 1  41  1  0  5    0.0000000   0.0011873   0.0094478   0.0577925   0.2246261   0.5586818   0.8900123   0.9996500   1.0000000   1.0000000   1.0000000   1.0000000   1.0000000
T 0 1  41  1  0  6    0.0000000   0.0004626   0.0026649   0.0180020   0.0942133   0.3329130   0.7236541   0.9536823   0.9988141   0.9999984   1.0000000   1.0000000   1.0000000
T 0 1  41  1  0  7    0.0000000   0.0002246   0.0006446   0.0024765   0.0123245   0.0526267   0.1570011   0.3413836   0.6074237   0.8728054   0.9849908   0.9998878   1.0000000
T 0 1  41  1  0  8    0.0000000   0.0009562   0.0014955   0.0017998   0.0022382   0.0036136   0.0107994   0.0452511   0.1686405   0.4573475   0.8251665   0.9710661   1.0000000
T 0 1  41  1  0  9    0.0000000   0.0021003   0.0074838   0.0131257   0.0159362   0.0198461   0.0401951   0.1288935   0.3661962   0.7154288   0.9583841   0.9999941   1.0000000
T 0 1  41  1  0 10    0.0000000   0.0032254   0.0170235   0.0428863   0.0843736   0.1746921   0.3942474   0.7474223   0.9511020   0.9856143   0.9999985   1.0000000   1.0000000
R 0 1  41  0  0  0    0.0230962   0.0230962   0.0114304   0.0105165   0.0104290   0.0102163   0.0099935   0.0098663   0.0098663   0.0098663   0.0098663   0.0098663
R 0 1  41  0  0  1    0.0117469   0.0117469   0.0117469   0.0117469   0.0110924   0.0109320   0.0109726   0.0108437   0.0108437   0.0108437   0.0108437   0.0108437
R 0 1  41  0  0  2    0.0128615   0.0128615   0.0128615   0.0128615   0.0120300   0.0119494   0.0118579   0.0116873   0.0116873   0.0116873   0.0116873   0.0116873
R 0 1  41  0  0  3    0.0139031   0.0139031   0.0139031   0.0139031   0.0127211   0.0125947   0.0123934   0.0122499   0.0122499   0.0122499   0.0122499   0.0122499
R 0 1  41  0  0  4    0.0193695   0.0193695   0.0193695   0.0173102   0.0169793   0.0159135   0.0144820   0.0130549   0.0130549   0.0130549   0.0130549   0.0130549
R 0 1  41  0  0  5    0.0203392   0.0203392   0.0195050   0.0191281   0.0187166   0.0180237   0.0169199   0.0169199   0.0169199   0.0169199   0.0169199   0.0169199
R 0 1  41  0  0  6    0.0205787   0.0205787   0.0205787   0.0204402   0.0207715   0.0207324   0.0207773   0.0205658   0.0205658   0.0205658   0.0205658   0.0205658
R 0 1  41  0  0  7    0.0218446   0.0218446   0.0218446   0.0218446   0.0208129   0.0211806   0.0211888   0.0209722   0.0205540   0.0197608   0.0197608   0.0197608
R 0 1  41  0  0  8    0.0212039   0.0212039   0.0212039   0.0212039   0.0212039   0.0212039   0.0212039   0.0210546   0.0209530   0.0209117   0.0201244   0.0189520
R 0 1  41  0  0  9    0.0303954   0.0303954   0.0303954   0.0303954   0.0303954   0.0303954   0.0295051   0.0287742   0.0274950   0.0264999   0.0250264   0.0250264
R 0 1  41  0  0 10    0.0781620   0.0705262   0.0615200   0.0537805   0.0473061   0.0439101   0.0410725   0.0357386   0.0336991   0.0308135   0.0308135   0.0308135
R 0 1  41  0  1  0    0.0000000   0.0000000   0.0000000   0.0000833   0.0000875   0.0000800   0.0000727   0.0000654   0.0000654   0.0000654   0.0000654   0.0000654
R 0 1  41  0  1  1    0.0000771   0.0000771   0.0000771   0.0000771   0.0000707   0.0000699   0.0000630   0.0000564   0.0000564   0.0000564   0.0000564   0.0000564
R 0 1  41  0  1  2    0.0001016   0.0001016   0.0001016   0.0001016   0.0000728   0.0000581   0.0000623   0.0000508   0.0000508   0.0000508   0.0000508   0.0000508
R 0 1  41  0  1  3    0.0000897   0.0000897   0.0000897   0.0000897   0.0000649   0.0000600   0.0000570   0.0000511   0.0000511   0.0000511   0.0000511   0.0000511
R 0 1  41  0  1  4    0.0001405   0.0001405   0.0001405   0.0000663   0.0000917   0.0000745   0.0000520   0.0000445   0.0000445   0.0000445   0.0000445   0.0000445
R 0 1  41  0  1  5    0.0001270   0.0001270   0.0000820   0.0000773   0.0000643   0.0000585   0.0000483   0.0000483   0.0000483   0.0000483   0.0000483   0.0000483
R 0 1  41  0  1  6    0.0001021   0.0001021   0.0001021   0.0000484   0.0000611   0.0000583   0.0000514   0.0000173   0.0000173   0.0000173   0.0000173   0.0000173
R 0 1  41  0  1  7    0.0000719   0.0000719   0.0000719   0.0000719   0.0000612   0.0000696   0.0000752   0.0000724   0.0000755   0.0000602   0.0000602   0.0000602
R 0 1  41  0  1  8    0.0001050   0.0001050   0.0001050   0.0001050   0.0001050   0.0001050   0.0001050   0.0001109   0.0000970   0.0000987   0.0000812   0.0000641
R 0 1  41  0  1  9    0.0001971   0.0001971   0.0001971   0.0001971   0.0001971   0.0001971   0.0001856   0.0001932   0.0001807   0.0001569   0.0001218   0.0001218
R 0 1  41  0  1 10    0.0013514   0.0011811   0.0008793   0.0007480   0.0005849   0.0004543   0.0003838   0.0002617   0.0002095   0.0001770   0.0001770   0.0001770
R 0 1  41  0  2  0    0.0000000   0.0000000   0.0000000   0.0000882   0.0000000   0.0000074   0.0000171   0.0000000   0.0000000   0.0000000   0.0000000   0.0000000
R 0 1  41  0  2  1    0.0000000   0.0000000   0.0000000   0.0000000   0.0000000   0.0000069   0.0000158   0.0000242   0.0000242   0.0000242   0.0000242   0.0000242
R 0 1  41  0  2  2    0.0000000   0.0000000   0.0000000   0.0000000   0.0000467   0.0000199   0.0000079   0.0000167   0.0000167   0.0000167   0.0000167   0.0000167
R 0 1  41  0  2  3    0.0000711   0.0000711   0.0000711   0.0000711   0.0000000   0.0000124   0.0000080   0.0000096   0.0000096   0.0000096   0.0000096   0.0000096
R 0 1  41  0  2  4    0.0000000   0.0000000   0.0000000   0.0000000   0.0000000   0.0000000   0.0000111   0.0000000   0.0000000   0.0000000   0.0000000   0.0000000
R 0 1  41  0  2  5    0.0000000   0.0000000   0.0000000   0.0000000   0.0000235   0.0000235   0.0000000   0.0000000   0.0000000   0.0000000   0.0000000   0.0000000
R 0 1  41  0  2  6    0.0000000   0.0000000   0.0000000   0.0000000   0.0000000   0.0000000   0.0000000   0.0000000   0.0000000   0.0000000   0.0000000   0.0000000
R 0 1  41  0  2  7    0.0000000   0.0000000   0.0000000   0.0000000   0.0000000   0.0000413   0.0000000   0.0000000   0.0000000   0.0000000   0.0000000   0.0000000
R 0 1  41  0  2  8    0.0000000   0.0000000   0.0000000   0.0000000   0.0000000   0.0000000   0.0000000   0.0000000   0.0000000   0.0000185   0.0000000   0.0000000
R 0 1  41  0  2  9    0.0000000   0.0000000   0.0000000   0.0000000   0.0000000   0.0000000   0.0000000   0.0000288   0.0000000   0.0000171   0.0000794   0.0000794
R 0 1  41  0  2 10    0.0000000   0.0000000   0.0000000   0.0000000   0.0000000   0.0000000   0.0000000   0.0000000   0.0000000   0.0000000   0.0000000   0.0000000
R 0 1  41  0  3  0    1.0761418   1.0761418   1.0711567   1.0154692   1.0010176   0.9857712   0.9816590   0.9843083   0.9843083   0.9843083   0.9843083   0.9843083
R 0 1  41  0  3  1    1.0269531   1.0269531   1.0269531   1.0269531   0.9856565   0.9830433   0.9793495   0.9797425   0.9797425   0.9797425   0.9797425   0.9797425
R 0 1  41  0  3  2    1.0330115   1.0330115   1.0330115   1.0330115   0.9965261   0.9841940   0.9806841   0.9820867   0.9820867   0.9820867   0.9820867   0.9820867
R 0 1  41  0  3  3    0.9853601   0.9853601   0.9853601   0.9853601   1.0008963   0.9833240   0.9825698   0.9810921   0.9810921   0.9810921   0.9810921   0.9810921
R 0 1  41  0  3  4    1.0101074   1.0101074   1.0101074   0.9931575   0.9807405   0.9740913   0.9763954   0.9913187   0.9913187   0.9913187   0.9913187   0.9913187
R 0 1  41  0  3  5    1.0491234   1.0491234   0.9985165   0.9823784   0.9731040   0.9750841   0.9735346   0.9735346   0.9735346   0.9735346   0.9735346   0.9735346
R 0 1  41  0  3  6    1.0196342   1.0196342   1.0196342   1.0082770   0.9895289   0.9829802   0.9831239   0.9817282   0.9817282   0.9817282   0.9817282   0.9817282
R 0 1  41  0  3  7    1.0607056   1.0607056   1.0607056   1.0607056   1.0202290   0.9945013   0.9900460   0.9862234   0.9858866   0.9879678   0.9879678   0.9879678
R 0 1  41  0  3  8    1.0154130   1.0154130   1.0154130   1.0154130   1.0154130   1.0154130   1.0154130   0.9931389   0.9834553   0.9836328   0.9861261   1.0054373
R 0 1  41  0  3  9    1.0117703   1.0117703   1.0117703   1.0117703   1.0117703   1.0117703   0.9956777   0.9722553   0.9741201   0.9826589   1.0005051   1.0005051
R 0 1  41  0  3 10    1.0550474   1.0364250   1.0279999   0.9930801   0.9767756   0.9661895   0.9643742   0.9634399   1.0041051   1.0036124   1.0036124   1.0036124
R 0 1  41  0  4  0    1.2711985   1.2711985   1.2816881   2.1259371   2.3010346   2.3167445   2.2461965   2.2955704   2.2955704   2.2955704   2.2955704   2.2955704
R 0 1  41  0  4  1    1.9584800   1.9584800   1.9584800   1.9584800   2.0846706   2.2255726   2.1909197   2.2091990   2.2091990   2.2091990   2.2091990   2.2091990
R 0 1  41  0  4  2    2.0640667   2.0640667   2.0640667   2.0640667   2.1678867   2.2300489   2.2113859   2.2403027   2.2403027   2.2403027   2.2403027   2.2403027
R 0 1  41  0  4  3    1.7514399   1.7514399   1.7514399   1.7514399   2.2282501   2.2150856   2.2435255   2.2163226   2.2163226   2.2163226   2.2163226   2.2163226
R 0 1  41  0  4  4    1.8723076   1.8723076   1.8723076   2.0339301   2.1458701   2.0813747   2.1807389   2.3606884   2.3606884   2.3606884   2.3606884   2.3606884
R 0 1  41  0  4  5    1.8771630   1.8771630   2.1519767   2.1383893   2.0724941   2.1142843   2.0078928   2.0078928   2.0078928   2.0078928   2.0078928   2.0078928
R 0 1  41  0  4  6    2.0037761   2.0037761   2.0037761   2.2452878   2.3350224   2.3330757   2.3306040   2.1995945   2.1995945   2.1995945   2.1995945   2.1995945
R 0 1  41  0  4  7    1.9466267   1.9466267   1.9466267   1.9466267   2.0862149   2.3168519   2.3401963   2.3618387   2.3637841   2.3621024   2.3621024   2.3621024
R 0 1  41  0  4  8    2.1511392   2.1511392   2.1511392   2.1511392   2.1511392   2.1511392   2.1511392   2.2378156   2.2202235   2.2637007   2.2604079   2.2989825
R 0 1  41  0  4  9    1.8957358   1.8957358   1.8957358   1.8957358   1.8957358   1.8957358   2.0247963   2.0332545   2.0560665   2.1970561   2.2191499   2.2191499
R 0 1  41  0  4 10    2.1090726   2.1206319   1.9637589   1.9377023   1.9711271   1.8933467   1.9120500   1.8719768   2.1160045   2.0441107   2.0441107   2.0441107
R 0 1  41  0  5  0   15.6143691  15.6143691   7.3418610   3.2943638   3.4327334   3.5737769   4.0718744   3.8474849   3.8474849   3.8474849   3.8474849   3.8474849
R 0 1  41  0  5  1    3.9682503   3.9682503   3.9682503   3.9682503   4.4206109   3.9878987   4.4240954   4.3471299   4.3471299   4.3471299   4.3471299   4.3471299
R 0 1  41  0  5  2    3.1828945   3.1828945   3.1828945   3.1828945   4.6190490   4.4077555   4.3321445   4.3285215   4.3285215   4.3285215   4.3285215   4.3285215
R 0 1  41  0  5  3    5.4379947   5.4379947   5.4379947   5.4379947   4.2001641   4.2484023   4.1571460   4.4668129   4.4668129   4.4668129   4.4668129   4.4668129
R 0 1  41  0  5  4    5.1360560   5.1360560   5.1360560   4.9581669   4.6403920   5.1028861   4.0772850   3.0998900   3.0998900   3.0998900   3.0998900   3.0998900
R 0 1  41  0  5  5    3.9821525   3.9821525   4.3640752   4.7071348   5.3880218   4.5630038   3.9925981   3.9925981   3.9925981   3.9925981   3.9925981   3.9925981
R 0 1  41  0  5  6    3.1507933   3.1507933   3.1507933   3.7564855   3.4136782   3.0044503   2.4688446   2.2246781   2.2246781   2.2246781   2.2246781   2.2246781
R 0 1  41  0  5  7    3.1516603   3.1516603   3.1516603   3.1516603   5.2892288   3.2809838   2.9678391   2.8627876   2.6367851   2.0163071   2.0163071   2.0163071
R 0 1  41  0  5  8    4.3809631   4.3809631   4.3809631   4.3809631   4.3809631   4.3809631   4.3809631   4.5177386   4.5002338   4.2228304   3.8639654   3.9073621
R 0 1  41  0  5  9    6.6806025   6.6806025   6.6806025   6.6806025   6.6806025   6.6806025   6.5033612   6.2969657   6.5941952   5.5566552   5.9303550   5.9303550
R 0 1  41  0  5 10    6.3215826   4.6336285   4.2826740   5.3296244   5.5374635   7.6209166   9.0787223  11.1286199   6.1614997   6.4867934   6.4867934   6.4867934
F  0  1  41  0  0  0    1.0159234   1.0525154   0.9651866   0.9715620   0.9712605   1.0130674   0.9829407   0.9848023   0.9934710   0.9841263   0.9767333
F  0  1  41  1  0  0    1.0764041   1.1031974   1.0628736   1.0396566   1.0505831   1.0854457   1.0647202   1.0521462   1.0368679   1.0656687   1.0847071
C  0  1  41  0  0  0  -0.2616275 -0.0906431 -0.0738448 -0.3182524 -0.2618811 -0.2088472 -0.0800703 -0.1284772 -0.2463899 -0.1201824 -0.1120099 -0.1372566 -0.1338994 -0.3282703 -0.2701331  0.0263721
C  0  1  41  0  0  1  -0.1709879 -0.1514005 -0.0986091 -0.0162517 -0.0892321 -0.0276875 -0.1181574 -0.0920643 -0.0048173 -0.1469084  0.1090579 -0.1236915 -0.0936684 -0.1861010 -0.1733501 -0.0584413
C  0  1  41  0  0  2  -0.1031463 -0.1701828 -0.1497998 -0.1740317 -0.1014172 -0.1232977 -0.0463321 -0.0947000 -0.0328634 -0.0751462 -0.0659426 -0.0107406 -0.0745651 -0.1443322  0.0105735 -0.1968769
C  0  1  41  0  0  3  -0.0264457 -0.1673392 -0.0796846  0.0536227  0.1483920 -0.1752462 -0.0676742 -0.0536479 -0.0279526  0.0309018 -0.0607900 -0.0113477 -0.1535741 -0.1804829 -0.2043686  0.0087488
C  0  1  41  0  0  4  -0.1145244 -0.1765055 -0.0222379 -0.0734231 -0.1115628 -0.1793671 -0.1587632 -0.0243442 -0.0741080 -0.0669083  0.0176107 -0.0781922 -0.1788189 -0.0825525 -0.0473815 -0.0942087
C  0  1  41  0  0  5  -0.0704443 -0.0366925 -0.1224212  0.0899349 -0.0375550  0.0312619  0.0854216  0.0674413  0.1039961  0.0343271  0.0605682  0.0194546 -0.0331544 -0.0020639  0.1076367 -0.1762703
C  0  1  41  0  0  6  -0.0049321  0.0831338  0.0212936 -0.0776891 -0.0991469  0.0372876 -0.0515115 -0.0743062  0.0113157 -0.0052611  0.0028706  0.0933165 -0.0911555  0.0335707 -0.0310583  0.0485882
C  0  1  41  0  0  7  -0.0381175  0.0490167  0.0151999 -0.0610070  0.0841931  0.1112248  0.0106343  0.0652355 -0.0279982 -0.0525637  0.0607505  0.0095793 -0.0086655 -0.0208034 -0.0156873  0.0387191
C  0  1  41  0  0  8  -0.0173448  0.0122844  0.0595855 -0.0181314 -0.0434133  0.0450720 -0.0711064 -0.0490552  0.0207114  0.0597871 -0.0005843 -0.0120535 -0.0104359  0.0646340 -0.0465520 -0.0843069
C  0  1  41  0  0  9   0.0330219 -0.0001899 -0.0399895  0.0216680 -0.0128904 -0.0455858 -0.0470977  0.0401591 -0.0368015  0.0432252  0.0712689  0.0063580 -0.0614708  0.0769075 -0.0086796  0.0544084
C  0  1  41  0  0 10   0.0032802  0.0043451  0.0090756  0.0321202  0.0058293  0.0920041 -0.0825866 -0.0008695 -0.0053571 -0.0537287  0.0162485  0.0219432 -0.0459640  0.0833062 -0.0097908  0.0103687
C  0  1  41  0  0 11  -0.0861793  0.0948288 -0.0536185  0.0266360  0.0408294 -0.0071732 -0.0391045  0.0469806  0.0314889  0.0119622  0.0022478 -0.0154280 -0.0043438  0.0345195 -0.0123073 -0.0058704
C  0  1  41  0  0 12   0.0610547  0.0239336 -0.0159435  0.0002682 -0.0085974  0.0519138 -0.0065391 -0.0946085  0.0055993  0.1430008  0.0662748 -0.0137756 -0.0213255  0.0568487  0.0295121 -0.0185722
C  0  1  41  0  0 13  -0.0473108 -0.0356107 -0.0252583  0.0058994  0.0161493 -0.0381433 -0.0229169  0.0193083  0.0138642  0.0760658  0.0090780  0.0271427 -0.0143345  0.0286001  0.0026020  0.0173818
C  0  1  41  0  0 14  -0.0410868 -0.0212119  0.0064006  0.0196526 -0.0052786  0.0030268  0.0369754 -0.0144983 -0.0539583  0.0085211  0.0833883 -0.0046229  0.0168171 -0.0093650 -0.0072540 -0.0329813
C  0  1  41  0  0 15  -0.0326121 -0.0948015 -0.0168292  0.0967433  0.0149564 -0.1404247 -0.0192650  0.0382638  0.0559253  0.0147394 -0.0380399 -0.0988195  0.0863910  0.0310712 -0.0248741 -0.0155739
C  0  1  41  0  0 16   0.0837099 -0.0350181  0.0118501  0.0449592 -0.0402350 -0.1138471  0.0398353 -0.0838595 -0.0366927  0.1383480  0.0045090 -0.0086087 -0.1016748  0.0264044 -0.0729008  0.0448394
C  0  1  41  0  0 17  -0.1226620 -0.1145014 -0.1687534 -0.0610108 -0.1644182 -0.0377390 -0.1097851  0.0005686 -0.0178217 -0.0072895  0.0394531 -0.0286247 -0.0607673 -0.1910448 -0.0656106 -0.0117665
C  0  1  41  0  0 18  -0.1654844  0.0073446 -0.0395450 -0.0222676 -0.0610244 -0.0415643  0.1266233 -0.0010138 -0.0711567 -0.0158924  0.0360951 -0.1448680 -0.0470194  0.0466044 -0.0707553  0.0044123
C  0  1  41  0  0 19   0.0442220 -0.1344478 -0.1042908 -0.0723078 -0.1560073 -0.0841203 -0.1129953 -0.0579243 -0.1427725  0.0272630 -0.1262216 -0.0689554 -0.0089950 -0.1752952 -0.0460059 -0.0770348
C  0  1  41  0  0 20  -0.0615718 -0.2516751  0.0478253 -0.0042849 -0.2101784 -0.1478583 -0.1079834 -0.1729583 -0.1465487 -0.2976127 -0.1574006 -0.0506854 -0.0377417 -0.1054269 -0.1149384 -0.1615431
C  0  1  41  0  0 21  -0.2305733 -0.3568320 -0.1821596 -0.1962450 -0.1945761 -0.1838350 -0.1991169 -0.1183850 -0.2202277 -0.1500168 -0.1021392 -0.2760275 -0.4499807 -0.3477004 -0.3062276 -0.2443422
C  0  1  41  0  1  0   0.0020474 -0.0008800  0.0029318  0.0001692 -0.0001539  0.0049113 -0.0017417 -0.0002618  0.0028123 -0.0011018 -0.0042004  0.0007537  0.0052103  0.0038613  0.0072961  0.0061621
C  0  1  41  0  1  1   0.0008177  0.0004798 -0.0031412 -0.0034214 -0.0026200 -0.0020783  0.0059196  0.0000956  0.0007225 -0.0007375 -0.0029877 -0.0031471  0.0023974  0.0037068  0.0027078  0.0003318
C  0  1  41  0  1  2   0.0021955 -0.0012085 -0.0003243  0.0016222 -0.0037551 -0.0006933  0.0007027  0.0010183 -0.0003056 -0.0020506 -0.0021066 -0.0028670  0.0002258 -0.0019342 -0.0012409  0.0042908
C  0  1  41  0  1  3   0.0021167 -0.0025872  0.0021406  0.0008963  0.0009558  0.0017082  0.0000656 -0.0021160 -0.0030566 -0.0039745 -0.0030792 -0.0021962  0.0000123 -0.0022519 -0.0012079  0.0018581
C  0  1  41  0  1  4   0.0035082 -0.0003852 -0.0006687  0.0005586  0.0020784  0.0007125 -0.0002801  0.0006409 -0.0006249  0.0024057  0.0011621 -0.0018546  0.0034463  0.0001957 -0.0002423 -0.0048278
C  0  1  41  0  1  5   0.0003020  0.0007836 -0.0016875 -0.0001600 -0.0000118 -0.0004757 -0.0004431  0.0004027  0.0002650  0.0012992  0.0017208 -0.0012225 -0.0004419  0.0007049 -0.0000122 -0.0004963
C  0  1  41  0  1  6   0.0027467 -0.0007962 -0.0009416  0.0007350 -0.0004729  0.0001526 -0.0023963 -0.0025515 -0.0014448 -0.0009389 -0.0017856 -0.0016775 -0.0020181 -0.0022369  0.0000477 -0.0003487
C  0  1  41  0  1  7   0.0018448  0.0000469 -0.0010197 -0.0005356  0.0009925 -0.0001638 -0.0017735  0.0006297  0.0004197  0.0007522  0.0019791 -0.0013508 -0.0012535  0.0009166 -0.0013577 -0.0010271
C  0  1  41  0  1  8   0.0024162 -0.0005838 -0.0008749 -0.0003632  0.0015737  0.0009982  0.0009265 -0.0005129  0.0016619  0.0006176  0.0004049 -0.0011605 -0.0007082  0.0015157 -0.0014275 -0.0002331
C  0  1  41  0  1  9  -0.0021846  0.0007507  0.0013150  0.0007755 -0.0000648  0.0008870  0.0004342  0.0016422 -0.0009027 -0.0010964 -0.0041067  0.0006746 -0.0005788 -0.0013779 -0.0011611  0.0012703
C  0  1  41  0  1 10   0.0010591  0.0008652  0.0017410  0.0009882  0.0016509 -0.0013329 -0.0003175 -0.0001473 -0.0016500 -0.0014396 -0.0010869  0.0001652 -0.0007609 -0.0012882  0.0007997 -0.0004939
C  0  1  41  0  1 11   0.0010657  0.0017499 -0.0005047  0.0016607 -0.0005519 -0.0015961 -0.0012569 -0.0020699 -0.0025952 -0.0002330 -0.0010569 -0.0022707 -0.0005403 -0.0001607  0.0003144  0.0003372
C  0  1  41  0  1 12  -0.0007827  0.0001649 -0.0000466  0.0011907  0.0018022 -0.0003367  0.0006820 -0.0000860 -0.0002982  0.0001268  0.0004112  0.0018922 -0.0006898 -0.0007435 -0.0001155  0.0023089
C  0  1  41  0  1 13   0.0025788 -0.0004623  0.0022065  0.0014653  0.0024247  0.0010287 -0.0017277 -0.0003315  0.0010184 -0.0019223 -0.0017544 -0.0028301  0.0002099 -0.0007223 -0.0004143  0.0011141
C  0  1  41  0  1 14   0.0016838  0.0001446  0.0008596  0.0014532  0.0016629  0.0029112 -0.0020335  0.0003386  0.0012663  0.0003600 -0.0001961  0.0010652 -0.0024613 -0.0000669  0.0004372  0.0018910
C  0  1  41  0  1 15   0.0003647  0.0007686  0.0000281  0.0012274  0.0009496  0.0016391  0.0018858 -0.0002588 -0.0004387 -0.0013895 -0.0020597  0.0008532  0.0003892 -0.0000692 -0.0000620 -0.0002860
C  0  1  41  0  1 16   0.0022974  0.0018144 -0.0009595  0.0023207 -0.0004445  0.0017938 -0.0004472  0.0010256 -0.0006165 -0.0019121  0.0013568  0.0010616 -0.0006740  0.0023877  0.0027879  0.0015399
C  0  1  41  0  1 17   0.0014882 -0.0004597 -0.0026184  0.0036206  0.0013351  0.0034719  0.0024450  0.0018833 -0.0005309  0.0036275  0.0024487  0.0013826  0.0015185 -0.0008003  0.0053469  0.0039826
C  0  1  41  0  1 18   0.0085400  0.0053921 -0.0004645  0.0009851 -0.0004973  0.0000023  0.0051944  0.0020716 -0.0025500  0.0026253  0.0038355  0.0007386 -0.0024876  0.0006898  0.0067853  0.0051098
C  0  1  41  0  1 19   0.0019110  0.0011009  0.0021827  0.0027990  0.0006622  0.0028517  0.0040699  0.0019022  0.0019564  0.0052447 -0.0016435  0.0009123  0.0017916  0.0031834  0.0043837  0.0047430
C  0  1  41  0  1 20   0.0046984  0.0054660  0.0016791  0.0016688  0.0020946  0.0042785  0.0026422  0.0044618  0.0028533  0.0023581 -0.0007251 -0.0011179  0.0018744  0.0040939  0.0059681  0.0040094
C  0  1  41  0  1 21   0.0124041  0.0167603  0.0043378  0.0024328 -0.0056722 -0.0074628 -0.0089407 -0.0014877 -0.0044390 -0.0044520  0.0027561  0.0066589  0.0019820  0.0053940  0.0069258  0.0025062
C  0  1  41  1  0  0  -0.3464611 -0.3546136 -0.2550707 -0.3464735 -0.1545793 -0.3392031 -0.3579987 -0.2604740 -0.3104808 -0.3287307 -0.4536061 -0.4417283 -0.5231888 -0.3357387 -0.4183177 -0.4512662
C  0  1  41  1  0  1  -0.2515284 -0.3245311 -0.2777389 -0.2961003 -0.2956671 -0.2630477 -0.2831444 -0.2558713 -0.2706719 -0.2837445 -0.3414161 -0.3479213 -0.4114086 -0.3791646 -0.3581840 -0.2810362
C  0  1  41  1  0  2  -0.3480269 -0.3280977 -0.2643657 -0.2733611 -0.2846681 -0.2646343 -0.2468324 -0.2407891 -0.2621095 -0.2234681 -0.3500623 -0.3399375 -0.3459686 -0.3541473 -0.2982679 -0.3577457
C  0  1  41  1  0  3  -0.2767630 -0.2204310 -0.2808993 -0.2389231 -0.2754480 -0.1770472 -0.1364050 -0.1776846 -0.1673353 -0.2462492 -0.2064743 -0.2634074 -0.2748996 -0.2675646 -0.2952064 -0.2698774
C  0  1  41  1  0  4  -0.3059554 -0.2767943 -0.2948552 -0.2455192 -0.2497152 -0.2349813 -0.2663637 -0.2775109 -0.2635759 -0.1881609 -0.2516714 -0.3367727 -0.3417264 -0.2732003 -0.3036866 -0.2727672
C  0  1  41  1  0  5  -0.1631561 -0.1426720 -0.1699999 -0.1334761 -0.1277872 -0.1144480 -0.1549375 -0.1347508 -0.1515995 -0.1416100 -0.1460803 -0.1924161 -0.2605360 -0.1823107 -0.1837355 -0.1517492
C  0  1  41  1  0  6  -0.1455268 -0.1293735 -0.1365836 -0.1757001 -0.1105412 -0.1087384 -0.1219699 -0.1678274 -0.1228675 -0.0875328 -0.0748069 -0.1172135 -0.1069097 -0.1401410 -0.1521821 -0.1585840
C  0  1  41  1  0  7  -0.1945973 -0.1579998 -0.1565829 -0.1324217 -0.1472693 -0.1708887 -0.1855492 -0.1498148 -0.1626124 -0.1220436 -0.1193664 -0.1457861 -0.1867903 -0.1376078 -0.1279799 -0.1379500
C  0  1  41  1  0  8  -0.1788377 -0.0937392 -0.1581718 -0.1538871 -0.1385123 -0.1205129 -0.1526184 -0.1263263 -0.1367512 -0.1018617 -0.1022663 -0.1848166 -0.1193217 -0.2102394 -0.1443087 -0.1646404
C  0  1  41  1  0  9  -0.1165141 -0.1252478 -0.0602186 -0.1271831 -0.0726607 -0.1563947 -0.0953160 -0.1720390 -0.1165730 -0.1209126 -0.0834405 -0.1339471 -0.1190296 -0.0617425 -0.1180086 -0.1524739
C  0  1  41  1  0 10  -0.1069046 -0.1018103 -0.1249687 -0.1603631 -0.1605390 -0.1372856 -0.1828214 -0.1246622 -0.1027129 -0.1507193 -0.1697087 -0.1375566 -0.1333100 -0.1378579 -0.1540152 -0.1532733
C  0  1  41  1  0 11  -0.1355709 -0.1534806 -0.1556314 -0.0819519 -0.1295028 -0.1051701 -0.1123805 -0.1487505 -0.1401151 -0.1017021 -0.1566748 -0.1315851 -0.1442276 -0.1562965 -0.1339748 -0.1236178
C  0  1  41  1  0 12  -0.0964744 -0.0983188 -0.1286741 -0.0831273 -0.1012645 -0.1081385 -0.1265214 -0.1378903 -0.1351429 -0.1722034 -0.1517059 -0.1057339 -0.1011232 -0.1262552 -0.1128664 -0.1464090
C  0  1  41  1  0 13  -0.1301536 -0.1239605 -0.1370358 -0.1085956 -0.1513537 -0.1450007 -0.1541915 -0.1527372 -0.1362847 -0.1403315 -0.1650333 -0.1539668 -0.1500212 -0.1414034 -0.1852573 -0.1448844
C  0  1  41  1  0 14  -0.1399165 -0.1680749 -0.1593653 -0.1480193 -0.1623887 -0.1308542 -0.1592631 -0.2283416 -0.1597352 -0.1734552 -0.1428019 -0.1582240 -0.1389874 -0.0997537 -0.1401024 -0.1945621
C  0  1  41  1  0 15  -0.1127437 -0.1592629 -0.0923673 -0.0826004 -0.1289757 -0.1203693 -0.1448529 -0.1508691 -0.1511885 -0.1483300 -0.1324618 -0.2082590 -0.1311028 -0.0934739 -0.0863972 -0.1501211
C  0  1  41  1  0 16  -0.1772823 -0.1428377 -0.1358559 -0.1792153 -0.1539835 -0.1254728 -0.1701663 -0.1585099 -0.1448400 -0.2166380 -0.1390583 -0.1352626 -0.1466302 -0.1239704 -0.1472695 -0.1036194
C  0  1  41  1  0 17  -0.2263290 -0.3005322 -0.2028635 -0.3200814 -0.2594618 -0.2820121 -0.2605317 -0.2081421 -0.2469596 -0.2646344 -0.2415593 -0.2139838 -0.2189887 -0.2594860 -0.2584353 -0.2216456
C  0  1  41  1  0 18  -0.2737988 -0.2259093 -0.2698334 -0.2264815 -0.2000773 -0.2088872 -0.2600103 -0.2184097 -0.2498561 -0.2217616 -0.2808493 -0.2264582 -0.2849197 -0.1782577 -0.1665481 -0.2581515
C  0  1  41  1  0 19  -0.2376255 -0.2683194 -0.2868997 -0.3231370 -0.2944217 -0.2953915 -0.2743366 -0.2415386 -0.3083323 -0.2668142 -0.2315197 -0.2546900 -0.2020383 -0.2394411 -0.2847824 -0.2856725
C  0  1  41  1  0 20  -0.2449204 -0.2669887 -0.3238135 -0.3533866 -0.2946292 -0.1509248 -0.2853433 -0.2840818 -0.3381364 -0.3014042 -0.3035928 -0.3042836 -0.3512702 -0.3286156 -0.2275687 -0.3067140
C  0  1  41  1  0 21  -0.4567555 -0.4096584 -0.2999720 -0.3018158 -0.3174806 -0.1712749 -0.3019634 -0.3433008 -0.4148712 -0.3844056 -0.3807113 -0.3114054 -0.2996530 -0.4127150 -0.3432503 -0.3222514
C  0  1  41  1  1  0   0.0448382  0.0500535  0.0419529  0.0265289  0.0017989 -0.0222945 -0.0330776 -0.0418727 -0.0455639 -0.0367292 -0.0353844 -0.0186507  0.0027370  0.0022515  0.0251193  0.0354622
C  0  1  41  1  1  1   0.0248177  0.0211634  0.0174952  0.0108097  0.0004340 -0.0092167 -0.0146116 -0.0194164 -0.0192005 -0.0159473 -0.0171917 -0.0076902  0.0036637  0.0077285  0.0119886  0.0235116
C  0  1  41  1  1  2   0.0124925  0.0128124  0.0076634  0.0060063  0.0008553 -0.0038499 -0.0091019 -0.0085522 -0.0091102 -0.0077248 -0.0051073 -0.0041236  0.0005952  0.0025607  0.0041987  0.0101689
C  0  1  41  1  1  3   0.0076834  0.0055736  0.0016696  0.0042525  0.0001738  0.0000202 -0.0033112 -0.0012509 -0.0003653  0.0001286 -0.0033850 -0.0021055  0.0014858  0.0016303  0.0022634  0.0065558
C  0  1  41  1  1  4   0.0015554  0.0018437  0.0008388 -0.0001695  0.0031067  0.0018424  0.0001575  0.0019915  0.0028414  0.0014632 -0.0017152 -0.0001935  0.0016610  0.0009278  0.0027816  0.0009012
C  0  1  41  1  1  5   0.0016900 -0.0000347 -0.0000108  0.0025825  0.0035546  0.0037287  0.0024068  0.0032606  0.0035611  0.0015849 -0.0011610 -0.0014164  0.0016848  0.0020184  0.0012188 -0.0014651
C  0  1  41  1  1  6  -0.0001392  0.0006870  0.0005130  0.0024794  0.0031961  0.0033425  0.0036452  0.0036729  0.0031893 -0.0006969 -0.0005398 -0.0006023  0.0008957  0.0001119  0.0002069 -0.0013252
C  0  1  41  1  1  7  -0.0019162  0.0013046  0.0011489  0.0037173  0.0040512  0.0030823  0.0056106  0.0033346  0.0034843  0.0004721 -0.0008065 -0.0006926  0.0009927  0.0014137  0.0006176 -0.0020345
C  0  1  41  1  1  8  -0.0014212  0.0001093  0.0015234  0.0014650  0.0044391  0.0030933  0.0041731  0.0043323  0.0042821  0.0013326  0.0001664 -0.0009125  0.0007316  0.0014376  0.0002582 -0.0013499
C  0  1  41  1  1  9   0.0002519  0.0022404  0.0011425  0.0020359  0.0027299  0.0020013  0.0024663  0.0029460  0.0021591 -0.0005921  0.0007883  0.0002265  0.0007506 -0.0005899 -0.0006152 -0.0017962
C  0  1  41  1  1 10  -0.0008896  0.0005032  0.0010393  0.0012164  0.0017021  0.0010220  0.0015265  0.0023220  0.0019216 -0.0007141 -0.0011541  0.0006604 -0.0014494  0.0006300  0.0007057 -0.0010789
C  0  1  41  1  1 11  -0.0006680  0.0009594  0.0009839  0.0014678  0.0021610  0.0000616  0.0008457  0.0014910  0.0033003  0.0006723 -0.0025708 -0.0010097 -0.0002851 -0.0003478 -0.0003390 -0.0029197
C  0  1  41  1  1 12  -0.0007115  0.0012934  0.0013294  0.0038607  0.0012589  0.0001305  0.0004121  0.0018120  0.0027661  0.0005028  0.0008857  0.0001487 -0.0000779 -0.0008832 -0.0000554 -0.0011921
C  0  1  41  1  1 13  -0.0005505  0.0013236  0.0024977  0.0023143  0.0014241  0.0023862  0.0032186  0.0056126  0.0048418  0.0003529  0.0003502 -0.0004244 -0.0015604 -0.0030128  0.0001929 -0.0019038
C  0  1  41  1  1 14  -0.0013541  0.0004876  0.0022830  0.0030283  0.0032727  0.0014693  0.0035315  0.0055773  0.0051144  0.0021379  0.0002431 -0.0009652 -0.0025595 -0.0025201 -0.0019644 -0.0027151
C  0  1  41  1  1 15  -0.0034676  0.0000475  0.0012787  0.0024591  0.0013334 -0.0024132  0.0014502  0.0026127  0.0049164  0.0015856  0.0013585 -0.0009779 -0.0034162 -0.0068518 -0.0062375 -0.0051708
C  0  1  41  1  1 16  -0.0015973  0.0009180  0.0027153  0.0032899  0.0028620  0.0010538  0.0027053  0.0033326  0.0056009  0.0062234  0.0026564  0.0023009 -0.0020884 -0.0013955 -0.0055722 -0.0054858
C  0  1  41  1  1 17  -0.0037420  0.0009434  0.0013287  0.0060263  0.0014703 -0.0018146  0.0005536  0.0027706  0.0034092  0.0029125  0.0040777  0.0010290 -0.0021584 -0.0043987 -0.0064275 -0.0052570
C  0  1  41  1  1 18   0.0009117  0.0069919  0.0053346  0.0063988  0.0038233 -0.0007486 -0.0021914 -0.0000619  0.0028803  0.0037403  0.0013585  0.0003596 -0.0016901 -0.0043891 -0.0061743 -0.0038045
C  0  1  41  1  1 19   0.0032682  0.0075270  0.0120564  0.0092491  0.0063622  0.0015309 -0.0018580 -0.0014037  0.0027903  0.0037324  0.0021958 -0.0006195 -0.0027407 -0.0060010 -0.0055299 -0.0015737
C  0  1  41  1  1 20   0.0008913  0.0143580  0.0169351  0.0123518  0.0062859  0.0026674 -0.0043801 -0.0024884  0.0012409  0.0061100  0.0005623 -0.0044602 -0.0082452 -0.0079304 -0.0057611 -0.0044911
C  0  1  41  1  1 21   0.0059227  0.0210885  0.0308598  0.0239175  0.0158128  0.0134437  0.0110019  0.0100748  0.0104199  0.0139099 -0.0004600 -0.0035857 -0.0090398 -0.0169686 -0.0092793  0.0001257
