CPHI 16 
CETA 22 -2.40 -2.10 -1.85 -1.60 -1.40 -1.20 -1.00 -0.80 -0.60 -0.40 -0.20  0.00  0.20  0.40  0.60  0.80  1.00  1.20  1.40  1.60  1.85  2.10  2.40 
RMIN  6 
RTRK 12 
RETA 11  0.00  0.20  0.40  0.60  0.80  1.00  1.20  1.40  1.60  1.85  2.10  2.40 
T 0 1  42  0  0  0    0.0000000   0.0006288   0.0017316   0.0032703   0.0123310   0.0692333   0.2780094   0.6535425   1.0000000   1.0000000   1.0000000   1.0000000   1.0000000
T 0 1  42  0  0  1    0.0000000   0.0001301   0.0005553   0.0024321   0.0122947   0.0588892   0.2255114   0.5897239   1.0000000   1.0000000   1.0000000   1.0000000   1.0000000
T 0 1  42  0  0  2    0.0000000   0.0001365   0.0005273   0.0017427   0.0107000   0.0554970   0.2095460   0.5742128   1.0000000   1.0000000   1.0000000   1.0000000   1.0000000
T 0 1  42  0  0  3    0.0000000   0.0001849   0.0005553   0.0016895   0.0115667   0.0628429   0.2261632   0.5870029   1.0000000   1.0000000   1.0000000   1.0000000   1.0000000
T 0 1  42  0  0  4    0.0000000   0.0003628   0.0024714   0.0143547   0.0631965   0.2044913   0.4890127   0.8229064   1.0000000   1.0000000   1.0000000   1.0000000   1.0000000
T 0 1  42  0  0  5    0.0000000   0.0009337   0.0075635   0.0520848   0.2055253   0.5331733   0.8762273   0.9994204   1.0000000   1.0000000   1.0000000   1.0000000   1.0000000
T 0 1  42  0  0  6    0.0000000   0.0003089   0.0012084   0.0102308   0.0673450   0.2770778   0.6632409   0.9307798   0.9981966   1.0000000   1.0000000   1.0000000   1.0000000
T 0 1  42  0  0  7    0.0000000   0.0000747   0.0003949   0.0009533   0.0049140   0.0305946   0.1186809   0.2968142   0.5818713   0.8692388   0.9840571   0.9998607   1.0000000
T 0 1  42  0  0  8    0.0000000   0.0000007   0.0000366   0.0001271   0.0004322   0.0010169   0.0042036   0.0251840   0.1198267   0.3938532   0.7895659   0.9693915   1.0000000
T 0 1  42  0  0  9    0.0000000   0.0000084   0.0000099   0.0000275   0.0005508   0.0035934   0.0182265   0.0862410   0.3016947   0.6588200   0.9385499   0.9999346   1.0000000
T 0 1  42  0  0 10    0.0000000   0.0067715   0.0292449   0.0464053   0.0792820   0.1682925   0.3386242   0.6905192   0.9107811   0.9703551   0.9998533   1.0000000   1.0000000
T 0 1  42  1  0  0    0.0000000   0.0005148   0.0016399   0.0047460   0.0213440   0.1017716   0.3374237   0.6994022   1.0000000   1.0000000   1.0000000   1.0000000   1.0000000
T 0 1  42  1  0  1    0.0000000   0.0002633   0.0010891   0.0042307   0.0181163   0.0752157   0.2537985   0.6193956   1.0000000   1.0000000   1.0000000   1.0000000   1.0000000
T 0 1  42  1  0  2    0.0000000   0.0002194   0.0008486   0.0027728   0.0124455   0.0616642   0.2339277   0.6064318   1.0000000   1.0000000   1.0000000   1.0000000   1.0000000
T 0 1  42  1  0  3    0.0000000   0.0002283   0.0008669   0.0027852   0.0140251   0.0700545   0.2491207   0.6198491   1.0000000   1.0000000   1.0000000   1.0000000   1.0000000
T 0 1  42  1  0  4    0.0000000   0.0004356   0.0027620   0.0153929   0.0663357   0.2155446   0.5058694   0.8320271   1.0000000   1.0000000   1.0000000   1.0000000   1.0000000
T 0 1  42  1  0  5    0.0000000   0.0011873   0.0094478   0.0577925   0.2246261   0.5586818   0.8900123   0.9996500   1.0000000   1.0000000   1.0000000   1.0000000   1.0000000
T 0 1  42  1  0  6    0.0000000   0.0004626   0.0026649   0.0180020   0.0942133   0.3329130   0.7236541   0.9536823   0.9988141   0.9999984   1.0000000   1.0000000   1.0000000
T 0 1  42  1  0  7    0.0000000   0.0002246   0.0006446   0.0024765   0.0123245   0.0526267   0.1570011   0.3413836   0.6074237   0.8728054   0.9849908   0.9998878   1.0000000
T 0 1  42  1  0  8    0.0000000   0.0009562   0.0014955   0.0017998   0.0022382   0.0036136   0.0107994   0.0452511   0.1686405   0.4573475   0.8251665   0.9710661   1.0000000
T 0 1  42  1  0  9    0.0000000   0.0021003   0.0074838   0.0131257   0.0159362   0.0198461   0.0401951   0.1288935   0.3661962   0.7154288   0.9583841   0.9999941   1.0000000
T 0 1  42  1  0 10    0.0000000   0.0032254   0.0170235   0.0428863   0.0843736   0.1746921   0.3942474   0.7474223   0.9511020   0.9856143   0.9999985   1.0000000   1.0000000
R 0 1  42  0  0  0    0.0252781   0.0252781   0.0118313   0.0107172   0.0103439   0.0101868   0.0100017   0.0098320   0.0098320   0.0098320   0.0098320   0.0098320
R 0 1  42  0  0  1    0.0119762   0.0119762   0.0119762   0.0119762   0.0110822   0.0109179   0.0109717   0.0108602   0.0108602   0.0108602   0.0108602   0.0108602
R 0 1  42  0  0  2    0.0124426   0.0124426   0.0124426   0.0124426   0.0120097   0.0119664   0.0118381   0.0116597   0.0116597   0.0116597   0.0116597   0.0116597
R 0 1  42  0  0  3    0.0136629   0.0136629   0.0136629   0.0136629   0.0127314   0.0125699   0.0123696   0.0122618   0.0122618   0.0122618   0.0122618   0.0122618
R 0 1  42  0  0  4    0.0189755   0.0189755   0.0189755   0.0174969   0.0169334   0.0159269   0.0144730   0.0130536   0.0130536   0.0130536   0.0130536   0.0130536
R 0 1  42  0  0  5    0.0207884   0.0207884   0.0195913   0.0190919   0.0187716   0.0181113   0.0168969   0.0168969   0.0168969   0.0168969   0.0168969   0.0168969
R 0 1  42  0  0  6    0.0203320   0.0203320   0.0203320   0.0204824   0.0207982   0.0207328   0.0208786   0.0205554   0.0205554   0.0205554   0.0205554   0.0205554
R 0 1  42  0  0  7    0.0214498   0.0214498   0.0214498   0.0214498   0.0206072   0.0212734   0.0211677   0.0209949   0.0206163   0.0196782   0.0196782   0.0196782
R 0 1  42  0  0  8    0.0213793   0.0213793   0.0213793   0.0213793   0.0213793   0.0213793   0.0213793   0.0210632   0.0210030   0.0209469   0.0202937   0.0189296
R 0 1  42  0  0  9    0.0315679   0.0315679   0.0315679   0.0315679   0.0315679   0.0315679   0.0296590   0.0288031   0.0273954   0.0264476   0.0250984   0.0250984
R 0 1  42  0  0 10    0.0767780   0.0708645   0.0628201   0.0535932   0.0473455   0.0442963   0.0410780   0.0356945   0.0335552   0.0307641   0.0307641   0.0307641
R 0 1  42  0  1  0    0.0000000   0.0000000   0.0000000   0.0000874   0.0000861   0.0000801   0.0000735   0.0000641   0.0000641   0.0000641   0.0000641   0.0000641
R 0 1  42  0  1  1    0.0000778   0.0000778   0.0000778   0.0000778   0.0000624   0.0000716   0.0000629   0.0000567   0.0000567   0.0000567   0.0000567   0.0000567
R 0 1  42  0  1  2    0.0000402   0.0000402   0.0000402   0.0000402   0.0000649   0.0000625   0.0000593   0.0000523   0.0000523   0.0000523   0.0000523   0.0000523
R 0 1  42  0  1  3    0.0000864   0.0000864   0.0000864   0.0000864   0.0000570   0.0000576   0.0000530   0.0000493   0.0000493   0.0000493   0.0000493   0.0000493
R 0 1  42  0  1  4    0.0001583   0.0001583   0.0001583   0.0000938   0.0000965   0.0000748   0.0000502   0.0000451   0.0000451   0.0000451   0.0000451   0.0000451
R 0 1  42  0  1  5    0.0001801   0.0001801   0.0000860   0.0000747   0.0000688   0.0000601   0.0000427   0.0000427   0.0000427   0.0000427   0.0000427   0.0000427
R 0 1  42  0  1  6    0.0000600   0.0000600   0.0000600   0.0000456   0.0000512   0.0000601   0.0000544   0.0000303   0.0000303   0.0000303   0.0000303   0.0000303
R 0 1  42  0  1  7    0.0001703   0.0001703   0.0001703   0.0001703   0.0000825   0.0000710   0.0000686   0.0000731   0.0000757   0.0000480   0.0000480   0.0000480
R 0 1  42  0  1  8    0.0000983   0.0000983   0.0000983   0.0000983   0.0000983   0.0000983   0.0000983   0.0001172   0.0000988   0.0001011   0.0000802   0.0000679
R 0 1  42  0  1  9    0.0002591   0.0002591   0.0002591   0.0002591   0.0002591   0.0002591   0.0002045   0.0001997   0.0001840   0.0001500   0.0001465   0.0001465
R 0 1  42  0  1 10    0.0013194   0.0010671   0.0009113   0.0007587   0.0005916   0.0004952   0.0003989   0.0002728   0.0001970   0.0001645   0.0001645   0.0001645
R 0 1  42  0  2  0    0.0000000   0.0000000   0.0000000   0.0000000   0.0000274   0.0000149   0.0000127   0.0000154   0.0000154   0.0000154   0.0000154   0.0000154
R 0 1  42  0  2  1    0.0000000   0.0000000   0.0000000   0.0000000   0.0000000   0.0000199   0.0000143   0.0000187   0.0000187   0.0000187   0.0000187   0.0000187
R 0 1  42  0  2  2    0.0000000   0.0000000   0.0000000   0.0000000   0.0000545   0.0000199   0.0000103   0.0000197   0.0000197   0.0000197   0.0000197   0.0000197
R 0 1  42  0  2  3    0.0000000   0.0000000   0.0000000   0.0000000   0.0000000   0.0000000   0.0000166   0.0000000   0.0000000   0.0000000   0.0000000   0.0000000
R 0 1  42  0  2  4    0.0000000   0.0000000   0.0000000   0.0000000   0.0000000   0.0000000   0.0000156   0.0000109   0.0000109   0.0000109   0.0000109   0.0000109
R 0 1  42  0  2  5    0.0000000   0.0000000   0.0000000   0.0000000   0.0000147   0.0000125   0.0000000   0.0000000   0.0000000   0.0000000   0.0000000   0.0000000
R 0 1  42  0  2  6    0.0000000   0.0000000   0.0000000   0.0000000   0.0000000   0.0000000   0.0000000   0.0000000   0.0000000   0.0000000   0.0000000   0.0000000
R 0 1  42  0  2  7    0.0000000   0.0000000   0.0000000   0.0000000   0.0000000   0.0000000   0.0000000   0.0000000   0.0000000   0.0000197   0.0000197   0.0000197
R 0 1  42  0  2  8    0.0000000   0.0000000   0.0000000   0.0000000   0.0000000   0.0000000   0.0000000   0.0000000   0.0000000   0.0000080   0.0000000   0.0000000
R 0 1  42  0  2  9    0.0000000   0.0000000   0.0000000   0.0000000   0.0000000   0.0000000   0.0000428   0.0000353   0.0000249   0.0000481   0.0000000   0.0000000
R 0 1  42  0  2 10    0.0000000   0.0000000   0.0000000   0.0000000   0.0000000   0.0000531   0.0000236   0.0000704   0.0000000   0.0000000   0.0000000   0.0000000
R 0 1  42  0  3  0    1.0299841   1.0299841   0.9787946   1.0214494   0.9966168   0.9854213   0.9817529   0.9836642   0.9836642   0.9836642   0.9836642   0.9836642
R 0 1  42  0  3  1    1.0102400   1.0102400   1.0102400   1.0102400   0.9860710   0.9822990   0.9789497   0.9788112   0.9788112   0.9788112   0.9788112   0.9788112
R 0 1  42  0  3  2    1.0122260   1.0122260   1.0122260   1.0122260   0.9944911   0.9859882   0.9821511   0.9807352   0.9807352   0.9807352   0.9807352   0.9807352
R 0 1  42  0  3  3    1.0087449   1.0087449   1.0087449   1.0087449   1.0007374   0.9882610   0.9818233   0.9818917   0.9818917   0.9818917   0.9818917   0.9818917
R 0 1  42  0  3  4    1.0322152   1.0322152   1.0322152   0.9908258   0.9794322   0.9750442   0.9785603   0.9870266   0.9870266   0.9870266   0.9870266   0.9870266
R 0 1  42  0  3  5    0.9984615   0.9984615   0.9918710   0.9808516   0.9745941   0.9730226   0.9741600   0.9741600   0.9741600   0.9741600   0.9741600   0.9741600
R 0 1  42  0  3  6    1.0308289   1.0308289   1.0308289   0.9957006   0.9881793   0.9731274   0.9831925   0.9910158   0.9910158   0.9910158   0.9910158   0.9910158
R 0 1  42  0  3  7    1.0727902   1.0727902   1.0727902   1.0727902   1.0367562   0.9955030   0.9893856   0.9865051   0.9867596   0.9874159   0.9874159   0.9874159
R 0 1  42  0  3  8    1.0164056   1.0164056   1.0164056   1.0164056   1.0164056   1.0164056   1.0164056   0.9926253   0.9836325   0.9835676   0.9758636   1.0142965
R 0 1  42  0  3  9    1.0154816   1.0154816   1.0154816   1.0154816   1.0154816   1.0154816   0.9937768   0.9746042   0.9736191   0.9836887   1.0020847   1.0020847
R 0 1  42  0  3 10    1.0764055   1.0338108   1.0056869   0.9766271   0.9713109   0.9693527   0.9672799   0.9678832   1.0011225   1.0140373   1.0140373   1.0140373
R 0 1  42  0  4  0    1.3915935   1.3915935   1.1103330   2.1424171   2.2712548   2.3033551   2.2521324   2.2837378   2.2837378   2.2837378   2.2837378   2.2837378
R 0 1  42  0  4  1    1.9534761   1.9534761   1.9534761   1.9534761   2.0671606   2.2123128   2.2060001   2.1959941   2.1959941   2.1959941   2.1959941   2.1959941
R 0 1  42  0  4  2    2.0162701   2.0162701   2.0162701   2.0162701   2.1273187   2.2720502   2.2540131   2.2256552   2.2256552   2.2256552   2.2256552   2.2256552
R 0 1  42  0  4  3    1.8135179   1.8135179   1.8135179   1.8135179   2.2386542   2.2323489   2.2450166   2.2418926   2.2418926   2.2418926   2.2418926   2.2418926
R 0 1  42  0  4  4    1.9392763   1.9392763   1.9392763   2.0832523   2.0949118   2.0912476   2.2129427   2.3111180   2.3111180   2.3111180   2.3111180   2.3111180
R 0 1  42  0  4  5    1.6737867   1.6737867   2.0388527   2.1087571   2.0945514   2.0844791   2.0036452   2.0036452   2.0036452   2.0036452   2.0036452   2.0036452
R 0 1  42  0  4  6    1.9524896   1.9524896   1.9524896   2.2011328   2.3208254   2.0506213   2.3357003   2.3009130   2.3009130   2.3009130   2.3009130   2.3009130
R 0 1  42  0  4  7    1.8400617   1.8400617   1.8400617   1.8400617   2.3037699   2.3180357   2.3223760   2.3432180   2.3749610   2.3456089   2.3456089   2.3456089
R 0 1  42  0  4  8    2.2270234   2.2270234   2.2270234   2.2270234   2.2270234   2.2270234   2.2270234   2.2143105   2.2288934   2.2567206   2.1502005   2.3148334
R 0 1  42  0  4  9    2.0430062   2.0430062   2.0430062   2.0430062   2.0430062   2.0430062   2.0598890   2.0381639   2.0549659   2.2207376   2.1918524   2.1918524
R 0 1  42  0  4 10    2.1228934   2.2325728   1.9277973   1.8089387   1.9303339   1.9882502   1.9562902   1.9345902   2.0683282   2.1618249   2.1618249   2.1618249
R 0 1  42  0  5  0   14.7776655  14.7776655  16.4621197   3.6841558   3.5927739   3.6280376   4.1270866   3.8306319   3.8306319   3.8306319   3.8306319   3.8306319
R 0 1  42  0  5  1    4.3138548   4.3138548   4.3138548   4.3138548   4.5338603   4.2044268   4.4433668   4.4384551   4.4384551   4.4384551   4.4384551   4.4384551
R 0 1  42  0  5  2    3.6914259   3.6914259   3.6914259   3.6914259   4.7317597   3.8631448   4.1301372   4.4718824   4.4718824   4.4718824   4.4718824   4.4718824
R 0 1  42  0  5  3    4.8638720   4.8638720   4.8638720   4.8638720   4.0241597   4.2804136   4.1653194   4.2573445   4.2573445   4.2573445   4.2573445   4.2573445
R 0 1  42  0  5  4    5.0720074   5.0720074   5.0720074   4.5610549   5.0854233   5.0139715   3.8471542   3.3005133   3.3005133   3.3005133   3.3005133   3.3005133
R 0 1  42  0  5  5    5.1869832   5.1869832   5.2894253   4.9916011   5.3016657   4.7378676   4.2164951   4.2164951   4.2164951   4.2164951   4.2164951   4.2164951
R 0 1  42  0  5  6    3.2640686   3.2640686   3.2640686   3.8891543   3.4633166   5.4849800   2.3852306   1.9512771   1.9512771   1.9512771   1.9512771   1.9512771
R 0 1  42  0  5  7    3.7584431   3.7584431   3.7584431   3.7584431   3.4745150   3.3253925   2.9997520   2.9366988   2.6138025   2.0912946   2.0912946   2.0912946
R 0 1  42  0  5  8    3.7838631   3.7838631   3.7838631   3.7838631   3.7838631   3.7838631   3.7838631   4.6324859   4.6724092   4.3821188   4.9915479   3.9420919
R 0 1  42  0  5  9    5.1308576   5.1308576   5.1308576   5.1308576   5.1308576   5.1308576   6.3262619   6.1862519   6.2820196   5.1044774   5.9582065   5.9582065
R 0 1  42  0  5 10    4.5382344   3.8855267   4.9396620   6.6721877   5.3755812   6.5198067   8.0274954   9.1317913   6.4163943   5.5384910   5.5384910   5.5384910
F  0  1  42  0  0  0    0.9903843   1.0192163   0.9922867   1.0112453   0.9830612   0.9863215   0.9957385   0.9845864   0.9900461   0.9994052   0.9748094
F  0  1  42  1  0  0    1.0640503   1.0681941   1.0594054   1.0613117   1.0571356   1.0781879   1.0737745   1.0454753   1.0453471   1.0702072   1.0779954
C  0  1  42  0  0  0  -0.1957172 -0.2029803 -0.2330909 -0.2965894 -0.2549129 -0.0273267 -0.2872060 -0.1192552 -0.3127051 -0.1444569 -0.2326469 -0.1237638 -0.2549953 -0.3399738 -0.2459901  0.0095213
C  0  1  42  0  0  1  -0.1403666 -0.1898644 -0.0998203 -0.0651806 -0.1027342 -0.1152620 -0.2350085 -0.2156302  0.0490191 -0.2175990  0.0696188 -0.0931253 -0.1448964 -0.1496637 -0.1073641 -0.0890649
C  0  1  42  0  0  2  -0.1383838 -0.1246507 -0.0355604 -0.1965284  0.0100739 -0.0636923 -0.0374300 -0.1008584  0.0121757 -0.1030697 -0.0418638 -0.0296492 -0.1852955 -0.0572448 -0.0700739 -0.0853329
C  0  1  42  0  0  3  -0.0155882 -0.0782015 -0.1418719 -0.0783847  0.0371154 -0.1557464 -0.0714459  0.0011240  0.0058419  0.0129922 -0.0662656 -0.0998955 -0.2046221 -0.1633535 -0.1160955 -0.1268093
C  0  1  42  0  0  4  -0.0800549 -0.0299606 -0.0271923 -0.1012034 -0.0539813 -0.0306996 -0.0396083 -0.0414353 -0.0709325  0.0687281 -0.1358363  0.0801469 -0.1619637 -0.0726396 -0.0162449 -0.0932017
C  0  1  42  0  0  5  -0.1405908 -0.0605572 -0.1212602  0.0512453 -0.0612976 -0.0457070 -0.0097090 -0.0350275  0.0153621 -0.0260078 -0.0178523  0.0243853  0.0453898  0.0625191  0.0987627 -0.0318983
C  0  1  42  0  0  6   0.0498881  0.0508356  0.0655193  0.0783500 -0.0034941  0.0509426 -0.0238590 -0.0789590  0.0313970 -0.0048280  0.0062084  0.0462097 -0.0541694  0.0232930  0.0173148  0.0082503
C  0  1  42  0  0  7  -0.0346020  0.0093489 -0.0283896 -0.0480093  0.0186564  0.0449993  0.0251823  0.0326360 -0.0340248 -0.0842418  0.0652349 -0.0253053 -0.0758864 -0.0311196 -0.0434851  0.0627808
C  0  1  42  0  0  8  -0.0411554 -0.0156453  0.0521434 -0.0466792  0.0198179  0.0629535  0.0165619 -0.0637116  0.0234516 -0.0013161 -0.0057339 -0.0056294 -0.0109232  0.0811596 -0.0547779 -0.0750319
C  0  1  42  0  0  9  -0.0673065  0.0124526  0.0087241  0.0168869  0.0169948  0.0704686 -0.0509196  0.0613394 -0.0326541 -0.0107334  0.0420580  0.0887240  0.0033907  0.1230240 -0.0324868 -0.0214608
C  0  1  42  0  0 10  -0.0576400  0.0292366 -0.0348585  0.0233669 -0.0142623 -0.0322472 -0.0936405  0.0375148  0.0233164 -0.0409960  0.0145376 -0.0493566 -0.0872712 -0.0057430  0.0347711  0.0303547
C  0  1  42  0  0 11  -0.0378049  0.0302771 -0.0692382  0.0286579  0.0836952  0.0179897  0.0979100  0.1438583  0.0959384  0.0231121  0.0545243 -0.0073200  0.0102196  0.0058863 -0.0187431  0.0681052
C  0  1  42  0  0 12   0.0202829 -0.0551496 -0.0308439  0.0327592 -0.0089218  0.0862643 -0.0219603 -0.0280598  0.0159231  0.0254452  0.0560755 -0.0295728 -0.0570951 -0.0421388  0.0636764  0.0076253
C  0  1  42  0  0 13  -0.0093158  0.0444613  0.0534940  0.0074355  0.0366932 -0.0337840  0.0053897 -0.0415231  0.1079830  0.1028224 -0.0005774  0.0528501  0.0625152 -0.0102637  0.0284577  0.0350409
C  0  1  42  0  0 14  -0.0627666 -0.0454675  0.0643749 -0.0609943  0.0641892 -0.0839532 -0.0324375  0.0579264 -0.0584024  0.0616581  0.0410627 -0.0485703 -0.0124096  0.0271628 -0.0607695 -0.1209746
C  0  1  42  0  0 15  -0.1837292 -0.0206269 -0.0697402  0.0376324  0.0172346  0.0157429  0.0068146  0.0686496  0.0488993  0.0418307  0.0121778 -0.1123400  0.0371192 -0.0136646 -0.1444250  0.0198933
C  0  1  42  0  0 16   0.0637997  0.0448058 -0.0806377  0.0505431 -0.0290557  0.0408310 -0.0137141 -0.0359675 -0.1165059  0.1436693  0.0514578 -0.0867095 -0.1374128 -0.0233038 -0.0960725 -0.0176800
C  0  1  42  0  0 17  -0.1017313 -0.1096373 -0.1081818 -0.0708911 -0.0933080 -0.0158204 -0.1125371 -0.0594595 -0.1435746 -0.0444530  0.0526425 -0.0282590 -0.1763944 -0.0936576  0.0050797  0.1108883
C  0  1  42  0  0 18  -0.2029072 -0.0559659 -0.0008732 -0.0695766 -0.2013943  0.0180678 -0.0517279 -0.0269643 -0.0375612  0.0082516 -0.0258112 -0.0899832 -0.0089726  0.0759320 -0.2075672 -0.1063096
C  0  1  42  0  0 19   0.0436770 -0.1157890 -0.1812024 -0.1074050 -0.0608166 -0.0831652 -0.1329603 -0.1032756 -0.0876411 -0.0696349 -0.0768665 -0.0590241 -0.0820333 -0.0560923 -0.1301003 -0.0908025
C  0  1  42  0  0 20  -0.0469167 -0.0276163 -0.1815019 -0.0771062 -0.2899132 -0.2225152 -0.2293819 -0.1778797 -0.1807731 -0.0842380 -0.1366177 -0.0226630 -0.0215348 -0.2510875 -0.1881937 -0.1764023
C  0  1  42  0  0 21  -0.1076391 -0.2261842 -0.1428119 -0.1078094 -0.1218284 -0.1634108 -0.1435051 -0.0660721 -0.1404225 -0.0398179 -0.1433830 -0.3385156 -0.3055314 -0.2535855 -0.1711151 -0.0441441
C  0  1  42  0  1  0  -0.0014695 -0.0005204  0.0006761 -0.0032857 -0.0009088  0.0009328  0.0034755  0.0017337  0.0036664 -0.0006047 -0.0049791  0.0023650  0.0050761  0.0051308  0.0036484  0.0066794
C  0  1  42  0  1  1  -0.0015609  0.0005089 -0.0004750  0.0002905 -0.0008294 -0.0020396  0.0051642 -0.0013956  0.0037039 -0.0009291 -0.0041050 -0.0021784  0.0016220  0.0032764  0.0033233  0.0013190
C  0  1  42  0  1  2   0.0031294  0.0004444 -0.0004521 -0.0010522 -0.0020884 -0.0005055  0.0024853  0.0007753 -0.0016080  0.0023635 -0.0006166 -0.0016933  0.0018049 -0.0008671 -0.0001734 -0.0013882
C  0  1  42  0  1  3   0.0012775  0.0003845  0.0006826 -0.0016942 -0.0013166  0.0002511  0.0022791 -0.0017442 -0.0035430  0.0001656 -0.0011341  0.0000953 -0.0008476 -0.0009657  0.0015354  0.0021292
C  0  1  42  0  1  4   0.0029338 -0.0016783 -0.0009664  0.0018356 -0.0001243 -0.0001736  0.0017443 -0.0005992  0.0011481  0.0008599 -0.0021629 -0.0010307  0.0023837 -0.0008390 -0.0001428 -0.0025013
C  0  1  42  0  1  5   0.0012277  0.0004572 -0.0047861  0.0012700  0.0002826 -0.0000135 -0.0006345 -0.0000685 -0.0007476 -0.0002378  0.0001866 -0.0036056 -0.0003169 -0.0008800  0.0019581 -0.0014475
C  0  1  42  0  1  6   0.0012701 -0.0000412 -0.0007792 -0.0008817 -0.0015238 -0.0002198 -0.0004396 -0.0023188  0.0023063 -0.0030187  0.0001926 -0.0003125  0.0007115 -0.0017938 -0.0007577 -0.0003180
C  0  1  42  0  1  7   0.0025649 -0.0017311  0.0006080  0.0004158  0.0020377  0.0000073 -0.0017282 -0.0000367  0.0012151 -0.0015712  0.0017762 -0.0004644 -0.0009292  0.0009352 -0.0005187  0.0004807
C  0  1  42  0  1  8   0.0010335  0.0015044  0.0008521 -0.0006674  0.0007791  0.0021231 -0.0000169 -0.0014653  0.0027225  0.0000341  0.0003324  0.0013945 -0.0014035  0.0021817  0.0004737  0.0013333
C  0  1  42  0  1  9  -0.0023513  0.0011521  0.0022379 -0.0008954 -0.0005795  0.0006522 -0.0001132  0.0016211 -0.0016979 -0.0028000 -0.0034342 -0.0002640 -0.0005134  0.0010012 -0.0007567  0.0023279
C  0  1  42  0  1 10  -0.0008665  0.0000180  0.0007804  0.0015138  0.0015497  0.0001404  0.0009138 -0.0001174 -0.0005764 -0.0013400 -0.0007907  0.0001955 -0.0018276 -0.0009738 -0.0013414  0.0009556
C  0  1  42  0  1 11   0.0004055 -0.0002793  0.0002345  0.0010866  0.0000617  0.0009145 -0.0038030 -0.0013524 -0.0029336 -0.0000944 -0.0014400 -0.0010762  0.0000869  0.0003588  0.0000094 -0.0008310
C  0  1  42  0  1 12   0.0017623 -0.0015950  0.0013088 -0.0005988  0.0011652 -0.0006829  0.0006288  0.0003540  0.0005712 -0.0000850 -0.0000484  0.0023932 -0.0003847 -0.0005589  0.0002588  0.0023517
C  0  1  42  0  1 13   0.0020204 -0.0028454  0.0010956 -0.0013409  0.0025212  0.0009993 -0.0008199  0.0018475  0.0001056 -0.0002395 -0.0008360 -0.0019494 -0.0010782  0.0005642  0.0009265  0.0015275
C  0  1  42  0  1 14   0.0015347 -0.0001562  0.0022783  0.0028199  0.0035106  0.0022179 -0.0001969  0.0006241 -0.0000406 -0.0009508  0.0009323 -0.0003499  0.0007946  0.0005962 -0.0009480  0.0031254
C  0  1  42  0  1 15   0.0028838 -0.0003551 -0.0017884  0.0012960  0.0006546  0.0042416  0.0007910 -0.0030645  0.0022869 -0.0006443 -0.0011897  0.0033773  0.0013170  0.0019071  0.0011762  0.0023917
C  0  1  42  0  1 16   0.0022660  0.0030359  0.0006207  0.0011743 -0.0009448  0.0008458  0.0007432  0.0015325  0.0004560 -0.0012111  0.0006224 -0.0006262 -0.0004984  0.0017689  0.0016425  0.0007096
C  0  1  42  0  1 17   0.0029554 -0.0003364  0.0004603  0.0033916 -0.0001854  0.0025601  0.0018926  0.0029707  0.0029851  0.0038747  0.0001620 -0.0014108  0.0030200 -0.0002704  0.0027229  0.0040270
C  0  1  42  0  1 18   0.0068840  0.0049374  0.0026120  0.0002250 -0.0010348  0.0030604  0.0058301  0.0010637 -0.0016556  0.0001278  0.0044170  0.0018080 -0.0009337  0.0013094  0.0081767  0.0061998
C  0  1  42  0  1 19   0.0021066  0.0020831  0.0008932  0.0021564  0.0026478  0.0016814  0.0017725  0.0022485  0.0034627  0.0030933 -0.0019455  0.0005575 -0.0008452  0.0012442  0.0039967  0.0051829
C  0  1  42  0  1 20   0.0065950  0.0063869  0.0033446  0.0042166 -0.0013411  0.0026719  0.0014977  0.0032426  0.0036133  0.0011968 -0.0037304 -0.0024900  0.0045518  0.0027206  0.0057412  0.0077948
C  0  1  42  0  1 21   0.0129339  0.0115126  0.0038482 -0.0009290 -0.0033246 -0.0049746 -0.0059068 -0.0010805 -0.0021697 -0.0067143  0.0016370  0.0051093  0.0033025  0.0063604  0.0112828  0.0066106
C  0  1  42  1  0  0  -0.4773247 -0.2736521 -0.2714032 -0.3348427 -0.1568289 -0.4941041 -0.3480410 -0.2821995 -0.2501734 -0.3113443 -0.4086227 -0.4392426 -0.3471503 -0.4282171 -0.4415522 -0.4819337
C  0  1  42  1  0  1  -0.3223261 -0.3827279 -0.3099316 -0.3397390 -0.3490727 -0.3178946 -0.3292512 -0.2597839 -0.3145705 -0.2140323 -0.3245505 -0.3425184 -0.4093876 -0.3892238 -0.3310134 -0.3376338
C  0  1  42  1  0  2  -0.3296207 -0.2823516 -0.2499431 -0.2511358 -0.2656849 -0.2541116 -0.2485868 -0.2994578 -0.2600459 -0.2534014 -0.3005147 -0.2870360 -0.3084103 -0.4058681 -0.2673724 -0.3473863
C  0  1  42  1  0  3  -0.2865511 -0.2897070 -0.2941761 -0.2893296 -0.3000763 -0.1990460 -0.1578074 -0.1107278 -0.1782598 -0.2210487 -0.2229116 -0.2788388 -0.2810257 -0.2843337 -0.3026258 -0.2864377
C  0  1  42  1  0  4  -0.2969322 -0.2255882 -0.2663220 -0.2745654 -0.2416103 -0.2149460 -0.2063877 -0.2425371 -0.2125296 -0.1803640 -0.1601627 -0.2760871 -0.2821938 -0.2102610 -0.2790885 -0.3141305
C  0  1  42  1  0  5  -0.1691717 -0.1524136 -0.2735648 -0.1459631 -0.1451481 -0.1340088 -0.1775134 -0.1094552 -0.1372512 -0.1524286 -0.2086419 -0.1928617 -0.2270242 -0.1237395 -0.1583124 -0.1853794
C  0  1  42  1  0  6  -0.1477978 -0.1367892 -0.1998376 -0.2018465 -0.0980646 -0.1331313 -0.1142444 -0.1157523 -0.1404056 -0.0580054 -0.0557068 -0.0713169 -0.0817684 -0.0949261 -0.1208577 -0.1344404
C  0  1  42  1  0  7  -0.2042973 -0.1719749 -0.1598786 -0.1505948 -0.1835374 -0.1539860 -0.2118038 -0.1488890 -0.1817046 -0.1188915 -0.1138312 -0.1497533 -0.1935089 -0.1684461 -0.1503892 -0.1190977
C  0  1  42  1  0  8  -0.1720318 -0.0894747 -0.1498602 -0.1430547 -0.1320506 -0.1496862 -0.1464347 -0.1390188 -0.0983999 -0.0892978 -0.1210292 -0.1727930 -0.0847841 -0.1477132 -0.1200761 -0.1407635
C  0  1  42  1  0  9  -0.1105116 -0.1387986 -0.1329326 -0.1638236 -0.1290948 -0.1655875 -0.1204155 -0.1825603 -0.0882740 -0.1163119 -0.1151653 -0.1207459 -0.1300128 -0.1318586 -0.1315049 -0.1419866
C  0  1  42  1  0 10  -0.1328953 -0.0987056 -0.1518577 -0.1569631 -0.1726192 -0.1523534 -0.1378239 -0.1277964 -0.0750139 -0.1206023 -0.0906671 -0.1185465 -0.1017471 -0.1305651 -0.1365854 -0.1154608
C  0  1  42  1  0 11  -0.1277048 -0.1348794 -0.1418786 -0.1122422 -0.1334906 -0.1395180 -0.1155754 -0.0764191 -0.1679911 -0.0811466 -0.1074420 -0.1154533 -0.1107788 -0.1287614 -0.1005202 -0.1671969
C  0  1  42  1  0 12  -0.0634587 -0.1307218 -0.1425771 -0.1231514 -0.0999848 -0.1023874 -0.1440795 -0.1634514 -0.1149732 -0.1391612 -0.0955903 -0.0901389 -0.1138711 -0.1062823 -0.0672084 -0.1270800
C  0  1  42  1  0 13  -0.1346302 -0.1562695 -0.1486785 -0.1106781 -0.1341682 -0.1213689 -0.1803459 -0.1422541 -0.1283436 -0.1496750 -0.1460847 -0.1193475 -0.1738089 -0.1556689 -0.1879637 -0.1029692
C  0  1  42  1  0 14  -0.1823220 -0.1826083 -0.1747378 -0.1787306 -0.2026144 -0.1305198 -0.1890567 -0.2479039 -0.1550479 -0.1542328 -0.1490958 -0.1523160 -0.1285089 -0.1139600 -0.1588775 -0.2002474
C  0  1  42  1  0 15  -0.1063362 -0.1923498 -0.1606013 -0.1075984 -0.1271807 -0.0827415 -0.1159490 -0.1807868 -0.1610443 -0.1256068 -0.0911422 -0.1751004 -0.1319693 -0.0980036 -0.1107709 -0.1668539
C  0  1  42  1  0 16  -0.1886353 -0.1375703 -0.1544595 -0.1873561 -0.1471638 -0.1574172 -0.2224819 -0.2088324 -0.1396194 -0.1622836 -0.1687292 -0.1463577 -0.1026335 -0.1174546 -0.1365360 -0.0574264
C  0  1  42  1  0 17  -0.2287448 -0.2581662 -0.2035237 -0.2424680 -0.2169492 -0.2436377 -0.2392211 -0.2794797 -0.2391435 -0.1902451 -0.2067791 -0.1918202 -0.2044375 -0.3041704 -0.1910966 -0.2529905
C  0  1  42  1  0 18  -0.2664352 -0.2447879 -0.2423031 -0.2745960 -0.2244649 -0.1630704 -0.2484652 -0.2645355 -0.2728895 -0.2267887 -0.2393093 -0.2752607 -0.2596734 -0.1682523 -0.2309048 -0.2437746
C  0  1  42  1  0 19  -0.2509605 -0.2716395 -0.2807622 -0.3265325 -0.3022012 -0.3160898 -0.2604808 -0.2217407 -0.2569912 -0.2397509 -0.1536091 -0.2570396 -0.2526066 -0.2418972 -0.2689468 -0.2678764
C  0  1  42  1  0 20  -0.3085122 -0.2958138 -0.3820465 -0.3623267 -0.3569077 -0.2484868 -0.3159418 -0.3382557 -0.3418187 -0.3133381 -0.3264962 -0.3272088 -0.3546468 -0.3251827 -0.3336504 -0.2657215
C  0  1  42  1  0 21  -0.4108360 -0.3487452 -0.3126883 -0.3108517 -0.3075144 -0.3000329 -0.2803164 -0.3638979 -0.2864586 -0.3399512 -0.2676543 -0.3266148 -0.2885670 -0.2881842 -0.3280469 -0.4486301
C  0  1  42  1  1  0   0.0471427  0.0491043  0.0409122  0.0250598  0.0029283 -0.0204128 -0.0349091 -0.0410679 -0.0446967 -0.0346410 -0.0338302 -0.0169959  0.0053033  0.0057323  0.0242850  0.0390893
C  0  1  42  1  1  1   0.0257732  0.0226348  0.0179229  0.0120097  0.0034145 -0.0077361 -0.0145146 -0.0183069 -0.0177649 -0.0152404 -0.0158145 -0.0073409  0.0035279  0.0101537  0.0132626  0.0238433
C  0  1  42  1  1  2   0.0120090  0.0145907  0.0086374  0.0055756  0.0019041 -0.0028365 -0.0076453 -0.0085525 -0.0080207 -0.0059422 -0.0048579 -0.0017827  0.0004349  0.0038262  0.0050993  0.0122844
C  0  1  42  1  1  3   0.0096387  0.0080395  0.0029563  0.0049293  0.0010665  0.0006970 -0.0029538 -0.0011799  0.0018168  0.0003486 -0.0025888  0.0001688  0.0023498  0.0029008  0.0025452  0.0072538
C  0  1  42  1  1  4   0.0021179  0.0031632  0.0016380  0.0016753  0.0039233  0.0032145  0.0009351  0.0025459  0.0057247  0.0038144 -0.0001464 -0.0002738  0.0034209  0.0017633  0.0036846  0.0024756
C  0  1  42  1  1  5   0.0017959  0.0002183  0.0005501  0.0038952  0.0034017  0.0039194  0.0029227  0.0048748  0.0052114  0.0020565 -0.0001077  0.0000155  0.0022561  0.0025394  0.0034490 -0.0003204
C  0  1  42  1  1  6   0.0022785  0.0035437  0.0018509  0.0037405  0.0052619  0.0055594  0.0057130  0.0049187  0.0050382  0.0019569  0.0012032  0.0008181  0.0016598  0.0013331  0.0020259  0.0000239
C  0  1  42  1  1  7   0.0004800  0.0026265  0.0023597  0.0043712  0.0042959  0.0044663  0.0059598  0.0038385  0.0041102  0.0013820  0.0003382  0.0006298  0.0019572  0.0018292  0.0021210 -0.0016708
C  0  1  42  1  1  8   0.0003678  0.0011396  0.0034076  0.0025838  0.0052282  0.0042809  0.0057626  0.0060093  0.0070950  0.0019099  0.0016503  0.0002354  0.0026750  0.0019344  0.0027350 -0.0003342
C  0  1  42  1  1  9   0.0018317  0.0024581  0.0020303  0.0035098  0.0038513  0.0034835  0.0050896  0.0054003  0.0036795  0.0009839  0.0015224  0.0016674  0.0016252  0.0000375  0.0017545 -0.0002993
C  0  1  42  1  1 10  -0.0001115  0.0025819  0.0019263  0.0027031  0.0035885  0.0026760  0.0028577  0.0034262  0.0037172 -0.0001086 -0.0007075  0.0009141  0.0003429  0.0014783  0.0018523  0.0001240
C  0  1  42  1  1 11   0.0003491  0.0014636  0.0016601  0.0030042  0.0036740  0.0000855  0.0026811  0.0027952  0.0035925  0.0019697 -0.0003682  0.0002564 -0.0002608  0.0004758  0.0006719 -0.0012667
C  0  1  42  1  1 12   0.0011317  0.0029920  0.0027999  0.0048445  0.0033913  0.0026667  0.0017419  0.0031513  0.0051307  0.0014380  0.0014892  0.0012160  0.0011290  0.0007297  0.0021318 -0.0008591
C  0  1  42  1  1 13   0.0001145  0.0030688  0.0039580  0.0041654  0.0034807  0.0034518  0.0047612  0.0060990  0.0059670  0.0014810  0.0018322  0.0006569  0.0006972 -0.0009151  0.0005252 -0.0014129
C  0  1  42  1  1 14  -0.0002701  0.0015315  0.0027698  0.0039323  0.0046173  0.0025916  0.0046717  0.0066280  0.0052916  0.0021026  0.0023322 -0.0002166 -0.0007724 -0.0010641 -0.0008487 -0.0020613
C  0  1  42  1  1 15  -0.0009006  0.0013338  0.0031750  0.0052697  0.0029090 -0.0003141  0.0044094  0.0038161  0.0076334  0.0033666  0.0032984  0.0015058 -0.0017090 -0.0053695 -0.0042946 -0.0042655
C  0  1  42  1  1 16  -0.0003791  0.0010306  0.0039979  0.0049847  0.0036060  0.0004575  0.0047729  0.0050799  0.0042571  0.0064939  0.0027845  0.0024784 -0.0008274 -0.0010686 -0.0043298 -0.0053654
C  0  1  42  1  1 17  -0.0025551  0.0036183  0.0028230  0.0061584  0.0036257 -0.0010485  0.0021060  0.0046856  0.0046955  0.0053091  0.0045384  0.0029363 -0.0012882 -0.0033418 -0.0054415 -0.0048874
C  0  1  42  1  1 18   0.0017068  0.0084802  0.0068036  0.0080919  0.0055736  0.0004530 -0.0007911 -0.0001792  0.0042084  0.0050682  0.0044176  0.0031823 -0.0000944 -0.0021032 -0.0047634 -0.0032372
C  0  1  42  1  1 19   0.0025098  0.0093233  0.0122519  0.0113030  0.0071918  0.0025379 -0.0023132  0.0001755  0.0038324  0.0064825  0.0031498 -0.0003173 -0.0018585 -0.0033806 -0.0035453 -0.0008358
C  0  1  42  1  1 20   0.0008971  0.0150328  0.0185753  0.0128112  0.0064556  0.0039256 -0.0015199 -0.0012548  0.0023581  0.0063272  0.0019845 -0.0022317 -0.0064972 -0.0074516 -0.0046963 -0.0046117
C  0  1  42  1  1 21   0.0107172  0.0212022  0.0339481  0.0225948  0.0173339  0.0175977  0.0123257  0.0124724  0.0135718  0.0160960  0.0015091 -0.0021837 -0.0080799 -0.0161635 -0.0058180  0.0033178
