CPHI 16 
CETA 22 -2.40 -2.10 -1.85 -1.60 -1.40 -1.20 -1.00 -0.80 -0.60 -0.40 -0.20  0.00  0.20  0.40  0.60  0.80  1.00  1.20  1.40  1.60  1.85  2.10  2.40 
RMIN  6 
RTRK 12 
RETA 11  0.00  0.20  0.40  0.60  0.80  1.00  1.20  1.40  1.60  1.85  2.10  2.40 
T 0 1  43  0  0  0    0.0000000   0.0006164   0.0017311   0.0032780   0.0124755   0.0691314   0.2784245   0.6540700   1.0000000   1.0000000   1.0000000   1.0000000   1.0000000
T 0 1  43  0  0  1    0.0000000   0.0001231   0.0005380   0.0023055   0.0122882   0.0588057   0.2265697   0.5890264   1.0000000   1.0000000   1.0000000   1.0000000   1.0000000
T 0 1  43  0  0  2    0.0000000   0.0001101   0.0004619   0.0017058   0.0108091   0.0555678   0.2092658   0.5740049   1.0000000   1.0000000   1.0000000   1.0000000   1.0000000
T 0 1  43  0  0  3    0.0000000   0.0001736   0.0005251   0.0016539   0.0114427   0.0626830   0.2260937   0.5871742   1.0000000   1.0000000   1.0000000   1.0000000   1.0000000
T 0 1  43  0  0  4    0.0000000   0.0003590   0.0024534   0.0140803   0.0624124   0.2035371   0.4897475   0.8227620   1.0000000   1.0000000   1.0000000   1.0000000   1.0000000
T 0 1  43  0  0  5    0.0000000   0.0009874   0.0074575   0.0514841   0.2060005   0.5327403   0.8760582   0.9994567   1.0000000   1.0000000   1.0000000   1.0000000   1.0000000
T 0 1  43  0  0  6    0.0000000   0.0002773   0.0012132   0.0101980   0.0667403   0.2760887   0.6628488   0.9311336   0.9982083   0.9999970   1.0000000   1.0000000   1.0000000
T 0 1  43  0  0  7    0.0000000   0.0000395   0.0003826   0.0009001   0.0047377   0.0307548   0.1183102   0.2968518   0.5812615   0.8691480   0.9842399   0.9998709   1.0000000
T 0 1  43  0  0  8    0.0000000   0.0000030   0.0000380   0.0001469   0.0004082   0.0010637   0.0042178   0.0250342   0.1195558   0.3935727   0.7892497   0.9690585   1.0000000
T 0 1  43  0  0  9    0.0000000   0.0000076   0.0000076   0.0000343   0.0005583   0.0034992   0.0182710   0.0862897   0.3023558   0.6592627   0.9388706   0.9999264   1.0000000
T 0 1  43  0  0 10    0.0000000   0.0065997   0.0289385   0.0464359   0.0792321   0.1685827   0.3370587   0.6884623   0.9101750   0.9698833   0.9998308   1.0000000   1.0000000
T 0 1  43  1  0  0    0.0000000   0.0005148   0.0016399   0.0047460   0.0213440   0.1017716   0.3374237   0.6994022   1.0000000   1.0000000   1.0000000   1.0000000   1.0000000
T 0 1  43  1  0  1    0.0000000   0.0002633   0.0010891   0.0042307   0.0181163   0.0752157   0.2537985   0.6193956   1.0000000   1.0000000   1.0000000   1.0000000   1.0000000
T 0 1  43  1  0  2    0.0000000   0.0002194   0.0008486   0.0027728   0.0124455   0.0616642   0.2339277   0.6064318   1.0000000   1.0000000   1.0000000   1.0000000   1.0000000
T 0 1  43  1  0  3    0.0000000   0.0002283   0.0008669   0.0027852   0.0140251   0.0700545   0.2491207   0.6198491   1.0000000   1.0000000   1.0000000   1.0000000   1.0000000
T 0 1  43  1  0  4    0.0000000   0.0004356   0.0027620   0.0153929   0.0663357   0.2155446   0.5058694   0.8320271   1.0000000   1.0000000   1.0000000   1.0000000   1.0000000
T 0 1  43  1  0  5    0.0000000   0.0011873   0.0094478   0.0577925   0.2246261   0.5586818   0.8900123   0.9996500   1.0000000   1.0000000   1.0000000   1.0000000   1.0000000
T 0 1  43  1  0  6    0.0000000   0.0004626   0.0026649   0.0180020   0.0942133   0.3329130   0.7236541   0.9536823   0.9988141   0.9999984   1.0000000   1.0000000   1.0000000
T 0 1  43  1  0  7    0.0000000   0.0002246   0.0006446   0.0024765   0.0123245   0.0526267   0.1570011   0.3413836   0.6074237   0.8728054   0.9849908   0.9998878   1.0000000
T 0 1  43  1  0  8    0.0000000   0.0009562   0.0014955   0.0017998   0.0022382   0.0036136   0.0107994   0.0452511   0.1686405   0.4573475   0.8251665   0.9710661   1.0000000
T 0 1  43  1  0  9    0.0000000   0.0021003   0.0074838   0.0131257   0.0159362   0.0198461   0.0401951   0.1288935   0.3661962   0.7154288   0.9583841   0.9999941   1.0000000
T 0 1  43  1  0 10    0.0000000   0.0032254   0.0170235   0.0428863   0.0843736   0.1746921   0.3942474   0.7474223   0.9511020   0.9856143   0.9999985   1.0000000   1.0000000
R 0 1  43  0  0  0    0.0209060   0.0209060   0.0113371   0.0102551   0.0103133   0.0102165   0.0099990   0.0098306   0.0098306   0.0098306   0.0098306   0.0098306
R 0 1  43  0  0  1    0.0122522   0.0122522   0.0122522   0.0122522   0.0109894   0.0109217   0.0109408   0.0108669   0.0108669   0.0108669   0.0108669   0.0108669
R 0 1  43  0  0  2    0.0125635   0.0125635   0.0125635   0.0125635   0.0121866   0.0119583   0.0118277   0.0116801   0.0116801   0.0116801   0.0116801   0.0116801
R 0 1  43  0  0  3    0.0137618   0.0137618   0.0137618   0.0137618   0.0127841   0.0125578   0.0123895   0.0122643   0.0122643   0.0122643   0.0122643   0.0122643
R 0 1  43  0  0  4    0.0186945   0.0186945   0.0186945   0.0173890   0.0169862   0.0158851   0.0144865   0.0131072   0.0131072   0.0131072   0.0131072   0.0131072
R 0 1  43  0  0  5    0.0199921   0.0199921   0.0194656   0.0191920   0.0187698   0.0181068   0.0169686   0.0169686   0.0169686   0.0169686   0.0169686   0.0169686
R 0 1  43  0  0  6    0.0197269   0.0197269   0.0197269   0.0204701   0.0207778   0.0206805   0.0207999   0.0206456   0.0206456   0.0206456   0.0206456   0.0206456
R 0 1  43  0  0  7    0.0221047   0.0221047   0.0221047   0.0221047   0.0208569   0.0211633   0.0211418   0.0209427   0.0206031   0.0196281   0.0196281   0.0196281
R 0 1  43  0  0  8    0.0215007   0.0215007   0.0215007   0.0215007   0.0215007   0.0215007   0.0215007   0.0209380   0.0210711   0.0209396   0.0201910   0.0188242
R 0 1  43  0  0  9    0.0312695   0.0312695   0.0312695   0.0312695   0.0312695   0.0312695   0.0297179   0.0288756   0.0274635   0.0263702   0.0250968   0.0250968
R 0 1  43  0  0 10    0.0786083   0.0709756   0.0607121   0.0539872   0.0473064   0.0438839   0.0409766   0.0354820   0.0334398   0.0305536   0.0305536   0.0305536
R 0 1  43  0  1  0    0.0000000   0.0000000   0.0000000   0.0000622   0.0000811   0.0000786   0.0000729   0.0000650   0.0000650   0.0000650   0.0000650   0.0000650
R 0 1  43  0  1  1    0.0000927   0.0000927   0.0000927   0.0000927   0.0000647   0.0000739   0.0000637   0.0000562   0.0000562   0.0000562   0.0000562   0.0000562
R 0 1  43  0  1  2    0.0000744   0.0000744   0.0000744   0.0000744   0.0000654   0.0000632   0.0000597   0.0000528   0.0000528   0.0000528   0.0000528   0.0000528
R 0 1  43  0  1  3    0.0001077   0.0001077   0.0001077   0.0001077   0.0000644   0.0000593   0.0000553   0.0000510   0.0000510   0.0000510   0.0000510   0.0000510
R 0 1  43  0  1  4    0.0000938   0.0000938   0.0000938   0.0000847   0.0000905   0.0000742   0.0000540   0.0000454   0.0000454   0.0000454   0.0000454   0.0000454
R 0 1  43  0  1  5    0.0001827   0.0001827   0.0000717   0.0000820   0.0000682   0.0000600   0.0000408   0.0000408   0.0000408   0.0000408   0.0000408   0.0000408
R 0 1  43  0  1  6    0.0000000   0.0000000   0.0000000   0.0000618   0.0000636   0.0000537   0.0000536   0.0000186   0.0000186   0.0000186   0.0000186   0.0000186
R 0 1  43  0  1  7    0.0001588   0.0001588   0.0001588   0.0001588   0.0000797   0.0000681   0.0000691   0.0000711   0.0000718   0.0000496   0.0000496   0.0000496
R 0 1  43  0  1  8    0.0001235   0.0001235   0.0001235   0.0001235   0.0001235   0.0001235   0.0001235   0.0001018   0.0001052   0.0000983   0.0000759   0.0000600
R 0 1  43  0  1  9    0.0002952   0.0002952   0.0002952   0.0002952   0.0002952   0.0002952   0.0002078   0.0002044   0.0001777   0.0001434   0.0001241   0.0001241
R 0 1  43  0  1 10    0.0014133   0.0011421   0.0007702   0.0007928   0.0005643   0.0004885   0.0003978   0.0002566   0.0002040   0.0001674   0.0001674   0.0001674
R 0 1  43  0  2  0    0.0000000   0.0000000   0.0000000   0.0000000   0.0000000   0.0000097   0.0000155   0.0000056   0.0000056   0.0000056   0.0000056   0.0000056
R 0 1  43  0  2  1    0.0000000   0.0000000   0.0000000   0.0000000   0.0000000   0.0000135   0.0000116   0.0000163   0.0000163   0.0000163   0.0000163   0.0000163
R 0 1  43  0  2  2    0.0000000   0.0000000   0.0000000   0.0000000   0.0000000   0.0000221   0.0000222   0.0000149   0.0000149   0.0000149   0.0000149   0.0000149
R 0 1  43  0  2  3    0.0000000   0.0000000   0.0000000   0.0000000   0.0000000   0.0000083   0.0000147   0.0000000   0.0000000   0.0000000   0.0000000   0.0000000
R 0 1  43  0  2  4    0.0000000   0.0000000   0.0000000   0.0000000   0.0000000   0.0000000   0.0000088   0.0000080   0.0000080   0.0000080   0.0000080   0.0000080
R 0 1  43  0  2  5    0.0000000   0.0000000   0.0000000   0.0000000   0.0000000   0.0000081   0.0000000   0.0000000   0.0000000   0.0000000   0.0000000   0.0000000
R 0 1  43  0  2  6    0.0000000   0.0000000   0.0000000   0.0000000   0.0000000   0.0000087   0.0000000   0.0000000   0.0000000   0.0000000   0.0000000   0.0000000
R 0 1  43  0  2  7    0.0000000   0.0000000   0.0000000   0.0000000   0.0000000   0.0000000   0.0000000   0.0000000   0.0000000   0.0000000   0.0000000   0.0000000
R 0 1  43  0  2  8    0.0000000   0.0000000   0.0000000   0.0000000   0.0000000   0.0000000   0.0000000   0.0000000   0.0000104   0.0000000   0.0000000   0.0000000
R 0 1  43  0  2  9    0.0000000   0.0000000   0.0000000   0.0000000   0.0000000   0.0000000   0.0000000   0.0000000   0.0000000   0.0000000   0.0000000   0.0000000
R 0 1  43  0  2 10    0.0000000   0.0000000   0.0000000   0.0000000   0.0000000   0.0001301   0.0001066   0.0000000   0.0000000   0.0000000   0.0000000   0.0000000
R 0 1  43  0  3  0    1.1009993   1.1009993   1.0421640   1.0325305   0.9954077   0.9833946   0.9802975   0.9825075   0.9825075   0.9825075   0.9825075   0.9825075
R 0 1  43  0  3  1    0.9997585   0.9997585   0.9997585   0.9997585   0.9948062   0.9842656   0.9765002   0.9787644   0.9787644   0.9787644   0.9787644   0.9787644
R 0 1  43  0  3  2    1.0057422   1.0057422   1.0057422   1.0057422   0.9955087   0.9852322   0.9792442   0.9815503   0.9815503   0.9815503   0.9815503   0.9815503
R 0 1  43  0  3  3    1.0054107   1.0054107   1.0054107   1.0054107   0.9974002   0.9872043   0.9819779   0.9825630   0.9825630   0.9825630   0.9825630   0.9825630
R 0 1  43  0  3  4    1.0352220   1.0352220   1.0352220   0.9825934   0.9779745   0.9717771   0.9778129   0.9873170   0.9873170   0.9873170   0.9873170   0.9873170
R 0 1  43  0  3  5    1.0486595   1.0486595   0.9883440   0.9827138   0.9727822   0.9718639   0.9740641   0.9740641   0.9740641   0.9740641   0.9740641   0.9740641
R 0 1  43  0  3  6    1.0303298   1.0303298   1.0303298   1.0024504   0.9907351   0.9837253   0.9832121   0.9927402   0.9927402   0.9927402   0.9927402   0.9927402
R 0 1  43  0  3  7    1.0301406   1.0301406   1.0301406   1.0301406   1.0208420   0.9967318   0.9904730   0.9879925   0.9866898   0.9907372   0.9907372   0.9907372
R 0 1  43  0  3  8    1.0089766   1.0089766   1.0089766   1.0089766   1.0089766   1.0089766   1.0089766   0.9993372   0.9844802   0.9843614   0.9863828   1.0166790
R 0 1  43  0  3  9    1.0306081   1.0306081   1.0306081   1.0306081   1.0306081   1.0306081   0.9938139   0.9732679   0.9732959   0.9860810   1.0026824   1.0026824
R 0 1  43  0  3 10    1.0597259   1.0417393   1.0186820   0.9939119   0.9736659   0.9714062   0.9681272   0.9705300   0.9959945   1.0150166   1.0150166   1.0150166
R 0 1  43  0  4  0    1.2026086   1.2026086   1.3655343   2.0550936   2.2024301   2.2741929   2.2182210   2.2705575   2.2705575   2.2705575   2.2705575   2.2705575
R 0 1  43  0  4  1    1.9587231   1.9587231   1.9587231   1.9587231   2.1299156   2.2327397   2.1473377   2.1982059   2.1982059   2.1982059   2.1982059   2.1982059
R 0 1  43  0  4  2    1.8547117   1.8547117   1.8547117   1.8547117   2.1597830   2.2736824   2.2162434   2.2441032   2.2441032   2.2441032   2.2441032   2.2441032
R 0 1  43  0  4  3    1.7791465   1.7791465   1.7791465   1.7791465   2.3009932   2.2634873   2.2298183   2.2480987   2.2480987   2.2480987   2.2480987   2.2480987
R 0 1  43  0  4  4    1.8990819   1.8990819   1.8990819   1.9888765   2.0802630   2.0608843   2.1942580   2.3138681   2.3138681   2.3138681   2.3138681   2.3138681
R 0 1  43  0  4  5    1.7353416   1.7353416   2.0293008   2.1354306   2.0583148   2.0840272   2.0333785   2.0333785   2.0333785   2.0333785   2.0333785   2.0333785
R 0 1  43  0  4  6    1.9240777   1.9240777   1.9240777   2.1922170   2.3596059   2.3264070   2.3481112   2.3229766   2.3229766   2.3229766   2.3229766   2.3229766
R 0 1  43  0  4  7    1.7785440   1.7785440   1.7785440   1.7785440   2.1670736   2.3981060   2.3613416   2.3674702   2.3907297   2.3417887   2.3417887   2.3417887
R 0 1  43  0  4  8    2.1221488   2.1221488   2.1221488   2.1221488   2.1221488   2.1221488   2.1221488   2.3177273   2.2707192   2.2836762   2.2576171   2.1643600
R 0 1  43  0  4  9    2.1250852   2.1250852   2.1250852   2.1250852   2.1250852   2.1250852   2.0653261   2.0195018   2.0387349   2.2060369   2.2619244   2.2619244
R 0 1  43  0  4 10    1.9890458   2.2172405   1.9678507   1.9354400   1.9435318   1.9766199   1.9822402   1.9461994   1.9872130   2.0387686   2.0387686   2.0387686
R 0 1  43  0  5  0   11.9485758  11.9485758   5.8677235   3.5683884   3.8778527   3.9887187   4.4210277   4.0386560   4.0386560   4.0386560   4.0386560   4.0386560
R 0 1  43  0  5  1    4.2595771   4.2595771   4.2595771   4.2595771   4.2536183   3.9650982   4.8674469   4.3723838   4.3723838   4.3723838   4.3723838   4.3723838
R 0 1  43  0  5  2    4.3237821   4.3237821   4.3237821   4.3237821   4.4895631   3.8192678   4.2449871   4.1494612   4.1494612   4.1494612   4.1494612   4.1494612
R 0 1  43  0  5  3    5.4195271   5.4195271   5.4195271   5.4195271   3.7139006   4.0592138   4.3726716   4.2054033   4.2054033   4.2054033   4.2054033   4.2054033
R 0 1  43  0  5  4    5.1946585   5.1946585   5.1946585   5.2094788   5.3484876   5.1701686   4.0786041   3.3404781   3.3404781   3.3404781   3.3404781   3.3404781
R 0 1  43  0  5  5    5.1151270   5.1151270   5.0834077   4.6653498   5.7001204   4.6135352   4.0493840   4.0493840   4.0493840   4.0493840   4.0493840   4.0493840
R 0 1  43  0  5  6    3.6419736   3.6419736   3.6419736   4.3031521   3.2832214   3.0191766   2.3735564   2.0110099   2.0110099   2.0110099   2.0110099   2.0110099
R 0 1  43  0  5  7    4.2418702   4.2418702   4.2418702   4.2418702   4.4239211   2.9256223   2.8500887   2.8111722   2.5674685   2.0624350   2.0624350   2.0624350
R 0 1  43  0  5  8    4.5168397   4.5168397   4.5168397   4.5168397   4.5168397   4.5168397   4.5168397   4.1196373   4.2558884   4.1105112   3.8727544   5.7894361
R 0 1  43  0  5  9    4.5376415   4.5376415   4.5376415   4.5376415   4.5376415   4.5376415   6.4716110   6.3096806   6.6952673   5.3997541   5.2863929   5.2863929
R 0 1  43  0  5 10    7.3772352   3.9720564   4.5324976   5.6694331   5.4137221   6.3086153   7.5010900   8.6580551   7.4234523   6.8445937   6.8445937   6.8445937
F  0  1  43  0  0  0    1.0070984   1.0160795   1.0066836   1.0162825   0.9777829   1.0039884   0.9852521   0.9827131   0.9863959   0.9883131   0.9803907
F  0  1  43  1  0  0    1.0693440   1.0723071   1.0653561   1.0668338   1.0576379   1.0852319   1.0739368   1.0515842   1.0416480   1.0737352   1.0853952
C  0  1  43  0  0  0  -0.0669687 -0.0387394 -0.1726426 -0.3669252 -0.2711099 -0.0612142 -0.2142111 -0.2315525 -0.1582338 -0.2727422 -0.2368864 -0.2225664 -0.2729518 -0.3096434 -0.2881722 -0.0291273
C  0  1  43  0  0  1  -0.1479088 -0.1457527 -0.0349767 -0.1857799 -0.1159160 -0.1479678 -0.1341763 -0.2083879  0.0239713 -0.0555566 -0.1012271 -0.0492700 -0.2621470 -0.0824165 -0.1558886 -0.0955753
C  0  1  43  0  0  2  -0.1227779 -0.1207091 -0.0834463 -0.0642602  0.0293400 -0.0851759 -0.0136084 -0.0817456 -0.0014345 -0.0886997 -0.0565402 -0.0694391  0.0074465 -0.0865424 -0.0457315 -0.1663899
C  0  1  43  0  0  3  -0.1100019 -0.1053846 -0.1192266 -0.1089994  0.0233370 -0.1146887 -0.0693213  0.0616343 -0.0275612  0.0497655 -0.1320495 -0.0618854 -0.1590177 -0.0949898 -0.0348565  0.0537509
C  0  1  43  0  0  4  -0.0318213 -0.1822032 -0.1157590 -0.0167497 -0.2081462 -0.0991910 -0.0763328 -0.0728394 -0.0392194 -0.0973883 -0.0695436 -0.0220811 -0.2093568 -0.0849474 -0.0681753 -0.1267362
C  0  1  43  0  0  5   0.1183861 -0.0486209 -0.0594379  0.1200759 -0.0073403 -0.0602222 -0.0880165 -0.0087047  0.0417297 -0.0679693  0.0510708 -0.0690322 -0.0272920  0.0282742  0.0252369 -0.0753783
C  0  1  43  0  0  6   0.0069622  0.0375378  0.0712799  0.0019098 -0.0233645 -0.0229368 -0.0184629 -0.0838639  0.0082293  0.0118762 -0.0231219 -0.0616192 -0.0677505  0.0082125 -0.1189873  0.0721616
C  0  1  43  0  0  7  -0.0357941  0.0175814 -0.0612406 -0.0032635  0.0766118  0.0735696  0.1332122 -0.0038509 -0.0930095  0.0466631  0.0769864 -0.0344800  0.0025066 -0.0071713 -0.0071793 -0.0133287
C  0  1  43  0  0  8  -0.0443839  0.0071035  0.0075997  0.0465417  0.0196881  0.0572298 -0.0148156 -0.0724683 -0.0311554  0.0761650 -0.0187744  0.0744434 -0.0874342  0.0660083 -0.1050518 -0.0295700
C  0  1  43  0  0  9  -0.0514387 -0.0220855  0.0051355  0.0413739  0.0330893  0.0004135  0.0143410  0.0156415 -0.0777577  0.0274322  0.0673411  0.0832492 -0.0063286  0.0275567 -0.0419608  0.0338064
C  0  1  43  0  0 10   0.0032208  0.0096068  0.0497786  0.0712922 -0.0129281 -0.0438368 -0.1083008  0.0080078  0.0031970 -0.1158522 -0.0214646 -0.0036378 -0.0233529  0.0577577  0.0754745  0.0327596
C  0  1  43  0  0 11  -0.0183063  0.0360032 -0.0603485  0.0431284  0.0413046  0.0206735  0.0406735  0.1074996  0.0107122  0.0327594  0.0626630 -0.0011978 -0.0381352 -0.0558663 -0.0112639 -0.0194959
C  0  1  43  0  0 12   0.0391012 -0.0122534  0.0364236  0.0585620  0.0354206 -0.0251185  0.0056554  0.0624880 -0.0007066  0.0331164  0.0208517  0.0066006 -0.0473518 -0.0188517  0.0113208  0.0059799
C  0  1  43  0  0 13  -0.0342489  0.0121962 -0.0124668  0.0456383  0.0113746 -0.0309917  0.0258020 -0.0688524  0.0497439  0.1270772 -0.0512749 -0.0140550 -0.0350949 -0.0495593  0.0230558  0.0113196
C  0  1  43  0  0 14  -0.0630911  0.0014317  0.0118868  0.0402277 -0.0900356  0.0517241  0.0123963  0.0291783 -0.0132471 -0.0040042  0.1074178 -0.0713225  0.0184887 -0.0631004  0.0163457 -0.0344417
C  0  1  43  0  0 15  -0.0725090 -0.0937463 -0.0824427 -0.0149442  0.0443049 -0.0373403 -0.0171576  0.0109462  0.0424787  0.0084652 -0.0350944 -0.1425486 -0.0200405 -0.0237923 -0.0854645 -0.0260649
C  0  1  43  0  0 16   0.1560925  0.0149122 -0.0225765 -0.0112929  0.0814032 -0.0115168 -0.0120955 -0.0475706 -0.1170076  0.1235875  0.0709415 -0.0873629 -0.0756465 -0.0501091 -0.0459907  0.0935810
C  0  1  43  0  0 17   0.0177173 -0.0783300 -0.1873613 -0.1114691 -0.1450373 -0.0304268 -0.0522015  0.0496114 -0.0364742 -0.0775064 -0.0194992 -0.1211149 -0.0156974 -0.2235399 -0.0291105  0.0707129
C  0  1  43  0  0 18  -0.1642717 -0.0321092  0.0581286  0.0236933 -0.1785176 -0.0081551  0.0329100 -0.0424037 -0.0129507 -0.0419796 -0.0090752 -0.1324991 -0.0464419 -0.0277939 -0.1192869  0.0104772
C  0  1  43  0  0 19   0.0965145 -0.0900799 -0.1413207 -0.0452002 -0.1048514 -0.1166268 -0.1467095 -0.0355939 -0.1739390 -0.0571133 -0.0975471 -0.0803681 -0.0066320 -0.0375860 -0.0219016 -0.1334480
C  0  1  43  0  0 20  -0.1335323 -0.0846685  0.0209145 -0.0124214 -0.0956032 -0.1300122 -0.1749017 -0.2568582 -0.2009481 -0.1222143 -0.1502510 -0.0444220 -0.0135467 -0.1738673 -0.1520431 -0.1222769
C  0  1  43  0  0 21  -0.2455085 -0.1057397 -0.2852589 -0.3277210 -0.1665527 -0.2190175 -0.2364043  0.0345254 -0.3042940  0.0010689 -0.1398801 -0.1891800 -0.4069765 -0.4893273 -0.2977426 -0.2477131
C  0  1  43  0  1  0   0.0027222 -0.0025093 -0.0041627 -0.0002554 -0.0033533  0.0017039  0.0019704  0.0003128  0.0044398 -0.0017377 -0.0028990  0.0032198  0.0065549  0.0036357  0.0043512  0.0070260
C  0  1  43  0  1  1   0.0006445  0.0005835 -0.0000035 -0.0016835 -0.0026576 -0.0008399  0.0042039 -0.0001462  0.0025015  0.0011245  0.0004389 -0.0028250  0.0019838  0.0034781  0.0024678  0.0022729
C  0  1  43  0  1  2   0.0024967 -0.0030117 -0.0001486 -0.0005342 -0.0032362  0.0022622  0.0008403  0.0013890  0.0000848 -0.0008152 -0.0024313 -0.0041408  0.0026860 -0.0003210  0.0002572  0.0012263
C  0  1  43  0  1  3   0.0018916 -0.0001067  0.0010011 -0.0005205  0.0005482  0.0010150  0.0035058 -0.0002590 -0.0021012 -0.0015599 -0.0014902  0.0001919 -0.0013747 -0.0020627  0.0028036  0.0018266
C  0  1  43  0  1  4   0.0058237 -0.0001612 -0.0006169  0.0034642  0.0006561 -0.0021579  0.0016289  0.0017561  0.0016574  0.0004252 -0.0005122 -0.0016426  0.0015193 -0.0005330  0.0000320 -0.0027920
C  0  1  43  0  1  5   0.0030110  0.0009555 -0.0013297  0.0025255  0.0008026  0.0006053 -0.0024066 -0.0005315 -0.0005571 -0.0000326  0.0016217 -0.0004175  0.0007008  0.0017472 -0.0002278 -0.0015744
C  0  1  43  0  1  6   0.0038797  0.0007488 -0.0006068  0.0015673  0.0018634 -0.0001049 -0.0007316 -0.0003139  0.0000718 -0.0007370  0.0000441 -0.0012906 -0.0025940  0.0010305  0.0023310  0.0008136
C  0  1  43  0  1  7   0.0015284 -0.0001384  0.0005943 -0.0002250  0.0027397  0.0011213  0.0004848  0.0015966  0.0015803 -0.0026288  0.0014521  0.0008499 -0.0009939  0.0004591 -0.0015441 -0.0002738
C  0  1  43  0  1  8   0.0028223  0.0014075 -0.0006640 -0.0009455  0.0003129  0.0022718  0.0013964  0.0016574  0.0021637  0.0005829  0.0007719 -0.0018928 -0.0003538  0.0020926  0.0009820  0.0007941
C  0  1  43  0  1  9  -0.0009756  0.0008865  0.0027781  0.0017475  0.0002644 -0.0006023  0.0003438  0.0018794  0.0013848 -0.0027152 -0.0033430  0.0003188 -0.0012213 -0.0004801 -0.0022943  0.0016465
C  0  1  43  0  1 10   0.0009457 -0.0005250  0.0009077  0.0018054  0.0032717  0.0005181  0.0010724  0.0010081 -0.0008152 -0.0001018 -0.0012065 -0.0009549 -0.0014312 -0.0011662 -0.0020020  0.0014101
C  0  1  43  0  1 11   0.0027152 -0.0005484 -0.0008389  0.0037024  0.0006149 -0.0008289 -0.0017376 -0.0008039 -0.0034961  0.0011649 -0.0001620 -0.0022841  0.0007821  0.0003036 -0.0006298 -0.0001076
C  0  1  43  0  1 12   0.0023867 -0.0002815 -0.0001758 -0.0017539  0.0018660  0.0004261  0.0015216 -0.0009616  0.0001885  0.0000049 -0.0015382  0.0034605  0.0014081  0.0014586 -0.0002179  0.0024241
C  0  1  43  0  1 13   0.0025673 -0.0012613  0.0000436  0.0008926  0.0029396  0.0005357 -0.0007611  0.0012221  0.0013539 -0.0001225  0.0000968  0.0001038 -0.0005911  0.0025853  0.0014169  0.0011043
C  0  1  43  0  1 14   0.0013969  0.0020340  0.0027697  0.0029874  0.0007961  0.0036955 -0.0019827  0.0031283 -0.0002425  0.0009628  0.0000440 -0.0003474  0.0002062  0.0026312 -0.0002002  0.0024380
C  0  1  43  0  1 15   0.0016146  0.0028954  0.0008085  0.0003812  0.0030903  0.0021792  0.0020455 -0.0018126  0.0011355  0.0000763 -0.0003422  0.0010631 -0.0003208  0.0010946  0.0002633  0.0000809
C  0  1  43  0  1 16   0.0030458  0.0023897  0.0012367 -0.0000075 -0.0004983  0.0018712  0.0015396  0.0002971 -0.0006083  0.0020181 -0.0000560 -0.0001597  0.0001624  0.0024638  0.0046734  0.0019065
C  0  1  43  0  1 17   0.0021653 -0.0019248  0.0015707  0.0034366  0.0014148  0.0043947  0.0034551  0.0009622  0.0009211  0.0045802  0.0007088  0.0011428  0.0022182 -0.0011339  0.0047162  0.0041676
C  0  1  43  0  1 18   0.0085536  0.0056080  0.0004463  0.0015289  0.0002291  0.0025979  0.0049020 -0.0005878 -0.0007292  0.0023178  0.0048417  0.0028024 -0.0011163  0.0019297  0.0073269  0.0057038
C  0  1  43  0  1 19   0.0013233  0.0016889  0.0005737  0.0035709  0.0015417  0.0036331  0.0043504  0.0007610  0.0028627  0.0031209  0.0011347  0.0015284  0.0013897  0.0039456  0.0027401  0.0027765
C  0  1  43  0  1 20   0.0064293  0.0059328  0.0090424  0.0031488  0.0031295  0.0055595  0.0034630  0.0040002  0.0035252  0.0023390 -0.0030675 -0.0014289  0.0027092  0.0047083  0.0060215  0.0045434
C  0  1  43  0  1 21   0.0132201  0.0124939  0.0038310 -0.0012012 -0.0025863 -0.0032041 -0.0079793  0.0000122 -0.0022834  0.0005506  0.0007048  0.0040176  0.0012307  0.0070457  0.0089056  0.0050405
C  0  1  43  1  0  0  -0.4448103 -0.4368634 -0.3122230 -0.4142364 -0.1593601 -0.4092382 -0.3543312 -0.2765001 -0.3249546 -0.2210626 -0.4037766 -0.5061777 -0.4827615 -0.4210432 -0.3775996 -0.3796529
C  0  1  43  1  0  1  -0.2818825 -0.3623152 -0.2835388 -0.3080447 -0.3058923 -0.3786235 -0.2683055 -0.2221175 -0.3249377 -0.2024030 -0.3407126 -0.3193224 -0.3246624 -0.3977683 -0.3074696 -0.3231619
C  0  1  43  1  0  2  -0.3546103 -0.3490528 -0.2224085 -0.2453773 -0.3057405 -0.2375087 -0.2699811 -0.2100452 -0.2052125 -0.2353645 -0.2232901 -0.3056006 -0.2886706 -0.3484828 -0.3025541 -0.2767938
C  0  1  43  1  0  3  -0.3069121 -0.2856796 -0.2508233 -0.2386574 -0.2904435 -0.2358938 -0.2026026 -0.1469934 -0.1469584 -0.1389829 -0.2065242 -0.2147172 -0.2329564 -0.2951356 -0.2559134 -0.2555150
C  0  1  43  1  0  4  -0.2851259 -0.2782640 -0.2707863 -0.2326503 -0.2426592 -0.1914864 -0.2812407 -0.3030068 -0.2434968 -0.2039162 -0.2069555 -0.3187794 -0.3003091 -0.2782859 -0.3331757 -0.2990855
C  0  1  43  1  0  5  -0.1858939 -0.1828220 -0.1962038 -0.1955682 -0.2126163 -0.1306969 -0.2228543 -0.1463571 -0.1593981 -0.1097684 -0.1860729 -0.2249986 -0.2168150 -0.1319126 -0.2002624 -0.1768270
C  0  1  43  1  0  6  -0.1443844 -0.1761147 -0.1566434 -0.1841634 -0.1106183 -0.1435374 -0.1500089 -0.1165128 -0.1440038 -0.0837505 -0.0731101 -0.1249682 -0.0925953 -0.1111756 -0.1905167 -0.1791634
C  0  1  43  1  0  7  -0.1475708 -0.1604728 -0.2079208 -0.1107011 -0.1832265 -0.1565496 -0.1624385 -0.1428265 -0.1319745 -0.1220848 -0.1261542 -0.1341149 -0.1514667 -0.1665626 -0.1303810 -0.1368951
C  0  1  43  1  0  8  -0.2067363 -0.0975459 -0.1248567 -0.1601342 -0.2073785 -0.1616376 -0.1789058 -0.1358121 -0.1265448 -0.0871872 -0.1379681 -0.1743961 -0.1025114 -0.1539719 -0.1490016 -0.1648326
C  0  1  43  1  0  9  -0.1146327 -0.1607430 -0.0951794 -0.1627527 -0.1325835 -0.1465376 -0.1287531 -0.1541080 -0.0950053 -0.1369699 -0.0632927 -0.1076069 -0.1257581 -0.1239507 -0.1232920 -0.1379171
C  0  1  43  1  0 10  -0.1235751 -0.1004568 -0.1542454 -0.1553598 -0.1538735 -0.1128472 -0.1158754 -0.0869825 -0.1123019 -0.1253890 -0.1430097 -0.0743080 -0.1259339 -0.1642124 -0.1279055 -0.1056128
C  0  1  43  1  0 11  -0.1652475 -0.1104308 -0.1473111 -0.1226144 -0.1229977 -0.1246721 -0.1243045 -0.1174991 -0.1597487 -0.1014928 -0.1330950 -0.1289536 -0.1077052 -0.1326545 -0.1209724 -0.1598956
C  0  1  43  1  0 12  -0.0991445 -0.0982037 -0.1293973 -0.1254598 -0.1752866 -0.1163612 -0.1259546 -0.2087011 -0.1380487 -0.1221491 -0.1104275 -0.0940277 -0.0629975 -0.1344052 -0.1238163 -0.1080644
C  0  1  43  1  0 13  -0.1505567 -0.1554193 -0.1720783 -0.1470591 -0.1482182 -0.1624622 -0.1350916 -0.1663874 -0.0941670 -0.1364446 -0.1423709 -0.1133448 -0.1638858 -0.1542735 -0.1842025 -0.1707430
C  0  1  43  1  0 14  -0.1351502 -0.1197886 -0.1468465 -0.1864568 -0.1848237 -0.1491394 -0.1602677 -0.2284892 -0.1986450 -0.1777624 -0.1289854 -0.1017637 -0.1179632 -0.0834818 -0.1364821 -0.1720414
C  0  1  43  1  0 15  -0.1156072 -0.1516758 -0.1536245 -0.1200480 -0.1791541 -0.0950490 -0.1568201 -0.1734779 -0.1979097 -0.1439824 -0.1040015 -0.1375766 -0.1395878 -0.1474763 -0.1095738 -0.1755317
C  0  1  43  1  0 16  -0.1831927 -0.1440801 -0.1443106 -0.1859517 -0.1651055 -0.1790232 -0.1858178 -0.2077794 -0.1776581 -0.1862708 -0.1587087 -0.1717749 -0.1233469 -0.1779275 -0.1475162 -0.1472159
C  0  1  43  1  0 17  -0.2754601 -0.2759796 -0.2117823 -0.2679382 -0.2573796 -0.2742836 -0.2687573 -0.2898295 -0.2480040 -0.2456555 -0.2552975 -0.2182555 -0.1577482 -0.2807919 -0.2001184 -0.2679947
C  0  1  43  1  0 18  -0.2566028 -0.2483147 -0.2261814 -0.2192350 -0.2248267 -0.2622186 -0.2771330 -0.2622113 -0.2376016 -0.2263454 -0.2208560 -0.2676347 -0.2445308 -0.1344447 -0.1553600 -0.1489053
C  0  1  43  1  0 19  -0.2950785 -0.2568698 -0.3086254 -0.3197582 -0.3057105 -0.2779812 -0.2547207 -0.2059669 -0.2102220 -0.2681341 -0.2079596 -0.2766021 -0.2534522 -0.2182257 -0.2279783 -0.2319843
C  0  1  43  1  0 20  -0.2491370 -0.3316024 -0.3633036 -0.3404864 -0.3117837 -0.1944852 -0.2658715 -0.2608359 -0.3291968 -0.3407642 -0.2356390 -0.3029866 -0.3190684 -0.2891599 -0.2982170 -0.3064402
C  0  1  43  1  0 21  -0.3823437 -0.3952720 -0.3183418 -0.3351492 -0.2780307 -0.2385637 -0.3962297 -0.3334463 -0.3594625 -0.3784902 -0.2952508 -0.3679464 -0.3005928 -0.2732962 -0.3964386 -0.4238567
C  0  1  43  1  1  0   0.0461226  0.0506456  0.0414627  0.0237392  0.0023095 -0.0231256 -0.0331425 -0.0439579 -0.0452782 -0.0381030 -0.0323296 -0.0182933  0.0010798  0.0082788  0.0274791  0.0388040
C  0  1  43  1  1  1   0.0239359  0.0218452  0.0180514  0.0107265  0.0024514 -0.0075921 -0.0163646 -0.0188798 -0.0187576 -0.0159963 -0.0143805 -0.0073420  0.0026349  0.0082004  0.0117381  0.0235176
C  0  1  43  1  1  2   0.0120548  0.0134409  0.0085639  0.0054041  0.0011777 -0.0036687 -0.0078347 -0.0091401 -0.0084257 -0.0057129 -0.0045622 -0.0031627  0.0005009  0.0034866  0.0048139  0.0111794
C  0  1  43  1  1  3   0.0075316  0.0071353  0.0021892  0.0034353  0.0019154 -0.0001605 -0.0041363 -0.0012152  0.0000652 -0.0005296 -0.0017203 -0.0011431  0.0028483  0.0023682  0.0034228  0.0065775
C  0  1  43  1  1  4   0.0025684  0.0026714  0.0006816  0.0019882  0.0033067  0.0023124  0.0001991  0.0029617  0.0049792  0.0027629 -0.0018755  0.0003613  0.0021661  0.0012655  0.0037940  0.0026169
C  0  1  43  1  1  5   0.0008065 -0.0003402  0.0004127  0.0029560  0.0036442  0.0030762  0.0042270  0.0039940  0.0047348  0.0012866 -0.0010996 -0.0004171  0.0018413  0.0030098  0.0013707 -0.0009148
C  0  1  43  1  1  6   0.0008687  0.0010401  0.0013052  0.0033768  0.0042131  0.0046247  0.0049152  0.0054390  0.0044201  0.0015675  0.0001708 -0.0006252  0.0013827  0.0007367  0.0021843  0.0011188
C  0  1  43  1  1  7  -0.0008778  0.0022527  0.0022951  0.0043857  0.0048877  0.0034466  0.0055323  0.0027882  0.0034891  0.0004961  0.0002069 -0.0003349  0.0022275  0.0007083  0.0013726 -0.0015510
C  0  1  43  1  1  8   0.0001739  0.0011331  0.0020695  0.0020848  0.0053320  0.0040804  0.0056776  0.0051736  0.0050953  0.0014612  0.0004045 -0.0000354  0.0010248  0.0016185  0.0020454 -0.0006852
C  0  1  43  1  1  9   0.0015415  0.0014259  0.0014773  0.0032243  0.0029121  0.0028114  0.0037638  0.0032784  0.0016331 -0.0008692  0.0011521  0.0002168  0.0015188  0.0001395  0.0005252 -0.0019586
C  0  1  43  1  1 10  -0.0011639  0.0022246  0.0014291  0.0008003  0.0018268  0.0009072  0.0026523  0.0026504  0.0026110 -0.0003005 -0.0011818 -0.0003148 -0.0007996  0.0007067  0.0018931 -0.0016338
C  0  1  43  1  1 11  -0.0004566  0.0019303  0.0008049  0.0016704  0.0023928 -0.0004982  0.0013967  0.0028668  0.0022094  0.0004712 -0.0023868 -0.0001957 -0.0004768  0.0000460  0.0001073 -0.0017852
C  0  1  43  1  1 12   0.0001304  0.0012723  0.0027237  0.0033787  0.0017564  0.0008071  0.0013525  0.0029428  0.0043611  0.0006301  0.0006931  0.0008465  0.0006069 -0.0004880  0.0006844 -0.0009198
C  0  1  43  1  1 13  -0.0000394  0.0016306  0.0031445  0.0032092  0.0028345  0.0027414  0.0042862  0.0056566  0.0049479  0.0006379  0.0006117  0.0003086  0.0000870 -0.0019665 -0.0003818 -0.0016277
C  0  1  43  1  1 14  -0.0003328  0.0010116  0.0012777  0.0039475  0.0042151  0.0024519  0.0044900  0.0052002  0.0047329  0.0016094  0.0018765  0.0001524 -0.0003911 -0.0013002 -0.0018886 -0.0027176
C  0  1  43  1  1 15  -0.0023421  0.0001160  0.0028594  0.0047144  0.0035944 -0.0011139  0.0025232  0.0029437  0.0048476  0.0026291  0.0005027 -0.0002812 -0.0022207 -0.0050186 -0.0056490 -0.0043913
C  0  1  43  1  1 16  -0.0021420 -0.0000684  0.0029386  0.0052045  0.0019412  0.0016807  0.0030046  0.0042263  0.0043344  0.0068113  0.0014841  0.0029691 -0.0006635 -0.0017224 -0.0049286 -0.0065783
C  0  1  43  1  1 17  -0.0034916  0.0013527  0.0001281  0.0051246  0.0029866 -0.0011640  0.0022343  0.0040828  0.0050208  0.0050060  0.0043973  0.0010491 -0.0014589 -0.0041032 -0.0043639 -0.0037870
C  0  1  43  1  1 18  -0.0001635  0.0066679  0.0049487  0.0071222  0.0049637 -0.0000041 -0.0018079 -0.0001567  0.0020454  0.0045279  0.0013865  0.0003999 -0.0012053 -0.0042538 -0.0052577 -0.0041129
C  0  1  43  1  1 19   0.0017730  0.0083477  0.0116214  0.0100008  0.0067927  0.0018478 -0.0019755 -0.0004142  0.0037228  0.0053851  0.0020515  0.0004298 -0.0018410 -0.0051763 -0.0042020 -0.0026120
C  0  1  43  1  1 20   0.0008158  0.0130675  0.0172220  0.0128331  0.0063870  0.0034893 -0.0012219 -0.0015799  0.0004745  0.0039017  0.0014922 -0.0030198 -0.0062488 -0.0092739 -0.0063650 -0.0066517
C  0  1  43  1  1 21   0.0082151  0.0205236  0.0312631  0.0220387  0.0148373  0.0157630  0.0109161  0.0109138  0.0121305  0.0121135  0.0025489 -0.0024471 -0.0064136 -0.0204405 -0.0070581  0.0019087
