CPHI 16 
CETA 22 -2.40 -2.10 -1.85 -1.60 -1.40 -1.20 -1.00 -0.80 -0.60 -0.40 -0.20  0.00  0.20  0.40  0.60  0.80  1.00  1.20  1.40  1.60  1.85  2.10  2.40 
RMIN  6 
RTRK 12 
RETA 11  0.00  0.20  0.40  0.60  0.80  1.00  1.20  1.40  1.60  1.85  2.10  2.40 
T 0 1  44  0  0  0    0.0000000   0.0006425   0.0016975   0.0032334   0.0123405   0.0699207   0.2784463   0.6536313   1.0000000   1.0000000   1.0000000   1.0000000   1.0000000
T 0 1  44  0  0  1    0.0000000   0.0001420   0.0005659   0.0023678   0.0124754   0.0588403   0.2261909   0.5880711   1.0000000   1.0000000   1.0000000   1.0000000   1.0000000
T 0 1  44  0  0  2    0.0000000   0.0001075   0.0004853   0.0017438   0.0108488   0.0557108   0.2093380   0.5740237   1.0000000   1.0000000   1.0000000   1.0000000   1.0000000
T 0 1  44  0  0  3    0.0000000   0.0001821   0.0005606   0.0016615   0.0114956   0.0623502   0.2256703   0.5861131   1.0000000   1.0000000   1.0000000   1.0000000   1.0000000
T 0 1  44  0  0  4    0.0000000   0.0004050   0.0025156   0.0141832   0.0625595   0.2043545   0.4885910   0.8215687   1.0000000   1.0000000   1.0000000   1.0000000   1.0000000
T 0 1  44  0  0  5    0.0000000   0.0009850   0.0076049   0.0517923   0.2050871   0.5326713   0.8757548   0.9994158   1.0000000   1.0000000   1.0000000   1.0000000   1.0000000
T 0 1  44  0  0  6    0.0000000   0.0003197   0.0012406   0.0102924   0.0672722   0.2777862   0.6639976   0.9315549   0.9981875   1.0000000   1.0000000   1.0000000   1.0000000
T 0 1  44  0  0  7    0.0000000   0.0000517   0.0003610   0.0009145   0.0046752   0.0307890   0.1185873   0.2975589   0.5816871   0.8691766   0.9841072   0.9998703   1.0000000
T 0 1  44  0  0  8    0.0000000   0.0000023   0.0000332   0.0001177   0.0003917   0.0009901   0.0042309   0.0249469   0.1194330   0.3937150   0.7898219   0.9695171   1.0000000
T 0 1  44  0  0  9    0.0000000   0.0000075   0.0000075   0.0000307   0.0005821   0.0036058   0.0186759   0.0859619   0.3028575   0.6592925   0.9385829   0.9999247   1.0000000
T 0 1  44  0  0 10    0.0000000   0.0066663   0.0289731   0.0462536   0.0793534   0.1690535   0.3386212   0.6897373   0.9101516   0.9704082   0.9998403   1.0000000   1.0000000
T 0 1  44  1  0  0    0.0000000   0.0005148   0.0016399   0.0047460   0.0213440   0.1017716   0.3374237   0.6994022   1.0000000   1.0000000   1.0000000   1.0000000   1.0000000
T 0 1  44  1  0  1    0.0000000   0.0002633   0.0010891   0.0042307   0.0181163   0.0752157   0.2537985   0.6193956   1.0000000   1.0000000   1.0000000   1.0000000   1.0000000
T 0 1  44  1  0  2    0.0000000   0.0002194   0.0008486   0.0027728   0.0124455   0.0616642   0.2339277   0.6064318   1.0000000   1.0000000   1.0000000   1.0000000   1.0000000
T 0 1  44  1  0  3    0.0000000   0.0002283   0.0008669   0.0027852   0.0140251   0.0700545   0.2491207   0.6198491   1.0000000   1.0000000   1.0000000   1.0000000   1.0000000
T 0 1  44  1  0  4    0.0000000   0.0004356   0.0027620   0.0153929   0.0663357   0.2155446   0.5058694   0.8320271   1.0000000   1.0000000   1.0000000   1.0000000   1.0000000
T 0 1  44  1  0  5    0.0000000   0.0011873   0.0094478   0.0577925   0.2246261   0.5586818   0.8900123   0.9996500   1.0000000   1.0000000   1.0000000   1.0000000   1.0000000
T 0 1  44  1  0  6    0.0000000   0.0004626   0.0026649   0.0180020   0.0942133   0.3329130   0.7236541   0.9536823   0.9988141   0.9999984   1.0000000   1.0000000   1.0000000
T 0 1  44  1  0  7    0.0000000   0.0002246   0.0006446   0.0024765   0.0123245   0.0526267   0.1570011   0.3413836   0.6074237   0.8728054   0.9849908   0.9998878   1.0000000
T 0 1  44  1  0  8    0.0000000   0.0009562   0.0014955   0.0017998   0.0022382   0.0036136   0.0107994   0.0452511   0.1686405   0.4573475   0.8251665   0.9710661   1.0000000
T 0 1  44  1  0  9    0.0000000   0.0021003   0.0074838   0.0131257   0.0159362   0.0198461   0.0401951   0.1288935   0.3661962   0.7154288   0.9583841   0.9999941   1.0000000
T 0 1  44  1  0 10    0.0000000   0.0032254   0.0170235   0.0428863   0.0843736   0.1746921   0.3942474   0.7474223   0.9511020   0.9856143   0.9999985   1.0000000   1.0000000
R 0 1  44  0  0  0    0.0241100   0.0241100   0.0125346   0.0105346   0.0103247   0.0101949   0.0099890   0.0098419   0.0098419   0.0098419   0.0098419   0.0098419
R 0 1  44  0  0  1    0.0118083   0.0118083   0.0118083   0.0118083   0.0109682   0.0109109   0.0109694   0.0108407   0.0108407   0.0108407   0.0108407   0.0108407
R 0 1  44  0  0  2    0.0126143   0.0126143   0.0126143   0.0126143   0.0120145   0.0119824   0.0118453   0.0116533   0.0116533   0.0116533   0.0116533   0.0116533
R 0 1  44  0  0  3    0.0134552   0.0134552   0.0134552   0.0134552   0.0127665   0.0125948   0.0123847   0.0122655   0.0122655   0.0122655   0.0122655   0.0122655
R 0 1  44  0  0  4    0.0192367   0.0192367   0.0192367   0.0173303   0.0168875   0.0158960   0.0145329   0.0130048   0.0130048   0.0130048   0.0130048   0.0130048
R 0 1  44  0  0  5    0.0210930   0.0210930   0.0192643   0.0189906   0.0187140   0.0180383   0.0169493   0.0169493   0.0169493   0.0169493   0.0169493   0.0169493
R 0 1  44  0  0  6    0.0204389   0.0204389   0.0204389   0.0203937   0.0207809   0.0206686   0.0207598   0.0205418   0.0205418   0.0205418   0.0205418   0.0205418
R 0 1  44  0  0  7    0.0213101   0.0213101   0.0213101   0.0213101   0.0210767   0.0211750   0.0212603   0.0209992   0.0205767   0.0196692   0.0196692   0.0196692
R 0 1  44  0  0  8    0.0213622   0.0213622   0.0213622   0.0213622   0.0213622   0.0213622   0.0213622   0.0209524   0.0209833   0.0209877   0.0202653   0.0186545
R 0 1  44  0  0  9    0.0314114   0.0314114   0.0314114   0.0314114   0.0314114   0.0314114   0.0299584   0.0289057   0.0275033   0.0264288   0.0248337   0.0248337
R 0 1  44  0  0 10    0.0785488   0.0715577   0.0624727   0.0540550   0.0474136   0.0439547   0.0408903   0.0354828   0.0335690   0.0306129   0.0306129   0.0306129
R 0 1  44  0  1  0    0.0000000   0.0000000   0.0000000   0.0000750   0.0000857   0.0000801   0.0000718   0.0000629   0.0000629   0.0000629   0.0000629   0.0000629
R 0 1  44  0  1  1    0.0000798   0.0000798   0.0000798   0.0000798   0.0000629   0.0000689   0.0000640   0.0000571   0.0000571   0.0000571   0.0000571   0.0000571
R 0 1  44  0  1  2    0.0000793   0.0000793   0.0000793   0.0000793   0.0000664   0.0000666   0.0000602   0.0000512   0.0000512   0.0000512   0.0000512   0.0000512
R 0 1  44  0  1  3    0.0000662   0.0000662   0.0000662   0.0000662   0.0000774   0.0000627   0.0000564   0.0000492   0.0000492   0.0000492   0.0000492   0.0000492
R 0 1  44  0  1  4    0.0001594   0.0001594   0.0001594   0.0000836   0.0000850   0.0000748   0.0000560   0.0000419   0.0000419   0.0000419   0.0000419   0.0000419
R 0 1  44  0  1  5    0.0002074   0.0002074   0.0000848   0.0000687   0.0000672   0.0000583   0.0000436   0.0000436   0.0000436   0.0000436   0.0000436   0.0000436
R 0 1  44  0  1  6    0.0000885   0.0000885   0.0000885   0.0000387   0.0000565   0.0000586   0.0000513   0.0000271   0.0000271   0.0000271   0.0000271   0.0000271
R 0 1  44  0  1  7    0.0000000   0.0000000   0.0000000   0.0000000   0.0000872   0.0000643   0.0000705   0.0000648   0.0000688   0.0000463   0.0000463   0.0000463
R 0 1  44  0  1  8    0.0000973   0.0000973   0.0000973   0.0000973   0.0000973   0.0000973   0.0000973   0.0001048   0.0001074   0.0000993   0.0000788   0.0000588
R 0 1  44  0  1  9    0.0002841   0.0002841   0.0002841   0.0002841   0.0002841   0.0002841   0.0002078   0.0002079   0.0001869   0.0001530   0.0001246   0.0001246
R 0 1  44  0  1 10    0.0013337   0.0011115   0.0008889   0.0007915   0.0005927   0.0004917   0.0003931   0.0002626   0.0001966   0.0001257   0.0001257   0.0001257
R 0 1  44  0  2  0    0.0000000   0.0000000   0.0000000   0.0000000   0.0000311   0.0000075   0.0000105   0.0000042   0.0000042   0.0000042   0.0000042   0.0000042
R 0 1  44  0  2  1    0.0000000   0.0000000   0.0000000   0.0000000   0.0000000   0.0000000   0.0000127   0.0000176   0.0000176   0.0000176   0.0000176   0.0000176
R 0 1  44  0  2  2    0.0000000   0.0000000   0.0000000   0.0000000   0.0000205   0.0000164   0.0000226   0.0000176   0.0000176   0.0000176   0.0000176   0.0000176
R 0 1  44  0  2  3    0.0000000   0.0000000   0.0000000   0.0000000   0.0000284   0.0000000   0.0000061   0.0000000   0.0000000   0.0000000   0.0000000   0.0000000
R 0 1  44  0  2  4    0.0000000   0.0000000   0.0000000   0.0000000   0.0000000   0.0000000   0.0000120   0.0000181   0.0000181   0.0000181   0.0000181   0.0000181
R 0 1  44  0  2  5    0.0000000   0.0000000   0.0000000   0.0000000   0.0000223   0.0000000   0.0000000   0.0000000   0.0000000   0.0000000   0.0000000   0.0000000
R 0 1  44  0  2  6    0.0000000   0.0000000   0.0000000   0.0000000   0.0000000   0.0000000   0.0000139   0.0000000   0.0000000   0.0000000   0.0000000   0.0000000
R 0 1  44  0  2  7    0.0000000   0.0000000   0.0000000   0.0000000   0.0000000   0.0000000   0.0000000   0.0000000   0.0000000   0.0000150   0.0000150   0.0000150
R 0 1  44  0  2  8    0.0000000   0.0000000   0.0000000   0.0000000   0.0000000   0.0000000   0.0000000   0.0000000   0.0000000   0.0000000   0.0000000   0.0000000
R 0 1  44  0  2  9    0.0000000   0.0000000   0.0000000   0.0000000   0.0000000   0.0000000   0.0000000   0.0000496   0.0000201   0.0000230   0.0000000   0.0000000
R 0 1  44  0  2 10    0.0000000   0.0000000   0.0000000   0.0000000   0.0000000   0.0000500   0.0000976   0.0000748   0.0000000   0.0000000   0.0000000   0.0000000
R 0 1  44  0  3  0    1.0905579   1.0905579   0.9617536   1.0392353   0.9934546   0.9824713   0.9805759   0.9836258   0.9836258   0.9836258   0.9836258   0.9836258
R 0 1  44  0  3  1    1.0213868   1.0213868   1.0213868   1.0213868   0.9910296   0.9830345   0.9809347   0.9791029   0.9791029   0.9791029   0.9791029   0.9791029
R 0 1  44  0  3  2    1.0228842   1.0228842   1.0228842   1.0228842   1.0014567   0.9862670   0.9809905   0.9807424   0.9807424   0.9807424   0.9807424   0.9807424
R 0 1  44  0  3  3    1.0137758   1.0137758   1.0137758   1.0137758   0.9974631   0.9872720   0.9830371   0.9807650   0.9807650   0.9807650   0.9807650   0.9807650
R 0 1  44  0  3  4    1.0136607   1.0136607   1.0136607   0.9918314   0.9827067   0.9745632   0.9788232   0.9895273   0.9895273   0.9895273   0.9895273   0.9895273
R 0 1  44  0  3  5    1.0165782   1.0165782   1.0003033   0.9867838   0.9790194   0.9739787   0.9683264   0.9683264   0.9683264   0.9683264   0.9683264   0.9683264
R 0 1  44  0  3  6    1.0336644   1.0336644   1.0336644   0.9969089   0.9879057   0.9833600   0.9813571   0.9889207   0.9889207   0.9889207   0.9889207   0.9889207
R 0 1  44  0  3  7    1.0716782   1.0716782   1.0716782   1.0716782   1.0230064   0.9919599   0.9858765   0.9874435   0.9862770   0.9873085   0.9873085   0.9873085
R 0 1  44  0  3  8    1.0189572   1.0189572   1.0189572   1.0189572   1.0189572   1.0189572   1.0189572   0.9986252   0.9828063   0.9841033   0.9847616   1.0228707
R 0 1  44  0  3  9    1.0228427   1.0228427   1.0228427   1.0228427   1.0228427   1.0228427   0.9868082   0.9772372   0.9741117   0.9849942   1.0149507   1.0149507
R 0 1  44  0  3 10    1.0419451   1.0335186   1.0188890   0.9950737   0.9768970   0.9690872   0.9690922   0.9682658   1.0008540   1.0121837   1.0121837   1.0121837
R 0 1  44  0  4  0    1.3556517   1.3556517   1.3099501   2.2025893   2.2311344   2.2531164   2.2386180   2.2911294   2.2911294   2.2911294   2.2911294   2.2911294
R 0 1  44  0  4  1    2.0190241   2.0190241   2.0190241   2.0190241   2.0937311   2.1994488   2.2335578   2.2170932   2.2170932   2.2170932   2.2170932   2.2170932
R 0 1  44  0  4  2    1.9353809   1.9353809   1.9353809   1.9353809   2.2345197   2.2552496   2.2332650   2.2215984   2.2215984   2.2215984   2.2215984   2.2215984
R 0 1  44  0  4  3    1.8273203   1.8273203   1.8273203   1.8273203   2.2776078   2.2675029   2.2512783   2.2269058   2.2269058   2.2269058   2.2269058   2.2269058
R 0 1  44  0  4  4    1.9347982   1.9347982   1.9347982   2.0541028   2.1037601   2.0877236   2.2056855   2.3194444   2.3194444   2.3194444   2.3194444   2.3194444
R 0 1  44  0  4  5    1.7802659   1.7802659   2.0661749   2.1696519   2.1609500   2.0866449   1.9830611   1.9830611   1.9830611   1.9830611   1.9830611   1.9830611
R 0 1  44  0  4  6    2.0870906   2.0870906   2.0870906   2.1816343   2.3335108   2.3447645   2.3419511   2.2652807   2.2652807   2.2652807   2.2652807   2.2652807
R 0 1  44  0  4  7    1.7819377   1.7819377   1.7819377   1.7819377   2.3248876   2.2760871   2.2953538   2.3961043   2.3694975   2.3572660   2.3572660   2.3572660
R 0 1  44  0  4  8    2.1988488   2.1988488   2.1988488   2.1988488   2.1988488   2.1988488   2.1988488   2.2456516   2.2076842   2.2744035   2.2680497   2.2996354
R 0 1  44  0  4  9    2.0960360   2.0960360   2.0960360   2.0960360   2.0960360   2.0960360   1.9707642   2.0877640   2.0635978   2.1994234   2.3101482   2.3101482
R 0 1  44  0  4 10    2.0453063   2.1607755   2.0164660   1.9545528   1.9732422   1.9510814   1.9806812   1.9590350   2.0263315   2.2050116   2.2050116   2.2050116
R 0 1  44  0  5  0   20.8825559  20.8825559   6.8855132   3.0469834   3.7075082   4.0494449   4.2159375   3.8808606   3.8808606   3.8808606   3.8808606   3.8808606
R 0 1  44  0  5  1    3.8301111   3.8301111   3.8301111   3.8301111   4.3475628   4.1081736   4.3535842   4.1188322   4.1188322   4.1188322   4.1188322   4.1188322
R 0 1  44  0  5  2    4.3031560   4.3031560   4.3031560   4.3031560   3.9138112   3.9487312   4.1410014   4.3638507   4.3638507   4.3638507   4.3638507   4.3638507
R 0 1  44  0  5  3    4.6204484   4.6204484   4.6204484   4.6204484   3.6328819   3.9623703   4.2824077   4.4406849   4.4406849   4.4406849   4.4406849   4.4406849
R 0 1  44  0  5  4    4.2873569   4.2873569   4.2873569   4.6083950   5.1607274   4.9120925   3.9412622   3.2712151   3.2712151   3.2712151   3.2712151   3.2712151
R 0 1  44  0  5  5    4.7987687   4.7987687   5.3003916   4.4243190   4.7695990   4.6482281   4.2094434   4.2094434   4.2094434   4.2094434   4.2094434   4.2094434
R 0 1  44  0  5  6    2.9925229   2.9925229   2.9925229   4.0524366   3.3664406   2.8991227   2.3823628   1.9942864   1.9942864   1.9942864   1.9942864   1.9942864
R 0 1  44  0  5  7    4.1263951   4.1263951   4.1263951   4.1263951   3.5380366   3.4241462   3.1958493   2.7436951   2.6525603   2.0296335   2.0296335   2.0296335
R 0 1  44  0  5  8    4.2326625   4.2326625   4.2326625   4.2326625   4.2326625   4.2326625   4.2326625   4.6653715   4.6345249   4.2274400   3.6910109   4.2708555
R 0 1  44  0  5  9    4.7409188   4.7409188   4.7409188   4.7409188   4.7409188   4.7409188   7.6900670   5.4743896   6.5132297   5.1785918   4.7991143   4.7991143
R 0 1  44  0  5 10    4.9376752   4.3377864   4.3591859   5.2576744   5.4592770   6.4685312   7.6877846   7.9275881   7.3701446   4.8037432   4.8037432   4.8037432
F  0  1  44  0  0  0    1.0286447   1.0330726   0.9918753   0.9996848   0.9889971   1.0042697   0.9917732   0.9871284   0.9950534   0.9829485   0.9784409
F  0  1  44  1  0  0    1.0420710   1.0894756   1.0691214   1.0743819   1.0607814   1.0761780   1.0723329   1.0612617   1.0395819   1.0655388   1.0798249
C  0  1  44  0  0  0  -0.3127222  0.0291657 -0.0166307 -0.3730420 -0.1890928 -0.2138363 -0.1353815 -0.2568454 -0.3511861 -0.1502078 -0.2717657 -0.1084522 -0.1440542 -0.2950439 -0.3086909 -0.0842526
C  0  1  44  0  0  1  -0.2631593 -0.1266827 -0.1176898 -0.0915376 -0.2206950 -0.0019882 -0.0761747 -0.2624372 -0.0419402 -0.1223132 -0.0469049 -0.0942176 -0.2213610 -0.0341539 -0.1709615  0.0559667
C  0  1  44  0  0  2  -0.1041996 -0.0529187 -0.0687469 -0.1154431  0.0263915 -0.0653211 -0.1552931 -0.0873455  0.0029762 -0.0889425 -0.1046681 -0.0767346 -0.1221639 -0.0331216 -0.0883060 -0.1233635
C  0  1  44  0  0  3  -0.0577566 -0.0831846 -0.2302547 -0.1294583  0.0550464 -0.2562645 -0.0096982 -0.0289492 -0.0697205 -0.0364003 -0.1726107 -0.0872968 -0.1459435 -0.1772772 -0.0770676  0.0715578
C  0  1  44  0  0  4  -0.2167968 -0.0126135 -0.0331438 -0.0005946 -0.0804153 -0.0757725 -0.1762158 -0.0125334 -0.0453666 -0.0494044 -0.0522015 -0.0077111 -0.1721059 -0.0682429 -0.0697749  0.0516100
C  0  1  44  0  0  5  -0.0427622  0.0107914 -0.0714072 -0.0357672 -0.0533122 -0.0591850 -0.0877909 -0.0517855  0.0334263 -0.0126366 -0.0176622  0.0186884 -0.0454137  0.0203459  0.0581033 -0.0690841
C  0  1  44  0  0  6  -0.0452848  0.1226709  0.0540891 -0.0578094 -0.0134348 -0.0097734 -0.0709730 -0.1376795 -0.0174448 -0.0424149 -0.0041105 -0.0187837 -0.0805472 -0.0947899 -0.0662707  0.0954064
C  0  1  44  0  0  7  -0.0211371 -0.0116609  0.0137964 -0.0058609 -0.0176533  0.0298544 -0.0417781 -0.0805530  0.0425937  0.0112453  0.0297405 -0.0282633  0.0146812  0.0044582 -0.0152155  0.0182995
C  0  1  44  0  0  8   0.0534363  0.0064279  0.0151765  0.0271194 -0.0534765  0.0367719 -0.0055813 -0.0127780  0.0567021  0.1175035 -0.0442547  0.0273362 -0.0269550  0.0652911 -0.0438733 -0.0396594
C  0  1  44  0  0  9  -0.0736406  0.0106263 -0.0743374  0.0908775 -0.0094116  0.0318697 -0.0570721  0.0122903 -0.0365115 -0.0844828  0.0598948  0.0651651 -0.0386267  0.0334914  0.0514444  0.0482812
C  0  1  44  0  0 10  -0.0557933  0.0240792  0.0597274  0.0253027  0.0473027  0.0114682 -0.0153830 -0.0416100  0.0489789 -0.0420181  0.0046499  0.0378188 -0.0589451  0.1250872  0.0089301 -0.0178827
C  0  1  44  0  0 11  -0.1492292  0.0099011  0.0018294  0.0189341  0.0402501 -0.0271362  0.0462231  0.1297209 -0.0249393  0.0224865  0.0339719 -0.0033316  0.0159747  0.0416731 -0.0116849 -0.0250454
C  0  1  44  0  0 12   0.0005374 -0.0383844 -0.0526658  0.0337664  0.0574445  0.0769327 -0.0706961 -0.0220666  0.0222048  0.1087139  0.0188664  0.0519984 -0.0986127  0.0179687  0.0891778  0.0296558
C  0  1  44  0  0 13   0.0270169  0.0240582  0.0919236 -0.0426878  0.0164091  0.0039608  0.0232982 -0.0038667  0.0186151  0.0844763 -0.0334104  0.0026337 -0.0311466 -0.0310969  0.0163496 -0.0192150
C  0  1  44  0  0 14  -0.0494836 -0.0132064  0.0323008 -0.0230620 -0.0691758  0.0078434  0.0017307 -0.0190099 -0.0405863 -0.1065474 -0.0070300 -0.0462075  0.0462258  0.0162362 -0.0944420 -0.0489262
C  0  1  44  0  0 15  -0.1192056 -0.0809723 -0.0241397 -0.0203864  0.0256375  0.0025081  0.0218481  0.0106610  0.0229159 -0.0495214 -0.0595426 -0.1713136 -0.0018998  0.0124377  0.0091578  0.0230034
C  0  1  44  0  0 16   0.0915077 -0.0406793  0.0579129 -0.0901452 -0.0464755 -0.0384201  0.0390534 -0.0192427 -0.0176266  0.1111534 -0.0012136 -0.1362338 -0.1439533 -0.0376034 -0.1168790 -0.0189272
C  0  1  44  0  0 17  -0.1380310 -0.0736393 -0.1040205 -0.0995721 -0.1153613  0.0139137  0.0679499  0.0148929 -0.0855998 -0.0684880 -0.0532880 -0.0378124 -0.1093387 -0.1379065 -0.0576943 -0.0332740
C  0  1  44  0  0 18  -0.1196107 -0.1285121 -0.0418031 -0.1411814 -0.1171628 -0.0658695 -0.0771261 -0.0372480 -0.0006280 -0.0105304 -0.0550376 -0.0352669 -0.0451808 -0.0526261 -0.2125782 -0.0456264
C  0  1  44  0  0 19   0.0691260 -0.1214500 -0.2522302 -0.0037520 -0.2088724 -0.0808876 -0.2422228  0.0122163 -0.0936296 -0.1686811 -0.1193717 -0.1458293 -0.1432803  0.0434040 -0.0815741 -0.0793879
C  0  1  44  0  0 20  -0.1407923 -0.0137523  0.0703161 -0.0647355 -0.1075095 -0.2081417 -0.2345065 -0.0842704 -0.1425791 -0.1403769 -0.0985767 -0.0541858 -0.0495993 -0.1922645 -0.1348581 -0.2027679
C  0  1  44  0  0 21  -0.2444270 -0.1435291 -0.1901878 -0.2714206 -0.1156659 -0.2296363 -0.2729204  0.0492956 -0.2086541 -0.1002539 -0.0801770 -0.2119089 -0.2905649 -0.4592259 -0.1678319 -0.3167864
C  0  1  44  0  1  0   0.0034558  0.0005847  0.0005668  0.0000182 -0.0034391  0.0031159  0.0007490 -0.0026583  0.0016561 -0.0008633 -0.0046243  0.0068152  0.0095695  0.0061586  0.0046242  0.0114724
C  0  1  44  0  1  1   0.0008015 -0.0003551 -0.0015441 -0.0009877 -0.0016565 -0.0018882  0.0045480 -0.0002647  0.0008536 -0.0014959 -0.0021407 -0.0009915  0.0039616  0.0044528  0.0035352  0.0014524
C  0  1  44  0  1  2   0.0024455 -0.0016324 -0.0016171 -0.0000159 -0.0011471 -0.0007160  0.0007966 -0.0012532 -0.0003321  0.0019945 -0.0021719 -0.0000264  0.0019595  0.0008638 -0.0016577 -0.0011010
C  0  1  44  0  1  3   0.0030213 -0.0000607 -0.0008822 -0.0012830 -0.0011369  0.0030514  0.0023408 -0.0015265 -0.0038419 -0.0032800 -0.0001146 -0.0012913  0.0002619  0.0010942  0.0016579  0.0023099
C  0  1  44  0  1  4  -0.0009238  0.0008435  0.0003986  0.0046306 -0.0004103 -0.0019920  0.0008969 -0.0018608  0.0012762  0.0001851 -0.0004526 -0.0010872  0.0001742 -0.0015020  0.0018427 -0.0015346
C  0  1  44  0  1  5   0.0026902 -0.0000716 -0.0022597  0.0001493  0.0003686  0.0006092  0.0011507  0.0001653 -0.0007346 -0.0016935  0.0025991 -0.0011375 -0.0001210 -0.0023944 -0.0013476 -0.0020876
C  0  1  44  0  1  6  -0.0014749 -0.0005823 -0.0005683  0.0010358 -0.0000611  0.0022132 -0.0001626  0.0004976 -0.0002483  0.0005371 -0.0015462  0.0017852 -0.0014142 -0.0019722  0.0013886  0.0014961
C  0  1  44  0  1  7   0.0006032  0.0006332 -0.0003295 -0.0007303  0.0019679  0.0015265 -0.0017233 -0.0008880 -0.0001221 -0.0005612  0.0004880  0.0002837 -0.0017558  0.0005065  0.0014656  0.0016205
C  0  1  44  0  1  8   0.0007221  0.0019173 -0.0001709 -0.0019558  0.0012782  0.0024222  0.0019270  0.0007952  0.0008870 -0.0014054 -0.0002141 -0.0023230 -0.0007788  0.0003811  0.0008731 -0.0004571
C  0  1  44  0  1  9  -0.0025934  0.0012830  0.0015488 -0.0000081  0.0002008  0.0006795  0.0016942  0.0004980 -0.0025421 -0.0008010 -0.0039714  0.0002968 -0.0005320  0.0008603 -0.0025282  0.0018803
C  0  1  44  0  1 10   0.0008716 -0.0002224  0.0014408  0.0024747  0.0003310 -0.0000300 -0.0004744 -0.0004390 -0.0012670 -0.0003339 -0.0006743 -0.0012331 -0.0018431  0.0017711 -0.0008680  0.0016219
C  0  1  44  0  1 11  -0.0004193  0.0000632  0.0027121  0.0004724 -0.0001181 -0.0000472 -0.0013283 -0.0007013 -0.0008354  0.0011968 -0.0012520 -0.0016678  0.0014677 -0.0005110 -0.0004212  0.0003539
C  0  1  44  0  1 12   0.0012180  0.0002565 -0.0003849  0.0001809  0.0005410 -0.0014813  0.0005996  0.0016400 -0.0002955 -0.0010253 -0.0012559  0.0015512 -0.0003793  0.0008191  0.0005980  0.0020211
C  0  1  44  0  1 13   0.0015150 -0.0013095 -0.0007292  0.0011200  0.0024674  0.0007272 -0.0008331  0.0014919 -0.0009287 -0.0020789 -0.0017290 -0.0012799 -0.0019797  0.0015964  0.0002361  0.0001904
C  0  1  44  0  1 14   0.0024929 -0.0002069  0.0011067  0.0000324  0.0019965  0.0027428 -0.0009765  0.0018341  0.0005668  0.0001238  0.0001083  0.0007353 -0.0003202  0.0004353 -0.0005737  0.0020600
C  0  1  44  0  1 15   0.0006717 -0.0006718 -0.0005089  0.0025152  0.0006636  0.0006486  0.0005739 -0.0013878 -0.0000806 -0.0020294  0.0002649  0.0008174 -0.0000862 -0.0011655  0.0002507  0.0003359
C  0  1  44  0  1 16   0.0027944  0.0025961  0.0004282  0.0016118 -0.0010060  0.0021881  0.0011934 -0.0010326  0.0017981 -0.0015791  0.0012153 -0.0002151  0.0005521  0.0017913  0.0024281  0.0008313
C  0  1  44  0  1 17  -0.0018748 -0.0014890  0.0007189  0.0049594  0.0017177  0.0019235  0.0014576  0.0028640 -0.0004905  0.0056809  0.0027615 -0.0028605 -0.0007664 -0.0021502  0.0067074  0.0052264
C  0  1  44  0  1 18   0.0085978  0.0044608  0.0033197  0.0025571  0.0002490  0.0021905  0.0037972  0.0004598 -0.0000808  0.0027675  0.0046827  0.0011591 -0.0008304 -0.0014751  0.0053968  0.0049872
C  0  1  44  0  1 19   0.0027401  0.0004385 -0.0004959  0.0015833  0.0014271  0.0015453  0.0044971  0.0016251  0.0028307  0.0035520 -0.0001756  0.0020657  0.0022843  0.0012493  0.0036784  0.0030759
C  0  1  44  0  1 20   0.0040124  0.0061608  0.0069449  0.0025284  0.0020882  0.0049218  0.0036389  0.0017317  0.0030465  0.0042743  0.0017478 -0.0016563  0.0031339  0.0069969  0.0056352  0.0080137
C  0  1  44  0  1 21   0.0113179  0.0159839  0.0035513  0.0023355 -0.0021182 -0.0086382 -0.0094234 -0.0005183 -0.0014920 -0.0009750  0.0029617  0.0015975  0.0023172  0.0055180  0.0077635  0.0065801
C  0  1  44  1  0  0  -0.4518535 -0.3154299 -0.4170141 -0.3791898 -0.2130669 -0.3441064 -0.3859708 -0.2803145 -0.2741731 -0.3282493 -0.3396080 -0.4559273 -0.3995608 -0.4124812 -0.4393767 -0.4410651
C  0  1  44  1  0  1  -0.3011366 -0.4078862 -0.3540742 -0.3163960 -0.3448827 -0.2886290 -0.2469906 -0.2605935 -0.3177755 -0.2640209 -0.3466054 -0.3741061 -0.3848407 -0.4695348 -0.3712737 -0.3161208
C  0  1  44  1  0  2  -0.3301029 -0.3545586 -0.2772911 -0.2943456 -0.2620104 -0.2381669 -0.2551261 -0.2393661 -0.2099497 -0.2376961 -0.2592024 -0.3186318 -0.3783778 -0.3711617 -0.2698290 -0.3429047
C  0  1  44  1  0  3  -0.3367422 -0.3019097 -0.3021795 -0.3110972 -0.3194682 -0.2509106 -0.2203915 -0.1030489 -0.2006032 -0.1749891 -0.2754492 -0.2830766 -0.3128054 -0.2966417 -0.3230043 -0.2985697
C  0  1  44  1  0  4  -0.3091744 -0.2172904 -0.2237718 -0.1927836 -0.2720620 -0.2127203 -0.2404352 -0.2531513 -0.2417205 -0.1298324 -0.1772338 -0.2699820 -0.2819886 -0.2829823 -0.3177820 -0.2573996
C  0  1  44  1  0  5  -0.2160874 -0.1560430 -0.1642556 -0.1951816 -0.1002561 -0.1761611 -0.1984920 -0.1525624 -0.1213265 -0.1611045 -0.1768998 -0.2261544 -0.2542068 -0.1608475 -0.2221151 -0.1693586
C  0  1  44  1  0  6  -0.1138763 -0.1405194 -0.2008389 -0.1525737 -0.1082627 -0.0933644 -0.1520929 -0.1528405 -0.1477191 -0.1223741 -0.1104228 -0.1355228 -0.1583841 -0.1743885 -0.1405088 -0.2049327
C  0  1  44  1  0  7  -0.1776007 -0.1506279 -0.1558396 -0.1584167 -0.1509442 -0.1340823 -0.1881948 -0.1336612 -0.1237084 -0.1082461 -0.1146309 -0.1663554 -0.1626046 -0.1720830 -0.1334721 -0.1503324
C  0  1  44  1  0  8  -0.1739504 -0.1100674 -0.1005592 -0.1814063 -0.1374111 -0.1587869 -0.1416487 -0.1335429 -0.1377344 -0.1119470 -0.1292681 -0.1758814 -0.1178057 -0.1835978 -0.1503164 -0.1619941
C  0  1  44  1  0  9  -0.1196048 -0.1485632 -0.0490254 -0.1232512 -0.0796764 -0.1488293 -0.1137300 -0.1623153 -0.1531060 -0.1254524 -0.0432739 -0.1395637 -0.1329869 -0.1354328 -0.1343017 -0.1275333
C  0  1  44  1  0 10  -0.1443527 -0.1134520 -0.1124829 -0.1062463 -0.1435473 -0.1170751 -0.1011910 -0.1252811 -0.1066353 -0.1002867 -0.1390622 -0.1506385 -0.1104852 -0.1512176 -0.1054193 -0.1105656
C  0  1  44  1  0 11  -0.1497126 -0.1081848 -0.1568414 -0.1235230 -0.1292027 -0.0821175 -0.0916704 -0.1067300 -0.1414042 -0.1077983 -0.1075762 -0.1248557 -0.1170033 -0.1496829 -0.1320051 -0.1500700
C  0  1  44  1  0 12  -0.1399383 -0.1259025 -0.1240301 -0.0993884 -0.1745752 -0.1151500 -0.1509261 -0.1745270 -0.1450566 -0.0882960 -0.1269539 -0.0956766 -0.0947702 -0.1318282 -0.1336072 -0.1110667
C  0  1  44  1  0 13  -0.0806050 -0.0972653 -0.1634506 -0.1286457 -0.1474335 -0.1384745 -0.1561514 -0.1729788 -0.1178676 -0.1483884 -0.1816643 -0.1385479 -0.1782767 -0.1298089 -0.1719950 -0.1328230
C  0  1  44  1  0 14  -0.1330836 -0.1888718 -0.1097017 -0.1801959 -0.1573859 -0.1515930 -0.1458310 -0.1997417 -0.1820355 -0.1431826 -0.1400542 -0.1405643 -0.1343086 -0.0949822 -0.1646207 -0.1809629
C  0  1  44  1  0 15  -0.1094499 -0.2125538 -0.1161196 -0.1115719 -0.1888019 -0.1449345 -0.1723277 -0.1406012 -0.1586272 -0.1142833 -0.1559667 -0.1764778 -0.1169733 -0.1097611 -0.1239889 -0.1661370
C  0  1  44  1  0 16  -0.1587250 -0.1810813 -0.1583782 -0.1918204 -0.2081414 -0.1818760 -0.1897746 -0.2514796 -0.1759592 -0.2463679 -0.1734875 -0.1805925 -0.1616164 -0.1415547 -0.1941869 -0.1037199
C  0  1  44  1  0 17  -0.2185487 -0.2917814 -0.1869327 -0.2676536 -0.2283533 -0.2377063 -0.2332085 -0.2347161 -0.2597903 -0.2613777 -0.2722973 -0.1912172 -0.1792234 -0.2611101 -0.1912422 -0.2643381
C  0  1  44  1  0 18  -0.2964991 -0.2725117 -0.2969202 -0.2366305 -0.2615399 -0.3135034 -0.2751260 -0.3467535 -0.3116541 -0.2396949 -0.2474094 -0.3068284 -0.2937764 -0.2024645 -0.2464553 -0.2427281
C  0  1  44  1  0 19  -0.2503426 -0.2259843 -0.3090557 -0.3532701 -0.2778605 -0.3164588 -0.2722406 -0.2499982 -0.2901090 -0.2782545 -0.2079886 -0.2594479 -0.2556687 -0.2642667 -0.3211535 -0.2097789
C  0  1  44  1  0 20  -0.3337466 -0.3519314 -0.3448732 -0.3992767 -0.3644768 -0.2294556 -0.3214584 -0.3402395 -0.3935833 -0.3952153 -0.3141212 -0.3153309 -0.3402879 -0.3011935 -0.2813305 -0.3296182
C  0  1  44  1  0 21  -0.4008985 -0.3547686 -0.3564221 -0.3427800 -0.3465803 -0.3050697 -0.3187184 -0.3128211 -0.3698768 -0.3549339 -0.3200675 -0.3826380 -0.2437947 -0.2954471 -0.3695388 -0.3548226
C  0  1  44  1  1  0   0.0479809  0.0481776  0.0396596  0.0245940  0.0017152 -0.0195401 -0.0314157 -0.0416635 -0.0459791 -0.0377283 -0.0327984 -0.0188454  0.0022294  0.0059967  0.0249495  0.0376023
C  0  1  44  1  1  1   0.0264380  0.0217532  0.0191661  0.0105696  0.0024760 -0.0078247 -0.0148580 -0.0158999 -0.0172827 -0.0141111 -0.0155743 -0.0065039  0.0038598  0.0102084  0.0119386  0.0255903
C  0  1  44  1  1  2   0.0126170  0.0129254  0.0091612  0.0072498  0.0021718 -0.0035958 -0.0078711 -0.0079094 -0.0082688 -0.0059452 -0.0051398 -0.0024691  0.0006712  0.0040515  0.0051646  0.0102654
C  0  1  44  1  1  3   0.0074374  0.0071716  0.0040821  0.0056047  0.0025805  0.0009960 -0.0025780 -0.0013343  0.0011927  0.0014524 -0.0022368  0.0013000  0.0007064  0.0033823  0.0018492  0.0072420
C  0  1  44  1  1  4   0.0025570  0.0036090 -0.0000460  0.0005962  0.0029792  0.0015510  0.0002320  0.0013956  0.0042926  0.0026551 -0.0007440 -0.0000958  0.0020505  0.0012928  0.0033943  0.0026434
C  0  1  44  1  1  5   0.0019243  0.0008689  0.0001643  0.0035029  0.0036742  0.0049539  0.0035743  0.0036121  0.0056419  0.0027838 -0.0009170 -0.0005738  0.0024266  0.0023757  0.0015846 -0.0002612
C  0  1  44  1  1  6   0.0014049  0.0027649  0.0017656  0.0041752  0.0057742  0.0042997  0.0056854  0.0055567  0.0040627  0.0016122  0.0013630  0.0007106  0.0012399  0.0024595  0.0007144  0.0007754
C  0  1  44  1  1  7  -0.0019225  0.0015412  0.0024247  0.0046511  0.0041341  0.0039909  0.0056720  0.0029764  0.0032190  0.0009205 -0.0005449  0.0006374  0.0019454  0.0015891  0.0020887 -0.0014229
C  0  1  44  1  1  8  -0.0001233  0.0014678  0.0014939  0.0018791  0.0047631  0.0035399  0.0049112  0.0049134  0.0048178  0.0009557  0.0007502  0.0009683  0.0025813  0.0018348  0.0015743 -0.0004652
C  0  1  44  1  1  9   0.0010217  0.0024692  0.0027195  0.0036515  0.0035571  0.0029650  0.0046333  0.0036194  0.0030281  0.0000373  0.0025063  0.0007969  0.0010370  0.0004558 -0.0002849 -0.0013587
C  0  1  44  1  1 10   0.0002161  0.0024965  0.0023242  0.0019649  0.0031935  0.0023522  0.0029858  0.0028079  0.0032411  0.0007264 -0.0002851  0.0009707 -0.0000728  0.0011293  0.0018248 -0.0006935
C  0  1  44  1  1 11   0.0004181  0.0021400  0.0026045  0.0026963  0.0036419 -0.0001404  0.0017438  0.0030141  0.0029653  0.0014789 -0.0014246  0.0005990  0.0009725  0.0004561  0.0013011 -0.0012405
C  0  1  44  1  1 12   0.0013087  0.0018083  0.0031959  0.0046366  0.0026631  0.0019194  0.0016981  0.0028571  0.0041251  0.0012433  0.0022442  0.0004972  0.0009231 -0.0005400  0.0010143 -0.0005162
C  0  1  44  1  1 13   0.0000585  0.0014498  0.0022518  0.0032260  0.0033236  0.0033012  0.0048071  0.0054131  0.0049480  0.0013776  0.0011358 -0.0000419 -0.0008551 -0.0016827  0.0004455 -0.0010351
C  0  1  44  1  1 14  -0.0006749  0.0008547  0.0026259  0.0031317  0.0040137  0.0031182  0.0038298  0.0054984  0.0052929  0.0013562  0.0004899 -0.0007968 -0.0009594 -0.0010421 -0.0014275 -0.0019559
C  0  1  44  1  1 15  -0.0008779  0.0008016  0.0038103  0.0041928  0.0032083 -0.0000533  0.0033417  0.0037064  0.0070884  0.0039910  0.0017047  0.0007594 -0.0026492 -0.0049796 -0.0049626 -0.0047159
C  0  1  44  1  1 16  -0.0012874  0.0016560  0.0035869  0.0058669  0.0038007  0.0011426  0.0041483  0.0027729  0.0045243  0.0049684  0.0029255  0.0017075 -0.0004043 -0.0019035 -0.0047812 -0.0053348
C  0  1  44  1  1 17  -0.0031286  0.0027647  0.0019154  0.0058734  0.0021627 -0.0024938  0.0008664  0.0039695  0.0039808  0.0038027  0.0038038  0.0011148 -0.0012564 -0.0050023 -0.0047632 -0.0036136
C  0  1  44  1  1 18   0.0001450  0.0084296  0.0052876  0.0078319  0.0045159 -0.0000397 -0.0017332 -0.0000361  0.0033858  0.0053572  0.0030409  0.0031993 -0.0007908 -0.0024978 -0.0041472 -0.0046761
C  0  1  44  1  1 19   0.0035425  0.0081973  0.0120427  0.0111666  0.0075634  0.0020661 -0.0023034  0.0001675  0.0030493  0.0052406  0.0034881  0.0005992 -0.0018832 -0.0052798 -0.0047767 -0.0015018
C  0  1  44  1  1 20   0.0015955  0.0146290  0.0182342  0.0136614  0.0062875  0.0025615 -0.0022556 -0.0019442  0.0014587  0.0068719  0.0015025 -0.0014715 -0.0062905 -0.0085860 -0.0060718 -0.0053371
C  0  1  44  1  1 21   0.0093867  0.0201686  0.0325497  0.0238246  0.0159504  0.0159241  0.0108053  0.0077232  0.0114817  0.0135895  0.0033775 -0.0039977 -0.0097550 -0.0160518 -0.0079653 -0.0020683
