CPHI 16 
CETA 22 -2.40 -2.10 -1.85 -1.60 -1.40 -1.20 -1.00 -0.80 -0.60 -0.40 -0.20  0.00  0.20  0.40  0.60  0.80  1.00  1.20  1.40  1.60  1.85  2.10  2.40 
RMIN  6 
RTRK 12 
RETA 11  0.00  0.20  0.40  0.60  0.80  1.00  1.20  1.40  1.60  1.85  2.10  2.40 
T 0 1  45  0  0  0    0.0000000   0.0006142   0.0016356   0.0031175   0.0119295   0.0688203   0.2785889   0.6533958   1.0000000   1.0000000   1.0000000   1.0000000   1.0000000
T 0 1  45  0  0  1    0.0000000   0.0001415   0.0005485   0.0024160   0.0122468   0.0586432   0.2257861   0.5886812   1.0000000   1.0000000   1.0000000   1.0000000   1.0000000
T 0 1  45  0  0  2    0.0000000   0.0001489   0.0005488   0.0017009   0.0107484   0.0556921   0.2100510   0.5745232   1.0000000   1.0000000   1.0000000   1.0000000   1.0000000
T 0 1  45  0  0  3    0.0000000   0.0002185   0.0006041   0.0017632   0.0117279   0.0630486   0.2258453   0.5871001   1.0000000   1.0000000   1.0000000   1.0000000   1.0000000
T 0 1  45  0  0  4    0.0000000   0.0003850   0.0025639   0.0144136   0.0627472   0.2046828   0.4894445   0.8228533   1.0000000   1.0000000   1.0000000   1.0000000   1.0000000
T 0 1  45  0  0  5    0.0000000   0.0009820   0.0074395   0.0513320   0.2048426   0.5332897   0.8762363   0.9994033   1.0000000   1.0000000   1.0000000   1.0000000   1.0000000
T 0 1  45  0  0  6    0.0000000   0.0002760   0.0012102   0.0102316   0.0672225   0.2773856   0.6634194   0.9311724   0.9980932   0.9999994   1.0000000   1.0000000   1.0000000
T 0 1  45  0  0  7    0.0000000   0.0000792   0.0004509   0.0010084   0.0049508   0.0308744   0.1187029   0.2970079   0.5809669   0.8692527   0.9838274   0.9998693   1.0000000
T 0 1  45  0  0  8    0.0000000   0.0000026   0.0000378   0.0001240   0.0004235   0.0009854   0.0042937   0.0247856   0.1187455   0.3937752   0.7898123   0.9694869   1.0000000
T 0 1  45  0  0  9    0.0000000   0.0000057   0.0000097   0.0000220   0.0005245   0.0033842   0.0180106   0.0861845   0.3022167   0.6583557   0.9387772   0.9999315   1.0000000
T 0 1  45  0  0 10    0.0000000   0.0066993   0.0290244   0.0463498   0.0794010   0.1681712   0.3372340   0.6906701   0.9109024   0.9701411   0.9998350   1.0000000   1.0000000
T 0 1  45  1  0  0    0.0000000   0.0005148   0.0016399   0.0047460   0.0213440   0.1017716   0.3374237   0.6994022   1.0000000   1.0000000   1.0000000   1.0000000   1.0000000
T 0 1  45  1  0  1    0.0000000   0.0002633   0.0010891   0.0042307   0.0181163   0.0752157   0.2537985   0.6193956   1.0000000   1.0000000   1.0000000   1.0000000   1.0000000
T 0 1  45  1  0  2    0.0000000   0.0002194   0.0008486   0.0027728   0.0124455   0.0616642   0.2339277   0.6064318   1.0000000   1.0000000   1.0000000   1.0000000   1.0000000
T 0 1  45  1  0  3    0.0000000   0.0002283   0.0008669   0.0027852   0.0140251   0.0700545   0.2491207   0.6198491   1.0000000   1.0000000   1.0000000   1.0000000   1.0000000
T 0 1  45  1  0  4    0.0000000   0.0004356   0.0027620   0.0153929   0.0663357   0.2155446   0.5058694   0.8320271   1.0000000   1.0000000   1.0000000   1.0000000   1.0000000
T 0 1  45  1  0  5    0.0000000   0.0011873   0.0094478   0.0577925   0.2246261   0.5586818   0.8900123   0.9996500   1.0000000   1.0000000   1.0000000   1.0000000   1.0000000
T 0 1  45  1  0  6    0.0000000   0.0004626   0.0026649   0.0180020   0.0942133   0.3329130   0.7236541   0.9536823   0.9988141   0.9999984   1.0000000   1.0000000   1.0000000
T 0 1  45  1  0  7    0.0000000   0.0002246   0.0006446   0.0024765   0.0123245   0.0526267   0.1570011   0.3413836   0.6074237   0.8728054   0.9849908   0.9998878   1.0000000
T 0 1  45  1  0  8    0.0000000   0.0009562   0.0014955   0.0017998   0.0022382   0.0036136   0.0107994   0.0452511   0.1686405   0.4573475   0.8251665   0.9710661   1.0000000
T 0 1  45  1  0  9    0.0000000   0.0021003   0.0074838   0.0131257   0.0159362   0.0198461   0.0401951   0.1288935   0.3661962   0.7154288   0.9583841   0.9999941   1.0000000
T 0 1  45  1  0 10    0.0000000   0.0032254   0.0170235   0.0428863   0.0843736   0.1746921   0.3942474   0.7474223   0.9511020   0.9856143   0.9999985   1.0000000   1.0000000
R 0 1  45  0  0  0    0.0210709   0.0210709   0.0118699   0.0105506   0.0103586   0.0101794   0.0100285   0.0098385   0.0098385   0.0098385   0.0098385   0.0098385
R 0 1  45  0  0  1    0.0118257   0.0118257   0.0118257   0.0118257   0.0110230   0.0109210   0.0109517   0.0108387   0.0108387   0.0108387   0.0108387   0.0108387
R 0 1  45  0  0  2    0.0122623   0.0122623   0.0122623   0.0122623   0.0121001   0.0119565   0.0118464   0.0116859   0.0116859   0.0116859   0.0116859   0.0116859
R 0 1  45  0  0  3    0.0135593   0.0135593   0.0135593   0.0135593   0.0127156   0.0126372   0.0123747   0.0122495   0.0122495   0.0122495   0.0122495   0.0122495
R 0 1  45  0  0  4    0.0183627   0.0183627   0.0183627   0.0174507   0.0169740   0.0158923   0.0145182   0.0130931   0.0130931   0.0130931   0.0130931   0.0130931
R 0 1  45  0  0  5    0.0204738   0.0204738   0.0192459   0.0191498   0.0187529   0.0181183   0.0169383   0.0169383   0.0169383   0.0169383   0.0169383   0.0169383
R 0 1  45  0  0  6    0.0199145   0.0199145   0.0199145   0.0204918   0.0206236   0.0207513   0.0207597   0.0207475   0.0207475   0.0207475   0.0207475   0.0207475
R 0 1  45  0  0  7    0.0216989   0.0216989   0.0216989   0.0216989   0.0208665   0.0211679   0.0210692   0.0210375   0.0206113   0.0196884   0.0196884   0.0196884
R 0 1  45  0  0  8    0.0214707   0.0214707   0.0214707   0.0214707   0.0214707   0.0214707   0.0214707   0.0210230   0.0210555   0.0209784   0.0202301   0.0189280
R 0 1  45  0  0  9    0.0309496   0.0309496   0.0309496   0.0309496   0.0309496   0.0309496   0.0296792   0.0288819   0.0274721   0.0263904   0.0250276   0.0250276
R 0 1  45  0  0 10    0.0792564   0.0697505   0.0609839   0.0546284   0.0476067   0.0439463   0.0410323   0.0356100   0.0336399   0.0306755   0.0306755   0.0306755
R 0 1  45  0  1  0    0.0000000   0.0000000   0.0000000   0.0000823   0.0000878   0.0000804   0.0000737   0.0000642   0.0000642   0.0000642   0.0000642   0.0000642
R 0 1  45  0  1  1    0.0000748   0.0000748   0.0000748   0.0000748   0.0000579   0.0000700   0.0000623   0.0000551   0.0000551   0.0000551   0.0000551   0.0000551
R 0 1  45  0  1  2    0.0000395   0.0000395   0.0000395   0.0000395   0.0000704   0.0000632   0.0000587   0.0000531   0.0000531   0.0000531   0.0000531   0.0000531
R 0 1  45  0  1  3    0.0000773   0.0000773   0.0000773   0.0000773   0.0000681   0.0000580   0.0000522   0.0000487   0.0000487   0.0000487   0.0000487   0.0000487
R 0 1  45  0  1  4    0.0001140   0.0001140   0.0001140   0.0000959   0.0000935   0.0000709   0.0000560   0.0000452   0.0000452   0.0000452   0.0000452   0.0000452
R 0 1  45  0  1  5    0.0000729   0.0000729   0.0000569   0.0000699   0.0000685   0.0000599   0.0000483   0.0000483   0.0000483   0.0000483   0.0000483   0.0000483
R 0 1  45  0  1  6    0.0000498   0.0000498   0.0000498   0.0000566   0.0000502   0.0000613   0.0000529   0.0000372   0.0000372   0.0000372   0.0000372   0.0000372
R 0 1  45  0  1  7    0.0000365   0.0000365   0.0000365   0.0000365   0.0000609   0.0000646   0.0000692   0.0000779   0.0000736   0.0000529   0.0000529   0.0000529
R 0 1  45  0  1  8    0.0001041   0.0001041   0.0001041   0.0001041   0.0001041   0.0001041   0.0001041   0.0001175   0.0001063   0.0000997   0.0000858   0.0000618
R 0 1  45  0  1  9    0.0002614   0.0002614   0.0002614   0.0002614   0.0002614   0.0002614   0.0002048   0.0001999   0.0001848   0.0001543   0.0001335   0.0001335
R 0 1  45  0  1 10    0.0014859   0.0010221   0.0008565   0.0008346   0.0005879   0.0004604   0.0003972   0.0002544   0.0002073   0.0001979   0.0001979   0.0001979
R 0 1  45  0  2  0    0.0000000   0.0000000   0.0000000   0.0000000   0.0000000   0.0000000   0.0000121   0.0000000   0.0000000   0.0000000   0.0000000   0.0000000
R 0 1  45  0  2  1    0.0000000   0.0000000   0.0000000   0.0000000   0.0000000   0.0000000   0.0000087   0.0000171   0.0000171   0.0000171   0.0000171   0.0000171
R 0 1  45  0  2  2    0.0000000   0.0000000   0.0000000   0.0000000   0.0000310   0.0000109   0.0000085   0.0000056   0.0000056   0.0000056   0.0000056   0.0000056
R 0 1  45  0  2  3    0.0000000   0.0000000   0.0000000   0.0000000   0.0000000   0.0000109   0.0000092   0.0000075   0.0000075   0.0000075   0.0000075   0.0000075
R 0 1  45  0  2  4    0.0000000   0.0000000   0.0000000   0.0000000   0.0000000   0.0000000   0.0000000   0.0000110   0.0000110   0.0000110   0.0000110   0.0000110
R 0 1  45  0  2  5    0.0000000   0.0000000   0.0000000   0.0000000   0.0000232   0.0000000   0.0000000   0.0000000   0.0000000   0.0000000   0.0000000   0.0000000
R 0 1  45  0  2  6    0.0000000   0.0000000   0.0000000   0.0000000   0.0000133   0.0000000   0.0000000   0.0000000   0.0000000   0.0000000   0.0000000   0.0000000
R 0 1  45  0  2  7    0.0000000   0.0000000   0.0000000   0.0000000   0.0000000   0.0000000   0.0000000   0.0000000   0.0000000   0.0000307   0.0000307   0.0000307
R 0 1  45  0  2  8    0.0000000   0.0000000   0.0000000   0.0000000   0.0000000   0.0000000   0.0000000   0.0000000   0.0000000   0.0000000   0.0000000   0.0000000
R 0 1  45  0  2  9    0.0000000   0.0000000   0.0000000   0.0000000   0.0000000   0.0000000   0.0000000   0.0000000   0.0000000   0.0000200   0.0000000   0.0000000
R 0 1  45  0  2 10    0.0000000   0.0000000   0.0000000   0.0000000   0.0000000   0.0000000   0.0001013   0.0000000   0.0000000   0.0000000   0.0000000   0.0000000
R 0 1  45  0  3  0    1.2329200   1.2329200   1.0603464   1.0149001   0.9983416   0.9829588   0.9816558   0.9825736   0.9825736   0.9825736   0.9825736   0.9825736
R 0 1  45  0  3  1    1.0088616   1.0088616   1.0088616   1.0088616   0.9959363   0.9844448   0.9773999   0.9797677   0.9797677   0.9797677   0.9797677   0.9797677
R 0 1  45  0  3  2    1.0249028   1.0249028   1.0249028   1.0249028   0.9976115   0.9837237   0.9800225   0.9816494   0.9816494   0.9816494   0.9816494   0.9816494
R 0 1  45  0  3  3    0.9972982   0.9972982   0.9972982   0.9972982   1.0036999   0.9878564   0.9821158   0.9804339   0.9804339   0.9804339   0.9804339   0.9804339
R 0 1  45  0  3  4    1.0441365   1.0441365   1.0441365   0.9907411   0.9793710   0.9760252   0.9789595   0.9686214   0.9686214   0.9686214   0.9686214   0.9686214
R 0 1  45  0  3  5    1.0169461   1.0169461   0.9969223   0.9824792   0.9751323   0.9746266   0.9724627   0.9724627   0.9724627   0.9724627   0.9724627   0.9724627
R 0 1  45  0  3  6    1.0210422   1.0210422   1.0210422   1.0035939   0.9880585   0.9849115   0.9849922   0.9849709   0.9849709   0.9849709   0.9849709   0.9849709
R 0 1  45  0  3  7    1.0364881   1.0364881   1.0364881   1.0364881   1.0235766   0.9977775   0.9913641   0.9861807   0.9867697   0.9916224   0.9916224   0.9916224
R 0 1  45  0  3  8    1.0237880   1.0237880   1.0237880   1.0237880   1.0237880   1.0237880   1.0237880   0.9981357   0.9826582   0.9847049   0.9862011   1.0095522
R 0 1  45  0  3  9    1.0261941   1.0261941   1.0261941   1.0261941   1.0261941   1.0261941   0.9876326   0.9755132   0.9733923   0.9853734   0.9987698   0.9987698
R 0 1  45  0  3 10    1.0485826   1.0451230   1.0175890   0.9941249   0.9811955   0.9764512   0.9706070   0.9680090   0.9983050   1.0258984   1.0258984   1.0258984
R 0 1  45  0  4  0    1.4340934   1.4340934   1.4279578   2.0495872   2.1882134   2.2368306   2.2510636   2.2677555   2.2677555   2.2677555   2.2677555   2.2677555
R 0 1  45  0  4  1    1.9058698   1.9058698   1.9058698   1.9058698   2.1961113   2.2338442   2.1616341   2.2178943   2.2178943   2.2178943   2.2178943   2.2178943
R 0 1  45  0  4  2    1.8166895   1.8166895   1.8166895   1.8166895   2.1530532   2.2130299   2.2103880   2.2299754   2.2299754   2.2299754   2.2299754   2.2299754
R 0 1  45  0  4  3    1.7607916   1.7607916   1.7607916   1.7607916   2.2594267   2.2725169   2.2394096   2.2113219   2.2113219   2.2113219   2.2113219   2.2113219
R 0 1  45  0  4  4    1.8926193   1.8926193   1.8926193   2.0934102   2.1133544   2.1121928   2.2173842   2.1459981   2.1459981   2.1459981   2.1459981   2.1459981
R 0 1  45  0  4  5    1.7623729   1.7623729   2.0045514   2.1340869   2.1055014   2.1037493   1.9838082   1.9838082   1.9838082   1.9838082   1.9838082   1.9838082
R 0 1  45  0  4  6    1.9156176   1.9156176   1.9156176   2.2398951   2.2678688   2.3514592   2.3524452   2.2959285   2.2959285   2.2959285   2.2959285   2.2959285
R 0 1  45  0  4  7    1.6119020   1.6119020   1.6119020   1.6119020   2.3168105   2.3142083   2.3280614   2.3821383   2.3894368   2.3558416   2.3558416   2.3558416
R 0 1  45  0  4  8    2.2982282   2.2982282   2.2982282   2.2982282   2.2982282   2.2982282   2.2982282   2.2768164   2.2316498   2.3017234   2.2471991   2.2531711
R 0 1  45  0  4  9    2.0693246   2.0693246   2.0693246   2.0693246   2.0693246   2.0693246   1.9881795   2.0568759   2.0503296   2.1855349   2.1078159   2.1078159
R 0 1  45  0  4 10    1.9550026   2.2280219   1.9793889   1.8899332   2.0348036   2.0302101   2.0012139   1.9410288   2.0442873   2.2291102   2.2291102   2.2291102
R 0 1  45  0  5  0    9.7771925   9.7771925   5.3386174   3.4127072   3.9198646   3.9193759   4.2493742   3.9543992   3.9543992   3.9543992   3.9543992   3.9543992
R 0 1  45  0  5  1    4.1006284   4.1006284   4.1006284   4.1006284   3.6506829   3.9599192   4.7457778   4.2349757   4.2349757   4.2349757   4.2349757   4.2349757
R 0 1  45  0  5  2    4.5761146   4.5761146   4.5761146   4.5761146   4.6342795   4.2486925   4.2372715   4.2601705   4.2601705   4.2601705   4.2601705   4.2601705
R 0 1  45  0  5  3    4.9670972   4.9670972   4.9670972   4.9670972   3.7235323   4.0111355   4.3633913   4.4935391   4.4935391   4.4935391   4.4935391   4.4935391
R 0 1  45  0  5  4    4.6276790   4.6276790   4.6276790   4.1275546   4.9268324   4.8813200   3.9054641   4.7600355   4.7600355   4.7600355   4.7600355   4.7600355
R 0 1  45  0  5  5    4.2682593   4.2682593   5.5416944   4.6985445   5.2262746   4.7137164   4.2138329   4.2138329   4.2138329   4.2138329   4.2138329   4.2138329
R 0 1  45  0  5  6    3.4839627   3.4839627   3.4839627   4.1256947   3.7246140   2.9962480   2.3558377   1.9845285   1.9845285   1.9845285   1.9845285   1.9845285
R 0 1  45  0  5  7    5.5416841   5.5416841   5.5416841   5.5416841   3.3234757   3.3459062   2.9838893   2.7873344   2.6060516   2.0761726   2.0761726   2.0761726
R 0 1  45  0  5  8    3.9129857   3.9129857   3.9129857   3.9129857   3.9129857   3.9129857   3.9129857   4.1893309   4.6078550   4.0238049   3.8442865   4.1056273
R 0 1  45  0  5  9    5.1854197   5.1854197   5.1854197   5.1854197   5.1854197   5.1854197   7.0160915   6.0966738   6.4329588   5.6382222   6.5684115   6.5684115
R 0 1  45  0  5 10    6.3813806   3.8347523   3.9684862   5.4582714   5.1462654   6.1005896   7.3686262   8.6417447   6.9351775   5.6479652   5.6479652   5.6479652
F  0  1  45  0  0  0    1.0430837   1.0203469   0.9779716   0.9924525   0.9755906   0.9995800   0.9867904   0.9920711   0.9885820   0.9833061   0.9819697
F  0  1  45  1  0  0    1.0737920   1.0954346   1.0736735   1.0612968   1.0435830   1.0706349   1.0685372   1.0579036   1.0340874   1.0673693   1.0813169
C  0  1  45  0  0  0  -0.2685396  0.0753862 -0.1248421 -0.3139463 -0.3974380 -0.0027493 -0.0651733 -0.2448292 -0.2444860 -0.1992003 -0.2899703 -0.0277945 -0.2210056 -0.3221474 -0.4021677 -0.1528253
C  0  1  45  0  0  1  -0.1411426 -0.1105046 -0.1374903 -0.1522068 -0.0938349 -0.2223535 -0.0770081 -0.0696259 -0.0846027 -0.1686757 -0.1622379 -0.0897571 -0.1982492 -0.0813910 -0.2367708 -0.0021466
C  0  1  45  0  0  2  -0.0836224 -0.1407582 -0.1908238 -0.1166882 -0.0736012 -0.0788303 -0.0774801 -0.1021636  0.0387360 -0.0245790 -0.1062614 -0.1372477 -0.1649056 -0.0973195 -0.0259625 -0.1270018
C  0  1  45  0  0  3  -0.0866162 -0.0689533 -0.0788249 -0.0452432  0.0070571 -0.2121369 -0.1098497 -0.0320464 -0.0649864  0.0666844 -0.0967803 -0.0070318 -0.2418152 -0.0808356 -0.1134404 -0.0381694
C  0  1  45  0  0  4  -0.1328051 -0.1235795  0.0499487 -0.0650849 -0.0373248 -0.0692787 -0.0518810 -0.0795045 -0.0560828 -0.0739995 -0.0959258 -0.0198742 -0.2401116 -0.1689092 -0.0121555  0.0463932
C  0  1  45  0  0  5  -0.0068445  0.0304288 -0.0623380  0.0129959  0.0975292 -0.0628391 -0.0928742 -0.0921484  0.0150843 -0.0010268 -0.0330236  0.0202634 -0.0233731  0.0562931  0.1554551 -0.0320367
C  0  1  45  0  0  6  -0.0095754  0.0405260  0.0477948 -0.0461869 -0.0066961  0.0096444 -0.0662595 -0.1055083 -0.0698356  0.0106472  0.0051294  0.0610041 -0.0277755  0.0964497 -0.0515155  0.0865708
C  0  1  45  0  0  7   0.0502658  0.0753277  0.0490139 -0.0492683  0.0345539  0.0044033  0.0705337 -0.0397738 -0.0225536 -0.0623120  0.0373742  0.0008930 -0.0333213  0.0406488 -0.0087969  0.0047252
C  0  1  45  0  0  8  -0.0001320  0.0118582 -0.0119810  0.0317823 -0.0282000  0.0927032 -0.0251335 -0.0673395  0.0138662  0.1165666 -0.0499206  0.1089724 -0.0456069  0.0593908 -0.0339396  0.0285946
C  0  1  45  0  0  9  -0.0603578  0.0291433 -0.0438241 -0.0038150  0.0872535  0.0385005 -0.0277047  0.0110644 -0.0530005 -0.0018733  0.0682769  0.0001032 -0.0000230  0.0307399  0.0017457  0.0891132
C  0  1  45  0  0 10  -0.0640295 -0.0145338  0.0900696  0.0842853 -0.0275940 -0.0101013 -0.0526364 -0.0763175  0.0005938 -0.0241685  0.0151132  0.0390871 -0.0456741 -0.0406776  0.0055237  0.0747389
C  0  1  45  0  0 11  -0.0639352  0.0177855 -0.0476173  0.0667481  0.0825793  0.0584902  0.0294335  0.1271145 -0.0538746  0.0155138 -0.0043961 -0.0216834  0.0726858 -0.0439306  0.0388507  0.0372477
C  0  1  45  0  0 12   0.0633904 -0.0280293 -0.0436327  0.0531974 -0.0789741  0.0047201 -0.0301520 -0.0833753  0.0302450  0.0613488  0.0412060 -0.0097200 -0.0887530  0.0035443  0.0556210  0.0019215
C  0  1  45  0  0 13  -0.0333109  0.0303212 -0.0079372  0.0377388 -0.0048121 -0.0042166  0.0145125 -0.0253281  0.0117428  0.0474887 -0.0151514  0.0437568 -0.0345309 -0.0349564  0.0015372  0.0286801
C  0  1  45  0  0 14  -0.0048657 -0.0281541 -0.0254830 -0.0110338 -0.0225212 -0.0198297  0.0078419 -0.0258670 -0.0135732 -0.0753772  0.0954828 -0.0981391  0.0593053  0.0168535  0.0232991 -0.0863967
C  0  1  45  0  0 15  -0.1195689 -0.0538580  0.0894475  0.0213494 -0.0359938  0.0189239  0.0150128 -0.0295588 -0.0966048 -0.0170435 -0.0676552 -0.0855689  0.0142963  0.0279314  0.0419319  0.0049969
C  0  1  45  0  0 16   0.1177376  0.0171887 -0.0171071 -0.0224958 -0.0479704 -0.1212068 -0.1151455  0.0490825 -0.0635342  0.1019129 -0.0456271 -0.0146809 -0.0855502 -0.0814152 -0.0324942 -0.0174289
C  0  1  45  0  0 17  -0.0883185 -0.0979002 -0.0932621 -0.0722930 -0.0171903 -0.0004401 -0.0177215  0.0649595 -0.1064090 -0.0803001 -0.0172528  0.0894343 -0.0850288 -0.1950064 -0.0455460  0.0152258
C  0  1  45  0  0 18  -0.1286403 -0.0998121  0.0317289  0.0246201 -0.1914114  0.0161711 -0.0805463 -0.0244562 -0.1511094 -0.0443983 -0.0582432 -0.1156414 -0.0654756 -0.0129295 -0.1366402  0.0516203
C  0  1  45  0  0 19   0.0925721 -0.0378900 -0.1141834 -0.1216018 -0.1841101 -0.0671043 -0.2144368 -0.0717460 -0.1966278  0.0130292 -0.1056008 -0.1045868 -0.0253623  0.0695241 -0.0626423 -0.0379145
C  0  1  45  0  0 20  -0.1215362 -0.2022991 -0.1059557 -0.1085523 -0.1172397 -0.2252506 -0.2115448 -0.1118538 -0.1754794 -0.1482595 -0.2318531 -0.0887509 -0.0396538 -0.2851993 -0.2113305 -0.1686720
C  0  1  45  0  0 21  -0.0764905 -0.2676125 -0.2348569 -0.1739064 -0.1628851 -0.1906366 -0.1989420 -0.0946949 -0.0672824 -0.0771697 -0.1636569 -0.3376738 -0.2392478 -0.4234924 -0.2436467 -0.0835326
C  0  1  45  0  1  0  -0.0025206  0.0037126 -0.0020135 -0.0016972 -0.0036760 -0.0005042  0.0009736  0.0030237  0.0008104  0.0012408 -0.0055911  0.0039509  0.0054675  0.0067353  0.0046417  0.0051557
C  0  1  45  0  1  1   0.0013230  0.0018044 -0.0012610 -0.0007380 -0.0015017 -0.0049281  0.0065297  0.0012852  0.0040316 -0.0009570 -0.0012654 -0.0019470  0.0035496  0.0044207  0.0023506  0.0031504
C  0  1  45  0  1  2   0.0023327 -0.0001750 -0.0016375 -0.0000966 -0.0007530  0.0001014  0.0029350  0.0022347 -0.0011801  0.0027509  0.0003709 -0.0023123  0.0014797  0.0004950 -0.0011141  0.0012843
C  0  1  45  0  1  3   0.0029679 -0.0012135  0.0007313 -0.0024097  0.0015517  0.0020149  0.0028375 -0.0027135 -0.0021187 -0.0020298 -0.0025497 -0.0013509  0.0009896 -0.0016338  0.0004376  0.0017217
C  0  1  45  0  1  4   0.0016972  0.0008763 -0.0010622  0.0016816  0.0016798 -0.0001797  0.0023755  0.0002885 -0.0003556  0.0014991  0.0005011 -0.0018374  0.0022104 -0.0001679  0.0007402 -0.0016087
C  0  1  45  0  1  5   0.0028045  0.0002595 -0.0011478  0.0015829 -0.0000248  0.0004365 -0.0005841 -0.0005737  0.0006771  0.0005599  0.0015250 -0.0022161 -0.0011870 -0.0005176  0.0015124 -0.0007256
C  0  1  45  0  1  6   0.0019485 -0.0001584 -0.0001895 -0.0003024  0.0006771  0.0015893 -0.0011284  0.0003171 -0.0000614 -0.0015183  0.0014100  0.0005014 -0.0004148 -0.0019513  0.0028657 -0.0015839
C  0  1  45  0  1  7   0.0020580  0.0006168  0.0002449  0.0019485  0.0027309  0.0007458 -0.0016935 -0.0014347  0.0013589 -0.0004845  0.0015413 -0.0008883 -0.0008305  0.0010534 -0.0000270 -0.0000764
C  0  1  45  0  1  8   0.0005375  0.0011582 -0.0007474  0.0017455  0.0015474  0.0015963  0.0006146  0.0000586  0.0009336 -0.0003234  0.0013443 -0.0022654 -0.0011017 -0.0000123  0.0006582  0.0014370
C  0  1  45  0  1  9  -0.0027670  0.0006133  0.0015433 -0.0004246  0.0009923  0.0013700  0.0002339 -0.0002286 -0.0005994 -0.0027430 -0.0021344 -0.0013056 -0.0005484  0.0006753 -0.0001252  0.0012219
C  0  1  45  0  1 10   0.0005149 -0.0004868  0.0015988  0.0017439  0.0022675 -0.0005093 -0.0002016 -0.0003172 -0.0009410 -0.0003555 -0.0001932 -0.0003418  0.0000092 -0.0003380 -0.0009481  0.0004679
C  0  1  45  0  1 11  -0.0003950  0.0001272  0.0004063  0.0005862 -0.0000404  0.0002505 -0.0022189 -0.0014369 -0.0021114  0.0015060 -0.0003828 -0.0007588  0.0005235  0.0006255  0.0000787 -0.0001378
C  0  1  45  0  1 12  -0.0001169  0.0008127  0.0004430 -0.0020381  0.0010485 -0.0006969  0.0008673  0.0013815 -0.0001027  0.0003200 -0.0004860  0.0023294  0.0002651  0.0005743  0.0006330 -0.0003182
C  0  1  45  0  1 13   0.0022842 -0.0010359  0.0002982  0.0011282  0.0034114  0.0002322  0.0001752  0.0020353 -0.0013315 -0.0013720 -0.0007603 -0.0014187  0.0014458  0.0017154 -0.0001920  0.0017420
C  0  1  45  0  1 14   0.0032861  0.0010096  0.0030286  0.0001339  0.0017807  0.0020491  0.0005217  0.0001114 -0.0015694 -0.0000245  0.0008971 -0.0000113 -0.0001131 -0.0011515 -0.0011364  0.0029907
C  0  1  45  0  1 15   0.0009782  0.0002591 -0.0005032  0.0008804  0.0021729  0.0021716  0.0010471 -0.0010515 -0.0006417  0.0009244 -0.0012952  0.0005323  0.0004429  0.0004424  0.0017644  0.0012177
C  0  1  45  0  1 16   0.0027165  0.0030256  0.0016200  0.0022010 -0.0010247  0.0017851  0.0016997 -0.0004320  0.0019841 -0.0011311 -0.0004836 -0.0005291  0.0014642  0.0022080  0.0040529  0.0028249
C  0  1  45  0  1 17  -0.0007600 -0.0004336  0.0022163  0.0036825  0.0004911  0.0031569  0.0010993  0.0026458  0.0021588  0.0032706  0.0013950 -0.0012235  0.0016522 -0.0001280  0.0038364  0.0053216
C  0  1  45  0  1 18   0.0046130  0.0041629  0.0008106  0.0036327 -0.0014725  0.0009496  0.0044572  0.0029535 -0.0005328  0.0024631  0.0018250 -0.0008249 -0.0005566  0.0001916  0.0061466  0.0065620
C  0  1  45  0  1 19   0.0030610  0.0023616  0.0009401  0.0009655  0.0009779  0.0020993  0.0032133  0.0019552  0.0030533  0.0036542 -0.0011218 -0.0003053  0.0036422  0.0017976  0.0036362  0.0048524
C  0  1  45  0  1 20   0.0057524  0.0049885  0.0031094  0.0051927  0.0014360  0.0045119  0.0010945  0.0051689  0.0015292  0.0025309  0.0012533 -0.0017366  0.0035297  0.0028866  0.0061616  0.0042730
C  0  1  45  0  1 21   0.0139215  0.0123497  0.0049878  0.0032162 -0.0034919 -0.0085580 -0.0058027  0.0001840 -0.0028538 -0.0045042 -0.0009122  0.0039601  0.0019233  0.0038416  0.0101171  0.0056832
C  0  1  45  1  0  0  -0.4102007 -0.2713116 -0.3681473 -0.4204000 -0.1900464 -0.3502292 -0.3733245 -0.3195756 -0.3434869 -0.3474602 -0.3922049 -0.4183372 -0.4169097 -0.4140351 -0.4190720 -0.3895933
C  0  1  45  1  0  1  -0.3511932 -0.3587298 -0.2768536 -0.3163120 -0.3235726 -0.2841834 -0.2941631 -0.2930515 -0.3247223 -0.2270976 -0.3351771 -0.3406502 -0.3876387 -0.4269499 -0.3763178 -0.3262117
C  0  1  45  1  0  2  -0.3079852 -0.3274166 -0.2505547 -0.2878109 -0.2620977 -0.2143551 -0.2439001 -0.2329381 -0.2285201 -0.1830821 -0.2674477 -0.2858094 -0.3453555 -0.3495152 -0.2524907 -0.3481962
C  0  1  45  1  0  3  -0.2933106 -0.3638429 -0.3098863 -0.3169154 -0.2944152 -0.2293456 -0.1837085 -0.1783780 -0.1981635 -0.2182392 -0.2073003 -0.2659474 -0.2998201 -0.3058308 -0.3348686 -0.2571766
C  0  1  45  1  0  4  -0.2454902 -0.2303474 -0.2377996 -0.2286588 -0.2307995 -0.1405904 -0.2502197 -0.2138691 -0.2142073 -0.1832810 -0.1541298 -0.2401160 -0.2913375 -0.2598014 -0.3103965 -0.2918812
C  0  1  45  1  0  5  -0.2097616 -0.1564432 -0.2058357 -0.2118017 -0.1438558 -0.1390920 -0.1766975 -0.1546668 -0.1865938 -0.1628178 -0.1833024 -0.2246426 -0.2855397 -0.1651724 -0.2187393 -0.2410987
C  0  1  45  1  0  6  -0.1715182 -0.1411887 -0.1834122 -0.1815911 -0.1373819 -0.1488900 -0.1157156 -0.1474742 -0.1605720 -0.1235055 -0.1366908 -0.1303789 -0.1132046 -0.1752136 -0.2098783 -0.1907840
C  0  1  45  1  0  7  -0.1582651 -0.1662163 -0.1666378 -0.1459291 -0.1526141 -0.1830861 -0.1720050 -0.1231421 -0.1234295 -0.1149779 -0.1331112 -0.1587608 -0.1820677 -0.1758649 -0.1659297 -0.1497919
C  0  1  45  1  0  8  -0.1543722 -0.1024619 -0.1433598 -0.1754864 -0.1325107 -0.1260555 -0.1348814 -0.1727330 -0.1370075 -0.0729430 -0.1133311 -0.1759715 -0.1274084 -0.1347113 -0.1089797 -0.1274514
C  0  1  45  1  0  9  -0.1427740 -0.1341687 -0.0871915 -0.1505461 -0.1240160 -0.1486178 -0.1022796 -0.1651199 -0.1412001 -0.1259713 -0.0819623 -0.1353226 -0.1133451 -0.0681348 -0.1587253 -0.1959010
C  0  1  45  1  0 10  -0.1381262 -0.0907233 -0.1428280 -0.1598486 -0.1517147 -0.1389542 -0.1464875 -0.1191299 -0.1149113 -0.1231868 -0.1341095 -0.1323722 -0.1177352 -0.1299012 -0.1550460 -0.1286578
C  0  1  45  1  0 11  -0.1325563 -0.1032936 -0.1845166 -0.1086303 -0.1056922 -0.1096822 -0.1104470 -0.1502109 -0.1215516 -0.0802907 -0.1376971 -0.0899083 -0.1052703 -0.1455598 -0.0778046 -0.1633810
C  0  1  45  1  0 12  -0.0920659 -0.1007037 -0.1623791 -0.0946698 -0.1080065 -0.1539738 -0.1345978 -0.1956314 -0.1419461 -0.1382262 -0.1290204 -0.0250215 -0.0621128 -0.1624493 -0.1073508 -0.1316330
C  0  1  45  1  0 13  -0.1067725 -0.1266910 -0.1487030 -0.1285579 -0.1583350 -0.1451781 -0.1568895 -0.1340338 -0.1346583 -0.1122217 -0.1300045 -0.0979997 -0.1616197 -0.1443124 -0.1558704 -0.1330381
C  0  1  45  1  0 14  -0.1276676 -0.1752476 -0.1989542 -0.1562028 -0.1824667 -0.1644500 -0.1537947 -0.1969816 -0.1595471 -0.1306508 -0.1602865 -0.1350975 -0.1687883 -0.0789559 -0.1511301 -0.1805521
C  0  1  45  1  0 15  -0.1633484 -0.1570051 -0.1641162 -0.1528087 -0.1871028 -0.1481122 -0.1653645 -0.1964491 -0.1630514 -0.1222889 -0.1192662 -0.2061703 -0.1468164 -0.0889112 -0.0805719 -0.1675003
C  0  1  45  1  0 16  -0.1756357 -0.2036258 -0.1602132 -0.1368719 -0.1598013 -0.1733041 -0.1832626 -0.2217222 -0.1479447 -0.1750882 -0.1340819 -0.1754910 -0.1693999 -0.1450382 -0.1171855 -0.1601746
C  0  1  45  1  0 17  -0.2194628 -0.2197752 -0.2241137 -0.3308357 -0.1964206 -0.2379742 -0.2928871 -0.2411924 -0.2726753 -0.2768756 -0.2555848 -0.2119119 -0.2179384 -0.2503280 -0.2190217 -0.2537411
C  0  1  45  1  0 18  -0.2850777 -0.3062201 -0.2683175 -0.2552057 -0.2320916 -0.2492022 -0.3266199 -0.3170879 -0.3190068 -0.2366437 -0.2811744 -0.2566010 -0.2928141 -0.2051280 -0.2020084 -0.2228379
C  0  1  45  1  0 19  -0.2709863 -0.2513786 -0.2705654 -0.3398951 -0.3000999 -0.2820339 -0.2833262 -0.2210489 -0.2660364 -0.2758596 -0.2033110 -0.2741837 -0.2501974 -0.2592188 -0.2452451 -0.2599222
C  0  1  45  1  0 20  -0.2829344 -0.2919442 -0.3982286 -0.3000865 -0.3409560 -0.2463191 -0.3175633 -0.3850368 -0.3572471 -0.2945740 -0.3194596 -0.3517692 -0.2978130 -0.3551731 -0.2732151 -0.3038034
C  0  1  45  1  0 21  -0.3397273 -0.4157307 -0.3025370 -0.2675401 -0.2480480 -0.3922138 -0.3299031 -0.3676446 -0.3553521 -0.4366471 -0.2575994 -0.3945400 -0.1889879 -0.3055150 -0.3893911 -0.3648020
C  0  1  45  1  1  0   0.0469766  0.0489442  0.0403260  0.0273525  0.0005715 -0.0207419 -0.0318619 -0.0422620 -0.0467142 -0.0356800 -0.0315872 -0.0183457  0.0042476  0.0068066  0.0235731  0.0389223
C  0  1  45  1  1  1   0.0259414  0.0229987  0.0189987  0.0109741  0.0035295 -0.0070117 -0.0153901 -0.0165727 -0.0171273 -0.0151294 -0.0138529 -0.0080235  0.0045464  0.0101852  0.0124040  0.0253220
C  0  1  45  1  1  2   0.0122148  0.0131518  0.0082860  0.0061539  0.0026070 -0.0031626 -0.0071961 -0.0068557 -0.0081806 -0.0045933 -0.0045036 -0.0033594  0.0021182  0.0038109  0.0065527  0.0115838
C  0  1  45  1  1  3   0.0080832  0.0082613  0.0022301  0.0037851  0.0020952  0.0009320 -0.0031465 -0.0012018  0.0012360  0.0004623 -0.0026782 -0.0018325  0.0022798  0.0035190  0.0013825  0.0082673
C  0  1  45  1  1  4   0.0036878  0.0038253  0.0017523  0.0018107  0.0039307  0.0029881  0.0013923  0.0033601  0.0050459  0.0037055 -0.0005211  0.0005916  0.0027569  0.0021078  0.0045360  0.0030238
C  0  1  45  1  1  5   0.0012888  0.0007502  0.0006211  0.0034729  0.0020482  0.0036469  0.0033950  0.0051120  0.0054831  0.0015186 -0.0008129  0.0006568  0.0020892  0.0026771  0.0018037  0.0007177
C  0  1  45  1  1  6   0.0018367  0.0019241  0.0015326  0.0031033  0.0041459  0.0040570  0.0053925  0.0047987  0.0038266  0.0013886  0.0005110  0.0008715 -0.0002821  0.0010904  0.0008537 -0.0004961
C  0  1  45  1  1  7  -0.0013538  0.0021954  0.0018144  0.0037910  0.0040487  0.0044023  0.0055898  0.0038347  0.0030171  0.0010219 -0.0011073  0.0001923  0.0014113  0.0011583  0.0016193 -0.0017556
C  0  1  45  1  1  8  -0.0004655  0.0017145  0.0033440  0.0022923  0.0056514  0.0040494  0.0050649  0.0047874  0.0058357  0.0018795  0.0011003  0.0004107  0.0025761  0.0015130  0.0016538 -0.0006227
C  0  1  45  1  1  9   0.0011017  0.0028695  0.0017817  0.0028203  0.0030402  0.0036074  0.0041559  0.0039445  0.0025273  0.0001610  0.0006694  0.0001116  0.0014963  0.0004430  0.0001861 -0.0020660
C  0  1  45  1  1 10  -0.0006436  0.0019817  0.0017125  0.0018249  0.0013099  0.0008726  0.0020764  0.0027455  0.0033565  0.0002461 -0.0001918 -0.0000248 -0.0013993 -0.0000218  0.0010917 -0.0012599
C  0  1  45  1  1 11   0.0004011  0.0019397  0.0007932  0.0023491  0.0026639 -0.0005145  0.0015793  0.0023285  0.0024264  0.0011131 -0.0016255 -0.0006272 -0.0001213 -0.0000763 -0.0000305 -0.0011453
C  0  1  45  1  1 12  -0.0002342  0.0017957  0.0025121  0.0035108  0.0030586  0.0018268  0.0011746  0.0026165  0.0047204  0.0015315  0.0021139  0.0013650  0.0018190  0.0002526  0.0012528 -0.0008119
C  0  1  45  1  1 13  -0.0000537  0.0031446  0.0032639  0.0037694  0.0030781  0.0028518  0.0041086  0.0059507  0.0055720  0.0024024  0.0020406  0.0004669 -0.0006289 -0.0019772  0.0006284 -0.0014975
C  0  1  45  1  1 14  -0.0013660  0.0013691  0.0028621  0.0036042  0.0040205  0.0028153  0.0040589  0.0059187  0.0054994  0.0009189  0.0020621 -0.0014284 -0.0012586 -0.0013657 -0.0016099 -0.0031594
C  0  1  45  1  1 15  -0.0014824  0.0000470  0.0023939  0.0039027  0.0034767 -0.0010409  0.0035629  0.0036228  0.0060186  0.0042127  0.0026716  0.0002413 -0.0034030 -0.0061415 -0.0047007 -0.0047597
C  0  1  45  1  1 16  -0.0014373  0.0009516  0.0040027  0.0049459  0.0037174  0.0015996  0.0033966  0.0029396  0.0044659  0.0065974  0.0028603  0.0029401 -0.0018845 -0.0017241 -0.0047653 -0.0053744
C  0  1  45  1  1 17  -0.0034383  0.0025214  0.0018950  0.0081488  0.0023403 -0.0010015  0.0015335  0.0042057  0.0048762  0.0041382  0.0051579  0.0015632  0.0002979 -0.0025650 -0.0045165 -0.0042277
C  0  1  45  1  1 18   0.0012765  0.0075536  0.0056983  0.0069847  0.0025432  0.0000351 -0.0020751 -0.0012739  0.0036997  0.0034116  0.0020345  0.0007928 -0.0015072 -0.0034829 -0.0066026 -0.0035377
C  0  1  45  1  1 19   0.0031539  0.0093286  0.0124921  0.0112386  0.0076640  0.0023481 -0.0027916  0.0008285  0.0024321  0.0058800  0.0018738  0.0005156 -0.0030430 -0.0044274 -0.0046592 -0.0020165
C  0  1  45  1  1 20   0.0020185  0.0160835  0.0192560  0.0123811  0.0079684  0.0032839 -0.0016550 -0.0012185  0.0008229  0.0065989  0.0016457 -0.0020763 -0.0057756 -0.0077322 -0.0055047 -0.0049582
C  0  1  45  1  1 21   0.0103419  0.0223557  0.0319933  0.0224287  0.0156217  0.0142231  0.0125042  0.0129843  0.0118586  0.0149363  0.0015147 -0.0031976 -0.0097422 -0.0192856 -0.0074468 -0.0005997
