CPHI 16 
CETA 22 -2.40 -2.10 -1.85 -1.60 -1.40 -1.20 -1.00 -0.80 -0.60 -0.40 -0.20  0.00  0.20  0.40  0.60  0.80  1.00  1.20  1.40  1.60  1.85  2.10  2.40 
RMIN  6 
RTRK 12 
RETA 11  0.00  0.20  0.40  0.60  0.80  1.00  1.20  1.40  1.60  1.85  2.10  2.40 
T 0 1  46  0  0  0    0.0000000   0.0006227   0.0016604   0.0031647   0.0122401   0.0688179   0.2777712   0.6539796   1.0000000   1.0000000   1.0000000   1.0000000   1.0000000
T 0 1  46  0  0  1    0.0000000   0.0001358   0.0005553   0.0024279   0.0125280   0.0585971   0.2260176   0.5889716   1.0000000   1.0000000   1.0000000   1.0000000   1.0000000
T 0 1  46  0  0  2    0.0000000   0.0001129   0.0005014   0.0017106   0.0108071   0.0559248   0.2096213   0.5742302   1.0000000   1.0000000   1.0000000   1.0000000   1.0000000
T 0 1  46  0  0  3    0.0000000   0.0001671   0.0005504   0.0017695   0.0115868   0.0625637   0.2259208   0.5864802   1.0000000   1.0000000   1.0000000   1.0000000   1.0000000
T 0 1  46  0  0  4    0.0000000   0.0004066   0.0026220   0.0143432   0.0628477   0.2045191   0.4893929   0.8228286   1.0000000   1.0000000   1.0000000   1.0000000   1.0000000
T 0 1  46  0  0  5    0.0000000   0.0009948   0.0075184   0.0512886   0.2056230   0.5325652   0.8758845   0.9993615   1.0000000   1.0000000   1.0000000   1.0000000   1.0000000
T 0 1  46  0  0  6    0.0000000   0.0003006   0.0012699   0.0104073   0.0674777   0.2773646   0.6626731   0.9312771   0.9981588   1.0000000   1.0000000   1.0000000   1.0000000
T 0 1  46  0  0  7    0.0000000   0.0000667   0.0004249   0.0009083   0.0046402   0.0308109   0.1191574   0.2979983   0.5811662   0.8690231   0.9841795   0.9998445   1.0000000
T 0 1  46  0  0  8    0.0000000   0.0000019   0.0000290   0.0001125   0.0003440   0.0009451   0.0041990   0.0250847   0.1189584   0.3935399   0.7892026   0.9690536   1.0000000
T 0 1  46  0  0  9    0.0000000   0.0000076   0.0000089   0.0000385   0.0005591   0.0034243   0.0181807   0.0859567   0.3026205   0.6586488   0.9385926   0.9999269   1.0000000
T 0 1  46  0  0 10    0.0000000   0.0066945   0.0291032   0.0464561   0.0796885   0.1690782   0.3385511   0.6898394   0.9108572   0.9702133   0.9998149   1.0000000   1.0000000
T 0 1  46  1  0  0    0.0000000   0.0005148   0.0016399   0.0047460   0.0213440   0.1017716   0.3374237   0.6994022   1.0000000   1.0000000   1.0000000   1.0000000   1.0000000
T 0 1  46  1  0  1    0.0000000   0.0002633   0.0010891   0.0042307   0.0181163   0.0752157   0.2537985   0.6193956   1.0000000   1.0000000   1.0000000   1.0000000   1.0000000
T 0 1  46  1  0  2    0.0000000   0.0002194   0.0008486   0.0027728   0.0124455   0.0616642   0.2339277   0.6064318   1.0000000   1.0000000   1.0000000   1.0000000   1.0000000
T 0 1  46  1  0  3    0.0000000   0.0002283   0.0008669   0.0027852   0.0140251   0.0700545   0.2491207   0.6198491   1.0000000   1.0000000   1.0000000   1.0000000   1.0000000
T 0 1  46  1  0  4    0.0000000   0.0004356   0.0027620   0.0153929   0.0663357   0.2155446   0.5058694   0.8320271   1.0000000   1.0000000   1.0000000   1.0000000   1.0000000
T 0 1  46  1  0  5    0.0000000   0.0011873   0.0094478   0.0577925   0.2246261   0.5586818   0.8900123   0.9996500   1.0000000   1.0000000   1.0000000   1.0000000   1.0000000
T 0 1  46  1  0  6    0.0000000   0.0004626   0.0026649   0.0180020   0.0942133   0.3329130   0.7236541   0.9536823   0.9988141   0.9999984   1.0000000   1.0000000   1.0000000
T 0 1  46  1  0  7    0.0000000   0.0002246   0.0006446   0.0024765   0.0123245   0.0526267   0.1570011   0.3413836   0.6074237   0.8728054   0.9849908   0.9998878   1.0000000
T 0 1  46  1  0  8    0.0000000   0.0009562   0.0014955   0.0017998   0.0022382   0.0036136   0.0107994   0.0452511   0.1686405   0.4573475   0.8251665   0.9710661   1.0000000
T 0 1  46  1  0  9    0.0000000   0.0021003   0.0074838   0.0131257   0.0159362   0.0198461   0.0401951   0.1288935   0.3661962   0.7154288   0.9583841   0.9999941   1.0000000
T 0 1  46  1  0 10    0.0000000   0.0032254   0.0170235   0.0428863   0.0843736   0.1746921   0.3942474   0.7474223   0.9511020   0.9856143   0.9999985   1.0000000   1.0000000
R 0 1  46  0  0  0    0.0226185   0.0226185   0.0100980   0.0109151   0.0103775   0.0101418   0.0100134   0.0098427   0.0098427   0.0098427   0.0098427   0.0098427
R 0 1  46  0  0  1    0.0119567   0.0119567   0.0119567   0.0119567   0.0110276   0.0108915   0.0109383   0.0108372   0.0108372   0.0108372   0.0108372   0.0108372
R 0 1  46  0  0  2    0.0126649   0.0126649   0.0126649   0.0126649   0.0119526   0.0120222   0.0118655   0.0116888   0.0116888   0.0116888   0.0116888   0.0116888
R 0 1  46  0  0  3    0.0137975   0.0137975   0.0137975   0.0137975   0.0125883   0.0125720   0.0124060   0.0122369   0.0122369   0.0122369   0.0122369   0.0122369
R 0 1  46  0  0  4    0.0191490   0.0191490   0.0191490   0.0173821   0.0168773   0.0157757   0.0145228   0.0130838   0.0130838   0.0130838   0.0130838   0.0130838
R 0 1  46  0  0  5    0.0206202   0.0206202   0.0193829   0.0190548   0.0187417   0.0180535   0.0168503   0.0168503   0.0168503   0.0168503   0.0168503   0.0168503
R 0 1  46  0  0  6    0.0202777   0.0202777   0.0202777   0.0204634   0.0208702   0.0207592   0.0208441   0.0205834   0.0205834   0.0205834   0.0205834   0.0205834
R 0 1  46  0  0  7    0.0209656   0.0209656   0.0209656   0.0209656   0.0207945   0.0213389   0.0211500   0.0210298   0.0206143   0.0196578   0.0196578   0.0196578
R 0 1  46  0  0  8    0.0210444   0.0210444   0.0210444   0.0210444   0.0210444   0.0210444   0.0210444   0.0209228   0.0209970   0.0209335   0.0203262   0.0183246
R 0 1  46  0  0  9    0.0310127   0.0310127   0.0310127   0.0310127   0.0310127   0.0310127   0.0296908   0.0287526   0.0274743   0.0265051   0.0247996   0.0247996
R 0 1  46  0  0 10    0.0773458   0.0699942   0.0612747   0.0539609   0.0471785   0.0440943   0.0408154   0.0354183   0.0337289   0.0305438   0.0305438   0.0305438
R 0 1  46  0  1  0    0.0000000   0.0000000   0.0000000   0.0001047   0.0000850   0.0000804   0.0000726   0.0000669   0.0000669   0.0000669   0.0000669   0.0000669
R 0 1  46  0  1  1    0.0000741   0.0000741   0.0000741   0.0000741   0.0000581   0.0000691   0.0000617   0.0000556   0.0000556   0.0000556   0.0000556   0.0000556
R 0 1  46  0  1  2    0.0000701   0.0000701   0.0000701   0.0000701   0.0000662   0.0000661   0.0000613   0.0000520   0.0000520   0.0000520   0.0000520   0.0000520
R 0 1  46  0  1  3    0.0000933   0.0000933   0.0000933   0.0000933   0.0000669   0.0000569   0.0000568   0.0000484   0.0000484   0.0000484   0.0000484   0.0000484
R 0 1  46  0  1  4    0.0001331   0.0001331   0.0001331   0.0000817   0.0000802   0.0000695   0.0000571   0.0000438   0.0000438   0.0000438   0.0000438   0.0000438
R 0 1  46  0  1  5    0.0001527   0.0001527   0.0000979   0.0000730   0.0000674   0.0000589   0.0000395   0.0000395   0.0000395   0.0000395   0.0000395   0.0000395
R 0 1  46  0  1  6    0.0000589   0.0000589   0.0000589   0.0000421   0.0000657   0.0000591   0.0000518   0.0000135   0.0000135   0.0000135   0.0000135   0.0000135
R 0 1  46  0  1  7    0.0000000   0.0000000   0.0000000   0.0000000   0.0000790   0.0000825   0.0000708   0.0000755   0.0000774   0.0000566   0.0000566   0.0000566
R 0 1  46  0  1  8    0.0001314   0.0001314   0.0001314   0.0001314   0.0001314   0.0001314   0.0001314   0.0000939   0.0001041   0.0001011   0.0000896   0.0000397
R 0 1  46  0  1  9    0.0002408   0.0002408   0.0002408   0.0002408   0.0002408   0.0002408   0.0002034   0.0002052   0.0001782   0.0001595   0.0000984   0.0000984
R 0 1  46  0  1 10    0.0013896   0.0010378   0.0008149   0.0007860   0.0005912   0.0004918   0.0003895   0.0002514   0.0002130   0.0001543   0.0001543   0.0001543
R 0 1  46  0  2  0    0.0000000   0.0000000   0.0000000   0.0000000   0.0000000   0.0000231   0.0000189   0.0000056   0.0000056   0.0000056   0.0000056   0.0000056
R 0 1  46  0  2  1    0.0000000   0.0000000   0.0000000   0.0000000   0.0000000   0.0000239   0.0000120   0.0000172   0.0000172   0.0000172   0.0000172   0.0000172
R 0 1  46  0  2  2    0.0000000   0.0000000   0.0000000   0.0000000   0.0000774   0.0000205   0.0000110   0.0000142   0.0000142   0.0000142   0.0000142   0.0000142
R 0 1  46  0  2  3    0.0000000   0.0000000   0.0000000   0.0000000   0.0000000   0.0000000   0.0000046   0.0000046   0.0000046   0.0000046   0.0000046   0.0000046
R 0 1  46  0  2  4    0.0000000   0.0000000   0.0000000   0.0000000   0.0000000   0.0000000   0.0000000   0.0000090   0.0000090   0.0000090   0.0000090   0.0000090
R 0 1  46  0  2  5    0.0000000   0.0000000   0.0000000   0.0000000   0.0000210   0.0000115   0.0000135   0.0000135   0.0000135   0.0000135   0.0000135   0.0000135
R 0 1  46  0  2  6    0.0000000   0.0000000   0.0000000   0.0000000   0.0000000   0.0000000   0.0000000   0.0000000   0.0000000   0.0000000   0.0000000   0.0000000
R 0 1  46  0  2  7    0.0000000   0.0000000   0.0000000   0.0000000   0.0000000   0.0000000   0.0000000   0.0000000   0.0000000   0.0000000   0.0000000   0.0000000
R 0 1  46  0  2  8    0.0000000   0.0000000   0.0000000   0.0000000   0.0000000   0.0000000   0.0000000   0.0000000   0.0000000   0.0000000   0.0000000   0.0000000
R 0 1  46  0  2  9    0.0000000   0.0000000   0.0000000   0.0000000   0.0000000   0.0000000   0.0000000   0.0000600   0.0000000   0.0000163   0.0000000   0.0000000
R 0 1  46  0  2 10    0.0000000   0.0000000   0.0000000   0.0000000   0.0000000   0.0000000   0.0001067   0.0000520   0.0000000   0.0000000   0.0000000   0.0000000
R 0 1  46  0  3  0    1.0867316   1.0867316   1.1670263   1.0236820   0.9960704   0.9833943   0.9809128   0.9844693   0.9844693   0.9844693   0.9844693   0.9844693
R 0 1  46  0  3  1    1.0119287   1.0119287   1.0119287   1.0119287   0.9928115   0.9838577   0.9788429   0.9789180   0.9789180   0.9789180   0.9789180   0.9789180
R 0 1  46  0  3  2    1.0077104   1.0077104   1.0077104   1.0077104   1.0017354   0.9873076   0.9813612   0.9796654   0.9796654   0.9796654   0.9796654   0.9796654
R 0 1  46  0  3  3    0.9851722   0.9851722   0.9851722   0.9851722   1.0101999   0.9871546   0.9825745   0.9811870   0.9811870   0.9811870   0.9811870   0.9811870
R 0 1  46  0  3  4    1.0202998   1.0202998   1.0202998   0.9829603   0.9819422   0.9765834   0.9783690   0.9909272   0.9909272   0.9909272   0.9909272   0.9909272
R 0 1  46  0  3  5    1.0111731   1.0111731   0.9976188   0.9832427   0.9766547   0.9716383   0.9723923   0.9723923   0.9723923   0.9723923   0.9723923   0.9723923
R 0 1  46  0  3  6    1.0368149   1.0368149   1.0368149   0.9990000   0.9842027   0.9816835   0.9841521   0.9877441   0.9877441   0.9877441   0.9877441   0.9877441
R 0 1  46  0  3  7    1.0744848   1.0744848   1.0744848   1.0744848   1.0334024   0.9963820   0.9878381   0.9848901   0.9867630   0.9856596   0.9856596   0.9856596
R 0 1  46  0  3  8    1.0350054   1.0350054   1.0350054   1.0350054   1.0350054   1.0350054   1.0350054   0.9954861   0.9841576   0.9830514   0.9884971   1.0284205
R 0 1  46  0  3  9    1.0232410   1.0232410   1.0232410   1.0232410   1.0232410   1.0232410   0.9810935   0.9738737   0.9712158   0.9848939   0.9982066   0.9982066
R 0 1  46  0  3 10    1.0650083   1.0403855   1.0287361   0.9897250   0.9799808   0.9664707   0.9684572   0.9708837   1.0011538   1.0156610   1.0156610   1.0156610
R 0 1  46  0  4  0    1.1752579   1.1752579   1.1553625   2.1814832   2.2439037   2.2711487   2.2312661   2.2745933   2.2745933   2.2745933   2.2745933   2.2745933
R 0 1  46  0  4  1    1.9958950   1.9958950   1.9958950   1.9958950   2.1545498   2.2450154   2.2144084   2.2029734   2.2029734   2.2029734   2.2029734   2.2029734
R 0 1  46  0  4  2    1.9035063   1.9035063   1.9035063   1.9035063   2.1982034   2.3046491   2.2349391   2.2115699   2.2115699   2.2115699   2.2115699   2.2115699
R 0 1  46  0  4  3    1.7876191   1.7876191   1.7876191   1.7876191   2.2421186   2.2627102   2.2373027   2.2244717   2.2244717   2.2244717   2.2244717   2.2244717
R 0 1  46  0  4  4    1.9107853   1.9107853   1.9107853   1.9895152   2.1456938   2.0657370   2.1949237   2.4077365   2.4077365   2.4077365   2.4077365   2.4077365
R 0 1  46  0  4  5    1.7163062   1.7163062   2.0725563   2.1488755   2.1118863   2.0736448   2.0078989   2.0078989   2.0078989   2.0078989   2.0078989   2.0078989
R 0 1  46  0  4  6    2.0741697   2.0741697   2.0741697   2.2169427   2.2639963   2.4610664   2.3320466   2.2806923   2.2806923   2.2806923   2.2806923   2.2806923
R 0 1  46  0  4  7    1.7093168   1.7093168   1.7093168   1.7093168   2.2819146   2.3314107   2.3071913   2.3379914   2.3912437   2.3296457   2.3296457   2.3296457
R 0 1  46  0  4  8    2.2385770   2.2385770   2.2385770   2.2385770   2.2385770   2.2385770   2.2385770   2.2379069   2.2359295   2.2550019   2.3164617   2.3040509
R 0 1  46  0  4  9    2.0838474   2.0838474   2.0838474   2.0838474   2.0838474   2.0838474   1.9288981   2.0115515   2.0173601   2.2052717   2.1391789   2.1391789
R 0 1  46  0  4 10    1.9648386   2.1744416   2.0140648   1.8566241   1.9774330   1.9367616   1.9655978   1.9835086   2.0119656   2.0967966   2.0967966   2.0967966
R 0 1  46  0  5  0   18.5097223  18.5097223  11.1669788   3.4052866   3.6939181   3.9963515   4.2446014   3.9053261   3.9053261   3.9053261   3.9053261   3.9053261
R 0 1  46  0  5  1    3.8333132   3.8333132   3.8333132   3.8333132   4.0550702   4.0313695   4.3492905   4.3244636   4.3244636   4.3244636   4.3244636   4.3244636
R 0 1  46  0  5  2    4.1066581   4.1066581   4.1066581   4.1066581   4.2398181   3.8089324   4.1867749   4.4593333   4.4593333   4.4593333   4.4593333   4.4593333
R 0 1  46  0  5  3    5.1588844   5.1588844   5.1588844   5.1588844   4.0295086   3.9852703   4.3479241   4.3735416   4.3735416   4.3735416   4.3735416   4.3735416
R 0 1  46  0  5  4    4.8117768   4.8117768   4.8117768   5.1676473   4.4602867   5.2249770   4.0542340   2.9491212   2.9491212   2.9491212   2.9491212   2.9491212
R 0 1  46  0  5  5    5.1502237   5.1502237   4.8983170   4.7923079   5.1844295   4.7522642   4.0987169   4.0987169   4.0987169   4.0987169   4.0987169   4.0987169
R 0 1  46  0  5  6    2.8612597   2.8612597   2.8612597   3.9330741   3.7659037   3.4371907   2.4286362   1.9856888   1.9856888   1.9856888   1.9856888   1.9856888
R 0 1  46  0  5  7    4.0122381   4.0122381   4.0122381   4.0122381   3.4714026   3.2116699   3.0545989   2.8789596   2.5105564   2.1110525   2.1110525   2.1110525
R 0 1  46  0  5  8    4.0199209   4.0199209   4.0199209   4.0199209   4.0199209   4.0199209   4.0199209   4.4319590   4.7499513   4.2248466   3.4142212   3.8410126
R 0 1  46  0  5  9    5.2037515   5.2037515   5.2037515   5.2037515   5.2037515   5.2037515   8.4516573   6.8372548   6.7814595   5.5233388   6.6504206   6.6504206
R 0 1  46  0  5 10    7.9594085   4.2425292   4.6726744   6.0242219   5.4678995   6.7917329   7.9745869   7.5705937   8.1188130   5.7337051   5.7337051   5.7337051
F  0  1  46  0  0  0    0.9819657   1.0373023   1.0046357   1.0019325   0.9809171   0.9885025   0.9999427   0.9788367   1.0030993   0.9942705   0.9819095
F  0  1  46  1  0  0    1.0554385   1.1054400   1.0606439   1.0622832   1.0374948   1.0729442   1.0763338   1.0634453   1.0614493   1.0727103   1.0815734
C  0  1  46  0  0  0  -0.2933618 -0.1793999 -0.1463198 -0.2443760 -0.3243097 -0.0788336 -0.1386476 -0.1619562 -0.0985877 -0.1523173 -0.2617604 -0.1884715 -0.0414976 -0.3256278 -0.3881358 -0.0785479
C  0  1  46  0  0  1  -0.0935545 -0.1268075 -0.1789064 -0.1615456 -0.1015716 -0.0673131 -0.1487965 -0.1654617  0.0689904 -0.2066975  0.0202455 -0.1825751 -0.1353081 -0.0216034 -0.1911069  0.0052923
C  0  1  46  0  0  2  -0.0937696 -0.0865568 -0.1798043 -0.1916651 -0.0778557 -0.0594778 -0.1121221 -0.0814111  0.0353586 -0.1090232 -0.0752171 -0.0793652 -0.1269697 -0.0641373  0.0562330 -0.0941908
C  0  1  46  0  0  3  -0.1208028 -0.0617561 -0.1280665 -0.0800886  0.0608934 -0.1755814 -0.0688114 -0.0301608 -0.1727928  0.0199474 -0.2014297 -0.0713727 -0.1425958 -0.2031740 -0.0755850  0.0522016
C  0  1  46  0  0  4  -0.1331848 -0.0838150 -0.1549970 -0.1090406 -0.1436979 -0.0142309 -0.1277158 -0.0650112  0.0250991 -0.0157757  0.0577995 -0.0492326  0.0025644 -0.1370257 -0.0568261 -0.0586766
C  0  1  46  0  0  5  -0.0633660  0.0193742  0.0088547  0.0934425  0.0511945 -0.0067151  0.0613058  0.0310059  0.1418620  0.0445289  0.0585519 -0.0083625 -0.0430679  0.0290567  0.0479696 -0.0976303
C  0  1  46  0  0  6   0.0222199 -0.0100940  0.0553925 -0.0086014  0.0694702 -0.0375275 -0.0009476 -0.0476033 -0.0219664 -0.0397035  0.0058514  0.0240696 -0.0472989 -0.0471303 -0.0922991  0.1135734
C  0  1  46  0  0  7  -0.0943897  0.0555909 -0.0227343 -0.0657594 -0.0428686  0.0663832  0.0729111 -0.0092974 -0.0377869 -0.0080624  0.1031675 -0.0463835  0.0087893 -0.0945011 -0.0092219  0.0513135
C  0  1  46  0  0  8  -0.0168391 -0.0454013  0.0512183  0.0705870 -0.0073816 -0.0097150  0.0179468 -0.0608826 -0.0099749 -0.0313295  0.0400232 -0.0320449 -0.0289303  0.0310543 -0.0627922 -0.0527311
C  0  1  46  0  0  9  -0.0202572  0.0781700 -0.0536685  0.0679974  0.0474161  0.1043229  0.0187794  0.0712528 -0.0411834  0.0032414  0.0661900  0.0636129 -0.0634873  0.0313970  0.0140213 -0.0055224
C  0  1  46  0  0 10  -0.0486233  0.0106150  0.0459325  0.0771996 -0.0579488 -0.0203797 -0.0322976 -0.0898849 -0.0236154 -0.0682596 -0.0711478 -0.0113093 -0.0067250  0.0400456 -0.0293011 -0.0001564
C  0  1  46  0  0 11  -0.0337500  0.0401666  0.0183503  0.0141489  0.0106206  0.0880860  0.0499328  0.0646781 -0.0090779  0.0804478  0.0146906 -0.0118183 -0.0686465 -0.0465248 -0.0196050  0.0156004
C  0  1  46  0  0 12   0.0859067  0.0119875  0.0209068  0.0516455  0.0418780  0.0797632 -0.0113452 -0.0583144 -0.0616760  0.0178609  0.0280065 -0.0753181 -0.1278218 -0.0151709 -0.0123582 -0.0244809
C  0  1  46  0  0 13  -0.0176651 -0.0258585 -0.0101099  0.0363274  0.0596317 -0.0124069  0.0355463  0.0030402  0.0769482 -0.0000342 -0.1160008  0.0008064 -0.0251584  0.0318332 -0.0375403  0.0109635
C  0  1  46  0  0 14  -0.0684300  0.0323156 -0.0414649  0.0718228  0.0532263 -0.0065963  0.0050111  0.0216880  0.0003635 -0.0125414  0.0875773 -0.1093029 -0.0223016 -0.0333361 -0.0356618  0.0171947
C  0  1  46  0  0 15  -0.1081031  0.0249205 -0.0102604 -0.0290091 -0.0004247 -0.0535963  0.0409916  0.0165878  0.0717477  0.0629159 -0.0558787 -0.1553742 -0.0311049 -0.0020193 -0.0791724 -0.0115232
C  0  1  46  0  0 16   0.1029157  0.1188634  0.0208175  0.0960810 -0.0327320 -0.0389747 -0.0493884  0.0695507 -0.0276599  0.0603810  0.0868336 -0.0928714 -0.0041012 -0.0162102 -0.0864392 -0.0136259
C  0  1  46  0  0 17  -0.0470995 -0.0540621 -0.1343512 -0.0911978 -0.1065643  0.0029727  0.0058023 -0.0739001  0.1048211 -0.0493643  0.0766564 -0.0349112 -0.0964028 -0.1128837 -0.0592104  0.0758655
C  0  1  46  0  0 18  -0.2429759 -0.0815382  0.0012107 -0.0159632 -0.1767204 -0.0713114 -0.1104109 -0.0991186 -0.0893520 -0.1289857 -0.0618976 -0.1138364 -0.0395890 -0.0393149 -0.1786709  0.0189070
C  0  1  46  0  0 19   0.0557610 -0.1683140 -0.1960341  0.0390963 -0.1639119 -0.1455573 -0.2024145 -0.0122601 -0.0621341  0.0028212  0.0098339 -0.0674609 -0.0738442 -0.0562275 -0.1498400 -0.1390881
C  0  1  46  0  0 20  -0.1952671 -0.1259055  0.0644141 -0.0684805 -0.1645229 -0.1251580 -0.0483005 -0.1684023  0.0127830 -0.1754318 -0.3198178 -0.0380797  0.0108431 -0.0913817 -0.1307117  0.0063899
C  0  1  46  0  0 21  -0.2353452 -0.2373294 -0.2905651 -0.0902566 -0.0739279 -0.2241178 -0.3294379 -0.0432184 -0.1604466 -0.1245142 -0.0826392 -0.3673425 -0.3263392 -0.2939675 -0.3567894 -0.0881498
C  0  1  46  0  1  0  -0.0027049 -0.0039457  0.0001024 -0.0035166 -0.0059020  0.0002437  0.0032807  0.0035864 -0.0012674  0.0016326 -0.0015879  0.0016791  0.0084928  0.0076117  0.0068925  0.0067172
C  0  1  46  0  1  1   0.0017192  0.0020270 -0.0025673  0.0011370 -0.0040836 -0.0013007  0.0038656 -0.0018415  0.0043314 -0.0015012 -0.0022595 -0.0023695  0.0027953  0.0028897  0.0023735  0.0029021
C  0  1  46  0  1  2   0.0034475  0.0018322 -0.0007589  0.0001805 -0.0011678  0.0006263 -0.0021927  0.0007980  0.0016441  0.0016599 -0.0027408 -0.0032784  0.0016036 -0.0000741  0.0003640 -0.0013292
C  0  1  46  0  1  3   0.0050601  0.0000621 -0.0007267 -0.0014503  0.0018094  0.0018564  0.0020845 -0.0018022 -0.0022861 -0.0019404 -0.0018284 -0.0010418  0.0004802 -0.0004412 -0.0005225  0.0029838
C  0  1  46  0  1  4   0.0038146  0.0012020 -0.0008538  0.0033528  0.0014109 -0.0032671  0.0008997 -0.0010964  0.0017681 -0.0010201 -0.0001026 -0.0020308  0.0010806 -0.0018417  0.0004853 -0.0015379
C  0  1  46  0  1  5   0.0007443  0.0010417  0.0007496  0.0013904  0.0000656 -0.0007832  0.0014924  0.0020115  0.0010580  0.0006704  0.0014453 -0.0006768 -0.0001918 -0.0013440 -0.0021520 -0.0017194
C  0  1  46  0  1  6   0.0000598 -0.0012033  0.0000300  0.0002302 -0.0010189  0.0003793 -0.0020331 -0.0009273 -0.0008305 -0.0016242  0.0011623 -0.0004933  0.0001170 -0.0017942  0.0014600 -0.0003771
C  0  1  46  0  1  7   0.0013376  0.0007964  0.0011979 -0.0011647  0.0016499  0.0012205 -0.0007294  0.0006687  0.0014559 -0.0012194  0.0018343 -0.0012611 -0.0010362  0.0004677 -0.0000870 -0.0004059
C  0  1  46  0  1  8   0.0019558  0.0024703  0.0000704  0.0001799  0.0018671  0.0007281  0.0007828 -0.0002794  0.0010440  0.0000404 -0.0008415 -0.0017339 -0.0011367  0.0001537 -0.0003489  0.0019386
C  0  1  46  0  1  9  -0.0029830  0.0001468  0.0028414  0.0000522  0.0011948  0.0018783  0.0011259  0.0012049 -0.0003874 -0.0018281 -0.0027765  0.0020067 -0.0023679 -0.0000251 -0.0038304  0.0019951
C  0  1  46  0  1 10  -0.0008802 -0.0002819  0.0014453  0.0015301  0.0014304 -0.0004454  0.0003676  0.0006393 -0.0035091 -0.0017729 -0.0005914  0.0003536 -0.0010146 -0.0006147 -0.0006262  0.0027029
C  0  1  46  0  1 11  -0.0003751  0.0001644  0.0000142  0.0015916 -0.0007903  0.0007436 -0.0031506 -0.0013250 -0.0018291 -0.0007627 -0.0003339 -0.0014519  0.0002157 -0.0005160  0.0010015 -0.0009123
C  0  1  46  0  1 12   0.0003657  0.0007899  0.0023396 -0.0000892  0.0008546 -0.0009346  0.0009611 -0.0000689  0.0017598 -0.0015022  0.0013899  0.0016112 -0.0008469 -0.0010653  0.0013727  0.0003054
C  0  1  46  0  1 13   0.0040650 -0.0024373  0.0020063  0.0019976  0.0031247  0.0009401 -0.0007133 -0.0001924  0.0000241 -0.0021318  0.0010355 -0.0021431  0.0000616  0.0012672  0.0010476  0.0005955
C  0  1  46  0  1 14   0.0026232  0.0003897  0.0025640  0.0020106  0.0017423  0.0005389 -0.0009761  0.0008318 -0.0011009  0.0010422  0.0001939  0.0010667 -0.0001458 -0.0004029  0.0000817  0.0010837
C  0  1  46  0  1 15   0.0009892  0.0016843 -0.0021377  0.0001584 -0.0002760  0.0027466  0.0004774 -0.0015650  0.0009901 -0.0004155 -0.0001629  0.0004210 -0.0003791  0.0000863 -0.0002591  0.0025014
C  0  1  46  0  1 16   0.0015596  0.0030653  0.0021350 -0.0003600  0.0003331  0.0003055  0.0022980 -0.0012379  0.0023983 -0.0004092  0.0004278  0.0021525 -0.0012487  0.0006116  0.0023245  0.0010930
C  0  1  46  0  1 17   0.0001337 -0.0011122  0.0005155  0.0043348  0.0013465  0.0011995  0.0025522  0.0018644  0.0018882  0.0043677  0.0014201 -0.0016085  0.0021002 -0.0013275  0.0030784  0.0045501
C  0  1  46  0  1 18   0.0061054  0.0031769  0.0027795 -0.0034503 -0.0005064  0.0016463  0.0037811  0.0028513 -0.0002724  0.0003326  0.0033341  0.0014639 -0.0010378 -0.0001911  0.0041472  0.0048667
C  0  1  46  0  1 19   0.0027709 -0.0001675  0.0008433 -0.0011157 -0.0003296  0.0029572  0.0043730  0.0018223  0.0019752  0.0029760  0.0016969 -0.0019528  0.0039792  0.0018058  0.0034616  0.0042992
C  0  1  46  0  1 20   0.0063789  0.0041766  0.0060131  0.0046859  0.0006755  0.0032422  0.0035836  0.0048047  0.0028365  0.0047701 -0.0017278 -0.0030879  0.0006383  0.0045538  0.0058880  0.0073335
C  0  1  46  0  1 21   0.0128401  0.0146667  0.0047455  0.0032268 -0.0053348 -0.0025579 -0.0062384 -0.0039696 -0.0008898 -0.0027997 -0.0001364  0.0033133  0.0002228  0.0096434  0.0100894  0.0049253
C  0  1  46  1  0  0  -0.5333012 -0.3164459 -0.3684761 -0.3964527 -0.3133104 -0.4107886 -0.4137380 -0.3470209 -0.3829922 -0.3164482 -0.3371273 -0.4739238 -0.4623477 -0.4845543 -0.3491614 -0.4985524
C  0  1  46  1  0  1  -0.2616712 -0.3361242 -0.2489169 -0.2430242 -0.3168783 -0.2975034 -0.3290098 -0.2236772 -0.2829823 -0.1846599 -0.3286651 -0.2737354 -0.3496023 -0.4095936 -0.3183424 -0.3256659
C  0  1  46  1  0  2  -0.3313272 -0.3138941 -0.2942046 -0.3231878 -0.2652907 -0.2720299 -0.2890064 -0.3075972 -0.2491369 -0.2366843 -0.3226945 -0.2995048 -0.3320741 -0.3921069 -0.2615825 -0.2765876
C  0  1  46  1  0  3  -0.3544096 -0.3090718 -0.3262598 -0.3033951 -0.3120849 -0.2378203 -0.1619559 -0.1622386 -0.1625956 -0.2292418 -0.2261803 -0.2723335 -0.2434442 -0.2468340 -0.3289003 -0.2814354
C  0  1  46  1  0  4  -0.2447560 -0.2610036 -0.2674288 -0.2243552 -0.2042778 -0.2019967 -0.2255190 -0.2143876 -0.2219305 -0.1496067 -0.2147611 -0.2861441 -0.3062257 -0.2743034 -0.3290261 -0.2774802
C  0  1  46  1  0  5  -0.1804486 -0.1488125 -0.1732853 -0.1172839 -0.1558788 -0.1829423 -0.1757208 -0.1593726 -0.1474099 -0.1744566 -0.1171694 -0.1962580 -0.2125159 -0.1520308 -0.1547293 -0.1662872
C  0  1  46  1  0  6  -0.1443014 -0.1507726 -0.1757071 -0.2170031 -0.1378954 -0.1376594 -0.1023135 -0.1397483 -0.1524518 -0.1784819 -0.1074214 -0.1291131 -0.1282801 -0.1508462 -0.1640498 -0.1981929
C  0  1  46  1  0  7  -0.1291410 -0.1523395 -0.1422763 -0.1002093 -0.1658721 -0.1578587 -0.1895542 -0.1280710 -0.1595887 -0.1162375 -0.0917274 -0.1178039 -0.1499179 -0.1182537 -0.1611415 -0.1121938
C  0  1  46  1  0  8  -0.1350575 -0.0922083 -0.1294916 -0.1349835 -0.1293009 -0.1899831 -0.1543883 -0.1373927 -0.1434482 -0.0878175 -0.1319766 -0.1612620 -0.1309394 -0.1504426 -0.1673322 -0.1692909
C  0  1  46  1  0  9  -0.1258606 -0.1193831 -0.0731445 -0.1077945 -0.0679267 -0.1320244 -0.1179788 -0.1820702 -0.0749720 -0.0809930 -0.0706221 -0.1174999 -0.0774598 -0.1013552 -0.1221344 -0.1480766
C  0  1  46  1  0 10  -0.1587406 -0.1427034 -0.1555171 -0.1783797 -0.1641170 -0.1651188 -0.1542081 -0.1591687 -0.1292029 -0.1697869 -0.1740171 -0.1472591 -0.1134134 -0.1355519 -0.1596529 -0.1314508
C  0  1  46  1  0 11  -0.1818511 -0.1344193 -0.1680000 -0.1311848 -0.1047122 -0.1129230 -0.1344051 -0.1464079 -0.1729278 -0.1159258 -0.1476719 -0.1448844 -0.1279538 -0.1542820 -0.1116792 -0.1520748
C  0  1  46  1  0 12  -0.0985768 -0.0830147 -0.1340813 -0.1032389 -0.1279107 -0.0829360 -0.1363327 -0.1420323 -0.1370507 -0.1145359 -0.1167078 -0.0782854 -0.1008157 -0.1199535 -0.1030968 -0.1031669
C  0  1  46  1  0 13  -0.0842027 -0.1548724 -0.1578077 -0.1369363 -0.1256842 -0.1675990 -0.1441807 -0.1529432 -0.0968719 -0.1227810 -0.1489994 -0.1233298 -0.1270470 -0.1623277 -0.1780040 -0.1235036
C  0  1  46  1  0 14  -0.1059956 -0.1654601 -0.1343980 -0.1422034 -0.1700148 -0.1121228 -0.1538806 -0.1979240 -0.1938597 -0.1778089 -0.1670590 -0.1243990 -0.1669721 -0.0685774 -0.1651767 -0.1803724
C  0  1  46  1  0 15  -0.1448377 -0.1699912 -0.2107827 -0.1640900 -0.1411709 -0.1583966 -0.1639848 -0.1684640 -0.1813108 -0.1472253 -0.1075154 -0.1688311 -0.1108916 -0.0705411 -0.1102561 -0.1501446
C  0  1  46  1  0 16  -0.1466870 -0.1415535 -0.1560701 -0.1337613 -0.1531720 -0.1522763 -0.1429736 -0.2172639 -0.1839846 -0.1503215 -0.1169703 -0.1587522 -0.1091919 -0.1307323 -0.1370521 -0.1366083
C  0  1  46  1  0 17  -0.2767097 -0.2697748 -0.1873681 -0.3091712 -0.2148890 -0.2629436 -0.2495071 -0.2404375 -0.2031875 -0.2512270 -0.2255262 -0.1834821 -0.1634953 -0.2708549 -0.2185056 -0.2210725
C  0  1  46  1  0 18  -0.2687292 -0.3103556 -0.2587503 -0.3279881 -0.2448319 -0.2780999 -0.3018436 -0.2690090 -0.2673572 -0.2327216 -0.2658298 -0.2673917 -0.2797271 -0.2264437 -0.1983454 -0.2221423
C  0  1  46  1  0 19  -0.2635105 -0.2493091 -0.2821237 -0.2993614 -0.2641283 -0.2604441 -0.2369035 -0.1505959 -0.2558712 -0.3033535 -0.2131157 -0.2420837 -0.2431473 -0.2689197 -0.2966393 -0.1899514
C  0  1  46  1  0 20  -0.2483775 -0.3222360 -0.3350001 -0.2989731 -0.3110118 -0.2374314 -0.2453062 -0.2543578 -0.3244933 -0.2947693 -0.3107038 -0.3086133 -0.3471697 -0.2761381 -0.2349586 -0.3357788
C  0  1  46  1  0 21  -0.4522997 -0.3731932 -0.3877984 -0.2913425 -0.3489607 -0.3256812 -0.4288892 -0.3745673 -0.4103943 -0.3409131 -0.3441322 -0.3755325 -0.2801837 -0.3889520 -0.4154135 -0.3645799
C  0  1  46  1  1  0   0.0474694  0.0506807  0.0405077  0.0249698  0.0020355 -0.0210858 -0.0317691 -0.0408504 -0.0463262 -0.0373551 -0.0337527 -0.0165150  0.0022221  0.0059409  0.0247659  0.0389890
C  0  1  46  1  1  1   0.0274722  0.0225463  0.0185503  0.0116541  0.0009328 -0.0063669 -0.0146626 -0.0175066 -0.0170491 -0.0140620 -0.0136142 -0.0069012  0.0040412  0.0093694  0.0123514  0.0242261
C  0  1  46  1  1  2   0.0127267  0.0142908  0.0085777  0.0061473  0.0017412 -0.0024943 -0.0082490 -0.0074718 -0.0088269 -0.0062180 -0.0050205 -0.0026797 -0.0002421  0.0037037  0.0051155  0.0112173
C  0  1  46  1  1  3   0.0083195  0.0079666  0.0033084  0.0045614  0.0005758  0.0009323 -0.0027483 -0.0017358  0.0015206  0.0005783 -0.0014714 -0.0002172  0.0021252  0.0028490  0.0026639  0.0068198
C  0  1  46  1  1  4   0.0022641  0.0025112  0.0004241  0.0001431  0.0027576  0.0017213  0.0008674  0.0008482  0.0055605  0.0020091 -0.0000832  0.0006780  0.0024720  0.0010004  0.0039675  0.0035209
C  0  1  46  1  1  5   0.0023229  0.0004947  0.0001386  0.0028093  0.0027595  0.0033975  0.0032927  0.0046485  0.0051580  0.0036651 -0.0015104 -0.0001895  0.0018837  0.0023128  0.0019067 -0.0008816
C  0  1  46  1  1  6   0.0005677  0.0016072  0.0017308  0.0042516  0.0046967  0.0038404  0.0043569  0.0050719  0.0041886  0.0004247  0.0000790  0.0006014  0.0010434  0.0006398 -0.0001949  0.0003974
C  0  1  46  1  1  7  -0.0010568  0.0016462  0.0014795  0.0047628  0.0044354  0.0048488  0.0057173  0.0040204  0.0046969  0.0014459 -0.0004462  0.0007326  0.0016108  0.0016399  0.0017225 -0.0014988
C  0  1  46  1  1  8  -0.0005078  0.0016154  0.0025006  0.0017591  0.0055723  0.0035145  0.0053160  0.0055409  0.0060873  0.0021878  0.0011579 -0.0005399  0.0014893  0.0013337  0.0010463 -0.0007900
C  0  1  46  1  1  9   0.0008349  0.0027140  0.0017986  0.0029888  0.0024028  0.0030720  0.0038788  0.0045906  0.0021474 -0.0001500  0.0010501  0.0003822  0.0009826  0.0000684  0.0002972 -0.0016379
C  0  1  46  1  1 10  -0.0006760  0.0017849  0.0012930  0.0021183  0.0017682  0.0015137  0.0017788  0.0021570  0.0032220 -0.0001729 -0.0006291 -0.0003856 -0.0011931  0.0012097  0.0018512 -0.0007181
C  0  1  46  1  1 11  -0.0001113  0.0020224  0.0014674  0.0023118  0.0025957 -0.0010896  0.0006487  0.0025255  0.0033371  0.0018016 -0.0008933 -0.0001388 -0.0012694  0.0001398 -0.0001791 -0.0019527
C  0  1  46  1  1 12   0.0005815  0.0024895  0.0025552  0.0037792  0.0018731  0.0014296  0.0003605  0.0028600  0.0037126  0.0013926  0.0012298 -0.0002390  0.0001441 -0.0003891  0.0004663 -0.0014433
C  0  1  46  1  1 13  -0.0002222  0.0029239  0.0034092  0.0040822  0.0025797  0.0039681  0.0046543  0.0050150  0.0043986  0.0014113  0.0011962 -0.0000104 -0.0004491 -0.0022979  0.0005190 -0.0010459
C  0  1  46  1  1 14  -0.0007950  0.0011432  0.0026411  0.0035327  0.0033731  0.0025627  0.0035201  0.0056998  0.0045941  0.0027245  0.0019602 -0.0004866 -0.0015505 -0.0015764 -0.0017002 -0.0020808
C  0  1  46  1  1 15  -0.0025884  0.0004977  0.0031063  0.0042292  0.0024483 -0.0007929  0.0031523  0.0036127  0.0062905  0.0035657  0.0013552  0.0004795 -0.0032553 -0.0053313 -0.0054707 -0.0052318
C  0  1  46  1  1 16  -0.0008596  0.0015746  0.0036859  0.0048522  0.0028293  0.0010387  0.0028165  0.0026846  0.0034787  0.0067984  0.0027873  0.0029716 -0.0018525 -0.0012592 -0.0054962 -0.0047703
C  0  1  46  1  1 17  -0.0031763  0.0019156  0.0013025  0.0065680  0.0023521 -0.0003982  0.0011978  0.0030421  0.0037914  0.0050476  0.0050879  0.0023439 -0.0013817 -0.0035806 -0.0054086 -0.0047032
C  0  1  46  1  1 18   0.0004051  0.0086436  0.0063042  0.0076483  0.0053880  0.0006959 -0.0016390  0.0006225  0.0026338  0.0055874  0.0026432  0.0016866 -0.0013843 -0.0031858 -0.0068494 -0.0033718
C  0  1  46  1  1 19   0.0024719  0.0087986  0.0124446  0.0105124  0.0068667  0.0023907 -0.0027002  0.0005375  0.0039908  0.0050703  0.0028392 -0.0001959 -0.0019214 -0.0048936 -0.0049830 -0.0021382
C  0  1  46  1  1 20   0.0015015  0.0143121  0.0184086  0.0128764  0.0056529  0.0026364 -0.0021935 -0.0020856  0.0026220  0.0050659  0.0017680 -0.0030374 -0.0066277 -0.0087141 -0.0065941 -0.0045574
C  0  1  46  1  1 21   0.0070791  0.0222768  0.0291338  0.0225090  0.0171613  0.0163793  0.0092926  0.0107826  0.0121844  0.0133375  0.0019660 -0.0057720 -0.0064186 -0.0158781 -0.0073272  0.0013220
