CPHI 16 
CETA 22 -2.40 -2.10 -1.85 -1.60 -1.40 -1.20 -1.00 -0.80 -0.60 -0.40 -0.20  0.00  0.20  0.40  0.60  0.80  1.00  1.20  1.40  1.60  1.85  2.10  2.40 
RMIN  6 
RTRK 12 
RETA 11  0.00  0.20  0.40  0.60  0.80  1.00  1.20  1.40  1.60  1.85  2.10  2.40 
T 0 1  47  0  0  0    0.0000000   0.0006126   0.0017087   0.0032665   0.0123623   0.0692474   0.2787866   0.6543550   1.0000000   1.0000000   1.0000000   1.0000000   1.0000000
T 0 1  47  0  0  1    0.0000000   0.0001305   0.0005536   0.0024586   0.0123355   0.0589908   0.2263001   0.5888796   1.0000000   1.0000000   1.0000000   1.0000000   1.0000000
T 0 1  47  0  0  2    0.0000000   0.0001263   0.0005330   0.0017436   0.0107925   0.0556081   0.2090560   0.5739411   1.0000000   1.0000000   1.0000000   1.0000000   1.0000000
T 0 1  47  0  0  3    0.0000000   0.0001902   0.0005686   0.0016959   0.0117136   0.0632335   0.2272885   0.5876513   1.0000000   1.0000000   1.0000000   1.0000000   1.0000000
T 0 1  47  0  0  4    0.0000000   0.0003910   0.0025959   0.0142508   0.0631731   0.2042535   0.4894168   0.8227090   1.0000000   1.0000000   1.0000000   1.0000000   1.0000000
T 0 1  47  0  0  5    0.0000000   0.0009642   0.0072961   0.0508650   0.2050034   0.5320277   0.8757354   0.9994179   1.0000000   1.0000000   1.0000000   1.0000000   1.0000000
T 0 1  47  0  0  6    0.0000000   0.0003153   0.0012563   0.0105086   0.0677350   0.2764268   0.6629170   0.9310875   0.9981764   0.9999994   1.0000000   1.0000000   1.0000000
T 0 1  47  0  0  7    0.0000000   0.0000396   0.0003839   0.0009226   0.0047754   0.0307958   0.1180229   0.2960960   0.5799576   0.8686015   0.9840776   0.9998621   1.0000000
T 0 1  47  0  0  8    0.0000000   0.0000015   0.0000324   0.0001125   0.0004021   0.0010294   0.0041921   0.0252677   0.1198673   0.3942919   0.7894997   0.9691061   1.0000000
T 0 1  47  0  0  9    0.0000000   0.0000058   0.0000085   0.0000397   0.0005565   0.0034579   0.0180752   0.0864126   0.3023757   0.6584491   0.9390108   0.9999106   1.0000000
T 0 1  47  0  0 10    0.0000000   0.0067525   0.0288905   0.0460914   0.0792137   0.1688066   0.3382088   0.6895482   0.9103874   0.9702550   0.9998436   1.0000000   1.0000000
T 0 1  47  1  0  0    0.0000000   0.0005148   0.0016399   0.0047460   0.0213440   0.1017716   0.3374237   0.6994022   1.0000000   1.0000000   1.0000000   1.0000000   1.0000000
T 0 1  47  1  0  1    0.0000000   0.0002633   0.0010891   0.0042307   0.0181163   0.0752157   0.2537985   0.6193956   1.0000000   1.0000000   1.0000000   1.0000000   1.0000000
T 0 1  47  1  0  2    0.0000000   0.0002194   0.0008486   0.0027728   0.0124455   0.0616642   0.2339277   0.6064318   1.0000000   1.0000000   1.0000000   1.0000000   1.0000000
T 0 1  47  1  0  3    0.0000000   0.0002283   0.0008669   0.0027852   0.0140251   0.0700545   0.2491207   0.6198491   1.0000000   1.0000000   1.0000000   1.0000000   1.0000000
T 0 1  47  1  0  4    0.0000000   0.0004356   0.0027620   0.0153929   0.0663357   0.2155446   0.5058694   0.8320271   1.0000000   1.0000000   1.0000000   1.0000000   1.0000000
T 0 1  47  1  0  5    0.0000000   0.0011873   0.0094478   0.0577925   0.2246261   0.5586818   0.8900123   0.9996500   1.0000000   1.0000000   1.0000000   1.0000000   1.0000000
T 0 1  47  1  0  6    0.0000000   0.0004626   0.0026649   0.0180020   0.0942133   0.3329130   0.7236541   0.9536823   0.9988141   0.9999984   1.0000000   1.0000000   1.0000000
T 0 1  47  1  0  7    0.0000000   0.0002246   0.0006446   0.0024765   0.0123245   0.0526267   0.1570011   0.3413836   0.6074237   0.8728054   0.9849908   0.9998878   1.0000000
T 0 1  47  1  0  8    0.0000000   0.0009562   0.0014955   0.0017998   0.0022382   0.0036136   0.0107994   0.0452511   0.1686405   0.4573475   0.8251665   0.9710661   1.0000000
T 0 1  47  1  0  9    0.0000000   0.0021003   0.0074838   0.0131257   0.0159362   0.0198461   0.0401951   0.1288935   0.3661962   0.7154288   0.9583841   0.9999941   1.0000000
T 0 1  47  1  0 10    0.0000000   0.0032254   0.0170235   0.0428863   0.0843736   0.1746921   0.3942474   0.7474223   0.9511020   0.9856143   0.9999985   1.0000000   1.0000000
R 0 1  47  0  0  0    0.0222358   0.0222358   0.0122813   0.0101868   0.0103661   0.0101534   0.0099997   0.0098349   0.0098349   0.0098349   0.0098349   0.0098349
R 0 1  47  0  0  1    0.0119011   0.0119011   0.0119011   0.0119011   0.0109032   0.0109452   0.0109274   0.0108363   0.0108363   0.0108363   0.0108363   0.0108363
R 0 1  47  0  0  2    0.0124821   0.0124821   0.0124821   0.0124821   0.0119763   0.0119960   0.0118268   0.0116973   0.0116973   0.0116973   0.0116973   0.0116973
R 0 1  47  0  0  3    0.0133513   0.0133513   0.0133513   0.0133513   0.0127663   0.0125884   0.0123647   0.0122321   0.0122321   0.0122321   0.0122321   0.0122321
R 0 1  47  0  0  4    0.0189011   0.0189011   0.0189011   0.0173793   0.0168734   0.0158859   0.0145142   0.0130814   0.0130814   0.0130814   0.0130814   0.0130814
R 0 1  47  0  0  5    0.0205207   0.0205207   0.0196169   0.0191604   0.0187334   0.0180133   0.0169392   0.0169392   0.0169392   0.0169392   0.0169392   0.0169392
R 0 1  47  0  0  6    0.0204920   0.0204920   0.0204920   0.0203083   0.0207156   0.0206776   0.0208184   0.0206254   0.0206254   0.0206254   0.0206254   0.0206254
R 0 1  47  0  0  7    0.0214846   0.0214846   0.0214846   0.0214846   0.0208907   0.0211874   0.0211987   0.0209555   0.0205482   0.0197166   0.0197166   0.0197166
R 0 1  47  0  0  8    0.0213144   0.0213144   0.0213144   0.0213144   0.0213144   0.0213144   0.0213144   0.0209811   0.0210167   0.0209490   0.0202486   0.0191887
R 0 1  47  0  0  9    0.0308215   0.0308215   0.0308215   0.0308215   0.0308215   0.0308215   0.0299076   0.0286814   0.0275042   0.0264623   0.0251349   0.0251349
R 0 1  47  0  0 10    0.0771481   0.0720120   0.0607597   0.0542753   0.0471618   0.0440468   0.0408968   0.0355272   0.0334537   0.0306915   0.0306915   0.0306915
R 0 1  47  0  1  0    0.0000000   0.0000000   0.0000000   0.0000405   0.0000811   0.0000830   0.0000732   0.0000643   0.0000643   0.0000643   0.0000643   0.0000643
R 0 1  47  0  1  1    0.0000736   0.0000736   0.0000736   0.0000736   0.0000596   0.0000749   0.0000598   0.0000555   0.0000555   0.0000555   0.0000555   0.0000555
R 0 1  47  0  1  2    0.0000605   0.0000605   0.0000605   0.0000605   0.0000669   0.0000657   0.0000588   0.0000545   0.0000545   0.0000545   0.0000545   0.0000545
R 0 1  47  0  1  3    0.0000736   0.0000736   0.0000736   0.0000736   0.0000682   0.0000608   0.0000545   0.0000499   0.0000499   0.0000499   0.0000499   0.0000499
R 0 1  47  0  1  4    0.0001370   0.0001370   0.0001370   0.0000900   0.0000886   0.0000759   0.0000540   0.0000422   0.0000422   0.0000422   0.0000422   0.0000422
R 0 1  47  0  1  5    0.0001175   0.0001175   0.0001036   0.0000726   0.0000722   0.0000595   0.0000378   0.0000378   0.0000378   0.0000378   0.0000378   0.0000378
R 0 1  47  0  1  6    0.0000881   0.0000881   0.0000881   0.0000519   0.0000599   0.0000575   0.0000525   0.0000168   0.0000168   0.0000168   0.0000168   0.0000168
R 0 1  47  0  1  7    0.0000785   0.0000785   0.0000785   0.0000785   0.0000674   0.0000843   0.0000750   0.0000751   0.0000702   0.0000560   0.0000560   0.0000560
R 0 1  47  0  1  8    0.0001291   0.0001291   0.0001291   0.0001291   0.0001291   0.0001291   0.0001291   0.0001117   0.0001050   0.0000977   0.0000768   0.0000858
R 0 1  47  0  1  9    0.0002295   0.0002295   0.0002295   0.0002295   0.0002295   0.0002295   0.0002059   0.0001916   0.0001867   0.0001504   0.0001395   0.0001395
R 0 1  47  0  1 10    0.0013166   0.0012011   0.0008307   0.0008189   0.0005676   0.0004843   0.0004008   0.0002618   0.0001958   0.0001910   0.0001910   0.0001910
R 0 1  47  0  2  0    0.0000000   0.0000000   0.0000000   0.0000000   0.0000000   0.0000097   0.0000147   0.0000098   0.0000098   0.0000098   0.0000098   0.0000098
R 0 1  47  0  2  1    0.0000000   0.0000000   0.0000000   0.0000000   0.0000000   0.0000222   0.0000088   0.0000213   0.0000213   0.0000213   0.0000213   0.0000213
R 0 1  47  0  2  2    0.0000000   0.0000000   0.0000000   0.0000000   0.0000931   0.0000107   0.0000111   0.0000066   0.0000066   0.0000066   0.0000066   0.0000066
R 0 1  47  0  2  3    0.0000000   0.0000000   0.0000000   0.0000000   0.0000000   0.0000087   0.0000175   0.0000086   0.0000086   0.0000086   0.0000086   0.0000086
R 0 1  47  0  2  4    0.0000000   0.0000000   0.0000000   0.0000000   0.0000000   0.0000229   0.0000000   0.0000099   0.0000099   0.0000099   0.0000099   0.0000099
R 0 1  47  0  2  5    0.0000000   0.0000000   0.0000000   0.0000000   0.0000197   0.0000146   0.0000000   0.0000000   0.0000000   0.0000000   0.0000000   0.0000000
R 0 1  47  0  2  6    0.0000000   0.0000000   0.0000000   0.0000000   0.0000000   0.0000087   0.0000000   0.0000000   0.0000000   0.0000000   0.0000000   0.0000000
R 0 1  47  0  2  7    0.0000000   0.0000000   0.0000000   0.0000000   0.0000000   0.0000000   0.0000000   0.0000000   0.0000000   0.0000230   0.0000230   0.0000230
R 0 1  47  0  2  8    0.0000000   0.0000000   0.0000000   0.0000000   0.0000000   0.0000000   0.0000000   0.0000000   0.0000000   0.0000000   0.0000000   0.0000000
R 0 1  47  0  2  9    0.0000000   0.0000000   0.0000000   0.0000000   0.0000000   0.0000000   0.0000000   0.0000568   0.0000286   0.0000288   0.0000000   0.0000000
R 0 1  47  0  2 10    0.0000000   0.0000000   0.0000000   0.0000000   0.0000000   0.0000000   0.0001090   0.0000307   0.0000000   0.0000000   0.0000000   0.0000000
R 0 1  47  0  3  0    1.2043342   1.2043342   1.0307951   1.0401158   0.9994440   0.9758966   0.9804046   0.9830423   0.9830423   0.9830423   0.9830423   0.9830423
R 0 1  47  0  3  1    1.0106081   1.0106081   1.0106081   1.0106081   0.9967284   0.9803230   0.9796189   0.9784183   0.9784183   0.9784183   0.9784183   0.9784183
R 0 1  47  0  3  2    1.0080855   1.0080855   1.0080855   1.0080855   0.9972705   0.9824733   0.9806840   0.9805328   0.9805328   0.9805328   0.9805328   0.9805328
R 0 1  47  0  3  3    0.9795419   0.9795419   0.9795419   0.9795419   0.9988360   0.9861965   0.9806882   0.9805098   0.9805098   0.9805098   0.9805098   0.9805098
R 0 1  47  0  3  4    1.0166320   1.0166320   1.0166320   0.9922023   0.9745649   0.9745220   0.9801895   0.9892143   0.9892143   0.9892143   0.9892143   0.9892143
R 0 1  47  0  3  5    1.0083932   1.0083932   0.9916440   0.9820481   0.9751896   0.9714301   0.9746414   0.9746414   0.9746414   0.9746414   0.9746414   0.9746414
R 0 1  47  0  3  6    1.0334377   1.0334377   1.0334377   1.0044240   0.9885039   0.9851763   0.9841948   0.9857636   0.9857636   0.9857636   0.9857636   0.9857636
R 0 1  47  0  3  7    1.0549293   1.0549293   1.0549293   1.0549293   1.0206905   0.9970666   0.9856924   0.9867727   0.9852323   0.9838093   0.9838093   0.9838093
R 0 1  47  0  3  8    1.0179523   1.0179523   1.0179523   1.0179523   1.0179523   1.0179523   1.0179523   0.9916984   0.9835183   0.9833539   0.9867443   1.0014849
R 0 1  47  0  3  9    1.0207307   1.0207307   1.0207307   1.0207307   1.0207307   1.0207307   0.9949311   0.9790004   0.9756682   0.9839567   1.0008312   1.0008312
R 0 1  47  0  3 10    1.0539690   1.0428810   1.0450748   0.9860101   0.9785762   0.9717670   0.9682523   0.9722043   1.0049311   0.9938176   0.9938176   0.9938176
R 0 1  47  0  4  0    1.4057469   1.4057469   1.2615449   2.2492086   2.2498896   2.1374215   2.2444003   2.2501654   2.2501654   2.2501654   2.2501654   2.2501654
R 0 1  47  0  4  1    1.9653801   1.9653801   1.9653801   1.9653801   2.1154512   2.1749706   2.1960851   2.2017370   2.2017370   2.2017370   2.2017370   2.2017370
R 0 1  47  0  4  2    1.9473960   1.9473960   1.9473960   1.9473960   2.2167537   2.1918158   2.2102843   2.2270158   2.2270158   2.2270158   2.2270158   2.2270158
R 0 1  47  0  4  3    1.5861325   1.5861325   1.5861325   1.5861325   2.2990889   2.2791838   2.2107953   2.2128031   2.2128031   2.2128031   2.2128031   2.2128031
R 0 1  47  0  4  4    1.8843289   1.8843289   1.8843289   1.9998905   2.0394988   2.1099710   2.2182871   2.3274568   2.3274568   2.3274568   2.3274568   2.3274568
R 0 1  47  0  4  5    1.7510117   1.7510117   2.0943622   2.1173558   2.0921454   2.0715651   1.9899791   1.9899791   1.9899791   1.9899791   1.9899791   1.9899791
R 0 1  47  0  4  6    2.1474558   2.1474558   2.1474558   2.2192025   2.2991011   2.3387502   2.3444102   2.2912902   2.2912902   2.2912902   2.2912902   2.2912902
R 0 1  47  0  4  7    1.7485771   1.7485771   1.7485771   1.7485771   2.1601699   2.3803277   2.3137736   2.3605167   2.3698565   2.3052711   2.3052711   2.3052711
R 0 1  47  0  4  8    2.1776132   2.1776132   2.1776132   2.1776132   2.1776132   2.1776132   2.1776132   2.2049080   2.2391083   2.2537577   2.3130273   2.2511231
R 0 1  47  0  4  9    2.0341206   2.0341206   2.0341206   2.0341206   2.0341206   2.0341206   2.0765263   2.0963465   2.0930936   2.1610878   2.2515851   2.2515851
R 0 1  47  0  4 10    2.0671850   2.3094530   2.0492967   1.9229554   2.0014463   1.9802935   1.9752581   1.9579649   2.0822410   1.9506931   1.9506931   1.9506931
R 0 1  47  0  5  0   16.8757203  16.8757203  17.7898754   2.4373857   3.7943852   5.2414529   4.1365593   4.0764675   4.0764675   4.0764675   4.0764675   4.0764675
R 0 1  47  0  5  1    3.9453802   3.9453802   3.9453802   3.9453802   4.1239441   4.5329376   4.3273825   4.4009438   4.4009438   4.4009438   4.4009438   4.4009438
R 0 1  47  0  5  2    3.7982061   3.7982061   3.7982061   3.7982061   4.0887890   4.4156787   4.3096713   4.2006183   4.2006183   4.2006183   4.2006183   4.2006183
R 0 1  47  0  5  3    6.8626182   6.8626182   6.8626182   6.8626182   3.6097184   3.9238725   4.4623651   4.3323417   4.3323417   4.3323417   4.3323417   4.3323417
R 0 1  47  0  5  4    5.0053729   5.0053729   5.0053729   5.1917738   5.4129660   4.7074618   3.8236271   3.3819371   3.3819371   3.3819371   3.3819371   3.3819371
R 0 1  47  0  5  5    4.4236994   4.4236994   4.6396853   5.0921166   5.4200357   4.7839744   4.3577209   4.3577209   4.3577209   4.3577209   4.3577209   4.3577209
R 0 1  47  0  5  6    2.6030772   2.6030772   2.6030772   3.8689282   3.6019222   3.0222502   2.4053902   1.9487507   1.9487507   1.9487507   1.9487507   1.9487507
R 0 1  47  0  5  7    4.8872753   4.8872753   4.8872753   4.8872753   4.6302440   2.9231043   3.0868319   2.8078717   2.6082418   2.2357073   2.2357073   2.2357073
R 0 1  47  0  5  8    4.0190513   4.0190513   4.0190513   4.0190513   4.0190513   4.0190513   4.0190513   4.5152381   4.5445876   4.5605913   3.5178318   4.7643057
R 0 1  47  0  5  9    5.1221930   5.1221930   5.1221930   5.1221930   5.1221930   5.1221930   6.5792868   5.4984201   5.9675370   5.9219281   4.8285049   4.8285049
R 0 1  47  0  5 10    5.5352969   3.8280674   4.0045502   5.4868002   4.9873038   6.2487050   7.6521917   8.4489676   6.4124673   6.9966362   6.9966362   6.9966362
F  0  1  47  0  0  0    1.0127460   1.0046938   0.9999577   1.0030572   0.9840275   0.9966058   0.9881647   0.9963675   0.9827936   0.9780987   0.9848877
F  0  1  47  1  0  0    1.0848151   1.0884621   1.0531919   1.0697002   1.0645590   1.0763987   1.0652714   1.0583885   1.0417174   1.0561482   1.0851498
C  0  1  47  0  0  0  -0.4284716 -0.1316837 -0.2639664 -0.2936415 -0.3085723 -0.1474121 -0.0904390 -0.0500707 -0.1125122 -0.3082208 -0.3032213 -0.1500966 -0.1527457 -0.2414696 -0.3299011 -0.0865644
C  0  1  47  0  0  1  -0.0790070 -0.3161956 -0.2120977 -0.0522858 -0.2172966 -0.0605740 -0.1852808 -0.1428445  0.0768027 -0.0623555 -0.0017296 -0.1353553 -0.1391928 -0.1004644 -0.2512736 -0.0265260
C  0  1  47  0  0  2  -0.1128353 -0.1145857 -0.1338087 -0.1483069 -0.0190160 -0.0701894 -0.0291065 -0.1553085 -0.0513663 -0.0088111 -0.0085658 -0.0982811 -0.1506525 -0.1454597  0.0452429  0.0120753
C  0  1  47  0  0  3  -0.0174651 -0.1012287 -0.0276625 -0.0919751 -0.0047532 -0.0358531 -0.0265867  0.0185775 -0.0273288  0.0350728 -0.0730748 -0.0883422 -0.1820765 -0.0799089 -0.0960804 -0.0268039
C  0  1  47  0  0  4  -0.0522797 -0.0837586  0.0124197 -0.1675146 -0.0391128 -0.1227887 -0.0624779  0.0161701 -0.0488149  0.0100622 -0.1377200 -0.1267450 -0.1886712 -0.1185824  0.0166818 -0.0556702
C  0  1  47  0  0  5  -0.0258318 -0.0698210 -0.1038232  0.0715077  0.0128200 -0.0165598 -0.0217343  0.0917145  0.0704740 -0.0096086 -0.0223557 -0.0118887 -0.0653883  0.0256050  0.1027799 -0.0796462
C  0  1  47  0  0  6   0.0011094  0.1141951 -0.0359853 -0.0202981 -0.0115813  0.0528905 -0.0243125 -0.1058447  0.0232676 -0.0696522  0.0736398 -0.0277629 -0.1292634  0.0145983 -0.0538793  0.0939978
C  0  1  47  0  0  7  -0.0814975 -0.0274221  0.0517700 -0.0200604  0.0359452  0.0566696  0.0273149 -0.0520472 -0.0327713  0.0354825  0.1138823 -0.0616507  0.0109356 -0.0282535 -0.0248176 -0.0158563
C  0  1  47  0  0  8  -0.0886149  0.0085879  0.0807196  0.0255648  0.0093005  0.0519075 -0.0128597  0.0368451 -0.0465084  0.0202497 -0.0250381  0.0158106 -0.0349898  0.1110312 -0.0049251 -0.0487312
C  0  1  47  0  0  9  -0.0703717  0.1414433 -0.0441331  0.0791923  0.0114074  0.0321357 -0.0100601 -0.0112241 -0.0106586  0.0612140  0.0981026  0.0346818 -0.0141525 -0.0066411 -0.0473153  0.0778324
C  0  1  47  0  0 10   0.0125295  0.0368819  0.0948562  0.0690871  0.0401330  0.0139649 -0.0430378 -0.0562944 -0.0061434  0.0095621 -0.0155270  0.0803000 -0.0752466  0.0324925  0.0430312  0.0117257
C  0  1  47  0  0 11  -0.0045174  0.0325321 -0.0511258  0.1097535  0.0502203  0.0666988  0.0254978  0.1504377 -0.0070237  0.0830659  0.0129242 -0.0494480 -0.0168670  0.0122070 -0.0403444 -0.0169245
C  0  1  47  0  0 12   0.0509575 -0.0157339  0.0056172  0.0235386 -0.0402350  0.0442422 -0.0179135  0.0184733 -0.0089346  0.0870417 -0.0435519  0.0343450  0.0065005  0.0319423 -0.0177279 -0.0743312
C  0  1  47  0  0 13  -0.0635825 -0.0135826  0.0870612 -0.0526437  0.0444305 -0.1006781 -0.0036017 -0.0270780  0.0663158 -0.0014377 -0.0464591  0.0135752 -0.0126888  0.0439127 -0.0261618  0.0208630
C  0  1  47  0  0 14  -0.0410121  0.0437515  0.0316627 -0.0146410 -0.0246752 -0.0566927  0.0238364  0.0362603 -0.0632802 -0.0162980  0.1323308 -0.1164748  0.0180792  0.0690133 -0.0462427 -0.0716847
C  0  1  47  0  0 15  -0.1002791 -0.0520565  0.0033686  0.0032202  0.0253414 -0.1179742 -0.0157340 -0.0153454 -0.0599904  0.0089071  0.0548182 -0.0964038 -0.0127762  0.1274458 -0.1570949 -0.0692055
C  0  1  47  0  0 16   0.1102677 -0.0056689 -0.1333003 -0.0544342  0.0061332 -0.0826642  0.0685396 -0.0327158 -0.0335496  0.1555078  0.0279616 -0.0967161  0.0409858  0.0220776 -0.0846624 -0.0662457
C  0  1  47  0  0 17  -0.0792953 -0.1317524 -0.1323727 -0.1019293 -0.1680554 -0.1060380 -0.0506882 -0.0731697 -0.1091695 -0.0116993 -0.0717328  0.0673103 -0.0073282 -0.1635176  0.0657093  0.0339797
C  0  1  47  0  0 18  -0.1990483 -0.0274412  0.0772706 -0.1622960 -0.1402919 -0.0540248  0.0055642  0.0372484  0.0271731 -0.0376825  0.0467184 -0.1360238 -0.0674236  0.0243948 -0.1855786 -0.0494606
C  0  1  47  0  0 19   0.0673103 -0.0601303 -0.2571440 -0.0901819 -0.0477080 -0.0223773 -0.1266566 -0.0315466 -0.0678191  0.0300472 -0.0592297 -0.0931279 -0.1026618  0.0144251  0.0256660 -0.0754045
C  0  1  47  0  0 20  -0.1048823 -0.1150476  0.0030601 -0.0822425 -0.2628250 -0.1422759 -0.2443785 -0.1098396 -0.1192636 -0.2165599 -0.2025820 -0.0541862  0.0899492 -0.1884123 -0.1024305 -0.2946801
C  0  1  47  0  0 21  -0.3357595 -0.1380242 -0.3357802 -0.2002532 -0.3027017 -0.1203182 -0.2758928 -0.0624166 -0.1774430 -0.2335540 -0.2657292 -0.2510237 -0.2745998 -0.4139538 -0.1472050 -0.4272705
C  0  1  47  0  1  0  -0.0013918 -0.0002528 -0.0033600 -0.0007786 -0.0039405  0.0040618  0.0029485  0.0006571 -0.0007249 -0.0009268 -0.0064610  0.0025392  0.0081171  0.0081603  0.0077586  0.0051758
C  0  1  47  0  1  1  -0.0001621  0.0060919 -0.0012552 -0.0019616  0.0018906 -0.0039407  0.0039535  0.0004421  0.0020127 -0.0021368  0.0012413 -0.0015548 -0.0002065  0.0052494  0.0022302  0.0022291
C  0  1  47  0  1  2   0.0019159  0.0005655 -0.0011694 -0.0002699 -0.0010752 -0.0013739 -0.0013776  0.0010326  0.0002731  0.0008250 -0.0022066 -0.0019041  0.0026660 -0.0032469  0.0003244  0.0011385
C  0  1  47  0  1  3   0.0043984 -0.0006678 -0.0001032 -0.0019188  0.0000569  0.0024288  0.0002828  0.0004202 -0.0021795 -0.0013561 -0.0031178 -0.0020489  0.0002014 -0.0026358 -0.0003436  0.0007285
C  0  1  47  0  1  4   0.0020850 -0.0004343  0.0005991  0.0025795  0.0010364  0.0006644  0.0025725 -0.0002302 -0.0003861  0.0013220  0.0005018 -0.0012747  0.0012668  0.0003087 -0.0006494 -0.0002443
C  0  1  47  0  1  5   0.0019524  0.0006721 -0.0007452  0.0011746  0.0016184  0.0002007 -0.0003494  0.0002281 -0.0008265  0.0018699  0.0009752 -0.0011185  0.0023910 -0.0019866  0.0006605 -0.0006617
C  0  1  47  0  1  6   0.0035612 -0.0011208 -0.0014293  0.0006842  0.0015931 -0.0018723 -0.0021172 -0.0007952  0.0014198 -0.0004462 -0.0003474  0.0006419 -0.0000173 -0.0017220  0.0002529 -0.0007881
C  0  1  47  0  1  7   0.0017147  0.0007555  0.0009883 -0.0009014  0.0031627 -0.0007353 -0.0019505 -0.0014101  0.0004109 -0.0005270  0.0014545 -0.0026515  0.0000488 -0.0009950  0.0006028 -0.0002310
C  0  1  47  0  1  8   0.0010101  0.0010827  0.0010792 -0.0001718  0.0013105  0.0016899  0.0013035  0.0015077  0.0016739 -0.0002938  0.0001391 -0.0024208  0.0003663  0.0008792  0.0000162  0.0008459
C  0  1  47  0  1  9  -0.0019558  0.0001010  0.0032018  0.0009515  0.0008810  0.0005263  0.0001723  0.0010741  0.0002863 -0.0020366 -0.0041715 -0.0018048 -0.0013276 -0.0003253 -0.0027288 -0.0001716
C  0  1  47  0  1 10  -0.0000189  0.0000666  0.0014316  0.0020674  0.0014922  0.0006717 -0.0009919  0.0001244 -0.0027529 -0.0006619  0.0008941 -0.0007410 -0.0003272 -0.0004806  0.0016019  0.0004885
C  0  1  47  0  1 11  -0.0007516  0.0012463  0.0013043  0.0013397 -0.0007396  0.0000951 -0.0017693 -0.0025275 -0.0019491 -0.0005826  0.0000555 -0.0018665  0.0003878 -0.0017597 -0.0008841 -0.0011858
C  0  1  47  0  1 12  -0.0013721  0.0000600  0.0010397 -0.0006227 -0.0000744 -0.0023030  0.0020111 -0.0013432 -0.0008432 -0.0008881 -0.0013186  0.0034572 -0.0008332 -0.0008169  0.0001636 -0.0001074
C  0  1  47  0  1 13   0.0017712  0.0000392  0.0009602  0.0011574  0.0020468 -0.0012366 -0.0007874  0.0006401 -0.0008164 -0.0024695 -0.0006515 -0.0012567 -0.0000878  0.0019007 -0.0009595  0.0005370
C  0  1  47  0  1 14   0.0009486 -0.0015605  0.0013520  0.0014131  0.0017654  0.0013107 -0.0004781  0.0022668 -0.0008625  0.0020013 -0.0015281 -0.0017097 -0.0005172  0.0007121 -0.0013131  0.0026356
C  0  1  47  0  1 15   0.0000066 -0.0006810 -0.0008391 -0.0004474  0.0008185  0.0009240  0.0003540  0.0002395 -0.0000393 -0.0011048  0.0010448  0.0014663  0.0001417  0.0008625  0.0004233  0.0008839
C  0  1  47  0  1 16   0.0020507  0.0022473  0.0025312  0.0010458  0.0005889  0.0017156  0.0030485 -0.0005671  0.0000752 -0.0003698  0.0005984 -0.0009222 -0.0007663 -0.0000985  0.0005481  0.0025160
C  0  1  47  0  1 17  -0.0006485 -0.0024251  0.0024230  0.0029110 -0.0003606  0.0023109  0.0023285  0.0007202  0.0011355  0.0025607  0.0026827 -0.0019659  0.0003328 -0.0011727  0.0023848  0.0039610
C  0  1  47  0  1 18   0.0054361  0.0051273  0.0019110  0.0011237 -0.0003702  0.0023662  0.0055697  0.0006342 -0.0002595  0.0012262  0.0026535  0.0019329 -0.0014635 -0.0008020  0.0070299  0.0052498
C  0  1  47  0  1 19   0.0022163  0.0029587  0.0008997  0.0014093 -0.0013659  0.0003863  0.0036344  0.0004635  0.0031827  0.0046728 -0.0011176  0.0035640  0.0007538  0.0002007  0.0021065  0.0018144
C  0  1  47  0  1 20   0.0063449  0.0037528  0.0032332  0.0048134  0.0000401  0.0017258 -0.0010221  0.0042085  0.0024051  0.0036076  0.0001866 -0.0007312  0.0007764  0.0004855  0.0049363  0.0042329
C  0  1  47  0  1 21   0.0126776  0.0136577  0.0035057  0.0051141 -0.0029238 -0.0057741 -0.0084516 -0.0004144 -0.0023477 -0.0067006  0.0011791  0.0070770  0.0049175  0.0056446  0.0130493  0.0003396
C  0  1  47  1  0  0  -0.4301957 -0.2946026 -0.3516559 -0.3958896 -0.2242805 -0.4662080 -0.3845040 -0.3503342 -0.3905431 -0.3222253 -0.3507632 -0.5225759 -0.4177505 -0.3751008 -0.3888957 -0.4337991
C  0  1  47  1  0  1  -0.3067769 -0.2946054 -0.2943480 -0.2560987 -0.3024830 -0.2673684 -0.3266473 -0.2693674 -0.3061578 -0.2362768 -0.2815031 -0.2977319 -0.3904504 -0.3944410 -0.3921351 -0.3606789
C  0  1  47  1  0  2  -0.2975666 -0.3174423 -0.2066624 -0.2959587 -0.2722545 -0.2288155 -0.2493823 -0.1950314 -0.2329538 -0.2508365 -0.3150387 -0.3113978 -0.3517397 -0.3917507 -0.2639449 -0.3486112
C  0  1  47  1  0  3  -0.2744491 -0.2610909 -0.3246592 -0.2105552 -0.2432135 -0.1758721 -0.2200917 -0.1865211 -0.1890007 -0.2064124 -0.2119037 -0.2695422 -0.2609893 -0.2372614 -0.2852998 -0.2702651
C  0  1  47  1  0  4  -0.2768365 -0.2406921 -0.2072472 -0.2558706 -0.2439698 -0.1916216 -0.2253391 -0.1858503 -0.2086090 -0.1677328 -0.2233584 -0.2990679 -0.2944416 -0.2420799 -0.3147203 -0.2677110
C  0  1  47  1  0  5  -0.1968880 -0.1553113 -0.1922910 -0.1931765 -0.1787254 -0.1571604 -0.2250868 -0.1526541 -0.1715739 -0.1872069 -0.1914303 -0.1882544 -0.1974185 -0.1308383 -0.1982050 -0.1974092
C  0  1  47  1  0  6  -0.1239602 -0.1474121 -0.2122665 -0.1732237 -0.1601828 -0.1742092 -0.1758479 -0.1794263 -0.2050711 -0.1538383 -0.1155454 -0.1071728 -0.1255195 -0.1505904 -0.1699790 -0.1996443
C  0  1  47  1  0  7  -0.1590870 -0.1264426 -0.1406136 -0.0975720 -0.1877909 -0.1634101 -0.2100116 -0.1250024 -0.1483072 -0.1406473 -0.0881282 -0.1788970 -0.1797026 -0.1461539 -0.1594239 -0.1696401
C  0  1  47  1  0  8  -0.1736080 -0.0600566 -0.1359648 -0.1445644 -0.1508788 -0.1526988 -0.1768895 -0.1553101 -0.1389566 -0.1138892 -0.1258649 -0.1495439 -0.0793120 -0.1570590 -0.1224795 -0.0964502
C  0  1  47  1  0  9  -0.1160648 -0.1381161 -0.1249113 -0.1113168 -0.1108103 -0.1290805 -0.1564544 -0.1836112 -0.1145538 -0.1315380 -0.0569313 -0.1293581 -0.1198278 -0.0924919 -0.1288309 -0.1338245
C  0  1  47  1  0 10  -0.1179461 -0.0950004 -0.1055802 -0.1583101 -0.1400321 -0.1474133 -0.1028901 -0.1114645 -0.1002232 -0.1333019 -0.1607531 -0.1331114 -0.1341068 -0.1256904 -0.0589409 -0.1130857
C  0  1  47  1  0 11  -0.1435844 -0.0889744 -0.1570549 -0.0998761 -0.0930643 -0.1054355 -0.1186095 -0.1199565 -0.1706596 -0.0805551 -0.1496916 -0.1326354 -0.0764647 -0.1537296 -0.0730971 -0.0989633
C  0  1  47  1  0 12  -0.0899630 -0.1221268 -0.1087251 -0.1242433 -0.1394733 -0.1003521 -0.1601570 -0.1817971 -0.1430169 -0.1326339 -0.1374276 -0.1101143 -0.1107404 -0.1023400 -0.0720492 -0.1095126
C  0  1  47  1  0 13  -0.1039531 -0.1210827 -0.1580966 -0.1201261 -0.1132620 -0.1696618 -0.1609310 -0.1853233 -0.1298504 -0.1394205 -0.1699615 -0.1151097 -0.1683149 -0.1404877 -0.1535442 -0.1494995
C  0  1  47  1  0 14  -0.1175385 -0.1625989 -0.1271390 -0.1743517 -0.1568007 -0.1738161 -0.1611732 -0.2202278 -0.1639788 -0.1450291 -0.1471827 -0.1364138 -0.1700545 -0.0550845 -0.1252668 -0.1710836
C  0  1  47  1  0 15  -0.1148156 -0.1989046 -0.1425566 -0.1430848 -0.1857894 -0.1540483 -0.1659145 -0.1874964 -0.1390760 -0.1665744 -0.1477554 -0.1665495 -0.1420847 -0.1065168 -0.1142050 -0.1375874
C  0  1  47  1  0 16  -0.1363105 -0.1709870 -0.1370360 -0.1597111 -0.1773212 -0.1658189 -0.2266068 -0.2041309 -0.2033543 -0.2077461 -0.1558790 -0.1471821 -0.0868398 -0.1318786 -0.1085637 -0.1238987
C  0  1  47  1  0 17  -0.2603976 -0.2315404 -0.2253433 -0.2980550 -0.2200337 -0.2593478 -0.2542945 -0.2712628 -0.2015564 -0.2784511 -0.2366129 -0.1867189 -0.2226727 -0.2765499 -0.1857721 -0.2807039
C  0  1  47  1  0 18  -0.2460434 -0.2017287 -0.2095630 -0.2335077 -0.2101552 -0.2532235 -0.2831514 -0.2285901 -0.2499231 -0.1906600 -0.2135277 -0.2276487 -0.2312664 -0.1653285 -0.2034561 -0.2251059
C  0  1  47  1  0 19  -0.2308818 -0.2490190 -0.2866783 -0.2961787 -0.2906225 -0.3401087 -0.3028948 -0.2070923 -0.3108993 -0.2624043 -0.2386580 -0.2566820 -0.2511553 -0.1799704 -0.2723393 -0.2727212
C  0  1  47  1  0 20  -0.2280817 -0.2766245 -0.3700985 -0.2904533 -0.3385411 -0.2556207 -0.3598487 -0.3551312 -0.3585934 -0.2911435 -0.3209908 -0.2930741 -0.3902230 -0.2918146 -0.2828077 -0.2781850
C  0  1  47  1  0 21  -0.4357393 -0.3806126 -0.4143507 -0.2809069 -0.2838003 -0.3460357 -0.2880516 -0.3463047 -0.4083568 -0.3622251 -0.3174412 -0.3320726 -0.3176502 -0.3162369 -0.4134420 -0.4317447
C  0  1  47  1  1  0   0.0473899  0.0498524  0.0430009  0.0269515  0.0034971 -0.0209886 -0.0317678 -0.0416920 -0.0460832 -0.0356979 -0.0327981 -0.0184736  0.0011898  0.0049852  0.0253210  0.0395820
C  0  1  47  1  1  1   0.0263209  0.0237223  0.0182505  0.0118479  0.0038098 -0.0085700 -0.0145970 -0.0198713 -0.0180348 -0.0139577 -0.0154297 -0.0063876  0.0044362  0.0096626  0.0125152  0.0254336
C  0  1  47  1  1  2   0.0125637  0.0129210  0.0095139  0.0057862  0.0012346 -0.0026595 -0.0080241 -0.0084580 -0.0084891 -0.0064693 -0.0052363 -0.0021618  0.0009858  0.0037314  0.0051313  0.0111871
C  0  1  47  1  1  3   0.0086254  0.0069978  0.0029071  0.0046666  0.0012436  0.0011847 -0.0031052 -0.0014857  0.0009809  0.0000989 -0.0024466 -0.0004519  0.0018498  0.0028604  0.0029342  0.0058712
C  0  1  47  1  1  4   0.0018461  0.0024108  0.0015046  0.0014629  0.0039557  0.0009648  0.0008347  0.0016547  0.0037635  0.0041540 -0.0001491  0.0002494  0.0023646  0.0021939  0.0036262  0.0026527
C  0  1  47  1  1  5   0.0016092  0.0012554  0.0014739  0.0034407  0.0029630  0.0040211  0.0037516  0.0052157  0.0051022  0.0025141 -0.0004136 -0.0006887  0.0022378  0.0030861  0.0022887 -0.0003892
C  0  1  47  1  1  6   0.0018902  0.0011438  0.0011584  0.0043350  0.0052485  0.0042252  0.0055355  0.0052213  0.0039563  0.0019564  0.0009763  0.0007945  0.0000712  0.0005568  0.0005290  0.0004028
C  0  1  47  1  1  7  -0.0009773  0.0016974  0.0012223  0.0042955  0.0042326  0.0035594  0.0056738  0.0033685  0.0033623  0.0010355  0.0000282 -0.0004931  0.0010296  0.0007126  0.0010867 -0.0013530
C  0  1  47  1  1  8  -0.0004816  0.0016408  0.0026684  0.0017966  0.0054136  0.0041027  0.0046317  0.0051874  0.0056826  0.0019226  0.0014157 -0.0001263  0.0022952  0.0015386  0.0017752 -0.0010124
C  0  1  47  1  1  9   0.0008854  0.0033630  0.0016042  0.0035884  0.0031971  0.0028934  0.0039601  0.0036902  0.0023230 -0.0000369  0.0014295  0.0008280  0.0019776  0.0001614  0.0000069 -0.0020514
C  0  1  47  1  1 10  -0.0002949  0.0018562  0.0022548  0.0020201  0.0024016  0.0022534  0.0026584  0.0028261  0.0032594 -0.0000281  0.0003669  0.0006291 -0.0012746  0.0008687  0.0021300 -0.0001547
C  0  1  47  1  1 11   0.0005448  0.0020399  0.0012793  0.0022581  0.0036549  0.0003400  0.0015527  0.0029463  0.0030496  0.0016870 -0.0012084  0.0004420 -0.0000370  0.0002266  0.0006323 -0.0017310
C  0  1  47  1  1 12   0.0002499  0.0023568  0.0025391  0.0038542  0.0028008  0.0017806  0.0003755  0.0027297  0.0039865  0.0014583  0.0012950  0.0004517  0.0009305 -0.0003032  0.0009534 -0.0015129
C  0  1  47  1  1 13   0.0002750  0.0029828  0.0020972  0.0038424  0.0033111  0.0025874  0.0043081  0.0056036  0.0052877  0.0013899  0.0008576  0.0002162 -0.0006648 -0.0018410  0.0001908 -0.0018420
C  0  1  47  1  1 14   0.0000727  0.0014066  0.0025126  0.0033500  0.0048417  0.0022060  0.0036861  0.0065224  0.0051855  0.0019426  0.0016000 -0.0011055 -0.0019916 -0.0008460 -0.0018161 -0.0019218
C  0  1  47  1  1 15  -0.0016237  0.0003311  0.0026630  0.0028981  0.0032817 -0.0011045  0.0038303  0.0037009  0.0060649  0.0038251  0.0025258  0.0001294 -0.0027251 -0.0053737 -0.0059856 -0.0049217
C  0  1  47  1  1 16  -0.0004328  0.0029986  0.0034242  0.0041288  0.0044798  0.0013451  0.0040736  0.0041393  0.0045710  0.0064179  0.0029664  0.0027525  0.0003937 -0.0016856 -0.0049242 -0.0052864
C  0  1  47  1  1 17  -0.0021303  0.0014771  0.0030291  0.0061594  0.0028851 -0.0015012  0.0016319  0.0049937  0.0049699  0.0048043  0.0047409  0.0016749 -0.0008572 -0.0038491 -0.0046140 -0.0048487
C  0  1  47  1  1 18   0.0012838  0.0082789  0.0061936  0.0069883  0.0046440  0.0013308 -0.0011738 -0.0001106  0.0035079  0.0038187  0.0020563  0.0017174 -0.0009646 -0.0036722 -0.0047720 -0.0032311
C  0  1  47  1  1 19   0.0021868  0.0085288  0.0118259  0.0104667  0.0074491  0.0015383 -0.0027565 -0.0000692  0.0027402  0.0056670  0.0036016  0.0006939 -0.0028177 -0.0040830 -0.0041562 -0.0018123
C  0  1  47  1  1 20   0.0022811  0.0160920  0.0170498  0.0135345  0.0073775  0.0024244 -0.0015577 -0.0019725  0.0024970  0.0085657  0.0014144 -0.0014219 -0.0053841 -0.0091611 -0.0053305 -0.0033081
C  0  1  47  1  1 21   0.0101383  0.0216550  0.0309638  0.0243871  0.0173175  0.0157667  0.0106150  0.0138813  0.0145908  0.0154325 -0.0004048 -0.0043587 -0.0084600 -0.0175170 -0.0077672  0.0019148
