CPHI 16 
CETA 22 -2.40 -2.10 -1.85 -1.60 -1.40 -1.20 -1.00 -0.80 -0.60 -0.40 -0.20  0.00  0.20  0.40  0.60  0.80  1.00  1.20  1.40  1.60  1.85  2.10  2.40 
RMIN  6 
RTRK 12 
RETA 11  0.00  0.20  0.40  0.60  0.80  1.00  1.20  1.40  1.60  1.85  2.10  2.40 
T 0 1  48  0  0  0    0.0000000   0.0007038   0.0017968   0.0032778   0.0122578   0.0693947   0.2781924   0.6538438   1.0000000   1.0000000   1.0000000   1.0000000   1.0000000
T 0 1  48  0  0  1    0.0000000   0.0001341   0.0005389   0.0023278   0.0125708   0.0596891   0.2272572   0.5886285   1.0000000   1.0000000   1.0000000   1.0000000   1.0000000
T 0 1  48  0  0  2    0.0000000   0.0001182   0.0005113   0.0016298   0.0104469   0.0551039   0.2086002   0.5734703   1.0000000   1.0000000   1.0000000   1.0000000   1.0000000
T 0 1  48  0  0  3    0.0000000   0.0002125   0.0006146   0.0017567   0.0115222   0.0624794   0.2249359   0.5862723   1.0000000   1.0000000   1.0000000   1.0000000   1.0000000
T 0 1  48  0  0  4    0.0000000   0.0003560   0.0025229   0.0143957   0.0628008   0.2043484   0.4885440   0.8218127   1.0000000   1.0000000   1.0000000   1.0000000   1.0000000
T 0 1  48  0  0  5    0.0000000   0.0009930   0.0075859   0.0514476   0.2051265   0.5330071   0.8764879   0.9993892   1.0000000   1.0000000   1.0000000   1.0000000   1.0000000
T 0 1  48  0  0  6    0.0000000   0.0003002   0.0012391   0.0103330   0.0669544   0.2761959   0.6627416   0.9312041   0.9982017   0.9999988   1.0000000   1.0000000   1.0000000
T 0 1  48  0  0  7    0.0000000   0.0000736   0.0004134   0.0009300   0.0047270   0.0308071   0.1190467   0.2977643   0.5817277   0.8691693   0.9843328   0.9998800   1.0000000
T 0 1  48  0  0  8    0.0000000   0.0000000   0.0000302   0.0001245   0.0004384   0.0011071   0.0043027   0.0253330   0.1195040   0.3929007   0.7888830   0.9692488   1.0000000
T 0 1  48  0  0  9    0.0000000   0.0000041   0.0000068   0.0000354   0.0005179   0.0034546   0.0181511   0.0857738   0.3021097   0.6584588   0.9384697   0.9999370   1.0000000
T 0 1  48  0  0 10    0.0000000   0.0069015   0.0291304   0.0465926   0.0794349   0.1688647   0.3381586   0.6906739   0.9110301   0.9701205   0.9998482   1.0000000   1.0000000
T 0 1  48  1  0  0    0.0000000   0.0005148   0.0016399   0.0047460   0.0213440   0.1017716   0.3374237   0.6994022   1.0000000   1.0000000   1.0000000   1.0000000   1.0000000
T 0 1  48  1  0  1    0.0000000   0.0002633   0.0010891   0.0042307   0.0181163   0.0752157   0.2537985   0.6193956   1.0000000   1.0000000   1.0000000   1.0000000   1.0000000
T 0 1  48  1  0  2    0.0000000   0.0002194   0.0008486   0.0027728   0.0124455   0.0616642   0.2339277   0.6064318   1.0000000   1.0000000   1.0000000   1.0000000   1.0000000
T 0 1  48  1  0  3    0.0000000   0.0002283   0.0008669   0.0027852   0.0140251   0.0700545   0.2491207   0.6198491   1.0000000   1.0000000   1.0000000   1.0000000   1.0000000
T 0 1  48  1  0  4    0.0000000   0.0004356   0.0027620   0.0153929   0.0663357   0.2155446   0.5058694   0.8320271   1.0000000   1.0000000   1.0000000   1.0000000   1.0000000
T 0 1  48  1  0  5    0.0000000   0.0011873   0.0094478   0.0577925   0.2246261   0.5586818   0.8900123   0.9996500   1.0000000   1.0000000   1.0000000   1.0000000   1.0000000
T 0 1  48  1  0  6    0.0000000   0.0004626   0.0026649   0.0180020   0.0942133   0.3329130   0.7236541   0.9536823   0.9988141   0.9999984   1.0000000   1.0000000   1.0000000
T 0 1  48  1  0  7    0.0000000   0.0002246   0.0006446   0.0024765   0.0123245   0.0526267   0.1570011   0.3413836   0.6074237   0.8728054   0.9849908   0.9998878   1.0000000
T 0 1  48  1  0  8    0.0000000   0.0009562   0.0014955   0.0017998   0.0022382   0.0036136   0.0107994   0.0452511   0.1686405   0.4573475   0.8251665   0.9710661   1.0000000
T 0 1  48  1  0  9    0.0000000   0.0021003   0.0074838   0.0131257   0.0159362   0.0198461   0.0401951   0.1288935   0.3661962   0.7154288   0.9583841   0.9999941   1.0000000
T 0 1  48  1  0 10    0.0000000   0.0032254   0.0170235   0.0428863   0.0843736   0.1746921   0.3942474   0.7474223   0.9511020   0.9856143   0.9999985   1.0000000   1.0000000
R 0 1  48  0  0  0    0.0239235   0.0239235   0.0099007   0.0106224   0.0102869   0.0102178   0.0099917   0.0098588   0.0098588   0.0098588   0.0098588   0.0098588
R 0 1  48  0  0  1    0.0117191   0.0117191   0.0117191   0.0117191   0.0109808   0.0108807   0.0109514   0.0108575   0.0108575   0.0108575   0.0108575   0.0108575
R 0 1  48  0  0  2    0.0123649   0.0123649   0.0123649   0.0123649   0.0120821   0.0119823   0.0118681   0.0116655   0.0116655   0.0116655   0.0116655   0.0116655
R 0 1  48  0  0  3    0.0133840   0.0133840   0.0133840   0.0133840   0.0127829   0.0125309   0.0123553   0.0122371   0.0122371   0.0122371   0.0122371   0.0122371
R 0 1  48  0  0  4    0.0188424   0.0188424   0.0188424   0.0173833   0.0169420   0.0158842   0.0144946   0.0130965   0.0130965   0.0130965   0.0130965   0.0130965
R 0 1  48  0  0  5    0.0202352   0.0202352   0.0195142   0.0190890   0.0187912   0.0180494   0.0170267   0.0170267   0.0170267   0.0170267   0.0170267   0.0170267
R 0 1  48  0  0  6    0.0203094   0.0203094   0.0203094   0.0205564   0.0208009   0.0206686   0.0208037   0.0206512   0.0206512   0.0206512   0.0206512   0.0206512
R 0 1  48  0  0  7    0.0222016   0.0222016   0.0222016   0.0222016   0.0205674   0.0212286   0.0210695   0.0210709   0.0205578   0.0196302   0.0196302   0.0196302
R 0 1  48  0  0  8    0.0213615   0.0213615   0.0213615   0.0213615   0.0213615   0.0213615   0.0213615   0.0209707   0.0210083   0.0209115   0.0202323   0.0188979
R 0 1  48  0  0  9    0.0311575   0.0311575   0.0311575   0.0311575   0.0311575   0.0311575   0.0296796   0.0288602   0.0275183   0.0264298   0.0248908   0.0248908
R 0 1  48  0  0 10    0.0787233   0.0714009   0.0619351   0.0542503   0.0475822   0.0440040   0.0409784   0.0355977   0.0339713   0.0303127   0.0303127   0.0303127
R 0 1  48  0  1  0    0.0000000   0.0000000   0.0000000   0.0001008   0.0000816   0.0000819   0.0000723   0.0000663   0.0000663   0.0000663   0.0000663   0.0000663
R 0 1  48  0  1  1    0.0000560   0.0000560   0.0000560   0.0000560   0.0000603   0.0000716   0.0000595   0.0000566   0.0000566   0.0000566   0.0000566   0.0000566
R 0 1  48  0  1  2    0.0000516   0.0000516   0.0000516   0.0000516   0.0000620   0.0000617   0.0000604   0.0000515   0.0000515   0.0000515   0.0000515   0.0000515
R 0 1  48  0  1  3    0.0000569   0.0000569   0.0000569   0.0000569   0.0000621   0.0000587   0.0000563   0.0000471   0.0000471   0.0000471   0.0000471   0.0000471
R 0 1  48  0  1  4    0.0001459   0.0001459   0.0001459   0.0000974   0.0000934   0.0000723   0.0000578   0.0000442   0.0000442   0.0000442   0.0000442   0.0000442
R 0 1  48  0  1  5    0.0002837   0.0002837   0.0000843   0.0000717   0.0000744   0.0000574   0.0000476   0.0000476   0.0000476   0.0000476   0.0000476   0.0000476
R 0 1  48  0  1  6    0.0001258   0.0001258   0.0001258   0.0000527   0.0000620   0.0000582   0.0000512   0.0000175   0.0000175   0.0000175   0.0000175   0.0000175
R 0 1  48  0  1  7    0.0001028   0.0001028   0.0001028   0.0001028   0.0000495   0.0000643   0.0000752   0.0000730   0.0000759   0.0000502   0.0000502   0.0000502
R 0 1  48  0  1  8    0.0001040   0.0001040   0.0001040   0.0001040   0.0001040   0.0001040   0.0001040   0.0001118   0.0001032   0.0000956   0.0000854   0.0000618
R 0 1  48  0  1  9    0.0002180   0.0002180   0.0002180   0.0002180   0.0002180   0.0002180   0.0002182   0.0001933   0.0001853   0.0001507   0.0001297   0.0001297
R 0 1  48  0  1 10    0.0012902   0.0011960   0.0008701   0.0007663   0.0006079   0.0004741   0.0003787   0.0002690   0.0002253   0.0001331   0.0001331   0.0001331
R 0 1  48  0  2  0    0.0000000   0.0000000   0.0000000   0.0000000   0.0000000   0.0000000   0.0000159   0.0000000   0.0000000   0.0000000   0.0000000   0.0000000
R 0 1  48  0  2  1    0.0000000   0.0000000   0.0000000   0.0000000   0.0000000   0.0000195   0.0000044   0.0000114   0.0000114   0.0000114   0.0000114   0.0000114
R 0 1  48  0  2  2    0.0000950   0.0000950   0.0000950   0.0000950   0.0000361   0.0000161   0.0000117   0.0000221   0.0000221   0.0000221   0.0000221   0.0000221
R 0 1  48  0  2  3    0.0000786   0.0000786   0.0000786   0.0000786   0.0000000   0.0000107   0.0000106   0.0000115   0.0000115   0.0000115   0.0000115   0.0000115
R 0 1  48  0  2  4    0.0000000   0.0000000   0.0000000   0.0000000   0.0000000   0.0000000   0.0000072   0.0000000   0.0000000   0.0000000   0.0000000   0.0000000
R 0 1  48  0  2  5    0.0000000   0.0000000   0.0000000   0.0000000   0.0000135   0.0000103   0.0000000   0.0000000   0.0000000   0.0000000   0.0000000   0.0000000
R 0 1  48  0  2  6    0.0000000   0.0000000   0.0000000   0.0000000   0.0000000   0.0000000   0.0000000   0.0000000   0.0000000   0.0000000   0.0000000   0.0000000
R 0 1  48  0  2  7    0.0000000   0.0000000   0.0000000   0.0000000   0.0000000   0.0000000   0.0000000   0.0000000   0.0000169   0.0000000   0.0000000   0.0000000
R 0 1  48  0  2  8    0.0000000   0.0000000   0.0000000   0.0000000   0.0000000   0.0000000   0.0000000   0.0000000   0.0000000   0.0000000   0.0000000   0.0000000
R 0 1  48  0  2  9    0.0000000   0.0000000   0.0000000   0.0000000   0.0000000   0.0000000   0.0000737   0.0000000   0.0000000   0.0000226   0.0000000   0.0000000
R 0 1  48  0  2 10    0.0000000   0.0000000   0.0000000   0.0000000   0.0000000   0.0000000   0.0000000   0.0000234   0.0000000   0.0000000   0.0000000   0.0000000
R 0 1  48  0  3  0    1.0459629   1.0459629   1.2217585   1.0192779   0.9990008   0.9846677   0.9822886   0.9836771   0.9836771   0.9836771   0.9836771   0.9836771
R 0 1  48  0  3  1    1.0190540   1.0190540   1.0190540   1.0190540   0.9954157   0.9871736   0.9804468   0.9799101   0.9799101   0.9799101   0.9799101   0.9799101
R 0 1  48  0  3  2    1.0236662   1.0236662   1.0236662   1.0236662   0.9988367   0.9879855   0.9817401   0.9815364   0.9815364   0.9815364   0.9815364   0.9815364
R 0 1  48  0  3  3    1.0043323   1.0043323   1.0043323   1.0043323   1.0024590   0.9865416   0.9812901   0.9813704   0.9813704   0.9813704   0.9813704   0.9813704
R 0 1  48  0  3  4    1.0287093   1.0287093   1.0287093   0.9890643   0.9764131   0.9744611   0.9799065   0.9886562   0.9886562   0.9886562   0.9886562   0.9886562
R 0 1  48  0  3  5    1.0353853   1.0353853   0.9916837   0.9811941   0.9739444   0.9708986   0.9731554   0.9731554   0.9731554   0.9731554   0.9731554   0.9731554
R 0 1  48  0  3  6    1.0224664   1.0224664   1.0224664   1.0003917   0.9893243   0.9829787   0.9843046   0.9848647   0.9848647   0.9848647   0.9848647   0.9848647
R 0 1  48  0  3  7    1.0372021   1.0372021   1.0372021   1.0372021   1.0328183   0.9961104   0.9914027   0.9853731   0.9870052   0.9882010   0.9882010   0.9882010
R 0 1  48  0  3  8    1.0168805   1.0168805   1.0168805   1.0168805   1.0168805   1.0168805   1.0168805   0.9997961   0.9845127   0.9841637   0.9831986   1.0179502
R 0 1  48  0  3  9    1.0176302   1.0176302   1.0176302   1.0176302   1.0176302   1.0176302   0.9862055   0.9775084   0.9735054   0.9851050   1.0007587   1.0007587
R 0 1  48  0  3 10    1.0241882   1.0330524   1.0280303   0.9831862   0.9771536   0.9722424   0.9697307   0.9689461   0.9933214   1.0080907   1.0080907   1.0080907
R 0 1  48  0  4  0    1.3706564   1.3706564   1.3202887   2.0812019   2.2350517   2.2679485   2.2387072   2.3002394   2.3002394   2.3002394   2.3002394   2.3002394
R 0 1  48  0  4  1    1.9866524   1.9866524   1.9866524   1.9866524   2.1828709   2.2426100   2.2106433   2.2265155   2.2265155   2.2265155   2.2265155   2.2265155
R 0 1  48  0  4  2    1.9032106   1.9032106   1.9032106   1.9032106   2.2627100   2.3262536   2.2395613   2.2583650   2.2583650   2.2583650   2.2583650   2.2583650
R 0 1  48  0  4  3    1.8593576   1.8593576   1.8593576   1.8593576   2.2916876   2.2660740   2.2158710   2.2442156   2.2442156   2.2442156   2.2442156   2.2442156
R 0 1  48  0  4  4    1.9222069   1.9222069   1.9222069   1.9789110   2.0553985   2.0750924   2.2363352   2.3324715   2.3324715   2.3324715   2.3324715   2.3324715
R 0 1  48  0  4  5    1.7325151   1.7325151   2.0140940   2.1364544   2.0873831   2.0486439   2.0246742   2.0246742   2.0246742   2.0246742   2.0246742   2.0246742
R 0 1  48  0  4  6    1.8748591   1.8748591   1.8748591   2.2298935   2.3246507   2.3197408   2.3516313   2.2841278   2.2841278   2.2841278   2.2841278   2.2841278
R 0 1  48  0  4  7    1.8752093   1.8752093   1.8752093   1.8752093   2.2503167   2.3163460   2.3262208   2.3357969   2.3960055   2.3001213   2.3001213   2.3001213
R 0 1  48  0  4  8    2.1921099   2.1921099   2.1921099   2.1921099   2.1921099   2.1921099   2.1921099   2.2431510   2.2574334   2.2700630   2.0562174   2.3748058
R 0 1  48  0  4  9    2.0191239   2.0191239   2.0191239   2.0191239   2.0191239   2.0191239   1.9991116   2.0690998   2.0730846   2.1982728   2.0793717   2.0793717
R 0 1  48  0  4 10    1.9615365   2.2444947   2.0974235   1.8819971   1.9822693   1.9849729   1.9809733   1.9252632   2.0276169   1.9867693   1.9867693   1.9867693
R 0 1  48  0  5  0    9.4857371   9.4857371   7.1274470   3.3930939   3.8430259   3.8533446   4.1871570   3.8551766   3.8551766   3.8551766   3.8551766   3.8551766
R 0 1  48  0  5  1    3.7368638   3.7368638   3.7368638   3.7368638   3.8424906   4.0012021   4.3512229   4.1495659   4.1495659   4.1495659   4.1495659   4.1495659
R 0 1  48  0  5  2    4.1687201   4.1687201   4.1687201   4.1687201   3.7219735   3.6096118   4.1273389   4.1666565   4.1666565   4.1666565   4.1666565   4.1666565
R 0 1  48  0  5  3    4.3759283   4.3759283   4.3759283   4.3759283   3.8099395   3.8447497   4.3493819   4.2238186   4.2238186   4.2238186   4.2238186   4.2238186
R 0 1  48  0  5  4    4.9032401   4.9032401   4.9032401   5.1574575   5.3613718   5.1658495   3.7509257   3.3282768   3.3282768   3.3282768   3.3282768   3.3282768
R 0 1  48  0  5  5    4.0853304   4.0853304   5.3208827   4.6945957   5.1643666   4.9377914   4.0641726   4.0641726   4.0641726   4.0641726   4.0641726   4.0641726
R 0 1  48  0  5  6    3.3751028   3.3751028   3.3751028   3.9208015   3.4273244   3.0299690   2.3975884   2.0013227   2.0013227   2.0013227   2.0013227   2.0013227
R 0 1  48  0  5  7    3.3805992   3.3805992   3.3805992   3.3805992   3.7095347   3.2325527   3.0095855   2.9266498   2.5807551   2.2285095   2.2285095   2.2285095
R 0 1  48  0  5  8    4.3812546   4.3812546   4.3812546   4.3812546   4.3812546   4.3812546   4.3812546   4.4733398   4.3836086   4.1523907   5.9755597   3.8007028
R 0 1  48  0  5  9    4.9328471   4.9328471   4.9328471   4.9328471   4.9328471   4.9328471   7.0547158   6.2564534   6.1457143   5.4356215   6.6205944   6.6205944
R 0 1  48  0  5 10    6.1612994   4.1094350   4.0061183   5.4674817   5.5307472   6.1292906   7.6647450   9.2920142   7.0531223   7.0609863   7.0609863   7.0609863
F  0  1  48  0  0  0    0.9940859   1.0282389   1.0062096   1.0006943   0.9444555   0.9902441   1.0071952   0.9867693   0.9944142   0.9851902   0.9838030
F  0  1  48  1  0  0    1.0719133   1.0478308   1.0648927   1.0564990   1.0636993   1.0840591   1.0805138   1.0450018   1.0533320   1.0639563   1.0823581
C  0  1  48  0  0  0  -0.2779977 -0.1598179 -0.1014947 -0.2744981 -0.3045962 -0.1070891 -0.2322302 -0.1908874 -0.1786934 -0.1660435 -0.3228625 -0.1489121 -0.1160290 -0.2306374 -0.3669289 -0.1100772
C  0  1  48  0  0  1  -0.0363143 -0.0945232 -0.1029733 -0.2408339 -0.2311401 -0.1571798 -0.1510196 -0.1978198 -0.0522699 -0.2332726  0.0124372 -0.0136166 -0.1763815 -0.1672477 -0.1456174 -0.0572121
C  0  1  48  0  0  2  -0.1621383 -0.1090544 -0.0740767 -0.1493656 -0.0169141 -0.1181320 -0.1180846 -0.1182191 -0.0795761 -0.0478903 -0.0867555 -0.0762121 -0.1745442 -0.0968147  0.0218901 -0.0497252
C  0  1  48  0  0  3  -0.0708832 -0.0628122 -0.0379898 -0.0361224  0.0027341 -0.1514440 -0.0063808 -0.0095984 -0.0306586 -0.0373233 -0.1736624 -0.1140070 -0.1735041 -0.0555681 -0.0824568 -0.0118785
C  0  1  48  0  0  4  -0.1372297 -0.1188135 -0.0613906 -0.1329930 -0.0932438 -0.0647183 -0.0237630  0.0611872 -0.0618609 -0.1005430 -0.0757386 -0.0330201 -0.1147792 -0.0988463  0.1038457 -0.1496070
C  0  1  48  0  0  5   0.0116287  0.0698124 -0.0428820 -0.0021848  0.0320107  0.0131899 -0.0304683 -0.0355647  0.0924234  0.0247020 -0.1151254  0.0391957 -0.0285020  0.0629498  0.1296510 -0.1304007
C  0  1  48  0  0  6  -0.0321481  0.0736347  0.0727474  0.0204365  0.0247956  0.0313661 -0.0774422 -0.0815399 -0.0427502 -0.0789403 -0.0236633  0.0632272 -0.1313837 -0.0142611 -0.0375118  0.0997184
C  0  1  48  0  0  7  -0.0400839 -0.0076378 -0.0474306 -0.0113902  0.0304104  0.0321831 -0.0024640  0.0148069 -0.0582979  0.0004451  0.1005323 -0.0242296  0.0465701  0.0186810 -0.0113802  0.0360196
C  0  1  48  0  0  8  -0.0489199  0.0257863  0.0425339  0.0023158  0.0726568  0.0001827 -0.0137734  0.0120267  0.0085025  0.0521488 -0.0399613 -0.0104982 -0.0245553  0.1264274 -0.0520409  0.0031787
C  0  1  48  0  0  9  -0.0091955 -0.0101401 -0.0759301 -0.0013435  0.0027219  0.0337483 -0.0249603  0.0524908 -0.0108271 -0.0319421  0.0075199  0.0083263 -0.0635270  0.1062024 -0.0069085  0.0481704
C  0  1  48  0  0 10  -0.0515849  0.0353980  0.0313397  0.0681101  0.0194945 -0.0086166 -0.0672625 -0.0472354  0.0544163 -0.0983094  0.0104194 -0.0145168 -0.0508398  0.0962396  0.0798412  0.0893106
C  0  1  48  0  0 11  -0.0259068 -0.0207140 -0.0221544  0.0728108  0.0499018  0.0093243  0.0299381  0.1178330 -0.0244307 -0.0177472 -0.0423349 -0.0688317 -0.0070821  0.0314123  0.0493988 -0.0450513
C  0  1  48  0  0 12   0.0229960 -0.0886525 -0.0367951 -0.0220531  0.0368751 -0.0114246 -0.0907102  0.0171622 -0.0064815  0.0770768  0.0012577 -0.0298325 -0.0439968 -0.0180303 -0.0240323 -0.0092389
C  0  1  48  0  0 13  -0.0033706 -0.0179034  0.0729585 -0.0191222 -0.0645586 -0.0448095  0.0307601 -0.0186048  0.0387968 -0.0533283 -0.0143651  0.0100659  0.0518467 -0.0433515  0.0059835  0.0092941
C  0  1  48  0  0 14  -0.0521292 -0.0066907 -0.0752403  0.0082206  0.0335331 -0.0548454 -0.0358483 -0.0406499 -0.0000464  0.0878844  0.0805503 -0.1053805 -0.0069296 -0.0340407 -0.0321969 -0.1344504
C  0  1  48  0  0 15  -0.0435855 -0.0000337  0.0417623  0.0658049 -0.0077177 -0.0026547 -0.0438768  0.0164419 -0.0689653 -0.0387666  0.0247188 -0.1088596  0.0895280  0.0133766 -0.0883625  0.0426138
C  0  1  48  0  0 16   0.0891537  0.1550860 -0.0684920 -0.0074140 -0.0189134 -0.0749788  0.0829562 -0.0038458 -0.0471859  0.0388714  0.0385884 -0.1023962 -0.0928788 -0.0008421 -0.1395383 -0.0365480
C  0  1  48  0  0 17  -0.2083686 -0.0489112 -0.1495539 -0.1426322 -0.0432344 -0.0482078 -0.0888020 -0.0238524  0.0033672 -0.1240299 -0.0493054 -0.0370585 -0.1308552 -0.1170705 -0.0278432  0.0439047
C  0  1  48  0  0 18  -0.1113858  0.0111523 -0.0154403 -0.0816257 -0.0896339 -0.0853865 -0.0659718 -0.0923364 -0.0872294  0.0106885 -0.0359696 -0.0769050  0.0011286  0.0341286 -0.2232602  0.0079520
C  0  1  48  0  0 19   0.0765052 -0.0506899 -0.2303085 -0.0192847 -0.2025019 -0.0602621 -0.1404123 -0.1318987 -0.1998290 -0.1003597 -0.1154036 -0.0608827 -0.0919378 -0.0954591 -0.0259525  0.0025435
C  0  1  48  0  0 20  -0.1693708 -0.0342694 -0.0094348 -0.0896794 -0.2454045 -0.0468605 -0.2575221 -0.0554822 -0.0851333 -0.2383015 -0.1800401 -0.0066877 -0.1275111 -0.1179160 -0.0830486 -0.1252354
C  0  1  48  0  0 21  -0.1949697 -0.3179356 -0.2232135 -0.1471458 -0.2372414 -0.1046069 -0.2159743 -0.0034667 -0.1461036 -0.0773432 -0.2067201 -0.2612836 -0.3504794 -0.5755261 -0.1668623 -0.3011413
C  0  1  48  0  1  0  -0.0020523 -0.0023873  0.0010950 -0.0038859 -0.0039549  0.0018604 -0.0004674 -0.0024889  0.0009483  0.0042592 -0.0032964  0.0036765  0.0053139  0.0083688  0.0056182  0.0045836
C  0  1  48  0  1  1   0.0031096  0.0004313 -0.0015446 -0.0014782 -0.0022382 -0.0021352  0.0053542 -0.0016889  0.0026672 -0.0051175 -0.0018526 -0.0036268  0.0024062  0.0033314  0.0017645  0.0004071
C  0  1  48  0  1  2   0.0016383 -0.0004633  0.0006822  0.0013394 -0.0007815  0.0015207  0.0006766  0.0007583 -0.0022214  0.0002386 -0.0020303 -0.0018550  0.0010119 -0.0013160  0.0005944 -0.0007618
C  0  1  48  0  1  3   0.0039072 -0.0008247  0.0009256 -0.0008440 -0.0012690 -0.0000114  0.0020336 -0.0026514 -0.0038914 -0.0014254 -0.0007229 -0.0008697  0.0001284 -0.0016027  0.0013782  0.0022901
C  0  1  48  0  1  4   0.0018282  0.0005970 -0.0014580  0.0011510  0.0027866 -0.0010254  0.0013854  0.0003062 -0.0002001  0.0007911 -0.0002879 -0.0013268  0.0004005  0.0004903 -0.0028014 -0.0016867
C  0  1  48  0  1  5   0.0014293  0.0008814 -0.0014940  0.0027687  0.0002951 -0.0009578 -0.0013841 -0.0009087  0.0002922 -0.0010472  0.0027236 -0.0009142 -0.0024263 -0.0003980  0.0007165  0.0001185
C  0  1  48  0  1  6   0.0019783  0.0012621 -0.0004089  0.0012550  0.0014007  0.0002810 -0.0019658 -0.0016530 -0.0002975 -0.0010985  0.0006206 -0.0013692 -0.0014932 -0.0017764  0.0010428 -0.0007855
C  0  1  48  0  1  7   0.0014991 -0.0004940  0.0002375  0.0001295  0.0024783 -0.0002678 -0.0005797 -0.0007325 -0.0002173 -0.0019979  0.0011785  0.0003935 -0.0000356  0.0006574  0.0012318  0.0002984
C  0  1  48  0  1  8  -0.0003366  0.0019889 -0.0004990 -0.0002990  0.0004009  0.0018677  0.0011183  0.0006439  0.0013053 -0.0001209  0.0016270 -0.0020112 -0.0011446 -0.0001236 -0.0007107  0.0022692
C  0  1  48  0  1  9  -0.0024549  0.0009298  0.0017922  0.0003593 -0.0006352 -0.0002253 -0.0007251  0.0002709 -0.0009929 -0.0011536 -0.0015485  0.0008782 -0.0002576 -0.0017169 -0.0014897  0.0021429
C  0  1  48  0  1 10   0.0009809 -0.0013360  0.0011139  0.0019562  0.0007898 -0.0004984 -0.0011281 -0.0003816 -0.0029777 -0.0014358 -0.0018542 -0.0011714 -0.0009230  0.0000022  0.0010159  0.0016502
C  0  1  48  0  1 11  -0.0002536  0.0000174  0.0003579  0.0011196  0.0001860  0.0007032 -0.0015986 -0.0012332 -0.0026640 -0.0007127 -0.0000384 -0.0030088 -0.0005755 -0.0003644  0.0004127 -0.0004466
C  0  1  48  0  1 12  -0.0007742 -0.0002762 -0.0015385 -0.0003043  0.0018576 -0.0014173 -0.0004884 -0.0018389  0.0005239  0.0014372 -0.0011523  0.0013724  0.0009157 -0.0008864  0.0006789  0.0002313
C  0  1  48  0  1 13   0.0037630 -0.0010864  0.0016259  0.0002015  0.0013184  0.0003632 -0.0005207  0.0004883 -0.0003312 -0.0021803 -0.0008193 -0.0012661 -0.0010236  0.0000271 -0.0009101  0.0012963
C  0  1  48  0  1 14   0.0005646 -0.0020177  0.0012267  0.0008465  0.0014080  0.0015897 -0.0017302  0.0014802 -0.0009298  0.0002542  0.0008607  0.0005489  0.0009245 -0.0004511 -0.0011279  0.0016405
C  0  1  48  0  1 15   0.0008726 -0.0004699  0.0005494  0.0012041  0.0020873  0.0034238  0.0006219 -0.0020228  0.0018493 -0.0013849 -0.0011313  0.0007071 -0.0003694 -0.0003681  0.0005053  0.0000430
C  0  1  48  0  1 16   0.0008566  0.0040170  0.0001709  0.0026448 -0.0018726  0.0008777  0.0009654 -0.0005455 -0.0030677 -0.0008481 -0.0007927  0.0006855  0.0014434  0.0012418  0.0036839  0.0015488
C  0  1  48  0  1 17  -0.0009343 -0.0007823 -0.0004572  0.0007498  0.0007632  0.0035576  0.0025605  0.0037421 -0.0035058  0.0047869  0.0027435 -0.0004701 -0.0001549 -0.0014413  0.0045551  0.0056475
C  0  1  48  0  1 18   0.0050804  0.0040742  0.0023088  0.0011021  0.0017081  0.0011905  0.0052956  0.0021791 -0.0020305  0.0019430  0.0027905  0.0018120  0.0009083 -0.0000994  0.0095768  0.0049265
C  0  1  48  0  1 19   0.0020662  0.0021204  0.0012335  0.0029605 -0.0000009  0.0003714  0.0032126  0.0010943  0.0045984  0.0011933 -0.0014899 -0.0002739  0.0016527  0.0026465  0.0030913  0.0030724
C  0  1  48  0  1 20   0.0058011  0.0053140  0.0045587  0.0050930  0.0004128  0.0045101  0.0033806  0.0035914  0.0007798  0.0020877 -0.0018661 -0.0024307  0.0061475  0.0043228  0.0090667  0.0051915
C  0  1  48  0  1 21   0.0120625  0.0111922  0.0071924  0.0018411 -0.0025526 -0.0041317 -0.0107448 -0.0015335  0.0017521 -0.0060575 -0.0021697  0.0008909  0.0019422  0.0031919  0.0113300 -0.0012214
C  0  1  48  1  0  0  -0.3339739 -0.4011068 -0.3405825 -0.3477519 -0.2648274 -0.3633478 -0.3525815 -0.2971935 -0.3576773 -0.2422693 -0.4182363 -0.4683182 -0.4442257 -0.4239665 -0.4072359 -0.3593090
C  0  1  48  1  0  1  -0.2426317 -0.3625677 -0.3190117 -0.2906161 -0.2976854 -0.3069982 -0.2595619 -0.2367324 -0.2853117 -0.2446442 -0.2871380 -0.3548388 -0.3542079 -0.3586038 -0.3556186 -0.2982038
C  0  1  48  1  0  2  -0.3216538 -0.3343995 -0.2400560 -0.2639775 -0.3097543 -0.2791208 -0.2420598 -0.2655997 -0.2933074 -0.1914652 -0.3073031 -0.3067121 -0.3729527 -0.3407833 -0.2977530 -0.3477369
C  0  1  48  1  0  3  -0.3000777 -0.3206966 -0.3234003 -0.3060813 -0.2605202 -0.2212192 -0.1514860 -0.1265422 -0.1713852 -0.1912777 -0.2502653 -0.2740396 -0.2656143 -0.2916768 -0.2842042 -0.2654849
C  0  1  48  1  0  4  -0.2907177 -0.2219940 -0.2243330 -0.2459264 -0.2393186 -0.2218342 -0.2647435 -0.2073110 -0.2212332 -0.2239000 -0.1974631 -0.2798311 -0.2909196 -0.2617495 -0.3871359 -0.2870307
C  0  1  48  1  0  5  -0.1818129 -0.2014923 -0.1923198 -0.1612492 -0.1641524 -0.1641045 -0.2043180 -0.1338174 -0.1523832 -0.1750297 -0.1643315 -0.2306955 -0.2059706 -0.1781471 -0.1812061 -0.2004190
C  0  1  48  1  0  6  -0.1649653 -0.1533737 -0.1619965 -0.1482358 -0.1332180 -0.1506259 -0.1809211 -0.1374123 -0.1742838 -0.1164939 -0.1133795 -0.1397530 -0.1355000 -0.1655406 -0.1433350 -0.1703382
C  0  1  48  1  0  7  -0.1762793 -0.1132727 -0.1565481 -0.1054282 -0.1498496 -0.1651225 -0.1451514 -0.1378704 -0.1386448 -0.1029728 -0.0906573 -0.1367312 -0.1503097 -0.1342074 -0.1427598 -0.1271535
C  0  1  48  1  0  8  -0.1948929 -0.0877773 -0.1303495 -0.1774679 -0.1585178 -0.1883147 -0.1367773 -0.1502199 -0.1361723 -0.1126566 -0.1536005 -0.1892820 -0.1364941 -0.1773795 -0.1360878 -0.1260338
C  0  1  48  1  0  9  -0.1271590 -0.1312603 -0.0964433 -0.1213084 -0.1348200 -0.1470678 -0.1319317 -0.1795978 -0.1317485 -0.1316952 -0.0774578 -0.1524214 -0.1314632 -0.1243856 -0.1642125 -0.1650840
C  0  1  48  1  0 10  -0.1467059 -0.1254803 -0.1151330 -0.1232912 -0.1410339 -0.1492620 -0.1028074 -0.1187014 -0.0940040 -0.1300043 -0.1544691 -0.1384488 -0.1056080 -0.1095112 -0.1206376 -0.0954705
C  0  1  48  1  0 11  -0.1393115 -0.1352230 -0.1396402 -0.0850077 -0.1200095 -0.0889898 -0.1166129 -0.1519961 -0.1388386 -0.0780825 -0.0991891 -0.1078348 -0.1303409 -0.1154229 -0.0787997 -0.1254464
C  0  1  48  1  0 12  -0.0820123 -0.1240542 -0.1324092 -0.1000936 -0.1518477 -0.1380624 -0.1582122 -0.1724132 -0.1729300 -0.1154101 -0.1312587 -0.0959919 -0.1118379 -0.1210144 -0.1252276 -0.1107889
C  0  1  48  1  0 13  -0.1296107 -0.1363485 -0.1506835 -0.1702535 -0.1556638 -0.1775054 -0.1321788 -0.1537439 -0.0854778 -0.1346134 -0.1740831 -0.1526815 -0.1610456 -0.1204887 -0.1643368 -0.1413981
C  0  1  48  1  0 14  -0.1694314 -0.1425318 -0.1563539 -0.1586153 -0.1441076 -0.1027952 -0.1396396 -0.2144663 -0.1298424 -0.1051879 -0.1409349 -0.1163846 -0.1885115 -0.0840308 -0.1194420 -0.1913295
C  0  1  48  1  0 15  -0.1411717 -0.1656514 -0.1382300 -0.1612104 -0.1936368 -0.1434383 -0.1687752 -0.1539905 -0.1636171 -0.1177486 -0.1149570 -0.1669435 -0.1246891 -0.1427641 -0.0724772 -0.1076598
C  0  1  48  1  0 16  -0.1634427 -0.1429528 -0.1597045 -0.1360251 -0.1775340 -0.1769185 -0.2149375 -0.2329241 -0.1677565 -0.1792830 -0.0959924 -0.1762715 -0.0987219 -0.1254346 -0.1120977 -0.1032370
C  0  1  48  1  0 17  -0.2534352 -0.2627995 -0.2499538 -0.2632398 -0.1777594 -0.2834529 -0.2901586 -0.2729778 -0.2427737 -0.2746663 -0.2672288 -0.2093519 -0.1666044 -0.2810159 -0.2205546 -0.2777332
C  0  1  48  1  0 18  -0.2799735 -0.2636346 -0.2119598 -0.2632667 -0.2314763 -0.2538018 -0.3082409 -0.2885098 -0.2363196 -0.2316766 -0.2536203 -0.2547746 -0.3036376 -0.1684811 -0.1782822 -0.1984833
C  0  1  48  1  0 19  -0.2642237 -0.2248285 -0.2972754 -0.3277632 -0.2886988 -0.2763020 -0.3125878 -0.2144793 -0.2571316 -0.2829710 -0.2774759 -0.2858780 -0.2747741 -0.2685460 -0.2558159 -0.2274555
C  0  1  48  1  0 20  -0.2614942 -0.2892744 -0.3240446 -0.3125361 -0.3361482 -0.2192647 -0.2968694 -0.2797312 -0.3452766 -0.2667285 -0.2557012 -0.2643834 -0.3542793 -0.3242633 -0.2792600 -0.2672569
C  0  1  48  1  0 21  -0.4462181 -0.3419545 -0.3432436 -0.3873072 -0.1728874 -0.2872130 -0.3215992 -0.3242818 -0.3567862 -0.3100118 -0.3051392 -0.3474955 -0.2459581 -0.3522931 -0.2722654 -0.3450208
C  0  1  48  1  1  0   0.0456941  0.0476133  0.0390731  0.0258680 -0.0001744 -0.0210939 -0.0358558 -0.0436742 -0.0476897 -0.0393655 -0.0353168 -0.0204327  0.0023369  0.0046752  0.0242383  0.0380570
C  0  1  48  1  1  1   0.0233949  0.0219497  0.0164527  0.0097892  0.0016782 -0.0091123 -0.0161595 -0.0194282 -0.0186527 -0.0150190 -0.0149996 -0.0082110  0.0018399  0.0074907  0.0092349  0.0239543
C  0  1  48  1  1  2   0.0119743  0.0125961  0.0082920  0.0050710  0.0004563 -0.0042920 -0.0082424 -0.0085556 -0.0098863 -0.0067451 -0.0056330 -0.0051369 -0.0008493  0.0033107  0.0036214  0.0099618
C  0  1  48  1  1  3   0.0074999  0.0060688  0.0014522  0.0022116  0.0000078 -0.0000892 -0.0052814 -0.0030766 -0.0003812 -0.0017363 -0.0030689 -0.0021070  0.0013691  0.0024033  0.0006660  0.0046902
C  0  1  48  1  1  4   0.0009476  0.0021549 -0.0003884  0.0004825  0.0035492  0.0015529 -0.0003655  0.0004642  0.0032051  0.0033435 -0.0013417 -0.0018585  0.0018908  0.0005066  0.0023889  0.0020523
C  0  1  48  1  1  5   0.0003856 -0.0009286  0.0003255  0.0020941  0.0026972  0.0035262  0.0019028  0.0036781  0.0037891  0.0015628 -0.0010588 -0.0006297  0.0010061  0.0018051  0.0024531 -0.0010989
C  0  1  48  1  1  6  -0.0001015  0.0011069  0.0009278  0.0028504  0.0042135  0.0034095  0.0041679  0.0039842  0.0037400  0.0004114 -0.0000765 -0.0001431 -0.0001508  0.0012232  0.0000534  0.0000136
C  0  1  48  1  1  7  -0.0013618  0.0011078  0.0009519  0.0037898  0.0032348  0.0026682  0.0050701  0.0034314  0.0026340  0.0003795 -0.0008186 -0.0011821  0.0005093  0.0007993  0.0010948 -0.0016091
C  0  1  48  1  1  8  -0.0010226  0.0000269  0.0018842  0.0005325  0.0043601  0.0025781  0.0050448  0.0044538  0.0045446  0.0009251 -0.0001076 -0.0006842  0.0002451  0.0001219  0.0008780 -0.0025346
C  0  1  48  1  1  9   0.0001565  0.0010448  0.0009355  0.0021535  0.0022484  0.0015279  0.0025941  0.0023957  0.0012475 -0.0017595 -0.0001602 -0.0002609  0.0002748 -0.0011012 -0.0008538 -0.0029795
C  0  1  48  1  1 10  -0.0010455  0.0013245 -0.0000642  0.0013653  0.0019083  0.0005563  0.0002919  0.0016356  0.0015208 -0.0017642 -0.0010273 -0.0004598 -0.0007384  0.0002754  0.0009072 -0.0017360
C  0  1  48  1  1 11  -0.0011933  0.0008783  0.0008148  0.0016012  0.0020940 -0.0006661  0.0005597  0.0018346  0.0022569  0.0004127 -0.0017657 -0.0002086 -0.0012060 -0.0015476  0.0002845 -0.0024345
C  0  1  48  1  1 12  -0.0007736  0.0009972  0.0014782  0.0029654  0.0016891  0.0008633  0.0003392  0.0023902  0.0033584  0.0004787  0.0004927 -0.0004057 -0.0004769 -0.0016238 -0.0001177 -0.0020660
C  0  1  48  1  1 13  -0.0008626  0.0009503  0.0022087  0.0013304  0.0025323  0.0015052  0.0036438  0.0047342  0.0045030  0.0000428 -0.0001544 -0.0013289 -0.0015554 -0.0025169 -0.0000994 -0.0020998
C  0  1  48  1  1 14  -0.0013919  0.0002164  0.0024175  0.0036635  0.0029942  0.0014934  0.0030270  0.0056992  0.0052381  0.0018383  0.0010081 -0.0011923 -0.0024970 -0.0014903 -0.0023946 -0.0018702
C  0  1  48  1  1 15  -0.0029337 -0.0002295  0.0027592  0.0036440  0.0018217 -0.0010188  0.0021723  0.0033622  0.0055264  0.0022731  0.0008103 -0.0013114 -0.0042566 -0.0057857 -0.0068814 -0.0051252
C  0  1  48  1  1 16  -0.0021582  0.0011977  0.0032111  0.0035817  0.0025009  0.0000949  0.0036859  0.0031520  0.0031296  0.0061987  0.0019900  0.0013833 -0.0011856 -0.0031104 -0.0056236 -0.0063563
C  0  1  48  1  1 17  -0.0051103  0.0011403  0.0024666  0.0061960  0.0005252 -0.0029951  0.0007977  0.0031219  0.0035216  0.0023321  0.0036607  0.0019090 -0.0013511 -0.0048284 -0.0074467 -0.0053823
C  0  1  48  1  1 18   0.0003449  0.0061646  0.0041340  0.0060931  0.0021735 -0.0016762 -0.0038133 -0.0021388  0.0017420  0.0037832  0.0011024  0.0003472 -0.0024145 -0.0036084 -0.0060482 -0.0045688
C  0  1  48  1  1 19   0.0009304  0.0071922  0.0106356  0.0086216  0.0071201  0.0022916 -0.0036426 -0.0008806  0.0024240  0.0043301  0.0014009 -0.0015944 -0.0043713 -0.0039950 -0.0063065 -0.0037512
C  0  1  48  1  1 20   0.0010271  0.0127949  0.0170463  0.0113281  0.0051812  0.0024733 -0.0032808 -0.0021094 -0.0008957  0.0047976  0.0015376 -0.0040883 -0.0073596 -0.0091631 -0.0079345 -0.0063841
C  0  1  48  1  1 21   0.0096926  0.0222149  0.0309468  0.0235702  0.0140296  0.0173875  0.0094013  0.0101470  0.0112689  0.0130050  0.0020592 -0.0031647 -0.0092784 -0.0195584 -0.0061689  0.0009438
