CPHI 16 
CETA 22 -2.40 -2.10 -1.85 -1.60 -1.40 -1.20 -1.00 -0.80 -0.60 -0.40 -0.20  0.00  0.20  0.40  0.60  0.80  1.00  1.20  1.40  1.60  1.85  2.10  2.40 
RMIN  6 
RTRK 12 
RETA 11  0.00  0.20  0.40  0.60  0.80  1.00  1.20  1.40  1.60  1.85  2.10  2.40 
T 0 1  49  0  0  0    0.0000000   0.0006352   0.0016719   0.0031779   0.0123843   0.0690770   0.2784043   0.6539130   1.0000000   1.0000000   1.0000000   1.0000000   1.0000000
T 0 1  49  0  0  1    0.0000000   0.0001330   0.0005675   0.0024153   0.0125127   0.0589109   0.2260304   0.5895973   1.0000000   1.0000000   1.0000000   1.0000000   1.0000000
T 0 1  49  0  0  2    0.0000000   0.0001246   0.0004929   0.0017141   0.0107084   0.0555232   0.2091335   0.5736167   1.0000000   1.0000000   1.0000000   1.0000000   1.0000000
T 0 1  49  0  0  3    0.0000000   0.0002027   0.0005639   0.0017167   0.0114705   0.0626574   0.2255617   0.5868934   1.0000000   1.0000000   1.0000000   1.0000000   1.0000000
T 0 1  49  0  0  4    0.0000000   0.0003511   0.0023524   0.0141276   0.0629703   0.2037808   0.4887352   0.8228790   1.0000000   1.0000000   1.0000000   1.0000000   1.0000000
T 0 1  49  0  0  5    0.0000000   0.0010168   0.0073211   0.0510456   0.2049071   0.5331315   0.8766593   0.9994360   1.0000000   1.0000000   1.0000000   1.0000000   1.0000000
T 0 1  49  0  0  6    0.0000000   0.0002879   0.0012491   0.0105287   0.0675742   0.2772353   0.6628548   0.9307928   0.9981947   0.9999994   1.0000000   1.0000000   1.0000000
T 0 1  49  0  0  7    0.0000000   0.0000497   0.0003790   0.0008239   0.0046749   0.0309039   0.1189192   0.2963117   0.5810003   0.8690273   0.9841446   0.9998633   1.0000000
T 0 1  49  0  0  8    0.0000000   0.0000012   0.0000445   0.0001235   0.0003975   0.0010502   0.0042576   0.0250453   0.1189805   0.3926363   0.7885493   0.9692596   1.0000000
T 0 1  49  0  0  9    0.0000000   0.0000050   0.0000119   0.0000342   0.0005504   0.0035107   0.0183132   0.0857263   0.3016133   0.6587159   0.9390970   0.9999419   1.0000000
T 0 1  49  0  0 10    0.0000000   0.0067671   0.0291301   0.0462367   0.0793875   0.1691858   0.3392009   0.6903978   0.9108122   0.9705035   0.9998356   1.0000000   1.0000000
T 0 1  49  1  0  0    0.0000000   0.0005148   0.0016399   0.0047460   0.0213440   0.1017716   0.3374237   0.6994022   1.0000000   1.0000000   1.0000000   1.0000000   1.0000000
T 0 1  49  1  0  1    0.0000000   0.0002633   0.0010891   0.0042307   0.0181163   0.0752157   0.2537985   0.6193956   1.0000000   1.0000000   1.0000000   1.0000000   1.0000000
T 0 1  49  1  0  2    0.0000000   0.0002194   0.0008486   0.0027728   0.0124455   0.0616642   0.2339277   0.6064318   1.0000000   1.0000000   1.0000000   1.0000000   1.0000000
T 0 1  49  1  0  3    0.0000000   0.0002283   0.0008669   0.0027852   0.0140251   0.0700545   0.2491207   0.6198491   1.0000000   1.0000000   1.0000000   1.0000000   1.0000000
T 0 1  49  1  0  4    0.0000000   0.0004356   0.0027620   0.0153929   0.0663357   0.2155446   0.5058694   0.8320271   1.0000000   1.0000000   1.0000000   1.0000000   1.0000000
T 0 1  49  1  0  5    0.0000000   0.0011873   0.0094478   0.0577925   0.2246261   0.5586818   0.8900123   0.9996500   1.0000000   1.0000000   1.0000000   1.0000000   1.0000000
T 0 1  49  1  0  6    0.0000000   0.0004626   0.0026649   0.0180020   0.0942133   0.3329130   0.7236541   0.9536823   0.9988141   0.9999984   1.0000000   1.0000000   1.0000000
T 0 1  49  1  0  7    0.0000000   0.0002246   0.0006446   0.0024765   0.0123245   0.0526267   0.1570011   0.3413836   0.6074237   0.8728054   0.9849908   0.9998878   1.0000000
T 0 1  49  1  0  8    0.0000000   0.0009562   0.0014955   0.0017998   0.0022382   0.0036136   0.0107994   0.0452511   0.1686405   0.4573475   0.8251665   0.9710661   1.0000000
T 0 1  49  1  0  9    0.0000000   0.0021003   0.0074838   0.0131257   0.0159362   0.0198461   0.0401951   0.1288935   0.3661962   0.7154288   0.9583841   0.9999941   1.0000000
T 0 1  49  1  0 10    0.0000000   0.0032254   0.0170235   0.0428863   0.0843736   0.1746921   0.3942474   0.7474223   0.9511020   0.9856143   0.9999985   1.0000000   1.0000000
R 0 1  49  0  0  0    0.0223334   0.0223334   0.0119904   0.0103120   0.0104085   0.0101957   0.0100089   0.0098485   0.0098485   0.0098485   0.0098485   0.0098485
R 0 1  49  0  0  1    0.0117744   0.0117744   0.0117744   0.0117744   0.0110322   0.0108841   0.0109632   0.0108561   0.0108561   0.0108561   0.0108561   0.0108561
R 0 1  49  0  0  2    0.0124465   0.0124465   0.0124465   0.0124465   0.0120391   0.0119874   0.0118477   0.0117019   0.0117019   0.0117019   0.0117019   0.0117019
R 0 1  49  0  0  3    0.0132485   0.0132485   0.0132485   0.0132485   0.0127032   0.0125730   0.0123711   0.0122385   0.0122385   0.0122385   0.0122385   0.0122385
R 0 1  49  0  0  4    0.0187739   0.0187739   0.0187739   0.0173497   0.0168397   0.0158686   0.0144415   0.0131260   0.0131260   0.0131260   0.0131260   0.0131260
R 0 1  49  0  0  5    0.0208636   0.0208636   0.0194260   0.0191827   0.0188098   0.0180975   0.0168383   0.0168383   0.0168383   0.0168383   0.0168383   0.0168383
R 0 1  49  0  0  6    0.0202334   0.0202334   0.0202334   0.0203043   0.0207366   0.0207389   0.0207616   0.0207069   0.0207069   0.0207069   0.0207069   0.0207069
R 0 1  49  0  0  7    0.0228101   0.0228101   0.0228101   0.0228101   0.0207365   0.0212635   0.0211975   0.0210379   0.0204768   0.0197811   0.0197811   0.0197811
R 0 1  49  0  0  8    0.0210820   0.0210820   0.0210820   0.0210820   0.0210820   0.0210820   0.0210820   0.0210424   0.0210168   0.0209290   0.0203141   0.0187396
R 0 1  49  0  0  9    0.0315556   0.0315556   0.0315556   0.0315556   0.0315556   0.0315556   0.0298308   0.0288185   0.0274891   0.0265229   0.0249105   0.0249105
R 0 1  49  0  0 10    0.0780602   0.0713419   0.0615075   0.0532993   0.0474953   0.0439445   0.0409774   0.0355336   0.0335441   0.0302886   0.0302886   0.0302886
R 0 1  49  0  1  0    0.0000000   0.0000000   0.0000000   0.0000567   0.0000858   0.0000797   0.0000731   0.0000646   0.0000646   0.0000646   0.0000646   0.0000646
R 0 1  49  0  1  1    0.0000778   0.0000778   0.0000778   0.0000778   0.0000683   0.0000692   0.0000638   0.0000570   0.0000570   0.0000570   0.0000570   0.0000570
R 0 1  49  0  1  2    0.0000741   0.0000741   0.0000741   0.0000741   0.0000715   0.0000633   0.0000608   0.0000552   0.0000552   0.0000552   0.0000552   0.0000552
R 0 1  49  0  1  3    0.0000542   0.0000542   0.0000542   0.0000542   0.0000694   0.0000591   0.0000535   0.0000494   0.0000494   0.0000494   0.0000494   0.0000494
R 0 1  49  0  1  4    0.0001351   0.0001351   0.0001351   0.0000952   0.0000856   0.0000757   0.0000533   0.0000455   0.0000455   0.0000455   0.0000455   0.0000455
R 0 1  49  0  1  5    0.0002083   0.0002083   0.0000667   0.0000686   0.0000725   0.0000641   0.0000446   0.0000446   0.0000446   0.0000446   0.0000446   0.0000446
R 0 1  49  0  1  6    0.0001006   0.0001006   0.0001006   0.0000439   0.0000570   0.0000566   0.0000453   0.0000315   0.0000315   0.0000315   0.0000315   0.0000315
R 0 1  49  0  1  7    0.0001485   0.0001485   0.0001485   0.0001485   0.0000693   0.0000763   0.0000605   0.0000753   0.0000705   0.0000575   0.0000575   0.0000575
R 0 1  49  0  1  8    0.0000912   0.0000912   0.0000912   0.0000912   0.0000912   0.0000912   0.0000912   0.0001116   0.0001115   0.0000971   0.0000850   0.0000618
R 0 1  49  0  1  9    0.0003063   0.0003063   0.0003063   0.0003063   0.0003063   0.0003063   0.0002030   0.0001942   0.0001782   0.0001605   0.0001345   0.0001345
R 0 1  49  0  1 10    0.0015548   0.0011152   0.0008714   0.0007331   0.0005817   0.0004718   0.0003928   0.0002602   0.0002053   0.0001470   0.0001470   0.0001470
R 0 1  49  0  2  0    0.0000000   0.0000000   0.0000000   0.0000000   0.0000000   0.0000061   0.0000069   0.0000084   0.0000084   0.0000084   0.0000084   0.0000084
R 0 1  49  0  2  1    0.0000000   0.0000000   0.0000000   0.0000000   0.0000000   0.0000232   0.0000082   0.0000106   0.0000106   0.0000106   0.0000106   0.0000106
R 0 1  49  0  2  2    0.0000896   0.0000896   0.0000896   0.0000896   0.0000613   0.0000168   0.0000120   0.0000141   0.0000141   0.0000141   0.0000141   0.0000141
R 0 1  49  0  2  3    0.0001379   0.0001379   0.0001379   0.0001379   0.0000000   0.0000000   0.0000172   0.0000073   0.0000073   0.0000073   0.0000073   0.0000073
R 0 1  49  0  2  4    0.0000000   0.0000000   0.0000000   0.0000000   0.0000000   0.0000146   0.0000103   0.0000000   0.0000000   0.0000000   0.0000000   0.0000000
R 0 1  49  0  2  5    0.0000000   0.0000000   0.0000000   0.0000000   0.0000080   0.0000162   0.0000161   0.0000161   0.0000161   0.0000161   0.0000161   0.0000161
R 0 1  49  0  2  6    0.0000000   0.0000000   0.0000000   0.0000000   0.0000125   0.0000000   0.0000000   0.0000292   0.0000292   0.0000292   0.0000292   0.0000292
R 0 1  49  0  2  7    0.0000000   0.0000000   0.0000000   0.0000000   0.0000000   0.0000000   0.0000000   0.0000000   0.0000000   0.0000000   0.0000000   0.0000000
R 0 1  49  0  2  8    0.0000000   0.0000000   0.0000000   0.0000000   0.0000000   0.0000000   0.0000000   0.0000000   0.0000120   0.0000081   0.0000000   0.0000000
R 0 1  49  0  2  9    0.0000000   0.0000000   0.0000000   0.0000000   0.0000000   0.0000000   0.0000000   0.0000278   0.0000000   0.0000000   0.0000000   0.0000000
R 0 1  49  0  2 10    0.0000000   0.0000000   0.0000000   0.0000000   0.0000000   0.0000000   0.0000891   0.0000843   0.0000000   0.0000000   0.0000000   0.0000000
R 0 1  49  0  3  0    1.0831992   1.0831992   1.0243200   1.0283062   0.9916950   0.9866493   0.9799258   0.9834148   0.9834148   0.9834148   0.9834148   0.9834148
R 0 1  49  0  3  1    1.0157464   1.0157464   1.0157464   1.0157464   0.9986023   0.9850217   0.9793129   0.9787320   0.9787320   0.9787320   0.9787320   0.9787320
R 0 1  49  0  3  2    1.0083430   1.0083430   1.0083430   1.0083430   0.9995171   0.9860644   0.9807070   0.9806890   0.9806890   0.9806890   0.9806890   0.9806890
R 0 1  49  0  3  3    0.9919975   0.9919975   0.9919975   0.9919975   1.0033851   0.9902889   0.9838275   0.9808418   0.9808418   0.9808418   0.9808418   0.9808418
R 0 1  49  0  3  4    1.0257489   1.0257489   1.0257489   0.9937792   0.9773135   0.9744206   0.9788167   0.9898926   0.9898926   0.9898926   0.9898926   0.9898926
R 0 1  49  0  3  5    0.9997056   0.9997056   0.9977909   0.9826309   0.9730478   0.9714071   0.9778130   0.9778130   0.9778130   0.9778130   0.9778130   0.9778130
R 0 1  49  0  3  6    1.0508921   1.0508921   1.0508921   1.0083643   0.9805832   0.9853394   0.9849104   0.9882606   0.9882606   0.9882606   0.9882606   0.9882606
R 0 1  49  0  3  7    1.0191467   1.0191467   1.0191467   1.0191467   1.0273747   1.0002470   0.9925811   0.9857017   0.9859021   0.9870607   0.9870607   0.9870607
R 0 1  49  0  3  8    1.0190060   1.0190060   1.0190060   1.0190060   1.0190060   1.0190060   1.0190060   0.9928211   0.9836527   0.9833810   0.9880610   1.0210228
R 0 1  49  0  3  9    1.0092843   1.0092843   1.0092843   1.0092843   1.0092843   1.0092843   0.9907197   0.9738569   0.9761752   0.9844432   1.0059883   1.0059883
R 0 1  49  0  3 10    1.0675350   1.0363327   1.0230408   1.0062164   0.9773426   0.9718984   0.9646471   0.9700189   1.0041549   1.0262940   1.0262940   1.0262940
R 0 1  49  0  4  0    1.2815197   1.2815197   1.2205422   2.0359883   2.1649217   2.2966770   2.2059549   2.2897537   2.2897537   2.2897537   2.2897537   2.2897537
R 0 1  49  0  4  1    1.8782184   1.8782184   1.8782184   1.8782184   2.1974787   2.2442058   2.2050660   2.2021275   2.2021275   2.2021275   2.2021275   2.2021275
R 0 1  49  0  4  2    1.8517381   1.8517381   1.8517381   1.8517381   2.2561828   2.2389949   2.2217656   2.2325495   2.2325495   2.2325495   2.2325495   2.2325495
R 0 1  49  0  4  3    1.7097510   1.7097510   1.7097510   1.7097510   2.2346954   2.2888659   2.2801720   2.2114343   2.2114343   2.2114343   2.2114343   2.2114343
R 0 1  49  0  4  4    1.8813332   1.8813332   1.8813332   2.0223137   2.0575650   2.0827872   2.1935148   2.3513926   2.3513926   2.3513926   2.3513926   2.3513926
R 0 1  49  0  4  5    1.8130511   1.8130511   2.1249061   2.1659806   2.0627691   2.0767329   2.0317395   2.0317395   2.0317395   2.0317395   2.0317395   2.0317395
R 0 1  49  0  4  6    2.0722766   2.0722766   2.0722766   2.2886978   2.0954845   2.3695314   2.3428693   2.2982082   2.2982082   2.2982082   2.2982082   2.2982082
R 0 1  49  0  4  7    1.8475151   1.8475151   1.8475151   1.8475151   2.2955112   2.4083370   2.3866842   2.3507735   2.3358851   2.3445468   2.3445468   2.3445468
R 0 1  49  0  4  8    2.1489063   2.1489063   2.1489063   2.1489063   2.1489063   2.1489063   2.1489063   2.2430941   2.2272204   2.2600560   2.3325008   2.2011892
R 0 1  49  0  4  9    2.0103195   2.0103195   2.0103195   2.0103195   2.0103195   2.0103195   2.0182319   2.0101835   2.0911892   2.1963124   2.1888954   2.1888954
R 0 1  49  0  4 10    1.8768969   2.2585184   2.0841924   1.9793538   1.9895792   1.9716520   1.9201812   1.9438032   2.0958729   2.0817856   2.0817856   2.0817856
R 0 1  49  0  5  0   10.5448214  10.5448214  15.5763705   3.4568672   4.1263441   3.8338816   4.4308146   3.7967190   3.7967190   3.7967190   3.7967190   3.7967190
R 0 1  49  0  5  1    4.3345713   4.3345713   4.3345713   4.3345713   4.0715380   3.8714542   4.4272024   4.3295394   4.3295394   4.3295394   4.3295394   4.3295394
R 0 1  49  0  5  2    4.2847326   4.2847326   4.2847326   4.2847326   3.9000008   4.1341581   4.2574857   4.3594280   4.3594280   4.3594280   4.3594280   4.3594280
R 0 1  49  0  5  3    5.4330941   5.4330941   5.4330941   5.4330941   4.3382091   3.9591119   4.0096421   4.4903713   4.4903713   4.4903713   4.4903713   4.4903713
R 0 1  49  0  5  4    4.8534148   4.8534148   4.8534148   5.0913226   5.1695511   4.9963243   3.9760817   3.2662426   3.2662426   3.2662426   3.2662426   3.2662426
R 0 1  49  0  5  5    4.6164545   4.6164545   4.6030603   4.5166565   5.5602647   4.8141240   4.0933964   4.0933964   4.0933964   4.0933964   4.0933964   4.0933964
R 0 1  49  0  5  6    2.7137221   2.7137221   2.7137221   3.5276858   5.5704199   2.8431117   2.3915739   1.9932633   1.9932633   1.9932633   1.9932633   1.9932633
R 0 1  49  0  5  7    3.9891523   3.9891523   3.9891523   3.9891523   3.4282140   2.7978851   2.8607342   2.8894411   2.7453067   2.1209084   2.1209084   2.1209084
R 0 1  49  0  5  8    4.2163065   4.2163065   4.2163065   4.2163065   4.2163065   4.2163065   4.2163065   4.3236388   4.7126891   4.3103751   3.3720347   4.8616551
R 0 1  49  0  5  9    5.8129838   5.8129838   5.8129838   5.8129838   5.8129838   5.8129838   6.9202497   6.6705016   6.1734639   5.5071148   6.5338263   6.5338263
R 0 1  49  0  5 10    6.3436443   4.0622425   3.6255844   4.7750907   5.4278627   6.5752820   8.7497155   8.9866160   6.3152963   6.5566498   6.5566498   6.5566498
F  0  1  49  0  0  0    0.9823220   1.0499751   0.9895595   1.0073312   0.9700072   0.9915260   1.0013834   0.9954414   0.9856242   0.9802840   0.9827272
F  0  1  49  1  0  0    1.0531486   1.0873392   1.0530481   1.0672735   1.0609528   1.0759295   1.0758680   1.0618839   1.0341785   1.0632358   1.0796145
C  0  1  49  0  0  0  -0.2963298 -0.1609838 -0.1765339 -0.4251502 -0.2652840 -0.2928077 -0.2060955 -0.1807927 -0.1582136 -0.1632346 -0.1773971 -0.3440742 -0.1739058 -0.2443593 -0.3516866 -0.1213806
C  0  1  49  0  0  1  -0.1456803 -0.2138747 -0.1637486 -0.1219928 -0.1270224 -0.0678422 -0.1206980 -0.1258531 -0.1347629 -0.1362593 -0.1227883 -0.1443044 -0.1803062 -0.1214445 -0.2403851  0.0256051
C  0  1  49  0  0  2  -0.0320087 -0.1270911 -0.0845626 -0.0790519 -0.0640473 -0.1419016 -0.1146213 -0.1533613 -0.0144677 -0.1188251 -0.0786374 -0.0291609 -0.1085034 -0.1431916 -0.0309401 -0.1601024
C  0  1  49  0  0  3  -0.0186657 -0.1375812 -0.1368216  0.0026996 -0.0557262 -0.1724543 -0.0403918 -0.0774260 -0.1123932  0.0375435 -0.1035966 -0.1281165 -0.1156082 -0.1244893 -0.0180637 -0.0073757
C  0  1  49  0  0  4  -0.0904710 -0.1803975 -0.0301434 -0.0560712  0.0365878 -0.1025955  0.0286306 -0.0287103 -0.0044932 -0.0178308 -0.1287598 -0.0293232 -0.1884275 -0.0801250 -0.0456890 -0.1073685
C  0  1  49  0  0  5  -0.0859983  0.0698741 -0.0323421 -0.0160304 -0.0553093  0.0257744 -0.0866359 -0.0328334 -0.1038684 -0.0906257  0.0063283 -0.0644632 -0.0718036 -0.0010363  0.1011410  0.0173092
C  0  1  49  0  0  6  -0.0495492  0.0208841  0.0783805 -0.0857776  0.0393085  0.0385808 -0.0129907 -0.0715747 -0.0461347 -0.0045769  0.0860462  0.0395165 -0.1141972  0.0421416 -0.0494248  0.0198683
C  0  1  49  0  0  7  -0.1107364 -0.0033690 -0.0045480 -0.0437792 -0.0010396  0.0107398  0.0181921 -0.0240978 -0.0172327 -0.0448238  0.0145584 -0.0147312  0.0138753 -0.0217609 -0.0709077 -0.0382677
C  0  1  49  0  0  8   0.0461721  0.0559206  0.0577303  0.0404582 -0.0261430  0.0231049  0.0053675 -0.0464203 -0.0243837  0.0406028  0.0147165 -0.0151946  0.0275902  0.1022515 -0.0543938 -0.1222606
C  0  1  49  0  0  9  -0.0076763  0.0464305  0.0049603  0.0981575  0.0377886 -0.0232045  0.0365402  0.0336529 -0.0588702  0.0183946  0.0104040  0.0522877 -0.0241661  0.0773823 -0.1056288  0.0406725
C  0  1  49  0  0 10  -0.0362426  0.0335169  0.0304157  0.0706189 -0.0232205  0.0066680 -0.0303080 -0.0014713 -0.0215805 -0.0199699  0.0407788  0.0429991 -0.0628642  0.0629218 -0.0037220  0.0549123
C  0  1  49  0  0 11  -0.0396766  0.0087280 -0.0221639  0.0167878  0.0318826  0.1176018  0.0446670  0.0695827  0.0779223  0.0092956  0.0312994  0.0267853  0.0169032  0.0697881 -0.0219542  0.0424654
C  0  1  49  0  0 12   0.0640061 -0.0183383 -0.0162555 -0.0268183  0.0348243  0.0732964 -0.0735170 -0.0249191 -0.0204720  0.0621002  0.0214119  0.0328169  0.0109103 -0.0630825 -0.0188460  0.0207069
C  0  1  49  0  0 13  -0.0281127 -0.0245272  0.0007471  0.0156157 -0.0554699 -0.0703900  0.0284825  0.0060418  0.0637447  0.0196413  0.0097918  0.0233358 -0.0577910  0.0044337 -0.0513919 -0.0113075
C  0  1  49  0  0 14  -0.0430295 -0.0194577  0.0247314 -0.0715636 -0.0182681 -0.0247900 -0.0183494 -0.0381075 -0.1293617  0.0173150  0.0806727 -0.0085143  0.0685401  0.0221434 -0.0460646 -0.0569827
C  0  1  49  0  0 15  -0.0184916 -0.0562174  0.0188423  0.0130196  0.0068418 -0.0343198  0.0256597  0.0478548  0.0493800 -0.0304869 -0.0105849 -0.1168948 -0.0055466 -0.0414284 -0.0595081  0.0418532
C  0  1  49  0  0 16   0.0786995  0.0341616 -0.0474236 -0.0564681 -0.1261323 -0.1272753  0.0045311 -0.0002411 -0.0418199  0.0149394 -0.0107230 -0.0469324 -0.0414187  0.0453190 -0.1382170 -0.0552923
C  0  1  49  0  0 17  -0.1343277 -0.0860813 -0.0729425 -0.0562837 -0.1897094 -0.0782512  0.0290983 -0.0486931 -0.0802969 -0.0473858 -0.0230920  0.0431761 -0.0569791 -0.1362871 -0.2199105 -0.0055655
C  0  1  49  0  0 18  -0.1341257 -0.0170257 -0.0353124 -0.1408922 -0.1984918 -0.1607538 -0.0091444 -0.0296112 -0.0907024 -0.0356831 -0.0539506 -0.1113791  0.0444082  0.0247825 -0.2585761 -0.0411089
C  0  1  49  0  0 19   0.0416717 -0.1110511 -0.2210636 -0.0350818 -0.1605219 -0.0433470 -0.1452192 -0.0817508 -0.1702805 -0.0661738 -0.0082406 -0.0508460 -0.0759749 -0.0438477 -0.0011093 -0.0944399
C  0  1  49  0  0 20  -0.0249309 -0.0503773 -0.0950829 -0.1040830 -0.0968593 -0.1211378 -0.1724380 -0.1061101 -0.1256737 -0.1599755 -0.2500996 -0.0124403  0.0299735 -0.2074896 -0.2407198 -0.1754811
C  0  1  49  0  0 21  -0.0879732 -0.2229684 -0.3897641 -0.1078989 -0.1984618 -0.1264232 -0.2253471 -0.1394006 -0.2171849 -0.2813787 -0.0811221 -0.3145742 -0.3633452 -0.4781926 -0.1769704 -0.3059936
C  0  1  49  0  1  0  -0.0017980  0.0005107 -0.0009613 -0.0055477 -0.0030719  0.0032900 -0.0015898  0.0004561  0.0035485 -0.0019980 -0.0032228  0.0045502  0.0098326  0.0043005  0.0088146  0.0039604
C  0  1  49  0  1  1  -0.0001984  0.0029567 -0.0008616 -0.0001019 -0.0017712 -0.0033468  0.0076844  0.0008990  0.0006021  0.0001732 -0.0006313 -0.0038170  0.0015870  0.0035258  0.0005952  0.0018812
C  0  1  49  0  1  2   0.0034264 -0.0000810  0.0025999  0.0010574 -0.0014284 -0.0006756  0.0004267  0.0035674 -0.0002595  0.0021971 -0.0013218 -0.0004878  0.0031313 -0.0002067  0.0000734 -0.0003280
C  0  1  49  0  1  3   0.0036195 -0.0016121 -0.0006569 -0.0036724 -0.0015881  0.0012486  0.0022123 -0.0018524 -0.0033955 -0.0015240 -0.0001168 -0.0030722  0.0007323  0.0000398  0.0026514  0.0018953
C  0  1  49  0  1  4   0.0015103  0.0011288 -0.0032053  0.0020067  0.0003712 -0.0016875  0.0007377  0.0008012  0.0004490  0.0012501 -0.0000900  0.0002928  0.0010303  0.0014441 -0.0010354 -0.0035032
C  0  1  49  0  1  5   0.0004191  0.0005264 -0.0006476  0.0017457  0.0005338 -0.0004233 -0.0006128  0.0023336  0.0001900 -0.0008009  0.0010545  0.0001087 -0.0001096  0.0003353 -0.0003662 -0.0022183
C  0  1  49  0  1  6   0.0017411 -0.0000487 -0.0008142  0.0013968  0.0010578  0.0008704 -0.0012547 -0.0010274  0.0016314 -0.0004277  0.0009379  0.0002230 -0.0000844 -0.0043506  0.0005095 -0.0010464
C  0  1  49  0  1  7   0.0012713  0.0002879  0.0017814  0.0008315  0.0016515  0.0009519 -0.0022292 -0.0002938  0.0013867 -0.0010936  0.0013998 -0.0013167  0.0007061  0.0010433 -0.0007073  0.0007450
C  0  1  49  0  1  8   0.0013932  0.0031372  0.0016339 -0.0002335  0.0019504  0.0014289  0.0004649  0.0007120  0.0010197  0.0007042 -0.0006177 -0.0005075 -0.0007955 -0.0013079 -0.0000936  0.0022368
C  0  1  49  0  1  9  -0.0024800  0.0005129  0.0011113  0.0009019 -0.0004652 -0.0009534  0.0010957  0.0020084 -0.0005656 -0.0018523 -0.0028970 -0.0013308 -0.0023409 -0.0017407 -0.0000892  0.0009103
C  0  1  49  0  1 10   0.0004728  0.0000593  0.0014620  0.0015955  0.0011761 -0.0008633  0.0011040 -0.0009462 -0.0018404 -0.0025778 -0.0018852 -0.0014947 -0.0005671 -0.0002478 -0.0015754  0.0011103
C  0  1  49  0  1 11   0.0001168  0.0001313 -0.0002896  0.0013758 -0.0009499  0.0001467 -0.0025935 -0.0022563 -0.0039804  0.0020882 -0.0003484 -0.0013103 -0.0002314 -0.0002150 -0.0008360 -0.0017290
C  0  1  49  0  1 12  -0.0002550  0.0012455  0.0013748 -0.0003884  0.0000402 -0.0006033  0.0006732 -0.0006627  0.0002643  0.0016511  0.0007637  0.0018693 -0.0004990 -0.0002912  0.0009439  0.0003707
C  0  1  49  0  1 13   0.0016752 -0.0006298  0.0005165  0.0022138  0.0033045 -0.0008814 -0.0017099 -0.0016203 -0.0011107 -0.0014782 -0.0004096 -0.0022272 -0.0006508  0.0007460  0.0010052  0.0017746
C  0  1  49  0  1 14   0.0006613  0.0013219  0.0021874  0.0004785  0.0016249  0.0007097 -0.0002334 -0.0006407  0.0002920 -0.0002591 -0.0002425  0.0005406  0.0006014  0.0017976 -0.0008207  0.0022048
C  0  1  49  0  1 15   0.0024803  0.0016941 -0.0010876  0.0006222  0.0012567  0.0011686  0.0009958 -0.0033704 -0.0013027 -0.0015452 -0.0009160  0.0010630  0.0000874 -0.0012307 -0.0005131  0.0012257
C  0  1  49  0  1 16   0.0010616  0.0028170  0.0013851  0.0035987 -0.0000016  0.0034297  0.0003323 -0.0013748  0.0004904 -0.0011213  0.0018182 -0.0008460  0.0015651  0.0003664  0.0014877  0.0011548
C  0  1  49  0  1 17   0.0012553 -0.0009083 -0.0004483  0.0039116  0.0004036  0.0035693 -0.0008502  0.0039082 -0.0000518  0.0041902  0.0018451  0.0009953  0.0013017 -0.0017647  0.0069614  0.0050603
C  0  1  49  0  1 18   0.0055738  0.0034495  0.0020699  0.0015917  0.0026043  0.0018187  0.0055668  0.0028203 -0.0003213  0.0020201  0.0031816  0.0010505  0.0019343  0.0022074  0.0094610  0.0032342
C  0  1  49  0  1 19   0.0016651  0.0032130  0.0035883  0.0007583  0.0018361  0.0018442  0.0038400  0.0028859  0.0017402  0.0034185 -0.0004441 -0.0003426  0.0000294  0.0029221  0.0022572  0.0038624
C  0  1  49  0  1 20   0.0077911  0.0063283  0.0042219  0.0032541  0.0009688  0.0034308  0.0038166  0.0052843  0.0031205  0.0030716 -0.0012736 -0.0011579  0.0025274  0.0029958  0.0078717  0.0033054
C  0  1  49  0  1 21   0.0142957  0.0115049  0.0069367  0.0020279 -0.0039704 -0.0057509 -0.0075711 -0.0003336 -0.0049783 -0.0077764  0.0015735  0.0055635  0.0034427  0.0025765  0.0092160  0.0064336
C  0  1  49  1  0  0  -0.4862655 -0.3574172 -0.3264193 -0.4173792 -0.3394027 -0.4228880 -0.3986335 -0.4348072 -0.3614783 -0.3393273 -0.3699936 -0.4965765 -0.5051665 -0.4349900 -0.4406550 -0.4539209
C  0  1  49  1  0  1  -0.3024985 -0.3505414 -0.2767702 -0.2307944 -0.2699965 -0.2885036 -0.3194514 -0.2511104 -0.2625493 -0.1818256 -0.3798280 -0.3399040 -0.3140324 -0.3926099 -0.3231738 -0.3032007
C  0  1  49  1  0  2  -0.2938975 -0.3248468 -0.2891373 -0.2956862 -0.2807346 -0.2679972 -0.2380001 -0.2562189 -0.2472599 -0.2515968 -0.2720900 -0.3024078 -0.3793270 -0.3618263 -0.2646023 -0.3077607
C  0  1  49  1  0  3  -0.3130624 -0.3046729 -0.2852393 -0.2549177 -0.2626701 -0.1992300 -0.2334954 -0.1612828 -0.1838853 -0.2177863 -0.2607394 -0.2800039 -0.2984175 -0.3101493 -0.3202362 -0.3083107
C  0  1  49  1  0  4  -0.2788785 -0.2632642 -0.3096919 -0.2401818 -0.2617106 -0.2572265 -0.2493810 -0.2063471 -0.2793632 -0.1998706 -0.2540576 -0.2907232 -0.3049943 -0.2662859 -0.3077684 -0.3377642
C  0  1  49  1  0  5  -0.2429132 -0.1575610 -0.1836078 -0.1553646 -0.1859510 -0.1293972 -0.2340082 -0.1500660 -0.1640312 -0.1593013 -0.1379165 -0.2548753 -0.2114031 -0.1583611 -0.1928309 -0.1873153
C  0  1  49  1  0  6  -0.1107261 -0.1154284 -0.1382355 -0.1904231 -0.1229349 -0.1113646 -0.1309155 -0.1452806 -0.1416778 -0.1485923 -0.1003665 -0.1144888 -0.1369898 -0.1441241 -0.1301802 -0.1765720
C  0  1  49  1  0  7  -0.1693649 -0.1743604 -0.1586256 -0.1156883 -0.1495143 -0.1601536 -0.1907046 -0.1761554 -0.1639792 -0.1219118 -0.1387887 -0.1863382 -0.2004404 -0.1799954 -0.1399204 -0.1557535
C  0  1  49  1  0  8  -0.1837449 -0.0954316 -0.1493901 -0.1401675 -0.1482936 -0.1756641 -0.1568930 -0.1368668 -0.1156473 -0.0838554 -0.1495776 -0.1821333 -0.1519497 -0.1863033 -0.1547143 -0.1432496
C  0  1  49  1  0  9  -0.1317748 -0.1021931 -0.1077203 -0.1406443 -0.1253353 -0.1473485 -0.0867174 -0.1755520 -0.1443970 -0.1326228 -0.0911619 -0.1308264 -0.1839224 -0.1267113 -0.1556453 -0.1361007
C  0  1  49  1  0 10  -0.1409232 -0.0920026 -0.1499681 -0.1676360 -0.1128447 -0.0896589 -0.1576979 -0.0989972 -0.0855889 -0.1259295 -0.1175503 -0.1425968 -0.1159889 -0.1481537 -0.0985428 -0.1428432
C  0  1  49  1  0 11  -0.1514473 -0.0979483 -0.1300357 -0.1045589 -0.1016315 -0.1119814 -0.0745571 -0.1302532 -0.1473574 -0.0796302 -0.0855394 -0.1258825 -0.0864762 -0.1619749 -0.0832010 -0.1251327
C  0  1  49  1  0 12  -0.0905111 -0.1194566 -0.1239616 -0.1150158 -0.1565940 -0.1292569 -0.1488904 -0.1631806 -0.1323996 -0.1585332 -0.1357364 -0.1115160 -0.0950136 -0.1451510 -0.1255334 -0.1261845
C  0  1  49  1  0 13  -0.1588137 -0.1451390 -0.1419331 -0.1120741 -0.1268614 -0.1222683 -0.1438967 -0.1595013 -0.1119895 -0.1193979 -0.1931566 -0.1482858 -0.1691877 -0.1643193 -0.1738396 -0.1511785
C  0  1  49  1  0 14  -0.1506980 -0.1672762 -0.1311524 -0.1643207 -0.1921196 -0.1605024 -0.1878111 -0.2413061 -0.1648464 -0.1705374 -0.1704766 -0.1709746 -0.1592883 -0.1408610 -0.1369789 -0.1910109
C  0  1  49  1  0 15  -0.1291386 -0.1870693 -0.1648018 -0.1109179 -0.1569915 -0.1091835 -0.1707707 -0.1675723 -0.1451944 -0.1307999 -0.1179519 -0.1985466 -0.1208266 -0.1565871 -0.0980738 -0.1684330
C  0  1  49  1  0 16  -0.1456515 -0.1534446 -0.1875195 -0.1324825 -0.1298549 -0.1624465 -0.1789775 -0.2808792 -0.1442489 -0.1892591 -0.1261292 -0.1752053 -0.1699132 -0.2160826 -0.1452237 -0.1434874
C  0  1  49  1  0 17  -0.2839496 -0.2610927 -0.2196003 -0.2799320 -0.2481791 -0.2685594 -0.2471740 -0.2530690 -0.2991538 -0.2317062 -0.2326330 -0.2453065 -0.1745486 -0.3011449 -0.2470824 -0.2662816
C  0  1  49  1  0 18  -0.3253830 -0.3150171 -0.2717024 -0.2599121 -0.1947443 -0.2468351 -0.3291240 -0.2433204 -0.2511895 -0.2541468 -0.2738874 -0.2799314 -0.2850775 -0.2451134 -0.1745159 -0.2304337
C  0  1  49  1  0 19  -0.2407291 -0.2635745 -0.3026435 -0.3057330 -0.2682660 -0.2322671 -0.2452778 -0.2107691 -0.2674963 -0.3103698 -0.2349290 -0.2887758 -0.2829837 -0.2741194 -0.3350548 -0.3073268
C  0  1  49  1  0 20  -0.2742679 -0.2815514 -0.3899638 -0.2605122 -0.2802591 -0.2133108 -0.2908328 -0.2868546 -0.3090256 -0.3352112 -0.2842307 -0.3361175 -0.3474483 -0.3047785 -0.2561680 -0.2675492
C  0  1  49  1  0 21  -0.5229664 -0.4393032 -0.4215400 -0.4069535 -0.3575088 -0.2530159 -0.3393307 -0.3498855 -0.4200241 -0.3657063 -0.3280227 -0.3569514 -0.3586466 -0.3785457 -0.4471290 -0.3949079
C  0  1  49  1  1  0   0.0455583  0.0501729  0.0396428  0.0256856 -0.0004207 -0.0243974 -0.0333059 -0.0431575 -0.0488636 -0.0396334 -0.0336167 -0.0215302  0.0028294  0.0027192  0.0239265  0.0355880
C  0  1  49  1  1  1   0.0237708  0.0233609  0.0173816  0.0101492  0.0030157 -0.0085852 -0.0145281 -0.0179593 -0.0184675 -0.0143159 -0.0152760 -0.0064496  0.0031598  0.0083718  0.0120152  0.0231956
C  0  1  49  1  1  2   0.0126107  0.0118958  0.0080144  0.0049791  0.0014221 -0.0042312 -0.0086898 -0.0086114 -0.0091405 -0.0058236 -0.0056245 -0.0035475 -0.0000605  0.0037510  0.0031391  0.0110279
C  0  1  49  1  1  3   0.0068014  0.0073351  0.0024149  0.0049206  0.0007524 -0.0008147 -0.0055935 -0.0031478 -0.0012228  0.0003256 -0.0025995 -0.0010137  0.0012650  0.0014427  0.0028814  0.0060784
C  0  1  49  1  1  4   0.0010925  0.0023032  0.0006266  0.0011641  0.0027058  0.0023405 -0.0006224  0.0021596  0.0041879  0.0027346 -0.0012573 -0.0020152  0.0024227  0.0011519  0.0033367  0.0008644
C  0  1  49  1  1  5   0.0010278  0.0010044 -0.0010068  0.0024924  0.0024257  0.0030297  0.0021303  0.0040171  0.0042139  0.0012122 -0.0008087 -0.0012734  0.0018470  0.0013482  0.0022629 -0.0005997
C  0  1  49  1  1  6   0.0022670  0.0008155  0.0001903  0.0027635  0.0037974  0.0035275  0.0047063  0.0035142  0.0032521  0.0004151 -0.0006797  0.0000019  0.0003022  0.0004417  0.0004858 -0.0007909
C  0  1  49  1  1  7  -0.0015412  0.0020340  0.0007530  0.0043509  0.0033842  0.0031862  0.0048938  0.0027284  0.0034087 -0.0001140 -0.0006012 -0.0003926  0.0010241  0.0003040  0.0005878 -0.0016391
C  0  1  49  1  1  8  -0.0008039  0.0006908  0.0018292  0.0011478  0.0043138  0.0033588  0.0038159  0.0048231  0.0040358  0.0015882 -0.0001515 -0.0002185  0.0014396  0.0007515  0.0008518 -0.0009910
C  0  1  49  1  1  9   0.0008134  0.0020704  0.0017892  0.0025476  0.0027406  0.0023269  0.0029120  0.0040630  0.0019747 -0.0009905  0.0018148  0.0001720  0.0005431 -0.0009812 -0.0003281 -0.0025353
C  0  1  49  1  1 10  -0.0007514  0.0014687  0.0014423  0.0015752  0.0013324  0.0019706  0.0017163  0.0025169  0.0023965 -0.0013936 -0.0014235 -0.0003482 -0.0014071  0.0000545  0.0010671 -0.0019167
C  0  1  49  1  1 11   0.0003308  0.0008508  0.0000562  0.0014741  0.0020092 -0.0003234  0.0008361  0.0018367  0.0021277  0.0008415 -0.0025346 -0.0008952 -0.0004240 -0.0004870 -0.0006206 -0.0024060
C  0  1  49  1  1 12  -0.0004822  0.0019118  0.0029125  0.0031984  0.0018080  0.0009262  0.0002921  0.0026362  0.0048013  0.0008448  0.0022100  0.0012136 -0.0007861 -0.0009911  0.0013570 -0.0014368
C  0  1  49  1  1 13  -0.0001223  0.0013817  0.0024564  0.0029650  0.0023190  0.0026007  0.0038796  0.0059576  0.0046683  0.0015276  0.0009760 -0.0004212 -0.0006588 -0.0022625 -0.0002933 -0.0014375
C  0  1  49  1  1 14  -0.0008923  0.0006554  0.0022202  0.0032802  0.0034971  0.0023257  0.0033962  0.0059612  0.0047275  0.0005594  0.0013716 -0.0004825 -0.0019100 -0.0014500 -0.0017780 -0.0021279
C  0  1  49  1  1 15  -0.0020800  0.0003137  0.0023808  0.0023969  0.0021140 -0.0012369  0.0027908  0.0034440  0.0054807  0.0031993  0.0020087 -0.0009789 -0.0038697 -0.0063252 -0.0066858 -0.0047749
C  0  1  49  1  1 16  -0.0015967  0.0015756  0.0033431  0.0047252  0.0030251 -0.0000061  0.0029666  0.0026998  0.0040931  0.0056576  0.0023913  0.0011704 -0.0010000 -0.0020241 -0.0052154 -0.0054509
C  0  1  49  1  1 17  -0.0032622  0.0022706  0.0018083  0.0063120  0.0015836 -0.0023544  0.0009329  0.0028883  0.0038766  0.0039539  0.0043607  0.0017625 -0.0029985 -0.0041743 -0.0054074 -0.0049124
C  0  1  49  1  1 18   0.0011388  0.0081126  0.0057412  0.0063439  0.0036973  0.0012209 -0.0020451 -0.0002329  0.0034158  0.0040962  0.0032719  0.0017456 -0.0013184 -0.0036924 -0.0057106 -0.0044324
C  0  1  49  1  1 19   0.0025656  0.0072790  0.0120434  0.0100195  0.0065332  0.0024497 -0.0025838 -0.0007346  0.0027689  0.0053184  0.0022812  0.0001553 -0.0024261 -0.0052968 -0.0054395 -0.0024569
C  0  1  49  1  1 20   0.0011373  0.0149612  0.0189821  0.0139163  0.0067534  0.0041233 -0.0013015 -0.0006065  0.0008915  0.0069792  0.0023450 -0.0020795 -0.0063448 -0.0087490 -0.0053430 -0.0055340
C  0  1  49  1  1 21   0.0090920  0.0196220  0.0309326  0.0218359  0.0152166  0.0147466  0.0097826  0.0125618  0.0110638  0.0142132  0.0006698 -0.0049588 -0.0112432 -0.0173135 -0.0093050 -0.0016257
