CPHI 16 
CETA 22 -2.40 -2.10 -1.85 -1.60 -1.40 -1.20 -1.00 -0.80 -0.60 -0.40 -0.20  0.00  0.20  0.40  0.60  0.80  1.00  1.20  1.40  1.60  1.85  2.10  2.40 
RMIN  6 
RTRK 12 
RETA 11  0.00  0.20  0.40  0.60  0.80  1.00  1.20  1.40  1.60  1.85  2.10  2.40 
T 0 1   5  0  0  0    0.0000000   0.0006288   0.0017244   0.0031610   0.0123458   0.0693552   0.2779818   0.6535682   1.0000000   1.0000000   1.0000000   1.0000000   1.0000000
T 0 1   5  0  0  1    0.0000000   0.0001493   0.0005463   0.0022971   0.0124267   0.0588782   0.2253514   0.5873999   1.0000000   1.0000000   1.0000000   1.0000000   1.0000000
T 0 1   5  0  0  2    0.0000000   0.0001296   0.0005432   0.0017903   0.0106812   0.0555476   0.2094301   0.5740331   1.0000000   1.0000000   1.0000000   1.0000000   1.0000000
T 0 1   5  0  0  3    0.0000000   0.0001890   0.0005593   0.0017122   0.0114753   0.0628254   0.2254152   0.5864068   1.0000000   1.0000000   1.0000000   1.0000000   1.0000000
T 0 1   5  0  0  4    0.0000000   0.0003997   0.0026108   0.0143394   0.0628308   0.2041549   0.4884798   0.8217636   1.0000000   1.0000000   1.0000000   1.0000000   1.0000000
T 0 1   5  0  0  5    0.0000000   0.0009743   0.0074466   0.0513171   0.2057097   0.5327380   0.8757632   0.9993798   1.0000000   1.0000000   1.0000000   1.0000000   1.0000000
T 0 1   5  0  0  6    0.0000000   0.0002812   0.0011665   0.0102254   0.0674949   0.2776271   0.6634794   0.9314671   0.9983089   0.9999976   1.0000000   1.0000000   1.0000000
T 0 1   5  0  0  7    0.0000000   0.0000591   0.0004044   0.0009351   0.0048319   0.0309428   0.1194639   0.2974159   0.5820318   0.8692349   0.9842473   0.9998565   1.0000000
T 0 1   5  0  0  8    0.0000000   0.0000007   0.0000285   0.0001138   0.0004029   0.0009402   0.0040391   0.0250796   0.1191988   0.3937864   0.7893308   0.9693350   1.0000000
T 0 1   5  0  0  9    0.0000000   0.0000029   0.0000043   0.0000262   0.0005365   0.0036028   0.0183465   0.0861935   0.3019242   0.6586944   0.9385555   0.9999297   1.0000000
T 0 1   5  0  0 10    0.0000000   0.0067579   0.0291745   0.0466983   0.0800815   0.1693451   0.3387288   0.6907803   0.9108828   0.9703053   0.9998354   1.0000000   1.0000000
T 0 1   5  1  0  0    0.0000000   0.0005148   0.0016399   0.0047460   0.0213440   0.1017716   0.3374237   0.6994022   1.0000000   1.0000000   1.0000000   1.0000000   1.0000000
T 0 1   5  1  0  1    0.0000000   0.0002633   0.0010891   0.0042307   0.0181163   0.0752157   0.2537985   0.6193956   1.0000000   1.0000000   1.0000000   1.0000000   1.0000000
T 0 1   5  1  0  2    0.0000000   0.0002194   0.0008486   0.0027728   0.0124455   0.0616642   0.2339277   0.6064318   1.0000000   1.0000000   1.0000000   1.0000000   1.0000000
T 0 1   5  1  0  3    0.0000000   0.0002283   0.0008669   0.0027852   0.0140251   0.0700545   0.2491207   0.6198491   1.0000000   1.0000000   1.0000000   1.0000000   1.0000000
T 0 1   5  1  0  4    0.0000000   0.0004356   0.0027620   0.0153929   0.0663357   0.2155446   0.5058694   0.8320271   1.0000000   1.0000000   1.0000000   1.0000000   1.0000000
T 0 1   5  1  0  5    0.0000000   0.0011873   0.0094478   0.0577925   0.2246261   0.5586818   0.8900123   0.9996500   1.0000000   1.0000000   1.0000000   1.0000000   1.0000000
T 0 1   5  1  0  6    0.0000000   0.0004626   0.0026649   0.0180020   0.0942133   0.3329130   0.7236541   0.9536823   0.9988141   0.9999984   1.0000000   1.0000000   1.0000000
T 0 1   5  1  0  7    0.0000000   0.0002246   0.0006446   0.0024765   0.0123245   0.0526267   0.1570011   0.3413836   0.6074237   0.8728054   0.9849908   0.9998878   1.0000000
T 0 1   5  1  0  8    0.0000000   0.0009562   0.0014955   0.0017998   0.0022382   0.0036136   0.0107994   0.0452511   0.1686405   0.4573475   0.8251665   0.9710661   1.0000000
T 0 1   5  1  0  9    0.0000000   0.0021003   0.0074838   0.0131257   0.0159362   0.0198461   0.0401951   0.1288935   0.3661962   0.7154288   0.9583841   0.9999941   1.0000000
T 0 1   5  1  0 10    0.0000000   0.0032254   0.0170235   0.0428863   0.0843736   0.1746921   0.3942474   0.7474223   0.9511020   0.9856143   0.9999985   1.0000000   1.0000000
R 0 1   5  0  0  0    0.0206804   0.0206804   0.0125993   0.0105300   0.0103571   0.0101761   0.0099900   0.0098362   0.0098362   0.0098362   0.0098362   0.0098362
R 0 1   5  0  0  1    0.0116620   0.0116620   0.0116620   0.0116620   0.0109727   0.0109467   0.0109507   0.0108812   0.0108812   0.0108812   0.0108812   0.0108812
R 0 1   5  0  0  2    0.0124232   0.0124232   0.0124232   0.0124232   0.0120209   0.0119367   0.0118683   0.0116927   0.0116927   0.0116927   0.0116927   0.0116927
R 0 1   5  0  0  3    0.0134311   0.0134311   0.0134311   0.0134311   0.0126646   0.0125417   0.0123203   0.0122458   0.0122458   0.0122458   0.0122458   0.0122458
R 0 1   5  0  0  4    0.0189771   0.0189771   0.0189771   0.0173150   0.0168818   0.0158748   0.0144772   0.0130832   0.0130832   0.0130832   0.0130832   0.0130832
R 0 1   5  0  0  5    0.0206622   0.0206622   0.0194368   0.0191820   0.0186875   0.0180749   0.0170289   0.0170289   0.0170289   0.0170289   0.0170289   0.0170289
R 0 1   5  0  0  6    0.0201311   0.0201311   0.0201311   0.0203949   0.0207654   0.0206784   0.0207615   0.0207190   0.0207190   0.0207190   0.0207190   0.0207190
R 0 1   5  0  0  7    0.0230720   0.0230720   0.0230720   0.0230720   0.0206869   0.0212286   0.0210996   0.0209923   0.0205747   0.0196533   0.0196533   0.0196533
R 0 1   5  0  0  8    0.0209896   0.0209896   0.0209896   0.0209896   0.0209896   0.0209896   0.0209896   0.0209468   0.0210100   0.0209637   0.0202714   0.0188261
R 0 1   5  0  0  9    0.0314696   0.0314696   0.0314696   0.0314696   0.0314696   0.0314696   0.0294435   0.0287615   0.0275301   0.0265147   0.0248682   0.0248682
R 0 1   5  0  0 10    0.0781590   0.0712440   0.0601086   0.0535489   0.0473898   0.0439016   0.0410751   0.0355801   0.0335200   0.0307514   0.0307514   0.0307514
R 0 1   5  0  1  0    0.0000000   0.0000000   0.0000000   0.0000807   0.0000817   0.0000834   0.0000725   0.0000635   0.0000635   0.0000635   0.0000635   0.0000635
R 0 1   5  0  1  1    0.0000491   0.0000491   0.0000491   0.0000491   0.0000639   0.0000701   0.0000600   0.0000571   0.0000571   0.0000571   0.0000571   0.0000571
R 0 1   5  0  1  2    0.0000554   0.0000554   0.0000554   0.0000554   0.0000595   0.0000590   0.0000599   0.0000539   0.0000539   0.0000539   0.0000539   0.0000539
R 0 1   5  0  1  3    0.0000529   0.0000529   0.0000529   0.0000529   0.0000556   0.0000571   0.0000555   0.0000480   0.0000480   0.0000480   0.0000480   0.0000480
R 0 1   5  0  1  4    0.0001070   0.0001070   0.0001070   0.0000819   0.0000876   0.0000727   0.0000513   0.0000425   0.0000425   0.0000425   0.0000425   0.0000425
R 0 1   5  0  1  5    0.0001884   0.0001884   0.0000736   0.0000729   0.0000634   0.0000601   0.0000472   0.0000472   0.0000472   0.0000472   0.0000472   0.0000472
R 0 1   5  0  1  6    0.0000329   0.0000329   0.0000329   0.0000534   0.0000613   0.0000569   0.0000539   0.0000420   0.0000420   0.0000420   0.0000420   0.0000420
R 0 1   5  0  1  7    0.0001723   0.0001723   0.0001723   0.0001723   0.0000673   0.0000670   0.0000686   0.0000719   0.0000748   0.0000581   0.0000581   0.0000581
R 0 1   5  0  1  8    0.0001040   0.0001040   0.0001040   0.0001040   0.0001040   0.0001040   0.0001040   0.0001068   0.0001001   0.0000999   0.0000900   0.0000653
R 0 1   5  0  1  9    0.0003345   0.0003345   0.0003345   0.0003345   0.0003345   0.0003345   0.0001977   0.0001954   0.0001855   0.0001594   0.0001394   0.0001394
R 0 1   5  0  1 10    0.0014853   0.0012066   0.0007844   0.0007585   0.0005778   0.0004652   0.0004037   0.0002514   0.0001820   0.0001520   0.0001520   0.0001520
R 0 1   5  0  2  0    0.0000000   0.0000000   0.0000000   0.0000000   0.0000000   0.0000076   0.0000193   0.0000000   0.0000000   0.0000000   0.0000000   0.0000000
R 0 1   5  0  2  1    0.0000000   0.0000000   0.0000000   0.0000000   0.0000000   0.0000000   0.0000121   0.0000141   0.0000141   0.0000141   0.0000141   0.0000141
R 0 1   5  0  2  2    0.0000862   0.0000862   0.0000862   0.0000862   0.0000591   0.0000224   0.0000077   0.0000080   0.0000080   0.0000080   0.0000080   0.0000080
R 0 1   5  0  2  3    0.0000000   0.0000000   0.0000000   0.0000000   0.0000000   0.0000000   0.0000171   0.0000127   0.0000127   0.0000127   0.0000127   0.0000127
R 0 1   5  0  2  4    0.0000000   0.0000000   0.0000000   0.0000000   0.0000226   0.0000113   0.0000139   0.0000069   0.0000069   0.0000069   0.0000069   0.0000069
R 0 1   5  0  2  5    0.0000000   0.0000000   0.0000000   0.0000000   0.0000359   0.0000000   0.0000135   0.0000135   0.0000135   0.0000135   0.0000135   0.0000135
R 0 1   5  0  2  6    0.0000000   0.0000000   0.0000000   0.0000000   0.0000000   0.0000000   0.0000000   0.0000000   0.0000000   0.0000000   0.0000000   0.0000000
R 0 1   5  0  2  7    0.0000000   0.0000000   0.0000000   0.0000000   0.0000000   0.0000000   0.0000000   0.0000000   0.0000000   0.0000000   0.0000000   0.0000000
R 0 1   5  0  2  8    0.0000000   0.0000000   0.0000000   0.0000000   0.0000000   0.0000000   0.0000000   0.0000000   0.0000000   0.0000177   0.0000000   0.0000000
R 0 1   5  0  2  9    0.0000000   0.0000000   0.0000000   0.0000000   0.0000000   0.0000000   0.0000000   0.0000194   0.0000000   0.0000000   0.0000000   0.0000000
R 0 1   5  0  2 10    0.0000000   0.0000000   0.0000000   0.0000000   0.0000000   0.0000000   0.0000954   0.0000000   0.0000000   0.0000000   0.0000000   0.0000000
R 0 1   5  0  3  0    1.1396156   1.1396156   1.0182256   1.0385521   0.9937298   0.9835115   0.9807798   0.9835492   0.9835492   0.9835492   0.9835492   0.9835492
R 0 1   5  0  3  1    1.0303773   1.0303773   1.0303773   1.0303773   0.9899076   0.9854369   0.9783440   0.9794500   0.9794500   0.9794500   0.9794500   0.9794500
R 0 1   5  0  3  2    1.0220169   1.0220169   1.0220169   1.0220169   0.9964851   0.9861088   0.9818430   0.9807769   0.9807769   0.9807769   0.9807769   0.9807769
R 0 1   5  0  3  3    1.0037828   1.0037828   1.0037828   1.0037828   1.0085819   0.9873691   0.9829871   0.9807351   0.9807351   0.9807351   0.9807351   0.9807351
R 0 1   5  0  3  4    1.0062846   1.0062846   1.0062846   0.9907978   0.9785472   0.9716784   0.9789254   0.9890063   0.9890063   0.9890063   0.9890063   0.9890063
R 0 1   5  0  3  5    1.0109245   1.0109245   0.9999748   0.9843976   0.9756417   0.9725920   0.9700399   0.9700399   0.9700399   0.9700399   0.9700399   0.9700399
R 0 1   5  0  3  6    1.0256639   1.0256639   1.0256639   1.0034397   0.9894161   0.9845615   0.9866925   0.9833878   0.9833878   0.9833878   0.9833878   0.9833878
R 0 1   5  0  3  7    1.0264303   1.0264303   1.0264303   1.0264303   1.0303953   0.9989331   0.9865277   0.9856937   0.9885645   0.9888884   0.9888884   0.9888884
R 0 1   5  0  3  8    1.0246844   1.0246844   1.0246844   1.0246844   1.0246844   1.0246844   1.0246844   0.9965622   0.9823921   0.9860188   0.9889263   1.0102705
R 0 1   5  0  3  9    1.0191221   1.0191221   1.0191221   1.0191221   1.0191221   1.0191221   0.9960725   0.9785409   0.9747462   0.9842138   1.0046103   1.0046103
R 0 1   5  0  3 10    1.0619199   1.0337702   1.0345704   0.9880614   0.9742362   0.9681693   0.9692579   0.9694950   1.0040203   1.0083639   1.0083639   1.0083639
R 0 1   5  0  4  0    1.1853159   1.1853159   1.5158730   2.1809814   2.1997578   2.2477554   2.2310954   2.2724464   2.2724464   2.2724464   2.2724464   2.2724464
R 0 1   5  0  4  1    2.0333793   2.0333793   2.0333793   2.0333793   2.0361556   2.2380021   2.1807916   2.2020777   2.2020777   2.2020777   2.2020777   2.2020777
R 0 1   5  0  4  2    1.9075209   1.9075209   1.9075209   1.9075209   2.2134343   2.2375343   2.2449740   2.2384197   2.2384197   2.2384197   2.2384197   2.2384197
R 0 1   5  0  4  3    1.7932015   1.7932015   1.7932015   1.7932015   2.3278072   2.2405051   2.2316840   2.2274674   2.2274674   2.2274674   2.2274674   2.2274674
R 0 1   5  0  4  4    1.9090017   1.9090017   1.9090017   2.0012734   2.1200838   2.0545671   2.2097928   2.3302838   2.3302838   2.3302838   2.3302838   2.3302838
R 0 1   5  0  4  5    1.6971740   1.6971740   2.1373883   2.1710377   2.0978512   2.0779198   2.0146352   2.0146352   2.0146352   2.0146352   2.0146352   2.0146352
R 0 1   5  0  4  6    2.0141208   2.0141208   2.0141208   2.2288503   2.3580953   2.3405155   2.3702343   2.2343037   2.2343037   2.2343037   2.2343037   2.2343037
R 0 1   5  0  4  7    1.7513338   1.7513338   1.7513338   1.7513338   2.3558656   2.3950215   2.2824157   2.3507010   2.4005137   2.3706681   2.3706681   2.3706681
R 0 1   5  0  4  8    2.2259695   2.2259695   2.2259695   2.2259695   2.2259695   2.2259695   2.2259695   2.2313768   2.2226053   2.3217976   2.3563818   2.2742962
R 0 1   5  0  4  9    2.0858029   2.0858029   2.0858029   2.0858029   2.0858029   2.0858029   2.0803858   2.0662979   2.0885772   2.1647735   2.1422273   2.1422273
R 0 1   5  0  4 10    2.0347745   2.2588368   1.9899952   1.9349464   1.9420986   1.9360664   1.9928166   1.9295529   2.0849412   2.0934411   2.0934411   2.0934411
R 0 1   5  0  5  0   13.5922517  13.5922517   5.7623625   3.2725007   3.7494689   3.9805332   4.2925338   3.8972756   3.8972756   3.8972756   3.8972756   3.8972756
R 0 1   5  0  5  1    3.6221091   3.6221091   3.6221091   3.6221091   4.6846636   3.9664596   4.6158554   4.5032598   4.5032598   4.5032598   4.5032598   4.5032598
R 0 1   5  0  5  2    4.1320118   4.1320118   4.1320118   4.1320118   3.9123996   4.1613250   3.9854960   4.2962591   4.2962591   4.2962591   4.2962591   4.2962591
R 0 1   5  0  5  3    4.8510531   4.8510531   4.8510531   4.8510531   3.5261457   4.0904252   4.3242391   4.3709634   4.3709634   4.3709634   4.3709634   4.3709634
R 0 1   5  0  5  4    5.3465707   5.3465707   5.3465707   5.4175705   4.9256429   5.1780074   3.9324012   3.2873105   3.2873105   3.2873105   3.2873105   3.2873105
R 0 1   5  0  5  5    4.9388970   4.9388970   4.7598499   4.4798953   5.3156096   4.7346995   4.1740447   4.1740447   4.1740447   4.1740447   4.1740447   4.1740447
R 0 1   5  0  5  6    2.8245735   2.8245735   2.8245735   3.9458613   3.2798962   2.9981594   2.3321721   2.0984974   2.0984974   2.0984974   2.0984974   2.0984974
R 0 1   5  0  5  7    4.7358078   4.7358078   4.7358078   4.7358078   3.0865466   2.9730869   3.2187351   2.8604530   2.5056365   2.0170206   2.0170206   2.0170206
R 0 1   5  0  5  8    4.1881468   4.1881468   4.1881468   4.1881468   4.1881468   4.1881468   4.1881468   4.3562329   4.6299588   4.0063998   3.2900708   4.1231303
R 0 1   5  0  5  9    4.7150055   4.7150055   4.7150055   4.7150055   4.7150055   4.7150055   6.1705203   5.9341050   6.0431009   5.9417897   6.0338596   6.0338596
R 0 1   5  0  5 10    7.9126361   3.7353794   4.1217293   5.1561437   5.7855438   7.1906068   7.5453910   9.1193605   6.1515893   6.3739719   6.3739719   6.3739719
F  0  1   5  0  0  0    0.9948745   1.0315259   0.9754531   0.9991666   0.9678227   1.0082723   0.9836918   0.9895946   0.9938433   0.9868619   0.9869074
F  0  1   5  1  0  0    1.0591929   1.0826172   1.0660122   1.0586689   1.0642387   1.0794079   1.0662731   1.0495577   1.0529063   1.0619370   1.0886018
C  0  1   5  0  0  0  -0.1667342 -0.0765331 -0.2577884 -0.3038882 -0.2875387 -0.1272918 -0.1574335 -0.2647293 -0.2678337 -0.1796260 -0.1634757 -0.2355055 -0.1672234 -0.2934876 -0.3291820 -0.0536977
C  0  1   5  0  0  1  -0.0003363 -0.1186983 -0.0950228  0.0192771 -0.1468782 -0.2203039 -0.1765452 -0.1020821 -0.0364962 -0.1332872 -0.0103849 -0.0696844 -0.2557240 -0.1191685 -0.2967093  0.0384797
C  0  1   5  0  0  2  -0.0916847 -0.0862191 -0.1652155 -0.0439371 -0.0306158 -0.0400664 -0.0795628 -0.0600065 -0.0125243 -0.0561514 -0.0136563 -0.1013952 -0.1126959 -0.0234904  0.0011301 -0.0666942
C  0  1   5  0  0  3  -0.1030338 -0.1260544 -0.0979707  0.0526303  0.0158864 -0.0699098  0.0082048 -0.0227152 -0.0580560  0.0230683 -0.0660643 -0.1551643 -0.0710002 -0.2333948 -0.1307319  0.0023850
C  0  1   5  0  0  4  -0.0691980 -0.0422347 -0.0656302 -0.1426251 -0.0559518 -0.0564119 -0.0666067  0.0055936 -0.1712742 -0.0264081 -0.1255439 -0.0580718 -0.1564121 -0.1562106  0.0366375 -0.0234270
C  0  1   5  0  0  5  -0.0177779 -0.0514776 -0.1045891  0.1395167 -0.0557732 -0.0841287 -0.0511415  0.0042210  0.0913852 -0.0992455  0.0273486 -0.0389991 -0.0343345  0.0059013  0.0541999 -0.0314487
C  0  1   5  0  0  6   0.0314655  0.0637636  0.0684180  0.0453539  0.0714053  0.0005127 -0.0498096 -0.1501096 -0.0040408 -0.0483420 -0.0132827  0.0281901 -0.0674255  0.0580871 -0.0949444  0.1018555
C  0  1   5  0  0  7   0.0234449 -0.0199562  0.0386936  0.0470270 -0.0011324  0.0906326 -0.0501954  0.0068142 -0.0683799 -0.0280527  0.0694111 -0.0595120  0.0073193 -0.0723525 -0.0203107  0.0724236
C  0  1   5  0  0  8  -0.0300720  0.0189717  0.0881596  0.0402131  0.0071678  0.0755432  0.0359720 -0.0461208 -0.0427383  0.0783458 -0.0066886 -0.0358999  0.0030396  0.1091603 -0.0463855 -0.0864219
C  0  1   5  0  0  9  -0.1076394  0.1027058 -0.0421780  0.0816938 -0.0048114 -0.0174719 -0.0134290  0.0054340 -0.0875581  0.0171219  0.0329481  0.0023014 -0.0311732  0.0085060  0.0382311  0.0446033
C  0  1   5  0  0 10   0.0068531  0.0229756  0.0540694  0.0950697  0.0296930  0.0037885 -0.0537824 -0.0328586 -0.0243000 -0.0622534 -0.0224210  0.0577714 -0.0234211  0.1004367 -0.0172299  0.0913309
C  0  1   5  0  0 11  -0.0362768  0.0287236 -0.0542310 -0.0128175  0.0485464  0.0172694  0.0352812  0.1103774 -0.0311055 -0.0344722  0.0149766 -0.0299302  0.0085347  0.0222828 -0.0570679  0.0055461
C  0  1   5  0  0 12   0.1099060  0.0632566  0.0429914  0.0495213  0.0362146  0.0524800 -0.0164916  0.0365206  0.0362703 -0.0271803  0.0323739 -0.0260266 -0.0845861 -0.0454411  0.0520116  0.0517186
C  0  1   5  0  0 13  -0.0168576 -0.0130199 -0.0075813  0.0219735 -0.0213536 -0.0161399 -0.0314275 -0.0190963 -0.0479240  0.0087143 -0.0441565 -0.0252286 -0.0735762  0.0672131  0.0101237 -0.0107030
C  0  1   5  0  0 14  -0.0058809  0.0135195 -0.0032593  0.0164474 -0.1023494 -0.0695314 -0.0376262  0.0499387 -0.0573545 -0.0812891  0.0499303 -0.0930598  0.0262818  0.0610826 -0.0228745 -0.0696253
C  0  1   5  0  0 15  -0.0247541 -0.0741505  0.0535901  0.0207354  0.0586575  0.0217014  0.0558699  0.0049694  0.0390751 -0.0262360 -0.0325672 -0.0772045  0.0467821  0.0257494 -0.0247293 -0.0468192
C  0  1   5  0  0 16   0.1239196  0.0345087  0.0458569  0.1241122  0.0299718 -0.0210162 -0.1018032 -0.0433814  0.0254584  0.1079752 -0.0424775 -0.0382907 -0.0106619 -0.0574190 -0.0861636  0.0001007
C  0  1   5  0  0 17  -0.1218538 -0.0901868 -0.1623460 -0.1192451 -0.1039416 -0.0123226 -0.1069833  0.0512653  0.0044190 -0.0949681  0.0298848  0.0261622 -0.1051501 -0.0720752 -0.0095834 -0.0014902
C  0  1   5  0  0 18  -0.1323841  0.0158099 -0.0048157 -0.0484992 -0.0906207 -0.1057661 -0.1014077 -0.0440543 -0.0608674  0.0002404  0.0719440 -0.0756985 -0.0200359 -0.0199654 -0.1476813 -0.0700390
C  0  1   5  0  0 19   0.0151788 -0.0706232 -0.2281491 -0.0566609 -0.0760430 -0.0495871 -0.1395922  0.0147702 -0.0858711 -0.1207599 -0.0922601 -0.1681140 -0.0815784 -0.1365471 -0.0319540 -0.0641956
C  0  1   5  0  0 20  -0.1270652 -0.0114189  0.0336440 -0.1341686 -0.0000535 -0.0989337 -0.1490571 -0.1709820 -0.1210306 -0.2682277 -0.1638126  0.0230104 -0.0813192 -0.1912557 -0.1963738 -0.0687626
C  0  1   5  0  0 21  -0.2024340 -0.1408919 -0.4565187 -0.1092256 -0.1866958 -0.4335579 -0.1655495 -0.1295065 -0.1790499 -0.0826495 -0.1992599 -0.3964202 -0.3747736 -0.3302113 -0.3818578 -0.3169153
C  0  1   5  0  1  0  -0.0040485  0.0013477 -0.0009743 -0.0011375 -0.0018094  0.0038381 -0.0003206 -0.0012692  0.0000894  0.0021458 -0.0024915  0.0034835  0.0086996  0.0085472  0.0038221  0.0043539
C  0  1   5  0  1  1   0.0001977  0.0001255 -0.0010437 -0.0027977 -0.0006319 -0.0010169  0.0048508  0.0013684  0.0023139 -0.0043774 -0.0013168 -0.0028835  0.0024987  0.0018467  0.0029264  0.0049603
C  0  1   5  0  1  2   0.0045535 -0.0008162  0.0008575  0.0001139  0.0000688  0.0014690  0.0016647 -0.0015252 -0.0023424 -0.0006639 -0.0031402 -0.0015088  0.0028394  0.0005261  0.0002530  0.0002733
C  0  1   5  0  1  3   0.0040106 -0.0025957  0.0007766 -0.0018031 -0.0007022  0.0026692 -0.0015625 -0.0014438 -0.0022105 -0.0007453 -0.0032769 -0.0000289 -0.0000197  0.0003898  0.0002437  0.0004862
C  0  1   5  0  1  4   0.0029424  0.0011741 -0.0012404  0.0025185  0.0008218 -0.0026882  0.0005514 -0.0012847  0.0005891  0.0007287 -0.0019401 -0.0018662 -0.0012372 -0.0015731 -0.0018573 -0.0015207
C  0  1   5  0  1  5   0.0016092  0.0006939 -0.0023523  0.0014915 -0.0000841 -0.0008777 -0.0010588  0.0010303 -0.0000941  0.0003489  0.0031089 -0.0023760  0.0015717 -0.0004046  0.0000117 -0.0024112
C  0  1   5  0  1  6   0.0016844  0.0006225 -0.0004353  0.0016740  0.0013633  0.0034608  0.0001625 -0.0018436 -0.0004781 -0.0010480  0.0001454 -0.0005754 -0.0001396 -0.0019730  0.0012632  0.0001665
C  0  1   5  0  1  7   0.0021585  0.0001246  0.0019610  0.0016010  0.0006074  0.0020498 -0.0017138  0.0018966  0.0010610 -0.0022623  0.0016644 -0.0013358 -0.0022465 -0.0001743  0.0005175  0.0002009
C  0  1   5  0  1  8   0.0018499  0.0013124  0.0006543  0.0001965  0.0014489  0.0011462 -0.0000046 -0.0000099  0.0012101  0.0010718 -0.0002161 -0.0014968  0.0001960  0.0021239  0.0001988 -0.0008921
C  0  1   5  0  1  9  -0.0009145  0.0013975  0.0015441 -0.0005803  0.0010531  0.0001050  0.0010501 -0.0000584 -0.0000231 -0.0030024  0.0002848  0.0005732 -0.0000327 -0.0008851 -0.0016844  0.0006637
C  0  1   5  0  1 10   0.0003070 -0.0001058  0.0019876  0.0015147  0.0007133 -0.0011093 -0.0005241  0.0003987 -0.0025597 -0.0007132  0.0003239 -0.0009457 -0.0013836  0.0007468  0.0000094  0.0008216
C  0  1   5  0  1 11  -0.0007797  0.0013118  0.0011879  0.0014510 -0.0000390  0.0018093 -0.0012439 -0.0016394 -0.0030738 -0.0011776 -0.0005761 -0.0004021 -0.0001520  0.0005170  0.0005667 -0.0011428
C  0  1   5  0  1 12   0.0009365 -0.0002222  0.0001114 -0.0000197  0.0001117 -0.0011948  0.0007403 -0.0003625 -0.0008128 -0.0009718 -0.0003925  0.0008324  0.0002949  0.0001355  0.0004324  0.0017235
C  0  1   5  0  1 13   0.0016514 -0.0003783 -0.0004925  0.0018296  0.0026330  0.0014101 -0.0011830  0.0017024  0.0009713 -0.0011257  0.0004999 -0.0017201 -0.0007480  0.0011231 -0.0012145  0.0016905
C  0  1   5  0  1 14   0.0019809  0.0021595  0.0025086  0.0008346  0.0027955  0.0006614 -0.0007581  0.0018679 -0.0003751  0.0007826 -0.0002272  0.0010651 -0.0005362  0.0009296 -0.0000334  0.0019945
C  0  1   5  0  1 15   0.0019209 -0.0007481 -0.0010794  0.0016891  0.0013718  0.0030325 -0.0011170 -0.0004584  0.0002578 -0.0007749 -0.0004499  0.0022292 -0.0005831 -0.0015305  0.0006205  0.0021979
C  0  1   5  0  1 16   0.0031935  0.0018762  0.0007835  0.0006336 -0.0027861  0.0038114  0.0006247  0.0012052  0.0007825 -0.0002298  0.0012636 -0.0010246 -0.0003203  0.0002563  0.0018855  0.0020399
C  0  1   5  0  1 17   0.0004883 -0.0010722  0.0011332  0.0022259  0.0026519  0.0009907  0.0030646  0.0024951 -0.0018024  0.0034852 -0.0000425  0.0001089  0.0016520 -0.0009122  0.0024397  0.0055740
C  0  1   5  0  1 18   0.0055807  0.0032098  0.0006738  0.0036498  0.0004587  0.0016605  0.0063181  0.0002955 -0.0020069  0.0007273  0.0049076 -0.0013445 -0.0007160 -0.0022167  0.0052914  0.0060500
C  0  1   5  0  1 19   0.0011735  0.0017472 -0.0011106  0.0031981  0.0002260  0.0037694  0.0025624  0.0043124  0.0032356  0.0026567 -0.0016291  0.0039220  0.0026160  0.0011712  0.0049726  0.0020007
C  0  1   5  0  1 20   0.0045552  0.0046588  0.0047431  0.0044210  0.0022054  0.0029089  0.0039614  0.0018443  0.0002763  0.0033513  0.0023282 -0.0022056  0.0035917  0.0038099  0.0037393  0.0049722
C  0  1   5  0  1 21   0.0137445  0.0131820  0.0089648  0.0026538 -0.0015641  0.0011235 -0.0145365 -0.0044952 -0.0032616 -0.0051949 -0.0003712  0.0040796  0.0033853  0.0089642  0.0120190 -0.0000577
C  0  1   5  1  0  0  -0.4764364 -0.3134196 -0.3426982 -0.4063162 -0.1921482 -0.3241265 -0.3203083 -0.3603629 -0.3024016 -0.3292112 -0.3831993 -0.5233664 -0.4535369 -0.4869836 -0.3872915 -0.4359477
C  0  1   5  1  0  1  -0.2598536 -0.3442088 -0.2901483 -0.2407764 -0.3163429 -0.2168250 -0.2497208 -0.1869705 -0.3028741 -0.1734183 -0.3309732 -0.2902460 -0.3414744 -0.3427894 -0.3342758 -0.3345469
C  0  1   5  1  0  2  -0.2923083 -0.3315791 -0.2833278 -0.2219560 -0.3114340 -0.2568318 -0.2225017 -0.2213043 -0.2223232 -0.2189580 -0.2924468 -0.2962918 -0.3034336 -0.3384959 -0.2601849 -0.3532316
C  0  1   5  1  0  3  -0.2842853 -0.2733333 -0.2793966 -0.2661175 -0.2431490 -0.2522420 -0.2106540 -0.1713154 -0.1971537 -0.2359591 -0.2162423 -0.2213152 -0.2837859 -0.3566505 -0.3266092 -0.2892289
C  0  1   5  1  0  4  -0.2920656 -0.2581726 -0.2965069 -0.2693976 -0.2662869 -0.1950907 -0.2134245 -0.2563954 -0.2141755 -0.1878280 -0.1745582 -0.2748074 -0.2914981 -0.2474730 -0.3280243 -0.2918683
C  0  1   5  1  0  5  -0.1988572 -0.1801900 -0.1810233 -0.2115368 -0.1722700 -0.1613813 -0.1789503 -0.1282309 -0.1486774 -0.1703783 -0.1889393 -0.2298063 -0.2250205 -0.1028588 -0.2071316 -0.2126500
C  0  1   5  1  0  6  -0.1297397 -0.1573365 -0.1680069 -0.1711589 -0.1222418 -0.1098746 -0.1446144 -0.1093189 -0.1998166 -0.1328958 -0.0746962 -0.0952335 -0.1021361 -0.1686975 -0.1403809 -0.1714726
C  0  1   5  1  0  7  -0.1739448 -0.1379185 -0.1522095 -0.1067388 -0.1333358 -0.1642507 -0.1559333 -0.1064178 -0.1415243 -0.0915394 -0.1235245 -0.1108671 -0.1287477 -0.1514009 -0.1202029 -0.1346193
C  0  1   5  1  0  8  -0.1872886 -0.1476661 -0.1388378 -0.1461334 -0.1589262 -0.1917723 -0.1632122 -0.1735740 -0.1460065 -0.1060972 -0.1492416 -0.2179228 -0.1202296 -0.1707060 -0.1297379 -0.1604884
C  0  1   5  1  0  9  -0.1526548 -0.1528901 -0.0705830 -0.1255034 -0.1085913 -0.1428737 -0.0964400 -0.1424580 -0.1268718 -0.1358810 -0.0897528 -0.1694298 -0.1229983 -0.1176988 -0.1379714 -0.1693347
C  0  1   5  1  0 10  -0.1906232 -0.1285163 -0.1364346 -0.1587793 -0.1398917 -0.1191471 -0.1819684 -0.1103774 -0.0787136 -0.1308337 -0.1690184 -0.1517962 -0.0925284 -0.1515509 -0.1233554 -0.1319368
C  0  1   5  1  0 11  -0.1456231 -0.1570519 -0.1685409 -0.1291395 -0.1278417 -0.1240233 -0.1236495 -0.1223863 -0.1358980 -0.1003536 -0.1158935 -0.1677689 -0.1043781 -0.1505563 -0.1365402 -0.1282302
C  0  1   5  1  0 12  -0.1171616 -0.0930549 -0.1017946 -0.0885787 -0.1313914 -0.1377962 -0.1454319 -0.1502666 -0.1135973 -0.0798677 -0.1109127 -0.0857918 -0.1014733 -0.1572974 -0.0949704 -0.1348621
C  0  1   5  1  0 13  -0.1137430 -0.1273278 -0.1814667 -0.1387818 -0.1605385 -0.1492117 -0.1528615 -0.1354573 -0.0839081 -0.1379923 -0.1460739 -0.1438537 -0.1645637 -0.1596575 -0.1641169 -0.1486333
C  0  1   5  1  0 14  -0.0905782 -0.1494794 -0.1439285 -0.1382612 -0.1449637 -0.1484474 -0.1397186 -0.1590066 -0.1096751 -0.1715163 -0.0932491 -0.1120210 -0.1370885 -0.0606660 -0.1184787 -0.1512808
C  0  1   5  1  0 15  -0.1401788 -0.1619570 -0.1332080 -0.1358055 -0.1525961 -0.1281418 -0.1593380 -0.1426652 -0.1491904 -0.1299032 -0.1314620 -0.1494458 -0.1472558 -0.0842171 -0.1245792 -0.1213305
C  0  1   5  1  0 16  -0.1490249 -0.1583722 -0.1169695 -0.1515603 -0.1749522 -0.1311244 -0.1982671 -0.2056949 -0.1669228 -0.1573422 -0.1431405 -0.1177173 -0.1569835 -0.1805457 -0.1709558 -0.1517124
C  0  1   5  1  0 17  -0.2304645 -0.2854578 -0.2302389 -0.2799746 -0.2090665 -0.2762397 -0.2601896 -0.2071676 -0.2349085 -0.2152861 -0.2711951 -0.2482753 -0.1928616 -0.2278131 -0.3000391 -0.1935659
C  0  1   5  1  0 18  -0.2579376 -0.2277591 -0.2320267 -0.2336362 -0.2521570 -0.1826900 -0.3129312 -0.2829999 -0.1947604 -0.2292638 -0.2874868 -0.2328262 -0.2829846 -0.1780938 -0.1549013 -0.2106361
C  0  1   5  1  0 19  -0.2736316 -0.2805977 -0.2394188 -0.2746871 -0.2718212 -0.2582753 -0.2671630 -0.1649776 -0.2499501 -0.2757284 -0.1902880 -0.2570190 -0.2610223 -0.2297370 -0.2298610 -0.2466798
C  0  1   5  1  0 20  -0.2237278 -0.2688223 -0.3485829 -0.3372359 -0.3181327 -0.1861191 -0.2585207 -0.3376592 -0.3371978 -0.3119574 -0.3199228 -0.3009586 -0.3231077 -0.3612454 -0.2473569 -0.2920238
C  0  1   5  1  0 21  -0.4896381 -0.4306302 -0.4121114 -0.3992715 -0.2595684 -0.2586491 -0.3712986 -0.3591728 -0.4309605 -0.2637408 -0.3056520 -0.3814951 -0.3601593 -0.3017652 -0.4019770 -0.4115170
C  0  1   5  1  1  0   0.0472751  0.0494549  0.0397548  0.0252562  0.0032326 -0.0220411 -0.0346160 -0.0405943 -0.0453672 -0.0381991 -0.0342020 -0.0183323  0.0014182  0.0068979  0.0253462  0.0371255
C  0  1   5  1  1  1   0.0240811  0.0226453  0.0183528  0.0111082  0.0012167 -0.0089376 -0.0144915 -0.0182126 -0.0182181 -0.0163645 -0.0137426 -0.0068446  0.0015624  0.0090108  0.0120845  0.0231847
C  0  1   5  1  1  2   0.0121432  0.0132375  0.0086988  0.0065515  0.0012930 -0.0043745 -0.0084070 -0.0084183 -0.0095881 -0.0062948 -0.0047920 -0.0026439  0.0000936  0.0031648  0.0048986  0.0114164
C  0  1   5  1  1  3   0.0081654  0.0070305  0.0018136  0.0031309  0.0003473 -0.0002650 -0.0046950 -0.0018985 -0.0002635  0.0001526 -0.0037060 -0.0011905  0.0012631  0.0033614  0.0022932  0.0057897
C  0  1   5  1  1  4   0.0010324  0.0013415 -0.0002310  0.0012448  0.0025850  0.0011260 -0.0005142  0.0024845  0.0038499  0.0026560 -0.0011856 -0.0007364  0.0015478  0.0004462  0.0034493  0.0021818
C  0  1   5  1  1  5   0.0014628  0.0008794  0.0012688  0.0036398  0.0034516  0.0034681  0.0031298  0.0033624  0.0053881  0.0019580 -0.0016515 -0.0007953  0.0020378  0.0019870  0.0026241 -0.0020684
C  0  1   5  1  1  6   0.0016878  0.0014191  0.0009849  0.0044071  0.0046342  0.0043605  0.0044513  0.0041308  0.0042569  0.0013137  0.0010756  0.0007885  0.0009771  0.0010400 -0.0003002  0.0001584
C  0  1   5  1  1  7  -0.0015888  0.0010227  0.0015580  0.0042010  0.0039679  0.0039922  0.0047948  0.0028844  0.0029197  0.0011101 -0.0005285 -0.0005340  0.0013248  0.0001437  0.0008007 -0.0016011
C  0  1   5  1  1  8  -0.0015132  0.0015960  0.0008730  0.0013006  0.0039670  0.0036752  0.0045785  0.0039237  0.0047185  0.0015006 -0.0000188 -0.0004390  0.0017496 -0.0001568  0.0010623 -0.0013508
C  0  1   5  1  1  9   0.0007371  0.0025209  0.0019248  0.0031211  0.0018829  0.0027613  0.0036637  0.0021488  0.0023934 -0.0007511  0.0007689  0.0011360  0.0005098  0.0000464 -0.0002916 -0.0022878
C  0  1   5  1  1 10   0.0007086  0.0028303  0.0016382  0.0015604  0.0024057  0.0019897  0.0021600  0.0027677  0.0025034 -0.0004609 -0.0014340  0.0003323 -0.0007384  0.0008648  0.0013689 -0.0015867
C  0  1   5  1  1 11   0.0003712  0.0012752  0.0011201  0.0017354  0.0027651 -0.0004521  0.0015641  0.0025207  0.0023522  0.0015239 -0.0017259 -0.0000191  0.0006672  0.0000144  0.0005784 -0.0018421
C  0  1   5  1  1 12  -0.0001672  0.0009582  0.0017625  0.0033121  0.0016118  0.0008519  0.0006902  0.0021072  0.0041245  0.0004805  0.0009168  0.0004897  0.0004462 -0.0004167  0.0006943 -0.0009169
C  0  1   5  1  1 13  -0.0003655  0.0014601  0.0015401  0.0030762  0.0029581  0.0023412  0.0033763  0.0057320  0.0050580  0.0006176  0.0008528 -0.0007346 -0.0017109 -0.0015022  0.0002861 -0.0020984
C  0  1   5  1  1 14  -0.0017117  0.0007541  0.0022969  0.0035563  0.0036170  0.0022842  0.0038007  0.0056259  0.0043239  0.0014997  0.0018618 -0.0013387 -0.0013030 -0.0014792 -0.0024212 -0.0024505
C  0  1   5  1  1 15  -0.0009632  0.0004936  0.0026531  0.0033204  0.0034170 -0.0006597  0.0033753  0.0038085  0.0069149  0.0031748  0.0020673  0.0001723 -0.0018904 -0.0056518 -0.0059258 -0.0058735
C  0  1   5  1  1 16  -0.0022009  0.0016170  0.0025158  0.0040054  0.0029827  0.0001784  0.0032192  0.0041848  0.0045870  0.0056142  0.0022799  0.0021324 -0.0009143 -0.0010731 -0.0044115 -0.0048111
C  0  1   5  1  1 17  -0.0035874  0.0018120  0.0003632  0.0061312  0.0011292 -0.0019559 -0.0003129  0.0037013  0.0045374  0.0044399  0.0033170  0.0023794 -0.0010902 -0.0044861 -0.0052415 -0.0047534
C  0  1   5  1  1 18  -0.0006085  0.0064896  0.0049100  0.0055331  0.0044301 -0.0003757 -0.0020239 -0.0005900  0.0029329  0.0041836  0.0016153  0.0002449 -0.0027970 -0.0032580 -0.0064937 -0.0057621
C  0  1   5  1  1 19   0.0013179  0.0080548  0.0114951  0.0102734  0.0050797  0.0014130 -0.0026693 -0.0011678  0.0024119  0.0054895  0.0024581 -0.0006712 -0.0037104 -0.0046488 -0.0053917 -0.0020194
C  0  1   5  1  1 20   0.0003957  0.0139457  0.0187299  0.0131639  0.0055624  0.0026303 -0.0031634 -0.0014474  0.0003974  0.0057369  0.0000457 -0.0040529 -0.0067296 -0.0075397 -0.0046186 -0.0049519
C  0  1   5  1  1 21   0.0101482  0.0199981  0.0320374  0.0225611  0.0135419  0.0163641  0.0127505  0.0111333  0.0122519  0.0135070  0.0006395 -0.0035545 -0.0094355 -0.0181184 -0.0094636 -0.0004511
