CPHI 16 
CETA 22 -2.40 -2.10 -1.85 -1.60 -1.40 -1.20 -1.00 -0.80 -0.60 -0.40 -0.20  0.00  0.20  0.40  0.60  0.80  1.00  1.20  1.40  1.60  1.85  2.10  2.40 
RMIN  6 
RTRK 12 
RETA 11  0.00  0.20  0.40  0.60  0.80  1.00  1.20  1.40  1.60  1.85  2.10  2.40 
T 0 1  50  0  0  0    0.0000000   0.0006534   0.0017194   0.0032033   0.0123379   0.0688461   0.2781079   0.6537917   1.0000000   1.0000000   1.0000000   1.0000000   1.0000000
T 0 1  50  0  0  1    0.0000000   0.0001259   0.0005504   0.0024240   0.0126033   0.0593868   0.2271792   0.5894322   1.0000000   1.0000000   1.0000000   1.0000000   1.0000000
T 0 1  50  0  0  2    0.0000000   0.0001300   0.0005541   0.0018062   0.0107208   0.0554869   0.2094431   0.5730034   1.0000000   1.0000000   1.0000000   1.0000000   1.0000000
T 0 1  50  0  0  3    0.0000000   0.0001979   0.0005589   0.0016540   0.0114513   0.0624815   0.2255093   0.5869286   1.0000000   1.0000000   1.0000000   1.0000000   1.0000000
T 0 1  50  0  0  4    0.0000000   0.0004054   0.0024859   0.0144152   0.0632351   0.2050494   0.4895052   0.8212689   1.0000000   1.0000000   1.0000000   1.0000000   1.0000000
T 0 1  50  0  0  5    0.0000000   0.0009394   0.0075534   0.0512807   0.2053987   0.5333837   0.8762628   0.9993974   1.0000000   1.0000000   1.0000000   1.0000000   1.0000000
T 0 1  50  0  0  6    0.0000000   0.0002653   0.0011852   0.0103672   0.0674016   0.2770575   0.6629310   0.9316482   0.9981831   1.0000000   1.0000000   1.0000000   1.0000000
T 0 1  50  0  0  7    0.0000000   0.0000531   0.0003946   0.0009092   0.0047706   0.0305534   0.1191129   0.2981471   0.5815178   0.8691315   0.9842523   0.9998829   1.0000000
T 0 1  50  0  0  8    0.0000000   0.0000030   0.0000362   0.0001324   0.0003893   0.0010266   0.0042057   0.0252053   0.1195215   0.3947454   0.7896131   0.9692288   1.0000000
T 0 1  50  0  0  9    0.0000000   0.0000053   0.0000095   0.0000349   0.0005015   0.0034639   0.0181544   0.0864097   0.3028205   0.6588366   0.9384532   0.9999395   1.0000000
T 0 1  50  0  0 10    0.0000000   0.0067608   0.0292045   0.0465141   0.0794947   0.1685683   0.3385099   0.6903114   0.9106668   0.9702132   0.9998236   1.0000000   1.0000000
T 0 1  50  1  0  0    0.0000000   0.0005148   0.0016399   0.0047460   0.0213440   0.1017716   0.3374237   0.6994022   1.0000000   1.0000000   1.0000000   1.0000000   1.0000000
T 0 1  50  1  0  1    0.0000000   0.0002633   0.0010891   0.0042307   0.0181163   0.0752157   0.2537985   0.6193956   1.0000000   1.0000000   1.0000000   1.0000000   1.0000000
T 0 1  50  1  0  2    0.0000000   0.0002194   0.0008486   0.0027728   0.0124455   0.0616642   0.2339277   0.6064318   1.0000000   1.0000000   1.0000000   1.0000000   1.0000000
T 0 1  50  1  0  3    0.0000000   0.0002283   0.0008669   0.0027852   0.0140251   0.0700545   0.2491207   0.6198491   1.0000000   1.0000000   1.0000000   1.0000000   1.0000000
T 0 1  50  1  0  4    0.0000000   0.0004356   0.0027620   0.0153929   0.0663357   0.2155446   0.5058694   0.8320271   1.0000000   1.0000000   1.0000000   1.0000000   1.0000000
T 0 1  50  1  0  5    0.0000000   0.0011873   0.0094478   0.0577925   0.2246261   0.5586818   0.8900123   0.9996500   1.0000000   1.0000000   1.0000000   1.0000000   1.0000000
T 0 1  50  1  0  6    0.0000000   0.0004626   0.0026649   0.0180020   0.0942133   0.3329130   0.7236541   0.9536823   0.9988141   0.9999984   1.0000000   1.0000000   1.0000000
T 0 1  50  1  0  7    0.0000000   0.0002246   0.0006446   0.0024765   0.0123245   0.0526267   0.1570011   0.3413836   0.6074237   0.8728054   0.9849908   0.9998878   1.0000000
T 0 1  50  1  0  8    0.0000000   0.0009562   0.0014955   0.0017998   0.0022382   0.0036136   0.0107994   0.0452511   0.1686405   0.4573475   0.8251665   0.9710661   1.0000000
T 0 1  50  1  0  9    0.0000000   0.0021003   0.0074838   0.0131257   0.0159362   0.0198461   0.0401951   0.1288935   0.3661962   0.7154288   0.9583841   0.9999941   1.0000000
T 0 1  50  1  0 10    0.0000000   0.0032254   0.0170235   0.0428863   0.0843736   0.1746921   0.3942474   0.7474223   0.9511020   0.9856143   0.9999985   1.0000000   1.0000000
R 0 1  50  0  0  0    0.0241594   0.0241594   0.0104007   0.0103237   0.0103709   0.0101684   0.0100000   0.0098471   0.0098471   0.0098471   0.0098471   0.0098471
R 0 1  50  0  0  1    0.0118121   0.0118121   0.0118121   0.0118121   0.0110243   0.0109126   0.0109277   0.0108307   0.0108307   0.0108307   0.0108307   0.0108307
R 0 1  50  0  0  2    0.0123604   0.0123604   0.0123604   0.0123604   0.0120451   0.0119839   0.0118541   0.0116642   0.0116642   0.0116642   0.0116642   0.0116642
R 0 1  50  0  0  3    0.0134980   0.0134980   0.0134980   0.0134980   0.0127054   0.0124946   0.0123675   0.0122715   0.0122715   0.0122715   0.0122715   0.0122715
R 0 1  50  0  0  4    0.0187921   0.0187921   0.0187921   0.0172380   0.0168495   0.0158541   0.0144928   0.0130991   0.0130991   0.0130991   0.0130991   0.0130991
R 0 1  50  0  0  5    0.0205521   0.0205521   0.0193509   0.0191435   0.0187587   0.0180750   0.0169630   0.0169630   0.0169630   0.0169630   0.0169630   0.0169630
R 0 1  50  0  0  6    0.0207443   0.0207443   0.0207443   0.0204383   0.0207221   0.0207308   0.0208201   0.0206219   0.0206219   0.0206219   0.0206219   0.0206219
R 0 1  50  0  0  7    0.0216205   0.0216205   0.0216205   0.0216205   0.0207457   0.0212140   0.0210875   0.0209348   0.0205756   0.0197289   0.0197289   0.0197289
R 0 1  50  0  0  8    0.0214939   0.0214939   0.0214939   0.0214939   0.0214939   0.0214939   0.0214939   0.0211177   0.0209661   0.0209624   0.0202206   0.0188140
R 0 1  50  0  0  9    0.0312901   0.0312901   0.0312901   0.0312901   0.0312901   0.0312901   0.0296821   0.0288378   0.0274142   0.0264371   0.0248297   0.0248297
R 0 1  50  0  0 10    0.0811934   0.0705698   0.0616446   0.0539790   0.0468399   0.0440964   0.0409627   0.0356001   0.0338447   0.0303958   0.0303958   0.0303958
R 0 1  50  0  1  0    0.0000000   0.0000000   0.0000000   0.0000631   0.0000818   0.0000791   0.0000738   0.0000651   0.0000651   0.0000651   0.0000651   0.0000651
R 0 1  50  0  1  1    0.0000526   0.0000526   0.0000526   0.0000526   0.0000631   0.0000703   0.0000614   0.0000567   0.0000567   0.0000567   0.0000567   0.0000567
R 0 1  50  0  1  2    0.0000702   0.0000702   0.0000702   0.0000702   0.0000659   0.0000659   0.0000591   0.0000524   0.0000524   0.0000524   0.0000524   0.0000524
R 0 1  50  0  1  3    0.0000818   0.0000818   0.0000818   0.0000818   0.0000560   0.0000555   0.0000553   0.0000513   0.0000513   0.0000513   0.0000513   0.0000513
R 0 1  50  0  1  4    0.0001604   0.0001604   0.0001604   0.0000854   0.0000847   0.0000736   0.0000532   0.0000419   0.0000419   0.0000419   0.0000419   0.0000419
R 0 1  50  0  1  5    0.0001401   0.0001401   0.0000874   0.0000708   0.0000654   0.0000596   0.0000430   0.0000430   0.0000430   0.0000430   0.0000430   0.0000430
R 0 1  50  0  1  6    0.0000713   0.0000713   0.0000713   0.0000363   0.0000574   0.0000594   0.0000515   0.0000212   0.0000212   0.0000212   0.0000212   0.0000212
R 0 1  50  0  1  7    0.0001486   0.0001486   0.0001486   0.0001486   0.0000571   0.0000735   0.0000564   0.0000769   0.0000723   0.0000509   0.0000509   0.0000509
R 0 1  50  0  1  8    0.0001288   0.0001288   0.0001288   0.0001288   0.0001288   0.0001288   0.0001288   0.0001115   0.0000994   0.0001004   0.0000870   0.0000748
R 0 1  50  0  1  9    0.0002169   0.0002169   0.0002169   0.0002169   0.0002169   0.0002169   0.0002088   0.0001955   0.0001829   0.0001477   0.0001364   0.0001364
R 0 1  50  0  1 10    0.0015451   0.0010780   0.0008579   0.0007833   0.0005326   0.0004815   0.0003999   0.0002659   0.0002145   0.0001421   0.0001421   0.0001421
R 0 1  50  0  2  0    0.0000000   0.0000000   0.0000000   0.0000000   0.0000152   0.0000180   0.0000123   0.0000076   0.0000076   0.0000076   0.0000076   0.0000076
R 0 1  50  0  2  1    0.0000000   0.0000000   0.0000000   0.0000000   0.0000000   0.0000128   0.0000111   0.0000114   0.0000114   0.0000114   0.0000114   0.0000114
R 0 1  50  0  2  2    0.0001173   0.0001173   0.0001173   0.0001173   0.0000231   0.0000196   0.0000094   0.0000175   0.0000175   0.0000175   0.0000175   0.0000175
R 0 1  50  0  2  3    0.0000000   0.0000000   0.0000000   0.0000000   0.0000000   0.0000109   0.0000086   0.0000046   0.0000046   0.0000046   0.0000046   0.0000046
R 0 1  50  0  2  4    0.0000000   0.0000000   0.0000000   0.0000000   0.0000000   0.0000107   0.0000097   0.0000072   0.0000072   0.0000072   0.0000072   0.0000072
R 0 1  50  0  2  5    0.0000000   0.0000000   0.0000000   0.0000000   0.0000337   0.0000075   0.0000000   0.0000000   0.0000000   0.0000000   0.0000000   0.0000000
R 0 1  50  0  2  6    0.0000000   0.0000000   0.0000000   0.0000000   0.0000145   0.0000000   0.0000000   0.0000000   0.0000000   0.0000000   0.0000000   0.0000000
R 0 1  50  0  2  7    0.0000000   0.0000000   0.0000000   0.0000000   0.0000788   0.0000000   0.0000000   0.0000000   0.0000245   0.0000000   0.0000000   0.0000000
R 0 1  50  0  2  8    0.0000000   0.0000000   0.0000000   0.0000000   0.0000000   0.0000000   0.0000000   0.0000000   0.0000000   0.0000000   0.0000000   0.0000000
R 0 1  50  0  2  9    0.0000000   0.0000000   0.0000000   0.0000000   0.0000000   0.0000000   0.0000000   0.0000232   0.0000000   0.0000393   0.0000000   0.0000000
R 0 1  50  0  2 10    0.0000000   0.0000000   0.0000000   0.0000000   0.0000000   0.0000000   0.0000404   0.0000499   0.0000000   0.0000000   0.0000000   0.0000000
R 0 1  50  0  3  0    1.0459341   1.0459341   1.1043725   1.0209812   0.9793407   0.9843691   0.9816419   0.9831221   0.9831221   0.9831221   0.9831221   0.9831221
R 0 1  50  0  3  1    1.0164969   1.0164969   1.0164969   1.0164969   0.9963153   0.9829314   0.9802864   0.9789584   0.9789584   0.9789584   0.9789584   0.9789584
R 0 1  50  0  3  2    1.0173212   1.0173212   1.0173212   1.0173212   0.9996422   0.9853174   0.9825090   0.9799420   0.9799420   0.9799420   0.9799420   0.9799420
R 0 1  50  0  3  3    1.0037822   1.0037822   1.0037822   1.0037822   1.0023355   0.9882891   0.9814838   0.9823526   0.9823526   0.9823526   0.9823526   0.9823526
R 0 1  50  0  3  4    1.0432793   1.0432793   1.0432793   0.9863772   0.9783917   0.9735156   0.9790880   0.9896413   0.9896413   0.9896413   0.9896413   0.9896413
R 0 1  50  0  3  5    1.0260548   1.0260548   0.9902887   0.9794299   0.9747618   0.9740273   0.9706618   0.9706618   0.9706618   0.9706618   0.9706618   0.9706618
R 0 1  50  0  3  6    1.0210910   1.0210910   1.0210910   1.0014961   0.9917358   0.9831329   0.9845970   0.9865205   0.9865205   0.9865205   0.9865205   0.9865205
R 0 1  50  0  3  7    1.0656545   1.0656545   1.0656545   1.0656545   1.0259438   1.0005658   0.9892899   0.9849413   0.9863946   0.9869930   0.9869930   0.9869930
R 0 1  50  0  3  8    1.0237200   1.0237200   1.0237200   1.0237200   1.0237200   1.0237200   1.0237200   0.9945013   0.9853407   0.9822822   0.9883081   1.0285246
R 0 1  50  0  3  9    1.0234667   1.0234667   1.0234667   1.0234667   1.0234667   1.0234667   1.0027086   0.9748472   0.9709450   0.9849132   1.0064458   1.0064458
R 0 1  50  0  3 10    1.0431332   1.0400092   1.0299234   0.9922848   0.9875211   0.9711190   0.9685184   0.9681646   1.0084507   1.0181668   1.0181668   1.0181668
R 0 1  50  0  4  0    1.3284005   1.3284005   1.2021485   1.9321633   2.0872354   2.3014071   2.2480118   2.2812826   2.2812826   2.2812826   2.2812826   2.2812826
R 0 1  50  0  4  1    1.9711649   1.9711649   1.9711649   1.9711649   2.1717163   2.2093989   2.2028094   2.2068713   2.2068713   2.2068713   2.2068713   2.2068713
R 0 1  50  0  4  2    1.9513411   1.9513411   1.9513411   1.9513411   2.1776821   2.2416087   2.2576189   2.2259500   2.2259500   2.2259500   2.2259500   2.2259500
R 0 1  50  0  4  3    1.7260509   1.7260509   1.7260509   1.7260509   2.2519913   2.2370406   2.2185241   2.2495894   2.2495894   2.2495894   2.2495894   2.2495894
R 0 1  50  0  4  4    1.9471238   1.9471238   1.9471238   1.9816081   2.0780502   2.0736673   2.2165083   2.3479500   2.3479500   2.3479500   2.3479500   2.3479500
R 0 1  50  0  4  5    1.7968987   1.7968987   2.0097057   2.1189033   2.1133031   2.0943837   1.9922347   1.9922347   1.9922347   1.9922347   1.9922347   1.9922347
R 0 1  50  0  4  6    1.9190777   1.9190777   1.9190777   2.2012803   2.3747017   2.3331676   2.3500485   2.2864964   2.2864964   2.2864964   2.2864964   2.2864964
R 0 1  50  0  4  7    1.7937830   1.7937830   1.7937830   1.7937830   2.3734137   2.3322493   2.3360654   2.3071125   2.4041703   2.3570217   2.3570217   2.3570217
R 0 1  50  0  4  8    2.2743492   2.2743492   2.2743492   2.2743492   2.2743492   2.2743492   2.2743492   2.2705624   2.2208954   2.2415412   2.3317522   2.4370875
R 0 1  50  0  4  9    2.1420954   2.1420954   2.1420954   2.1420954   2.1420954   2.1420954   2.2037336   2.0889953   2.0081508   2.2125686   2.1716254   2.1716254
R 0 1  50  0  4 10    2.1033377   2.1718336   2.0862193   1.9214551   2.0251716   1.9706374   1.9600497   1.9457736   2.1610190   2.0443032   2.0443032   2.0443032
R 0 1  50  0  5  0   21.2552045  21.2552045   8.3424165   4.7697346   5.2067884   3.6860990   4.1593673   3.8277416   3.8277416   3.8277416   3.8277416   3.8277416
R 0 1  50  0  5  1    3.7065600   3.7065600   3.7065600   3.7065600   3.9687175   4.0688671   4.3588252   4.3192417   4.3192417   4.3192417   4.3192417   4.3192417
R 0 1  50  0  5  2    3.6404243   3.6404243   3.6404243   3.6404243   4.0373343   4.0176433   3.9498085   4.3269225   4.3269225   4.3269225   4.3269225   4.3269225
R 0 1  50  0  5  3    5.2782387   5.2782387   5.2782387   5.2782387   4.1752980   4.1711667   4.5368167   4.2825675   4.2825675   4.2825675   4.2825675   4.2825675
R 0 1  50  0  5  4    4.4217940   4.4217940   4.4217940   5.1437885   5.0610106   5.0210770   3.8264700   3.2679062   3.2679062   3.2679062   3.2679062   3.2679062
R 0 1  50  0  5  5    4.1686885   4.1686885   5.5703982   4.9459231   5.1059058   4.6925498   4.3243039   4.3243039   4.3243039   4.3243039   4.3243039   4.3243039
R 0 1  50  0  5  6    3.9303795   3.9303795   3.9303795   4.1855846   3.2015303   2.9752178   2.3987392   1.9580048   1.9580048   1.9580048   1.9580048   1.9580048
R 0 1  50  0  5  7    4.4663607   4.4663607   4.4663607   4.4663607   3.3665752   3.2356540   2.9473736   3.0007495   2.4962291   2.0851991   2.0851991   2.0851991
R 0 1  50  0  5  8    3.9014406   3.9014406   3.9014406   3.9014406   3.9014406   3.9014406   3.9014406   4.1568725   4.6664179   4.5228940   3.3863681   3.3473277
R 0 1  50  0  5  9    4.4392838   4.4392838   4.4392838   4.4392838   4.4392838   4.4392838   4.9032129   5.5465608   7.2531331   5.3780669   5.7007078   5.7007078
R 0 1  50  0  5 10    4.3871986   4.4064842   4.0492125   5.4288414   4.9890963   6.8966580   7.7768984   8.4847670   5.9641714   6.7138768   6.7138768   6.7138768
F  0  1  50  0  0  0    0.9829120   1.0113984   0.9830312   1.0099267   0.9857234   0.9925011   0.9963629   0.9785091   0.9868689   0.9820452   0.9870687
F  0  1  50  1  0  0    1.0909466   1.0697145   1.0641447   1.0657554   1.0406615   1.0656849   1.0681084   1.0383555   1.0434584   1.0585668   1.0825741
C  0  1  50  0  0  0  -0.1932319 -0.1987038 -0.1592172 -0.5041778 -0.2228181 -0.2134295 -0.2695205 -0.1220410 -0.1957334 -0.2825052 -0.2208579 -0.0764590 -0.1421432 -0.4373738 -0.3352339 -0.0915656
C  0  1  50  0  0  1  -0.0036234 -0.2260549 -0.1050221 -0.0862891 -0.1357304 -0.2430227 -0.1641329 -0.1542924 -0.0376277 -0.1827068 -0.0895583 -0.1843606 -0.1565454 -0.1010607 -0.1716985 -0.0230620
C  0  1  50  0  0  2  -0.1452464 -0.0204238 -0.0887561 -0.0640501 -0.0218421 -0.0085156 -0.1171219 -0.0505217  0.0347090 -0.0625475 -0.0897175 -0.0781199 -0.0342118 -0.0090988  0.0585587 -0.1475655
C  0  1  50  0  0  3  -0.1022895 -0.0822796 -0.0252172  0.0257466  0.0321482 -0.1785565 -0.0333217  0.0610611 -0.0197389 -0.0301148 -0.1064608 -0.0538553 -0.1568146  0.0171064 -0.1507673 -0.0049012
C  0  1  50  0  0  4  -0.0752882 -0.0499516 -0.0262618 -0.1751723 -0.0827132 -0.0251243 -0.1331535  0.0325668 -0.0573065 -0.0312382 -0.0262425 -0.0994394 -0.1583100 -0.1237473 -0.1085747 -0.0521526
C  0  1  50  0  0  5   0.0002926 -0.0480578 -0.0540899  0.1038410  0.0034168 -0.0303012  0.0300696 -0.0804373 -0.0373898  0.0190057 -0.0204040  0.0743710 -0.0242573  0.0311747  0.0766473 -0.0615979
C  0  1  50  0  0  6  -0.0251554  0.0959683  0.0776062  0.0126081 -0.0408795  0.0484982 -0.0442133 -0.0174083 -0.0822160 -0.0260612  0.0297071  0.0467909 -0.0253582  0.0643782 -0.0543380  0.0863853
C  0  1  50  0  0  7  -0.0408547 -0.0303174  0.0353342 -0.0509603  0.0704919  0.0290603  0.0253359  0.0559972 -0.0433329 -0.0380999  0.0485610 -0.1016746 -0.0175659 -0.0291110 -0.0510952  0.0562801
C  0  1  50  0  0  8  -0.0177498 -0.0041028 -0.0099156  0.0340692 -0.0260279  0.0701522  0.0100322 -0.0345068  0.0204922  0.0093759 -0.0508878  0.0626828 -0.0445986  0.0287669 -0.0625265  0.0617976
C  0  1  50  0  0  9  -0.0543050  0.0731934 -0.0116443  0.0353517  0.0443396  0.0118610  0.0016380  0.1084827 -0.0650237  0.0379487 -0.0307333  0.0936692 -0.0389860 -0.0194132 -0.0081884  0.0330704
C  0  1  50  0  0 10  -0.0112577  0.0034772  0.1088113  0.1043237  0.0001127  0.0435238  0.0263109 -0.1019044  0.0604682 -0.0786452  0.0467642 -0.0302878 -0.0301333  0.0624694 -0.0126055  0.0093368
C  0  1  50  0  0 11  -0.0644726  0.0441724 -0.0413036  0.0941396  0.1040969  0.1067549  0.0440229  0.0533690 -0.0601288  0.0424953  0.0199029 -0.0427158 -0.0493529  0.0283579 -0.0333482  0.0219749
C  0  1  50  0  0 12   0.0053075 -0.0335045  0.0122944 -0.0101840  0.0075260  0.0564727 -0.0545765 -0.0023148 -0.0375858  0.0641556 -0.0329585 -0.0232366 -0.1216902 -0.0356195  0.0171817  0.0225639
C  0  1  50  0  0 13   0.0128116  0.0034751  0.0242121 -0.0391829  0.0607577 -0.0307060 -0.0243729 -0.0053550 -0.0143082  0.0002169  0.0052624 -0.0761327 -0.0329821 -0.0009179 -0.0173118  0.0271357
C  0  1  50  0  0 14  -0.0432241 -0.0392947  0.0179656 -0.0203656  0.0222786 -0.0743113  0.0258782  0.0235927 -0.0476860 -0.0644459  0.0476795 -0.0693307  0.0693854  0.0523386  0.0113204 -0.0675270
C  0  1  50  0  0 15  -0.1496839 -0.0255651 -0.0062264  0.0424738  0.0297090 -0.0429282 -0.0030898  0.0540499  0.0410501 -0.0468932 -0.0106739 -0.1525593 -0.0538480 -0.0400246 -0.0271336 -0.0665995
C  0  1  50  0  0 16   0.1278344  0.0362160 -0.0128710 -0.0093435  0.0536940 -0.1687271 -0.0632748  0.0166137 -0.0575964  0.0094321  0.0005780  0.0253243 -0.0654209 -0.0476665 -0.1441480  0.0216804
C  0  1  50  0  0 17  -0.1394461 -0.0814059 -0.1977890 -0.1455858 -0.1087656 -0.0315947  0.0256664 -0.0830924 -0.0516248 -0.1314773  0.0590438  0.0320894 -0.1162336 -0.2214276 -0.0857423 -0.0254422
C  0  1  50  0  0 18  -0.1805700  0.0627922 -0.0327077 -0.1061596 -0.0870968 -0.0515699 -0.2098525 -0.0489424 -0.1122213 -0.0553850 -0.0584814 -0.0691599 -0.0675612 -0.0101317 -0.1635211 -0.0464557
C  0  1  50  0  0 19   0.0065212 -0.1269502 -0.1203345 -0.0370847 -0.0251721 -0.0006947 -0.2126701 -0.0401800  0.0380807 -0.0843799 -0.1322835 -0.0994676 -0.0194198  0.0547469 -0.0522256 -0.1086382
C  0  1  50  0  0 20  -0.1009469 -0.1163168 -0.0536344  0.0122694 -0.0736432 -0.1408968 -0.2851904 -0.1119040 -0.1204225 -0.1574706 -0.1583374 -0.0393473 -0.1170209 -0.2657631 -0.1669027 -0.0391789
C  0  1  50  0  0 21  -0.3154617 -0.1168505 -0.3861713 -0.3180231 -0.2727392 -0.0527104 -0.3285581 -0.1386826 -0.1307824 -0.0779981 -0.1711852 -0.3784079 -0.4330082 -0.3573876 -0.3606627 -0.3699292
C  0  1  50  0  1  0  -0.0017841  0.0045590 -0.0007793 -0.0001982 -0.0037972  0.0020876  0.0021691  0.0022815  0.0070169 -0.0008910 -0.0044241  0.0042848  0.0051878  0.0077432  0.0062243  0.0069018
C  0  1  50  0  1  1   0.0017941  0.0020739 -0.0022725 -0.0020239 -0.0023064 -0.0024816  0.0022322  0.0011242  0.0025062 -0.0031656 -0.0008636 -0.0012778  0.0037970  0.0039091  0.0034808  0.0032252
C  0  1  50  0  1  2   0.0030126 -0.0012010 -0.0006984  0.0009009 -0.0003360  0.0021346 -0.0023500  0.0018295  0.0010032  0.0002957 -0.0004531 -0.0015769  0.0032329 -0.0010183 -0.0004492 -0.0018362
C  0  1  50  0  1  3   0.0007754 -0.0014410  0.0015548 -0.0016012  0.0014734  0.0009825  0.0034468 -0.0029546  0.0002135 -0.0018279  0.0004769 -0.0006932 -0.0000007 -0.0015403 -0.0009725  0.0057850
C  0  1  50  0  1  4   0.0018072  0.0013671 -0.0005001  0.0031695  0.0006682 -0.0020939  0.0012619 -0.0010563  0.0005224  0.0006763 -0.0012908 -0.0019357  0.0017703  0.0013612 -0.0003076 -0.0029569
C  0  1  50  0  1  5   0.0018314  0.0016436 -0.0007208  0.0016377 -0.0002295 -0.0017375 -0.0012207  0.0006178  0.0011274 -0.0002619  0.0033655  0.0000227  0.0007172 -0.0015287 -0.0010729 -0.0019173
C  0  1  50  0  1  6   0.0049125 -0.0010885  0.0005002  0.0014637  0.0004504 -0.0012374  0.0004694 -0.0024621  0.0004978 -0.0005808 -0.0004033  0.0008359 -0.0012985 -0.0022650  0.0018871  0.0000969
C  0  1  50  0  1  7   0.0021118  0.0000529  0.0002364  0.0000354  0.0034688  0.0006506 -0.0006133 -0.0004102  0.0005137 -0.0009246  0.0017359 -0.0002576 -0.0006839 -0.0014503 -0.0002998 -0.0008261
C  0  1  50  0  1  8   0.0012843 -0.0000200  0.0003507 -0.0025627  0.0011793  0.0007064 -0.0003883 -0.0005801  0.0027568 -0.0000031 -0.0006499 -0.0020984 -0.0004050  0.0008846 -0.0003069  0.0011409
C  0  1  50  0  1  9  -0.0030852  0.0004215  0.0017725  0.0006115  0.0011616  0.0002103 -0.0004636 -0.0000808 -0.0005131 -0.0007076 -0.0034246 -0.0002058 -0.0004856  0.0011229 -0.0018960  0.0008706
C  0  1  50  0  1 10   0.0032796  0.0000001  0.0015510  0.0021710  0.0014825 -0.0017072 -0.0002548  0.0000833 -0.0015581 -0.0031851  0.0003645 -0.0012548 -0.0012400 -0.0001492 -0.0016180  0.0018992
C  0  1  50  0  1 11   0.0015295  0.0000531 -0.0004051  0.0003455  0.0021092  0.0008376 -0.0044198 -0.0025649 -0.0027338  0.0005119  0.0006477 -0.0022974  0.0014959  0.0007183 -0.0011108 -0.0006593
C  0  1  50  0  1 12   0.0013438  0.0017726  0.0005443 -0.0003263  0.0003759 -0.0010322  0.0013328 -0.0011100  0.0014082 -0.0014430  0.0006490  0.0009058  0.0006958 -0.0003865 -0.0001543  0.0017210
C  0  1  50  0  1 13   0.0027328 -0.0015490  0.0011236  0.0009469  0.0019204  0.0017211 -0.0010619  0.0010049  0.0014444 -0.0021558 -0.0014025 -0.0022486  0.0003293  0.0017370 -0.0002829  0.0017730
C  0  1  50  0  1 14   0.0014493  0.0001249  0.0030702  0.0014440  0.0005554  0.0025936  0.0002197  0.0002447 -0.0001071  0.0003324  0.0002914  0.0012863  0.0007056  0.0004947 -0.0013387  0.0026981
C  0  1  50  0  1 15   0.0010025  0.0003616  0.0011854 -0.0004170  0.0013085  0.0008398  0.0001318 -0.0010694  0.0015838 -0.0006540 -0.0021306  0.0006121 -0.0002531  0.0004186 -0.0010877  0.0012189
C  0  1  50  0  1 16   0.0019718  0.0029592  0.0020500  0.0022060 -0.0017711  0.0015689 -0.0004168  0.0010646  0.0012418 -0.0007523  0.0002555  0.0005796 -0.0009639  0.0012438  0.0010397  0.0019366
C  0  1  50  0  1 17  -0.0006772 -0.0010624  0.0004836  0.0019008  0.0030582  0.0037028  0.0032053  0.0034777  0.0030207  0.0013943  0.0022792  0.0003252 -0.0001246 -0.0024703  0.0056750  0.0040154
C  0  1  50  0  1 18   0.0048062  0.0029178  0.0024292  0.0028543 -0.0011170  0.0011208  0.0045595  0.0035115  0.0007836  0.0008166  0.0048229  0.0003737 -0.0011334 -0.0011609  0.0049971  0.0053431
C  0  1  50  0  1 19   0.0044837  0.0027059  0.0014714  0.0013524  0.0024982  0.0019842  0.0029672  0.0016279  0.0045094  0.0033747 -0.0008142  0.0008060  0.0024739  0.0015352  0.0019660  0.0043277
C  0  1  50  0  1 20   0.0070183  0.0075919  0.0073001  0.0038985  0.0011439  0.0039879  0.0015772  0.0058513  0.0039266  0.0023177  0.0016928 -0.0033753  0.0024010  0.0051235  0.0056689  0.0059133
C  0  1  50  0  1 21   0.0150707  0.0140774  0.0029552  0.0007254 -0.0023185 -0.0030400 -0.0084410 -0.0000861 -0.0053603 -0.0046643  0.0021079  0.0100645  0.0014991  0.0050138  0.0109756  0.0030796
C  0  1  50  1  0  0  -0.4582310 -0.3742413 -0.3136747 -0.3528809 -0.2268358 -0.4138298 -0.3431528 -0.2587287 -0.2974359 -0.3211601 -0.2716228 -0.4321407 -0.4234135 -0.4041813 -0.3970892 -0.4075781
C  0  1  50  1  0  1  -0.2866822 -0.4104861 -0.3275653 -0.2928587 -0.3897398 -0.3006967 -0.3124741 -0.2762691 -0.2559713 -0.2253749 -0.2974032 -0.3399583 -0.4043780 -0.4073859 -0.3540914 -0.3120346
C  0  1  50  1  0  2  -0.3116689 -0.3159209 -0.2424897 -0.2422303 -0.3004402 -0.2299582 -0.2216472 -0.1922439 -0.2612334 -0.2082998 -0.2439430 -0.2758540 -0.3335192 -0.3328284 -0.2978989 -0.3752393
C  0  1  50  1  0  3  -0.2486878 -0.2871359 -0.2822735 -0.2533192 -0.2679933 -0.2596876 -0.2171476 -0.1497235 -0.1953369 -0.2123858 -0.1904699 -0.2386218 -0.2564423 -0.2248302 -0.2734678 -0.2705307
C  0  1  50  1  0  4  -0.3144854 -0.2740123 -0.3918786 -0.2375903 -0.2794202 -0.2534002 -0.2793731 -0.2447560 -0.2210567 -0.1802196 -0.2438141 -0.2858194 -0.2918324 -0.2597042 -0.3543581 -0.3425210
C  0  1  50  1  0  5  -0.2455482 -0.1490610 -0.2225612 -0.1832348 -0.2148402 -0.1492422 -0.2509719 -0.1664571 -0.1304197 -0.1423478 -0.1482580 -0.2084572 -0.2221961 -0.1654465 -0.1688150 -0.2206231
C  0  1  50  1  0  6  -0.1214542 -0.1382383 -0.2081400 -0.2013834 -0.1221865 -0.1462984 -0.1704711 -0.1438639 -0.1512608 -0.1225166 -0.1324410 -0.0929982 -0.1576239 -0.1652198 -0.1251888 -0.2480508
C  0  1  50  1  0  7  -0.1762350 -0.1510249 -0.1679641 -0.1682291 -0.1728555 -0.1908984 -0.1524457 -0.1357953 -0.1177623 -0.1088162 -0.0949446 -0.1515277 -0.1621291 -0.1223629 -0.1395903 -0.1373481
C  0  1  50  1  0  8  -0.1627625 -0.0922536 -0.1220055 -0.1360131 -0.1732072 -0.1508866 -0.0900553 -0.1553504 -0.1371755 -0.0977023 -0.1033539 -0.1414932 -0.0909082 -0.1239271 -0.1089550 -0.1134875
C  0  1  50  1  0  9  -0.1601456 -0.1385502 -0.0960342 -0.1504894 -0.1247191 -0.1327305 -0.1065965 -0.2063260 -0.1129793 -0.1472476 -0.0798474 -0.1807049 -0.1559878 -0.1195965 -0.1421283 -0.1686024
C  0  1  50  1  0 10  -0.1566847 -0.1449102 -0.1185761 -0.1657784 -0.1576244 -0.1591629 -0.1538934 -0.1523450 -0.0932193 -0.1307547 -0.1424346 -0.1371012 -0.0890485 -0.1219947 -0.1091148 -0.0976988
C  0  1  50  1  0 11  -0.1573379 -0.1246331 -0.1441502 -0.1053611 -0.0870599 -0.1572301 -0.1201249 -0.1321787 -0.1484987 -0.1114286 -0.1123017 -0.0857657 -0.0896644 -0.1289079 -0.1064572 -0.1195990
C  0  1  50  1  0 12  -0.1032810 -0.1631674 -0.1334453 -0.0921792 -0.1515619 -0.1779982 -0.1564697 -0.1755366 -0.1676311 -0.1169851 -0.1617796 -0.0957757 -0.1487272 -0.1270441 -0.1550388 -0.1465161
C  0  1  50  1  0 13  -0.1189770 -0.1376504 -0.1582831 -0.1091934 -0.1270619 -0.1503229 -0.1566961 -0.1344774 -0.1111913 -0.1168287 -0.1631644 -0.1021797 -0.1765976 -0.1259263 -0.1469734 -0.1343600
C  0  1  50  1  0 14  -0.1325361 -0.1732416 -0.1466268 -0.1801754 -0.2032511 -0.1413117 -0.1686988 -0.2226261 -0.1699639 -0.1484945 -0.1465753 -0.1237405 -0.1312818 -0.0893598 -0.1575212 -0.1687946
C  0  1  50  1  0 15  -0.1073444 -0.1801443 -0.1519393 -0.1572219 -0.1824306 -0.1399631 -0.1564447 -0.1716856 -0.1519181 -0.0977914 -0.0817451 -0.1536314 -0.1298284 -0.0930012 -0.0862259 -0.1465798
C  0  1  50  1  0 16  -0.1561049 -0.1730833 -0.1837217 -0.1712963 -0.1575098 -0.1756430 -0.2326524 -0.2404701 -0.1299150 -0.1746188 -0.1484320 -0.1605042 -0.1602985 -0.1296015 -0.1756390 -0.1143901
C  0  1  50  1  0 17  -0.2048378 -0.2592359 -0.2116583 -0.2959323 -0.2125170 -0.2794125 -0.2661279 -0.2990364 -0.2594334 -0.2438188 -0.2355903 -0.1985410 -0.2150793 -0.3316440 -0.2562317 -0.2797756
C  0  1  50  1  0 18  -0.1965131 -0.2623023 -0.2432342 -0.2151224 -0.1992845 -0.1965107 -0.2840234 -0.2919677 -0.2507601 -0.2458185 -0.2357164 -0.2422872 -0.2820005 -0.2066296 -0.1584217 -0.1964838
C  0  1  50  1  0 19  -0.2778956 -0.2713963 -0.2883426 -0.3185163 -0.2681900 -0.2508464 -0.2371539 -0.2040749 -0.3020418 -0.2082891 -0.2229872 -0.2577121 -0.2172032 -0.1999385 -0.2664447 -0.1963994
C  0  1  50  1  0 20  -0.3174543 -0.2925058 -0.3412068 -0.3843923 -0.3629776 -0.2281908 -0.3275227 -0.3469047 -0.3983066 -0.3070244 -0.3522599 -0.2990995 -0.3596679 -0.3439913 -0.3040919 -0.3359068
C  0  1  50  1  0 21  -0.4619519 -0.3810616 -0.4185622 -0.3897984 -0.3372148 -0.3051640 -0.3178030 -0.3663573 -0.4156012 -0.3242268 -0.3189016 -0.3235412 -0.3114070 -0.4342364 -0.2939387 -0.4498483
C  0  1  50  1  1  0   0.0461641  0.0503460  0.0408380  0.0267179  0.0022333 -0.0195769 -0.0345760 -0.0420079 -0.0458124 -0.0357729 -0.0332574 -0.0175825  0.0019375  0.0052625  0.0238911  0.0372179
C  0  1  50  1  1  1   0.0255922  0.0236827  0.0188406  0.0123288  0.0038894 -0.0068373 -0.0147948 -0.0178758 -0.0180890 -0.0147034 -0.0152796 -0.0064964  0.0045761  0.0099950  0.0127249  0.0236517
C  0  1  50  1  1  2   0.0135324  0.0134515  0.0098887  0.0069107  0.0009866 -0.0024246 -0.0074775 -0.0089876 -0.0082207 -0.0056713 -0.0043658 -0.0019786  0.0019051  0.0035299  0.0058060  0.0101189
C  0  1  50  1  1  3   0.0080887  0.0073961  0.0020524  0.0044565  0.0012452  0.0007653 -0.0039435 -0.0023697  0.0007960 -0.0002037 -0.0022993 -0.0004162  0.0018096  0.0029266  0.0030055  0.0059093
C  0  1  50  1  1  4   0.0023536  0.0031154  0.0004275 -0.0000624  0.0023983  0.0026498  0.0008844  0.0017281  0.0043356  0.0042273 -0.0011669 -0.0002372  0.0017724  0.0019829  0.0051083  0.0026295
C  0  1  50  1  1  5   0.0021181  0.0019959 -0.0000052  0.0039324  0.0043205  0.0031718  0.0026318  0.0044846  0.0049780  0.0024716 -0.0007278 -0.0002508  0.0020623  0.0025860  0.0016431 -0.0002936
C  0  1  50  1  1  6   0.0016381  0.0021431  0.0010560  0.0035404  0.0046631  0.0040900  0.0044609  0.0048300  0.0046567  0.0013350 -0.0001258 -0.0006395  0.0008999  0.0008090  0.0000524 -0.0002870
C  0  1  50  1  1  7  -0.0007350  0.0017504  0.0016401  0.0048227  0.0043837  0.0031816  0.0057352  0.0040509  0.0041316  0.0013222 -0.0003698  0.0004540  0.0011515  0.0008070  0.0014951 -0.0015124
C  0  1  50  1  1  8  -0.0011175  0.0019016  0.0020511  0.0017090  0.0044131  0.0035622  0.0045696  0.0053004  0.0054340  0.0010105  0.0006037  0.0000593  0.0013523  0.0003440  0.0011790 -0.0010275
C  0  1  50  1  1  9   0.0012911  0.0023168  0.0013105  0.0034895  0.0031652  0.0020287  0.0042216  0.0036235  0.0020733 -0.0010065  0.0008247  0.0009190  0.0015925  0.0000516  0.0004321 -0.0018661
C  0  1  50  1  1 10  -0.0005209  0.0020126  0.0015215  0.0017785  0.0013387  0.0025331  0.0023403  0.0022915  0.0030179 -0.0001415 -0.0011167  0.0005992  0.0000042  0.0016066  0.0012071 -0.0013267
C  0  1  50  1  1 11  -0.0000011  0.0016901  0.0014415  0.0022857  0.0028205  0.0002229  0.0015272  0.0019577  0.0017225  0.0016084 -0.0019799 -0.0003620 -0.0001028 -0.0003479 -0.0004296 -0.0020130
C  0  1  50  1  1 12  -0.0000014  0.0018832  0.0026652  0.0030878  0.0028850  0.0012132  0.0008724  0.0022908  0.0037501  0.0008533  0.0007550  0.0012022  0.0013461 -0.0006098  0.0017979 -0.0015899
C  0  1  50  1  1 13   0.0005527  0.0025688  0.0022047  0.0036679  0.0029830  0.0028743  0.0040728  0.0058283  0.0047754  0.0016158  0.0008064 -0.0003573  0.0000206 -0.0020691  0.0004712 -0.0016802
C  0  1  50  1  1 14  -0.0005758  0.0003222  0.0024451  0.0039093  0.0044372  0.0016620  0.0038389  0.0056121  0.0054418  0.0014935  0.0006958 -0.0006764 -0.0012289 -0.0021493 -0.0013675 -0.0020808
C  0  1  50  1  1 15  -0.0018977  0.0000784  0.0017609  0.0040468  0.0029024 -0.0002750  0.0027284  0.0033874  0.0059631  0.0035588  0.0016450  0.0004343 -0.0032459 -0.0052876 -0.0055363 -0.0048430
C  0  1  50  1  1 16  -0.0011765  0.0010979  0.0034878  0.0041577  0.0038527  0.0005568  0.0037293  0.0035895  0.0044195  0.0068960  0.0022082  0.0020490 -0.0007148 -0.0011376 -0.0041237 -0.0059268
C  0  1  50  1  1 17  -0.0026131  0.0013869  0.0011372  0.0066775  0.0022791 -0.0011347  0.0012055  0.0042909  0.0040543  0.0043484  0.0040654  0.0011085 -0.0016796 -0.0042978 -0.0051130 -0.0048120
C  0  1  50  1  1 18   0.0003846  0.0071640  0.0045274  0.0062931  0.0038567  0.0002263 -0.0017104 -0.0002361  0.0026869  0.0037813  0.0006085  0.0012559 -0.0007480 -0.0038128 -0.0056877 -0.0035483
C  0  1  50  1  1 19   0.0020967  0.0083526  0.0121507  0.0097047  0.0068131  0.0028308 -0.0017647  0.0001783  0.0029830  0.0059385  0.0028158 -0.0003050 -0.0021273 -0.0051829 -0.0061091 -0.0007009
C  0  1  50  1  1 20   0.0022935  0.0161683  0.0178205  0.0146892  0.0069343  0.0032931 -0.0013167 -0.0016625  0.0013102  0.0057278  0.0014395 -0.0026754 -0.0074927 -0.0068894 -0.0034805 -0.0043560
C  0  1  50  1  1 21   0.0098124  0.0208719  0.0298193  0.0223445  0.0156317  0.0183219  0.0118919  0.0116860  0.0115580  0.0149657  0.0026691 -0.0021180 -0.0087596 -0.0144035 -0.0069230  0.0032979
