CPHI 16 
CETA 22 -2.40 -2.10 -1.85 -1.60 -1.40 -1.20 -1.00 -0.80 -0.60 -0.40 -0.20  0.00  0.20  0.40  0.60  0.80  1.00  1.20  1.40  1.60  1.85  2.10  2.40 
RMIN  6 
RTRK 12 
RETA 11  0.00  0.20  0.40  0.60  0.80  1.00  1.20  1.40  1.60  1.85  2.10  2.40 
T 0 1  51  0  0  0    0.0000000   0.0006049   0.0017108   0.0032048   0.0122489   0.0691382   0.2769645   0.6538686   1.0000000   1.0000000   1.0000000   1.0000000   1.0000000
T 0 1  51  0  0  1    0.0000000   0.0001534   0.0005335   0.0024337   0.0126032   0.0589017   0.2257994   0.5879793   1.0000000   1.0000000   1.0000000   1.0000000   1.0000000
T 0 1  51  0  0  2    0.0000000   0.0001156   0.0004811   0.0016795   0.0105826   0.0557021   0.2096315   0.5737922   1.0000000   1.0000000   1.0000000   1.0000000   1.0000000
T 0 1  51  0  0  3    0.0000000   0.0002228   0.0006329   0.0017883   0.0115744   0.0627428   0.2266014   0.5873147   1.0000000   1.0000000   1.0000000   1.0000000   1.0000000
T 0 1  51  0  0  4    0.0000000   0.0003959   0.0025463   0.0142695   0.0631308   0.2043086   0.4894714   0.8224966   1.0000000   1.0000000   1.0000000   1.0000000   1.0000000
T 0 1  51  0  0  5    0.0000000   0.0010097   0.0074043   0.0512419   0.2063243   0.5339105   0.8765158   0.9994141   1.0000000   1.0000000   1.0000000   1.0000000   1.0000000
T 0 1  51  0  0  6    0.0000000   0.0002935   0.0011939   0.0104863   0.0671242   0.2764030   0.6626581   0.9311746   0.9982149   0.9999994   1.0000000   1.0000000   1.0000000
T 0 1  51  0  0  7    0.0000000   0.0000656   0.0003623   0.0008780   0.0047345   0.0306877   0.1191062   0.2977592   0.5817997   0.8695163   0.9843967   0.9998720   1.0000000
T 0 1  51  0  0  8    0.0000000   0.0000000   0.0000307   0.0001113   0.0004199   0.0010153   0.0042084   0.0250987   0.1195168   0.3934243   0.7891243   0.9693301   1.0000000
T 0 1  51  0  0  9    0.0000000   0.0000110   0.0000137   0.0000437   0.0005317   0.0035720   0.0183118   0.0861651   0.3016219   0.6582968   0.9382383   0.9999340   1.0000000
T 0 1  51  0  0 10    0.0000000   0.0066347   0.0290834   0.0465122   0.0794209   0.1686605   0.3379810   0.6894468   0.9100265   0.9700070   0.9998518   1.0000000   1.0000000
T 0 1  51  1  0  0    0.0000000   0.0005148   0.0016399   0.0047460   0.0213440   0.1017716   0.3374237   0.6994022   1.0000000   1.0000000   1.0000000   1.0000000   1.0000000
T 0 1  51  1  0  1    0.0000000   0.0002633   0.0010891   0.0042307   0.0181163   0.0752157   0.2537985   0.6193956   1.0000000   1.0000000   1.0000000   1.0000000   1.0000000
T 0 1  51  1  0  2    0.0000000   0.0002194   0.0008486   0.0027728   0.0124455   0.0616642   0.2339277   0.6064318   1.0000000   1.0000000   1.0000000   1.0000000   1.0000000
T 0 1  51  1  0  3    0.0000000   0.0002283   0.0008669   0.0027852   0.0140251   0.0700545   0.2491207   0.6198491   1.0000000   1.0000000   1.0000000   1.0000000   1.0000000
T 0 1  51  1  0  4    0.0000000   0.0004356   0.0027620   0.0153929   0.0663357   0.2155446   0.5058694   0.8320271   1.0000000   1.0000000   1.0000000   1.0000000   1.0000000
T 0 1  51  1  0  5    0.0000000   0.0011873   0.0094478   0.0577925   0.2246261   0.5586818   0.8900123   0.9996500   1.0000000   1.0000000   1.0000000   1.0000000   1.0000000
T 0 1  51  1  0  6    0.0000000   0.0004626   0.0026649   0.0180020   0.0942133   0.3329130   0.7236541   0.9536823   0.9988141   0.9999984   1.0000000   1.0000000   1.0000000
T 0 1  51  1  0  7    0.0000000   0.0002246   0.0006446   0.0024765   0.0123245   0.0526267   0.1570011   0.3413836   0.6074237   0.8728054   0.9849908   0.9998878   1.0000000
T 0 1  51  1  0  8    0.0000000   0.0009562   0.0014955   0.0017998   0.0022382   0.0036136   0.0107994   0.0452511   0.1686405   0.4573475   0.8251665   0.9710661   1.0000000
T 0 1  51  1  0  9    0.0000000   0.0021003   0.0074838   0.0131257   0.0159362   0.0198461   0.0401951   0.1288935   0.3661962   0.7154288   0.9583841   0.9999941   1.0000000
T 0 1  51  1  0 10    0.0000000   0.0032254   0.0170235   0.0428863   0.0843736   0.1746921   0.3942474   0.7474223   0.9511020   0.9856143   0.9999985   1.0000000   1.0000000
R 0 1  51  0  0  0    0.0236833   0.0236833   0.0122520   0.0104022   0.0103806   0.0102233   0.0100010   0.0098240   0.0098240   0.0098240   0.0098240   0.0098240
R 0 1  51  0  0  1    0.0120375   0.0120375   0.0120375   0.0120375   0.0109642   0.0109287   0.0109971   0.0108310   0.0108310   0.0108310   0.0108310   0.0108310
R 0 1  51  0  0  2    0.0124614   0.0124614   0.0124614   0.0124614   0.0120270   0.0119822   0.0118687   0.0116854   0.0116854   0.0116854   0.0116854   0.0116854
R 0 1  51  0  0  3    0.0137276   0.0137276   0.0137276   0.0137276   0.0126173   0.0125624   0.0123842   0.0122537   0.0122537   0.0122537   0.0122537   0.0122537
R 0 1  51  0  0  4    0.0192372   0.0192372   0.0192372   0.0174101   0.0169399   0.0158609   0.0144393   0.0130744   0.0130744   0.0130744   0.0130744   0.0130744
R 0 1  51  0  0  5    0.0207531   0.0207531   0.0192837   0.0191556   0.0186642   0.0180716   0.0169299   0.0169299   0.0169299   0.0169299   0.0169299   0.0169299
R 0 1  51  0  0  6    0.0201998   0.0201998   0.0201998   0.0204552   0.0207484   0.0207092   0.0207575   0.0206189   0.0206189   0.0206189   0.0206189   0.0206189
R 0 1  51  0  0  7    0.0207422   0.0207422   0.0207422   0.0207422   0.0211340   0.0211562   0.0212496   0.0209619   0.0205831   0.0196638   0.0196638   0.0196638
R 0 1  51  0  0  8    0.0212149   0.0212149   0.0212149   0.0212149   0.0212149   0.0212149   0.0212149   0.0211146   0.0209477   0.0210058   0.0202606   0.0190683
R 0 1  51  0  0  9    0.0307598   0.0307598   0.0307598   0.0307598   0.0307598   0.0307598   0.0297892   0.0289331   0.0274514   0.0265800   0.0249760   0.0249760
R 0 1  51  0  0 10    0.0723522   0.0699974   0.0616609   0.0533842   0.0470108   0.0439725   0.0408899   0.0355185   0.0338726   0.0312847   0.0312847   0.0312847
R 0 1  51  0  1  0    0.0000000   0.0000000   0.0000000   0.0000754   0.0000859   0.0000859   0.0000736   0.0000645   0.0000645   0.0000645   0.0000645   0.0000645
R 0 1  51  0  1  1    0.0000684   0.0000684   0.0000684   0.0000684   0.0000595   0.0000716   0.0000638   0.0000551   0.0000551   0.0000551   0.0000551   0.0000551
R 0 1  51  0  1  2    0.0000643   0.0000643   0.0000643   0.0000643   0.0000685   0.0000639   0.0000596   0.0000531   0.0000531   0.0000531   0.0000531   0.0000531
R 0 1  51  0  1  3    0.0000764   0.0000764   0.0000764   0.0000764   0.0000516   0.0000586   0.0000566   0.0000492   0.0000492   0.0000492   0.0000492   0.0000492
R 0 1  51  0  1  4    0.0001277   0.0001277   0.0001277   0.0000757   0.0000852   0.0000714   0.0000511   0.0000416   0.0000416   0.0000416   0.0000416   0.0000416
R 0 1  51  0  1  5    0.0001633   0.0001633   0.0000601   0.0000667   0.0000669   0.0000605   0.0000482   0.0000482   0.0000482   0.0000482   0.0000482   0.0000482
R 0 1  51  0  1  6    0.0000536   0.0000536   0.0000536   0.0000573   0.0000514   0.0000586   0.0000584   0.0000396   0.0000396   0.0000396   0.0000396   0.0000396
R 0 1  51  0  1  7    0.0001310   0.0001310   0.0001310   0.0001310   0.0000746   0.0000822   0.0000755   0.0000746   0.0000728   0.0000491   0.0000491   0.0000491
R 0 1  51  0  1  8    0.0001172   0.0001172   0.0001172   0.0001172   0.0001172   0.0001172   0.0001172   0.0001126   0.0000945   0.0001033   0.0000901   0.0001014
R 0 1  51  0  1  9    0.0002390   0.0002390   0.0002390   0.0002390   0.0002390   0.0002390   0.0002073   0.0002023   0.0001736   0.0001548   0.0001218   0.0001218
R 0 1  51  0  1 10    0.0010754   0.0010607   0.0008603   0.0006864   0.0005717   0.0004940   0.0003871   0.0002578   0.0001950   0.0001942   0.0001942   0.0001942
R 0 1  51  0  2  0    0.0000000   0.0000000   0.0000000   0.0000000   0.0000000   0.0000000   0.0000165   0.0000081   0.0000081   0.0000081   0.0000081   0.0000081
R 0 1  51  0  2  1    0.0000000   0.0000000   0.0000000   0.0000000   0.0000000   0.0000161   0.0000000   0.0000162   0.0000162   0.0000162   0.0000162   0.0000162
R 0 1  51  0  2  2    0.0000000   0.0000000   0.0000000   0.0000000   0.0000217   0.0000142   0.0000083   0.0000097   0.0000097   0.0000097   0.0000097   0.0000097
R 0 1  51  0  2  3    0.0000000   0.0000000   0.0000000   0.0000000   0.0000000   0.0000000   0.0000083   0.0000060   0.0000060   0.0000060   0.0000060   0.0000060
R 0 1  51  0  2  4    0.0000000   0.0000000   0.0000000   0.0000000   0.0000000   0.0000099   0.0000083   0.0000000   0.0000000   0.0000000   0.0000000   0.0000000
R 0 1  51  0  2  5    0.0000000   0.0000000   0.0000000   0.0000000   0.0000312   0.0000084   0.0000000   0.0000000   0.0000000   0.0000000   0.0000000   0.0000000
R 0 1  51  0  2  6    0.0000000   0.0000000   0.0000000   0.0000000   0.0000000   0.0000000   0.0000000   0.0000000   0.0000000   0.0000000   0.0000000   0.0000000
R 0 1  51  0  2  7    0.0000000   0.0000000   0.0000000   0.0000000   0.0000000   0.0000000   0.0000000   0.0000000   0.0000000   0.0000000   0.0000000   0.0000000
R 0 1  51  0  2  8    0.0000000   0.0000000   0.0000000   0.0000000   0.0000000   0.0000000   0.0000000   0.0000000   0.0000000   0.0000000   0.0000000   0.0000000
R 0 1  51  0  2  9    0.0000000   0.0000000   0.0000000   0.0000000   0.0000000   0.0000000   0.0000000   0.0000195   0.0000000   0.0000000   0.0000000   0.0000000
R 0 1  51  0  2 10    0.0000000   0.0000000   0.0000000   0.0000000   0.0000000   0.0000578   0.0000680   0.0000547   0.0000000   0.0000000   0.0000000   0.0000000
R 0 1  51  0  3  0    1.0966125   1.0966125   0.9902032   1.0380542   0.9907674   0.9856497   0.9806232   0.9816936   0.9816936   0.9816936   0.9816936   0.9816936
R 0 1  51  0  3  1    1.0158275   1.0158275   1.0158275   1.0158275   0.9894583   0.9848663   0.9791963   0.9796567   0.9796567   0.9796567   0.9796567   0.9796567
R 0 1  51  0  3  2    1.0169672   1.0169672   1.0169672   1.0169672   1.0026897   0.9840499   0.9807657   0.9809135   0.9809135   0.9809135   0.9809135   0.9809135
R 0 1  51  0  3  3    0.9923323   0.9923323   0.9923323   0.9923323   1.0101272   0.9847176   0.9834083   0.9802509   0.9802509   0.9802509   0.9802509   0.9802509
R 0 1  51  0  3  4    1.0075800   1.0075800   1.0075800   0.9802228   0.9767124   0.9763161   0.9789792   0.9887593   0.9887593   0.9887593   0.9887593   0.9887593
R 0 1  51  0  3  5    1.0194093   1.0194093   0.9948023   0.9834499   0.9773361   0.9733569   0.9730223   0.9730223   0.9730223   0.9730223   0.9730223   0.9730223
R 0 1  51  0  3  6    1.0349952   1.0349952   1.0349952   0.9908920   0.9887161   0.9839167   0.9826162   0.9874273   0.9874273   0.9874273   0.9874273   0.9874273
R 0 1  51  0  3  7    1.1052566   1.1052566   1.1052566   1.1052566   1.0112430   1.0014876   0.9904073   0.9867681   0.9866343   0.9861559   0.9861559   0.9861559
R 0 1  51  0  3  8    1.0146824   1.0146824   1.0146824   1.0146824   1.0146824   1.0146824   1.0146824   0.9926075   0.9857969   0.9836085   0.9867314   1.0133892
R 0 1  51  0  3  9    1.0277765   1.0277765   1.0277765   1.0277765   1.0277765   1.0277765   0.9890647   0.9753171   0.9753856   0.9853538   1.0042116   1.0042116
R 0 1  51  0  3 10    1.0998675   1.0396063   1.0294303   0.9838242   0.9828495   0.9684823   0.9704708   0.9691522   0.9939149   1.0047627   1.0047627   1.0047627
R 0 1  51  0  4  0    1.4839145   1.4839145   1.2932928   2.1536045   2.2062150   2.3006619   2.2322037   2.2513314   2.2513314   2.2513314   2.2513314   2.2513314
R 0 1  51  0  4  1    2.0516169   2.0516169   2.0516169   2.0516169   2.0853825   2.2672578   2.2007651   2.2220764   2.2220764   2.2220764   2.2220764   2.2220764
R 0 1  51  0  4  2    1.8853652   1.8853652   1.8853652   1.8853652   2.1921667   2.2246447   2.2237864   2.2317054   2.2317054   2.2317054   2.2317054   2.2317054
R 0 1  51  0  4  3    1.7234539   1.7234539   1.7234539   1.7234539   2.3168128   2.2320489   2.2315460   2.2183725   2.2183725   2.2183725   2.2183725   2.2183725
R 0 1  51  0  4  4    1.9033422   1.9033422   1.9033422   2.0014682   2.0656523   2.1151798   2.1857907   2.3446060   2.3446060   2.3446060   2.3446060   2.3446060
R 0 1  51  0  4  5    1.9036374   1.9036374   2.0428580   2.1376672   2.1217156   2.1026731   2.0332510   2.0332510   2.0332510   2.0332510   2.0332510   2.0332510
R 0 1  51  0  4  6    1.9439507   1.9439507   1.9439507   2.0856318   2.3082733   2.3423141   2.3351255   2.3146036   2.3146036   2.3146036   2.3146036   2.3146036
R 0 1  51  0  4  7    1.8383046   1.8383046   1.8383046   1.8383046   2.2253401   2.3717083   2.3496301   2.3868608   2.3668359   2.3352064   2.3352064   2.3352064
R 0 1  51  0  4  8    2.1625724   2.1625724   2.1625724   2.1625724   2.1625724   2.1625724   2.1625724   2.2486947   2.2457768   2.2811526   2.2892031   2.3014562
R 0 1  51  0  4  9    2.1027351   2.1027351   2.1027351   2.1027351   2.1027351   2.1027351   1.9216799   2.0597041   2.0587049   2.2269185   2.1990030   2.1990030
R 0 1  51  0  4 10    1.8144408   2.1537484   2.0619711   1.8434058   2.0264090   1.9673552   2.0140028   1.9539128   2.0852301   2.1654898   2.1654898   2.1654898
R 0 1  51  0  5  0   12.0635782  12.0635782   8.3437491   3.3364056   3.8201932   3.6725160   4.2879885   4.0508552   4.0508552   4.0508552   4.0508552   4.0508552
R 0 1  51  0  5  1    3.8298270   3.8298270   3.8298270   3.8298270   4.4794830   3.8234716   4.4235645   4.1919903   4.1919903   4.1919903   4.1919903   4.1919903
R 0 1  51  0  5  2    4.0686812   4.0686812   4.0686812   4.0686812   3.9906671   4.3381307   4.3281962   4.3136485   4.3136485   4.3136485   4.3136485   4.3136485
R 0 1  51  0  5  3    5.4226706   5.4226706   5.4226706   5.4226706   3.7662410   4.1253016   4.4254579   4.4361886   4.4361886   4.4361886   4.4361886   4.4361886
R 0 1  51  0  5  4    5.1587642   5.1587642   5.1587642   4.8060504   5.2655535   4.8099446   3.9554854   3.2293417   3.2293417   3.2293417   3.2293417   3.2293417
R 0 1  51  0  5  5    3.7930808   3.7930808   4.8965973   4.8336779   5.1925499   4.5668544   3.9287844   3.9287844   3.9287844   3.9287844   3.9287844   3.9287844
R 0 1  51  0  5  6    3.3431313   3.3431313   3.3431313   4.7073741   3.4797411   3.0498550   2.4004588   1.9068028   1.9068028   1.9068028   1.9068028   1.9068028
R 0 1  51  0  5  7    4.0088990   4.0088990   4.0088990   4.0088990   4.1264302   2.9798378   2.8567229   2.7025775   2.6652269   2.0652734   2.0652734   2.0652734
R 0 1  51  0  5  8    4.2083271   4.2083271   4.2083271   4.2083271   4.2083271   4.2083271   4.2083271   4.7419246   4.5231716   4.1764629   3.6191274   3.9735275
R 0 1  51  0  5  9    4.5550116   4.5550116   4.5550116   4.5550116   4.5550116   4.5550116   8.9211596   6.1646126   6.5135576   5.4126347   6.1691063   6.1691063
R 0 1  51  0  5 10    9.7669291   4.7665956   4.0431704   6.8316982   4.8469815   6.4933927   6.9687185   7.8219242   6.4717743   5.3751385   5.3751385   5.3751385
F  0  1  51  0  0  0    1.0199114   1.0439346   0.9893644   1.0082063   0.9777809   0.9955390   0.9824977   0.9940956   0.9855428   0.9891345   0.9785497
F  0  1  51  1  0  0    1.0804837   1.0639391   1.0582465   1.0828195   1.0583320   1.0870715   1.0598651   1.0549959   1.0413095   1.0703599   1.0802320
C  0  1  51  0  0  0  -0.3910186 -0.0309635 -0.1276270 -0.3409115 -0.3185401 -0.0430214 -0.2049949 -0.1087464 -0.1145393 -0.1216819 -0.3482360 -0.1598049 -0.2095171 -0.3938370 -0.3313313 -0.0822044
C  0  1  51  0  0  1  -0.0877846 -0.2716029 -0.1618527 -0.1367821 -0.1876723 -0.0724187 -0.1910928 -0.0392542 -0.1029493 -0.1526754  0.0314118 -0.1556292 -0.1219111 -0.1437427 -0.2173768 -0.0593598
C  0  1  51  0  0  2  -0.2047129 -0.1066565 -0.1107244 -0.2162447  0.0419270 -0.0839775 -0.0459233 -0.0931544 -0.0750823 -0.0577042 -0.1215604 -0.0059417 -0.1066870 -0.0481650 -0.0440309 -0.1013619
C  0  1  51  0  0  3  -0.0339841 -0.1642659 -0.1360577 -0.1031309  0.0443731 -0.1175523 -0.0901046 -0.0115854  0.0633484 -0.0499518 -0.0486863 -0.0123573 -0.0878843 -0.0513309 -0.1150859  0.0314082
C  0  1  51  0  0  4  -0.0298395 -0.0966643 -0.1409440 -0.0349795 -0.0772319 -0.0672996  0.0054439 -0.0264490 -0.0273867 -0.0538475 -0.0664542 -0.1073914 -0.1527879 -0.0870113 -0.0733694  0.0020826
C  0  1  51  0  0  5  -0.0797664  0.0857790 -0.0373182  0.0622806 -0.0965969 -0.0274468 -0.0639962  0.0380209  0.0491098 -0.0068265 -0.0664847 -0.0471006  0.0565699  0.0198683  0.0253941 -0.0383237
C  0  1  51  0  0  6   0.0004801  0.0926168  0.0300469  0.0229638 -0.0495478  0.0612605 -0.0243242 -0.0475705  0.0046234 -0.0707201  0.0060104  0.0796030 -0.0378443  0.0527473 -0.0047263  0.0667906
C  0  1  51  0  0  7  -0.0826678  0.0695638 -0.0167396 -0.0576960  0.0851463  0.0172121  0.0299567 -0.0060857 -0.0509789  0.0376127  0.0290980 -0.0459905 -0.0629087 -0.1077579 -0.0308541  0.0165708
C  0  1  51  0  0  8  -0.0685967 -0.0190469 -0.0300907  0.0448655 -0.0012911  0.0296980 -0.0250840 -0.0162027  0.0350122 -0.0353121 -0.0445539  0.0057146  0.0300981  0.0618540 -0.1016890 -0.0378135
C  0  1  51  0  0  9  -0.0379672  0.0600412  0.0653534  0.0174278  0.0386141  0.0708624 -0.0309008  0.0438394 -0.0580172  0.0593600  0.0225277  0.0416024  0.0736995  0.1060530 -0.0787175  0.0816972
C  0  1  51  0  0 10  -0.0478029 -0.0071474  0.0985686  0.0936061 -0.0415134 -0.0642064 -0.0245576 -0.0299351  0.0485927 -0.0676593  0.0170144  0.0329844  0.0273416  0.1040206 -0.0424979  0.0148626
C  0  1  51  0  0 11  -0.0697683  0.0756868 -0.0564506  0.0966160  0.0354415  0.0376399  0.0548181  0.0978628  0.0092584  0.0355856 -0.0060282 -0.0215159 -0.0389649  0.0320143 -0.0365802  0.0196559
C  0  1  51  0  0 12   0.0666716 -0.0495958  0.0297980  0.0187282  0.0407723 -0.0042832 -0.0705199 -0.0203516 -0.0514832  0.0470328 -0.0098793 -0.0101274 -0.0947692 -0.0660898  0.0443886  0.0619563
C  0  1  51  0  0 13   0.0148858 -0.0260912  0.0243695 -0.0421655  0.0110209 -0.0301260  0.0400800 -0.0102688 -0.0170381  0.1001911 -0.0744744  0.0366170  0.0344916  0.0413862  0.0084057  0.0373102
C  0  1  51  0  0 14  -0.1206611 -0.0458515 -0.0333240  0.0446243 -0.0238451 -0.0298649  0.0157967  0.0505332 -0.0252263  0.0341267  0.0317119 -0.0870564 -0.0408084  0.0312644  0.0492217 -0.0383045
C  0  1  51  0  0 15  -0.0538453 -0.1333895  0.0054703 -0.0101728  0.0235585 -0.0657395 -0.0383234  0.0229890 -0.0042741 -0.0131463 -0.0069980 -0.1043732 -0.0021950  0.0209044 -0.0733127 -0.0294727
C  0  1  51  0  0 16   0.1219666 -0.0140615  0.0096329 -0.0167913 -0.0577976 -0.0790417 -0.0473468 -0.0560060 -0.0485088  0.1169070  0.0395060 -0.1258405 -0.0841739  0.0481352 -0.0557391  0.0061108
C  0  1  51  0  0 17  -0.1334236 -0.0749027 -0.1302876 -0.1699729 -0.1206963 -0.0249105 -0.0991519 -0.0642092  0.0184262 -0.0386254 -0.0178043 -0.0478175 -0.1793961 -0.1844790 -0.0350257  0.0497906
C  0  1  51  0  0 18  -0.2010136 -0.0979174 -0.0467484 -0.0705337 -0.1364760 -0.0640457 -0.1383002 -0.0972624 -0.1113027  0.0858663 -0.0021814 -0.1371255  0.0462720 -0.0442325 -0.0824207  0.0402298
C  0  1  51  0  0 19   0.0073318 -0.0716613 -0.2160831  0.0811464 -0.0829832 -0.0563607 -0.1500261 -0.0207465 -0.0939264 -0.0406238 -0.0584336 -0.0445200 -0.1451016 -0.0952607 -0.0493334 -0.1230798
C  0  1  51  0  0 20  -0.0786613 -0.1492420  0.0630783 -0.1391772 -0.1900317 -0.1639526 -0.1990668 -0.1437917 -0.1081698 -0.2225004 -0.1709935  0.1049105 -0.0482301 -0.1775145 -0.1317553 -0.0973344
C  0  1  51  0  0 21  -0.1247963 -0.1715378 -0.3710515 -0.2032882 -0.0763380 -0.0759831 -0.3621876 -0.2535565 -0.1561507 -0.1353481 -0.1565019 -0.3235147 -0.3482445 -0.3763458 -0.3360350 -0.2935847
C  0  1  51  0  1  0  -0.0017624  0.0022450  0.0016466 -0.0032506 -0.0027004  0.0031521 -0.0005015  0.0045980  0.0038273  0.0006564 -0.0063850  0.0039364  0.0101258  0.0040189  0.0048784  0.0063566
C  0  1  51  0  1  1   0.0029550  0.0028557 -0.0021550 -0.0023238 -0.0022708  0.0001094  0.0063368  0.0008635  0.0032551 -0.0014510 -0.0033662 -0.0024015  0.0033381  0.0033234  0.0030222  0.0018492
C  0  1  51  0  1  2   0.0023168  0.0005095 -0.0004252  0.0006925 -0.0014379  0.0005615  0.0028963 -0.0003811 -0.0010570 -0.0003783 -0.0009093 -0.0004324  0.0020498  0.0000349 -0.0004601  0.0005808
C  0  1  51  0  1  3   0.0016339  0.0003036 -0.0010156 -0.0024957 -0.0012227  0.0029695  0.0025570 -0.0009371 -0.0005127  0.0014134  0.0003275 -0.0013637  0.0003422  0.0001402 -0.0004512  0.0060826
C  0  1  51  0  1  4   0.0037542 -0.0020324 -0.0014022  0.0031378  0.0007817 -0.0009945  0.0023626  0.0009440  0.0015051 -0.0006367  0.0006082  0.0000468  0.0014550 -0.0015089  0.0008380 -0.0033065
C  0  1  51  0  1  5   0.0010635  0.0022835 -0.0024857  0.0003948 -0.0002129 -0.0009598 -0.0021706  0.0023777  0.0017420  0.0001894  0.0007509 -0.0014969 -0.0003594 -0.0008340  0.0003808 -0.0000095
C  0  1  51  0  1  6   0.0022039 -0.0011112 -0.0004853  0.0012464 -0.0005622 -0.0008921 -0.0002184 -0.0005118  0.0022933 -0.0011904 -0.0001605 -0.0000832 -0.0017121 -0.0019399  0.0007661  0.0003705
C  0  1  51  0  1  7   0.0023145  0.0003198  0.0020613 -0.0000771  0.0033441  0.0003076 -0.0008652  0.0012003  0.0015424 -0.0015500  0.0023031 -0.0018766 -0.0003806 -0.0012382 -0.0002939 -0.0003112
C  0  1  51  0  1  8   0.0027404  0.0019425 -0.0002598 -0.0004741 -0.0007335  0.0016685  0.0016785  0.0015533  0.0026632 -0.0001522  0.0001827 -0.0017089 -0.0021795 -0.0008502 -0.0005417  0.0012848
C  0  1  51  0  1  9  -0.0031372 -0.0003250  0.0018947  0.0018288 -0.0001113  0.0014156  0.0013038  0.0016681 -0.0000240 -0.0021669  0.0002435  0.0000756 -0.0013328  0.0004799  0.0002706  0.0023980
C  0  1  51  0  1 10   0.0023783  0.0008629  0.0008384  0.0018359  0.0030382 -0.0004950  0.0011412 -0.0002820 -0.0013272  0.0001046  0.0011260 -0.0000332  0.0002107 -0.0010626 -0.0005201  0.0009263
C  0  1  51  0  1 11   0.0008971  0.0014909  0.0000359 -0.0000862 -0.0004490  0.0009032 -0.0011698 -0.0011564 -0.0010393 -0.0001669  0.0003553 -0.0005395  0.0000513  0.0011965  0.0000041  0.0001098
C  0  1  51  0  1 12  -0.0004349  0.0002852  0.0004826 -0.0015220  0.0012168 -0.0010900  0.0001802 -0.0004930  0.0028054 -0.0002718  0.0004119  0.0039987 -0.0002828 -0.0003030  0.0007462  0.0003012
C  0  1  51  0  1 13   0.0028526 -0.0003473  0.0013609  0.0021805  0.0008207 -0.0003713 -0.0004626  0.0004602 -0.0006213 -0.0007842 -0.0012964 -0.0022441 -0.0018353 -0.0000639  0.0004544  0.0018569
C  0  1  51  0  1 14   0.0047570 -0.0001966  0.0026878  0.0031538  0.0010306  0.0022298 -0.0004396  0.0010500  0.0010918  0.0008333 -0.0004991  0.0007613 -0.0004515  0.0007489 -0.0001773  0.0016426
C  0  1  51  0  1 15   0.0015441  0.0008659  0.0013666  0.0013795  0.0005306  0.0016584  0.0004947  0.0010007  0.0010686 -0.0012778 -0.0001381  0.0018774 -0.0006797  0.0016403  0.0000523  0.0002897
C  0  1  51  0  1 16   0.0039529  0.0048043  0.0006608 -0.0002605 -0.0021148  0.0005673  0.0013085  0.0007510 -0.0028071 -0.0006418  0.0004312 -0.0003768 -0.0007505  0.0014629  0.0021985  0.0009637
C  0  1  51  0  1 17   0.0002942  0.0013564 -0.0002135  0.0015711  0.0012531  0.0016678  0.0028049  0.0031822 -0.0009104  0.0020306  0.0012948  0.0013030  0.0000130  0.0001498  0.0051038  0.0032780
C  0  1  51  0  1 18   0.0058223  0.0050040  0.0011128  0.0037320  0.0004053  0.0012908  0.0031669  0.0027050 -0.0010203  0.0040899  0.0026941  0.0023414  0.0016853 -0.0011170  0.0057479  0.0056386
C  0  1  51  0  1 19   0.0023518  0.0033610 -0.0002165  0.0008197  0.0002554 -0.0004823  0.0037771  0.0026032  0.0019187  0.0039713 -0.0000118  0.0010237  0.0013810  0.0025333  0.0032364  0.0050765
C  0  1  51  0  1 20   0.0074262  0.0063932  0.0067965  0.0031602 -0.0002541  0.0031793  0.0033257  0.0058256  0.0031797  0.0019035  0.0004482 -0.0058006  0.0030635  0.0039140  0.0063182  0.0078979
C  0  1  51  0  1 21   0.0138397  0.0124435  0.0055335 -0.0035211 -0.0075692 -0.0049869 -0.0101628 -0.0033728 -0.0009978 -0.0005524 -0.0000631 -0.0008086  0.0012831  0.0048865  0.0082556  0.0049489
C  0  1  51  1  0  0  -0.4551653 -0.3852852 -0.3542120 -0.3271670 -0.0946936 -0.3800786 -0.3319964 -0.2738522 -0.3306902 -0.3046621 -0.4371791 -0.4720007 -0.3332700 -0.4134607 -0.4185492 -0.4390778
C  0  1  51  1  0  1  -0.3089645 -0.3746971 -0.3117107 -0.2497619 -0.2928573 -0.2991642 -0.2446236 -0.2757227 -0.2679860 -0.1898310 -0.3589095 -0.3559242 -0.3842354 -0.3746335 -0.3858336 -0.3443665
C  0  1  51  1  0  2  -0.3478360 -0.3204303 -0.2585661 -0.3126532 -0.2842263 -0.2355193 -0.2749678 -0.2431989 -0.2358595 -0.2551458 -0.2842600 -0.3157215 -0.3042558 -0.4322076 -0.2732594 -0.3478248
C  0  1  51  1  0  3  -0.3062294 -0.2309979 -0.3024168 -0.2620080 -0.2563639 -0.2763946 -0.1763563 -0.1248004 -0.1720220 -0.2057194 -0.2347656 -0.2878790 -0.3037148 -0.3217944 -0.3397642 -0.3073836
C  0  1  51  1  0  4  -0.2940113 -0.2753448 -0.2644170 -0.2428245 -0.2392031 -0.2217142 -0.2380510 -0.2216514 -0.2134480 -0.2277434 -0.1947733 -0.3033601 -0.3432460 -0.2751783 -0.3508296 -0.3122117
C  0  1  51  1  0  5  -0.2247079 -0.1669724 -0.1940987 -0.1832730 -0.1172840 -0.1539058 -0.2204903 -0.1242847 -0.1800621 -0.1546409 -0.1690996 -0.2173838 -0.2333952 -0.1554155 -0.1603427 -0.2472199
C  0  1  51  1  0  6  -0.1524993 -0.1627597 -0.1682809 -0.1609517 -0.1259992 -0.0916771 -0.1141053 -0.1330511 -0.1331582 -0.1210182 -0.1129447 -0.1403551 -0.0754327 -0.1544950 -0.1439100 -0.2244264
C  0  1  51  1  0  7  -0.1944400 -0.1880369 -0.1874621 -0.1204532 -0.1718856 -0.1557346 -0.1683608 -0.1417242 -0.1540693 -0.1134028 -0.1247962 -0.1713054 -0.1321237 -0.1846574 -0.1503521 -0.1257492
C  0  1  51  1  0  8  -0.2088725 -0.0698529 -0.1333052 -0.1746176 -0.1749948 -0.1670233 -0.1577376 -0.1544122 -0.1487363 -0.1283946 -0.1671458 -0.1758066 -0.1461107 -0.1669056 -0.1609231 -0.1651051
C  0  1  51  1  0  9  -0.1434757 -0.1124471 -0.0968174 -0.1146801 -0.1137599 -0.0970231 -0.1129585 -0.1657471 -0.0661094 -0.1262707 -0.0917251 -0.1377357 -0.1326034 -0.1013804 -0.1255004 -0.1691271
C  0  1  51  1  0 10  -0.1590677 -0.0788842 -0.0908288 -0.1047512 -0.1118586 -0.1159001 -0.1107455 -0.1182513 -0.0946564 -0.1228034 -0.1391173 -0.1226203 -0.0939308 -0.1440641 -0.1127942 -0.1136912
C  0  1  51  1  0 11  -0.1604658 -0.1243328 -0.1461523 -0.0819669 -0.1107728 -0.1028968 -0.1097860 -0.1080025 -0.1435499 -0.0934400 -0.1026601 -0.1272204 -0.0883388 -0.1104202 -0.1045570 -0.1145789
C  0  1  51  1  0 12  -0.0970422 -0.0683962 -0.0892687 -0.0538301 -0.1098884 -0.1088327 -0.1145311 -0.1486400 -0.1476974 -0.0936754 -0.1322051 -0.0952581 -0.0973817 -0.1096291 -0.1019834 -0.1426074
C  0  1  51  1  0 13  -0.1505839 -0.1488607 -0.1621764 -0.1509737 -0.1458500 -0.1695908 -0.1553720 -0.1731427 -0.0846027 -0.1476414 -0.1642269 -0.1582682 -0.1595714 -0.1190386 -0.1860539 -0.1610014
C  0  1  51  1  0 14  -0.1692102 -0.2038323 -0.1539437 -0.1350497 -0.1463852 -0.1443008 -0.1353884 -0.2078136 -0.1413359 -0.1846533 -0.1438193 -0.1733339 -0.1376151 -0.1071773 -0.2007671 -0.2037420
C  0  1  51  1  0 15  -0.0787630 -0.1666419 -0.0960474 -0.1327092 -0.1738901 -0.0738945 -0.1527322 -0.1426054 -0.1481250 -0.1421270 -0.0932238 -0.1455082 -0.1038396 -0.0807336 -0.0825014 -0.1742616
C  0  1  51  1  0 16  -0.1683935 -0.1480315 -0.1524240 -0.1595178 -0.1696912 -0.1469029 -0.2323394 -0.1862957 -0.1621608 -0.2162858 -0.1415754 -0.1886483 -0.1478149 -0.1622197 -0.1632772 -0.1389113
C  0  1  51  1  0 17  -0.2793255 -0.2894504 -0.2618450 -0.2839995 -0.1910528 -0.2592548 -0.2626376 -0.3105337 -0.2397404 -0.2366325 -0.2258374 -0.2150893 -0.2268786 -0.2887603 -0.2467405 -0.3015601
C  0  1  51  1  0 18  -0.3229265 -0.2132383 -0.2684065 -0.2903054 -0.1928073 -0.2257185 -0.2699813 -0.3019833 -0.2317671 -0.2589540 -0.2592442 -0.2456638 -0.2260396 -0.2098617 -0.1915610 -0.2244898
C  0  1  51  1  0 19  -0.2974189 -0.2670859 -0.3251936 -0.3395899 -0.3084571 -0.3150380 -0.2584890 -0.2060382 -0.2347444 -0.2642386 -0.2185770 -0.2945641 -0.2333404 -0.2807972 -0.3019560 -0.2855139
C  0  1  51  1  0 20  -0.2610597 -0.3193014 -0.3782513 -0.3229115 -0.3059905 -0.2854124 -0.2888971 -0.2891221 -0.3274112 -0.3205160 -0.3620021 -0.2686358 -0.3717626 -0.2786236 -0.2587849 -0.3083043
C  0  1  51  1  0 21  -0.4238642 -0.4252811 -0.3794193 -0.4397407 -0.2932752 -0.3066260 -0.3828362 -0.4168422 -0.3530344 -0.3565835 -0.2750101 -0.3709720 -0.3204935 -0.3751273 -0.3965233 -0.3894702
C  0  1  51  1  1  0   0.0443571  0.0482028  0.0406413  0.0247239  0.0046009 -0.0197530 -0.0340535 -0.0418503 -0.0465812 -0.0360596 -0.0324024 -0.0163694  0.0045351  0.0060373  0.0269422  0.0403747
C  0  1  51  1  1  1   0.0262619  0.0234739  0.0182331  0.0110146  0.0029710 -0.0078229 -0.0144545 -0.0172566 -0.0168284 -0.0152549 -0.0125479 -0.0073917  0.0034058  0.0096419  0.0140021  0.0248643
C  0  1  51  1  1  2   0.0123009  0.0132602  0.0098837  0.0058361  0.0017123 -0.0030676 -0.0066924 -0.0080805 -0.0079056 -0.0057972 -0.0047793 -0.0030844  0.0020165  0.0035957  0.0053565  0.0105891
C  0  1  51  1  1  3   0.0084153  0.0079266  0.0019530  0.0040352  0.0024753  0.0003367 -0.0012615 -0.0011281  0.0006853  0.0002883 -0.0015649  0.0003836  0.0024671  0.0040642  0.0038834  0.0071650
C  0  1  51  1  1  4   0.0030934  0.0032468  0.0004911  0.0006656  0.0032126  0.0033293  0.0011998  0.0002524  0.0049894  0.0029334 -0.0007399 -0.0005186  0.0019898  0.0017285  0.0042455  0.0025996
C  0  1  51  1  1  5   0.0028742  0.0009225  0.0004695  0.0033455  0.0033639  0.0040584  0.0044337  0.0045866  0.0048772  0.0022681 -0.0001845 -0.0000838  0.0010655  0.0016774  0.0022953 -0.0014653
C  0  1  51  1  1  6   0.0013047  0.0015593  0.0003442  0.0050906  0.0046264  0.0042579  0.0054811  0.0047333  0.0047201  0.0013808  0.0006504  0.0007783  0.0016792  0.0019233  0.0015980  0.0013044
C  0  1  51  1  1  7  -0.0005550  0.0026467  0.0031704  0.0045270  0.0047910  0.0044696  0.0064616  0.0044341  0.0035718  0.0016511  0.0003343 -0.0003120  0.0011211  0.0016325  0.0014163 -0.0011957
C  0  1  51  1  1  8  -0.0010302  0.0008162  0.0027341  0.0029369  0.0048537  0.0039639  0.0044097  0.0057339  0.0061899  0.0020782  0.0020607  0.0006010  0.0028682  0.0020945  0.0023430  0.0002329
C  0  1  51  1  1  9   0.0014851  0.0026026  0.0027153  0.0040118  0.0033298  0.0044408  0.0048191  0.0038644  0.0030075 -0.0000260  0.0013996  0.0008008  0.0016903  0.0012828  0.0004815 -0.0008205
C  0  1  51  1  1 10   0.0000259  0.0027303  0.0025079  0.0028514  0.0028660  0.0026869  0.0032736  0.0035129  0.0035323  0.0002320 -0.0001418  0.0011158  0.0003159  0.0010896  0.0021965 -0.0003505
C  0  1  51  1  1 11   0.0003841  0.0022008  0.0009285  0.0025933  0.0037060 -0.0000346  0.0021177  0.0026737  0.0028996  0.0023025 -0.0013125  0.0012096  0.0007548  0.0000267  0.0012190 -0.0015173
C  0  1  51  1  1 12   0.0006508  0.0030256  0.0035470  0.0037489  0.0027615  0.0015414  0.0017966  0.0034025  0.0049874  0.0017964  0.0022623  0.0017363  0.0020218  0.0003494  0.0013217 -0.0006865
C  0  1  51  1  1 13   0.0005793  0.0030669  0.0038484  0.0033947  0.0031594  0.0044318  0.0040072  0.0058839  0.0050259  0.0014843  0.0018765  0.0003397  0.0004706 -0.0015456  0.0011157 -0.0016511
C  0  1  51  1  1 14  -0.0000221  0.0010358  0.0030436  0.0041901  0.0046384  0.0030600  0.0043496  0.0062473  0.0050708  0.0027004  0.0020493 -0.0001717 -0.0013047 -0.0006680 -0.0008426 -0.0021659
C  0  1  51  1  1 15  -0.0022037  0.0013290  0.0030883  0.0038024  0.0039827 -0.0011266  0.0033124  0.0039661  0.0056861  0.0036497  0.0021909  0.0004316 -0.0017953 -0.0044299 -0.0049889 -0.0047781
C  0  1  51  1  1 16  -0.0017150  0.0016499  0.0042943  0.0049515  0.0027422  0.0003707  0.0043802  0.0037240  0.0043614  0.0056335  0.0035501  0.0023208 -0.0006817 -0.0013619 -0.0045285 -0.0060206
C  0  1  51  1  1 17  -0.0035379  0.0029482  0.0023359  0.0063789  0.0025275 -0.0009577  0.0014467  0.0048128  0.0045424  0.0039460  0.0037982  0.0030172 -0.0002665 -0.0033161 -0.0057497 -0.0038977
C  0  1  51  1  1 18   0.0016074  0.0083408  0.0052191  0.0074859  0.0055174  0.0001285 -0.0007385 -0.0002053  0.0035726  0.0049085  0.0028655  0.0025986 -0.0010829 -0.0029040 -0.0046244 -0.0036689
C  0  1  51  1  1 19   0.0028955  0.0083547  0.0134992  0.0093839  0.0076991  0.0025349 -0.0017896 -0.0006302  0.0035916  0.0048603  0.0026966  0.0005271 -0.0025093 -0.0041931 -0.0061557 -0.0008549
C  0  1  51  1  1 20   0.0038442  0.0155149  0.0195276  0.0156066  0.0073769  0.0044266 -0.0012930 -0.0005554  0.0026809  0.0068908  0.0025296 -0.0016403 -0.0054865 -0.0075049 -0.0047176 -0.0035353
C  0  1  51  1  1 21   0.0115563  0.0199480  0.0310483  0.0212819  0.0171067  0.0177295  0.0115122  0.0135402  0.0138026  0.0129825  0.0007758 -0.0023790 -0.0094109 -0.0175081 -0.0074632  0.0026783
