CPHI 16 
CETA 22 -2.40 -2.10 -1.85 -1.60 -1.40 -1.20 -1.00 -0.80 -0.60 -0.40 -0.20  0.00  0.20  0.40  0.60  0.80  1.00  1.20  1.40  1.60  1.85  2.10  2.40 
RMIN  6 
RTRK 12 
RETA 11  0.00  0.20  0.40  0.60  0.80  1.00  1.20  1.40  1.60  1.85  2.10  2.40 
T 0 1  52  0  0  0    0.0000000   0.0006772   0.0016918   0.0032182   0.0122035   0.0695185   0.2786053   0.6539409   1.0000000   1.0000000   1.0000000   1.0000000   1.0000000
T 0 1  52  0  0  1    0.0000000   0.0001213   0.0005440   0.0023298   0.0123829   0.0594523   0.2262515   0.5884047   1.0000000   1.0000000   1.0000000   1.0000000   1.0000000
T 0 1  52  0  0  2    0.0000000   0.0001328   0.0005377   0.0017693   0.0105969   0.0558071   0.2101475   0.5740382   1.0000000   1.0000000   1.0000000   1.0000000   1.0000000
T 0 1  52  0  0  3    0.0000000   0.0001803   0.0005864   0.0017224   0.0114984   0.0623799   0.2252430   0.5864283   1.0000000   1.0000000   1.0000000   1.0000000   1.0000000
T 0 1  52  0  0  4    0.0000000   0.0004208   0.0025798   0.0143354   0.0629934   0.2040086   0.4893176   0.8215439   1.0000000   1.0000000   1.0000000   1.0000000   1.0000000
T 0 1  52  0  0  5    0.0000000   0.0009754   0.0074083   0.0513957   0.2053221   0.5328056   0.8759604   0.9993760   1.0000000   1.0000000   1.0000000   1.0000000   1.0000000
T 0 1  52  0  0  6    0.0000000   0.0002642   0.0011641   0.0102225   0.0670939   0.2763640   0.6630332   0.9308873   0.9982281   0.9999994   1.0000000   1.0000000   1.0000000
T 0 1  52  0  0  7    0.0000000   0.0000538   0.0003686   0.0009255   0.0048179   0.0309692   0.1194314   0.2972434   0.5800844   0.8689120   0.9841563   0.9998850   1.0000000
T 0 1  52  0  0  8    0.0000000   0.0000000   0.0000437   0.0001257   0.0003791   0.0009413   0.0041241   0.0250378   0.1197168   0.3939741   0.7896935   0.9694187   1.0000000
T 0 1  52  0  0  9    0.0000000   0.0000076   0.0000090   0.0000277   0.0005237   0.0034964   0.0183420   0.0855151   0.3019720   0.6592106   0.9389922   0.9999491   1.0000000
T 0 1  52  0  0 10    0.0000000   0.0067296   0.0288367   0.0460356   0.0793368   0.1688482   0.3378738   0.6895814   0.9100123   0.9703458   0.9998669   1.0000000   1.0000000
T 0 1  52  1  0  0    0.0000000   0.0005148   0.0016399   0.0047460   0.0213440   0.1017716   0.3374237   0.6994022   1.0000000   1.0000000   1.0000000   1.0000000   1.0000000
T 0 1  52  1  0  1    0.0000000   0.0002633   0.0010891   0.0042307   0.0181163   0.0752157   0.2537985   0.6193956   1.0000000   1.0000000   1.0000000   1.0000000   1.0000000
T 0 1  52  1  0  2    0.0000000   0.0002194   0.0008486   0.0027728   0.0124455   0.0616642   0.2339277   0.6064318   1.0000000   1.0000000   1.0000000   1.0000000   1.0000000
T 0 1  52  1  0  3    0.0000000   0.0002283   0.0008669   0.0027852   0.0140251   0.0700545   0.2491207   0.6198491   1.0000000   1.0000000   1.0000000   1.0000000   1.0000000
T 0 1  52  1  0  4    0.0000000   0.0004356   0.0027620   0.0153929   0.0663357   0.2155446   0.5058694   0.8320271   1.0000000   1.0000000   1.0000000   1.0000000   1.0000000
T 0 1  52  1  0  5    0.0000000   0.0011873   0.0094478   0.0577925   0.2246261   0.5586818   0.8900123   0.9996500   1.0000000   1.0000000   1.0000000   1.0000000   1.0000000
T 0 1  52  1  0  6    0.0000000   0.0004626   0.0026649   0.0180020   0.0942133   0.3329130   0.7236541   0.9536823   0.9988141   0.9999984   1.0000000   1.0000000   1.0000000
T 0 1  52  1  0  7    0.0000000   0.0002246   0.0006446   0.0024765   0.0123245   0.0526267   0.1570011   0.3413836   0.6074237   0.8728054   0.9849908   0.9998878   1.0000000
T 0 1  52  1  0  8    0.0000000   0.0009562   0.0014955   0.0017998   0.0022382   0.0036136   0.0107994   0.0452511   0.1686405   0.4573475   0.8251665   0.9710661   1.0000000
T 0 1  52  1  0  9    0.0000000   0.0021003   0.0074838   0.0131257   0.0159362   0.0198461   0.0401951   0.1288935   0.3661962   0.7154288   0.9583841   0.9999941   1.0000000
T 0 1  52  1  0 10    0.0000000   0.0032254   0.0170235   0.0428863   0.0843736   0.1746921   0.3942474   0.7474223   0.9511020   0.9856143   0.9999985   1.0000000   1.0000000
R 0 1  52  0  0  0    0.0258524   0.0258524   0.0115479   0.0105056   0.0102884   0.0101605   0.0100194   0.0098302   0.0098302   0.0098302   0.0098302   0.0098302
R 0 1  52  0  0  1    0.0119229   0.0119229   0.0119229   0.0119229   0.0109654   0.0108857   0.0109592   0.0108418   0.0108418   0.0108418   0.0108418   0.0108418
R 0 1  52  0  0  2    0.0123528   0.0123528   0.0123528   0.0123528   0.0119694   0.0119813   0.0118307   0.0116865   0.0116865   0.0116865   0.0116865   0.0116865
R 0 1  52  0  0  3    0.0139196   0.0139196   0.0139196   0.0139196   0.0125962   0.0125465   0.0123441   0.0122097   0.0122097   0.0122097   0.0122097   0.0122097
R 0 1  52  0  0  4    0.0188124   0.0188124   0.0188124   0.0176112   0.0169073   0.0158015   0.0144625   0.0130512   0.0130512   0.0130512   0.0130512   0.0130512
R 0 1  52  0  0  5    0.0214472   0.0214472   0.0192117   0.0190777   0.0187702   0.0180552   0.0169940   0.0169940   0.0169940   0.0169940   0.0169940   0.0169940
R 0 1  52  0  0  6    0.0199277   0.0199277   0.0199277   0.0204618   0.0207427   0.0207003   0.0208141   0.0207577   0.0207577   0.0207577   0.0207577   0.0207577
R 0 1  52  0  0  7    0.0203221   0.0203221   0.0203221   0.0203221   0.0206782   0.0211739   0.0211024   0.0209913   0.0205599   0.0197349   0.0197349   0.0197349
R 0 1  52  0  0  8    0.0214029   0.0214029   0.0214029   0.0214029   0.0214029   0.0214029   0.0214029   0.0210330   0.0210438   0.0209749   0.0201813   0.0189228
R 0 1  52  0  0  9    0.0308417   0.0308417   0.0308417   0.0308417   0.0308417   0.0308417   0.0299300   0.0288596   0.0274663   0.0264901   0.0248886   0.0248886
R 0 1  52  0  0 10    0.0753633   0.0699271   0.0615502   0.0534643   0.0475135   0.0439157   0.0410437   0.0354960   0.0336180   0.0306639   0.0306639   0.0306639
R 0 1  52  0  1  0    0.0000000   0.0000000   0.0000000   0.0000750   0.0000808   0.0000793   0.0000735   0.0000648   0.0000648   0.0000648   0.0000648   0.0000648
R 0 1  52  0  1  1    0.0000820   0.0000820   0.0000820   0.0000820   0.0000576   0.0000721   0.0000645   0.0000552   0.0000552   0.0000552   0.0000552   0.0000552
R 0 1  52  0  1  2    0.0000760   0.0000760   0.0000760   0.0000760   0.0000640   0.0000646   0.0000597   0.0000531   0.0000531   0.0000531   0.0000531   0.0000531
R 0 1  52  0  1  3    0.0000961   0.0000961   0.0000961   0.0000961   0.0000605   0.0000572   0.0000548   0.0000474   0.0000474   0.0000474   0.0000474   0.0000474
R 0 1  52  0  1  4    0.0001035   0.0001035   0.0001035   0.0000833   0.0000916   0.0000711   0.0000522   0.0000440   0.0000440   0.0000440   0.0000440   0.0000440
R 0 1  52  0  1  5    0.0002339   0.0002339   0.0000625   0.0000688   0.0000736   0.0000553   0.0000415   0.0000415   0.0000415   0.0000415   0.0000415   0.0000415
R 0 1  52  0  1  6    0.0000272   0.0000272   0.0000272   0.0000487   0.0000609   0.0000589   0.0000548   0.0000317   0.0000317   0.0000317   0.0000317   0.0000317
R 0 1  52  0  1  7    0.0000916   0.0000916   0.0000916   0.0000916   0.0000953   0.0000778   0.0000681   0.0000723   0.0000755   0.0000585   0.0000585   0.0000585
R 0 1  52  0  1  8    0.0001126   0.0001126   0.0001126   0.0001126   0.0001126   0.0001126   0.0001126   0.0001119   0.0001019   0.0001028   0.0000775   0.0000557
R 0 1  52  0  1  9    0.0002431   0.0002431   0.0002431   0.0002431   0.0002431   0.0002431   0.0002314   0.0001978   0.0001842   0.0001548   0.0001317   0.0001317
R 0 1  52  0  1 10    0.0011635   0.0010588   0.0009474   0.0007451   0.0005885   0.0004749   0.0004013   0.0002582   0.0001904   0.0001522   0.0001522   0.0001522
R 0 1  52  0  2  0    0.0000000   0.0000000   0.0000000   0.0000000   0.0000000   0.0000072   0.0000103   0.0000106   0.0000106   0.0000106   0.0000106   0.0000106
R 0 1  52  0  2  1    0.0000000   0.0000000   0.0000000   0.0000000   0.0000000   0.0000223   0.0000113   0.0000154   0.0000154   0.0000154   0.0000154   0.0000154
R 0 1  52  0  2  2    0.0000724   0.0000724   0.0000724   0.0000724   0.0000244   0.0000153   0.0000134   0.0000141   0.0000141   0.0000141   0.0000141   0.0000141
R 0 1  52  0  2  3    0.0000000   0.0000000   0.0000000   0.0000000   0.0000000   0.0000000   0.0000165   0.0000114   0.0000114   0.0000114   0.0000114   0.0000114
R 0 1  52  0  2  4    0.0000000   0.0000000   0.0000000   0.0000000   0.0000000   0.0000223   0.0000131   0.0000115   0.0000115   0.0000115   0.0000115   0.0000115
R 0 1  52  0  2  5    0.0000000   0.0000000   0.0000000   0.0000000   0.0000000   0.0000000   0.0000000   0.0000000   0.0000000   0.0000000   0.0000000   0.0000000
R 0 1  52  0  2  6    0.0000000   0.0000000   0.0000000   0.0000000   0.0000000   0.0000000   0.0000000   0.0000000   0.0000000   0.0000000   0.0000000   0.0000000
R 0 1  52  0  2  7    0.0000000   0.0000000   0.0000000   0.0000000   0.0000000   0.0000000   0.0000000   0.0000116   0.0000000   0.0000000   0.0000000   0.0000000
R 0 1  52  0  2  8    0.0000000   0.0000000   0.0000000   0.0000000   0.0000000   0.0000000   0.0000000   0.0000000   0.0000000   0.0000097   0.0000000   0.0000000
R 0 1  52  0  2  9    0.0000000   0.0000000   0.0000000   0.0000000   0.0000000   0.0000000   0.0000701   0.0000000   0.0000000   0.0000154   0.0000000   0.0000000
R 0 1  52  0  2 10    0.0000000   0.0000000   0.0000000   0.0000000   0.0000000   0.0000000   0.0000425   0.0000817   0.0000000   0.0000000   0.0000000   0.0000000
R 0 1  52  0  3  0    1.0148716   1.0148716   1.0968121   1.0262078   0.9964780   0.9847593   0.9811086   0.9826594   0.9826594   0.9826594   0.9826594   0.9826594
R 0 1  52  0  3  1    1.0213642   1.0213642   1.0213642   1.0213642   0.9978019   0.9860805   0.9779897   0.9787440   0.9787440   0.9787440   0.9787440   0.9787440
R 0 1  52  0  3  2    1.0080427   1.0080427   1.0080427   1.0080427   1.0084819   0.9851919   0.9802034   0.9803172   0.9803172   0.9803172   0.9803172   0.9803172
R 0 1  52  0  3  3    1.0002751   1.0002751   1.0002751   1.0002751   1.0065412   0.9900548   0.9820147   0.9809224   0.9809224   0.9809224   0.9809224   0.9809224
R 0 1  52  0  3  4    1.0164618   1.0164618   1.0164618   0.9847439   0.9811573   0.9748765   0.9773684   0.9866982   0.9866982   0.9866982   0.9866982   0.9866982
R 0 1  52  0  3  5    0.9740127   0.9740127   0.9982033   0.9840931   0.9746876   0.9721753   0.9739112   0.9739112   0.9739112   0.9739112   0.9739112   0.9739112
R 0 1  52  0  3  6    1.0391548   1.0391548   1.0391548   0.9986754   0.9869852   0.9854572   0.9850030   0.9850591   0.9850591   0.9850591   0.9850591   0.9850591
R 0 1  52  0  3  7    1.1187952   1.1187952   1.1187952   1.1187952   1.0266919   1.0003271   0.9918703   0.9869122   0.9857076   0.9865775   0.9865775   0.9865775
R 0 1  52  0  3  8    1.0165874   1.0165874   1.0165874   1.0165874   1.0165874   1.0165874   1.0165874   0.9914947   0.9815574   0.9858980   0.9864007   0.9978916
R 0 1  52  0  3  9    1.0070934   1.0070934   1.0070934   1.0070934   1.0070934   1.0070934   0.9950509   0.9781941   0.9759562   0.9828468   1.0056448   1.0056448
R 0 1  52  0  3 10    1.0788204   1.0493108   1.0216078   0.9865033   0.9717475   0.9684297   0.9695319   0.9704827   1.0011965   1.0167854   1.0167854   1.0167854
R 0 1  52  0  4  0    1.4132631   1.4132631   1.6240377   2.0989212   2.1888398   2.2785737   2.2481469   2.2597691   2.2597691   2.2597691   2.2597691   2.2597691
R 0 1  52  0  4  1    1.9998516   1.9998516   1.9998516   1.9998516   2.1375150   2.2271558   2.1728982   2.2122054   2.2122054   2.2122054   2.2122054   2.2122054
R 0 1  52  0  4  2    1.7880141   1.7880141   1.7880141   1.7880141   2.2263464   2.2565179   2.2292426   2.2211556   2.2211556   2.2211556   2.2211556   2.2211556
R 0 1  52  0  4  3    1.9451644   1.9451644   1.9451644   1.9451644   2.3177615   2.3114262   2.2370035   2.2290071   2.2290071   2.2290071   2.2290071   2.2290071
R 0 1  52  0  4  4    1.8240571   1.8240571   1.8240571   2.0181540   2.0889793   2.0832877   2.1831728   2.2971634   2.2971634   2.2971634   2.2971634   2.2971634
R 0 1  52  0  4  5    1.6820184   1.6820184   2.0457156   2.1722275   2.0908900   2.0670172   2.0182448   2.0182448   2.0182448   2.0182448   2.0182448   2.0182448
R 0 1  52  0  4  6    2.0207570   2.0207570   2.0207570   2.2541299   2.2949206   2.3594050   2.3598646   2.2859249   2.2859249   2.2859249   2.2859249   2.2859249
R 0 1  52  0  4  7    1.7219139   1.7219139   1.7219139   1.7219139   2.0879422   2.3743695   2.3754561   2.3764083   2.3468945   2.3550763   2.3550763   2.3550763
R 0 1  52  0  4  8    2.2481251   2.2481251   2.2481251   2.2481251   2.2481251   2.2481251   2.2481251   2.2023723   2.1974608   2.3244602   2.2506398   2.1044248
R 0 1  52  0  4  9    1.9690160   1.9690160   1.9690160   1.9690160   1.9690160   1.9690160   2.1027652   2.0826862   2.0800590   2.1674520   2.1928615   2.1928615
R 0 1  52  0  4 10    2.0828921   2.2581692   1.9243010   1.8857687   1.9471570   1.9365944   1.9886588   1.9485908   2.0797871   2.1433292   2.1433292   2.1433292
R 0 1  52  0  5  0   21.9834732  21.9834732   5.3514824   3.4828207   4.0023838   3.8535048   4.2205696   4.0229039   4.0229039   4.0229039   4.0229039   4.0229039
R 0 1  52  0  5  1    3.8360199   3.8360199   3.8360199   3.8360199   4.0178314   4.0416725   4.6377109   4.3055427   4.3055427   4.3055427   4.3055427   4.3055427
R 0 1  52  0  5  2    4.5294586   4.5294586   4.5294586   4.5294586   3.8743468   4.1377325   4.1743466   4.3603175   4.3603175   4.3603175   4.3603175   4.3603175
R 0 1  52  0  5  3    4.0164149   4.0164149   4.0164149   4.0164149   3.5672259   3.8415955   4.2352846   4.2475193   4.2475193   4.2475193   4.2475193   4.2475193
R 0 1  52  0  5  4    5.6194504   5.6194504   5.6194504   5.6034215   5.1057584   5.0142502   4.0802291   3.3422650   3.3422650   3.3422650   3.3422650   3.3422650
R 0 1  52  0  5  5    4.8897839   4.8897839   4.9612070   4.3711135   5.1891097   4.7902930   4.0980585   4.0980585   4.0980585   4.0980585   4.0980585   4.0980585
R 0 1  52  0  5  6    2.8978842   2.8978842   2.8978842   3.5479197   3.4643730   2.9182385   2.3590292   1.9814294   1.9814294   1.9814294   1.9814294   1.9814294
R 0 1  52  0  5  7    4.8217916   4.8217916   4.8217916   4.8217916   5.1324214   3.0967982   2.7301082   2.7653883   2.6750664   2.0533481   2.0533481   2.0533481
R 0 1  52  0  5  8    3.7651572   3.7651572   3.7651572   3.7651572   3.7651572   3.7651572   3.7651572   4.6325937   4.8301558   3.9816308   3.6891302   5.4155995
R 0 1  52  0  5  9    5.3659221   5.3659221   5.3659221   5.3659221   5.3659221   5.3659221   6.1536315   5.7482577   6.2939691   5.8597303   6.6925991   6.6925991
R 0 1  52  0  5 10    4.7019032   3.8044520   4.8378420   5.4400926   5.6769162   7.1573665   7.4649089   9.1622766   6.4741264   5.5273803   5.5273803   5.5273803
F  0  1  52  0  0  0    1.0282166   1.0155130   0.9821775   1.0002838   0.9767524   0.9957073   0.9991652   0.9925721   1.0032075   0.9821433   0.9821741
F  0  1  52  1  0  0    1.0932752   1.0787630   1.0603862   1.0597484   1.0673622   1.0825550   1.0755868   1.0556993   1.0384975   1.0691445   1.0891996
C  0  1  52  0  0  0  -0.2612538 -0.1849915 -0.1031006 -0.3929385 -0.2447037 -0.2260076 -0.1901247 -0.2731156 -0.2074856 -0.1842722 -0.3581956 -0.2129473 -0.3169163 -0.3920017 -0.3830601 -0.0985137
C  0  1  52  0  0  1  -0.1377119 -0.2100941 -0.1463475 -0.1180959 -0.1116377 -0.1160071 -0.1827512 -0.1068216 -0.0898711 -0.0569343  0.0526007  0.0574742 -0.1251570 -0.1460068 -0.2634028 -0.0957428
C  0  1  52  0  0  2  -0.0668391 -0.0876263 -0.1272590 -0.1167505  0.0774564 -0.0586507 -0.0764285 -0.0703069 -0.0536984 -0.0694124 -0.0416595 -0.1169098 -0.0866143 -0.1056763 -0.0499906 -0.1139593
C  0  1  52  0  0  3  -0.0598601 -0.0669318 -0.1974914 -0.0345311  0.0908098 -0.0370184 -0.0252663  0.0357751 -0.0440082  0.0547978 -0.0879962 -0.1293042 -0.1509133 -0.0588077  0.0226722  0.1240429
C  0  1  52  0  0  4  -0.0791466 -0.0853280 -0.0129720 -0.0032064 -0.1961035 -0.1216079 -0.0603296  0.0041620 -0.0322548 -0.0431687 -0.0028113 -0.0629780 -0.0182732 -0.0985557 -0.0030301 -0.0474764
C  0  1  52  0  0  5   0.0066774 -0.0602256 -0.0937187  0.0352044 -0.0558066  0.0148414 -0.0077727  0.0098628  0.0310190 -0.0064914 -0.0274045 -0.0552160 -0.0156504  0.0723992 -0.0071768 -0.0568007
C  0  1  52  0  0  6  -0.0270426  0.0154956  0.0621014  0.0334785 -0.0473600 -0.0582764 -0.0754446 -0.1706727 -0.0468796 -0.0845183 -0.0203383 -0.0193845 -0.0012516  0.0094107  0.0784983  0.0473480
C  0  1  52  0  0  7   0.0237327  0.0304297 -0.0654190  0.0416449  0.0368037  0.0375758  0.0104944  0.0422432 -0.0004908 -0.0786749  0.1026046 -0.0427588  0.0421815 -0.0825641 -0.0302514 -0.0752305
C  0  1  52  0  0  8   0.0040119  0.0434285  0.0250962  0.0238434 -0.0776998  0.0289460 -0.0897761  0.0250055 -0.0030189  0.0472233 -0.0356932  0.0542541  0.0731736  0.0598210 -0.0207624 -0.0231268
C  0  1  52  0  0  9  -0.0007816  0.0141504 -0.0292147  0.0265437 -0.0075894  0.0528564 -0.0251357  0.0162394 -0.0114031 -0.0296022  0.0624465  0.0010718 -0.0001598  0.1187964  0.0278503  0.0028416
C  0  1  52  0  0 10  -0.0135682 -0.0328826  0.0182583  0.0164082  0.0567704 -0.0074336 -0.0421460 -0.0271205 -0.0366175  0.0043023  0.0125790 -0.0288170 -0.0279466  0.0597708 -0.0133898  0.0354614
C  0  1  52  0  0 11   0.0165760  0.0252865 -0.0719252  0.0188451 -0.0388331  0.1071356  0.0697214  0.0713539 -0.0089539  0.0488728  0.0520149 -0.0103644 -0.0115242 -0.0045819  0.0196255 -0.0393764
C  0  1  52  0  0 12   0.0256110 -0.0068915 -0.0425862 -0.0054633  0.0542425  0.0192721 -0.0048768 -0.0347813 -0.0148123  0.0486684  0.0639986  0.0689357 -0.0474758 -0.1208676  0.0266419 -0.0261153
C  0  1  52  0  0 13   0.0243833  0.0153341  0.0142299 -0.0308785 -0.0272175  0.0054927  0.0014634 -0.0243308 -0.0455680  0.0578613 -0.0482129  0.0266564 -0.0125841  0.0357502 -0.0412550  0.0631870
C  0  1  52  0  0 14  -0.0665484 -0.0071364 -0.0300288 -0.0044329  0.0335776 -0.0086502 -0.0172005 -0.0047591 -0.0710517 -0.0606320  0.0900859 -0.0546781  0.1141287  0.0671203 -0.0203515 -0.0634291
C  0  1  52  0  0 15  -0.0116130 -0.1168818 -0.0222704 -0.0023690  0.0122817  0.0367392  0.0143779  0.0183598 -0.0172687  0.0176862 -0.1271679 -0.0414521 -0.0317374  0.0066802 -0.0871564  0.0012149
C  0  1  52  0  0 16   0.0596303  0.0731721  0.0025781 -0.0118158  0.0016087 -0.0890904 -0.0246242  0.0912723 -0.0443609  0.0645797  0.0753062 -0.0669272 -0.0115262  0.0100495 -0.1116590 -0.0759525
C  0  1  52  0  0 17  -0.1442063  0.0042931 -0.1238670 -0.2057122 -0.1216102 -0.0493913 -0.0172321  0.0264711 -0.0774461 -0.0411280  0.0218111  0.0063394 -0.0924464 -0.0999105 -0.0155031  0.0287939
C  0  1  52  0  0 18  -0.1440244 -0.0327945 -0.0423732 -0.0526237 -0.2301422 -0.0753039 -0.0741377 -0.0803709 -0.0664306 -0.0540396 -0.0480737 -0.0324069 -0.0547526  0.0220116 -0.1662931  0.0195518
C  0  1  52  0  0 19   0.0489839 -0.0609767 -0.2772183 -0.0117078 -0.0811554 -0.0921750 -0.2418970 -0.0375188 -0.1680728 -0.0992684 -0.0812544 -0.0881746 -0.1201564 -0.1130151 -0.0211772 -0.0952206
C  0  1  52  0  0 20  -0.1109523  0.0001814 -0.0578779 -0.0837219 -0.0917024 -0.0276698 -0.0961448 -0.1085488 -0.1243458 -0.2812256 -0.0315648  0.0493206 -0.1676631 -0.2018030 -0.2403430 -0.2058558
C  0  1  52  0  0 21  -0.2603447 -0.2677320 -0.3217779 -0.1515194 -0.2427639 -0.2302791 -0.3298445 -0.2186700 -0.1880805 -0.1251038 -0.0853303 -0.2781139 -0.2971044 -0.4002588 -0.2120927 -0.4207182
C  0  1  52  0  1  0   0.0019223 -0.0000718 -0.0043833 -0.0014653 -0.0027974  0.0003571  0.0000881 -0.0011777 -0.0006719 -0.0009007 -0.0054611  0.0045883  0.0049145  0.0022818  0.0050108  0.0047842
C  0  1  52  0  1  1   0.0033133 -0.0006378  0.0004186 -0.0022601  0.0029703 -0.0009427  0.0049246 -0.0012030  0.0052054 -0.0000796 -0.0033149 -0.0027558  0.0029299  0.0034643  0.0030816  0.0016858
C  0  1  52  0  1  2   0.0016113 -0.0001918 -0.0001164 -0.0006236 -0.0007422 -0.0001993 -0.0013071  0.0028059 -0.0024813  0.0014764 -0.0017157 -0.0013697  0.0024479 -0.0002267 -0.0011280  0.0004235
C  0  1  52  0  1  3  -0.0001860  0.0006456 -0.0009568 -0.0028028 -0.0019425  0.0007179  0.0021107  0.0000689 -0.0018518 -0.0040446 -0.0007201 -0.0019966  0.0011846 -0.0000955 -0.0027956  0.0009550
C  0  1  52  0  1  4   0.0015928 -0.0009363 -0.0027346  0.0010837  0.0014861 -0.0005638  0.0011084  0.0012310  0.0020745  0.0004342 -0.0007660 -0.0015441  0.0014007  0.0009471  0.0004774 -0.0026581
C  0  1  52  0  1  5   0.0002174  0.0004606 -0.0037888  0.0018607  0.0025774 -0.0011638 -0.0019936  0.0003055 -0.0017229  0.0003236  0.0011956 -0.0009966  0.0013057  0.0005521 -0.0002347 -0.0002410
C  0  1  52  0  1  6   0.0017139  0.0005985  0.0002313  0.0011614  0.0000351  0.0003603 -0.0004782 -0.0000492 -0.0002905 -0.0011511 -0.0013342  0.0008900 -0.0011364 -0.0023138  0.0021874 -0.0003807
C  0  1  52  0  1  7   0.0021004 -0.0017138  0.0008190 -0.0004649  0.0022021  0.0015459 -0.0023684  0.0000909  0.0003674 -0.0017109  0.0023133 -0.0028214 -0.0008817 -0.0002394 -0.0015588 -0.0006886
C  0  1  52  0  1  8   0.0007726  0.0018280 -0.0007000  0.0002023  0.0007558  0.0013067  0.0026946  0.0010768  0.0011213 -0.0001130  0.0001886 -0.0012671 -0.0006359  0.0002919  0.0002773  0.0008882
C  0  1  52  0  1  9  -0.0029362 -0.0000007  0.0006815  0.0014750 -0.0000530  0.0020392  0.0006003  0.0010618 -0.0004256 -0.0018192 -0.0026976  0.0004308 -0.0011363  0.0009359 -0.0000513  0.0026884
C  0  1  52  0  1 10   0.0014800  0.0014799  0.0019501  0.0015325  0.0027698 -0.0006904  0.0001748 -0.0012665 -0.0019793 -0.0004362 -0.0000521 -0.0008766 -0.0008473 -0.0003897 -0.0010840  0.0024756
C  0  1  52  0  1 11   0.0014692  0.0010421 -0.0007351 -0.0001471  0.0007631  0.0000858 -0.0021845 -0.0015198 -0.0005453 -0.0010017 -0.0008166 -0.0022997  0.0015393  0.0003797  0.0002097  0.0008349
C  0  1  52  0  1 12   0.0007407  0.0002745  0.0010159 -0.0016824 -0.0007604 -0.0008709  0.0003571  0.0004161 -0.0001216  0.0004644 -0.0011706  0.0016042 -0.0010762 -0.0000709  0.0011876  0.0023400
C  0  1  52  0  1 13   0.0017844 -0.0008371  0.0003794  0.0011877  0.0027350  0.0003042 -0.0009062  0.0017518 -0.0005562 -0.0000071 -0.0005388 -0.0023356  0.0002262 -0.0000175 -0.0009710  0.0023832
C  0  1  52  0  1 14   0.0025174  0.0009664  0.0024765  0.0022077  0.0011371  0.0025578 -0.0007438  0.0012731  0.0007108 -0.0002278  0.0000221  0.0016907 -0.0005883  0.0009325 -0.0000986  0.0028589
C  0  1  52  0  1 15   0.0007305  0.0020259 -0.0020402  0.0003801  0.0005841  0.0026862  0.0014537 -0.0004671  0.0017139 -0.0002062 -0.0012178  0.0023083  0.0001105  0.0007460  0.0000548  0.0018490
C  0  1  52  0  1 16   0.0027810  0.0049722  0.0015602  0.0006871  0.0009336  0.0041524  0.0009850 -0.0004245  0.0004528  0.0006672 -0.0007512  0.0006332 -0.0002981  0.0027390  0.0024403  0.0021439
C  0  1  52  0  1 17  -0.0005468 -0.0016353  0.0001579  0.0037446  0.0011017  0.0045706  0.0050050  0.0017824  0.0006564  0.0019218  0.0028048  0.0005574  0.0006253 -0.0002472  0.0049869  0.0036367
C  0  1  52  0  1 18   0.0057829  0.0039714  0.0026623  0.0018111  0.0010599  0.0023781  0.0055980  0.0004738  0.0007662  0.0014460  0.0032906  0.0011165 -0.0003907 -0.0010552  0.0059304  0.0069336
C  0  1  52  0  1 19   0.0026916  0.0037165  0.0025847  0.0005648  0.0001593  0.0012952  0.0019721  0.0028753  0.0037905  0.0013408 -0.0009421  0.0006056  0.0017596  0.0023312  0.0041420  0.0048349
C  0  1  52  0  1 20   0.0057494  0.0064612  0.0046849  0.0042771  0.0020523  0.0032441  0.0030633  0.0018146  0.0054137  0.0036082  0.0013624 -0.0035328  0.0050446  0.0049405  0.0067122  0.0034681
C  0  1  52  0  1 21   0.0119550  0.0135470  0.0080297  0.0021279 -0.0059001 -0.0076804 -0.0098170 -0.0014973 -0.0039303 -0.0037401  0.0033276  0.0039307  0.0032424  0.0065702  0.0127052  0.0045651
C  0  1  52  1  0  0  -0.4669379 -0.2443339 -0.3608853 -0.4618043 -0.2733106 -0.3424916 -0.3438246 -0.3278956 -0.3482654 -0.3250144 -0.4345202 -0.4827468 -0.4312722 -0.4120196 -0.4577646 -0.4793748
C  0  1  52  1  0  1  -0.2988348 -0.3436465 -0.2512094 -0.2938919 -0.3176471 -0.2604157 -0.2088770 -0.1760005 -0.3151903 -0.2223321 -0.2812290 -0.3006394 -0.3545878 -0.4275214 -0.3575462 -0.3137630
C  0  1  52  1  0  2  -0.3518727 -0.3094447 -0.2825690 -0.2900991 -0.3020850 -0.2338766 -0.2880873 -0.2583109 -0.2932653 -0.2151276 -0.3042463 -0.2651249 -0.3494399 -0.3489120 -0.3188412 -0.3579099
C  0  1  52  1  0  3  -0.2531956 -0.3003908 -0.2469269 -0.2723417 -0.2210615 -0.2108026 -0.1761782 -0.1269914 -0.1900117 -0.1880224 -0.2069572 -0.2982845 -0.2399534 -0.2882681 -0.2575359 -0.2664144
C  0  1  52  1  0  4  -0.2784211 -0.2523915 -0.2480841 -0.2599566 -0.2325445 -0.1742132 -0.2261452 -0.2164977 -0.2394719 -0.1739381 -0.1612559 -0.2226901 -0.2371514 -0.2481464 -0.3041048 -0.2949135
C  0  1  52  1  0  5  -0.2348412 -0.2103561 -0.1929611 -0.1839884 -0.1861008 -0.2207430 -0.1877782 -0.1682099 -0.1454253 -0.2051862 -0.1569067 -0.1698545 -0.2115950 -0.1393238 -0.1889902 -0.2042370
C  0  1  52  1  0  6  -0.1037098 -0.1392890 -0.1880811 -0.1651493 -0.1280864 -0.1542385 -0.1368215 -0.1484592 -0.1671956 -0.1184530 -0.1143993 -0.1406360 -0.0986332 -0.1472671 -0.1914511 -0.1794279
C  0  1  52  1  0  7  -0.1715747 -0.1435142 -0.1190759 -0.1118763 -0.1356606 -0.1597604 -0.1343445 -0.1336538 -0.1103664 -0.1040249 -0.0782461 -0.1364196 -0.1539810 -0.1194105 -0.1049926 -0.1132989
C  0  1  52  1  0  8  -0.1724051 -0.1050275 -0.1166819 -0.1413391 -0.1588776 -0.1620718 -0.1633142 -0.1756953 -0.1025269 -0.1446198 -0.1248848 -0.1645763 -0.1205441 -0.1606551 -0.1239011 -0.1309731
C  0  1  52  1  0  9  -0.1274852 -0.1012758 -0.1120213 -0.1682432 -0.0863107 -0.1489944 -0.1049014 -0.1761217 -0.1394839 -0.1383034 -0.0492553 -0.1287376 -0.1530827 -0.1000366 -0.1691879 -0.1344336
C  0  1  52  1  0 10  -0.1286141 -0.1072925 -0.1341697 -0.1400035 -0.1519795 -0.1376649 -0.1124755 -0.1208347 -0.0931626 -0.1430402 -0.1253085 -0.1322555 -0.0760745 -0.1041533 -0.1072575 -0.1142899
C  0  1  52  1  0 11  -0.1284535 -0.1235004 -0.1311780 -0.1288983 -0.0952128 -0.0975181 -0.1350827 -0.1391341 -0.1634208 -0.0978748 -0.1086324 -0.1392866 -0.0929538 -0.1470379 -0.1089558 -0.1054158
C  0  1  52  1  0 12  -0.1147098 -0.1369996 -0.1555280 -0.1072407 -0.1863088 -0.1202821 -0.1654582 -0.1695041 -0.1482709 -0.1259092 -0.1507933 -0.1167622 -0.0744560 -0.1144768 -0.0911717 -0.1192461
C  0  1  52  1  0 13  -0.1069823 -0.1424714 -0.1149710 -0.0832327 -0.1280142 -0.1547710 -0.1251910 -0.1361796 -0.1367788 -0.1279102 -0.1402622 -0.1374029 -0.1669388 -0.1415199 -0.1445086 -0.1477146
C  0  1  52  1  0 14  -0.0902999 -0.1525876 -0.1540872 -0.1446606 -0.1488094 -0.1274779 -0.1202582 -0.2281378 -0.1625732 -0.1213197 -0.1223796 -0.1184486 -0.1168209 -0.0815469 -0.1352557 -0.1701639
C  0  1  52  1  0 15  -0.1330135 -0.1787553 -0.1273770 -0.1191488 -0.1800780 -0.1048196 -0.1453774 -0.1878499 -0.1501737 -0.1388853 -0.1300272 -0.1571440 -0.1530147 -0.1242945 -0.1167564 -0.1243918
C  0  1  52  1  0 16  -0.1850303 -0.1784007 -0.2094392 -0.1888764 -0.1832030 -0.1693853 -0.1772767 -0.2860585 -0.2030744 -0.2294778 -0.1579906 -0.1499927 -0.1430912 -0.1363898 -0.1704869 -0.0980677
C  0  1  52  1  0 17  -0.1868747 -0.2581059 -0.1620390 -0.2844294 -0.2049250 -0.2490197 -0.2592422 -0.2612784 -0.1921748 -0.2482849 -0.2607535 -0.2390609 -0.1906609 -0.2672300 -0.2100452 -0.2451432
C  0  1  52  1  0 18  -0.2163294 -0.2206104 -0.2567270 -0.2795299 -0.2508174 -0.2227460 -0.3053884 -0.2849896 -0.2624941 -0.2104317 -0.2542035 -0.2525135 -0.2773528 -0.1628468 -0.1864080 -0.1729436
C  0  1  52  1  0 19  -0.2125631 -0.2531316 -0.3274462 -0.3065951 -0.3020282 -0.2520088 -0.2287864 -0.2521757 -0.2855590 -0.2439918 -0.1815282 -0.3001637 -0.2590523 -0.2192003 -0.3093209 -0.2336203
C  0  1  52  1  0 20  -0.1492973 -0.2485042 -0.3229299 -0.2718479 -0.3124833 -0.2000442 -0.2788931 -0.3350349 -0.3406780 -0.2961685 -0.2725676 -0.2622989 -0.3596591 -0.2917038 -0.2519338 -0.2932509
C  0  1  52  1  0 21  -0.4734612 -0.4482060 -0.3571812 -0.3922640 -0.3373648 -0.2357831 -0.3592586 -0.4639747 -0.3718900 -0.3581193 -0.4019566 -0.3993877 -0.4226824 -0.4435327 -0.3954511 -0.3565688
C  0  1  52  1  1  0   0.0448012  0.0500424  0.0437410  0.0236107  0.0003098 -0.0206188 -0.0352548 -0.0440898 -0.0472953 -0.0366461 -0.0357139 -0.0189244  0.0029884  0.0045590  0.0254764  0.0365272
C  0  1  52  1  1  1   0.0244946  0.0219763  0.0197548  0.0110530  0.0024343 -0.0086361 -0.0160973 -0.0179482 -0.0181768 -0.0146607 -0.0137997 -0.0069725  0.0046029  0.0094996  0.0116827  0.0240544
C  0  1  52  1  1  2   0.0120037  0.0128712  0.0081865  0.0069190  0.0018389 -0.0035410 -0.0084043 -0.0076867 -0.0105696 -0.0061177 -0.0054041 -0.0026941  0.0005151  0.0018834  0.0037352  0.0093906
C  0  1  52  1  1  3   0.0059840  0.0067230  0.0026720  0.0035252  0.0002210  0.0003515 -0.0039237 -0.0024751  0.0007579 -0.0010961 -0.0037068 -0.0011607  0.0011406  0.0015032  0.0020676  0.0047347
C  0  1  52  1  1  4   0.0019225  0.0011504  0.0002480 -0.0002097  0.0018140  0.0018230  0.0003859  0.0011458  0.0035739  0.0025189 -0.0012472  0.0000909  0.0011585  0.0007041  0.0036859  0.0023810
C  0  1  52  1  1  5   0.0009282 -0.0000553  0.0003620  0.0030192  0.0023523  0.0029231  0.0033745  0.0035417  0.0051702  0.0020063 -0.0002637 -0.0010647  0.0014416  0.0026022  0.0014788 -0.0006759
C  0  1  52  1  1  6   0.0009145  0.0005689  0.0007349  0.0027323  0.0047612  0.0040947  0.0046598  0.0044503  0.0043992  0.0013887  0.0009651  0.0005177  0.0001682  0.0011394  0.0013060 -0.0008872
C  0  1  52  1  1  7  -0.0021179  0.0007198  0.0011493  0.0034585  0.0040251  0.0040982  0.0047320  0.0031249  0.0030099  0.0010085 -0.0013266 -0.0006690  0.0014936  0.0009873  0.0005588 -0.0021389
C  0  1  52  1  1  8  -0.0004193  0.0007758  0.0015564  0.0017077  0.0043802  0.0027539  0.0041388  0.0046788  0.0052435  0.0012768  0.0001787 -0.0009758  0.0011364  0.0004766  0.0005288 -0.0015801
C  0  1  52  1  1  9   0.0016256  0.0020637  0.0007559  0.0029161  0.0021396  0.0025349  0.0023146  0.0026101  0.0020774 -0.0012770  0.0012772  0.0005939  0.0012417 -0.0010669  0.0001445 -0.0014605
C  0  1  52  1  1 10  -0.0007479  0.0009899  0.0014629  0.0018349  0.0014539  0.0017811  0.0014703  0.0019852  0.0022577 -0.0008367 -0.0018686 -0.0002028 -0.0006602  0.0012427  0.0015846 -0.0015357
C  0  1  52  1  1 11  -0.0003263  0.0018826  0.0006438  0.0019473  0.0029142  0.0000636  0.0009759  0.0015385  0.0025741  0.0003485 -0.0025750 -0.0007793 -0.0019990 -0.0004102 -0.0001916 -0.0021718
C  0  1  52  1  1 12   0.0000105  0.0012932  0.0024011  0.0027111  0.0021296  0.0003901  0.0003754  0.0031789  0.0042820  0.0007224  0.0003394 -0.0001688  0.0006797 -0.0006915  0.0008180 -0.0010361
C  0  1  52  1  1 13  -0.0004295  0.0013927  0.0019577  0.0032341  0.0025092  0.0024284  0.0038662  0.0047981  0.0037442  0.0004834  0.0010922 -0.0004735 -0.0010890 -0.0031410 -0.0000138 -0.0015622
C  0  1  52  1  1 14  -0.0011466  0.0000400  0.0024984  0.0028088  0.0031914  0.0019996  0.0022889  0.0058215  0.0052637  0.0007557  0.0012942 -0.0006220 -0.0033618 -0.0015296 -0.0013964 -0.0031341
C  0  1  52  1  1 15  -0.0022225  0.0000036  0.0024763  0.0030127  0.0025434 -0.0013176  0.0025408  0.0034035  0.0054071  0.0023797  0.0018367 -0.0001727 -0.0027053 -0.0057006 -0.0060834 -0.0054310
C  0  1  52  1  1 16  -0.0016138  0.0010404  0.0023051  0.0034178  0.0024107  0.0007816  0.0024496  0.0037824  0.0034140  0.0057030  0.0023967  0.0023711 -0.0016703 -0.0021545 -0.0048080 -0.0060629
C  0  1  52  1  1 17  -0.0038231  0.0010745  0.0017543  0.0067571  0.0010198 -0.0024415  0.0007202  0.0034893  0.0044533  0.0038223  0.0031889  0.0015816 -0.0010912 -0.0046663 -0.0052010 -0.0058597
C  0  1  52  1  1 18   0.0005640  0.0061836  0.0040476  0.0069319  0.0031344 -0.0015154 -0.0025747 -0.0002498  0.0015849  0.0038890  0.0008458  0.0001297 -0.0018986 -0.0036308 -0.0060912 -0.0052019
C  0  1  52  1  1 19   0.0020701  0.0071558  0.0115291  0.0100010  0.0059972  0.0014574 -0.0040470 -0.0001729  0.0021422  0.0052319  0.0016282 -0.0002069 -0.0040447 -0.0045086 -0.0066390 -0.0020437
C  0  1  52  1  1 20   0.0015093  0.0140907  0.0175163  0.0140782  0.0051316  0.0046447 -0.0007269 -0.0022032  0.0004634  0.0061474  0.0016086 -0.0020531 -0.0080169 -0.0079568 -0.0065923 -0.0037447
C  0  1  52  1  1 21   0.0074424  0.0193354  0.0299889  0.0222840  0.0158416  0.0143884  0.0093362  0.0111249  0.0109542  0.0123640  0.0008507 -0.0055286 -0.0082563 -0.0160514 -0.0086820  0.0005267
