CPHI 16 
CETA 22 -2.40 -2.10 -1.85 -1.60 -1.40 -1.20 -1.00 -0.80 -0.60 -0.40 -0.20  0.00  0.20  0.40  0.60  0.80  1.00  1.20  1.40  1.60  1.85  2.10  2.40 
RMIN  6 
RTRK 12 
RETA 11  0.00  0.20  0.40  0.60  0.80  1.00  1.20  1.40  1.60  1.85  2.10  2.40 
T 0 1  53  0  0  0    0.0000000   0.0006075   0.0016087   0.0030522   0.0122658   0.0691121   0.2781076   0.6538401   1.0000000   1.0000000   1.0000000   1.0000000   1.0000000
T 0 1  53  0  0  1    0.0000000   0.0001151   0.0004889   0.0023573   0.0125371   0.0586914   0.2259537   0.5892671   1.0000000   1.0000000   1.0000000   1.0000000   1.0000000
T 0 1  53  0  0  2    0.0000000   0.0001088   0.0004928   0.0017190   0.0105432   0.0558290   0.2105642   0.5746850   1.0000000   1.0000000   1.0000000   1.0000000   1.0000000
T 0 1  53  0  0  3    0.0000000   0.0002071   0.0006207   0.0017537   0.0116750   0.0630461   0.2261019   0.5873508   1.0000000   1.0000000   1.0000000   1.0000000   1.0000000
T 0 1  53  0  0  4    0.0000000   0.0003768   0.0024873   0.0143263   0.0626715   0.2042379   0.4888417   0.8215672   1.0000000   1.0000000   1.0000000   1.0000000   1.0000000
T 0 1  53  0  0  5    0.0000000   0.0009773   0.0074944   0.0515117   0.2057001   0.5335766   0.8764826   0.9993923   1.0000000   1.0000000   1.0000000   1.0000000   1.0000000
T 0 1  53  0  0  6    0.0000000   0.0003020   0.0011799   0.0102962   0.0676747   0.2776575   0.6637597   0.9310127   0.9981515   1.0000000   1.0000000   1.0000000   1.0000000
T 0 1  53  0  0  7    0.0000000   0.0000516   0.0004036   0.0009058   0.0048202   0.0303988   0.1191163   0.2975999   0.5814500   0.8688986   0.9839801   0.9998677   1.0000000
T 0 1  53  0  0  8    0.0000000   0.0000015   0.0000313   0.0001152   0.0003520   0.0009259   0.0041895   0.0249105   0.1194324   0.3941597   0.7896654   0.9690999   1.0000000
T 0 1  53  0  0  9    0.0000000   0.0000060   0.0000074   0.0000320   0.0005502   0.0035565   0.0182194   0.0856546   0.3016198   0.6593157   0.9389539   0.9999461   1.0000000
T 0 1  53  0  0 10    0.0000000   0.0067089   0.0292229   0.0464476   0.0795758   0.1688847   0.3381429   0.6900962   0.9101602   0.9703290   0.9998493   1.0000000   1.0000000
T 0 1  53  1  0  0    0.0000000   0.0005148   0.0016399   0.0047460   0.0213440   0.1017716   0.3374237   0.6994022   1.0000000   1.0000000   1.0000000   1.0000000   1.0000000
T 0 1  53  1  0  1    0.0000000   0.0002633   0.0010891   0.0042307   0.0181163   0.0752157   0.2537985   0.6193956   1.0000000   1.0000000   1.0000000   1.0000000   1.0000000
T 0 1  53  1  0  2    0.0000000   0.0002194   0.0008486   0.0027728   0.0124455   0.0616642   0.2339277   0.6064318   1.0000000   1.0000000   1.0000000   1.0000000   1.0000000
T 0 1  53  1  0  3    0.0000000   0.0002283   0.0008669   0.0027852   0.0140251   0.0700545   0.2491207   0.6198491   1.0000000   1.0000000   1.0000000   1.0000000   1.0000000
T 0 1  53  1  0  4    0.0000000   0.0004356   0.0027620   0.0153929   0.0663357   0.2155446   0.5058694   0.8320271   1.0000000   1.0000000   1.0000000   1.0000000   1.0000000
T 0 1  53  1  0  5    0.0000000   0.0011873   0.0094478   0.0577925   0.2246261   0.5586818   0.8900123   0.9996500   1.0000000   1.0000000   1.0000000   1.0000000   1.0000000
T 0 1  53  1  0  6    0.0000000   0.0004626   0.0026649   0.0180020   0.0942133   0.3329130   0.7236541   0.9536823   0.9988141   0.9999984   1.0000000   1.0000000   1.0000000
T 0 1  53  1  0  7    0.0000000   0.0002246   0.0006446   0.0024765   0.0123245   0.0526267   0.1570011   0.3413836   0.6074237   0.8728054   0.9849908   0.9998878   1.0000000
T 0 1  53  1  0  8    0.0000000   0.0009562   0.0014955   0.0017998   0.0022382   0.0036136   0.0107994   0.0452511   0.1686405   0.4573475   0.8251665   0.9710661   1.0000000
T 0 1  53  1  0  9    0.0000000   0.0021003   0.0074838   0.0131257   0.0159362   0.0198461   0.0401951   0.1288935   0.3661962   0.7154288   0.9583841   0.9999941   1.0000000
T 0 1  53  1  0 10    0.0000000   0.0032254   0.0170235   0.0428863   0.0843736   0.1746921   0.3942474   0.7474223   0.9511020   0.9856143   0.9999985   1.0000000   1.0000000
R 0 1  53  0  0  0    0.0235774   0.0235774   0.0112890   0.0104675   0.0103251   0.0101866   0.0099930   0.0098411   0.0098411   0.0098411   0.0098411   0.0098411
R 0 1  53  0  0  1    0.0118684   0.0118684   0.0118684   0.0118684   0.0110454   0.0109068   0.0109884   0.0108230   0.0108230   0.0108230   0.0108230   0.0108230
R 0 1  53  0  0  2    0.0123585   0.0123585   0.0123585   0.0123585   0.0120581   0.0119982   0.0118277   0.0117203   0.0117203   0.0117203   0.0117203   0.0117203
R 0 1  53  0  0  3    0.0136000   0.0136000   0.0136000   0.0136000   0.0127413   0.0125650   0.0123460   0.0122725   0.0122725   0.0122725   0.0122725   0.0122725
R 0 1  53  0  0  4    0.0193343   0.0193343   0.0193343   0.0173263   0.0170369   0.0158747   0.0144802   0.0130946   0.0130946   0.0130946   0.0130946   0.0130946
R 0 1  53  0  0  5    0.0204151   0.0204151   0.0192182   0.0191100   0.0187416   0.0180293   0.0169690   0.0169690   0.0169690   0.0169690   0.0169690   0.0169690
R 0 1  53  0  0  6    0.0204401   0.0204401   0.0204401   0.0204023   0.0208243   0.0207123   0.0207437   0.0206425   0.0206425   0.0206425   0.0206425   0.0206425
R 0 1  53  0  0  7    0.0214353   0.0214353   0.0214353   0.0214353   0.0210531   0.0211568   0.0211012   0.0210494   0.0205476   0.0197984   0.0197984   0.0197984
R 0 1  53  0  0  8    0.0211464   0.0211464   0.0211464   0.0211464   0.0211464   0.0211464   0.0211464   0.0210483   0.0210044   0.0210105   0.0202489   0.0186896
R 0 1  53  0  0  9    0.0310899   0.0310899   0.0310899   0.0310899   0.0310899   0.0310899   0.0299084   0.0288959   0.0274084   0.0263778   0.0250188   0.0250188
R 0 1  53  0  0 10    0.0748692   0.0713348   0.0609160   0.0546237   0.0470233   0.0439860   0.0410023   0.0354546   0.0338450   0.0301036   0.0301036   0.0301036
R 0 1  53  0  1  0    0.0000000   0.0000000   0.0000000   0.0000638   0.0000799   0.0000802   0.0000736   0.0000659   0.0000659   0.0000659   0.0000659   0.0000659
R 0 1  53  0  1  1    0.0000859   0.0000859   0.0000859   0.0000859   0.0000652   0.0000673   0.0000616   0.0000571   0.0000571   0.0000571   0.0000571   0.0000571
R 0 1  53  0  1  2    0.0000415   0.0000415   0.0000415   0.0000415   0.0000665   0.0000666   0.0000574   0.0000535   0.0000535   0.0000535   0.0000535   0.0000535
R 0 1  53  0  1  3    0.0000732   0.0000732   0.0000732   0.0000732   0.0000736   0.0000571   0.0000533   0.0000488   0.0000488   0.0000488   0.0000488   0.0000488
R 0 1  53  0  1  4    0.0001186   0.0001186   0.0001186   0.0000827   0.0000974   0.0000746   0.0000533   0.0000410   0.0000410   0.0000410   0.0000410   0.0000410
R 0 1  53  0  1  5    0.0001170   0.0001170   0.0000911   0.0000656   0.0000706   0.0000589   0.0000408   0.0000408   0.0000408   0.0000408   0.0000408   0.0000408
R 0 1  53  0  1  6    0.0001077   0.0001077   0.0001077   0.0000400   0.0000548   0.0000614   0.0000482   0.0000194   0.0000194   0.0000194   0.0000194   0.0000194
R 0 1  53  0  1  7    0.0000773   0.0000773   0.0000773   0.0000773   0.0001132   0.0000790   0.0000668   0.0000759   0.0000726   0.0000605   0.0000605   0.0000605
R 0 1  53  0  1  8    0.0001529   0.0001529   0.0001529   0.0001529   0.0001529   0.0001529   0.0001529   0.0001169   0.0001016   0.0001031   0.0000901   0.0000667
R 0 1  53  0  1  9    0.0002604   0.0002604   0.0002604   0.0002604   0.0002604   0.0002604   0.0002191   0.0001998   0.0001810   0.0001524   0.0001211   0.0001211
R 0 1  53  0  1 10    0.0012308   0.0011489   0.0007911   0.0007597   0.0005867   0.0004641   0.0003841   0.0002680   0.0002157   0.0001272   0.0001272   0.0001272
R 0 1  53  0  2  0    0.0000000   0.0000000   0.0000000   0.0000000   0.0000155   0.0000099   0.0000096   0.0000051   0.0000051   0.0000051   0.0000051   0.0000051
R 0 1  53  0  2  1    0.0000000   0.0000000   0.0000000   0.0000000   0.0000000   0.0000232   0.0000000   0.0000225   0.0000225   0.0000225   0.0000225   0.0000225
R 0 1  53  0  2  2    0.0000000   0.0000000   0.0000000   0.0000000   0.0000339   0.0000124   0.0000094   0.0000064   0.0000064   0.0000064   0.0000064   0.0000064
R 0 1  53  0  2  3    0.0000000   0.0000000   0.0000000   0.0000000   0.0000000   0.0000000   0.0000143   0.0000000   0.0000000   0.0000000   0.0000000   0.0000000
R 0 1  53  0  2  4    0.0000000   0.0000000   0.0000000   0.0000000   0.0000000   0.0000166   0.0000172   0.0000115   0.0000115   0.0000115   0.0000115   0.0000115
R 0 1  53  0  2  5    0.0000000   0.0000000   0.0000000   0.0000202   0.0000102   0.0000168   0.0000000   0.0000000   0.0000000   0.0000000   0.0000000   0.0000000
R 0 1  53  0  2  6    0.0000000   0.0000000   0.0000000   0.0000000   0.0000180   0.0000000   0.0000000   0.0000000   0.0000000   0.0000000   0.0000000   0.0000000
R 0 1  53  0  2  7    0.0000000   0.0000000   0.0000000   0.0000000   0.0000000   0.0000000   0.0000000   0.0000000   0.0000000   0.0000000   0.0000000   0.0000000
R 0 1  53  0  2  8    0.0000000   0.0000000   0.0000000   0.0000000   0.0000000   0.0000000   0.0000000   0.0000000   0.0000000   0.0000096   0.0000000   0.0000000
R 0 1  53  0  2  9    0.0000000   0.0000000   0.0000000   0.0000000   0.0000000   0.0000000   0.0000000   0.0000655   0.0000000   0.0000311   0.0000000   0.0000000
R 0 1  53  0  2 10    0.0000000   0.0000000   0.0000000   0.0000000   0.0000000   0.0000000   0.0000000   0.0000700   0.0000000   0.0000000   0.0000000   0.0000000
R 0 1  53  0  3  0    1.0971445   1.0971445   1.1015967   1.0246839   0.9971366   0.9850178   0.9823234   0.9829314   0.9829314   0.9829314   0.9829314   0.9829314
R 0 1  53  0  3  1    1.0234341   1.0234341   1.0234341   1.0234341   0.9930567   0.9829670   0.9808347   0.9782894   0.9782894   0.9782894   0.9782894   0.9782894
R 0 1  53  0  3  2    1.0279239   1.0279239   1.0279239   1.0279239   0.9982063   0.9841005   0.9817058   0.9809897   0.9809897   0.9809897   0.9809897   0.9809897
R 0 1  53  0  3  3    1.0090534   1.0090534   1.0090534   1.0090534   1.0059512   0.9853034   0.9824326   0.9805646   0.9805646   0.9805646   0.9805646   0.9805646
R 0 1  53  0  3  4    1.0092181   1.0092181   1.0092181   0.9922162   0.9777275   0.9726455   0.9779616   0.9900695   0.9900695   0.9900695   0.9900695   0.9900695
R 0 1  53  0  3  5    1.0390846   1.0390846   0.9995691   0.9828448   0.9733055   0.9723798   0.9717013   0.9717013   0.9717013   0.9717013   0.9717013   0.9717013
R 0 1  53  0  3  6    1.0405786   1.0405786   1.0405786   1.0033887   0.9874418   0.9851154   0.9850637   0.9891674   0.9891674   0.9891674   0.9891674   0.9891674
R 0 1  53  0  3  7    1.0595523   1.0595523   1.0595523   1.0595523   1.0281364   0.9998282   0.9916448   0.9843590   0.9878870   0.9867387   0.9867387   0.9867387
R 0 1  53  0  3  8    1.0329779   1.0329779   1.0329779   1.0329779   1.0329779   1.0329779   1.0329779   0.9965699   0.9856517   0.9836495   0.9888013   1.0126184
R 0 1  53  0  3  9    1.0208857   1.0208857   1.0208857   1.0208857   1.0208857   1.0208857   0.9891573   0.9786066   0.9736241   0.9846276   1.0082804   1.0082804
R 0 1  53  0  3 10    1.0627739   1.0217044   1.0216932   0.9795426   0.9810719   0.9723100   0.9697723   0.9678582   1.0023795   1.0158317   1.0158317   1.0158317
R 0 1  53  0  4  0    1.4877095   1.4877095   1.4530139   1.9877750   2.2668407   2.2949270   2.2593621   2.2423430   2.2423430   2.2423430   2.2423430   2.2423430
R 0 1  53  0  4  1    2.0055980   2.0055980   2.0055980   2.0055980   2.1090765   2.2170017   2.2135729   2.1867941   2.1867941   2.1867941   2.1867941   2.1867941
R 0 1  53  0  4  2    1.8923581   1.8923581   1.8923581   1.8923581   2.2104994   2.2359125   2.2232518   2.2393316   2.2393316   2.2393316   2.2393316   2.2393316
R 0 1  53  0  4  3    1.8170125   1.8170125   1.8170125   1.8170125   2.3302728   2.2295790   2.2394730   2.2230337   2.2230337   2.2230337   2.2230337   2.2230337
R 0 1  53  0  4  4    1.9272999   1.9272999   1.9272999   2.0214130   2.0951584   2.0723278   2.2089162   2.3820318   2.3820318   2.3820318   2.3820318   2.3820318
R 0 1  53  0  4  5    1.7775095   1.7775095   2.0163994   2.1549095   2.0640776   2.0867353   1.9876840   1.9876840   1.9876840   1.9876840   1.9876840   1.9876840
R 0 1  53  0  4  6    1.9547806   1.9547806   1.9547806   2.2235119   2.3367396   2.3598009   2.3314150   2.2551956   2.2551956   2.2551956   2.2551956   2.2551956
R 0 1  53  0  4  7    1.7586224   1.7586224   1.7586224   1.7586224   2.2834675   2.3479644   2.3866857   2.3484697   2.4046973   2.3734529   2.3734529   2.3734529
R 0 1  53  0  4  8    2.3940417   2.3940417   2.3940417   2.3940417   2.3940417   2.3940417   2.3940417   2.2496309   2.2464282   2.2790612   2.2736270   2.2285062
R 0 1  53  0  4  9    2.0909601   2.0909601   2.0909601   2.0909601   2.0909601   2.0909601   2.0479435   2.1123247   2.0637709   2.2089616   2.2459172   2.2459172
R 0 1  53  0  4 10    1.9640468   2.1143657   1.9859203   1.8609274   1.9890750   1.9788746   1.9713120   1.9166946   2.1235071   1.9546957   1.9546957   1.9546957
R 0 1  53  0  5  0    9.4957125   9.4957125   6.9460415   4.3323276   3.6631829   3.7080470   4.1839315   4.1199641   4.1199641   4.1199641   4.1199641   4.1199641
R 0 1  53  0  5  1    3.9644133   3.9644133   3.9644133   3.9644133   4.5103999   4.0289443   4.3500066   4.5054268   4.5054268   4.5054268   4.5054268   4.5054268
R 0 1  53  0  5  2    4.3164939   4.3164939   4.3164939   4.3164939   3.9112303   4.2303315   4.2650111   4.2501048   4.2501048   4.2501048   4.2501048   4.2501048
R 0 1  53  0  5  3    5.0222510   5.0222510   5.0222510   5.0222510   3.6821994   4.1133866   4.3319042   4.3427660   4.3427660   4.3427660   4.3427660   4.3427660
R 0 1  53  0  5  4    4.6788556   4.6788556   4.6788556   4.8688867   5.1960770   5.0909424   3.8529142   3.0927920   3.0927920   3.0927920   3.0927920   3.0927920
R 0 1  53  0  5  5    4.5986049   4.5986049   5.2922040   4.6858221   5.4162520   4.6839403   4.1932033   4.1932033   4.1932033   4.1932033   4.1932033   4.1932033
R 0 1  53  0  5  6    3.3889076   3.3889076   3.3889076   4.1186273   3.3792842   2.9252784   2.4338536   2.0243002   2.0243002   2.0243002   2.0243002   2.0243002
R 0 1  53  0  5  7    4.0811861   4.0811861   4.0811861   4.0811861   3.7613370   3.1779015   2.7312915   2.8627152   2.5117958   2.0203573   2.0203573   2.0203573
R 0 1  53  0  5  8    3.0698400   3.0698400   3.0698400   3.0698400   3.0698400   3.0698400   3.0698400   4.4707199   4.6554417   4.1688446   3.7075073   4.0680864
R 0 1  53  0  5  9    4.5140649   4.5140649   4.5140649   4.5140649   4.5140649   4.5140649   6.6972121   5.7911349   6.2205283   5.3924030   5.2477441   5.2477441
R 0 1  53  0  5 10    5.4872338   4.8696422   3.9764839   6.5075369   5.2618176   6.3318394   7.8580511   9.3172470   5.5905726   7.4883331   7.4883331   7.4883331
F  0  1  53  0  0  0    1.0315268   1.0121164   1.0202642   0.9931639   0.9683074   1.0026918   0.9941859   0.9967205   0.9880845   0.9808321   0.9849529
F  0  1  53  1  0  0    1.0575419   1.0812029   1.0833294   1.0762972   1.0617662   1.0809971   1.0739934   1.0569461   1.0442023   1.0564763   1.0841977
C  0  1  53  0  0  0  -0.2589170 -0.1451871 -0.3692295 -0.3916538 -0.3520369 -0.2589776 -0.2580692 -0.1208995 -0.1144941 -0.1987163 -0.2700039 -0.1071521 -0.2321615 -0.1946240 -0.4126565 -0.1103374
C  0  1  53  0  0  1  -0.1123839 -0.1409552 -0.1293971 -0.1055659 -0.0299940 -0.1556930 -0.1274377 -0.1911563 -0.0177889 -0.0526471 -0.0686250 -0.0590785 -0.1537163 -0.1248483 -0.0656260 -0.0443480
C  0  1  53  0  0  2  -0.1226954 -0.0606428 -0.0951340 -0.1216901 -0.0384728 -0.0692293 -0.1368035 -0.1116731 -0.0502947 -0.0663223 -0.0562919 -0.0428801 -0.0465225 -0.0932339 -0.0954019 -0.1057728
C  0  1  53  0  0  3  -0.0701324 -0.0830672 -0.1347401 -0.0272367  0.1194640 -0.0916081 -0.1289719 -0.0230617  0.0153079 -0.0224833 -0.0499064  0.0174455 -0.1316598 -0.1330070 -0.0629141  0.0395700
C  0  1  53  0  0  4  -0.1425249 -0.1302365 -0.1661015 -0.0506597 -0.0992440 -0.1006985  0.0380741 -0.1428442 -0.0515497  0.0148419 -0.0173669 -0.0720835 -0.0868190 -0.1607121 -0.1156348 -0.0492846
C  0  1  53  0  0  5  -0.0440785  0.0031856 -0.1010948  0.0787161  0.0286047  0.0498343 -0.0761413  0.0439725  0.0937977  0.0018256  0.0158230  0.0380136 -0.0428742  0.0671272  0.1015410 -0.1275968
C  0  1  53  0  0  6   0.0357951  0.0543352  0.0886118 -0.0153094 -0.0890902  0.0344854 -0.0176318 -0.0502155  0.0006608 -0.0814967  0.0208119  0.0385684 -0.0149293  0.0840259  0.0087952  0.1346111
C  0  1  53  0  0  7  -0.0429996 -0.0425552  0.0315807 -0.0633008  0.0234770  0.0621029  0.0743444  0.0233190 -0.0988418  0.0415538  0.1102014 -0.0573788 -0.0020620 -0.0242152 -0.0570687 -0.0547612
C  0  1  53  0  0  8  -0.0123294 -0.0270699  0.0216596  0.0378310 -0.0413521  0.0324756  0.0386103 -0.0093379  0.0417312  0.0352960 -0.0549114  0.0398885 -0.0505445  0.0159741 -0.0919453 -0.0890443
C  0  1  53  0  0  9   0.0035679 -0.0029902  0.0163110  0.0667048  0.0093910  0.0729066  0.0145435  0.0623546  0.0336167 -0.0063025  0.0120611 -0.0078873  0.0135659 -0.0174379  0.0160668  0.0248274
C  0  1  53  0  0 10  -0.0236484 -0.0047542  0.0486085  0.0031599 -0.0261223  0.0175782 -0.0257067 -0.0522508 -0.0353292 -0.0379065  0.0038480 -0.0159186 -0.0726686  0.0350699  0.0084222  0.0178366
C  0  1  53  0  0 11  -0.0454956  0.0100844 -0.0626095  0.0139515  0.0213109  0.0839115 -0.0028045  0.0878475  0.0240664  0.0281138 -0.0183437  0.0023260 -0.0123434  0.0149231  0.0046321 -0.0015281
C  0  1  53  0  0 12   0.1123218  0.0265565  0.0197341  0.0768883  0.0146029  0.0503696 -0.0088193 -0.0371376 -0.0051033  0.0658855  0.0282846 -0.0318472 -0.0613446 -0.0267576  0.0724017  0.0396483
C  0  1  53  0  0 13  -0.0266505 -0.0144509  0.0246161  0.0121213  0.0227304 -0.0149800  0.0074641  0.0182871  0.0225723  0.0135467  0.0303841  0.0513103  0.0617786  0.0585933 -0.0297364  0.0051876
C  0  1  53  0  0 14  -0.0611804  0.0403003 -0.0328146 -0.0196024 -0.0526907 -0.0291413  0.0277481  0.0582317 -0.0494327 -0.0501960  0.1673440 -0.0407081  0.0570362  0.0791196  0.0223404 -0.0150859
C  0  1  53  0  0 15  -0.1555689  0.0151735 -0.0940435  0.0449052 -0.0131343 -0.1025484 -0.0489635  0.0031379  0.0724207 -0.0724096 -0.0421661 -0.1065376 -0.0059871 -0.0293831 -0.0407296  0.1029428
C  0  1  53  0  0 16   0.1068970  0.0521677  0.0380492 -0.0938483 -0.0764388 -0.0283674 -0.0559410 -0.0434912  0.0323202  0.1302752  0.0751774 -0.0385530 -0.0757069 -0.0089697  0.0082599  0.0240980
C  0  1  53  0  0 17  -0.0885433 -0.1059108 -0.1115797 -0.1477011 -0.1656383 -0.0547555 -0.0947644  0.0103311 -0.0681267 -0.1094634  0.0455244 -0.0025508 -0.0886637 -0.1904437 -0.0597422 -0.0356082
C  0  1  53  0  0 18  -0.1573388 -0.0577423  0.0373478 -0.1092857 -0.0875111 -0.0249668 -0.0773964  0.0028961 -0.0671017 -0.0058233 -0.0127208 -0.1344737  0.0006903 -0.0394699 -0.0807689 -0.0521057
C  0  1  53  0  0 19  -0.0063550 -0.1349092 -0.2425328 -0.0952969 -0.0513024 -0.0097388 -0.2108339 -0.0082941 -0.0540140 -0.1017736 -0.1296802 -0.0218279  0.0044858 -0.1354214 -0.0947315 -0.0921549
C  0  1  53  0  0 20  -0.1299708 -0.0703068 -0.0179213 -0.1024043 -0.0831186 -0.1214813 -0.2567224 -0.2118659 -0.1146543 -0.2328127 -0.1710100  0.1405635 -0.1030714 -0.2110909 -0.1342958 -0.1677344
C  0  1  53  0  0 21  -0.1217367 -0.2291020 -0.4049884 -0.2784953 -0.1677392 -0.2129928 -0.3322109 -0.1594099 -0.2760160 -0.0313446 -0.3117704 -0.2401458 -0.4908014 -0.5316376 -0.3369961 -0.4675915
C  0  1  53  0  1  0  -0.0042098 -0.0011734 -0.0016074 -0.0028698 -0.0039868  0.0026868  0.0012095 -0.0002662  0.0003907 -0.0010984 -0.0070106  0.0004755  0.0077143  0.0037651  0.0016443  0.0035436
C  0  1  53  0  1  1  -0.0004037  0.0015830 -0.0049101 -0.0044491  0.0021955 -0.0037706  0.0039732 -0.0014229  0.0030053 -0.0026974 -0.0013963 -0.0039162 -0.0003585  0.0035755  0.0032032 -0.0005828
C  0  1  53  0  1  2   0.0012832 -0.0015221 -0.0011922  0.0005066 -0.0026791  0.0020174  0.0017581  0.0012086  0.0002433  0.0018574 -0.0017533 -0.0001877  0.0040621 -0.0001612 -0.0014864 -0.0008857
C  0  1  53  0  1  3   0.0049449 -0.0017758  0.0001581 -0.0005476 -0.0015518  0.0023908  0.0018407 -0.0021495 -0.0026233 -0.0002820 -0.0017452 -0.0002964  0.0008399 -0.0002204 -0.0022538 -0.0013510
C  0  1  53  0  1  4   0.0024811  0.0001477  0.0006174  0.0025591  0.0014750 -0.0011197  0.0021664 -0.0026371  0.0013552 -0.0007607 -0.0013694  0.0004778  0.0029851 -0.0007164  0.0005230 -0.0004729
C  0  1  53  0  1  5   0.0018457  0.0007544 -0.0002312  0.0037580 -0.0004900 -0.0005486 -0.0001274  0.0000085  0.0008386  0.0002466  0.0025545 -0.0010281 -0.0000347 -0.0001465 -0.0007033  0.0018089
C  0  1  53  0  1  6  -0.0004498 -0.0000305 -0.0002530  0.0008287  0.0008068  0.0017898 -0.0022256 -0.0009311 -0.0009881 -0.0020456  0.0003210 -0.0000551 -0.0007364 -0.0026783  0.0001352  0.0013879
C  0  1  53  0  1  7   0.0004196  0.0002826 -0.0002362  0.0019349  0.0021605  0.0007009  0.0004544  0.0020432 -0.0004010 -0.0026491  0.0014860 -0.0006996 -0.0013013  0.0000755  0.0005836  0.0015753
C  0  1  53  0  1  8   0.0019338  0.0001733  0.0003636 -0.0010679  0.0010055  0.0017776  0.0031652  0.0007915  0.0028593 -0.0001784 -0.0005657 -0.0014870 -0.0003751  0.0020796 -0.0002308  0.0003468
C  0  1  53  0  1  9  -0.0016401  0.0012668  0.0016620 -0.0012023  0.0022420  0.0002268  0.0005207  0.0005652  0.0000230 -0.0025354 -0.0028446 -0.0005550  0.0004278 -0.0004078 -0.0014568  0.0026086
C  0  1  53  0  1 10   0.0018606 -0.0006766  0.0010728  0.0028523  0.0029235  0.0010950  0.0006143  0.0000540 -0.0007672 -0.0013971 -0.0015578 -0.0013329 -0.0005157  0.0001717  0.0002996  0.0016383
C  0  1  53  0  1 11   0.0010924  0.0018307  0.0016954  0.0011312 -0.0001653 -0.0000200 -0.0024399 -0.0033615 -0.0027123 -0.0000600  0.0013461 -0.0006929  0.0005303  0.0007843  0.0003181 -0.0012538
C  0  1  53  0  1 12  -0.0007585 -0.0010489  0.0008997  0.0011174  0.0012354  0.0008922  0.0021599  0.0003461 -0.0000286  0.0004936  0.0001288  0.0020330 -0.0006435 -0.0003613 -0.0004168  0.0030103
C  0  1  53  0  1 13   0.0029752 -0.0021758  0.0017774  0.0006450  0.0023077  0.0015375 -0.0001887  0.0003760  0.0009412 -0.0002252 -0.0012886 -0.0016976 -0.0009578  0.0015887  0.0008344  0.0010961
C  0  1  53  0  1 14   0.0013948  0.0012686  0.0022770  0.0003197  0.0017705  0.0017435 -0.0009299  0.0001482 -0.0007557  0.0015444  0.0001381  0.0013596  0.0011927  0.0012087 -0.0002544  0.0027640
C  0  1  53  0  1 15   0.0019784  0.0002532 -0.0005306  0.0012474  0.0005644  0.0023167 -0.0002082 -0.0017530  0.0018412 -0.0011713 -0.0019053  0.0002702  0.0014774  0.0022879  0.0018994 -0.0006774
C  0  1  53  0  1 16   0.0027084  0.0035433  0.0010488  0.0029462  0.0008439  0.0039083  0.0013361  0.0008788  0.0027067 -0.0018671  0.0010706  0.0014157  0.0009491  0.0011466  0.0015721  0.0022490
C  0  1  53  0  1 17   0.0002965 -0.0011279 -0.0007095  0.0044376  0.0002610  0.0034246  0.0005461  0.0020288 -0.0003189  0.0060354  0.0006038  0.0004082  0.0004612 -0.0024987  0.0071326  0.0054209
C  0  1  53  0  1 18   0.0038146  0.0036139  0.0014607  0.0025551  0.0003530  0.0010430  0.0038513  0.0008229 -0.0003199  0.0012277  0.0061102  0.0015907 -0.0001874  0.0002417  0.0061885  0.0047644
C  0  1  53  0  1 19   0.0043303  0.0043796  0.0007811  0.0026182  0.0019471  0.0021424  0.0052562  0.0007914  0.0028443  0.0047439  0.0006843  0.0001337  0.0024184  0.0034906  0.0028460  0.0045620
C  0  1  53  0  1 20   0.0080576  0.0072828  0.0025694  0.0046674  0.0005853  0.0058514  0.0015376  0.0030268  0.0032421  0.0039699  0.0017254 -0.0007587  0.0033750  0.0048890  0.0045238  0.0068496
C  0  1  53  0  1 21   0.0108235  0.0150744  0.0057318  0.0041286 -0.0049007 -0.0047912 -0.0105855 -0.0030995 -0.0037415 -0.0029137 -0.0006899  0.0075018  0.0012025  0.0064624  0.0075479  0.0014312
C  0  1  53  1  0  0  -0.5685703 -0.3747428 -0.3969185 -0.3744026 -0.1847708 -0.3437017 -0.4451152 -0.3450989 -0.3812533 -0.3164130 -0.4218683 -0.5414352 -0.4085652 -0.5029020 -0.4492669 -0.4769375
C  0  1  53  1  0  1  -0.3650817 -0.3581412 -0.2958497 -0.2813813 -0.3224901 -0.2871172 -0.2905957 -0.2119846 -0.2554332 -0.1870878 -0.3287982 -0.3100762 -0.3701161 -0.3991083 -0.3397463 -0.3584544
C  0  1  53  1  0  2  -0.3376004 -0.3405407 -0.2429215 -0.2858951 -0.2864221 -0.2544006 -0.2847825 -0.2704531 -0.2453076 -0.2170907 -0.3291636 -0.3137905 -0.3397128 -0.3456132 -0.2762529 -0.3569672
C  0  1  53  1  0  3  -0.2828356 -0.2981002 -0.2874899 -0.2559582 -0.2469222 -0.1750031 -0.1535635 -0.1241087 -0.1886379 -0.1486088 -0.2148630 -0.2218350 -0.2038559 -0.2469398 -0.2620859 -0.2850655
C  0  1  53  1  0  4  -0.2538489 -0.2013855 -0.2767091 -0.2704121 -0.2477781 -0.2105829 -0.2799879 -0.2054897 -0.2452448 -0.1959125 -0.1978970 -0.3232407 -0.3091364 -0.2329348 -0.3353698 -0.3059538
C  0  1  53  1  0  5  -0.2244527 -0.1788340 -0.2051505 -0.1685772 -0.1701369 -0.1683904 -0.2208623 -0.1679429 -0.1746627 -0.1723279 -0.1889777 -0.1636331 -0.2423096 -0.1722789 -0.1453213 -0.2394465
C  0  1  53  1  0  6  -0.1389689 -0.1677783 -0.1734345 -0.1537232 -0.1141449 -0.1073037 -0.1193743 -0.0990636 -0.0777017 -0.0862977 -0.0861584 -0.1329207 -0.0923293 -0.1486020 -0.1658052 -0.2276726
C  0  1  53  1  0  7  -0.1582247 -0.1430955 -0.1756193 -0.1415409 -0.1404151 -0.1616858 -0.1873411 -0.1395152 -0.1110176 -0.0961314 -0.0906704 -0.1547088 -0.1345057 -0.1151356 -0.1208753 -0.1438791
C  0  1  53  1  0  8  -0.1633802 -0.0886821 -0.1495467 -0.1902223 -0.1690581 -0.1674754 -0.1623555 -0.1459413 -0.1397313 -0.1000934 -0.1251180 -0.1477017 -0.1406879 -0.1565645 -0.1475687 -0.1486042
C  0  1  53  1  0  9  -0.1320542 -0.1533865 -0.1085087 -0.1314809 -0.1183035 -0.1421011 -0.1136502 -0.1814587 -0.1123726 -0.1195252 -0.1106636 -0.1404760 -0.1243847 -0.0780429 -0.1237117 -0.1279697
C  0  1  53  1  0 10  -0.1577500 -0.1194457 -0.0931976 -0.1358961 -0.1417424 -0.1417022 -0.1567420 -0.1406644 -0.1108487 -0.0918171 -0.1256826 -0.1024245 -0.1146162 -0.1260864 -0.1260498 -0.1174380
C  0  1  53  1  0 11  -0.1660335 -0.1258179 -0.1329392 -0.1106770 -0.1085686 -0.0951696 -0.1062222 -0.1087322 -0.1147041 -0.0652282 -0.0995480 -0.1358424 -0.1314854 -0.1292804 -0.0671433 -0.1017852
C  0  1  53  1  0 12  -0.0928835 -0.1282053 -0.1670209 -0.1021559 -0.1390643 -0.1465264 -0.1357867 -0.1380543 -0.1134787 -0.1258484 -0.1242860 -0.0635838 -0.1147696 -0.1414792 -0.0999420 -0.0991967
C  0  1  53  1  0 13  -0.1313969 -0.1943770 -0.2179058 -0.1072209 -0.1183828 -0.1665122 -0.1166142 -0.1318781 -0.1403256 -0.1208090 -0.1460616 -0.1234710 -0.1710400 -0.1361910 -0.1607520 -0.1481299
C  0  1  53  1  0 14  -0.1377274 -0.1439090 -0.1511810 -0.1439659 -0.1630966 -0.1182981 -0.1266945 -0.1935825 -0.1207755 -0.1463325 -0.1262822 -0.1613784 -0.1091127 -0.1240016 -0.1252555 -0.1619100
C  0  1  53  1  0 15  -0.1035289 -0.2086544 -0.1069823 -0.1271026 -0.1440517 -0.1120975 -0.1841849 -0.1727569 -0.1576083 -0.1136739 -0.0879247 -0.1395090 -0.1021025 -0.0647138 -0.1187365 -0.1665025
C  0  1  53  1  0 16  -0.1523694 -0.1677318 -0.1823966 -0.1837480 -0.1993070 -0.1960221 -0.2075218 -0.1954139 -0.1587875 -0.1700038 -0.1262260 -0.1531137 -0.1889646 -0.1504286 -0.1739935 -0.1005398
C  0  1  53  1  0 17  -0.2791258 -0.2814829 -0.2090158 -0.3036308 -0.2366713 -0.2759529 -0.2628152 -0.2448056 -0.2286267 -0.2662745 -0.1916932 -0.2198744 -0.1929056 -0.3033848 -0.2187184 -0.2732326
C  0  1  53  1  0 18  -0.2022873 -0.2695974 -0.2480505 -0.2439343 -0.2248197 -0.2216282 -0.2826542 -0.2392986 -0.2438458 -0.2559845 -0.2423346 -0.2235316 -0.2532830 -0.1597228 -0.1888730 -0.2040140
C  0  1  53  1  0 19  -0.2670727 -0.2811770 -0.2910754 -0.2982184 -0.3186902 -0.2622787 -0.2546672 -0.2321106 -0.3045334 -0.2794991 -0.2196920 -0.2818044 -0.2629060 -0.2583285 -0.2544613 -0.2650700
C  0  1  53  1  0 20  -0.2416461 -0.2770556 -0.2997073 -0.2926466 -0.3049404 -0.2371420 -0.3017967 -0.2701821 -0.3359327 -0.2951662 -0.2603088 -0.2279722 -0.4027353 -0.2897590 -0.2144575 -0.3333007
C  0  1  53  1  0 21  -0.4698882 -0.4982093 -0.3835565 -0.3654794 -0.3675675 -0.3056936 -0.3841614 -0.3439812 -0.3884056 -0.3792911 -0.4245907 -0.3393421 -0.3807601 -0.3817115 -0.3965258 -0.3555867
C  0  1  53  1  1  0   0.0458907  0.0491722  0.0379987  0.0223087  0.0014545 -0.0223031 -0.0335391 -0.0426217 -0.0488694 -0.0380097 -0.0369901 -0.0186128  0.0027225  0.0058016  0.0239671  0.0374832
C  0  1  53  1  1  1   0.0247184  0.0229088  0.0188293  0.0109758  0.0026098 -0.0080871 -0.0152207 -0.0190810 -0.0180085 -0.0151560 -0.0146202 -0.0077417  0.0027397  0.0088693  0.0121526  0.0238029
C  0  1  53  1  1  2   0.0125943  0.0133862  0.0101698  0.0060548  0.0015116 -0.0026463 -0.0085844 -0.0077154 -0.0090899 -0.0063521 -0.0056695 -0.0022505  0.0009782  0.0028566  0.0049561  0.0107405
C  0  1  53  1  1  3   0.0076838  0.0071330  0.0021501  0.0046821  0.0008958  0.0014510 -0.0037790 -0.0016455 -0.0005112 -0.0002030 -0.0020519 -0.0013188  0.0018343  0.0029573  0.0030766  0.0074398
C  0  1  53  1  1  4   0.0014669  0.0018354  0.0011698  0.0012241  0.0025812  0.0025665  0.0010873  0.0010177  0.0046865  0.0026023 -0.0000732 -0.0000465  0.0013699  0.0010058  0.0037051  0.0025219
C  0  1  53  1  1  5   0.0011539  0.0005684  0.0014781  0.0031015  0.0026937  0.0046241  0.0036968  0.0047511  0.0057560  0.0034218 -0.0011834 -0.0009035  0.0024123  0.0027570  0.0019833 -0.0002238
C  0  1  53  1  1  6   0.0007375  0.0012370  0.0018967  0.0034421  0.0036568  0.0036036  0.0043936  0.0041620  0.0038681  0.0005574  0.0006106  0.0004475  0.0003396  0.0009002  0.0003067 -0.0005875
C  0  1  53  1  1  7  -0.0011223  0.0015003  0.0015765  0.0035676  0.0044737  0.0029393  0.0057008  0.0033312  0.0030231  0.0008975  0.0002930  0.0000542  0.0021844  0.0017779  0.0004948 -0.0008920
C  0  1  53  1  1  8  -0.0004952  0.0001767  0.0017239  0.0021619  0.0044380  0.0033242  0.0042895  0.0045041  0.0048910  0.0013227  0.0015024 -0.0003508  0.0010725  0.0007843  0.0018635 -0.0020067
C  0  1  53  1  1  9   0.0009842  0.0029442  0.0019883  0.0030640  0.0027464  0.0034099  0.0046704  0.0026574  0.0029231 -0.0004677  0.0013735  0.0007194  0.0009407 -0.0002150  0.0001106 -0.0013595
C  0  1  53  1  1 10  -0.0005549  0.0023995  0.0017009  0.0019660  0.0024711  0.0015266  0.0030765  0.0035787  0.0032001 -0.0000538 -0.0012703  0.0001984 -0.0008565  0.0010752  0.0018414 -0.0007828
C  0  1  53  1  1 11  -0.0001710  0.0021254  0.0018818  0.0020545  0.0029287  0.0009485  0.0011369  0.0026136  0.0029878  0.0014399 -0.0019585 -0.0000284  0.0001925 -0.0000217  0.0012283 -0.0022265
C  0  1  53  1  1 12  -0.0002518  0.0022185  0.0027014  0.0036553  0.0027617  0.0011764  0.0013121  0.0027567  0.0042673  0.0010620  0.0012497  0.0003522  0.0010385 -0.0006369  0.0014705 -0.0010943
C  0  1  53  1  1 13  -0.0005614  0.0021825  0.0022395  0.0023597  0.0024802  0.0027914  0.0038941  0.0050315  0.0043645  0.0011170  0.0018567 -0.0004142 -0.0005367 -0.0013688 -0.0005638 -0.0014004
C  0  1  53  1  1 14  -0.0010120  0.0000780  0.0019252  0.0038430  0.0039699  0.0020923  0.0035022  0.0060193  0.0050837  0.0007661  0.0022250  0.0002168 -0.0020386 -0.0010351 -0.0004970 -0.0027259
C  0  1  53  1  1 15  -0.0022229  0.0004069  0.0016975  0.0032322  0.0016415 -0.0005099  0.0027269  0.0031242  0.0051476  0.0031048  0.0007219 -0.0000433 -0.0033469 -0.0055980 -0.0064866 -0.0053650
C  0  1  53  1  1 16  -0.0014124  0.0009680  0.0028614  0.0049535  0.0035947  0.0006390  0.0043024  0.0046936  0.0037587  0.0063636  0.0028602  0.0019681 -0.0007349 -0.0010028 -0.0041295 -0.0051272
C  0  1  53  1  1 17  -0.0041014  0.0013764  0.0013100  0.0068509  0.0022692 -0.0011790  0.0019783  0.0039210  0.0043794  0.0045777  0.0031885  0.0010552 -0.0012573 -0.0049598 -0.0044046 -0.0045344
C  0  1  53  1  1 18   0.0003842  0.0079577  0.0057141  0.0069142  0.0045322  0.0010369 -0.0017418 -0.0016244  0.0027399  0.0034707  0.0024500  0.0005860 -0.0012070 -0.0025962 -0.0061263 -0.0042855
C  0  1  53  1  1 19   0.0028335  0.0081216  0.0125076  0.0103993  0.0061352  0.0025917 -0.0014652 -0.0006406  0.0034957  0.0059576  0.0024952  0.0002819 -0.0028335 -0.0037862 -0.0049012 -0.0023568
C  0  1  53  1  1 20   0.0016774  0.0135668  0.0175624  0.0123713  0.0065243  0.0030541 -0.0020309 -0.0000226  0.0001839  0.0062294 -0.0001482 -0.0018049 -0.0069110 -0.0099593 -0.0050638 -0.0056592
C  0  1  53  1  1 21   0.0088329  0.0186911  0.0301232  0.0225686  0.0155372  0.0163695  0.0081734  0.0106965  0.0109572  0.0126375  0.0016094 -0.0048813 -0.0093795 -0.0187487 -0.0068107  0.0006593
