CPHI 16 
CETA 22 -2.40 -2.10 -1.85 -1.60 -1.40 -1.20 -1.00 -0.80 -0.60 -0.40 -0.20  0.00  0.20  0.40  0.60  0.80  1.00  1.20  1.40  1.60  1.85  2.10  2.40 
RMIN  6 
RTRK 12 
RETA 11  0.00  0.20  0.40  0.60  0.80  1.00  1.20  1.40  1.60  1.85  2.10  2.40 
T 0 1  54  0  0  0    0.0000000   0.0005597   0.0015666   0.0031259   0.0120283   0.0690007   0.2780344   0.6544600   1.0000000   1.0000000   1.0000000   1.0000000   1.0000000
T 0 1  54  0  0  1    0.0000000   0.0001242   0.0005500   0.0023680   0.0122774   0.0586835   0.2256434   0.5878258   1.0000000   1.0000000   1.0000000   1.0000000   1.0000000
T 0 1  54  0  0  2    0.0000000   0.0001525   0.0005491   0.0018012   0.0107416   0.0554714   0.2099955   0.5734093   1.0000000   1.0000000   1.0000000   1.0000000   1.0000000
T 0 1  54  0  0  3    0.0000000   0.0001908   0.0006091   0.0016749   0.0116196   0.0630070   0.2262980   0.5871198   1.0000000   1.0000000   1.0000000   1.0000000   1.0000000
T 0 1  54  0  0  4    0.0000000   0.0004188   0.0026167   0.0142670   0.0632467   0.2039864   0.4892398   0.8215706   1.0000000   1.0000000   1.0000000   1.0000000   1.0000000
T 0 1  54  0  0  5    0.0000000   0.0009900   0.0075379   0.0516566   0.2048275   0.5324213   0.8760445   0.9994127   1.0000000   1.0000000   1.0000000   1.0000000   1.0000000
T 0 1  54  0  0  6    0.0000000   0.0002860   0.0012317   0.0103148   0.0672805   0.2770257   0.6631005   0.9311768   0.9981965   0.9999988   1.0000000   1.0000000   1.0000000
T 0 1  54  0  0  7    0.0000000   0.0000429   0.0004087   0.0009348   0.0047346   0.0308450   0.1192217   0.2982579   0.5817176   0.8698107   0.9842529   0.9998870   1.0000000
T 0 1  54  0  0  8    0.0000000   0.0000012   0.0000349   0.0001129   0.0004076   0.0010331   0.0042978   0.0251494   0.1194345   0.3942160   0.7893227   0.9694992   1.0000000
T 0 1  54  0  0  9    0.0000000   0.0000085   0.0000098   0.0000265   0.0005149   0.0035752   0.0186242   0.0861996   0.3028238   0.6591912   0.9391625   0.9999509   1.0000000
T 0 1  54  0  0 10    0.0000000   0.0068043   0.0291469   0.0464609   0.0796379   0.1691298   0.3377589   0.6891804   0.9101935   0.9702404   0.9998080   1.0000000   1.0000000
T 0 1  54  1  0  0    0.0000000   0.0005148   0.0016399   0.0047460   0.0213440   0.1017716   0.3374237   0.6994022   1.0000000   1.0000000   1.0000000   1.0000000   1.0000000
T 0 1  54  1  0  1    0.0000000   0.0002633   0.0010891   0.0042307   0.0181163   0.0752157   0.2537985   0.6193956   1.0000000   1.0000000   1.0000000   1.0000000   1.0000000
T 0 1  54  1  0  2    0.0000000   0.0002194   0.0008486   0.0027728   0.0124455   0.0616642   0.2339277   0.6064318   1.0000000   1.0000000   1.0000000   1.0000000   1.0000000
T 0 1  54  1  0  3    0.0000000   0.0002283   0.0008669   0.0027852   0.0140251   0.0700545   0.2491207   0.6198491   1.0000000   1.0000000   1.0000000   1.0000000   1.0000000
T 0 1  54  1  0  4    0.0000000   0.0004356   0.0027620   0.0153929   0.0663357   0.2155446   0.5058694   0.8320271   1.0000000   1.0000000   1.0000000   1.0000000   1.0000000
T 0 1  54  1  0  5    0.0000000   0.0011873   0.0094478   0.0577925   0.2246261   0.5586818   0.8900123   0.9996500   1.0000000   1.0000000   1.0000000   1.0000000   1.0000000
T 0 1  54  1  0  6    0.0000000   0.0004626   0.0026649   0.0180020   0.0942133   0.3329130   0.7236541   0.9536823   0.9988141   0.9999984   1.0000000   1.0000000   1.0000000
T 0 1  54  1  0  7    0.0000000   0.0002246   0.0006446   0.0024765   0.0123245   0.0526267   0.1570011   0.3413836   0.6074237   0.8728054   0.9849908   0.9998878   1.0000000
T 0 1  54  1  0  8    0.0000000   0.0009562   0.0014955   0.0017998   0.0022382   0.0036136   0.0107994   0.0452511   0.1686405   0.4573475   0.8251665   0.9710661   1.0000000
T 0 1  54  1  0  9    0.0000000   0.0021003   0.0074838   0.0131257   0.0159362   0.0198461   0.0401951   0.1288935   0.3661962   0.7154288   0.9583841   0.9999941   1.0000000
T 0 1  54  1  0 10    0.0000000   0.0032254   0.0170235   0.0428863   0.0843736   0.1746921   0.3942474   0.7474223   0.9511020   0.9856143   0.9999985   1.0000000   1.0000000
R 0 1  54  0  0  0    0.0230521   0.0230521   0.0116520   0.0103333   0.0103338   0.0101963   0.0100057   0.0098346   0.0098346   0.0098346   0.0098346   0.0098346
R 0 1  54  0  0  1    0.0118327   0.0118327   0.0118327   0.0118327   0.0110702   0.0109395   0.0109734   0.0108167   0.0108167   0.0108167   0.0108167   0.0108167
R 0 1  54  0  0  2    0.0127086   0.0127086   0.0127086   0.0127086   0.0119507   0.0119906   0.0118583   0.0117119   0.0117119   0.0117119   0.0117119   0.0117119
R 0 1  54  0  0  3    0.0133631   0.0133631   0.0133631   0.0133631   0.0126987   0.0125609   0.0123675   0.0122740   0.0122740   0.0122740   0.0122740   0.0122740
R 0 1  54  0  0  4    0.0187771   0.0187771   0.0187771   0.0172897   0.0169363   0.0158467   0.0144655   0.0131047   0.0131047   0.0131047   0.0131047   0.0131047
R 0 1  54  0  0  5    0.0210011   0.0210011   0.0194557   0.0191606   0.0187955   0.0181049   0.0169541   0.0169541   0.0169541   0.0169541   0.0169541   0.0169541
R 0 1  54  0  0  6    0.0195642   0.0195642   0.0195642   0.0204183   0.0207941   0.0206809   0.0208329   0.0206515   0.0206515   0.0206515   0.0206515   0.0206515
R 0 1  54  0  0  7    0.0211909   0.0211909   0.0211909   0.0211909   0.0205745   0.0212455   0.0211620   0.0208855   0.0205092   0.0197200   0.0197200   0.0197200
R 0 1  54  0  0  8    0.0210778   0.0210778   0.0210778   0.0210778   0.0210778   0.0210778   0.0210778   0.0209951   0.0210080   0.0210429   0.0203303   0.0188685
R 0 1  54  0  0  9    0.0305324   0.0305324   0.0305324   0.0305324   0.0305324   0.0305324   0.0299383   0.0289029   0.0274826   0.0264009   0.0251279   0.0251279
R 0 1  54  0  0 10    0.0778540   0.0707433   0.0616139   0.0541777   0.0470440   0.0441920   0.0409379   0.0355193   0.0337748   0.0300318   0.0300318   0.0300318
R 0 1  54  0  1  0    0.0000000   0.0000000   0.0000000   0.0000604   0.0000814   0.0000795   0.0000732   0.0000648   0.0000648   0.0000648   0.0000648   0.0000648
R 0 1  54  0  1  1    0.0000612   0.0000612   0.0000612   0.0000612   0.0000754   0.0000706   0.0000612   0.0000555   0.0000555   0.0000555   0.0000555   0.0000555
R 0 1  54  0  1  2    0.0000390   0.0000390   0.0000390   0.0000390   0.0000640   0.0000643   0.0000618   0.0000537   0.0000537   0.0000537   0.0000537   0.0000537
R 0 1  54  0  1  3    0.0000585   0.0000585   0.0000585   0.0000585   0.0000544   0.0000608   0.0000549   0.0000511   0.0000511   0.0000511   0.0000511   0.0000511
R 0 1  54  0  1  4    0.0001119   0.0001119   0.0001119   0.0000774   0.0000889   0.0000732   0.0000515   0.0000435   0.0000435   0.0000435   0.0000435   0.0000435
R 0 1  54  0  1  5    0.0001387   0.0001387   0.0000853   0.0000760   0.0000711   0.0000598   0.0000465   0.0000465   0.0000465   0.0000465   0.0000465   0.0000465
R 0 1  54  0  1  6    0.0000487   0.0000487   0.0000487   0.0000365   0.0000642   0.0000570   0.0000567   0.0000257   0.0000257   0.0000257   0.0000257   0.0000257
R 0 1  54  0  1  7    0.0000884   0.0000884   0.0000884   0.0000884   0.0000923   0.0000728   0.0000658   0.0000643   0.0000689   0.0000505   0.0000505   0.0000505
R 0 1  54  0  1  8    0.0000957   0.0000957   0.0000957   0.0000957   0.0000957   0.0000957   0.0000957   0.0001096   0.0001081   0.0001032   0.0000815   0.0000833
R 0 1  54  0  1  9    0.0001640   0.0001640   0.0001640   0.0001640   0.0001640   0.0001640   0.0001973   0.0002001   0.0001833   0.0001537   0.0001430   0.0001430
R 0 1  54  0  1 10    0.0014859   0.0010677   0.0008352   0.0007965   0.0005734   0.0004968   0.0003838   0.0002552   0.0002060   0.0001116   0.0001116   0.0001116
R 0 1  54  0  2  0    0.0000000   0.0000000   0.0000000   0.0000000   0.0000000   0.0000000   0.0000120   0.0000090   0.0000090   0.0000090   0.0000090   0.0000090
R 0 1  54  0  2  1    0.0000000   0.0000000   0.0000000   0.0000000   0.0000000   0.0000088   0.0000108   0.0000170   0.0000170   0.0000170   0.0000170   0.0000170
R 0 1  54  0  2  2    0.0000000   0.0000000   0.0000000   0.0000000   0.0000508   0.0000188   0.0000085   0.0000150   0.0000150   0.0000150   0.0000150   0.0000150
R 0 1  54  0  2  3    0.0000700   0.0000700   0.0000700   0.0000700   0.0000000   0.0000000   0.0000105   0.0000000   0.0000000   0.0000000   0.0000000   0.0000000
R 0 1  54  0  2  4    0.0000000   0.0000000   0.0000000   0.0000000   0.0000000   0.0000000   0.0000173   0.0000000   0.0000000   0.0000000   0.0000000   0.0000000
R 0 1  54  0  2  5    0.0000000   0.0000000   0.0000000   0.0000000   0.0000192   0.0000000   0.0000000   0.0000000   0.0000000   0.0000000   0.0000000   0.0000000
R 0 1  54  0  2  6    0.0000000   0.0000000   0.0000000   0.0000000   0.0000000   0.0000084   0.0000000   0.0000000   0.0000000   0.0000000   0.0000000   0.0000000
R 0 1  54  0  2  7    0.0000000   0.0000000   0.0000000   0.0000000   0.0000570   0.0000000   0.0000000   0.0000000   0.0000108   0.0000000   0.0000000   0.0000000
R 0 1  54  0  2  8    0.0000000   0.0000000   0.0000000   0.0000000   0.0000000   0.0000000   0.0000000   0.0000000   0.0000000   0.0000000   0.0000000   0.0000000
R 0 1  54  0  2  9    0.0000000   0.0000000   0.0000000   0.0000000   0.0000000   0.0000000   0.0000000   0.0000000   0.0000000   0.0000317   0.0000000   0.0000000
R 0 1  54  0  2 10    0.0000000   0.0000000   0.0000000   0.0000000   0.0000000   0.0000476   0.0000682   0.0000641   0.0000000   0.0000000   0.0000000   0.0000000
R 0 1  54  0  3  0    1.1228339   1.1228339   1.1147133   1.0364163   0.9969095   0.9876082   0.9809607   0.9813949   0.9813949   0.9813949   0.9813949   0.9813949
R 0 1  54  0  3  1    1.0204066   1.0204066   1.0204066   1.0204066   0.9977804   0.9835696   0.9799202   0.9777248   0.9777248   0.9777248   0.9777248   0.9777248
R 0 1  54  0  3  2    1.0156032   1.0156032   1.0156032   1.0156032   1.0027732   0.9852744   0.9814446   0.9805257   0.9805257   0.9805257   0.9805257   0.9805257
R 0 1  54  0  3  3    0.9820452   0.9820452   0.9820452   0.9820452   1.0054697   0.9886898   0.9818002   0.9816392   0.9816392   0.9816392   0.9816392   0.9816392
R 0 1  54  0  3  4    1.0297330   1.0297330   1.0297330   0.9828306   0.9742233   0.9721268   0.9776134   0.9872014   0.9872014   0.9872014   0.9872014   0.9872014
R 0 1  54  0  3  5    1.0057639   1.0057639   0.9969718   0.9818447   0.9738246   0.9715705   0.9722994   0.9722994   0.9722994   0.9722994   0.9722994   0.9722994
R 0 1  54  0  3  6    1.0551180   1.0551180   1.0551180   1.0012810   0.9862825   0.9841090   0.9830962   0.9875531   0.9875531   0.9875531   0.9875531   0.9875531
R 0 1  54  0  3  7    1.0694160   1.0694160   1.0694160   1.0694160   1.0302507   0.9959252   0.9878184   0.9850250   0.9883982   0.9879280   0.9879280   0.9879280
R 0 1  54  0  3  8    1.0163365   1.0163365   1.0163365   1.0163365   1.0163365   1.0163365   1.0163365   0.9917582   0.9847364   0.9823681   0.9891828   1.0108846
R 0 1  54  0  3  9    1.0259408   1.0259408   1.0259408   1.0259408   1.0259408   1.0259408   0.9881932   0.9764186   0.9750378   0.9836045   1.0028856   1.0028856
R 0 1  54  0  3 10    1.0685807   1.0341272   1.0320474   0.9863923   0.9827814   0.9708687   0.9684503   0.9697882   0.9943162   1.0037829   1.0037829   1.0037829
R 0 1  54  0  4  0    1.3879895   1.3879895   1.3308704   2.1802844   2.2616153   2.3297852   2.2412619   2.2476765   2.2476765   2.2476765   2.2476765   2.2476765
R 0 1  54  0  4  1    2.0099526   2.0099526   2.0099526   2.0099526   2.1899949   2.2135786   2.2371477   2.1834360   2.1834360   2.1834360   2.1834360   2.1834360
R 0 1  54  0  4  2    1.9499928   1.9499928   1.9499928   1.9499928   2.2543438   2.2657953   2.2328566   2.2375746   2.2375746   2.2375746   2.2375746   2.2375746
R 0 1  54  0  4  3    1.6792501   1.6792501   1.6792501   1.6792501   2.2889772   2.3085691   2.2171135   2.2309896   2.2309896   2.2309896   2.2309896   2.2309896
R 0 1  54  0  4  4    1.9172779   1.9172779   1.9172779   1.9330734   2.0504813   2.0509090   2.1841195   2.3554433   2.3554433   2.3554433   2.3554433   2.3554433
R 0 1  54  0  4  5    1.7486266   1.7486266   2.0492299   2.1408008   2.0665663   2.0559458   2.0071952   2.0071952   2.0071952   2.0071952   2.0071952   2.0071952
R 0 1  54  0  4  6    1.9638501   1.9638501   1.9638501   2.2168022   2.2967978   2.3474007   2.3575284   2.3024701   2.3024701   2.3024701   2.3024701   2.3024701
R 0 1  54  0  4  7    1.7546189   1.7546189   1.7546189   1.7546189   2.2012541   2.3200192   2.3140694   2.3350510   2.4013538   2.3488962   2.3488962   2.3488962
R 0 1  54  0  4  8    2.2125636   2.2125636   2.2125636   2.2125636   2.2125636   2.2125636   2.2125636   2.2165298   2.2582987   2.2475878   2.3460358   2.1797970
R 0 1  54  0  4  9    2.0950970   2.0950970   2.0950970   2.0950970   2.0950970   2.0950970   2.0086295   2.0682710   2.0582712   2.1719433   2.2246175   2.2246175
R 0 1  54  0  4 10    2.0199865   2.2095885   2.0768710   1.8675412   1.9792413   1.9649081   1.9718661   1.9682783   1.9810965   1.8783703   1.8783703   1.8783703
R 0 1  54  0  5  0   11.0909811  11.0909811  10.4183444   3.2739808   3.5329092   3.6333525   4.1601104   4.0309519   4.0309519   4.0309519   4.0309519   4.0309519
R 0 1  54  0  5  1    3.7489843   3.7489843   3.7489843   3.7489843   3.8533840   4.1200676   4.1954717   4.4511681   4.4511681   4.4511681   4.4511681   4.4511681
R 0 1  54  0  5  2    3.9249064   3.9249064   3.9249064   3.9249064   3.7832597   3.8082339   4.1588381   4.1881185   4.1881185   4.1881185   4.1881185   4.1881185
R 0 1  54  0  5  3    5.1724274   5.1724274   5.1724274   5.1724274   4.2132624   3.7073464   4.3939838   4.4349097   4.4349097   4.4349097   4.4349097   4.4349097
R 0 1  54  0  5  4    4.6936305   4.6936305   4.6936305   5.7397038   5.6117052   5.2855468   4.0080417   3.1736150   3.1736150   3.1736150   3.1736150   3.1736150
R 0 1  54  0  5  5    5.2627463   5.2627463   5.1950405   4.7433936   5.6565473   4.9947007   4.0327759   4.0327759   4.0327759   4.0327759   4.0327759   4.0327759
R 0 1  54  0  5  6    3.1467677   3.1467677   3.1467677   3.8817070   3.4914920   2.9114104   2.3399378   2.0043503   2.0043503   2.0043503   2.0043503   2.0043503
R 0 1  54  0  5  7    4.3867034   4.3867034   4.3867034   4.3867034   4.0788174   3.3050469   3.0203282   2.9001798   2.5161876   2.0389062   2.0389062   2.0389062
R 0 1  54  0  5  8    3.8513004   3.8513004   3.8513004   3.8513004   3.8513004   3.8513004   3.8513004   4.4987348   4.5263252   4.4624598   3.4127287   4.8041855
R 0 1  54  0  5  9    4.4110685   4.4110685   4.4110685   4.4110685   4.4110685   4.4110685   6.9906371   5.9157934   6.4450311   5.6289883   5.1360788   5.1360788
R 0 1  54  0  5 10    5.5599351   4.1701666   3.9674774   6.7881566   5.5067446   6.6705779   7.6969816   8.1108612   8.7994953  10.7771083  10.7771083  10.7771083
F  0  1  54  0  0  0    1.0298345   1.0374625   0.9982872   0.9998924   0.9708460   0.9893201   0.9967541   1.0063793   0.9763218   0.9896122   0.9861949
F  0  1  54  1  0  0    1.0782351   1.0913467   1.0477864   1.0635601   1.0442284   1.0757759   1.0740755   1.0643496   1.0415192   1.0683031   1.0839855
C  0  1  54  0  0  0  -0.2904881 -0.1365501 -0.1479071 -0.3041486 -0.2649437 -0.2054844 -0.2135927 -0.1964624 -0.2742740 -0.2218101 -0.3618313 -0.1598639 -0.2303367 -0.4287645 -0.3461890 -0.0799300
C  0  1  54  0  0  1  -0.0347704 -0.1108012 -0.1561778 -0.0691744 -0.1327554 -0.0714545 -0.1738675 -0.2314159 -0.0706511 -0.0521711 -0.0204971 -0.1243293 -0.1029126 -0.1178563 -0.2483232 -0.0063835
C  0  1  54  0  0  2  -0.1612210 -0.1339090 -0.1108781 -0.0706934 -0.0463782 -0.0091925  0.0027452 -0.0660153 -0.0392312 -0.0226546 -0.0363411 -0.0673364 -0.0433242 -0.1153235 -0.0458960 -0.1226598
C  0  1  54  0  0  3  -0.1240754 -0.1062687 -0.0615321 -0.0837096  0.0048447 -0.2008413 -0.1365975 -0.1102122 -0.0848792 -0.1099791 -0.1190324 -0.0662187 -0.1199420 -0.0839483 -0.1161462 -0.0030646
C  0  1  54  0  0  4  -0.1203907 -0.1293015 -0.1070510 -0.1037374 -0.0893323 -0.1166175 -0.0426078 -0.1112175 -0.0552714 -0.0819374  0.0193367 -0.0115396 -0.1746808 -0.1305143 -0.0295273 -0.1033156
C  0  1  54  0  0  5  -0.0536316  0.0061794 -0.1194490  0.1356675  0.0955326 -0.0195723 -0.0558443  0.0625197  0.0278864  0.0483017  0.0605844  0.0378900 -0.0234207  0.0046662  0.0752673  0.0310773
C  0  1  54  0  0  6  -0.0296328  0.0677710  0.0826717  0.0410100 -0.0538691  0.0775955  0.0044677 -0.0956256 -0.0187046 -0.0341297 -0.0217941 -0.0004911 -0.0195593 -0.0184794 -0.0098929  0.0786910
C  0  1  54  0  0  7  -0.0973982  0.0023491  0.0097940 -0.0865313  0.0412446  0.0119799  0.0079327  0.0107865 -0.0748149  0.0310286  0.1452666 -0.0298894  0.1127734 -0.0429516 -0.0010755  0.0436498
C  0  1  54  0  0  8  -0.0701621 -0.0177248  0.0457681  0.0253690 -0.0111749  0.0296504  0.0062286 -0.0866550 -0.0012872  0.0598731 -0.0806331  0.0054405  0.0093965  0.0323870 -0.0552073  0.0023387
C  0  1  54  0  0  9  -0.0017913  0.0684625 -0.0174397  0.0072788 -0.0229409  0.0732742 -0.0380810  0.0604148 -0.0106885  0.0080011  0.0620241  0.1297563 -0.0212799 -0.0362233  0.0521795  0.0783183
C  0  1  54  0  0 10  -0.0636218 -0.0153141 -0.0803156  0.0284583 -0.0464064 -0.0333950  0.0371272 -0.0539123  0.0143775 -0.1021033  0.0534891 -0.0147095 -0.0678891  0.0695042 -0.0025593 -0.0024646
C  0  1  54  0  0 11  -0.0591388  0.0488019 -0.0393891  0.1004637 -0.0354112  0.0603465  0.0391727  0.0593741  0.0440098  0.0774970  0.0559088  0.0369231  0.0250095  0.0459928 -0.0044206  0.0135029
C  0  1  54  0  0 12   0.0709800  0.0174338  0.0799828 -0.0441483 -0.0138992 -0.0588762 -0.0236971 -0.0568927  0.0374866  0.0710909  0.0140787  0.0120756  0.0792375  0.0033704  0.0862427  0.0706089
C  0  1  54  0  0 13  -0.0241258  0.0556776  0.0454353  0.0696882 -0.0265774 -0.0226620  0.0069516 -0.0143407  0.0318826  0.0562282 -0.0396019  0.0147890  0.0611988  0.0191943 -0.0618805 -0.0160756
C  0  1  54  0  0 14  -0.0680442 -0.0344472 -0.0484689  0.0174038 -0.0301968 -0.0615883 -0.0189609 -0.0368756  0.0298183 -0.0467444  0.0479548  0.0459359  0.0691872 -0.0292015  0.0156128 -0.0642898
C  0  1  54  0  0 15  -0.0922603 -0.0301200  0.0196197 -0.0424663  0.0504616 -0.0970986  0.0388352  0.0616534 -0.0219377  0.0094151 -0.0278755 -0.0768052 -0.0383655 -0.0204923 -0.1047087 -0.0330272
C  0  1  54  0  0 16   0.0939742  0.0617844  0.0064236 -0.0146614 -0.0143290 -0.0252958 -0.0697367 -0.0138668 -0.1426004  0.0833552  0.1330635 -0.0501245 -0.0447677 -0.0354151 -0.0405481  0.0898374
C  0  1  54  0  0 17  -0.0831060 -0.1115099 -0.0968005 -0.1103324 -0.1190627  0.0541859 -0.0165703 -0.0017278 -0.0868596 -0.1539741  0.0331265  0.0489616 -0.0812996 -0.0699818 -0.1561819  0.0060612
C  0  1  54  0  0 18  -0.1895772 -0.0895698 -0.0590299  0.0436416 -0.1245309 -0.0026024 -0.0038773 -0.0643720  0.0549943  0.0200712 -0.1048209 -0.1348357 -0.0552502 -0.0225656 -0.1632249  0.0337798
C  0  1  54  0  0 19   0.0225532 -0.1231727 -0.2109889  0.0021828 -0.1151608 -0.0404073 -0.2080039 -0.0919472 -0.1075769  0.0160859 -0.1061165 -0.0752853 -0.0505179 -0.0144634 -0.0404000 -0.1415278
C  0  1  54  0  0 20  -0.1157090  0.0732396 -0.0277172  0.0126635 -0.1045159 -0.1867739 -0.2697670 -0.1921065 -0.2463380 -0.1563450 -0.1744389 -0.0624982 -0.0240318 -0.1059846  0.0097084 -0.1585697
C  0  1  54  0  0 21  -0.3223583 -0.2402717 -0.3718761 -0.0929971 -0.1889507 -0.1715782 -0.3799606 -0.0579230 -0.2744089 -0.0343850 -0.2530742 -0.3986066 -0.4064780 -0.4108269 -0.2783612 -0.2298626
C  0  1  54  0  1  0  -0.0032717 -0.0024717 -0.0016895  0.0007013 -0.0024110 -0.0022445 -0.0016829  0.0003093 -0.0003882 -0.0015169 -0.0074157  0.0020040  0.0065699  0.0079796  0.0054407  0.0087172
C  0  1  54  0  1  1   0.0005886  0.0006319 -0.0035671 -0.0026160 -0.0007232 -0.0054672  0.0045164  0.0018010  0.0009278 -0.0027379 -0.0017223 -0.0024087  0.0046736  0.0017677  0.0024786  0.0031039
C  0  1  54  0  1  2   0.0023669 -0.0003228  0.0010554  0.0017543 -0.0014650  0.0019021 -0.0010485  0.0009279 -0.0002775  0.0017642 -0.0000807 -0.0006687  0.0024153 -0.0013882  0.0001571 -0.0001546
C  0  1  54  0  1  3   0.0039378  0.0002708  0.0015190 -0.0018990 -0.0015845  0.0023374  0.0016761 -0.0034191 -0.0013319 -0.0020620 -0.0000769 -0.0013056  0.0013638 -0.0011548 -0.0011921  0.0056669
C  0  1  54  0  1  4   0.0025055 -0.0008259 -0.0006951  0.0017335  0.0021794 -0.0008415  0.0023226  0.0020636  0.0018564  0.0001572 -0.0007474 -0.0021097  0.0028625 -0.0004597  0.0009477 -0.0020418
C  0  1  54  0  1  5   0.0020889  0.0011611 -0.0021021  0.0009591  0.0022114 -0.0003999 -0.0004887  0.0008265 -0.0028141  0.0002316  0.0018624 -0.0026697  0.0002493 -0.0015025 -0.0002610 -0.0023646
C  0  1  54  0  1  6   0.0029666  0.0001806  0.0008536  0.0008459  0.0016048  0.0010427 -0.0022965 -0.0011361 -0.0002377 -0.0011008 -0.0008077 -0.0006675 -0.0007149  0.0003459  0.0014123 -0.0021515
C  0  1  54  0  1  7   0.0021425 -0.0007093 -0.0007241  0.0005047  0.0030857  0.0004033 -0.0007120  0.0004034  0.0018747 -0.0008785 -0.0003434 -0.0010609 -0.0006939 -0.0012937 -0.0009688  0.0013404
C  0  1  54  0  1  8   0.0014569  0.0003822  0.0007521  0.0005263  0.0025940  0.0021790  0.0005496  0.0013032  0.0005295  0.0002327 -0.0014159 -0.0023698 -0.0005613  0.0008488 -0.0006867  0.0001220
C  0  1  54  0  1  9  -0.0020066  0.0009783  0.0014447 -0.0010133  0.0016360  0.0005854  0.0014057  0.0006679 -0.0003383 -0.0016133 -0.0033412 -0.0003780 -0.0023986  0.0014056 -0.0001821  0.0023909
C  0  1  54  0  1 10   0.0000853 -0.0006002  0.0000747  0.0006525  0.0010875 -0.0000652  0.0005953 -0.0013453 -0.0013093 -0.0022361  0.0008421 -0.0009534 -0.0015864 -0.0009715  0.0000543  0.0017496
C  0  1  54  0  1 11   0.0008967 -0.0011775 -0.0007787  0.0001662 -0.0010034 -0.0005232 -0.0015431 -0.0005779 -0.0008888 -0.0014305  0.0000523 -0.0025442  0.0007288 -0.0002645  0.0006308 -0.0006455
C  0  1  54  0  1 12   0.0023070  0.0000875 -0.0013194  0.0002962  0.0011435 -0.0007304  0.0019702  0.0006352 -0.0011470 -0.0011256 -0.0006825  0.0014552  0.0030654 -0.0006618 -0.0011216  0.0023473
C  0  1  54  0  1 13   0.0022520 -0.0014640 -0.0005125  0.0023690  0.0026669  0.0000118 -0.0003697  0.0018035 -0.0004069 -0.0014666 -0.0006286 -0.0024271 -0.0007963  0.0032144 -0.0013368  0.0016541
C  0  1  54  0  1 14   0.0032366  0.0001078  0.0006858  0.0024365  0.0034546  0.0025472 -0.0021452  0.0019312 -0.0006360  0.0010980  0.0003025 -0.0010507  0.0009787  0.0003670  0.0005092  0.0025574
C  0  1  54  0  1 15   0.0019537  0.0001385  0.0005064 -0.0018967 -0.0002206  0.0019014  0.0004438 -0.0013981  0.0011097  0.0001005 -0.0017170  0.0015445  0.0007277  0.0017416  0.0012032  0.0014220
C  0  1  54  0  1 16  -0.0003679  0.0033060  0.0003938  0.0016404  0.0001596  0.0027780  0.0014729  0.0002967  0.0031049  0.0021587  0.0015784  0.0016267 -0.0012273  0.0025313  0.0027556  0.0014148
C  0  1  54  0  1 17   0.0020211 -0.0013466  0.0005134  0.0033490  0.0002761  0.0029446  0.0035920  0.0026178  0.0021936  0.0028438  0.0026984  0.0001290  0.0008978 -0.0018162  0.0050587  0.0057535
C  0  1  54  0  1 18   0.0051264  0.0028186  0.0020229  0.0013993 -0.0000481  0.0028462  0.0064842  0.0027687 -0.0003015 -0.0011830  0.0033326  0.0032797 -0.0009013  0.0003729  0.0078791  0.0046551
C  0  1  54  0  1 19   0.0004291  0.0005579  0.0001203  0.0060008  0.0001483  0.0024245  0.0032592  0.0018721  0.0052198  0.0025627 -0.0000070  0.0022368  0.0019009  0.0020869  0.0023317  0.0036999
C  0  1  54  0  1 20   0.0040671  0.0070984  0.0035588  0.0042511  0.0020070  0.0041563  0.0012340  0.0047244  0.0030472  0.0051208  0.0004814  0.0012042  0.0028336  0.0033048  0.0050123  0.0034055
C  0  1  54  0  1 21   0.0108544  0.0070591  0.0051572 -0.0010172 -0.0004702 -0.0045246 -0.0116043 -0.0026735 -0.0033146 -0.0053652 -0.0005013  0.0051296 -0.0019201  0.0044325  0.0076617  0.0039073
C  0  1  54  1  0  0  -0.4216588 -0.3528966 -0.3554545 -0.4412384 -0.3050279 -0.4742206 -0.3581144 -0.3139265 -0.3786648 -0.3619579 -0.4272618 -0.4772851 -0.4409054 -0.4714401 -0.4411923 -0.4026199
C  0  1  54  1  0  1  -0.2568884 -0.3648767 -0.2270946 -0.2561059 -0.2916122 -0.3095406 -0.2143005 -0.2480510 -0.2646657 -0.2150015 -0.3327158 -0.2691780 -0.4074773 -0.3758631 -0.3320155 -0.2877425
C  0  1  54  1  0  2  -0.3301589 -0.3589750 -0.2698556 -0.3871024 -0.2756298 -0.2719853 -0.2984485 -0.2769433 -0.2614969 -0.2067516 -0.3142598 -0.3149701 -0.3469859 -0.3610087 -0.3227418 -0.3399493
C  0  1  54  1  0  3  -0.3038176 -0.2817025 -0.3022592 -0.2788679 -0.2727898 -0.2470618 -0.2357921 -0.1294104 -0.2282279 -0.2006220 -0.2087905 -0.2886066 -0.3372560 -0.3093329 -0.3281537 -0.3293564
C  0  1  54  1  0  4  -0.2474611 -0.2141237 -0.2839358 -0.2740351 -0.2647751 -0.1837473 -0.2624415 -0.2378044 -0.2083586 -0.1798870 -0.1798356 -0.2626344 -0.3089851 -0.2521080 -0.2977150 -0.2904925
C  0  1  54  1  0  5  -0.2287176 -0.1704345 -0.1847375 -0.1253231 -0.1571539 -0.1290817 -0.1720821 -0.1332217 -0.1042744 -0.1364195 -0.1716699 -0.2074685 -0.2259544 -0.1422430 -0.1793102 -0.1862366
C  0  1  54  1  0  6  -0.1465795 -0.1376921 -0.1751359 -0.1445396 -0.1573099 -0.1269321 -0.1442494 -0.1426393 -0.1275254 -0.1505830 -0.0868901 -0.1316478 -0.1294122 -0.1389038 -0.1770780 -0.2149436
C  0  1  54  1  0  7  -0.1491341 -0.1486190 -0.1446772 -0.1092131 -0.1626865 -0.1714582 -0.1818244 -0.1502175 -0.1378565 -0.1342223 -0.1126690 -0.1551875 -0.1597571 -0.1905815 -0.1281688 -0.1443381
C  0  1  54  1  0  8  -0.1716257 -0.0778391 -0.1441143 -0.1240986 -0.1473291 -0.1811831 -0.1401412 -0.1406704 -0.1346849 -0.1350190 -0.0915503 -0.1847568 -0.1254438 -0.1480387 -0.1269497 -0.1815921
C  0  1  54  1  0  9  -0.1387463 -0.1107523 -0.1245628 -0.1429921 -0.0444121 -0.1373195 -0.0904462 -0.1384322 -0.0931575 -0.1080342 -0.1128390 -0.1779297 -0.1442839 -0.0935411 -0.1768223 -0.1396612
C  0  1  54  1  0 10  -0.1385382 -0.1382899 -0.1352665 -0.1764847 -0.1682877 -0.1333252 -0.1217829 -0.1281408 -0.0876367 -0.1449568 -0.1490988 -0.1389146 -0.1293675 -0.1139142 -0.1412359 -0.1095143
C  0  1  54  1  0 11  -0.1442107 -0.1376829 -0.1753062 -0.0891522 -0.1241096 -0.1069459 -0.0933103 -0.1311837 -0.1359897 -0.1110825 -0.0952876 -0.1368460 -0.0938419 -0.1591809 -0.1402576 -0.1065772
C  0  1  54  1  0 12  -0.0921752 -0.1119821 -0.1551834 -0.0817895 -0.1195266 -0.1179035 -0.1183563 -0.1773916 -0.1211677 -0.1354631 -0.1042962 -0.1165878 -0.1130801 -0.1409125 -0.0867631 -0.1507532
C  0  1  54  1  0 13  -0.1061076 -0.1005297 -0.1103535 -0.1129390 -0.1339244 -0.1461749 -0.1598435 -0.1492676 -0.0854821 -0.1445929 -0.1537432 -0.1273348 -0.1709066 -0.1234359 -0.1733516 -0.1237914
C  0  1  54  1  0 14  -0.1483614 -0.1582089 -0.1601611 -0.1369552 -0.1859006 -0.1007171 -0.1428107 -0.1850901 -0.1458916 -0.1234228 -0.1244427 -0.1221936 -0.1140354 -0.0757711 -0.1652561 -0.1833064
C  0  1  54  1  0 15  -0.0948023 -0.1501644 -0.1534565 -0.1290114 -0.1654831 -0.1061464 -0.1532310 -0.1350846 -0.1523997 -0.1005556 -0.1122909 -0.1966795 -0.1366896 -0.0927847 -0.0838639 -0.1536809
C  0  1  54  1  0 16  -0.1621519 -0.1362312 -0.1517425 -0.1044878 -0.1457444 -0.1715864 -0.2128813 -0.1995660 -0.1094999 -0.2002383 -0.1340742 -0.1949973 -0.1068771 -0.1577137 -0.1509590 -0.1180790
C  0  1  54  1  0 17  -0.3036259 -0.2895455 -0.1936955 -0.2954126 -0.2016278 -0.2289454 -0.2207704 -0.2411159 -0.2689223 -0.2511033 -0.2549784 -0.2284765 -0.2099064 -0.2866603 -0.2559346 -0.2480206
C  0  1  54  1  0 18  -0.2756295 -0.2611950 -0.2690167 -0.2567284 -0.2426483 -0.2554824 -0.3317394 -0.2529023 -0.3010086 -0.2523282 -0.2817523 -0.2480301 -0.2848793 -0.1861292 -0.1850433 -0.2006938
C  0  1  54  1  0 19  -0.2442075 -0.2451904 -0.2813185 -0.2989669 -0.2792971 -0.2770937 -0.2426306 -0.1762677 -0.2918265 -0.2709305 -0.2327823 -0.2536375 -0.1964374 -0.2940288 -0.3239082 -0.2982421
C  0  1  54  1  0 20  -0.2088624 -0.3056726 -0.3629640 -0.3820009 -0.3316874 -0.2193936 -0.2182255 -0.2526818 -0.2875717 -0.3059419 -0.3393269 -0.2501211 -0.3431289 -0.2525990 -0.3049742 -0.2958060
C  0  1  54  1  0 21  -0.4333974 -0.3532850 -0.3535421 -0.3163248 -0.3189883 -0.2920551 -0.3648242 -0.3409806 -0.4009922 -0.2697771 -0.3251367 -0.2956259 -0.3432105 -0.3977006 -0.3904287 -0.3826849
C  0  1  54  1  1  0   0.0470389  0.0493410  0.0405332  0.0237917  0.0002952 -0.0218912 -0.0325592 -0.0419537 -0.0467523 -0.0382162 -0.0332521 -0.0193532  0.0035449  0.0061336  0.0246107  0.0381241
C  0  1  54  1  1  1   0.0243115  0.0224318  0.0187568  0.0111015  0.0038984 -0.0070711 -0.0148106 -0.0178354 -0.0181293 -0.0150035 -0.0139911 -0.0063870  0.0027152  0.0106128  0.0129422  0.0252544
C  0  1  54  1  1  2   0.0135936  0.0141421  0.0095496  0.0063271  0.0019245 -0.0016922 -0.0080701 -0.0079194 -0.0074092 -0.0056015 -0.0047020 -0.0023784  0.0012201  0.0043990  0.0047992  0.0105782
C  0  1  54  1  1  3   0.0084007  0.0067041  0.0034746  0.0043964  0.0022352  0.0017681 -0.0035973 -0.0013286  0.0002686  0.0010274 -0.0019032  0.0004044  0.0013085  0.0029498  0.0028235  0.0064885
C  0  1  54  1  1  4   0.0027124  0.0032722  0.0013936  0.0017591  0.0036817  0.0021286  0.0019113  0.0027793  0.0039382  0.0040837  0.0001067 -0.0001472  0.0032632  0.0017229  0.0049265  0.0036654
C  0  1  54  1  1  5   0.0021230  0.0017654 -0.0000437  0.0029285  0.0032283  0.0044588  0.0041720  0.0039618  0.0052347  0.0017759 -0.0007077  0.0000549  0.0021647  0.0024941  0.0034941  0.0008316
C  0  1  54  1  1  6   0.0013729  0.0023073  0.0019366  0.0049413  0.0047441  0.0049116  0.0053378  0.0061617  0.0043504  0.0016638  0.0015776  0.0018371  0.0019497  0.0015244  0.0012791 -0.0000033
C  0  1  54  1  1  7  -0.0006294  0.0022179  0.0028910  0.0053423  0.0052999  0.0038468  0.0062972  0.0033645  0.0040209  0.0014555 -0.0000971  0.0002534  0.0012688  0.0019502  0.0008503 -0.0012952
C  0  1  54  1  1  8  -0.0004874  0.0012699  0.0041652  0.0022169  0.0054606  0.0045456  0.0055827  0.0047899  0.0053032  0.0017107  0.0018140  0.0007218  0.0023701  0.0024902  0.0010196 -0.0008209
C  0  1  54  1  1  9   0.0012529  0.0029258  0.0016460  0.0030800  0.0026626  0.0032471  0.0040993  0.0043575  0.0025245  0.0003728  0.0023080  0.0008611  0.0017796  0.0001586  0.0002873 -0.0012833
C  0  1  54  1  1 10   0.0000309  0.0024423  0.0025639  0.0021332  0.0025786  0.0021078  0.0030005  0.0028621  0.0037574  0.0003729  0.0004744  0.0010303  0.0000935  0.0015506  0.0023025  0.0000129
C  0  1  54  1  1 11   0.0004488  0.0018606  0.0010199  0.0013002  0.0031366  0.0000872  0.0016826  0.0027391  0.0023710  0.0014045 -0.0011078 -0.0005322 -0.0005440 -0.0003324  0.0006225 -0.0014840
C  0  1  54  1  1 12   0.0003475  0.0019442  0.0025253  0.0036979  0.0034060  0.0013271  0.0007643  0.0025161  0.0042274  0.0008117  0.0014560  0.0013469  0.0016958  0.0007141  0.0011303 -0.0010973
C  0  1  54  1  1 13   0.0003985  0.0028136  0.0035199  0.0036428  0.0031844  0.0034308  0.0050429  0.0059754  0.0056629  0.0016827  0.0017293  0.0000406  0.0011294 -0.0022793  0.0009480 -0.0016613
C  0  1  54  1  1 14  -0.0002062  0.0011566  0.0032024  0.0038008  0.0041473  0.0029273  0.0046576  0.0058342  0.0055657  0.0018422  0.0010020 -0.0008587 -0.0017480 -0.0011974 -0.0015382 -0.0023956
C  0  1  54  1  1 15  -0.0009142  0.0008804  0.0026800  0.0049987  0.0033097 -0.0001198  0.0035824  0.0037573  0.0059213  0.0031975  0.0033022  0.0005562 -0.0022741 -0.0047979 -0.0044735 -0.0046089
C  0  1  54  1  1 16  -0.0009116  0.0014106  0.0031951  0.0056758  0.0047138  0.0011606  0.0051333  0.0037681  0.0049240  0.0066579  0.0030590  0.0035935 -0.0013101 -0.0020347 -0.0048689 -0.0044225
C  0  1  54  1  1 17  -0.0031904  0.0033069  0.0019595  0.0070587  0.0027058 -0.0014607  0.0016340  0.0048270  0.0050202  0.0038683  0.0050372  0.0019927 -0.0005358 -0.0048820 -0.0035518 -0.0048222
C  0  1  54  1  1 18   0.0009739  0.0069591  0.0049703  0.0074030  0.0038353 -0.0000034 -0.0011255 -0.0007294  0.0038147  0.0050472  0.0022874  0.0011811 -0.0002960 -0.0029553 -0.0048341 -0.0030098
C  0  1  54  1  1 19   0.0035487  0.0096509  0.0128099  0.0101207  0.0074688  0.0029038 -0.0024843 -0.0003144  0.0029573  0.0061142  0.0024911  0.0002999 -0.0020507 -0.0043846 -0.0045497 -0.0009874
C  0  1  54  1  1 20  -0.0007144  0.0143139  0.0178425  0.0127008  0.0083518  0.0020729 -0.0016943  0.0005584  0.0008261  0.0059826  0.0017157 -0.0029897 -0.0072834 -0.0072532 -0.0065223 -0.0047405
C  0  1  54  1  1 21   0.0073523  0.0221142  0.0312574  0.0207776  0.0169828  0.0161798  0.0105364  0.0109257  0.0124061  0.0142934  0.0017729 -0.0040788 -0.0077383 -0.0176181 -0.0107718  0.0010834
