CPHI 16 
CETA 22 -2.40 -2.10 -1.85 -1.60 -1.40 -1.20 -1.00 -0.80 -0.60 -0.40 -0.20  0.00  0.20  0.40  0.60  0.80  1.00  1.20  1.40  1.60  1.85  2.10  2.40 
RMIN  6 
RTRK 12 
RETA 11  0.00  0.20  0.40  0.60  0.80  1.00  1.20  1.40  1.60  1.85  2.10  2.40 
T 0 1  55  0  0  0    0.0000000   0.0005680   0.0016268   0.0031734   0.0120643   0.0691814   0.2780600   0.6532706   1.0000000   1.0000000   1.0000000   1.0000000   1.0000000
T 0 1  55  0  0  1    0.0000000   0.0001398   0.0005367   0.0023278   0.0124146   0.0588586   0.2260416   0.5881836   1.0000000   1.0000000   1.0000000   1.0000000   1.0000000
T 0 1  55  0  0  2    0.0000000   0.0001291   0.0005004   0.0017190   0.0107139   0.0562498   0.2098704   0.5747641   1.0000000   1.0000000   1.0000000   1.0000000   1.0000000
T 0 1  55  0  0  3    0.0000000   0.0002200   0.0006222   0.0017305   0.0114366   0.0622426   0.2247603   0.5855431   1.0000000   1.0000000   1.0000000   1.0000000   1.0000000
T 0 1  55  0  0  4    0.0000000   0.0004206   0.0025164   0.0143164   0.0630918   0.2049131   0.4897128   0.8220753   1.0000000   1.0000000   1.0000000   1.0000000   1.0000000
T 0 1  55  0  0  5    0.0000000   0.0009644   0.0074490   0.0511882   0.2054939   0.5316217   0.8759170   0.9994343   1.0000000   1.0000000   1.0000000   1.0000000   1.0000000
T 0 1  55  0  0  6    0.0000000   0.0002553   0.0011714   0.0103920   0.0677212   0.2770957   0.6638348   0.9315820   0.9982662   0.9999994   1.0000000   1.0000000   1.0000000
T 0 1  55  0  0  7    0.0000000   0.0000630   0.0003616   0.0008788   0.0048372   0.0311155   0.1193660   0.2977590   0.5820237   0.8691181   0.9840119   0.9998504   1.0000000
T 0 1  55  0  0  8    0.0000000   0.0000015   0.0000376   0.0001049   0.0004000   0.0009677   0.0041563   0.0250261   0.1185966   0.3932277   0.7893278   0.9693386   1.0000000
T 0 1  55  0  0  9    0.0000000   0.0000003   0.0000031   0.0000235   0.0005439   0.0034573   0.0182531   0.0855516   0.3011931   0.6575979   0.9386077   0.9999339   1.0000000
T 0 1  55  0  0 10    0.0000000   0.0067741   0.0292470   0.0468575   0.0795089   0.1686915   0.3372939   0.6899604   0.9109706   0.9701833   0.9998143   1.0000000   1.0000000
T 0 1  55  1  0  0    0.0000000   0.0005148   0.0016399   0.0047460   0.0213440   0.1017716   0.3374237   0.6994022   1.0000000   1.0000000   1.0000000   1.0000000   1.0000000
T 0 1  55  1  0  1    0.0000000   0.0002633   0.0010891   0.0042307   0.0181163   0.0752157   0.2537985   0.6193956   1.0000000   1.0000000   1.0000000   1.0000000   1.0000000
T 0 1  55  1  0  2    0.0000000   0.0002194   0.0008486   0.0027728   0.0124455   0.0616642   0.2339277   0.6064318   1.0000000   1.0000000   1.0000000   1.0000000   1.0000000
T 0 1  55  1  0  3    0.0000000   0.0002283   0.0008669   0.0027852   0.0140251   0.0700545   0.2491207   0.6198491   1.0000000   1.0000000   1.0000000   1.0000000   1.0000000
T 0 1  55  1  0  4    0.0000000   0.0004356   0.0027620   0.0153929   0.0663357   0.2155446   0.5058694   0.8320271   1.0000000   1.0000000   1.0000000   1.0000000   1.0000000
T 0 1  55  1  0  5    0.0000000   0.0011873   0.0094478   0.0577925   0.2246261   0.5586818   0.8900123   0.9996500   1.0000000   1.0000000   1.0000000   1.0000000   1.0000000
T 0 1  55  1  0  6    0.0000000   0.0004626   0.0026649   0.0180020   0.0942133   0.3329130   0.7236541   0.9536823   0.9988141   0.9999984   1.0000000   1.0000000   1.0000000
T 0 1  55  1  0  7    0.0000000   0.0002246   0.0006446   0.0024765   0.0123245   0.0526267   0.1570011   0.3413836   0.6074237   0.8728054   0.9849908   0.9998878   1.0000000
T 0 1  55  1  0  8    0.0000000   0.0009562   0.0014955   0.0017998   0.0022382   0.0036136   0.0107994   0.0452511   0.1686405   0.4573475   0.8251665   0.9710661   1.0000000
T 0 1  55  1  0  9    0.0000000   0.0021003   0.0074838   0.0131257   0.0159362   0.0198461   0.0401951   0.1288935   0.3661962   0.7154288   0.9583841   0.9999941   1.0000000
T 0 1  55  1  0 10    0.0000000   0.0032254   0.0170235   0.0428863   0.0843736   0.1746921   0.3942474   0.7474223   0.9511020   0.9856143   0.9999985   1.0000000   1.0000000
R 0 1  55  0  0  0    0.0232402   0.0232402   0.0107126   0.0107139   0.0104673   0.0102208   0.0100197   0.0098509   0.0098509   0.0098509   0.0098509   0.0098509
R 0 1  55  0  0  1    0.0118024   0.0118024   0.0118024   0.0118024   0.0109277   0.0108798   0.0109483   0.0108660   0.0108660   0.0108660   0.0108660   0.0108660
R 0 1  55  0  0  2    0.0123751   0.0123751   0.0123751   0.0123751   0.0121325   0.0120059   0.0118363   0.0116745   0.0116745   0.0116745   0.0116745   0.0116745
R 0 1  55  0  0  3    0.0136289   0.0136289   0.0136289   0.0136289   0.0126978   0.0126104   0.0124302   0.0122487   0.0122487   0.0122487   0.0122487   0.0122487
R 0 1  55  0  0  4    0.0194126   0.0194126   0.0194126   0.0174480   0.0168956   0.0159403   0.0145166   0.0131560   0.0131560   0.0131560   0.0131560   0.0131560
R 0 1  55  0  0  5    0.0202840   0.0202840   0.0192894   0.0190803   0.0186977   0.0180987   0.0168710   0.0168710   0.0168710   0.0168710   0.0168710   0.0168710
R 0 1  55  0  0  6    0.0202949   0.0202949   0.0202949   0.0205358   0.0206838   0.0207531   0.0207790   0.0206311   0.0206311   0.0206311   0.0206311   0.0206311
R 0 1  55  0  0  7    0.0208342   0.0208342   0.0208342   0.0208342   0.0208011   0.0211540   0.0210895   0.0210199   0.0206386   0.0196927   0.0196927   0.0196927
R 0 1  55  0  0  8    0.0212427   0.0212427   0.0212427   0.0212427   0.0212427   0.0212427   0.0212427   0.0211247   0.0210151   0.0209720   0.0202363   0.0187487
R 0 1  55  0  0  9    0.0305674   0.0305674   0.0305674   0.0305674   0.0305674   0.0305674   0.0297880   0.0287785   0.0275150   0.0263692   0.0250600   0.0250600
R 0 1  55  0  0 10    0.0797486   0.0727178   0.0622392   0.0542010   0.0471865   0.0440518   0.0408580   0.0357038   0.0338248   0.0306110   0.0306110   0.0306110
R 0 1  55  0  1  0    0.0000000   0.0000000   0.0000000   0.0000775   0.0000904   0.0000809   0.0000741   0.0000657   0.0000657   0.0000657   0.0000657   0.0000657
R 0 1  55  0  1  1    0.0000909   0.0000909   0.0000909   0.0000909   0.0000640   0.0000634   0.0000600   0.0000573   0.0000573   0.0000573   0.0000573   0.0000573
R 0 1  55  0  1  2    0.0000517   0.0000517   0.0000517   0.0000517   0.0000703   0.0000677   0.0000607   0.0000532   0.0000532   0.0000532   0.0000532   0.0000532
R 0 1  55  0  1  3    0.0000691   0.0000691   0.0000691   0.0000691   0.0000709   0.0000575   0.0000571   0.0000490   0.0000490   0.0000490   0.0000490   0.0000490
R 0 1  55  0  1  4    0.0001248   0.0001248   0.0001248   0.0000923   0.0000835   0.0000780   0.0000526   0.0000505   0.0000505   0.0000505   0.0000505   0.0000505
R 0 1  55  0  1  5    0.0001697   0.0001697   0.0000770   0.0000670   0.0000641   0.0000601   0.0000441   0.0000441   0.0000441   0.0000441   0.0000441   0.0000441
R 0 1  55  0  1  6    0.0000460   0.0000460   0.0000460   0.0000343   0.0000559   0.0000611   0.0000485   0.0000282   0.0000282   0.0000282   0.0000282   0.0000282
R 0 1  55  0  1  7    0.0001518   0.0001518   0.0001518   0.0001518   0.0000871   0.0000640   0.0000690   0.0000734   0.0000722   0.0000599   0.0000599   0.0000599
R 0 1  55  0  1  8    0.0001081   0.0001081   0.0001081   0.0001081   0.0001081   0.0001081   0.0001081   0.0001203   0.0001025   0.0001010   0.0000915   0.0000699
R 0 1  55  0  1  9    0.0002386   0.0002386   0.0002386   0.0002386   0.0002386   0.0002386   0.0002305   0.0002006   0.0001768   0.0001490   0.0001155   0.0001155
R 0 1  55  0  1 10    0.0013617   0.0011629   0.0009162   0.0007571   0.0005525   0.0004937   0.0003933   0.0002682   0.0001785   0.0001799   0.0001799   0.0001799
R 0 1  55  0  2  0    0.0000000   0.0000000   0.0000000   0.0000000   0.0000000   0.0000000   0.0000077   0.0000000   0.0000000   0.0000000   0.0000000   0.0000000
R 0 1  55  0  2  1    0.0000551   0.0000551   0.0000551   0.0000551   0.0000000   0.0000115   0.0000083   0.0000143   0.0000143   0.0000143   0.0000143   0.0000143
R 0 1  55  0  2  2    0.0000000   0.0000000   0.0000000   0.0000000   0.0000223   0.0000127   0.0000172   0.0000163   0.0000163   0.0000163   0.0000163   0.0000163
R 0 1  55  0  2  3    0.0000000   0.0000000   0.0000000   0.0000000   0.0000000   0.0000000   0.0000000   0.0000000   0.0000000   0.0000000   0.0000000   0.0000000
R 0 1  55  0  2  4    0.0000000   0.0000000   0.0000000   0.0000000   0.0000000   0.0000000   0.0000000   0.0000000   0.0000000   0.0000000   0.0000000   0.0000000
R 0 1  55  0  2  5    0.0000000   0.0000000   0.0000000   0.0000000   0.0000263   0.0000123   0.0000179   0.0000179   0.0000179   0.0000179   0.0000179   0.0000179
R 0 1  55  0  2  6    0.0000000   0.0000000   0.0000000   0.0000000   0.0000000   0.0000000   0.0000219   0.0000000   0.0000000   0.0000000   0.0000000   0.0000000
R 0 1  55  0  2  7    0.0000000   0.0000000   0.0000000   0.0000000   0.0000000   0.0000000   0.0000193   0.0000000   0.0000000   0.0000000   0.0000000   0.0000000
R 0 1  55  0  2  8    0.0000000   0.0000000   0.0000000   0.0000000   0.0000000   0.0000000   0.0000000   0.0000000   0.0000000   0.0000084   0.0000000   0.0000000
R 0 1  55  0  2  9    0.0000000   0.0000000   0.0000000   0.0000000   0.0000000   0.0000000   0.0000000   0.0000514   0.0000000   0.0000294   0.0000000   0.0000000
R 0 1  55  0  2 10    0.0000000   0.0000000   0.0000000   0.0000000   0.0000000   0.0000000   0.0001034   0.0000504   0.0000000   0.0000000   0.0000000   0.0000000
R 0 1  55  0  3  0    1.0979075   1.0979075   1.1246362   1.0262797   0.9953640   0.9856713   0.9810367   0.9829221   0.9829221   0.9829221   0.9829221   0.9829221
R 0 1  55  0  3  1    1.0219755   1.0219755   1.0219755   1.0219755   0.9952309   0.9844594   0.9801974   0.9793992   0.9793992   0.9793992   0.9793992   0.9793992
R 0 1  55  0  3  2    1.0366897   1.0366897   1.0366897   1.0366897   0.9954010   0.9844102   0.9803153   0.9806308   0.9806308   0.9806308   0.9806308   0.9806308
R 0 1  55  0  3  3    1.0128827   1.0128827   1.0128827   1.0128827   1.0050111   0.9853274   0.9818996   0.9799761   0.9799761   0.9799761   0.9799761   0.9799761
R 0 1  55  0  3  4    0.9948688   0.9948688   0.9948688   0.9866027   0.9774862   0.9740605   0.9785939   0.9864186   0.9864186   0.9864186   0.9864186   0.9864186
R 0 1  55  0  3  5    1.0072091   1.0072091   0.9898712   0.9837657   0.9753308   0.9721206   0.9718098   0.9718098   0.9718098   0.9718098   0.9718098   0.9718098
R 0 1  55  0  3  6    1.0137388   1.0137388   1.0137388   0.9993130   0.9892961   0.9853131   0.9991953   0.9902311   0.9902311   0.9902311   0.9902311   0.9902311
R 0 1  55  0  3  7    1.0743767   1.0743767   1.0743767   1.0743767   1.0253145   0.9980098   0.9906574   0.9826132   0.9886717   0.9857574   0.9857574   0.9857574
R 0 1  55  0  3  8    1.0188754   1.0188754   1.0188754   1.0188754   1.0188754   1.0188754   1.0188754   0.9920525   0.9829009   0.9840167   0.9882229   1.0170467
R 0 1  55  0  3  9    1.0369424   1.0369424   1.0369424   1.0369424   1.0369424   1.0369424   0.9939475   0.9759662   0.9721499   0.9838641   1.0037916   1.0037916
R 0 1  55  0  3 10    1.0214085   1.0240559   1.0145616   0.9932078   0.9771008   0.9708423   0.9677521   0.9670243   0.9984607   1.0101148   1.0101148   1.0101148
R 0 1  55  0  4  0    1.4044972   1.4044972   1.3070982   2.1828098   2.2355969   2.2925209   2.2301971   2.1379180   2.1379180   2.1379180   2.1379180   2.1379180
R 0 1  55  0  4  1    1.9235913   1.9235913   1.9235913   1.9235913   2.1467241   2.2139611   2.1958241   2.1973609   2.1973609   2.1973609   2.1973609   2.1973609
R 0 1  55  0  4  2    2.1002419   2.1002419   2.1002419   2.1002419   2.1550909   2.2183554   2.2080425   2.2304706   2.2304706   2.2304706   2.2304706   2.2304706
R 0 1  55  0  4  3    1.9151768   1.9151768   1.9151768   1.9151768   2.2936540   2.2511673   2.2412793   2.2029682   2.2029682   2.2029682   2.2029682   2.2029682
R 0 1  55  0  4  4    1.8032926   1.8032926   1.8032926   2.0374070   2.0709367   2.0956155   2.1922563   2.3109286   2.3109286   2.3109286   2.3109286   2.3109286
R 0 1  55  0  4  5    1.5517734   1.5517734   1.9668935   2.1477021   2.0908630   2.0872721   1.9743926   1.9743926   1.9743926   1.9743926   1.9743926   1.9743926
R 0 1  55  0  4  6    2.0461862   2.0461862   2.0461862   2.2733248   2.3318429   2.3775317   2.3017614   2.3148265   2.3148265   2.3148265   2.3148265   2.3148265
R 0 1  55  0  4  7    1.5981132   1.5981132   1.5981132   1.5981132   2.2584412   2.3846984   2.3561159   2.3032674   2.4273635   2.3413721   2.3413721   2.3413721
R 0 1  55  0  4  8    2.2328797   2.2328797   2.2328797   2.2328797   2.2328797   2.2328797   2.2328797   2.2633893   2.2206701   2.2838622   2.2938587   2.3659484
R 0 1  55  0  4  9    2.0551972   2.0551972   2.0551972   2.0551972   2.0551972   2.0551972   2.0671485   2.0531816   2.0208002   2.1722650   2.2615504   2.2615504
R 0 1  55  0  4 10    2.0783504   2.2319871   1.9760514   1.9708511   1.9513169   1.9713818   1.9591107   1.9257324   2.0667909   2.1002776   2.1002776   2.1002776
R 0 1  55  0  5  0   10.4600286  10.4600286   8.7733875   3.1181571   3.7477554   3.8028944   4.4109785   5.5382826   5.5382826   5.5382826   5.5382826   5.5382826
R 0 1  55  0  5  1    4.2340140   4.2340140   4.2340140   4.2340140   4.0792962   4.1621014   4.4705805   4.4034697   4.4034697   4.4034697   4.4034697   4.4034697
R 0 1  55  0  5  2    2.9899714   2.9899714   2.9899714   2.9899714   4.3751492   4.3729642   4.2552435   4.2940084   4.2940084   4.2940084   4.2940084   4.2940084
R 0 1  55  0  5  3    3.9225175   3.9225175   3.9225175   3.9225175   3.8041863   4.2107376   4.2815271   4.4534891   4.4534891   4.4534891   4.4534891   4.4534891
R 0 1  55  0  5  4    6.1925402   6.1925402   6.1925402   4.6181358   5.0993531   4.9954124   4.1075600   3.3834310   3.3834310   3.3834310   3.3834310   3.3834310
R 0 1  55  0  5  5    7.0385156   7.0385156   6.4416938   4.6026576   5.1152270   4.7170868   4.3751967   4.3751967   4.3751967   4.3751967   4.3751967   4.3751967
R 0 1  55  0  5  6    2.8694951   2.8694951   2.8694951   3.6870250   3.4654738   2.8778127   3.1224132   1.9185802   1.9185802   1.9185802   1.9185802   1.9185802
R 0 1  55  0  5  7    5.4311979   5.4311979   5.4311979   5.4311979   4.0423957   2.9105979   2.9042107   3.0035196   2.4950988   2.1027486   2.1027486   2.1027486
R 0 1  55  0  5  8    3.6026292   3.6026292   3.6026292   3.6026292   3.6026292   3.6026292   3.6026292   4.2662233   4.5887126   4.3559881   3.6250704   3.5155067
R 0 1  55  0  5  9    5.0691529   5.0691529   5.0691529   5.0691529   5.0691529   5.0691529   6.1384234   6.2276567   6.7617271   5.5712119   4.9932809   4.9932809
R 0 1  55  0  5 10    5.4256967   3.9108326   4.9428957   4.8490683   5.9214712   6.6586486   7.9680088   9.1105450   6.5191174   5.8292184   5.8292184   5.8292184
F  0  1  55  0  0  0    1.0166025   1.0143771   1.0007341   1.0227537   0.9773889   0.9905213   0.9885947   0.9872764   0.9889909   0.9837658   0.9807105
F  0  1  55  1  0  0    1.0789209   1.0519444   1.0722451   1.0906600   1.0519042   1.0746777   1.0751368   1.0501236   1.0413455   1.0629802   1.0799949
C  0  1  55  0  0  0  -0.4160407 -0.1128670 -0.2674410 -0.2499186 -0.4291983 -0.1699468 -0.1023407 -0.1687477 -0.2453613 -0.2960944 -0.0572922 -0.1692039 -0.2510722 -0.3651460 -0.4092245 -0.0301268
C  0  1  55  0  0  1   0.0525610 -0.0927835 -0.0404055 -0.0528231 -0.1126174 -0.1361054 -0.1754875 -0.1875550 -0.0921419 -0.0738830 -0.1209937 -0.0282605 -0.1162477 -0.1487253 -0.1727498  0.0154224
C  0  1  55  0  0  2  -0.1040071 -0.0801355 -0.1440520 -0.1268509  0.0007270 -0.0960073 -0.1639612 -0.0731345 -0.0093043 -0.0510070  0.0447318  0.0363910 -0.1094623 -0.0746495 -0.0413487 -0.0106292
C  0  1  55  0  0  3  -0.0489211 -0.0727697 -0.1175483 -0.0693638  0.0163430 -0.0828446 -0.1171619 -0.0817972 -0.0593560  0.0273480 -0.1047415 -0.1291385 -0.0335667 -0.1231605 -0.0954772 -0.0170354
C  0  1  55  0  0  4  -0.0691812 -0.0581937 -0.0023113  0.0183497 -0.1060177 -0.0877165 -0.0410185 -0.0382177 -0.1389529  0.0341521 -0.1046670  0.0227446 -0.0294606 -0.1248286 -0.0406932  0.0279004
C  0  1  55  0  0  5  -0.0082207  0.0586918 -0.0728774  0.0811366 -0.0041160 -0.0787463 -0.0511482 -0.0420887  0.0001128 -0.0446351 -0.0470871  0.0267537 -0.1019293 -0.0001329  0.0107119 -0.0592352
C  0  1  55  0  0  6  -0.0068636  0.0281796  0.0130896  0.0144490 -0.0564009  0.0870483 -0.0422374 -0.0885486 -0.0294574 -0.0931071 -0.0336646 -0.0224489  0.0039298 -0.0020378 -0.0610226  0.1448760
C  0  1  55  0  0  7  -0.0865968 -0.0310030 -0.0080679  0.0068626  0.0346078  0.0325270  0.0474121 -0.0616772 -0.0956306  0.0139989  0.0853467 -0.0094564  0.0046574  0.0626626 -0.0334037  0.1109120
C  0  1  55  0  0  8  -0.0439030 -0.0683856  0.0695004  0.0349731  0.0237062 -0.0494418 -0.0587234 -0.0757004 -0.0165748  0.0055335  0.0067430 -0.0418463  0.0175747  0.0115646 -0.0756554 -0.0058293
C  0  1  55  0  0  9  -0.0187506 -0.0197410  0.0500017  0.0141476  0.0226288  0.0755371 -0.0475730  0.0217387 -0.0092761 -0.0014942  0.0289708  0.0224288 -0.0326958  0.1146299  0.0451312  0.0493587
C  0  1  55  0  0 10  -0.0249145  0.0450259  0.0306790  0.0147495  0.0262797  0.0295374 -0.0623506 -0.0087356  0.0024389 -0.1098151 -0.0125305  0.0048148 -0.0082725  0.1185013  0.0150816  0.0522414
C  0  1  55  0  0 11  -0.1145534  0.0612265 -0.0771984  0.0123196 -0.0268997  0.1219512  0.0710049  0.0610316  0.0143846  0.0333612  0.0595218 -0.0400601 -0.0108841  0.0323938  0.0095576  0.0593319
C  0  1  55  0  0 12   0.0933649 -0.0287843 -0.0004135  0.0064866 -0.0095833  0.0034927 -0.0253410  0.0339636  0.0177949  0.0539999 -0.0367525 -0.0225187 -0.0520068 -0.0005015  0.0290770  0.0975591
C  0  1  55  0  0 13  -0.0533078 -0.0146056  0.0171508  0.0046356  0.0534734 -0.0432801  0.0103113 -0.0671955  0.0915131  0.0629610 -0.0315584  0.0227633  0.0036947 -0.0036124  0.0093937  0.0416421
C  0  1  55  0  0 14   0.0392747  0.0015293  0.0306951  0.0348363 -0.0548042  0.0688577 -0.0185489 -0.0177146 -0.0303684 -0.0523768  0.0044248 -0.0537459  0.0722310  0.0766530  0.0082692 -0.0542033
C  0  1  55  0  0 15  -0.1134499 -0.0697708  0.0429082 -0.0646792 -0.0491510 -0.1045623 -0.0874585 -0.0052255 -0.0261929  0.0542248 -0.0472058 -0.0643167  0.0192383 -0.0413974 -0.0458444  0.0072188
C  0  1  55  0  0 16   0.0751769  0.0995648 -0.0300766 -0.0106799  0.0010534 -0.0955410 -0.0367568 -0.0839367 -0.1559938  0.1349044  0.0493068  0.0479984  0.0216028 -0.0228508 -0.0820307  0.0249200
C  0  1  55  0  0 17  -0.1951425 -0.0616202 -0.0565043 -0.1690439 -0.1432543  0.0734349 -0.1018132 -0.0464892 -0.1768128 -0.0571865 -0.0016209 -0.1088204 -0.1782665 -0.2188118  0.0055564 -0.0378653
C  0  1  55  0  0 18  -0.1110103 -0.0629558  0.0374539 -0.1023143 -0.1299142 -0.0876499 -0.0241772  0.0128876 -0.1538546  0.0688863 -0.0339524 -0.1480365 -0.0573847  0.1011585 -0.1897369 -0.0611295
C  0  1  55  0  0 19  -0.0073272 -0.1073321 -0.2482862 -0.1429963 -0.1936380 -0.1491759 -0.0954869 -0.0416536 -0.1130372 -0.0505672 -0.1283955 -0.1201100 -0.0582332 -0.0613645 -0.0234153 -0.0978217
C  0  1  55  0  0 20  -0.1607142 -0.0473700  0.0177373 -0.0917825 -0.2984780 -0.0965030 -0.0930762 -0.2001375 -0.1367758 -0.0824784 -0.1469517  0.1075315 -0.0813763 -0.1754038 -0.2053709 -0.1600662
C  0  1  55  0  0 21  -0.2818288 -0.2278982 -0.4037556 -0.2401968 -0.2494292  0.0313234 -0.3623796 -0.0291651 -0.1760364 -0.1447945 -0.2812282 -0.3550847 -0.2153822 -0.2827379 -0.2070057 -0.2971430
C  0  1  55  0  1  0  -0.0016358 -0.0013040 -0.0001368 -0.0016976 -0.0021144 -0.0002761  0.0017648  0.0023019 -0.0012569 -0.0000448 -0.0033757 -0.0010522  0.0061416  0.0095389  0.0088358  0.0053566
C  0  1  55  0  1  1  -0.0004370 -0.0000813 -0.0038534 -0.0046767 -0.0012308 -0.0012442  0.0029199  0.0003729  0.0012275 -0.0008221  0.0030189 -0.0045938  0.0021403  0.0044986 -0.0007088  0.0055140
C  0  1  55  0  1  2   0.0032056 -0.0011675 -0.0021695  0.0004046 -0.0002864  0.0017913 -0.0015285 -0.0002560 -0.0031126  0.0012351 -0.0020881 -0.0009809  0.0005470 -0.0007287  0.0031853 -0.0010719
C  0  1  55  0  1  3   0.0008098 -0.0010665  0.0011456 -0.0024954 -0.0012543  0.0033903  0.0005519  0.0000681 -0.0022712 -0.0012314 -0.0020960  0.0006912 -0.0009952 -0.0003586 -0.0001068  0.0030220
C  0  1  55  0  1  4   0.0019878  0.0011062 -0.0012802  0.0010803  0.0019351 -0.0030081  0.0020956 -0.0001916 -0.0003665  0.0014465 -0.0031035 -0.0022448  0.0014609 -0.0010693  0.0007116 -0.0000585
C  0  1  55  0  1  5   0.0005882  0.0009167 -0.0027673  0.0010709  0.0011627 -0.0007527 -0.0037819  0.0004517 -0.0007399  0.0010956  0.0023988 -0.0008600 -0.0007011 -0.0008305  0.0022272 -0.0031475
C  0  1  55  0  1  6   0.0003769  0.0008082 -0.0018111  0.0002285  0.0013401 -0.0010781  0.0002770 -0.0013942 -0.0001599 -0.0008097  0.0005295  0.0008785 -0.0001812 -0.0024070 -0.0001014 -0.0013722
C  0  1  55  0  1  7   0.0012580 -0.0000031  0.0005636 -0.0003690  0.0018504 -0.0007656 -0.0017592  0.0006712 -0.0002013 -0.0010329  0.0018117 -0.0011343 -0.0024018 -0.0009481 -0.0008595 -0.0000426
C  0  1  55  0  1  8   0.0020659  0.0013887  0.0011163 -0.0017381  0.0003944  0.0016073 -0.0002862  0.0005759  0.0019462  0.0005313  0.0002261 -0.0013669 -0.0022781  0.0004194  0.0013038  0.0029902
C  0  1  55  0  1  9  -0.0029524 -0.0005533  0.0017958  0.0005693  0.0016214 -0.0005680  0.0013158  0.0018895 -0.0025051 -0.0009656 -0.0005979 -0.0002615 -0.0013258  0.0003577 -0.0035094  0.0005102
C  0  1  55  0  1 10  -0.0008145 -0.0001805  0.0019854  0.0034606  0.0019197  0.0003556  0.0016846 -0.0009021 -0.0009400 -0.0018458  0.0007348  0.0004872 -0.0018522 -0.0001193  0.0009137  0.0013750
C  0  1  55  0  1 11  -0.0013036 -0.0000235  0.0008054  0.0012843  0.0003783  0.0003757 -0.0019453 -0.0016260 -0.0037397  0.0002439 -0.0007366 -0.0014564  0.0011300  0.0001926 -0.0006173  0.0009340
C  0  1  55  0  1 12   0.0019611  0.0011809  0.0008173 -0.0002740  0.0008784 -0.0015969  0.0010185 -0.0008871  0.0006093 -0.0015260  0.0000158  0.0014255  0.0006972 -0.0016045  0.0005339  0.0006794
C  0  1  55  0  1 13   0.0025246 -0.0018337  0.0017947  0.0035068  0.0047165  0.0010589  0.0000273  0.0000081  0.0003160 -0.0034102 -0.0018644 -0.0022529  0.0001944  0.0000816  0.0006834  0.0035261
C  0  1  55  0  1 14   0.0024767  0.0009760  0.0030189  0.0028740  0.0019311  0.0019990  0.0002764  0.0014804  0.0005532 -0.0007350 -0.0005807  0.0010725  0.0004200  0.0009576 -0.0021885  0.0018244
C  0  1  55  0  1 15   0.0023269 -0.0003162 -0.0001804 -0.0008061  0.0011084  0.0012288  0.0012688 -0.0007837  0.0003901 -0.0028870 -0.0012686 -0.0001845  0.0020582  0.0012309  0.0013955  0.0022987
C  0  1  55  0  1 16   0.0031852  0.0018432  0.0005302  0.0000176 -0.0017748  0.0025938  0.0016034  0.0006587  0.0016404  0.0005767  0.0011700  0.0015158  0.0002185  0.0031436  0.0033567  0.0021208
C  0  1  55  0  1 17   0.0013652  0.0001013 -0.0002643  0.0056810  0.0009860  0.0046680  0.0021646  0.0014008  0.0026367  0.0048638  0.0035875  0.0014505  0.0004647  0.0005359  0.0040983  0.0042325
C  0  1  55  0  1 18   0.0079396  0.0018581  0.0029234  0.0010760  0.0004475  0.0035615  0.0037445  0.0030726 -0.0002741  0.0025131  0.0028261  0.0043212  0.0010970  0.0006017  0.0043629  0.0038271
C  0  1  55  0  1 19   0.0037328  0.0032380  0.0003575  0.0020373  0.0015819  0.0018639  0.0028954 -0.0002660  0.0038773  0.0061658 -0.0006281  0.0008086  0.0021726  0.0010578  0.0037383  0.0047698
C  0  1  55  0  1 20   0.0049248  0.0064580 -0.0003076  0.0049546  0.0026734  0.0045709  0.0015115  0.0045125  0.0045829  0.0026883 -0.0019650 -0.0009100  0.0032628  0.0036688  0.0059027  0.0046592
C  0  1  55  0  1 21   0.0169488  0.0142321  0.0086470  0.0012665 -0.0040296 -0.0027771 -0.0087873 -0.0042626 -0.0016432 -0.0072688 -0.0015468  0.0039057  0.0050798  0.0077671  0.0083473  0.0024750
C  0  1  55  1  0  0  -0.4958733 -0.3156505 -0.3605487 -0.4444387 -0.2017590 -0.3259969 -0.3941979 -0.3275496 -0.3283850 -0.3628067 -0.4339170 -0.4807502 -0.4119872 -0.4735936 -0.4160158 -0.4032248
C  0  1  55  1  0  1  -0.2791026 -0.3299814 -0.3072953 -0.2305894 -0.3170514 -0.2736664 -0.2904091 -0.2174384 -0.3197805 -0.2098496 -0.3471720 -0.3298018 -0.3645257 -0.4149560 -0.3701845 -0.3018771
C  0  1  55  1  0  2  -0.3331224 -0.3154216 -0.2988244 -0.2955818 -0.2768525 -0.2302169 -0.2288842 -0.2474899 -0.2750933 -0.2617776 -0.2800347 -0.2953318 -0.3645743 -0.3563626 -0.2706590 -0.3634260
C  0  1  55  1  0  3  -0.2756876 -0.3377333 -0.3325679 -0.2773296 -0.2847219 -0.2600868 -0.1610758 -0.1737246 -0.1587234 -0.2349363 -0.2665117 -0.2827045 -0.2545014 -0.3211056 -0.3079902 -0.2745482
C  0  1  55  1  0  4  -0.2875879 -0.2941916 -0.2504837 -0.2640059 -0.2263554 -0.2017894 -0.2283933 -0.2889902 -0.2427704 -0.1951774 -0.1976362 -0.2975208 -0.2506387 -0.2795419 -0.3107925 -0.2701343
C  0  1  55  1  0  5  -0.2169300 -0.1921043 -0.1844688 -0.1618092 -0.1818474 -0.1527572 -0.2256508 -0.1702439 -0.1527524 -0.1458610 -0.1926521 -0.2277824 -0.2381120 -0.1565983 -0.2150445 -0.1741967
C  0  1  55  1  0  6  -0.1592736 -0.0933300 -0.2154190 -0.1396056 -0.1570780 -0.1412709 -0.1162567 -0.1426144 -0.1189047 -0.0982279 -0.0945520 -0.1658530 -0.1439987 -0.1598954 -0.1486490 -0.2007313
C  0  1  55  1  0  7  -0.1626546 -0.1352508 -0.1306900 -0.1699197 -0.1505969 -0.1545910 -0.1602172 -0.1465051 -0.1488277 -0.1071922 -0.1075114 -0.1416630 -0.1720469 -0.1682428 -0.1326217 -0.1553243
C  0  1  55  1  0  8  -0.1758828 -0.1021480 -0.1418373 -0.1497864 -0.1700379 -0.1545563 -0.1585656 -0.1548717 -0.1771499 -0.1412379 -0.1286741 -0.1871374 -0.1452396 -0.1308115 -0.1622643 -0.1682971
C  0  1  55  1  0  9  -0.1270422 -0.1410416 -0.0716328 -0.1431338 -0.0951347 -0.1275070 -0.0880275 -0.1808451 -0.0888326 -0.1510164 -0.0750987 -0.1344534 -0.1177318 -0.0967043 -0.1770795 -0.1297935
C  0  1  55  1  0 10  -0.1445150 -0.0885716 -0.1355850 -0.1431447 -0.1534831 -0.1002299 -0.1225132 -0.1256508 -0.1159664 -0.1712686 -0.1403704 -0.1256420 -0.0922713 -0.1223629 -0.1025245 -0.1448763
C  0  1  55  1  0 11  -0.1373879 -0.1078914 -0.1195412 -0.0924770 -0.0781908 -0.1108073 -0.1342349 -0.1312453 -0.1184524 -0.0699201 -0.1083154 -0.1104934 -0.1228908 -0.1178915 -0.1013032 -0.1394603
C  0  1  55  1  0 12  -0.0932713 -0.1155266 -0.1185168 -0.0645673 -0.1470460 -0.1051467 -0.1292253 -0.1459873 -0.1407132 -0.1570778 -0.1292062 -0.0821391 -0.1204469 -0.1232591 -0.1314109 -0.1324702
C  0  1  55  1  0 13  -0.1125820 -0.1321976 -0.1561115 -0.1382030 -0.1200862 -0.1753575 -0.1701880 -0.1516474 -0.1293158 -0.1433102 -0.1760930 -0.1693753 -0.1835652 -0.1453367 -0.1737505 -0.1330175
C  0  1  55  1  0 14  -0.1246327 -0.1705397 -0.1210989 -0.1429461 -0.1658334 -0.1706950 -0.1642165 -0.1991142 -0.1538104 -0.1712624 -0.1575724 -0.1183964 -0.1585237 -0.0983509 -0.1618494 -0.1940487
C  0  1  55  1  0 15  -0.1398946 -0.1661044 -0.1561056 -0.1680773 -0.1872159 -0.1240600 -0.1264380 -0.1848879 -0.1933969 -0.1580818 -0.1182451 -0.1853196 -0.1798683 -0.1084626 -0.1588492 -0.1486355
C  0  1  55  1  0 16  -0.1933239 -0.1161395 -0.1354104 -0.1503744 -0.1551563 -0.2059791 -0.2080032 -0.2126983 -0.1971217 -0.2307943 -0.1931905 -0.1411022 -0.1600765 -0.2146742 -0.1690928 -0.1735059
C  0  1  55  1  0 17  -0.2421675 -0.2679504 -0.2162929 -0.2645083 -0.2371789 -0.3261140 -0.2674003 -0.2957248 -0.2445763 -0.2770254 -0.2647076 -0.1988343 -0.2575852 -0.2939673 -0.2532942 -0.3044516
C  0  1  55  1  0 18  -0.3147457 -0.3056722 -0.2442595 -0.2195256 -0.2463377 -0.2614944 -0.2844335 -0.2110376 -0.2746351 -0.2226643 -0.2917656 -0.2793433 -0.2719197 -0.2277600 -0.1695898 -0.2632837
C  0  1  55  1  0 19  -0.2999773 -0.2405035 -0.3225555 -0.2996728 -0.3086624 -0.2702036 -0.2278381 -0.2031133 -0.2362243 -0.2971310 -0.2207430 -0.3005893 -0.2296322 -0.2565461 -0.2775381 -0.2545614
C  0  1  55  1  0 20  -0.2156266 -0.2391735 -0.3669567 -0.2937785 -0.3666816 -0.2569722 -0.2594642 -0.3805041 -0.3042026 -0.2921084 -0.3402877 -0.2708262 -0.3648983 -0.2422102 -0.2625495 -0.3108529
C  0  1  55  1  0 21  -0.3032748 -0.4119807 -0.3534462 -0.3956643 -0.2562609 -0.3417747 -0.3606573 -0.3487120 -0.4722915 -0.3036494 -0.3582238 -0.3632776 -0.3470924 -0.2618776 -0.3951581 -0.3815893
C  0  1  55  1  1  0   0.0471066  0.0496402  0.0405666  0.0237337  0.0013927 -0.0199386 -0.0331474 -0.0406784 -0.0446925 -0.0361977 -0.0333145 -0.0184720  0.0030460  0.0060322  0.0250168  0.0364752
C  0  1  55  1  1  1   0.0231684  0.0222224  0.0173899  0.0093334  0.0012926 -0.0075342 -0.0153525 -0.0185264 -0.0182953 -0.0155096 -0.0153841 -0.0087772  0.0026797  0.0088871  0.0122942  0.0234363
C  0  1  55  1  1  2   0.0128644  0.0139807  0.0094098  0.0056137  0.0014462 -0.0031503 -0.0086633 -0.0089561 -0.0092571 -0.0059951 -0.0061140 -0.0047159  0.0002751  0.0036966  0.0039462  0.0101889
C  0  1  55  1  1  3   0.0077851  0.0068426  0.0017607  0.0036850  0.0013059  0.0009517 -0.0037454 -0.0025955  0.0006818 -0.0010147 -0.0027136 -0.0020010  0.0013342  0.0031783  0.0009952  0.0057368
C  0  1  55  1  1  4   0.0020637  0.0022696  0.0009396  0.0004086  0.0027476  0.0028889  0.0014282  0.0032550  0.0045139  0.0022548 -0.0010962 -0.0013614  0.0025922  0.0007855  0.0040793  0.0026211
C  0  1  55  1  1  5   0.0013642  0.0001670 -0.0008545  0.0027027  0.0026024  0.0031655  0.0022787  0.0034859  0.0043091  0.0015118 -0.0014326 -0.0003810  0.0022576  0.0017273  0.0014202 -0.0004074
C  0  1  55  1  1  6   0.0007182  0.0003107  0.0006002  0.0031250  0.0037505  0.0032550  0.0043867  0.0040733  0.0036378  0.0002956 -0.0001218  0.0001385  0.0001698  0.0008402  0.0004775 -0.0007382
C  0  1  55  1  1  7  -0.0018789  0.0002941  0.0010048  0.0035962  0.0042161  0.0029320  0.0048941  0.0026991  0.0027308  0.0001631 -0.0012844 -0.0006359  0.0014441  0.0006457  0.0008422 -0.0023318
C  0  1  55  1  1  8  -0.0008479  0.0008580  0.0020005  0.0012218  0.0042448  0.0034501  0.0038113  0.0044795  0.0054239  0.0016196 -0.0002948 -0.0008503  0.0009802  0.0006580  0.0014583 -0.0011065
C  0  1  55  1  1  9   0.0002069  0.0018749  0.0013850  0.0031771  0.0013360  0.0014529  0.0032778  0.0029708  0.0019380 -0.0006158  0.0002328  0.0008494  0.0005252 -0.0012528 -0.0011990 -0.0018474
C  0  1  55  1  1 10  -0.0008628  0.0020089  0.0017223  0.0011302  0.0026856  0.0013087  0.0015621  0.0019411  0.0021713 -0.0007809 -0.0014914  0.0003496 -0.0018845  0.0001248  0.0011522 -0.0017318
C  0  1  55  1  1 11  -0.0006482  0.0013392  0.0013782  0.0014340  0.0022834 -0.0007007  0.0010416  0.0024153  0.0025675  0.0016727 -0.0023848 -0.0005173 -0.0002968 -0.0008670 -0.0000039 -0.0017279
C  0  1  55  1  1 12   0.0004104  0.0006956  0.0014981  0.0039734  0.0017589  0.0020295  0.0003741  0.0027765  0.0034271  0.0004922  0.0002750  0.0006979  0.0002580 -0.0006709  0.0001630 -0.0014511
C  0  1  55  1  1 13  -0.0004454  0.0013956  0.0024449  0.0030565  0.0022591  0.0019769  0.0038088  0.0051898  0.0038782  0.0012385  0.0007035 -0.0003066 -0.0001860 -0.0018240  0.0000326 -0.0011705
C  0  1  55  1  1 14  -0.0005662 -0.0003534  0.0022052  0.0034066  0.0033720  0.0013300  0.0032307  0.0056314  0.0041063  0.0011985  0.0009918 -0.0017048 -0.0028292 -0.0024398 -0.0011440 -0.0025789
C  0  1  55  1  1 15  -0.0032199 -0.0002525  0.0012673  0.0030696  0.0020268 -0.0004252  0.0023200  0.0023045  0.0058384  0.0026163  0.0016862 -0.0003623 -0.0038272 -0.0051059 -0.0066668 -0.0045261
C  0  1  55  1  1 16  -0.0015773  0.0007614  0.0044641  0.0040784  0.0032132 -0.0010167  0.0032058  0.0034309  0.0036835  0.0072213  0.0022129  0.0027075 -0.0019631 -0.0022484 -0.0052096 -0.0056827
C  0  1  55  1  1 17  -0.0031053  0.0013568  0.0015748  0.0064365  0.0010909 -0.0029973  0.0006024  0.0032400  0.0034641  0.0042699  0.0036672  0.0015734 -0.0007489 -0.0049268 -0.0051529 -0.0057561
C  0  1  55  1  1 18   0.0008068  0.0073417  0.0059891  0.0063514  0.0043978 -0.0004898 -0.0022982  0.0002025  0.0022682  0.0039920  0.0018962  0.0011390 -0.0014861 -0.0025320 -0.0058605 -0.0054635
C  0  1  55  1  1 19   0.0018566  0.0085714  0.0115898  0.0094007  0.0069273  0.0024436 -0.0033638 -0.0007600  0.0032938  0.0046495  0.0027935  0.0006732 -0.0032020 -0.0037993 -0.0051520 -0.0027825
C  0  1  55  1  1 20   0.0000546  0.0151064  0.0175516  0.0137173  0.0046096  0.0030155 -0.0040873 -0.0022787 -0.0005123  0.0072739  0.0009549 -0.0040109 -0.0085100 -0.0099602 -0.0061827 -0.0047936
C  0  1  55  1  1 21   0.0088916  0.0201324  0.0322321  0.0218907  0.0156525  0.0155928  0.0108744  0.0097833  0.0112370  0.0154331  0.0012853 -0.0043861 -0.0083140 -0.0174662 -0.0075842  0.0020852
