CPHI 16 
CETA 22 -2.40 -2.10 -1.85 -1.60 -1.40 -1.20 -1.00 -0.80 -0.60 -0.40 -0.20  0.00  0.20  0.40  0.60  0.80  1.00  1.20  1.40  1.60  1.85  2.10  2.40 
RMIN  6 
RTRK 12 
RETA 11  0.00  0.20  0.40  0.60  0.80  1.00  1.20  1.40  1.60  1.85  2.10  2.40 
T 0 1  56  0  0  0    0.0000000   0.0006220   0.0017217   0.0032656   0.0122824   0.0693914   0.2792124   0.6541265   1.0000000   1.0000000   1.0000000   1.0000000   1.0000000
T 0 1  56  0  0  1    0.0000000   0.0001500   0.0005847   0.0024238   0.0124248   0.0592600   0.2270953   0.5895680   1.0000000   1.0000000   1.0000000   1.0000000   1.0000000
T 0 1  56  0  0  2    0.0000000   0.0001354   0.0005286   0.0017879   0.0108277   0.0554215   0.2087615   0.5737742   1.0000000   1.0000000   1.0000000   1.0000000   1.0000000
T 0 1  56  0  0  3    0.0000000   0.0002056   0.0006024   0.0017228   0.0115011   0.0627895   0.2251612   0.5867958   1.0000000   1.0000000   1.0000000   1.0000000   1.0000000
T 0 1  56  0  0  4    0.0000000   0.0003759   0.0025711   0.0143260   0.0631974   0.2043326   0.4887211   0.8211916   1.0000000   1.0000000   1.0000000   1.0000000   1.0000000
T 0 1  56  0  0  5    0.0000000   0.0009586   0.0074550   0.0513896   0.2050092   0.5320774   0.8762495   0.9994073   1.0000000   1.0000000   1.0000000   1.0000000   1.0000000
T 0 1  56  0  0  6    0.0000000   0.0002890   0.0012527   0.0101401   0.0671472   0.2764178   0.6628078   0.9309839   0.9981769   1.0000000   1.0000000   1.0000000   1.0000000
T 0 1  56  0  0  7    0.0000000   0.0000489   0.0003596   0.0008079   0.0045956   0.0305360   0.1189043   0.2968450   0.5802499   0.8680271   0.9842152   0.9998579   1.0000000
T 0 1  56  0  0  8    0.0000000   0.0000007   0.0000325   0.0001193   0.0004021   0.0010796   0.0043451   0.0251967   0.1197015   0.3950575   0.7897434   0.9694891   1.0000000
T 0 1  56  0  0  9    0.0000000   0.0000056   0.0000084   0.0000312   0.0005582   0.0034839   0.0184905   0.0857333   0.3023067   0.6584581   0.9386416   0.9999372   1.0000000
T 0 1  56  0  0 10    0.0000000   0.0066873   0.0290284   0.0466835   0.0799960   0.1693069   0.3388905   0.6895278   0.9099464   0.9697406   0.9998480   1.0000000   1.0000000
T 0 1  56  1  0  0    0.0000000   0.0005148   0.0016399   0.0047460   0.0213440   0.1017716   0.3374237   0.6994022   1.0000000   1.0000000   1.0000000   1.0000000   1.0000000
T 0 1  56  1  0  1    0.0000000   0.0002633   0.0010891   0.0042307   0.0181163   0.0752157   0.2537985   0.6193956   1.0000000   1.0000000   1.0000000   1.0000000   1.0000000
T 0 1  56  1  0  2    0.0000000   0.0002194   0.0008486   0.0027728   0.0124455   0.0616642   0.2339277   0.6064318   1.0000000   1.0000000   1.0000000   1.0000000   1.0000000
T 0 1  56  1  0  3    0.0000000   0.0002283   0.0008669   0.0027852   0.0140251   0.0700545   0.2491207   0.6198491   1.0000000   1.0000000   1.0000000   1.0000000   1.0000000
T 0 1  56  1  0  4    0.0000000   0.0004356   0.0027620   0.0153929   0.0663357   0.2155446   0.5058694   0.8320271   1.0000000   1.0000000   1.0000000   1.0000000   1.0000000
T 0 1  56  1  0  5    0.0000000   0.0011873   0.0094478   0.0577925   0.2246261   0.5586818   0.8900123   0.9996500   1.0000000   1.0000000   1.0000000   1.0000000   1.0000000
T 0 1  56  1  0  6    0.0000000   0.0004626   0.0026649   0.0180020   0.0942133   0.3329130   0.7236541   0.9536823   0.9988141   0.9999984   1.0000000   1.0000000   1.0000000
T 0 1  56  1  0  7    0.0000000   0.0002246   0.0006446   0.0024765   0.0123245   0.0526267   0.1570011   0.3413836   0.6074237   0.8728054   0.9849908   0.9998878   1.0000000
T 0 1  56  1  0  8    0.0000000   0.0009562   0.0014955   0.0017998   0.0022382   0.0036136   0.0107994   0.0452511   0.1686405   0.4573475   0.8251665   0.9710661   1.0000000
T 0 1  56  1  0  9    0.0000000   0.0021003   0.0074838   0.0131257   0.0159362   0.0198461   0.0401951   0.1288935   0.3661962   0.7154288   0.9583841   0.9999941   1.0000000
T 0 1  56  1  0 10    0.0000000   0.0032254   0.0170235   0.0428863   0.0843736   0.1746921   0.3942474   0.7474223   0.9511020   0.9856143   0.9999985   1.0000000   1.0000000
R 0 1  56  0  0  0    0.0244849   0.0244849   0.0115286   0.0103322   0.0103141   0.0101973   0.0100247   0.0098301   0.0098301   0.0098301   0.0098301   0.0098301
R 0 1  56  0  0  1    0.0119419   0.0119419   0.0119419   0.0119419   0.0110562   0.0109267   0.0109561   0.0108502   0.0108502   0.0108502   0.0108502   0.0108502
R 0 1  56  0  0  2    0.0125600   0.0125600   0.0125600   0.0125600   0.0118652   0.0119266   0.0118600   0.0116976   0.0116976   0.0116976   0.0116976   0.0116976
R 0 1  56  0  0  3    0.0138276   0.0138276   0.0138276   0.0138276   0.0126587   0.0125185   0.0123587   0.0122659   0.0122659   0.0122659   0.0122659   0.0122659
R 0 1  56  0  0  4    0.0188386   0.0188386   0.0188386   0.0174904   0.0169270   0.0158805   0.0144705   0.0130538   0.0130538   0.0130538   0.0130538   0.0130538
R 0 1  56  0  0  5    0.0207152   0.0207152   0.0192876   0.0189781   0.0187479   0.0180349   0.0169096   0.0169096   0.0169096   0.0169096   0.0169096   0.0169096
R 0 1  56  0  0  6    0.0202152   0.0202152   0.0202152   0.0205255   0.0207075   0.0206708   0.0208023   0.0207055   0.0207055   0.0207055   0.0207055   0.0207055
R 0 1  56  0  0  7    0.0204939   0.0204939   0.0204939   0.0204939   0.0207706   0.0210835   0.0212495   0.0209835   0.0206659   0.0197979   0.0197979   0.0197979
R 0 1  56  0  0  8    0.0211230   0.0211230   0.0211230   0.0211230   0.0211230   0.0211230   0.0211230   0.0211131   0.0209561   0.0209607   0.0202744   0.0187919
R 0 1  56  0  0  9    0.0314216   0.0314216   0.0314216   0.0314216   0.0314216   0.0314216   0.0298054   0.0288580   0.0274910   0.0264377   0.0247890   0.0247890
R 0 1  56  0  0 10    0.0764617   0.0700491   0.0635131   0.0537737   0.0472235   0.0439643   0.0409248   0.0355550   0.0338516   0.0306165   0.0306165   0.0306165
R 0 1  56  0  1  0    0.0000000   0.0000000   0.0000000   0.0000395   0.0000794   0.0000813   0.0000727   0.0000657   0.0000657   0.0000657   0.0000657   0.0000657
R 0 1  56  0  1  1    0.0000797   0.0000797   0.0000797   0.0000797   0.0000607   0.0000733   0.0000617   0.0000570   0.0000570   0.0000570   0.0000570   0.0000570
R 0 1  56  0  1  2    0.0000646   0.0000646   0.0000646   0.0000646   0.0000524   0.0000609   0.0000582   0.0000545   0.0000545   0.0000545   0.0000545   0.0000545
R 0 1  56  0  1  3    0.0000929   0.0000929   0.0000929   0.0000929   0.0000657   0.0000573   0.0000552   0.0000524   0.0000524   0.0000524   0.0000524   0.0000524
R 0 1  56  0  1  4    0.0000985   0.0000985   0.0000985   0.0000994   0.0000823   0.0000779   0.0000585   0.0000457   0.0000457   0.0000457   0.0000457   0.0000457
R 0 1  56  0  1  5    0.0001347   0.0001347   0.0000761   0.0000629   0.0000703   0.0000610   0.0000415   0.0000415   0.0000415   0.0000415   0.0000415   0.0000415
R 0 1  56  0  1  6    0.0000674   0.0000674   0.0000674   0.0000558   0.0000559   0.0000552   0.0000561   0.0000353   0.0000353   0.0000353   0.0000353   0.0000353
R 0 1  56  0  1  7    0.0000110   0.0000110   0.0000110   0.0000110   0.0000541   0.0000642   0.0000742   0.0000755   0.0000789   0.0000600   0.0000600   0.0000600
R 0 1  56  0  1  8    0.0000882   0.0000882   0.0000882   0.0000882   0.0000882   0.0000882   0.0000882   0.0001112   0.0000988   0.0000977   0.0000872   0.0000669
R 0 1  56  0  1  9    0.0002432   0.0002432   0.0002432   0.0002432   0.0002432   0.0002432   0.0002087   0.0001979   0.0001791   0.0001528   0.0001215   0.0001215
R 0 1  56  0  1 10    0.0012494   0.0010370   0.0009900   0.0007462   0.0005793   0.0004798   0.0003918   0.0002659   0.0002256   0.0001831   0.0001831   0.0001831
R 0 1  56  0  2  0    0.0000000   0.0000000   0.0000000   0.0000000   0.0000000   0.0000073   0.0000149   0.0000102   0.0000102   0.0000102   0.0000102   0.0000102
R 0 1  56  0  2  1    0.0000000   0.0000000   0.0000000   0.0000000   0.0000000   0.0000000   0.0000118   0.0000178   0.0000178   0.0000178   0.0000178   0.0000178
R 0 1  56  0  2  2    0.0000000   0.0000000   0.0000000   0.0000000   0.0000635   0.0000228   0.0000108   0.0000145   0.0000145   0.0000145   0.0000145   0.0000145
R 0 1  56  0  2  3    0.0000000   0.0000000   0.0000000   0.0000000   0.0000000   0.0000123   0.0000161   0.0000000   0.0000000   0.0000000   0.0000000   0.0000000
R 0 1  56  0  2  4    0.0000000   0.0000000   0.0000000   0.0000000   0.0000000   0.0000169   0.0000158   0.0000153   0.0000153   0.0000153   0.0000153   0.0000153
R 0 1  56  0  2  5    0.0000000   0.0000000   0.0000000   0.0000000   0.0000000   0.0000170   0.0000000   0.0000000   0.0000000   0.0000000   0.0000000   0.0000000
R 0 1  56  0  2  6    0.0000000   0.0000000   0.0000000   0.0000000   0.0000112   0.0000000   0.0000000   0.0000000   0.0000000   0.0000000   0.0000000   0.0000000
R 0 1  56  0  2  7    0.0000000   0.0000000   0.0000000   0.0000000   0.0000000   0.0000000   0.0000000   0.0000000   0.0000000   0.0000180   0.0000180   0.0000180
R 0 1  56  0  2  8    0.0000000   0.0000000   0.0000000   0.0000000   0.0000000   0.0000000   0.0000000   0.0000000   0.0000000   0.0000077   0.0000000   0.0000000
R 0 1  56  0  2  9    0.0000000   0.0000000   0.0000000   0.0000000   0.0000000   0.0000000   0.0000000   0.0000177   0.0000000   0.0000296   0.0000000   0.0000000
R 0 1  56  0  2 10    0.0000000   0.0000000   0.0000000   0.0000000   0.0000000   0.0000385   0.0001148   0.0000520   0.0000000   0.0000000   0.0000000   0.0000000
R 0 1  56  0  3  0    1.0725030   1.0725030   1.0954618   1.0261192   0.9986707   0.9866480   0.9799873   0.9832694   0.9832694   0.9832694   0.9832694   0.9832694
R 0 1  56  0  3  1    1.0130418   1.0130418   1.0130418   1.0130418   0.9942466   0.9841637   0.9782822   0.9790022   0.9790022   0.9790022   0.9790022   0.9790022
R 0 1  56  0  3  2    1.0104655   1.0104655   1.0104655   1.0104655   0.9952867   0.9846561   0.9820262   0.9801417   0.9801417   0.9801417   0.9801417   0.9801417
R 0 1  56  0  3  3    0.9947772   0.9947772   0.9947772   0.9947772   1.0050618   0.9882922   0.9832504   0.9807298   0.9807298   0.9807298   0.9807298   0.9807298
R 0 1  56  0  3  4    1.0144840   1.0144840   1.0144840   0.9864642   0.9783037   0.9734896   0.9795395   0.9860189   0.9860189   0.9860189   0.9860189   0.9860189
R 0 1  56  0  3  5    1.0033437   1.0033437   0.9980967   0.9832622   0.9749871   0.9735641   0.9729045   0.9729045   0.9729045   0.9729045   0.9729045   0.9729045
R 0 1  56  0  3  6    1.0071170   1.0071170   1.0071170   1.0002118   0.9884659   0.9855943   0.9834648   0.9891423   0.9891423   0.9891423   0.9891423   0.9891423
R 0 1  56  0  3  7    1.0850723   1.0850723   1.0850723   1.0850723   1.0343238   0.9978864   0.9871784   0.9840678   0.9865093   0.9852585   0.9852585   0.9852585
R 0 1  56  0  3  8    1.0307408   1.0307408   1.0307408   1.0307408   1.0307408   1.0307408   1.0307408   0.9932377   0.9680173   0.9851763   0.9795264   1.0197398
R 0 1  56  0  3  9    1.0406190   1.0406190   1.0406190   1.0406190   1.0406190   1.0406190   0.9958335   0.9768941   0.9735078   0.9857380   1.0140785   1.0140785
R 0 1  56  0  3 10    1.0596331   1.0363970   1.0161169   0.9846414   0.9786549   0.9692361   0.9673070   0.9715326   1.0010618   0.9982660   0.9982660   0.9982660
R 0 1  56  0  4  0    1.4946651   1.4946651   1.4483012   2.0085868   2.2626346   2.2968694   2.2161781   2.2843499   2.2843499   2.2843499   2.2843499   2.2843499
R 0 1  56  0  4  1    1.9959040   1.9959040   1.9959040   1.9959040   2.1789164   2.2275698   2.1797180   2.2064668   2.2064668   2.2064668   2.2064668   2.2064668
R 0 1  56  0  4  2    1.8860854   1.8860854   1.8860854   1.8860854   2.1729964   2.2543062   2.2513814   2.2252255   2.2252255   2.2252255   2.2252255   2.2252255
R 0 1  56  0  4  3    1.8030188   1.8030188   1.8030188   1.8030188   2.2707219   2.2477257   2.2731351   2.2254330   2.2254330   2.2254330   2.2254330   2.2254330
R 0 1  56  0  4  4    1.8301975   1.8301975   1.8301975   2.0189578   2.0970683   2.0870079   2.2283936   2.3031430   2.3031430   2.3031430   2.3031430   2.3031430
R 0 1  56  0  4  5    1.7906413   1.7906413   2.0378864   2.1311147   2.0916506   2.0853838   2.0174808   2.0174808   2.0174808   2.0174808   2.0174808   2.0174808
R 0 1  56  0  4  6    1.9306712   1.9306712   1.9306712   2.2760616   2.3352930   2.3460885   2.3336360   2.3270190   2.3270190   2.3270190   2.3270190   2.3270190
R 0 1  56  0  4  7    1.6982280   1.6982280   1.6982280   1.6982280   2.3592110   2.3678229   2.3377845   2.3242814   2.4009346   2.3685017   2.3685017   2.3685017
R 0 1  56  0  4  8    2.1963957   2.1963957   2.1963957   2.1963957   2.1963957   2.1963957   2.1963957   2.2749039   1.9638774   2.2946945   2.1375642   2.2902972
R 0 1  56  0  4  9    2.2286405   2.2286405   2.2286405   2.2286405   2.2286405   2.2286405   2.1036286   2.0799860   2.0542405   2.2221819   2.2688051   2.2688051
R 0 1  56  0  4 10    1.8044577   2.1309480   2.1001451   1.9023420   1.9501030   1.9562199   1.9636207   1.9733202   2.0950426   1.8387718   1.8387718   1.8387718
R 0 1  56  0  5  0    9.2819309   9.2819309   8.3506153   4.6839456   3.6617479   3.7025679   4.5189078   3.8955955   3.8955955   3.8955955   3.8955955   3.8955955
R 0 1  56  0  5  1    3.7110633   3.7110633   3.7110633   3.7110633   3.8674467   4.0164892   4.5059316   4.3739306   4.3739306   4.3739306   4.3739306   4.3739306
R 0 1  56  0  5  2    3.7637073   3.7637073   3.7637073   3.7637073   4.1590650   4.0517287   3.9890209   4.3190271   4.3190271   4.3190271   4.3190271   4.3190271
R 0 1  56  0  5  3    4.6191145   4.6191145   4.6191145   4.6191145   3.8067411   4.1600782   4.1245392   4.2861525   4.2861525   4.2861525   4.2861525   4.2861525
R 0 1  56  0  5  4    5.1756056   5.1756056   5.1756056   5.1175553   4.8829399   4.9479902   3.8046118   3.3090721   3.3090721   3.3090721   3.3090721   3.3090721
R 0 1  56  0  5  5    4.4725663   4.4725663   5.6367994   4.9142610   5.3867884   4.7188758   4.0421473   4.0421473   4.0421473   4.0421473   4.0421473   4.0421473
R 0 1  56  0  5  6    3.0352700   3.0352700   3.0352700   3.5684581   3.4842476   3.0408914   2.4648806   1.8885441   1.8885441   1.8885441   1.8885441   1.8885441
R 0 1  56  0  5  7    4.6069059   4.6069059   4.6069059   4.6069059   3.3512469   2.9739228   2.9553869   3.0526419   2.6027529   2.0093335   2.0093335   2.0093335
R 0 1  56  0  5  8    4.2842244   4.2842244   4.2842244   4.2842244   4.2842244   4.2842244   4.2842244   4.4050200   8.0389449   4.1414614   4.8190658   3.8753349
R 0 1  56  0  5  9    4.5637694   4.5637694   4.5637694   4.5637694   4.5637694   4.5637694   6.1232338   5.8797742   6.4265599   5.3654515   5.2379189   5.2379189
R 0 1  56  0  5 10    9.9345596   4.9158336   4.0811327   5.5859869   5.4086633   6.8846412   7.8320044   8.1781272   6.0409615  10.6247243  10.6247243  10.6247243
F  0  1  56  0  0  0    0.9846037   1.0262124   0.9938602   1.0001886   0.9754968   1.0013771   1.0042398   0.9878582   1.0066729   0.9880689   0.9810841
F  0  1  56  1  0  0    1.0612572   1.0834320   1.0693892   1.0722431   1.0488366   1.0901392   1.0765806   1.0581693   1.0506749   1.0729422   1.0830059
C  0  1  56  0  0  0  -0.3706153 -0.1506660 -0.0498046 -0.4732898 -0.3417977 -0.2097189 -0.2497433 -0.0810156 -0.2688391 -0.2366876 -0.3152376 -0.2943707 -0.1231015 -0.1955883 -0.3976215  0.0784178
C  0  1  56  0  0  1  -0.2336467 -0.1880690 -0.2051672 -0.1371281 -0.1509502 -0.2181325 -0.0721707 -0.1273471 -0.0575179 -0.1602224 -0.0732706 -0.0791020 -0.0957160 -0.0901089 -0.2462570 -0.0926783
C  0  1  56  0  0  2  -0.2143541 -0.0829165 -0.1505759 -0.1304965 -0.0156506  0.0180451 -0.1216231 -0.0768526  0.0187550 -0.1669420 -0.1175383 -0.1233491 -0.1824606 -0.0297571 -0.0153352 -0.1370489
C  0  1  56  0  0  3  -0.1216808 -0.0226075 -0.0478500  0.0309661  0.0411712 -0.0701593 -0.0814926 -0.0181411 -0.0624124  0.0713969 -0.0848835 -0.0474895 -0.1737413 -0.1479361 -0.1469916 -0.0106710
C  0  1  56  0  0  4  -0.0888204 -0.0452819 -0.0604881 -0.0481972 -0.1121205 -0.0973241 -0.1844969 -0.0510340  0.0216462 -0.0362361 -0.1914165  0.0062837 -0.1669399 -0.1288002 -0.0835937 -0.1201220
C  0  1  56  0  0  5  -0.0005898  0.0160515 -0.0409363  0.0642340 -0.0054178 -0.0402654 -0.0795337  0.0179101  0.0682027  0.0159689 -0.0035032 -0.0441993 -0.0922768  0.0376489  0.1006620 -0.0121498
C  0  1  56  0  0  6   0.0180288  0.1016166 -0.0333834 -0.0931259 -0.0526821 -0.0327126 -0.0403498 -0.0603858 -0.0472464 -0.0128720  0.0490362  0.0403818 -0.0940773 -0.0241487 -0.0315070  0.0725148
C  0  1  56  0  0  7  -0.0418080  0.0250342  0.0027238  0.0149943 -0.0346735 -0.0124502  0.0210653  0.0052910  0.0237554 -0.0270741  0.0369783 -0.0428645 -0.0591018  0.0132401 -0.0041217  0.0408156
C  0  1  56  0  0  8   0.0311953  0.0066177  0.0240894  0.0933157 -0.0261540  0.0434506 -0.0148273 -0.0169424 -0.0301029  0.0463297  0.0138132  0.0025200  0.0066678  0.0501325 -0.0356637  0.0359923
C  0  1  56  0  0  9  -0.0146450  0.0282425  0.0865084  0.0792659  0.0032388  0.0370143  0.0026276  0.0169977 -0.0051127 -0.0183685 -0.0545699  0.0676926 -0.0873205  0.1007354  0.0179991  0.0160805
C  0  1  56  0  0 10  -0.0733595  0.0137930  0.0383646  0.0657750 -0.0429030 -0.0014854 -0.0866948 -0.0352202  0.0570304 -0.0086857 -0.0489319  0.0204028 -0.0110016  0.0558989  0.0593178  0.0243287
C  0  1  56  0  0 11  -0.1377102  0.0136378 -0.0021364  0.0455991  0.0502034  0.0281270  0.0114503  0.1341608 -0.0259281 -0.0105063  0.0163253 -0.0790190  0.0620566  0.0097638  0.0354265  0.0194201
C  0  1  56  0  0 12   0.0808845 -0.0046982  0.0257311  0.0133498  0.0272684  0.0659529 -0.0138648  0.0162073  0.0244292  0.0602375  0.0196408 -0.0562890 -0.0498213 -0.0189431  0.0337817 -0.0159912
C  0  1  56  0  0 13  -0.0355508 -0.0379421  0.0002256 -0.0183154 -0.0443071 -0.0382142  0.0358274  0.0139567  0.0244678  0.0996031 -0.0461950 -0.0289398 -0.0433693 -0.0403108 -0.0478341 -0.0309633
C  0  1  56  0  0 14  -0.0657620 -0.0105383  0.0296619  0.0302131 -0.0172841 -0.0523326  0.0618696  0.0025427  0.0447891 -0.0293848  0.0244986 -0.1139872  0.0245364  0.0309266 -0.0480719 -0.0583589
C  0  1  56  0  0 15  -0.0167028 -0.0685658 -0.0051603  0.0301305  0.0666944 -0.0846169 -0.0017073  0.0281877  0.0122149  0.0397138  0.0054747 -0.1085424  0.0170455 -0.0246598 -0.0869662  0.0643895
C  0  1  56  0  0 16   0.0679194  0.0057590 -0.0350936  0.0312661  0.0383339 -0.0357193 -0.0240657 -0.0629620 -0.0798298  0.0894777 -0.0193538 -0.0693637 -0.1302470 -0.0367867 -0.1033713 -0.0322275
C  0  1  56  0  0 17  -0.1526185 -0.0861786 -0.0937219 -0.1124461 -0.1851632 -0.0389876 -0.0502950 -0.1047504  0.0080759 -0.1806541  0.0220469  0.0596935 -0.1090515 -0.2287388  0.0777030 -0.0004473
C  0  1  56  0  0 18  -0.1713216 -0.1042638 -0.0221305 -0.0134261 -0.0723980 -0.0355102 -0.0802555  0.0250024 -0.0197888 -0.0866109 -0.0961801 -0.0834463 -0.0049308  0.0081746 -0.3107369 -0.1229043
C  0  1  56  0  0 19  -0.0220724 -0.0792705 -0.2742815 -0.0607120 -0.1116013 -0.0049003 -0.0589672 -0.0606560 -0.1235773 -0.1299745 -0.0941704 -0.1140909 -0.0864783  0.0145165 -0.0922686 -0.1462694
C  0  1  56  0  0 20  -0.1386090 -0.1399482 -0.0542413 -0.0983108 -0.2367715 -0.1782792 -0.2655187 -0.1948401 -0.1152055 -0.1066570 -0.1696737  0.0350428  0.0510944 -0.1188098 -0.1184281 -0.1008762
C  0  1  56  0  0 21  -0.1364623 -0.3128008 -0.4068551 -0.0868322 -0.2866457 -0.1324148 -0.2980350  0.0839664 -0.2308265 -0.1968932 -0.0759814 -0.3142965 -0.4194831 -0.2471543 -0.2928476 -0.2427238
C  0  1  56  0  1  0   0.0024425  0.0026638 -0.0019300 -0.0012101 -0.0070490  0.0039717  0.0004054 -0.0002215  0.0006133 -0.0027059 -0.0024011  0.0032318  0.0047091  0.0053123  0.0055522  0.0062313
C  0  1  56  0  1  1  -0.0000686  0.0003865 -0.0012639 -0.0000213 -0.0000247 -0.0005048  0.0045059  0.0010102  0.0020069 -0.0026899  0.0001967 -0.0037205  0.0030582  0.0041707  0.0015331  0.0027546
C  0  1  56  0  1  2   0.0014485 -0.0007716 -0.0009678 -0.0000076 -0.0021096  0.0005443 -0.0010952  0.0010444 -0.0020987  0.0027383 -0.0018965 -0.0027529  0.0015151 -0.0014900 -0.0010062 -0.0006652
C  0  1  56  0  1  3   0.0041435  0.0003042  0.0020864 -0.0014824  0.0012517  0.0012112  0.0013961 -0.0016718 -0.0007221 -0.0035038 -0.0016649 -0.0033279  0.0022613 -0.0025918 -0.0001691  0.0031227
C  0  1  56  0  1  4   0.0033028  0.0017242 -0.0010490  0.0038921  0.0003223 -0.0020015 -0.0000527 -0.0000787  0.0016302  0.0028432  0.0013423 -0.0001344  0.0013848 -0.0000156 -0.0000699 -0.0040186
C  0  1  56  0  1  5   0.0009012  0.0020562 -0.0007330  0.0024728  0.0015007 -0.0007391 -0.0015789  0.0017952  0.0023994  0.0004584  0.0023497 -0.0020145  0.0006848  0.0008130  0.0004101 -0.0017287
C  0  1  56  0  1  6   0.0025992 -0.0003053  0.0004299 -0.0006357  0.0014104  0.0001333 -0.0005954  0.0000617 -0.0005347 -0.0022567  0.0004180 -0.0004619 -0.0015650 -0.0030827 -0.0005822 -0.0010426
C  0  1  56  0  1  7   0.0021781  0.0002219  0.0014014  0.0013219  0.0018871 -0.0002921 -0.0017144 -0.0012920  0.0013376 -0.0016485  0.0009333 -0.0000698 -0.0005637  0.0005837  0.0013002 -0.0009945
C  0  1  56  0  1  8   0.0033104  0.0020337  0.0012441 -0.0017911 -0.0007462  0.0011260  0.0030482  0.0000486  0.0018794  0.0024828  0.0006835 -0.0013718 -0.0014230 -0.0001935  0.0007165 -0.0001867
C  0  1  56  0  1  9  -0.0032273  0.0007058  0.0024309  0.0017611  0.0005969  0.0000762 -0.0001306  0.0013769  0.0003611 -0.0018418 -0.0024280 -0.0012990 -0.0006261  0.0004315 -0.0011822  0.0018826
C  0  1  56  0  1 10   0.0004345 -0.0002647 -0.0000435  0.0017159  0.0015615  0.0006056  0.0002859  0.0001296 -0.0027397 -0.0011924 -0.0003605 -0.0006904 -0.0019182 -0.0008416 -0.0016807  0.0022373
C  0  1  56  0  1 11   0.0018567  0.0009080  0.0003245  0.0019318  0.0004397  0.0005917 -0.0019844 -0.0015381 -0.0021591 -0.0023721 -0.0000761 -0.0010497  0.0010134  0.0007436  0.0003199 -0.0005233
C  0  1  56  0  1 12  -0.0001361 -0.0014472  0.0004763 -0.0009989  0.0011020 -0.0003038 -0.0003672  0.0006833 -0.0002409  0.0005907  0.0005241  0.0027135  0.0001148 -0.0011652  0.0005089  0.0017921
C  0  1  56  0  1 13   0.0038522 -0.0007981 -0.0001798  0.0024135  0.0013208  0.0014526 -0.0002949  0.0021107 -0.0008408 -0.0003467  0.0005098 -0.0005863 -0.0006343  0.0013851 -0.0006496  0.0017686
C  0  1  56  0  1 14   0.0036330  0.0016184  0.0020860  0.0002795  0.0015292  0.0014586 -0.0019310  0.0009228  0.0001050  0.0024316  0.0020656  0.0000888  0.0002135 -0.0000608 -0.0009936  0.0028697
C  0  1  56  0  1 15   0.0003643 -0.0000027 -0.0011825  0.0009552  0.0015829  0.0003034 -0.0000115 -0.0024535  0.0000524  0.0000230 -0.0010560  0.0024577  0.0002908  0.0006710 -0.0016916 -0.0003096
C  0  1  56  0  1 16   0.0021220  0.0015178 -0.0000514  0.0016203 -0.0016247  0.0024298  0.0005992 -0.0002425  0.0013181 -0.0000791  0.0001817  0.0025014  0.0011726  0.0012934  0.0038722  0.0022105
C  0  1  56  0  1 17  -0.0007490 -0.0024230  0.0021356  0.0029904  0.0017211  0.0019593  0.0018883  0.0000333  0.0025726  0.0010572  0.0024958  0.0014668 -0.0000534 -0.0001344  0.0033302  0.0040192
C  0  1  56  0  1 18   0.0038774  0.0037482  0.0022702 -0.0005381  0.0006083  0.0028357  0.0033109 -0.0003928 -0.0008702  0.0018466  0.0046005  0.0013539 -0.0021214  0.0014259  0.0049551  0.0063830
C  0  1  56  0  1 19   0.0004736  0.0039826  0.0002009  0.0030216 -0.0010926  0.0018718  0.0019221 -0.0023977  0.0019074  0.0038884 -0.0030422 -0.0000693  0.0006746  0.0007290  0.0038428  0.0011487
C  0  1  56  0  1 20   0.0050793  0.0041350  0.0053186  0.0020339  0.0008234  0.0042014  0.0011138  0.0044465  0.0012805  0.0012013  0.0020860 -0.0025021  0.0007760  0.0032718  0.0023725  0.0060606
C  0  1  56  0  1 21   0.0108940  0.0102161  0.0067703  0.0016654 -0.0023518 -0.0046768 -0.0079054  0.0004855 -0.0042835 -0.0008667 -0.0011057  0.0029538  0.0023014  0.0033008  0.0104752  0.0005663
C  0  1  56  1  0  0  -0.4477513 -0.3441895 -0.3944748 -0.4143283 -0.2706553 -0.3993741 -0.3388967 -0.3635147 -0.3453895 -0.2872236 -0.2616183 -0.5331477 -0.4393687 -0.5084188 -0.4606330 -0.6170628
C  0  1  56  1  0  1  -0.3344123 -0.3673015 -0.3148969 -0.3005208 -0.3566987 -0.3192037 -0.2627359 -0.2490193 -0.1916068 -0.3100283 -0.3520587 -0.3197299 -0.3730950 -0.4001386 -0.3623719 -0.3541875
C  0  1  56  1  0  2  -0.3285969 -0.3258653 -0.2820106 -0.3089481 -0.3117540 -0.2487423 -0.2803971 -0.2478409 -0.2683804 -0.2206148 -0.3295004 -0.3406816 -0.3203582 -0.3790596 -0.2949488 -0.3869842
C  0  1  56  1  0  3  -0.3355033 -0.2988095 -0.2895870 -0.2754669 -0.3049255 -0.2231030 -0.1622999 -0.1398296 -0.1847365 -0.2628642 -0.2484568 -0.2487054 -0.2600241 -0.3009561 -0.2813921 -0.3166647
C  0  1  56  1  0  4  -0.3120758 -0.3151111 -0.2201832 -0.2530502 -0.2356573 -0.2051516 -0.2434545 -0.2465166 -0.2525846 -0.2073948 -0.2101466 -0.3192377 -0.3039284 -0.2722573 -0.3830888 -0.3198081
C  0  1  56  1  0  5  -0.1838359 -0.1498560 -0.1805307 -0.1295305 -0.1413921 -0.1732574 -0.1776180 -0.1298987 -0.1579113 -0.1343870 -0.1456398 -0.1813334 -0.2430255 -0.2065592 -0.1953649 -0.2160452
C  0  1  56  1  0  6  -0.1285094 -0.1358335 -0.1700231 -0.1575858 -0.1095228 -0.0949444 -0.1190341 -0.1556732 -0.1339852 -0.1009183 -0.0814036 -0.1002653 -0.1213694 -0.1241236 -0.1213944 -0.1635154
C  0  1  56  1  0  7  -0.1669303 -0.1400018 -0.1563434 -0.1333135 -0.1837277 -0.1789986 -0.1737467 -0.1495593 -0.1346845 -0.0666390 -0.1043695 -0.1988048 -0.1757668 -0.1274806 -0.1337899 -0.1650560
C  0  1  56  1  0  8  -0.1985981 -0.1064402 -0.1352515 -0.1588261 -0.1553263 -0.1757198 -0.1501835 -0.1964036 -0.1183081 -0.0987338 -0.1270073 -0.1549120 -0.1248882 -0.1495737 -0.1435953 -0.1329655
C  0  1  56  1  0  9  -0.1260492 -0.1488789 -0.0586502 -0.0942698 -0.0945685 -0.1119717 -0.1090384 -0.1588363 -0.0783859 -0.1078903 -0.0878863 -0.1484436 -0.0938477 -0.0829104 -0.1115889 -0.1365983
C  0  1  56  1  0 10  -0.1107692 -0.0999704 -0.1158586 -0.1169339 -0.1467652 -0.1306674 -0.1524375 -0.1321471 -0.0744790 -0.1345748 -0.1326884 -0.1294910 -0.1092645 -0.1332600 -0.1145352 -0.1404632
C  0  1  56  1  0 11  -0.1371785 -0.1042911 -0.1536107 -0.0974480 -0.0769403 -0.0838492 -0.1460392 -0.1045962 -0.1610459 -0.0932382 -0.1113876 -0.1317447 -0.0987191 -0.1538207 -0.0921663 -0.1191142
C  0  1  56  1  0 12  -0.0823360 -0.0829264 -0.1401965 -0.1162532 -0.1374559 -0.0986577 -0.1185474 -0.1586396 -0.0940849 -0.1121958 -0.0837957 -0.1010566 -0.0863266 -0.1115699 -0.0780621 -0.1185252
C  0  1  56  1  0 13  -0.1186771 -0.1548231 -0.1566229 -0.1122306 -0.1198120 -0.1505722 -0.1553587 -0.1327558 -0.1344115 -0.1122939 -0.1564863 -0.1557498 -0.1394417 -0.1165074 -0.1461145 -0.1200530
C  0  1  56  1  0 14  -0.1693718 -0.1502382 -0.1705192 -0.1644576 -0.1831994 -0.1349973 -0.1336967 -0.1814951 -0.1572109 -0.1570336 -0.1465102 -0.1078746 -0.1428021 -0.0876907 -0.1414951 -0.1779427
C  0  1  56  1  0 15  -0.1444091 -0.2035405 -0.1464231 -0.0856641 -0.1617227 -0.1226426 -0.1191447 -0.2065297 -0.1570309 -0.1051259 -0.0947201 -0.1329362 -0.1413319 -0.0700101 -0.0799439 -0.1386099
C  0  1  56  1  0 16  -0.1373308 -0.1211037 -0.1627228 -0.1009533 -0.1406747 -0.1706069 -0.2246021 -0.2614652 -0.1848071 -0.1813445 -0.1074027 -0.1657736 -0.1431040 -0.1987304 -0.1412280 -0.0725524
C  0  1  56  1  0 17  -0.2572162 -0.3190877 -0.1827245 -0.3000154 -0.2591345 -0.2516394 -0.2814668 -0.2661457 -0.2600271 -0.2558020 -0.3028909 -0.2520640 -0.1876438 -0.3000748 -0.2537358 -0.2233000
C  0  1  56  1  0 18  -0.3076610 -0.2548149 -0.2696867 -0.2511452 -0.2480411 -0.2672756 -0.2644975 -0.2976894 -0.3145651 -0.2339793 -0.2341082 -0.2784933 -0.2648992 -0.2657943 -0.2084837 -0.2058259
C  0  1  56  1  0 19  -0.2492180 -0.3035652 -0.3101051 -0.3210399 -0.2600025 -0.3071866 -0.2724121 -0.2445471 -0.3032556 -0.3029050 -0.2061104 -0.2674687 -0.2829022 -0.3237273 -0.2590333 -0.2671240
C  0  1  56  1  0 20  -0.2342956 -0.2833279 -0.3397093 -0.3228154 -0.3166144 -0.2630405 -0.3302492 -0.3564380 -0.3741309 -0.2942345 -0.2768338 -0.2968847 -0.3845921 -0.3252199 -0.2402710 -0.3395909
C  0  1  56  1  0 21  -0.3885876 -0.3447621 -0.4158467 -0.3034763 -0.3136584 -0.2955246 -0.2815330 -0.3255985 -0.4090983 -0.3922044 -0.3436299 -0.3412837 -0.3646384 -0.4490865 -0.4491681 -0.4377807
C  0  1  56  1  1  0   0.0457002  0.0468276  0.0397086  0.0244456  0.0019675 -0.0238154 -0.0339410 -0.0417582 -0.0467068 -0.0361987 -0.0331545 -0.0181923  0.0022027  0.0056536  0.0235417  0.0394172
C  0  1  56  1  1  1   0.0256953  0.0215519  0.0168699  0.0117114  0.0019934 -0.0068248 -0.0162108 -0.0182207 -0.0186727 -0.0162023 -0.0149369 -0.0071105  0.0028970  0.0081005  0.0118035  0.0227706
C  0  1  56  1  1  2   0.0116307  0.0129600  0.0086003  0.0056700 -0.0001014 -0.0049501 -0.0090650 -0.0089664 -0.0098248 -0.0065678 -0.0069902 -0.0024781 -0.0007004  0.0013485  0.0036759  0.0104460
C  0  1  56  1  1  3   0.0076529  0.0082305  0.0014378  0.0048720  0.0015618  0.0004051 -0.0033495 -0.0013720 -0.0000560  0.0001584 -0.0029893 -0.0002291  0.0014296  0.0022242  0.0020440  0.0056565
C  0  1  56  1  1  4   0.0008600  0.0018887  0.0000144  0.0013353  0.0024867  0.0015522  0.0000220  0.0010391  0.0039273  0.0018457 -0.0006333 -0.0007693  0.0019419  0.0014583  0.0031300  0.0022916
C  0  1  56  1  1  5   0.0013259  0.0000587 -0.0006041  0.0027464  0.0031719  0.0029746  0.0029189  0.0042882  0.0041077  0.0018539 -0.0016399  0.0003931  0.0014341  0.0030089  0.0020461 -0.0011110
C  0  1  56  1  1  6   0.0004528  0.0016665  0.0007105  0.0033084  0.0045940  0.0037279  0.0038708  0.0044930  0.0046313  0.0006971 -0.0000729 -0.0010340  0.0004685  0.0005603 -0.0010287 -0.0015199
C  0  1  56  1  1  7  -0.0019340  0.0019634  0.0021763  0.0043520  0.0043253  0.0044065  0.0057365  0.0038062  0.0034991  0.0010895 -0.0009280 -0.0001731  0.0012044  0.0008097  0.0013997 -0.0017258
C  0  1  56  1  1  8  -0.0003070  0.0000146  0.0021027  0.0022850  0.0044501  0.0027128  0.0044695  0.0040958  0.0053038  0.0008912  0.0005880 -0.0001484  0.0012422  0.0014733  0.0011128 -0.0012739
C  0  1  56  1  1  9   0.0008530  0.0020828  0.0015889  0.0029228  0.0020034  0.0021696  0.0028853  0.0041659  0.0012685 -0.0003594  0.0005143  0.0006446  0.0007428  0.0003196 -0.0004826 -0.0022539
C  0  1  56  1  1 10  -0.0003978  0.0012119  0.0013539  0.0018026  0.0018695  0.0009824  0.0016872  0.0028544  0.0024772 -0.0010006 -0.0013742  0.0004402  0.0001287  0.0010966  0.0018293 -0.0018859
C  0  1  56  1  1 11  -0.0000206  0.0008328  0.0014275  0.0024483  0.0023033 -0.0006864  0.0010608  0.0021227  0.0023223  0.0009738 -0.0017269 -0.0006816 -0.0004443 -0.0016478  0.0007818 -0.0029926
C  0  1  56  1  1 12   0.0004263  0.0006401  0.0020723  0.0034765  0.0024313  0.0015611  0.0002021  0.0023959  0.0036692  0.0001973  0.0006076 -0.0002455  0.0008064 -0.0005072  0.0005785 -0.0020526
C  0  1  56  1  1 13  -0.0007321  0.0012748  0.0016924  0.0030049  0.0027310  0.0029777  0.0036752  0.0049196  0.0043456  0.0009650  0.0009867 -0.0001769 -0.0003883 -0.0022101 -0.0002363 -0.0015277
C  0  1  56  1  1 14  -0.0006660  0.0009782  0.0010249  0.0039961  0.0038178  0.0026410  0.0035551  0.0062161  0.0055435  0.0016297  0.0015813 -0.0007319 -0.0023317 -0.0013050 -0.0021794 -0.0020690
C  0  1  56  1  1 15  -0.0028747 -0.0000291  0.0020780  0.0031588  0.0024819 -0.0013549  0.0030348  0.0025066  0.0050772  0.0020251  0.0015976 -0.0008420 -0.0027935 -0.0061381 -0.0062882 -0.0052181
C  0  1  56  1  1 16  -0.0011605  0.0009253  0.0039334  0.0040682  0.0030323  0.0004841  0.0043888  0.0040431  0.0036820  0.0059748  0.0022194  0.0030122 -0.0012337 -0.0019122 -0.0045116 -0.0057182
C  0  1  56  1  1 17  -0.0033795  0.0012581  0.0010216  0.0057889  0.0017735 -0.0017607  0.0008049  0.0034899  0.0038096  0.0038241  0.0032047  0.0016466 -0.0011218 -0.0048784 -0.0058294 -0.0056161
C  0  1  56  1  1 18   0.0009572  0.0061260  0.0050282  0.0073024  0.0045115 -0.0006761 -0.0028347  0.0000798  0.0027839  0.0030790  0.0016896  0.0011344 -0.0010299 -0.0037134 -0.0054018 -0.0037210
C  0  1  56  1  1 19   0.0009257  0.0090643  0.0103182  0.0090361  0.0059566  0.0006068 -0.0016426 -0.0014824  0.0017028  0.0057631  0.0015811 -0.0011955 -0.0037233 -0.0049919 -0.0062579 -0.0019768
C  0  1  56  1  1 20   0.0005817  0.0126091  0.0186253  0.0150338  0.0062196  0.0011622 -0.0023693 -0.0007528 -0.0010402  0.0063700  0.0023679 -0.0033310 -0.0066471 -0.0087305 -0.0071339 -0.0042077
C  0  1  56  1  1 21   0.0072770  0.0191406  0.0307574  0.0204347  0.0146663  0.0162824  0.0101058  0.0098204  0.0114630  0.0120296 -0.0009110 -0.0048343 -0.0086046 -0.0188129 -0.0083703 -0.0006702
