CPHI 16 
CETA 22 -2.40 -2.10 -1.85 -1.60 -1.40 -1.20 -1.00 -0.80 -0.60 -0.40 -0.20  0.00  0.20  0.40  0.60  0.80  1.00  1.20  1.40  1.60  1.85  2.10  2.40 
RMIN  6 
RTRK 12 
RETA 11  0.00  0.20  0.40  0.60  0.80  1.00  1.20  1.40  1.60  1.85  2.10  2.40 
T 0 1  57  0  0  0    0.0000000   0.0005992   0.0016674   0.0032255   0.0122093   0.0693069   0.2784976   0.6536135   1.0000000   1.0000000   1.0000000   1.0000000   1.0000000
T 0 1  57  0  0  1    0.0000000   0.0001505   0.0005937   0.0024028   0.0124209   0.0588139   0.2262018   0.5891717   1.0000000   1.0000000   1.0000000   1.0000000   1.0000000
T 0 1  57  0  0  2    0.0000000   0.0001150   0.0004751   0.0017690   0.0106634   0.0550011   0.2089724   0.5734307   1.0000000   1.0000000   1.0000000   1.0000000   1.0000000
T 0 1  57  0  0  3    0.0000000   0.0001924   0.0005627   0.0016532   0.0115197   0.0629192   0.2265560   0.5870982   1.0000000   1.0000000   1.0000000   1.0000000   1.0000000
T 0 1  57  0  0  4    0.0000000   0.0003700   0.0024889   0.0140046   0.0627582   0.2039356   0.4893612   0.8220571   1.0000000   1.0000000   1.0000000   1.0000000   1.0000000
T 0 1  57  0  0  5    0.0000000   0.0010201   0.0074795   0.0514318   0.2052328   0.5320415   0.8762323   0.9994586   1.0000000   1.0000000   1.0000000   1.0000000   1.0000000
T 0 1  57  0  0  6    0.0000000   0.0002881   0.0012407   0.0103927   0.0672967   0.2773949   0.6632451   0.9314894   0.9982563   1.0000000   1.0000000   1.0000000   1.0000000
T 0 1  57  0  0  7    0.0000000   0.0000433   0.0003389   0.0008641   0.0047204   0.0310670   0.1188641   0.2962630   0.5804085   0.8687579   0.9841066   0.9998470   1.0000000
T 0 1  57  0  0  8    0.0000000   0.0000015   0.0000401   0.0001292   0.0003850   0.0009640   0.0041959   0.0251201   0.1193775   0.3934712   0.7900955   0.9692109   1.0000000
T 0 1  57  0  0  9    0.0000000   0.0000071   0.0000099   0.0000303   0.0005402   0.0034942   0.0182382   0.0852150   0.3018326   0.6584002   0.9385865   0.9999446   1.0000000
T 0 1  57  0  0 10    0.0000000   0.0067388   0.0291232   0.0465472   0.0794414   0.1683950   0.3369825   0.6903042   0.9107387   0.9705414   0.9998336   1.0000000   1.0000000
T 0 1  57  1  0  0    0.0000000   0.0005148   0.0016399   0.0047460   0.0213440   0.1017716   0.3374237   0.6994022   1.0000000   1.0000000   1.0000000   1.0000000   1.0000000
T 0 1  57  1  0  1    0.0000000   0.0002633   0.0010891   0.0042307   0.0181163   0.0752157   0.2537985   0.6193956   1.0000000   1.0000000   1.0000000   1.0000000   1.0000000
T 0 1  57  1  0  2    0.0000000   0.0002194   0.0008486   0.0027728   0.0124455   0.0616642   0.2339277   0.6064318   1.0000000   1.0000000   1.0000000   1.0000000   1.0000000
T 0 1  57  1  0  3    0.0000000   0.0002283   0.0008669   0.0027852   0.0140251   0.0700545   0.2491207   0.6198491   1.0000000   1.0000000   1.0000000   1.0000000   1.0000000
T 0 1  57  1  0  4    0.0000000   0.0004356   0.0027620   0.0153929   0.0663357   0.2155446   0.5058694   0.8320271   1.0000000   1.0000000   1.0000000   1.0000000   1.0000000
T 0 1  57  1  0  5    0.0000000   0.0011873   0.0094478   0.0577925   0.2246261   0.5586818   0.8900123   0.9996500   1.0000000   1.0000000   1.0000000   1.0000000   1.0000000
T 0 1  57  1  0  6    0.0000000   0.0004626   0.0026649   0.0180020   0.0942133   0.3329130   0.7236541   0.9536823   0.9988141   0.9999984   1.0000000   1.0000000   1.0000000
T 0 1  57  1  0  7    0.0000000   0.0002246   0.0006446   0.0024765   0.0123245   0.0526267   0.1570011   0.3413836   0.6074237   0.8728054   0.9849908   0.9998878   1.0000000
T 0 1  57  1  0  8    0.0000000   0.0009562   0.0014955   0.0017998   0.0022382   0.0036136   0.0107994   0.0452511   0.1686405   0.4573475   0.8251665   0.9710661   1.0000000
T 0 1  57  1  0  9    0.0000000   0.0021003   0.0074838   0.0131257   0.0159362   0.0198461   0.0401951   0.1288935   0.3661962   0.7154288   0.9583841   0.9999941   1.0000000
T 0 1  57  1  0 10    0.0000000   0.0032254   0.0170235   0.0428863   0.0843736   0.1746921   0.3942474   0.7474223   0.9511020   0.9856143   0.9999985   1.0000000   1.0000000
R 0 1  57  0  0  0    0.0258128   0.0258128   0.0128997   0.0107158   0.0104006   0.0101742   0.0100039   0.0098475   0.0098475   0.0098475   0.0098475   0.0098475
R 0 1  57  0  0  1    0.0118906   0.0118906   0.0118906   0.0118906   0.0110471   0.0109249   0.0109447   0.0108680   0.0108680   0.0108680   0.0108680   0.0108680
R 0 1  57  0  0  2    0.0126260   0.0126260   0.0126260   0.0126260   0.0120486   0.0119311   0.0118839   0.0116924   0.0116924   0.0116924   0.0116924   0.0116924
R 0 1  57  0  0  3    0.0134164   0.0134164   0.0134164   0.0134164   0.0127298   0.0125576   0.0123596   0.0122146   0.0122146   0.0122146   0.0122146   0.0122146
R 0 1  57  0  0  4    0.0188126   0.0188126   0.0188126   0.0174063   0.0168916   0.0159245   0.0144937   0.0130409   0.0130409   0.0130409   0.0130409   0.0130409
R 0 1  57  0  0  5    0.0210444   0.0210444   0.0193811   0.0191852   0.0187280   0.0180201   0.0169375   0.0169375   0.0169375   0.0169375   0.0169375   0.0169375
R 0 1  57  0  0  6    0.0201693   0.0201693   0.0201693   0.0204000   0.0207894   0.0206607   0.0208085   0.0206357   0.0206357   0.0206357   0.0206357   0.0206357
R 0 1  57  0  0  7    0.0234291   0.0234291   0.0234291   0.0234291   0.0208577   0.0211495   0.0210613   0.0209811   0.0205810   0.0197279   0.0197279   0.0197279
R 0 1  57  0  0  8    0.0213570   0.0213570   0.0213570   0.0213570   0.0213570   0.0213570   0.0213570   0.0210223   0.0209254   0.0210141   0.0202569   0.0184912
R 0 1  57  0  0  9    0.0311219   0.0311219   0.0311219   0.0311219   0.0311219   0.0311219   0.0299622   0.0287760   0.0274394   0.0264039   0.0249950   0.0249950
R 0 1  57  0  0 10    0.0801728   0.0727576   0.0610121   0.0530514   0.0469695   0.0440603   0.0409890   0.0356020   0.0336883   0.0304597   0.0304597   0.0304597
R 0 1  57  0  1  0    0.0000000   0.0000000   0.0000000   0.0000813   0.0000900   0.0000789   0.0000723   0.0000659   0.0000659   0.0000659   0.0000659   0.0000659
R 0 1  57  0  1  1    0.0000647   0.0000647   0.0000647   0.0000647   0.0000687   0.0000697   0.0000617   0.0000570   0.0000570   0.0000570   0.0000570   0.0000570
R 0 1  57  0  1  2    0.0000633   0.0000633   0.0000633   0.0000633   0.0000664   0.0000598   0.0000624   0.0000519   0.0000519   0.0000519   0.0000519   0.0000519
R 0 1  57  0  1  3    0.0000890   0.0000890   0.0000890   0.0000890   0.0000680   0.0000594   0.0000545   0.0000490   0.0000490   0.0000490   0.0000490   0.0000490
R 0 1  57  0  1  4    0.0001292   0.0001292   0.0001292   0.0000933   0.0000896   0.0000759   0.0000568   0.0000447   0.0000447   0.0000447   0.0000447   0.0000447
R 0 1  57  0  1  5    0.0001949   0.0001949   0.0000797   0.0000709   0.0000692   0.0000593   0.0000392   0.0000392   0.0000392   0.0000392   0.0000392   0.0000392
R 0 1  57  0  1  6    0.0000416   0.0000416   0.0000416   0.0000400   0.0000567   0.0000567   0.0000555   0.0000358   0.0000358   0.0000358   0.0000358   0.0000358
R 0 1  57  0  1  7    0.0002910   0.0002910   0.0002910   0.0002910   0.0000835   0.0000691   0.0000586   0.0000710   0.0000759   0.0000603   0.0000603   0.0000603
R 0 1  57  0  1  8    0.0001034   0.0001034   0.0001034   0.0001034   0.0001034   0.0001034   0.0001034   0.0001114   0.0001024   0.0001025   0.0000947   0.0000662
R 0 1  57  0  1  9    0.0002389   0.0002389   0.0002389   0.0002389   0.0002389   0.0002389   0.0002155   0.0002026   0.0001792   0.0001567   0.0001425   0.0001425
R 0 1  57  0  1 10    0.0014695   0.0011510   0.0008537   0.0007374   0.0005597   0.0004892   0.0004003   0.0002639   0.0001866   0.0001350   0.0001350   0.0001350
R 0 1  57  0  2  0    0.0000000   0.0000000   0.0000000   0.0000000   0.0000000   0.0000167   0.0000150   0.0000000   0.0000000   0.0000000   0.0000000   0.0000000
R 0 1  57  0  2  1    0.0000000   0.0000000   0.0000000   0.0000000   0.0000000   0.0000140   0.0000094   0.0000136   0.0000136   0.0000136   0.0000136   0.0000136
R 0 1  57  0  2  2    0.0000000   0.0000000   0.0000000   0.0000000   0.0000545   0.0000203   0.0000000   0.0000114   0.0000114   0.0000114   0.0000114   0.0000114
R 0 1  57  0  2  3    0.0001014   0.0001014   0.0001014   0.0001014   0.0000000   0.0000126   0.0000168   0.0000108   0.0000108   0.0000108   0.0000108   0.0000108
R 0 1  57  0  2  4    0.0000000   0.0000000   0.0000000   0.0000000   0.0000000   0.0000000   0.0000127   0.0000163   0.0000163   0.0000163   0.0000163   0.0000163
R 0 1  57  0  2  5    0.0000000   0.0000000   0.0000000   0.0000000   0.0000087   0.0000224   0.0000000   0.0000000   0.0000000   0.0000000   0.0000000   0.0000000
R 0 1  57  0  2  6    0.0000000   0.0000000   0.0000000   0.0000000   0.0000000   0.0000152   0.0000000   0.0000000   0.0000000   0.0000000   0.0000000   0.0000000
R 0 1  57  0  2  7    0.0008580   0.0008580   0.0008580   0.0008580   0.0000000   0.0000000   0.0000000   0.0000000   0.0000000   0.0000233   0.0000233   0.0000233
R 0 1  57  0  2  8    0.0000000   0.0000000   0.0000000   0.0000000   0.0000000   0.0000000   0.0000000   0.0000000   0.0000000   0.0000000   0.0000000   0.0000000
R 0 1  57  0  2  9    0.0000000   0.0000000   0.0000000   0.0000000   0.0000000   0.0000000   0.0000000   0.0000652   0.0000000   0.0000383   0.0000000   0.0000000
R 0 1  57  0  2 10    0.0000000   0.0000000   0.0000000   0.0000000   0.0000000   0.0000000   0.0000996   0.0000000   0.0000000   0.0000000   0.0000000   0.0000000
R 0 1  57  0  3  0    0.9971890   0.9971890   0.9521224   1.0242505   0.9957749   0.9858170   0.9822456   0.9820583   0.9820583   0.9820583   0.9820583   0.9820583
R 0 1  57  0  3  1    1.0133096   1.0133096   1.0133096   1.0133096   0.9872244   0.9848737   0.9794614   0.9794875   0.9794875   0.9794875   0.9794875   0.9794875
R 0 1  57  0  3  2    1.0154787   1.0154787   1.0154787   1.0154787   0.9996189   0.9855256   0.9789954   0.9812205   0.9812205   0.9812205   0.9812205   0.9812205
R 0 1  57  0  3  3    1.0024815   1.0024815   1.0024815   1.0024815   1.0024627   0.9905423   0.9807285   0.9807026   0.9807026   0.9807026   0.9807026   0.9807026
R 0 1  57  0  3  4    1.0346568   1.0346568   1.0346568   0.9914662   0.9772456   0.9740021   0.9774249   0.9925228   0.9925228   0.9925228   0.9925228   0.9925228
R 0 1  57  0  3  5    1.0509775   1.0509775   0.9998710   0.9826646   0.9728973   0.9712110   0.9737687   0.9737687   0.9737687   0.9737687   0.9737687   0.9737687
R 0 1  57  0  3  6    1.0346351   1.0346351   1.0346351   0.9996476   0.9867932   0.9840794   0.9839949   0.9814071   0.9814071   0.9814071   0.9814071   0.9814071
R 0 1  57  0  3  7    0.9528286   0.9528286   0.9528286   0.9528286   1.0282657   0.9958194   0.9951954   0.9853321   0.9851529   0.9840847   0.9840847   0.9840847
R 0 1  57  0  3  8    1.0174341   1.0174341   1.0174341   1.0174341   1.0174341   1.0174341   1.0174341   0.9880027   0.9842362   0.9850624   0.9872441   1.0247189
R 0 1  57  0  3  9    1.0155114   1.0155114   1.0155114   1.0155114   1.0155114   1.0155114   0.9869002   0.9741120   0.9731498   0.9854555   1.0030957   1.0030957
R 0 1  57  0  3 10    1.0342121   1.0222718   1.0398591   0.9828826   0.9861802   0.9698352   0.9663461   0.9649630   0.9990517   1.0093763   1.0093763   1.0093763
R 0 1  57  0  4  0    1.3269509   1.3269509   1.3389025   2.0760789   2.2550032   2.2991749   2.2508348   2.2498175   2.2498175   2.2498175   2.2498175   2.2498175
R 0 1  57  0  4  1    1.9493934   1.9493934   1.9493934   1.9493934   2.1026582   2.2219417   2.1925636   2.2072837   2.2072837   2.2072837   2.2072837   2.2072837
R 0 1  57  0  4  2    1.9584798   1.9584798   1.9584798   1.9584798   2.2473118   2.2661321   2.2016156   2.2352817   2.2352817   2.2352817   2.2352817   2.2352817
R 0 1  57  0  4  3    1.7785650   1.7785650   1.7785650   1.7785650   2.2532443   2.3084809   2.2057721   2.2088710   2.2088710   2.2088710   2.2088710   2.2088710
R 0 1  57  0  4  4    1.9677484   1.9677484   1.9677484   2.0553169   2.0874986   2.0883709   2.1801290   2.3756493   2.3756493   2.3756493   2.3756493   2.3756493
R 0 1  57  0  4  5    1.8987613   1.8987613   2.0886942   2.1644916   2.0591721   2.0633360   2.0092271   2.0092271   2.0092271   2.0092271   2.0092271   2.0092271
R 0 1  57  0  4  6    2.0710470   2.0710470   2.0710470   2.2006343   2.2819764   2.3405816   2.3593323   2.2328892   2.2328892   2.2328892   2.2328892   2.2328892
R 0 1  57  0  4  7    1.6502996   1.6502996   1.6502996   1.6502996   2.3235029   2.3172193   2.4003600   2.3517450   2.3744207   2.3156776   2.3156776   2.3156776
R 0 1  57  0  4  8    2.2438240   2.2438240   2.2438240   2.2438240   2.2438240   2.2438240   2.2438240   2.1799231   2.2286633   2.2600750   2.2961555   2.3068231
R 0 1  57  0  4  9    1.9771350   1.9771350   1.9771350   1.9771350   1.9771350   1.9771350   2.0494882   2.0518046   2.0375002   2.1831435   2.0908950   2.0908950
R 0 1  57  0  4 10    1.9927005   2.3059690   2.0344194   1.8106975   2.0186801   1.9529996   1.9376819   1.8641200   2.0418523   1.9807404   1.9807404   1.9807404
R 0 1  57  0  5  0   14.6028680  14.6028680   7.4987452   4.2262289   3.5925084   3.7751680   4.2610534   3.9573389   3.9573389   3.9573389   3.9573389   3.9573389
R 0 1  57  0  5  1    4.1537407   4.1537407   4.1537407   4.1537407   4.3850451   4.1466502   4.4638468   4.2995585   4.2995585   4.2995585   4.2995585   4.2995585
R 0 1  57  0  5  2    3.8341361   3.8341361   3.8341361   3.8341361   3.7583603   3.9016215   4.3731039   4.3298527   4.3298527   4.3298527   4.3298527   4.3298527
R 0 1  57  0  5  3    5.1841505   5.1841505   5.1841505   5.1841505   3.9034431   3.7408616   4.4899238   4.4529886   4.4529886   4.4529886   4.4529886   4.4529886
R 0 1  57  0  5  4    4.6216125   4.6216125   4.6216125   4.8200237   5.0753825   4.8771288   4.1133582   3.1144498   3.1144498   3.1144498   3.1144498   3.1144498
R 0 1  57  0  5  5    3.7028332   3.7028332   5.0332298   4.5356473   5.7978265   4.7552344   4.0476602   4.0476602   4.0476602   4.0476602   4.0476602   4.0476602
R 0 1  57  0  5  6    2.7394076   2.7394076   2.7394076   4.0242988   3.5603947   3.0216571   2.3440683   2.1042056   2.1042056   2.1042056   2.1042056   2.1042056
R 0 1  57  0  5  7    5.7591976   5.7591976   5.7591976   5.7591976   3.7264322   3.2472827   2.8013810   2.8071012   2.5889374   2.1876657   2.1876657   2.1876657
R 0 1  57  0  5  8    4.1212291   4.1212291   4.1212291   4.1212291   4.1212291   4.1212291   4.1212291   4.7771902   4.5821136   4.4366929   3.5039280   3.7853963
R 0 1  57  0  5  9    6.0484869   6.0484869   6.0484869   6.0484869   6.0484869   6.0484869   6.5156010   6.0729222   6.8193047   5.5864358   8.1616585   8.1616585
R 0 1  57  0  5 10    5.5857934   3.6903883   4.4917461   5.9762772   5.1650519   6.8044116   8.6766337  10.4981299   7.2754952   7.8258509   7.8258509   7.8258509
F  0  1  57  0  0  0    1.0166742   1.0390609   0.9985381   1.0121808   0.9790195   0.9907365   0.9911380   0.9880852   0.9926779   0.9867162   0.9864285
F  0  1  57  1  0  0    1.1009738   1.0564976   1.0604803   1.0527108   1.0593436   1.0613261   1.0678763   1.0571918   1.0468570   1.0696470   1.0888508
C  0  1  57  0  0  0  -0.2623044 -0.1064518 -0.0912121 -0.5086808 -0.2241271 -0.0794294 -0.0928391 -0.0316554 -0.3031021 -0.2522499 -0.2591874 -0.1364520 -0.1901622 -0.3167558 -0.5038638  0.1525567
C  0  1  57  0  0  1  -0.0536874 -0.2033710 -0.1140697 -0.0902575 -0.1056534 -0.0666677 -0.1594680 -0.1601835  0.0388739 -0.0625544 -0.0267842 -0.1391448 -0.0848626 -0.1283081 -0.2729206  0.0297283
C  0  1  57  0  0  2  -0.1778991 -0.1395441 -0.1658369 -0.0658027 -0.0938384 -0.1093453 -0.1957180 -0.0833754  0.0330032 -0.0929741 -0.0440284 -0.1708853 -0.0488353 -0.0995552  0.0166417 -0.1316335
C  0  1  57  0  0  3  -0.1328248 -0.0498306 -0.1437538 -0.0790910 -0.0026452 -0.1508946 -0.0722964 -0.0772435  0.0172047 -0.0472059 -0.1439717  0.0338827 -0.1240990 -0.0466123 -0.0865285 -0.0384909
C  0  1  57  0  0  4  -0.0871318 -0.0358682 -0.0322447 -0.0532302 -0.1335647 -0.1853670  0.0161317 -0.0892693 -0.0826767 -0.0472480 -0.0256691 -0.0224705 -0.0584149 -0.1580476  0.0642938  0.0132045
C  0  1  57  0  0  5   0.0109143  0.0513312  0.0053301  0.0410532  0.0144390 -0.0014218 -0.0315747 -0.0557234  0.1048926 -0.0905468 -0.0633968 -0.1016963 -0.0573736  0.0219259  0.0342422 -0.1101363
C  0  1  57  0  0  6  -0.0190038  0.1695635  0.0681523 -0.0936943 -0.0483618  0.0084585 -0.0518978 -0.0672586 -0.0587445 -0.1216122  0.0395982 -0.0133257 -0.0403294  0.0315929 -0.0515085  0.0374500
C  0  1  57  0  0  7  -0.0832642  0.0480571  0.0324658 -0.0430634  0.0222362 -0.0161379 -0.0024824 -0.0094688 -0.0580407 -0.0369187  0.0279095 -0.0708885 -0.0456474  0.0594277 -0.0291121  0.0501674
C  0  1  57  0  0  8   0.0652652  0.0317189  0.0530936  0.0598610 -0.0533912 -0.0029269 -0.0212942  0.0193571  0.0166269 -0.0131093 -0.0685418  0.0236340  0.0229680 -0.0399843 -0.0934567 -0.0736459
C  0  1  57  0  0  9  -0.0170816 -0.0153731  0.0650696  0.0711259 -0.0263467  0.0776101 -0.0576527  0.0379360 -0.0048692  0.0374009  0.0097135  0.0300439  0.0233130  0.0309989  0.0179486  0.0258518
C  0  1  57  0  0 10   0.0029873  0.0537278  0.0848413  0.0676606  0.0333979  0.0334843 -0.0144269 -0.0033073 -0.0178825 -0.0531452 -0.0243183 -0.0084993 -0.0230711  0.0958471  0.0577379  0.0395604
C  0  1  57  0  0 11  -0.0234401  0.0651381 -0.0717203  0.0701029 -0.0102866  0.0506118  0.0722648  0.0643117  0.0568241  0.0417858  0.0156994 -0.0568689 -0.0584908  0.0990264 -0.0311426 -0.0360355
C  0  1  57  0  0 12   0.0771066  0.0530804 -0.0140104  0.0296596 -0.0181117  0.0535095 -0.0269807 -0.0075660 -0.0481596  0.0999487 -0.0539321 -0.0373640  0.0032291  0.0381062  0.0015466  0.0418082
C  0  1  57  0  0 13   0.0003693  0.0289681  0.0089447 -0.0256373 -0.0145041 -0.0438463  0.0291341 -0.0162983  0.0167354 -0.0363978 -0.0036164  0.0080715 -0.0017474  0.0269165  0.0197496  0.0071925
C  0  1  57  0  0 14  -0.0774408 -0.0803244  0.0167061  0.0259900  0.0162074 -0.0516069  0.0548407  0.0203275 -0.0491880  0.0059925  0.0608713 -0.0120570  0.0435364  0.0240496 -0.0088461 -0.1070006
C  0  1  57  0  0 15  -0.1065167 -0.0071466 -0.0099971 -0.0157171  0.0075537 -0.1608894 -0.0512780 -0.0010540  0.0262912  0.0472821 -0.0921832 -0.1309262 -0.0490522  0.0143841 -0.0330749  0.0467946
C  0  1  57  0  0 16   0.1594350  0.0590864  0.0616953 -0.0336930 -0.0905970 -0.1821224 -0.0677528 -0.0799925 -0.1235946  0.1535365 -0.0482751 -0.0050833  0.0087597 -0.0009309 -0.0436778  0.0149247
C  0  1  57  0  0 17  -0.0455346 -0.1573209 -0.0763348 -0.1336971 -0.1369118 -0.0600768 -0.0198361 -0.0333510 -0.0185001 -0.0972962 -0.1179951  0.0204939 -0.1642964 -0.2063814  0.0145562 -0.0156164
C  0  1  57  0  0 18  -0.1837974 -0.0402535 -0.0183776 -0.0444968 -0.2175817  0.0377644 -0.0445124 -0.1021392 -0.0883461 -0.0904302 -0.0525436 -0.2001738 -0.0566137  0.0554473 -0.1739262  0.0414848
C  0  1  57  0  0 19   0.0485242 -0.0772560 -0.2452818 -0.0712356 -0.0749051 -0.2060379 -0.1304112 -0.1063478 -0.0927550 -0.1721718 -0.0731728 -0.1079414 -0.0400593 -0.0816040  0.0402261 -0.1125346
C  0  1  57  0  0 20  -0.1469124 -0.1451528 -0.0227053 -0.0076176 -0.1874778 -0.1666257 -0.1739366 -0.1675189 -0.1959594 -0.0930075 -0.2222463  0.0222922 -0.0009633 -0.1276740 -0.0526046 -0.2211441
C  0  1  57  0  0 21  -0.1549956 -0.1981746 -0.3207539 -0.2203916 -0.1043571 -0.2766974 -0.2922305 -0.1868327 -0.0330728 -0.2553295 -0.1346895 -0.2297339 -0.2932663 -0.3850647 -0.1210652 -0.1803609
C  0  1  57  0  1  0  -0.0031045  0.0022077  0.0000064  0.0001579 -0.0035639  0.0049195  0.0019716 -0.0016865  0.0026298 -0.0021052 -0.0039926  0.0021768  0.0030382  0.0079808  0.0051795  0.0091498
C  0  1  57  0  1  1   0.0017486  0.0006076 -0.0027473 -0.0047970 -0.0012243 -0.0041434  0.0026750  0.0013975  0.0017877 -0.0017036 -0.0026474 -0.0014854  0.0038614  0.0021017  0.0010788  0.0014034
C  0  1  57  0  1  2   0.0027527  0.0008395  0.0005205  0.0010978 -0.0005821  0.0003009 -0.0007897  0.0000250  0.0015624  0.0009789 -0.0022354 -0.0028438  0.0018504 -0.0028176 -0.0017114  0.0006972
C  0  1  57  0  1  3   0.0009493 -0.0010029  0.0012649 -0.0037100 -0.0000106  0.0012957  0.0012633  0.0002614 -0.0036587 -0.0048742 -0.0029198 -0.0009505  0.0008117  0.0024354  0.0001110  0.0013194
C  0  1  57  0  1  4   0.0039735  0.0008913 -0.0024127  0.0044237  0.0015208  0.0001147 -0.0000487 -0.0007661  0.0008439  0.0002533 -0.0005125 -0.0011131  0.0007152 -0.0003226 -0.0002676 -0.0035229
C  0  1  57  0  1  5   0.0025417 -0.0002075 -0.0020393 -0.0000166 -0.0000728  0.0002977 -0.0011833 -0.0002877  0.0010918  0.0000957  0.0000414 -0.0013237 -0.0011168  0.0010787  0.0015985  0.0005236
C  0  1  57  0  1  6   0.0034918 -0.0008297 -0.0005213  0.0007849 -0.0002637 -0.0017983 -0.0013634 -0.0003752  0.0020443  0.0004202 -0.0000349  0.0000577 -0.0008340 -0.0011457 -0.0008636 -0.0004690
C  0  1  57  0  1  7   0.0029557  0.0029153  0.0018039  0.0002879  0.0039661 -0.0001742 -0.0012842 -0.0012315  0.0012896 -0.0011950  0.0008353 -0.0015094 -0.0022215 -0.0002015  0.0011653 -0.0011537
C  0  1  57  0  1  8   0.0012205  0.0008347  0.0014685 -0.0014349  0.0015663  0.0003595  0.0006786 -0.0000671  0.0019724  0.0000421 -0.0005120 -0.0038668 -0.0002164  0.0003939  0.0006422 -0.0016949
C  0  1  57  0  1  9  -0.0025413  0.0001835  0.0008003 -0.0009596 -0.0000578  0.0012411 -0.0003775  0.0006531 -0.0006751 -0.0033660 -0.0032584 -0.0003945 -0.0000521 -0.0002644 -0.0002965 -0.0010975
C  0  1  57  0  1 10   0.0001940  0.0008820  0.0020080  0.0014941  0.0018921  0.0000550  0.0001639 -0.0026509 -0.0016538 -0.0019642 -0.0015021 -0.0006982 -0.0016882 -0.0007528 -0.0008466  0.0018753
C  0  1  57  0  1 11   0.0000359  0.0009518  0.0017539 -0.0002066 -0.0011594  0.0004777 -0.0020587 -0.0015678 -0.0029230  0.0011670 -0.0002981 -0.0021592 -0.0015679 -0.0011660 -0.0008057 -0.0005737
C  0  1  57  0  1 12   0.0003314  0.0001554 -0.0001372 -0.0013655 -0.0006508 -0.0000030  0.0004896 -0.0005876  0.0002391 -0.0006014  0.0004782  0.0008716  0.0021389 -0.0001329  0.0020613  0.0006651
C  0  1  57  0  1 13   0.0013194 -0.0002683 -0.0002608  0.0026690  0.0008460  0.0004157 -0.0025230 -0.0001270 -0.0004556 -0.0012587 -0.0006622 -0.0011609 -0.0011692  0.0010818 -0.0007889  0.0008337
C  0  1  57  0  1 14   0.0021496  0.0009913  0.0010931  0.0008726  0.0009987  0.0008788 -0.0004523  0.0003041 -0.0013548  0.0011462 -0.0005278 -0.0010861 -0.0006471 -0.0024872 -0.0012111  0.0020357
C  0  1  57  0  1 15   0.0014362  0.0002769  0.0006275  0.0002505  0.0003995  0.0012293 -0.0007399 -0.0015867  0.0006370 -0.0006810 -0.0014792  0.0011234 -0.0021254  0.0029677  0.0018378  0.0001264
C  0  1  57  0  1 16   0.0006183  0.0023600  0.0001758  0.0003239 -0.0008048  0.0000955  0.0007445 -0.0008873  0.0001688  0.0018974  0.0001206 -0.0020664 -0.0024528  0.0008323  0.0036866  0.0018769
C  0  1  57  0  1 17   0.0012810 -0.0015186  0.0011199  0.0029734  0.0007154  0.0039036  0.0019343  0.0027486  0.0007186  0.0027087  0.0018887  0.0021956  0.0003755 -0.0022253  0.0052616  0.0056110
C  0  1  57  0  1 18   0.0038067  0.0026982  0.0008493  0.0005898 -0.0016890  0.0010219  0.0050626  0.0016217 -0.0016575  0.0005664  0.0034937  0.0028160 -0.0014278  0.0002194  0.0027538  0.0034655
C  0  1  57  0  1 19   0.0032295  0.0017376  0.0009368  0.0023791  0.0017723  0.0013046  0.0029358  0.0007893  0.0035251  0.0065823 -0.0008472 -0.0023580  0.0014109  0.0007624  0.0031302  0.0052248
C  0  1  57  0  1 20   0.0084590  0.0074535  0.0044705  0.0032550  0.0016328  0.0050689  0.0004233  0.0042124  0.0039180  0.0042812 -0.0026677 -0.0026001  0.0032699  0.0053373  0.0038213  0.0040650
C  0  1  57  0  1 21   0.0112604  0.0134906  0.0048672 -0.0003363 -0.0023526 -0.0075888 -0.0077311 -0.0017449 -0.0004833 -0.0053830 -0.0005234  0.0017361  0.0021862  0.0014044  0.0099432  0.0035701
C  0  1  57  1  0  0  -0.4013799 -0.3689413 -0.3574048 -0.3849787 -0.2688181 -0.3447261 -0.2726098 -0.3758419 -0.3134581 -0.3201725 -0.3639377 -0.3912769 -0.5237263 -0.4023630 -0.4081245 -0.4680342
C  0  1  57  1  0  1  -0.2350827 -0.3006955 -0.2788375 -0.3049143 -0.3302808 -0.2768439 -0.2426810 -0.2294486 -0.2545043 -0.2425679 -0.3357427 -0.2178616 -0.3879219 -0.3827305 -0.2981749 -0.2876741
C  0  1  57  1  0  2  -0.3129922 -0.3482103 -0.2555694 -0.2687381 -0.2876516 -0.2362970 -0.2542839 -0.2114709 -0.2510159 -0.2116092 -0.3504818 -0.3286049 -0.3023166 -0.3747555 -0.2672994 -0.3550987
C  0  1  57  1  0  3  -0.2807058 -0.3004533 -0.3071876 -0.3126536 -0.3531313 -0.2059985 -0.1964560 -0.0963996 -0.2137062 -0.2190468 -0.2324018 -0.2249923 -0.3001207 -0.3184387 -0.3219641 -0.2647286
C  0  1  57  1  0  4  -0.2853233 -0.2438742 -0.2546713 -0.2171745 -0.2070270 -0.2161870 -0.2295740 -0.2337869 -0.2436940 -0.2504016 -0.2119828 -0.3112325 -0.3114885 -0.2548567 -0.3581565 -0.3228195
C  0  1  57  1  0  5  -0.2122981 -0.1756369 -0.2322768 -0.1889693 -0.1635395 -0.1617928 -0.1691058 -0.1731484 -0.1907836 -0.1759471 -0.1824778 -0.2308592 -0.2646411 -0.1791788 -0.1806428 -0.2094188
C  0  1  57  1  0  6  -0.1213158 -0.1390204 -0.1839732 -0.1659693 -0.0880950 -0.1023017 -0.1476258 -0.1325707 -0.1509559 -0.1490655 -0.1112492 -0.1155330 -0.1032597 -0.1647382 -0.1695694 -0.1565184
C  0  1  57  1  0  7  -0.1829682 -0.1995674 -0.1624661 -0.1409341 -0.1736432 -0.1621225 -0.1262407 -0.1557323 -0.1401279 -0.1072370 -0.0871171 -0.1471634 -0.1429447 -0.1415031 -0.1630421 -0.1163585
C  0  1  57  1  0  8  -0.1762167 -0.1291790 -0.1215468 -0.1663081 -0.1842580 -0.1618231 -0.1612004 -0.1746094 -0.1507666 -0.1354699 -0.1560717 -0.1733400 -0.1455483 -0.1571290 -0.1580228 -0.1656171
C  0  1  57  1  0  9  -0.1296608 -0.1446513 -0.0761979 -0.1433595 -0.0988669 -0.1096938 -0.1158584 -0.1660818 -0.0955167 -0.1354950 -0.0807252 -0.1257457 -0.1401026 -0.0918890 -0.1455948 -0.1627738
C  0  1  57  1  0 10  -0.1620208 -0.1253019 -0.1241684 -0.1282178 -0.1466796 -0.1172614 -0.1188232 -0.1091412 -0.0552501 -0.1326248 -0.1465227 -0.1286040 -0.1018820 -0.1497004 -0.1454052 -0.1265665
C  0  1  57  1  0 11  -0.1465946 -0.1051416 -0.1292027 -0.0804856 -0.0754132 -0.0799325 -0.1241843 -0.0894793 -0.1005579 -0.1008523 -0.1084149 -0.1518204 -0.1090211 -0.1444131 -0.1098881 -0.0969086
C  0  1  57  1  0 12  -0.0911559 -0.1039669 -0.1202297 -0.1152445 -0.1499126 -0.1146604 -0.1538969 -0.1729006 -0.1059431 -0.1126304 -0.1333897 -0.0932588 -0.0863579 -0.1486819 -0.1384092 -0.1056287
C  0  1  57  1  0 13  -0.1138697 -0.1355116 -0.1790584 -0.1260048 -0.1272492 -0.1448352 -0.1534088 -0.1847836 -0.1139046 -0.1421459 -0.1725328 -0.1620731 -0.1717104 -0.1570859 -0.1631413 -0.1699312
C  0  1  57  1  0 14  -0.1324578 -0.1674100 -0.1166440 -0.1252605 -0.1370340 -0.1167317 -0.1381642 -0.2094668 -0.1346665 -0.1699403 -0.1431745 -0.1370597 -0.1243620 -0.1029217 -0.1500856 -0.1714519
C  0  1  57  1  0 15  -0.1013151 -0.2037872 -0.1346861 -0.1329983 -0.1412955 -0.1332602 -0.2159842 -0.1795611 -0.1880754 -0.1106535 -0.0626169 -0.2040111 -0.1054389 -0.0984002 -0.1348362 -0.1607333
C  0  1  57  1  0 16  -0.1921856 -0.1829985 -0.1416622 -0.1486336 -0.1527715 -0.1641207 -0.2249649 -0.1698778 -0.1902092 -0.1864408 -0.1393258 -0.1561656 -0.1639602 -0.1391722 -0.1825434 -0.0961725
C  0  1  57  1  0 17  -0.2469606 -0.2551018 -0.1782980 -0.2744692 -0.2275439 -0.2099720 -0.2578986 -0.2334363 -0.2289558 -0.2951014 -0.2599461 -0.2059204 -0.1954756 -0.3122457 -0.2779938 -0.2698896
C  0  1  57  1  0 18  -0.2800140 -0.2730536 -0.2301409 -0.2564165 -0.2699445 -0.1844786 -0.2177308 -0.2830625 -0.2045670 -0.2793913 -0.2323172 -0.3061098 -0.2548954 -0.1798837 -0.1804940 -0.2012507
C  0  1  57  1  0 19  -0.2358076 -0.2656217 -0.2859750 -0.2890140 -0.3274975 -0.3258834 -0.2654753 -0.2416508 -0.3025735 -0.2393580 -0.2129028 -0.2753011 -0.2260770 -0.3282965 -0.2667960 -0.2438412
C  0  1  57  1  0 20  -0.2861129 -0.2405835 -0.3720776 -0.3090957 -0.2970370 -0.2408789 -0.2487701 -0.3035579 -0.3229591 -0.2779787 -0.2621817 -0.2608848 -0.3945306 -0.2827661 -0.3251111 -0.2539815
C  0  1  57  1  0 21  -0.3664064 -0.3394054 -0.3949130 -0.4188205 -0.3180819 -0.2133194 -0.3520811 -0.2403084 -0.4698608 -0.3334097 -0.2954265 -0.3336309 -0.2332817 -0.3195348 -0.4196036 -0.3344459
C  0  1  57  1  1  0   0.0454909  0.0504569  0.0379735  0.0249660 -0.0007813 -0.0223379 -0.0340257 -0.0430860 -0.0482594 -0.0364158 -0.0329997 -0.0164994  0.0022034  0.0032643  0.0237932  0.0372945
C  0  1  57  1  1  1   0.0234015  0.0238885  0.0187765  0.0111921  0.0025930 -0.0076983 -0.0149023 -0.0179055 -0.0173687 -0.0150140 -0.0138698 -0.0075481  0.0043595  0.0088216  0.0121901  0.0239655
C  0  1  57  1  1  2   0.0125966  0.0141614  0.0106462  0.0048004  0.0019033 -0.0032560 -0.0084785 -0.0090226 -0.0098564 -0.0064162 -0.0040981 -0.0031993  0.0018956  0.0024272  0.0044259  0.0104481
C  0  1  57  1  1  3   0.0084097  0.0064377  0.0019458  0.0037769  0.0017551  0.0002694 -0.0041159 -0.0017223  0.0004085 -0.0008806 -0.0025114 -0.0003581  0.0006852  0.0027234  0.0017767  0.0050252
C  0  1  57  1  1  4   0.0024302  0.0016986  0.0015066  0.0006081  0.0029977  0.0037989 -0.0008154  0.0022070  0.0059502  0.0027175 -0.0002192  0.0000989  0.0015145  0.0021144  0.0035153  0.0024053
C  0  1  57  1  1  5   0.0004389  0.0006576 -0.0001643  0.0036828  0.0037427  0.0039855  0.0039442  0.0032054  0.0052850  0.0026517 -0.0010999 -0.0000384  0.0020336  0.0018787  0.0019788  0.0004077
C  0  1  57  1  1  6   0.0011901  0.0012943  0.0003571  0.0033718  0.0041683  0.0037829  0.0047135  0.0040912  0.0049103  0.0009584 -0.0002266  0.0006463  0.0002754  0.0010102  0.0007662 -0.0003931
C  0  1  57  1  1  7  -0.0010283  0.0011268  0.0015762  0.0046333  0.0037626  0.0029684  0.0058145  0.0034257  0.0019820  0.0001761 -0.0005314 -0.0011448  0.0005478  0.0005716  0.0008916 -0.0019859
C  0  1  57  1  1  8  -0.0019332  0.0004993  0.0018883  0.0016099  0.0036356  0.0033868  0.0044117  0.0046248  0.0049295  0.0013908  0.0004900 -0.0006577  0.0015970  0.0008777  0.0007874 -0.0014346
C  0  1  57  1  1  9   0.0010608  0.0013846  0.0013789  0.0023470  0.0026884  0.0018353  0.0036888  0.0029789  0.0015641 -0.0004014  0.0016408 -0.0004757  0.0007239 -0.0000779 -0.0010604 -0.0028113
C  0  1  57  1  1 10  -0.0006203  0.0022330  0.0014360  0.0010687  0.0018979  0.0018630  0.0017440  0.0018972  0.0031312 -0.0006278 -0.0004678 -0.0002623 -0.0003957  0.0009974  0.0018392 -0.0006982
C  0  1  57  1  1 11  -0.0006136  0.0009810  0.0012657  0.0020337  0.0018932 -0.0001488  0.0004913  0.0013977  0.0023580  0.0014210 -0.0022624 -0.0010493  0.0002690 -0.0000498  0.0000722 -0.0018771
C  0  1  57  1  1 12  -0.0007695  0.0015756  0.0008001  0.0027547  0.0013026  0.0003136  0.0005257  0.0028171  0.0037190  0.0008102  0.0009626  0.0000058  0.0002754 -0.0012014  0.0003520 -0.0014471
C  0  1  57  1  1 13  -0.0007972  0.0022822  0.0021237  0.0021113  0.0031319  0.0022225  0.0037583  0.0059944  0.0046707  0.0014678  0.0005780 -0.0002926 -0.0005958 -0.0023388 -0.0002589 -0.0029393
C  0  1  57  1  1 14  -0.0012222  0.0007369  0.0018267  0.0037771  0.0037008  0.0015992  0.0033711  0.0059117  0.0043976  0.0009671  0.0010878 -0.0019044 -0.0019803 -0.0013369 -0.0019435 -0.0030788
C  0  1  57  1  1 15  -0.0018385 -0.0000946  0.0024711  0.0036059  0.0024223 -0.0011413  0.0023319  0.0029632  0.0053208  0.0022761  0.0028274  0.0001009 -0.0031978 -0.0059705 -0.0054434 -0.0043246
C  0  1  57  1  1 16  -0.0029103  0.0010051  0.0036047  0.0050069  0.0036924  0.0015947  0.0045500  0.0038232  0.0046371  0.0068957  0.0033486  0.0027642 -0.0014287 -0.0017851 -0.0045362 -0.0056188
C  0  1  57  1  1 17  -0.0029941  0.0021117  0.0019291  0.0058020  0.0018137 -0.0023217  0.0006977  0.0032969  0.0044692  0.0043420  0.0051821  0.0018528 -0.0005289 -0.0034937 -0.0046168 -0.0051262
C  0  1  57  1  1 18  -0.0004064  0.0077985  0.0054888  0.0065342  0.0041180 -0.0009194 -0.0020991 -0.0003788  0.0023421  0.0049646  0.0013044  0.0002195 -0.0012702 -0.0036725 -0.0071594 -0.0036819
C  0  1  57  1  1 19   0.0012582  0.0081962  0.0124302  0.0100488  0.0072433  0.0022847 -0.0022351 -0.0017311  0.0022157  0.0051937  0.0028088 -0.0006929 -0.0029014 -0.0050659 -0.0048704 -0.0018402
C  0  1  57  1  1 20   0.0008891  0.0141959  0.0187079  0.0120958  0.0062787  0.0027848 -0.0022267 -0.0018003 -0.0002860  0.0053464  0.0019354 -0.0005901 -0.0065223 -0.0074045 -0.0057931 -0.0044072
C  0  1  57  1  1 21   0.0097264  0.0222365  0.0290954  0.0229552  0.0150335  0.0175333  0.0097409  0.0087113  0.0107748  0.0113278  0.0012781 -0.0039765 -0.0097731 -0.0186334 -0.0093186 -0.0010138
