CPHI 16 
CETA 22 -2.40 -2.10 -1.85 -1.60 -1.40 -1.20 -1.00 -0.80 -0.60 -0.40 -0.20  0.00  0.20  0.40  0.60  0.80  1.00  1.20  1.40  1.60  1.85  2.10  2.40 
RMIN  6 
RTRK 12 
RETA 11  0.00  0.20  0.40  0.60  0.80  1.00  1.20  1.40  1.60  1.85  2.10  2.40 
T 0 1  58  0  0  0    0.0000000   0.0006275   0.0016862   0.0032041   0.0122833   0.0697096   0.2784803   0.6535729   1.0000000   1.0000000   1.0000000   1.0000000   1.0000000
T 0 1  58  0  0  1    0.0000000   0.0001393   0.0005473   0.0023832   0.0123837   0.0586958   0.2257496   0.5891427   1.0000000   1.0000000   1.0000000   1.0000000   1.0000000
T 0 1  58  0  0  2    0.0000000   0.0001183   0.0004804   0.0017289   0.0108163   0.0559152   0.2093348   0.5740904   1.0000000   1.0000000   1.0000000   1.0000000   1.0000000
T 0 1  58  0  0  3    0.0000000   0.0001923   0.0005825   0.0016951   0.0113648   0.0624270   0.2253421   0.5858071   1.0000000   1.0000000   1.0000000   1.0000000   1.0000000
T 0 1  58  0  0  4    0.0000000   0.0004101   0.0025066   0.0142977   0.0630997   0.2043849   0.4892406   0.8222545   1.0000000   1.0000000   1.0000000   1.0000000   1.0000000
T 0 1  58  0  0  5    0.0000000   0.0010246   0.0074583   0.0515637   0.2059381   0.5338870   0.8765846   0.9993681   1.0000000   1.0000000   1.0000000   1.0000000   1.0000000
T 0 1  58  0  0  6    0.0000000   0.0002756   0.0011938   0.0103191   0.0670854   0.2769691   0.6639138   0.9315870   0.9981490   0.9999994   1.0000000   1.0000000   1.0000000
T 0 1  58  0  0  7    0.0000000   0.0000535   0.0003531   0.0008244   0.0047294   0.0309534   0.1191280   0.2975522   0.5815444   0.8695514   0.9843965   0.9998848   1.0000000
T 0 1  58  0  0  8    0.0000000   0.0000030   0.0000321   0.0001190   0.0003914   0.0009956   0.0042287   0.0248399   0.1190187   0.3938065   0.7900104   0.9693586   1.0000000
T 0 1  58  0  0  9    0.0000000   0.0000071   0.0000097   0.0000315   0.0005327   0.0035133   0.0183353   0.0859096   0.3017830   0.6581625   0.9380862   0.9999393   1.0000000
T 0 1  58  0  0 10    0.0000000   0.0068346   0.0292900   0.0466433   0.0797027   0.1689297   0.3378311   0.6895244   0.9103757   0.9700282   0.9998473   1.0000000   1.0000000
T 0 1  58  1  0  0    0.0000000   0.0005148   0.0016399   0.0047460   0.0213440   0.1017716   0.3374237   0.6994022   1.0000000   1.0000000   1.0000000   1.0000000   1.0000000
T 0 1  58  1  0  1    0.0000000   0.0002633   0.0010891   0.0042307   0.0181163   0.0752157   0.2537985   0.6193956   1.0000000   1.0000000   1.0000000   1.0000000   1.0000000
T 0 1  58  1  0  2    0.0000000   0.0002194   0.0008486   0.0027728   0.0124455   0.0616642   0.2339277   0.6064318   1.0000000   1.0000000   1.0000000   1.0000000   1.0000000
T 0 1  58  1  0  3    0.0000000   0.0002283   0.0008669   0.0027852   0.0140251   0.0700545   0.2491207   0.6198491   1.0000000   1.0000000   1.0000000   1.0000000   1.0000000
T 0 1  58  1  0  4    0.0000000   0.0004356   0.0027620   0.0153929   0.0663357   0.2155446   0.5058694   0.8320271   1.0000000   1.0000000   1.0000000   1.0000000   1.0000000
T 0 1  58  1  0  5    0.0000000   0.0011873   0.0094478   0.0577925   0.2246261   0.5586818   0.8900123   0.9996500   1.0000000   1.0000000   1.0000000   1.0000000   1.0000000
T 0 1  58  1  0  6    0.0000000   0.0004626   0.0026649   0.0180020   0.0942133   0.3329130   0.7236541   0.9536823   0.9988141   0.9999984   1.0000000   1.0000000   1.0000000
T 0 1  58  1  0  7    0.0000000   0.0002246   0.0006446   0.0024765   0.0123245   0.0526267   0.1570011   0.3413836   0.6074237   0.8728054   0.9849908   0.9998878   1.0000000
T 0 1  58  1  0  8    0.0000000   0.0009562   0.0014955   0.0017998   0.0022382   0.0036136   0.0107994   0.0452511   0.1686405   0.4573475   0.8251665   0.9710661   1.0000000
T 0 1  58  1  0  9    0.0000000   0.0021003   0.0074838   0.0131257   0.0159362   0.0198461   0.0401951   0.1288935   0.3661962   0.7154288   0.9583841   0.9999941   1.0000000
T 0 1  58  1  0 10    0.0000000   0.0032254   0.0170235   0.0428863   0.0843736   0.1746921   0.3942474   0.7474223   0.9511020   0.9856143   0.9999985   1.0000000   1.0000000
R 0 1  58  0  0  0    0.0251400   0.0251400   0.0118919   0.0103029   0.0103508   0.0101412   0.0099960   0.0098514   0.0098514   0.0098514   0.0098514   0.0098514
R 0 1  58  0  0  1    0.0116371   0.0116371   0.0116371   0.0116371   0.0110727   0.0108772   0.0109642   0.0108775   0.0108775   0.0108775   0.0108775   0.0108775
R 0 1  58  0  0  2    0.0121971   0.0121971   0.0121971   0.0121971   0.0121377   0.0119957   0.0118534   0.0116907   0.0116907   0.0116907   0.0116907   0.0116907
R 0 1  58  0  0  3    0.0134671   0.0134671   0.0134671   0.0134671   0.0126553   0.0125761   0.0124007   0.0122301   0.0122301   0.0122301   0.0122301   0.0122301
R 0 1  58  0  0  4    0.0193238   0.0193238   0.0193238   0.0174526   0.0169060   0.0159079   0.0144580   0.0131283   0.0131283   0.0131283   0.0131283   0.0131283
R 0 1  58  0  0  5    0.0205084   0.0205084   0.0193311   0.0192466   0.0187155   0.0180798   0.0170119   0.0170119   0.0170119   0.0170119   0.0170119   0.0170119
R 0 1  58  0  0  6    0.0203393   0.0203393   0.0203393   0.0203459   0.0207269   0.0207159   0.0208241   0.0206509   0.0206509   0.0206509   0.0206509   0.0206509
R 0 1  58  0  0  7    0.0228300   0.0228300   0.0228300   0.0228300   0.0205408   0.0211930   0.0212170   0.0209737   0.0205452   0.0196789   0.0196789   0.0196789
R 0 1  58  0  0  8    0.0212691   0.0212691   0.0212691   0.0212691   0.0212691   0.0212691   0.0212691   0.0210864   0.0210268   0.0209507   0.0202983   0.0188346
R 0 1  58  0  0  9    0.0302866   0.0302866   0.0302866   0.0302866   0.0302866   0.0302866   0.0298358   0.0289106   0.0275294   0.0263966   0.0249252   0.0249252
R 0 1  58  0  0 10    0.0747952   0.0718978   0.0626781   0.0535263   0.0473360   0.0440020   0.0409127   0.0356365   0.0336758   0.0308032   0.0308032   0.0308032
R 0 1  58  0  1  0    0.0000000   0.0000000   0.0000000   0.0000612   0.0000804   0.0000785   0.0000721   0.0000642   0.0000642   0.0000642   0.0000642   0.0000642
R 0 1  58  0  1  1    0.0000728   0.0000728   0.0000728   0.0000728   0.0000642   0.0000724   0.0000631   0.0000566   0.0000566   0.0000566   0.0000566   0.0000566
R 0 1  58  0  1  2    0.0000499   0.0000499   0.0000499   0.0000499   0.0000786   0.0000655   0.0000620   0.0000539   0.0000539   0.0000539   0.0000539   0.0000539
R 0 1  58  0  1  3    0.0000600   0.0000600   0.0000600   0.0000600   0.0000630   0.0000582   0.0000542   0.0000466   0.0000466   0.0000466   0.0000466   0.0000466
R 0 1  58  0  1  4    0.0001391   0.0001391   0.0001391   0.0001001   0.0000879   0.0000752   0.0000566   0.0000465   0.0000465   0.0000465   0.0000465   0.0000465
R 0 1  58  0  1  5    0.0001547   0.0001547   0.0000757   0.0000779   0.0000711   0.0000560   0.0000452   0.0000452   0.0000452   0.0000452   0.0000452   0.0000452
R 0 1  58  0  1  6    0.0001117   0.0001117   0.0001117   0.0000466   0.0000618   0.0000527   0.0000522   0.0000233   0.0000233   0.0000233   0.0000233   0.0000233
R 0 1  58  0  1  7    0.0001485   0.0001485   0.0001485   0.0001485   0.0000717   0.0000613   0.0000740   0.0000751   0.0000719   0.0000586   0.0000586   0.0000586
R 0 1  58  0  1  8    0.0001028   0.0001028   0.0001028   0.0001028   0.0001028   0.0001028   0.0001028   0.0000981   0.0001054   0.0001034   0.0000880   0.0000753
R 0 1  58  0  1  9    0.0002279   0.0002279   0.0002279   0.0002279   0.0002279   0.0002279   0.0002269   0.0002016   0.0001865   0.0001537   0.0001215   0.0001215
R 0 1  58  0  1 10    0.0012894   0.0012175   0.0009291   0.0007172   0.0005717   0.0004862   0.0003843   0.0002609   0.0002130   0.0002009   0.0002009   0.0002009
R 0 1  58  0  2  0    0.0000000   0.0000000   0.0000000   0.0000805   0.0000000   0.0000153   0.0000130   0.0000095   0.0000095   0.0000095   0.0000095   0.0000095
R 0 1  58  0  2  1    0.0000000   0.0000000   0.0000000   0.0000000   0.0000000   0.0000214   0.0000086   0.0000120   0.0000120   0.0000120   0.0000120   0.0000120
R 0 1  58  0  2  2    0.0000764   0.0000764   0.0000764   0.0000764   0.0000472   0.0000098   0.0000179   0.0000128   0.0000128   0.0000128   0.0000128   0.0000128
R 0 1  58  0  2  3    0.0000940   0.0000940   0.0000940   0.0000940   0.0000000   0.0000000   0.0000091   0.0000148   0.0000148   0.0000148   0.0000148   0.0000148
R 0 1  58  0  2  4    0.0000000   0.0000000   0.0000000   0.0000000   0.0000138   0.0000177   0.0000000   0.0000000   0.0000000   0.0000000   0.0000000   0.0000000
R 0 1  58  0  2  5    0.0000000   0.0000000   0.0000000   0.0000000   0.0000263   0.0000080   0.0000000   0.0000000   0.0000000   0.0000000   0.0000000   0.0000000
R 0 1  58  0  2  6    0.0000000   0.0000000   0.0000000   0.0000000   0.0000000   0.0000080   0.0000000   0.0000000   0.0000000   0.0000000   0.0000000   0.0000000
R 0 1  58  0  2  7    0.0000000   0.0000000   0.0000000   0.0000000   0.0000000   0.0000000   0.0000000   0.0000125   0.0000000   0.0000000   0.0000000   0.0000000
R 0 1  58  0  2  8    0.0000000   0.0000000   0.0000000   0.0000000   0.0000000   0.0000000   0.0000000   0.0000000   0.0000000   0.0000000   0.0000000   0.0000000
R 0 1  58  0  2  9    0.0000000   0.0000000   0.0000000   0.0000000   0.0000000   0.0000000   0.0000000   0.0000000   0.0000000   0.0000212   0.0000000   0.0000000
R 0 1  58  0  2 10    0.0000000   0.0000000   0.0000000   0.0000000   0.0000000   0.0000000   0.0000605   0.0000394   0.0001226   0.0000000   0.0000000   0.0000000
R 0 1  58  0  3  0    1.0195373   1.0195373   1.0524018   1.0261866   1.0004494   0.9845300   0.9817897   0.9828619   0.9828619   0.9828619   0.9828619   0.9828619
R 0 1  58  0  3  1    1.0219877   1.0219877   1.0219877   1.0219877   0.9948860   0.9849828   0.9799609   0.9799845   0.9799845   0.9799845   0.9799845   0.9799845
R 0 1  58  0  3  2    1.0031867   1.0031867   1.0031867   1.0031867   0.9974667   0.9878370   0.9812726   0.9804752   0.9804752   0.9804752   0.9804752   0.9804752
R 0 1  58  0  3  3    0.9891595   0.9891595   0.9891595   0.9891595   1.0057175   0.9876759   0.9813273   0.9825027   0.9825027   0.9825027   0.9825027   0.9825027
R 0 1  58  0  3  4    1.0058191   1.0058191   1.0058191   0.9874098   0.9771245   0.9725215   0.9772112   0.9884360   0.9884360   0.9884360   0.9884360   0.9884360
R 0 1  58  0  3  5    1.0433537   1.0433537   1.0024159   0.9815288   0.9724733   0.9707356   0.9717704   0.9717704   0.9717704   0.9717704   0.9717704   0.9717704
R 0 1  58  0  3  6    1.0393160   1.0393160   1.0393160   1.0029820   0.9763522   0.9837507   0.9840638   0.9859134   0.9859134   0.9859134   0.9859134   0.9859134
R 0 1  58  0  3  7    1.0137038   1.0137038   1.0137038   1.0137038   1.0297295   0.9918691   0.9910829   0.9858006   0.9873012   0.9868392   0.9868392   0.9868392
R 0 1  58  0  3  8    1.0226997   1.0226997   1.0226997   1.0226997   1.0226997   1.0226997   1.0226997   0.9965818   0.9834243   0.9839367   0.9885747   1.0134330
R 0 1  58  0  3  9    1.0246295   1.0246295   1.0246295   1.0246295   1.0246295   1.0246295   0.9910516   0.9773519   0.9727911   0.9837310   1.0071268   1.0071268
R 0 1  58  0  3 10    1.0959226   1.0301391   1.0091389   0.9880652   0.9739404   0.9713075   0.9678768   0.9648191   0.9983683   1.0182631   1.0182631   1.0182631
R 0 1  58  0  4  0    1.3407401   1.3407401   1.2726078   2.1482081   2.2899219   2.2579161   2.2539133   2.2911392   2.2911392   2.2911392   2.2911392   2.2911392
R 0 1  58  0  4  1    1.9732030   1.9732030   1.9732030   1.9732030   2.1079932   2.2404581   2.2127317   2.2090519   2.2090519   2.2090519   2.2090519   2.2090519
R 0 1  58  0  4  2    1.8509257   1.8509257   1.8509257   1.8509257   2.1699794   2.2682772   2.2351455   2.2039208   2.2039208   2.2039208   2.2039208   2.2039208
R 0 1  58  0  4  3    1.6736217   1.6736217   1.6736217   1.6736217   2.2787645   2.2646917   2.2224480   2.2670988   2.2670988   2.2670988   2.2670988   2.2670988
R 0 1  58  0  4  4    1.8815098   1.8815098   1.8815098   1.9549055   2.0789966   2.0728840   2.1864032   2.3423008   2.3423008   2.3423008   2.3423008   2.3423008
R 0 1  58  0  4  5    1.8462356   1.8462356   2.1209559   2.1740246   2.0737302   2.0737095   2.0120524   2.0120524   2.0120524   2.0120524   2.0120524   2.0120524
R 0 1  58  0  4  6    2.0556506   2.0556506   2.0556506   2.1817440   2.1186928   2.3387393   2.3266895   2.3083429   2.3083429   2.3083429   2.3083429   2.3083429
R 0 1  58  0  4  7    1.8787167   1.8787167   1.8787167   1.8787167   2.2224520   2.2590705   2.3970703   2.3659919   2.3890216   2.3580532   2.3580532   2.3580532
R 0 1  58  0  4  8    2.1412019   2.1412019   2.1412019   2.1412019   2.1412019   2.1412019   2.1412019   2.3065843   2.2297930   2.2661106   2.3378690   2.2769686
R 0 1  58  0  4  9    1.9167996   1.9167996   1.9167996   1.9167996   1.9167996   1.9167996   1.9943448   2.0714915   2.0284001   2.1891797   2.2168299   2.2168299
R 0 1  58  0  4 10    2.0000134   2.1812025   1.9810749   1.9345646   1.9347279   1.9456459   1.9474974   1.8964871   2.0550962   2.0609099   2.0609099   2.0609099
R 0 1  58  0  5  0   21.6745909  21.6745909  11.7483727   3.2976943   3.5682806   4.0164186   4.1026518   3.8371144   3.8371144   3.8371144   3.8371144   3.8371144
R 0 1  58  0  5  1    3.8725133   3.8725133   3.8725133   3.8725133   4.4466489   3.9311083   4.2944414   4.3826604   4.3826604   4.3826604   4.3826604   4.3826604
R 0 1  58  0  5  2    4.1451440   4.1451440   4.1451440   4.1451440   4.4056990   4.0778735   4.1603802   4.4809378   4.4809378   4.4809378   4.4809378   4.4809378
R 0 1  58  0  5  3    6.7053855   6.7053855   6.7053855   6.7053855   3.8178856   4.0634131   4.5044055   4.0990086   4.0990086   4.0990086   4.0990086   4.0990086
R 0 1  58  0  5  4    5.2159718   5.2159718   5.2159718   5.8314331   5.0718740   4.9570650   4.0877328   3.1488844   3.1488844   3.1488844   3.1488844   3.1488844
R 0 1  58  0  5  5    4.5153947   4.5153947   4.5207007   4.5352506   5.5050087   4.7250371   4.2425468   4.2425468   4.2425468   4.2425468   4.2425468   4.2425468
R 0 1  58  0  5  6    2.9554484   2.9554484   2.9554484   4.1020213   5.0848045   3.0306184   2.4550911   1.9163800   1.9163800   1.9163800   1.9163800   1.9163800
R 0 1  58  0  5  7    3.6757047   3.6757047   3.6757047   3.6757047   4.1009812   3.4487234   2.6973327   2.7864055   2.5586900   2.0261998   2.0261998   2.0261998
R 0 1  58  0  5  8    4.9314038   4.9314038   4.9314038   4.9314038   4.9314038   4.9314038   4.9314038   4.0302828   4.5684184   4.2795045   3.4243249   4.2385775
R 0 1  58  0  5  9    6.3540520   6.3540520   6.3540520   6.3540520   6.3540520   6.3540520   7.1744554   5.8232040   6.7981454   5.7075818   5.2872170   5.2872170
R 0 1  58  0  5 10    5.2148920   4.2325875   4.3497420   5.1153668   5.5781232   6.8389662   8.2096863   9.8829120   6.9849025   7.5597217   7.5597217   7.5597217
F  0  1  58  0  0  0    0.9898227   1.0002547   0.9855123   1.0112047   0.9771766   0.9888232   0.9909605   0.9870158   0.9891441   0.9875427   0.9818842
F  0  1  58  1  0  0    1.0419374   1.0857138   1.0873912   1.0705126   1.0589050   1.0847162   1.0723835   1.0513758   1.0367411   1.0690989   1.0864714
C  0  1  58  0  0  0  -0.4100156 -0.0953908 -0.0845033 -0.3769431 -0.2080387 -0.0712250 -0.1648793 -0.1767689 -0.3272191 -0.1762610 -0.1977885 -0.0411224 -0.1261933 -0.2635023 -0.3630734  0.0698170
C  0  1  58  0  0  1  -0.1987398 -0.1005585 -0.2074146 -0.0615859 -0.2321857 -0.0593561 -0.1319770 -0.1132326 -0.0083630 -0.0577058 -0.0426702 -0.0814370 -0.3153852 -0.2110915 -0.2201229 -0.1272209
C  0  1  58  0  0  2  -0.1998943 -0.1947184 -0.0889184 -0.1183935 -0.0702090 -0.1472041 -0.0767585 -0.1155375 -0.0678951 -0.1093558 -0.0904533 -0.1475498 -0.2063850 -0.1458246 -0.0086465 -0.0779836
C  0  1  58  0  0  3  -0.0817726 -0.1355452 -0.1438504 -0.0584418  0.0197186 -0.1058216 -0.0900300 -0.1392667 -0.0319649 -0.0259944 -0.1425186 -0.0145972 -0.2620157 -0.1352463 -0.0834833 -0.0076562
C  0  1  58  0  0  4  -0.1572171 -0.1768321 -0.1560443 -0.0254970 -0.1070416 -0.1349897 -0.0163542  0.0151370 -0.0221839  0.0022268 -0.0797091 -0.0194476 -0.0995555 -0.1745302 -0.0605297 -0.2045688
C  0  1  58  0  0  5  -0.0236131  0.0810374 -0.0620980  0.0478578 -0.0544458  0.0068360 -0.0301663  0.0075428 -0.0517950 -0.0093640 -0.0131224 -0.0154931 -0.0974896  0.0386087  0.1030990 -0.0597771
C  0  1  58  0  0  6   0.0072781  0.0817750  0.0488994  0.0136078  0.0170272 -0.0111608 -0.0210570 -0.0901164  0.0605435 -0.0189387 -0.0204792 -0.0420722 -0.0381984  0.0586181 -0.1133077  0.1212430
C  0  1  58  0  0  7  -0.0845420 -0.1071661 -0.0242579 -0.0333604  0.0230000  0.0446696  0.0631501  0.0241439 -0.0358837 -0.0315875 -0.0043333 -0.0370626  0.0030503 -0.0117045 -0.0172079 -0.0134490
C  0  1  58  0  0  8  -0.0441594  0.0106485  0.0762074  0.0271247 -0.0077253  0.1148926  0.0379275 -0.0494178  0.0339618  0.0404830  0.0434138  0.0327686 -0.0353655  0.0501551 -0.0867332 -0.0249957
C  0  1  58  0  0  9  -0.0641433 -0.0317712  0.0121022  0.1357578  0.0727311  0.0384899 -0.0086772  0.0531153 -0.0139746  0.0672605  0.0139652  0.0004432  0.0117634  0.0720038 -0.0085909  0.0748044
C  0  1  58  0  0 10  -0.0173235  0.0579459  0.0464447  0.0002949  0.0261504  0.0054127  0.0350340 -0.0295817  0.0613297 -0.0573757  0.0036626  0.0679217 -0.0960239  0.0252377  0.0093210 -0.0148778
C  0  1  58  0  0 11  -0.0630177  0.0409716 -0.0539402  0.0191909  0.0269825  0.0430770  0.0503129  0.0994731  0.0186157  0.0284112  0.0947236 -0.0299618 -0.0225506  0.0539947 -0.0447721  0.0058477
C  0  1  58  0  0 12   0.0130993 -0.0140212 -0.0289241 -0.0097326  0.1005087  0.0604280  0.0238198 -0.0196014 -0.0097487  0.0373206  0.0407447  0.0289831 -0.0352250 -0.0574385  0.0389442  0.0214730
C  0  1  58  0  0 13  -0.0326639 -0.0082560  0.0156776 -0.1007777 -0.0342562  0.0574843  0.0237593  0.0133735  0.0380112  0.0897747 -0.1187703 -0.0362348 -0.0307005  0.0298890 -0.0501821  0.0189720
C  0  1  58  0  0 14  -0.0574913  0.0078259 -0.0070770 -0.0276632 -0.0386698 -0.0441821 -0.0063349 -0.0470667 -0.0480509  0.0085536  0.1442175 -0.0188872 -0.0038284  0.0294583 -0.0146841 -0.0991873
C  0  1  58  0  0 15  -0.1573645 -0.0509377 -0.0370905  0.0795228  0.0133309 -0.1008842  0.0123225 -0.0147002  0.0415920  0.0304797 -0.0142076 -0.1444616 -0.0451793 -0.0020252 -0.1031376  0.0427541
C  0  1  58  0  0 16   0.0582918  0.0339156 -0.0582279  0.0188366 -0.0099162  0.0377258 -0.0518836  0.0727499 -0.0622625  0.0489362  0.0387821 -0.0520594 -0.0869375  0.0162884 -0.0373898  0.0118213
C  0  1  58  0  0 17  -0.1571401 -0.1254912 -0.0479714 -0.1571083 -0.1970202 -0.0916639  0.0421854 -0.0321458 -0.0166468 -0.0495573 -0.0602406  0.0013989 -0.0750958 -0.0991558 -0.0558617 -0.0070175
C  0  1  58  0  0 18  -0.1652935 -0.1437715  0.0021538 -0.0099737 -0.1367330  0.0128867 -0.0261901  0.0029290  0.0116182 -0.0285637 -0.1081475 -0.0109599 -0.0962433 -0.0298924 -0.1614089  0.0155118
C  0  1  58  0  0 19   0.1537681 -0.1473802 -0.1947068  0.0373262 -0.1028875 -0.0559934 -0.1543890 -0.0623894 -0.0759712 -0.0056303 -0.1071788 -0.0678819 -0.0541267 -0.1879085 -0.0862214 -0.1036130
C  0  1  58  0  0 20  -0.0966793 -0.0716732 -0.1379484 -0.1481990 -0.2655826 -0.1357815 -0.1464112 -0.1134287 -0.0698750 -0.2784021 -0.2674386  0.0051369  0.0164967 -0.1005658 -0.1815037 -0.2067265
C  0  1  58  0  0 21  -0.3540247 -0.2521937 -0.2196697 -0.2956835 -0.1286281 -0.2126810 -0.2337654 -0.0402638 -0.3180992 -0.0602145 -0.1221498 -0.2452483 -0.3581260 -0.4045808 -0.2873184 -0.2487809
C  0  1  58  0  1  0   0.0001418 -0.0001358 -0.0005558 -0.0007357 -0.0036305 -0.0006930 -0.0001480  0.0004805  0.0015995 -0.0000322 -0.0044685 -0.0010544  0.0073896  0.0043672  0.0030108  0.0043054
C  0  1  58  0  1  1   0.0006488  0.0000933 -0.0015675 -0.0027863 -0.0025400 -0.0016462  0.0029263  0.0021396  0.0016968  0.0004827 -0.0022056 -0.0035364  0.0038872  0.0014565  0.0002821  0.0001575
C  0  1  58  0  1  2   0.0036715 -0.0005588 -0.0006028 -0.0005527 -0.0020036  0.0003432  0.0000742  0.0003265 -0.0005328  0.0011455 -0.0006640 -0.0010426  0.0025967 -0.0012711 -0.0010610 -0.0009784
C  0  1  58  0  1  3   0.0044019 -0.0007136 -0.0009090 -0.0033879 -0.0030910  0.0017916  0.0003074 -0.0012892 -0.0025737 -0.0020933 -0.0019660 -0.0030262  0.0024860 -0.0005266 -0.0001683  0.0024723
C  0  1  58  0  1  4   0.0010447  0.0006587 -0.0027385  0.0001985  0.0012222 -0.0006156  0.0003885 -0.0002892  0.0004317  0.0009771  0.0003466 -0.0008886  0.0009676 -0.0012491 -0.0005371 -0.0015569
C  0  1  58  0  1  5  -0.0000057  0.0021455 -0.0027951 -0.0005198  0.0001706 -0.0001347 -0.0002943  0.0013971  0.0006053  0.0009569  0.0014247 -0.0009401 -0.0004421  0.0019270 -0.0007906  0.0005448
C  0  1  58  0  1  6   0.0012710 -0.0004452 -0.0029208 -0.0001463  0.0011374 -0.0005831 -0.0007109  0.0003784  0.0004930 -0.0020948 -0.0000291 -0.0003415  0.0006785 -0.0002012  0.0023456  0.0015808
C  0  1  58  0  1  7   0.0019490  0.0014166 -0.0006228  0.0005818  0.0004625  0.0015324 -0.0021704 -0.0018181  0.0004723 -0.0011348  0.0008818 -0.0020922 -0.0002926  0.0018448 -0.0008981  0.0008038
C  0  1  58  0  1  8   0.0013782  0.0030313 -0.0016521 -0.0015927  0.0017176  0.0021865  0.0002732  0.0005856  0.0021696  0.0014378 -0.0017955 -0.0018992 -0.0002280  0.0008005 -0.0000186  0.0011914
C  0  1  58  0  1  9  -0.0014736  0.0014699  0.0004357  0.0000065  0.0007292 -0.0019761  0.0004179  0.0012236 -0.0017352 -0.0015939 -0.0043243 -0.0008915 -0.0020716 -0.0002817 -0.0004377 -0.0002565
C  0  1  58  0  1 10  -0.0001304 -0.0004723  0.0009865  0.0018019  0.0017218  0.0013901 -0.0012903 -0.0004261 -0.0023105 -0.0024069 -0.0013032 -0.0011468 -0.0029775 -0.0016896 -0.0006325  0.0000643
C  0  1  58  0  1 11  -0.0018721  0.0005151  0.0000792  0.0002786  0.0007691 -0.0004594 -0.0023031  0.0004339 -0.0035031  0.0003619 -0.0000561 -0.0017688 -0.0003602  0.0007821 -0.0002297 -0.0008979
C  0  1  58  0  1 12  -0.0003744 -0.0000655 -0.0012139 -0.0007148  0.0008335  0.0003962  0.0008297 -0.0026389  0.0001426  0.0002744 -0.0001632  0.0011895 -0.0010100  0.0002699 -0.0000684  0.0007572
C  0  1  58  0  1 13   0.0023719 -0.0017914 -0.0011369  0.0015634  0.0036312  0.0023085 -0.0007647 -0.0002252 -0.0011541 -0.0002041 -0.0009333 -0.0036680  0.0001966 -0.0002692  0.0002210  0.0011661
C  0  1  58  0  1 14   0.0014473 -0.0001264  0.0008855 -0.0001341  0.0004509  0.0007773 -0.0002852  0.0013589 -0.0010081  0.0010022  0.0001582  0.0002938  0.0006448  0.0008213 -0.0008232  0.0012664
C  0  1  58  0  1 15   0.0026738  0.0001296 -0.0007905  0.0020130  0.0018738  0.0016266  0.0001812  0.0006568 -0.0004492 -0.0003685 -0.0002720  0.0009206  0.0016170  0.0003574 -0.0004765 -0.0006916
C  0  1  58  0  1 16   0.0018000  0.0030759  0.0020561  0.0008099 -0.0016645  0.0013860 -0.0001487 -0.0014998  0.0004891  0.0007109  0.0001577  0.0014548 -0.0007965 -0.0016392  0.0017549  0.0026220
C  0  1  58  0  1 17   0.0027824 -0.0011265 -0.0006133  0.0021563 -0.0000254  0.0021572  0.0001725  0.0029402 -0.0010370  0.0013798  0.0021162 -0.0003147  0.0013041 -0.0013123  0.0046677  0.0045866
C  0  1  58  0  1 18   0.0032370  0.0035332  0.0016323  0.0012893 -0.0016018  0.0008072  0.0029143  0.0035813 -0.0020574  0.0020943  0.0045035  0.0037864 -0.0016150 -0.0004463  0.0060133  0.0046648
C  0  1  58  0  1 19   0.0035359  0.0035659  0.0003988  0.0022349  0.0000236  0.0015785  0.0044894  0.0020067  0.0026193  0.0025342 -0.0000257 -0.0007266  0.0022748  0.0023122  0.0027959  0.0028160
C  0  1  58  0  1 20   0.0067369  0.0069186  0.0048153  0.0047049  0.0034091  0.0033217  0.0041602  0.0047944  0.0017276  0.0058101 -0.0019506 -0.0003122  0.0016324  0.0047241  0.0062405  0.0029081
C  0  1  58  0  1 21   0.0112353  0.0122316  0.0058564  0.0020513 -0.0046705 -0.0044346 -0.0071944 -0.0038294 -0.0022783 -0.0058380  0.0002190  0.0059939  0.0031530  0.0054860  0.0117737  0.0032845
C  0  1  58  1  0  0  -0.4459665 -0.4264008 -0.3137539 -0.4234040 -0.2220221 -0.4092363 -0.3325052 -0.4249350 -0.3535598 -0.2659258 -0.3121855 -0.4992377 -0.4312354 -0.4870419 -0.4731453 -0.4155508
C  0  1  58  1  0  1  -0.3006727 -0.3452390 -0.3770933 -0.3837877 -0.3605168 -0.2772871 -0.2498483 -0.2453719 -0.3179648 -0.2407323 -0.2801171 -0.3176920 -0.3849293 -0.3721568 -0.3594220 -0.3421338
C  0  1  58  1  0  2  -0.3467085 -0.3495279 -0.2635390 -0.2896145 -0.3055733 -0.2416691 -0.2701358 -0.2451386 -0.2630257 -0.2343493 -0.3169738 -0.3013190 -0.3415239 -0.3603048 -0.2906357 -0.3563194
C  0  1  58  1  0  3  -0.3088990 -0.2769714 -0.3040564 -0.2527259 -0.3020541 -0.2423084 -0.1510721 -0.1544412 -0.2247393 -0.1969602 -0.2264879 -0.2996622 -0.2441828 -0.2969104 -0.3297782 -0.3232946
C  0  1  58  1  0  4  -0.2658284 -0.3064350 -0.3217764 -0.2618587 -0.2705341 -0.2225496 -0.2823906 -0.2608627 -0.2444723 -0.2480875 -0.2047522 -0.3191519 -0.3119850 -0.2640370 -0.3546204 -0.3400293
C  0  1  58  1  0  5  -0.2182123 -0.1671396 -0.1978707 -0.1521335 -0.1616954 -0.1460357 -0.1690682 -0.1268152 -0.1382878 -0.1051328 -0.1574534 -0.1768620 -0.2141361 -0.1496608 -0.2063305 -0.1732342
C  0  1  58  1  0  6  -0.1687780 -0.1136793 -0.1836896 -0.1858048 -0.0962479 -0.1424992 -0.1036171 -0.1547863 -0.1147384 -0.1271451 -0.0607501 -0.0824263 -0.1454637 -0.1148787 -0.1560527 -0.1841317
C  0  1  58  1  0  7  -0.1280431 -0.1885743 -0.1462585 -0.1373542 -0.1611612 -0.1739711 -0.1835426 -0.1506593 -0.1326435 -0.0898501 -0.1051002 -0.0956451 -0.1383385 -0.1515847 -0.1445771 -0.1432677
C  0  1  58  1  0  8  -0.1790405 -0.0935175 -0.1571767 -0.1433681 -0.1850894 -0.1938582 -0.2070927 -0.1499529 -0.1292504 -0.0910405 -0.1367963 -0.1452454 -0.0719301 -0.1592326 -0.1490513 -0.1395529
C  0  1  58  1  0  9  -0.1598506 -0.1460793 -0.0956309 -0.1532430 -0.1011087 -0.1274044 -0.1492543 -0.1915921 -0.0905150 -0.0737225 -0.0928179 -0.1397116 -0.1246950 -0.1262862 -0.1129274 -0.1498071
C  0  1  58  1  0 10  -0.1384508 -0.1237567 -0.1500214 -0.1500736 -0.1399026 -0.1475177 -0.0982870 -0.1100630 -0.0767983 -0.1021008 -0.1262050 -0.1031852 -0.1142795 -0.1305592 -0.0626053 -0.1089341
C  0  1  58  1  0 11  -0.1311754 -0.0938237 -0.1615766 -0.1186076 -0.1023311 -0.1143995 -0.1139318 -0.1005336 -0.1186684 -0.0753402 -0.0968563 -0.1121986 -0.0732906 -0.1349827 -0.0911587 -0.1176456
C  0  1  58  1  0 12  -0.1206461 -0.1635267 -0.1343018 -0.1012440 -0.1206987 -0.1325265 -0.1182653 -0.1680382 -0.0956718 -0.1236215 -0.1108318 -0.0731173 -0.0913045 -0.1128590 -0.1098870 -0.1170111
C  0  1  58  1  0 13  -0.1035868 -0.1613881 -0.1724628 -0.1051510 -0.1483052 -0.1454116 -0.1786235 -0.1244949 -0.1388745 -0.1226257 -0.1375705 -0.1263308 -0.1551195 -0.1257280 -0.1744678 -0.1460861
C  0  1  58  1  0 14  -0.1423542 -0.1548278 -0.2152529 -0.1643958 -0.1857429 -0.1616330 -0.1501200 -0.2128779 -0.1547361 -0.1279430 -0.1090584 -0.0996827 -0.1227474 -0.0681278 -0.1229533 -0.2010837
C  0  1  58  1  0 15  -0.1370727 -0.1853497 -0.1699102 -0.1041757 -0.1649030 -0.1139831 -0.1882864 -0.1797491 -0.1663989 -0.0913722 -0.0897377 -0.1534213 -0.1401343 -0.1040595 -0.1489484 -0.1451440
C  0  1  58  1  0 16  -0.1539174 -0.1588490 -0.1681566 -0.1609217 -0.1748972 -0.1314398 -0.1963520 -0.2084352 -0.1459977 -0.1933488 -0.1056661 -0.1400367 -0.1344665 -0.1114192 -0.1392843 -0.1371643
C  0  1  58  1  0 17  -0.2783086 -0.2655291 -0.2280758 -0.3058530 -0.2628620 -0.2679776 -0.2641200 -0.2907813 -0.2254871 -0.2933970 -0.2425435 -0.2435689 -0.2538060 -0.2907392 -0.2314649 -0.2861845
C  0  1  58  1  0 18  -0.2850353 -0.2448275 -0.3111266 -0.2571902 -0.2313643 -0.2445741 -0.3144641 -0.2723471 -0.2795845 -0.2438121 -0.2604603 -0.2369700 -0.2425436 -0.1872629 -0.1753665 -0.2081178
C  0  1  58  1  0 19  -0.2795357 -0.2739248 -0.3024267 -0.2998059 -0.3192601 -0.2763491 -0.3016022 -0.2723669 -0.2886220 -0.3028614 -0.2374086 -0.3191024 -0.2499630 -0.2126016 -0.3113666 -0.2818599
C  0  1  58  1  0 20  -0.2602382 -0.2962586 -0.3663572 -0.3425097 -0.3426602 -0.2575454 -0.3066022 -0.2582905 -0.3721913 -0.2709848 -0.2712621 -0.2820264 -0.3237004 -0.2733475 -0.2865224 -0.3068025
C  0  1  58  1  0 21  -0.3738510 -0.3744710 -0.4011154 -0.3289007 -0.2678590 -0.2787086 -0.3995765 -0.3390784 -0.3644748 -0.2984185 -0.3375641 -0.3757238 -0.2892501 -0.3034493 -0.3812729 -0.3802024
C  0  1  58  1  1  0   0.0460757  0.0482657  0.0417044  0.0247736  0.0047517 -0.0209185 -0.0328629 -0.0417371 -0.0468605 -0.0352566 -0.0347596 -0.0188910  0.0025724  0.0050754  0.0243688  0.0382184
C  0  1  58  1  1  1   0.0244315  0.0236315  0.0170920  0.0087158  0.0029865 -0.0060744 -0.0147582 -0.0180978 -0.0180409 -0.0139222 -0.0140643 -0.0065235  0.0034462  0.0090199  0.0118043  0.0243473
C  0  1  58  1  1  2   0.0128932  0.0136911  0.0099323  0.0059832  0.0022886 -0.0025280 -0.0078843 -0.0080912 -0.0095934 -0.0053565 -0.0052871 -0.0026465  0.0008698  0.0045912  0.0046745  0.0107514
C  0  1  58  1  1  3   0.0065990  0.0066334  0.0032156  0.0036410  0.0021381 -0.0006916 -0.0049797 -0.0018585  0.0007095 -0.0004345 -0.0017130 -0.0007506  0.0020056  0.0029964  0.0029722  0.0073736
C  0  1  58  1  1  4   0.0010447  0.0025209  0.0005621  0.0003229  0.0032537  0.0028993  0.0009763  0.0016139  0.0053067  0.0034587  0.0002161  0.0001483  0.0025186  0.0017685  0.0042119  0.0018755
C  0  1  58  1  1  5   0.0015770  0.0008623  0.0003893  0.0028999  0.0039619  0.0032117  0.0043360  0.0041457  0.0045407  0.0028364 -0.0009583 -0.0003663  0.0020928  0.0027944  0.0025235 -0.0006556
C  0  1  58  1  1  6   0.0019617  0.0024553  0.0022797  0.0049642  0.0057125  0.0044560  0.0049903  0.0055421  0.0051113  0.0018011  0.0011065  0.0011530  0.0017813  0.0020854  0.0015612  0.0002573
C  0  1  58  1  1  7  -0.0007329  0.0022042  0.0022499  0.0048550  0.0045236  0.0040375  0.0054434  0.0040106  0.0031851  0.0012495 -0.0010105  0.0003400  0.0014119  0.0016499  0.0016105 -0.0004620
C  0  1  58  1  1  8  -0.0000920  0.0013693  0.0035366  0.0023343  0.0049466  0.0036738  0.0047780  0.0056489  0.0064699  0.0016345  0.0012544  0.0005879  0.0028472  0.0022886  0.0021270 -0.0009676
C  0  1  58  1  1  9   0.0011218  0.0027357  0.0025951  0.0028278  0.0025299  0.0026313  0.0043943  0.0038505  0.0030456 -0.0002871  0.0016600  0.0007100  0.0015871  0.0002755  0.0010140 -0.0017254
C  0  1  58  1  1 10  -0.0004317  0.0023792  0.0020186  0.0021234  0.0027423  0.0015919  0.0028826  0.0023062  0.0036991  0.0005554 -0.0003644  0.0006300 -0.0002970  0.0008851  0.0020522 -0.0014416
C  0  1  58  1  1 11   0.0000368  0.0024990  0.0011539  0.0022621  0.0017220 -0.0000518  0.0011609  0.0017490  0.0031016  0.0016961 -0.0012520 -0.0005125 -0.0001039  0.0003925  0.0000340 -0.0021569
C  0  1  58  1  1 12  -0.0000989  0.0021142  0.0029173  0.0038033  0.0020602  0.0016158  0.0012936  0.0025828  0.0042212  0.0010917  0.0014047  0.0000535  0.0008816 -0.0002589  0.0006889 -0.0010692
C  0  1  58  1  1 13   0.0008145  0.0019625  0.0033513  0.0045968  0.0041823  0.0036786  0.0041044  0.0058177  0.0053869  0.0015595  0.0018140  0.0004333 -0.0001736 -0.0019322  0.0008054 -0.0009203
C  0  1  58  1  1 14  -0.0007952  0.0014281  0.0026847  0.0036098  0.0035778  0.0017780  0.0041605  0.0067491  0.0062711  0.0027272  0.0015181 -0.0001600 -0.0022651 -0.0014704 -0.0016839 -0.0023721
C  0  1  58  1  1 15  -0.0011122  0.0005330  0.0029544  0.0049181  0.0032672 -0.0003521  0.0026182  0.0034922  0.0060901  0.0030411  0.0027506  0.0010979 -0.0026893 -0.0053799 -0.0051251 -0.0045140
C  0  1  58  1  1 16  -0.0010186  0.0017424  0.0043442  0.0049878  0.0038638  0.0014742  0.0035030  0.0043698  0.0041743  0.0068178  0.0026367  0.0033174 -0.0017483 -0.0012727 -0.0043390 -0.0042458
C  0  1  58  1  1 17  -0.0040221  0.0028139  0.0012473  0.0052902  0.0024990 -0.0016628  0.0011825  0.0043006  0.0038471  0.0047143  0.0046617  0.0015033 -0.0006232 -0.0054912 -0.0049800 -0.0039266
C  0  1  58  1  1 18  -0.0004783  0.0077923  0.0044686  0.0065143  0.0039790 -0.0001930 -0.0019060 -0.0008705  0.0036290  0.0038892  0.0011094  0.0014093 -0.0006959 -0.0046324 -0.0064837 -0.0036959
C  0  1  58  1  1 19   0.0023035  0.0089213  0.0123399  0.0101008  0.0069153  0.0023502 -0.0033249 -0.0010157  0.0023555  0.0067614  0.0030337 -0.0012731 -0.0019296 -0.0046138 -0.0051357 -0.0011503
C  0  1  58  1  1 20   0.0026051  0.0147480  0.0178081  0.0132749  0.0069719  0.0034730 -0.0009975 -0.0004604  0.0017790  0.0071501  0.0010456 -0.0017738 -0.0062398 -0.0075570 -0.0053522 -0.0040777
C  0  1  58  1  1 21   0.0095975  0.0212572  0.0303857  0.0236691  0.0157839  0.0156391  0.0116515  0.0123123  0.0117984  0.0158094  0.0008867 -0.0038907 -0.0071235 -0.0173861 -0.0072055 -0.0001428
