CPHI 16 
CETA 22 -2.40 -2.10 -1.85 -1.60 -1.40 -1.20 -1.00 -0.80 -0.60 -0.40 -0.20  0.00  0.20  0.40  0.60  0.80  1.00  1.20  1.40  1.60  1.85  2.10  2.40 
RMIN  6 
RTRK 12 
RETA 11  0.00  0.20  0.40  0.60  0.80  1.00  1.20  1.40  1.60  1.85  2.10  2.40 
T 0 1  59  0  0  0    0.0000000   0.0006547   0.0016282   0.0031215   0.0121415   0.0691735   0.2785078   0.6540497   1.0000000   1.0000000   1.0000000   1.0000000   1.0000000
T 0 1  59  0  0  1    0.0000000   0.0001491   0.0005634   0.0024381   0.0125948   0.0593456   0.2261267   0.5885602   1.0000000   1.0000000   1.0000000   1.0000000   1.0000000
T 0 1  59  0  0  2    0.0000000   0.0001356   0.0005400   0.0017356   0.0105673   0.0550768   0.2094844   0.5743706   1.0000000   1.0000000   1.0000000   1.0000000   1.0000000
T 0 1  59  0  0  3    0.0000000   0.0002182   0.0005869   0.0017316   0.0115363   0.0632599   0.2268959   0.5872846   1.0000000   1.0000000   1.0000000   1.0000000   1.0000000
T 0 1  59  0  0  4    0.0000000   0.0004034   0.0026343   0.0143510   0.0629809   0.2045996   0.4891407   0.8224506   1.0000000   1.0000000   1.0000000   1.0000000   1.0000000
T 0 1  59  0  0  5    0.0000000   0.0010123   0.0075051   0.0519064   0.2062071   0.5324908   0.8763597   0.9993995   1.0000000   1.0000000   1.0000000   1.0000000   1.0000000
T 0 1  59  0  0  6    0.0000000   0.0002925   0.0012422   0.0105835   0.0679834   0.2780388   0.6645132   0.9308950   0.9982480   0.9999982   1.0000000   1.0000000   1.0000000
T 0 1  59  0  0  7    0.0000000   0.0000603   0.0003453   0.0008503   0.0047329   0.0311433   0.1194924   0.2976484   0.5815686   0.8695548   0.9840587   0.9998633   1.0000000
T 0 1  59  0  0  8    0.0000000   0.0000000   0.0000361   0.0001131   0.0003424   0.0009591   0.0041560   0.0248955   0.1192268   0.3938632   0.7899735   0.9692226   1.0000000
T 0 1  59  0  0  9    0.0000000   0.0000057   0.0000098   0.0000245   0.0005355   0.0035434   0.0184142   0.0860594   0.3019464   0.6588377   0.9390813   0.9999352   1.0000000
T 0 1  59  0  0 10    0.0000000   0.0067800   0.0289302   0.0462559   0.0793050   0.1692041   0.3378415   0.6897929   0.9103548   0.9701952   0.9998209   1.0000000   1.0000000
T 0 1  59  1  0  0    0.0000000   0.0005148   0.0016399   0.0047460   0.0213440   0.1017716   0.3374237   0.6994022   1.0000000   1.0000000   1.0000000   1.0000000   1.0000000
T 0 1  59  1  0  1    0.0000000   0.0002633   0.0010891   0.0042307   0.0181163   0.0752157   0.2537985   0.6193956   1.0000000   1.0000000   1.0000000   1.0000000   1.0000000
T 0 1  59  1  0  2    0.0000000   0.0002194   0.0008486   0.0027728   0.0124455   0.0616642   0.2339277   0.6064318   1.0000000   1.0000000   1.0000000   1.0000000   1.0000000
T 0 1  59  1  0  3    0.0000000   0.0002283   0.0008669   0.0027852   0.0140251   0.0700545   0.2491207   0.6198491   1.0000000   1.0000000   1.0000000   1.0000000   1.0000000
T 0 1  59  1  0  4    0.0000000   0.0004356   0.0027620   0.0153929   0.0663357   0.2155446   0.5058694   0.8320271   1.0000000   1.0000000   1.0000000   1.0000000   1.0000000
T 0 1  59  1  0  5    0.0000000   0.0011873   0.0094478   0.0577925   0.2246261   0.5586818   0.8900123   0.9996500   1.0000000   1.0000000   1.0000000   1.0000000   1.0000000
T 0 1  59  1  0  6    0.0000000   0.0004626   0.0026649   0.0180020   0.0942133   0.3329130   0.7236541   0.9536823   0.9988141   0.9999984   1.0000000   1.0000000   1.0000000
T 0 1  59  1  0  7    0.0000000   0.0002246   0.0006446   0.0024765   0.0123245   0.0526267   0.1570011   0.3413836   0.6074237   0.8728054   0.9849908   0.9998878   1.0000000
T 0 1  59  1  0  8    0.0000000   0.0009562   0.0014955   0.0017998   0.0022382   0.0036136   0.0107994   0.0452511   0.1686405   0.4573475   0.8251665   0.9710661   1.0000000
T 0 1  59  1  0  9    0.0000000   0.0021003   0.0074838   0.0131257   0.0159362   0.0198461   0.0401951   0.1288935   0.3661962   0.7154288   0.9583841   0.9999941   1.0000000
T 0 1  59  1  0 10    0.0000000   0.0032254   0.0170235   0.0428863   0.0843736   0.1746921   0.3942474   0.7474223   0.9511020   0.9856143   0.9999985   1.0000000   1.0000000
R 0 1  59  0  0  0    0.0226899   0.0226899   0.0111939   0.0107554   0.0103807   0.0101466   0.0100247   0.0098513   0.0098513   0.0098513   0.0098513   0.0098513
R 0 1  59  0  0  1    0.0119620   0.0119620   0.0119620   0.0119620   0.0110665   0.0109454   0.0109701   0.0108358   0.0108358   0.0108358   0.0108358   0.0108358
R 0 1  59  0  0  2    0.0124931   0.0124931   0.0124931   0.0124931   0.0120823   0.0119724   0.0118519   0.0116854   0.0116854   0.0116854   0.0116854   0.0116854
R 0 1  59  0  0  3    0.0133228   0.0133228   0.0133228   0.0133228   0.0126303   0.0125141   0.0123525   0.0122544   0.0122544   0.0122544   0.0122544   0.0122544
R 0 1  59  0  0  4    0.0186997   0.0186997   0.0186997   0.0174891   0.0169637   0.0158552   0.0144630   0.0130727   0.0130727   0.0130727   0.0130727   0.0130727
R 0 1  59  0  0  5    0.0205398   0.0205398   0.0194147   0.0191547   0.0187178   0.0180788   0.0169481   0.0169481   0.0169481   0.0169481   0.0169481   0.0169481
R 0 1  59  0  0  6    0.0199464   0.0199464   0.0199464   0.0202697   0.0207889   0.0207155   0.0207887   0.0204605   0.0204605   0.0204605   0.0204605   0.0204605
R 0 1  59  0  0  7    0.0220289   0.0220289   0.0220289   0.0220289   0.0206465   0.0212526   0.0210295   0.0210120   0.0206234   0.0197872   0.0197872   0.0197872
R 0 1  59  0  0  8    0.0216432   0.0216432   0.0216432   0.0216432   0.0216432   0.0216432   0.0216432   0.0209044   0.0209459   0.0208742   0.0201771   0.0189329
R 0 1  59  0  0  9    0.0317645   0.0317645   0.0317645   0.0317645   0.0317645   0.0317645   0.0297866   0.0289634   0.0274949   0.0264473   0.0250379   0.0250379
R 0 1  59  0  0 10    0.0801009   0.0721304   0.0614732   0.0534937   0.0468769   0.0440439   0.0409054   0.0355994   0.0336035   0.0305933   0.0305933   0.0305933
R 0 1  59  0  1  0    0.0000000   0.0000000   0.0000000   0.0000778   0.0000844   0.0000781   0.0000725   0.0000652   0.0000652   0.0000652   0.0000652   0.0000652
R 0 1  59  0  1  1    0.0000736   0.0000736   0.0000736   0.0000736   0.0000726   0.0000685   0.0000622   0.0000574   0.0000574   0.0000574   0.0000574   0.0000574
R 0 1  59  0  1  2    0.0000612   0.0000612   0.0000612   0.0000612   0.0000697   0.0000629   0.0000617   0.0000554   0.0000554   0.0000554   0.0000554   0.0000554
R 0 1  59  0  1  3    0.0000661   0.0000661   0.0000661   0.0000661   0.0000651   0.0000552   0.0000539   0.0000502   0.0000502   0.0000502   0.0000502   0.0000502
R 0 1  59  0  1  4    0.0001031   0.0001031   0.0001031   0.0000858   0.0000869   0.0000734   0.0000560   0.0000467   0.0000467   0.0000467   0.0000467   0.0000467
R 0 1  59  0  1  5    0.0001576   0.0001576   0.0000815   0.0000788   0.0000683   0.0000639   0.0000460   0.0000460   0.0000460   0.0000460   0.0000460   0.0000460
R 0 1  59  0  1  6    0.0000510   0.0000510   0.0000510   0.0000462   0.0000565   0.0000584   0.0000478   0.0000098   0.0000098   0.0000098   0.0000098   0.0000098
R 0 1  59  0  1  7    0.0002362   0.0002362   0.0002362   0.0002362   0.0000852   0.0000801   0.0000640   0.0000759   0.0000737   0.0000609   0.0000609   0.0000609
R 0 1  59  0  1  8    0.0001271   0.0001271   0.0001271   0.0001271   0.0001271   0.0001271   0.0001271   0.0001071   0.0001026   0.0000957   0.0000869   0.0000849
R 0 1  59  0  1  9    0.0003030   0.0003030   0.0003030   0.0003030   0.0003030   0.0003030   0.0002194   0.0002000   0.0001788   0.0001496   0.0001206   0.0001206
R 0 1  59  0  1 10    0.0015197   0.0012028   0.0008347   0.0007357   0.0005646   0.0004819   0.0003910   0.0002547   0.0001853   0.0001444   0.0001444   0.0001444
R 0 1  59  0  2  0    0.0000000   0.0000000   0.0000000   0.0000000   0.0000000   0.0000128   0.0000153   0.0000000   0.0000000   0.0000000   0.0000000   0.0000000
R 0 1  59  0  2  1    0.0000000   0.0000000   0.0000000   0.0000000   0.0000000   0.0000000   0.0000000   0.0000205   0.0000205   0.0000205   0.0000205   0.0000205
R 0 1  59  0  2  2    0.0000000   0.0000000   0.0000000   0.0000000   0.0000498   0.0000000   0.0000131   0.0000097   0.0000097   0.0000097   0.0000097   0.0000097
R 0 1  59  0  2  3    0.0000000   0.0000000   0.0000000   0.0000000   0.0000000   0.0000194   0.0000145   0.0000000   0.0000000   0.0000000   0.0000000   0.0000000
R 0 1  59  0  2  4    0.0000000   0.0000000   0.0000000   0.0000000   0.0000000   0.0000085   0.0000209   0.0000214   0.0000214   0.0000214   0.0000214   0.0000214
R 0 1  59  0  2  5    0.0000000   0.0000000   0.0000000   0.0000000   0.0000140   0.0000084   0.0000000   0.0000000   0.0000000   0.0000000   0.0000000   0.0000000
R 0 1  59  0  2  6    0.0000000   0.0000000   0.0000000   0.0000000   0.0000000   0.0000104   0.0000000   0.0000320   0.0000320   0.0000320   0.0000320   0.0000320
R 0 1  59  0  2  7    0.0000000   0.0000000   0.0000000   0.0000000   0.0000000   0.0000000   0.0000192   0.0000000   0.0000000   0.0000186   0.0000186   0.0000186
R 0 1  59  0  2  8    0.0000000   0.0000000   0.0000000   0.0000000   0.0000000   0.0000000   0.0000000   0.0000000   0.0000000   0.0000090   0.0000000   0.0000000
R 0 1  59  0  2  9    0.0000000   0.0000000   0.0000000   0.0000000   0.0000000   0.0000000   0.0000000   0.0000000   0.0000000   0.0000000   0.0000000   0.0000000
R 0 1  59  0  2 10    0.0000000   0.0000000   0.0000000   0.0000000   0.0000000   0.0000000   0.0000808   0.0000323   0.0000000   0.0000000   0.0000000   0.0000000
R 0 1  59  0  3  0    1.0909751   1.0909751   1.0729113   1.0352811   0.9971778   0.9837045   0.9823638   0.9812664   0.9812664   0.9812664   0.9812664   0.9812664
R 0 1  59  0  3  1    1.0218168   1.0218168   1.0218168   1.0218168   0.9936740   0.9862377   0.9793771   0.9771473   0.9771473   0.9771473   0.9771473   0.9771473
R 0 1  59  0  3  2    1.0226069   1.0226069   1.0226069   1.0226069   0.9990726   0.9837588   0.9818952   0.9807685   0.9807685   0.9807685   0.9807685   0.9807685
R 0 1  59  0  3  3    0.9971374   0.9971374   0.9971374   0.9971374   1.0020136   0.9853689   0.9814421   0.9791734   0.9791734   0.9791734   0.9791734   0.9791734
R 0 1  59  0  3  4    1.0146728   1.0146728   1.0146728   0.9824540   0.9788403   0.9744112   0.9788597   0.9860192   0.9860192   0.9860192   0.9860192   0.9860192
R 0 1  59  0  3  5    0.9810821   0.9810821   0.9968568   0.9811505   0.9736899   0.9710951   0.9703150   0.9703150   0.9703150   0.9703150   0.9703150   0.9703150
R 0 1  59  0  3  6    1.0503216   1.0503216   1.0503216   1.0020416   0.9872878   0.9859397   0.9828785   0.9945633   0.9945633   0.9945633   0.9945633   0.9945633
R 0 1  59  0  3  7    1.0158386   1.0158386   1.0158386   1.0158386   1.0378236   1.0001091   0.9893524   0.9852511   0.9872650   0.9850207   0.9850207   0.9850207
R 0 1  59  0  3  8    1.0122347   1.0122347   1.0122347   1.0122347   1.0122347   1.0122347   1.0122347   0.9991205   0.9850004   0.9845483   0.9898445   1.0185281
R 0 1  59  0  3  9    1.0253552   1.0253552   1.0253552   1.0253552   1.0253552   1.0253552   0.9865227   0.9735521   0.9738951   0.9873080   1.0023241   1.0023241
R 0 1  59  0  3 10    1.0377977   1.0274229   1.0212508   0.9800071   0.9796032   0.9720771   0.9699159   0.9702677   0.9994946   0.9997657   0.9997657   0.9997657
R 0 1  59  0  4  0    1.2048242   1.2048242   1.3206136   2.3441881   2.2329466   2.2362713   2.2697469   2.2448310   2.2448310   2.2448310   2.2448310   2.2448310
R 0 1  59  0  4  1    1.9924035   1.9924035   1.9924035   1.9924035   2.1055671   2.2419311   2.2011504   2.1713276   2.1713276   2.1713276   2.1713276   2.1713276
R 0 1  59  0  4  2    1.8689679   1.8689679   1.8689679   1.8689679   2.2179741   2.2233396   2.2519405   2.2309780   2.2309780   2.2309780   2.2309780   2.2309780
R 0 1  59  0  4  3    1.6808954   1.6808954   1.6808954   1.6808954   2.2224422   2.2181255   2.2294238   2.1845749   2.1845749   2.1845749   2.1845749   2.1845749
R 0 1  59  0  4  4    1.8006388   1.8006388   1.8006388   2.0356673   2.1196938   2.0980811   2.2197892   2.2950528   2.2950528   2.2950528   2.2950528   2.2950528
R 0 1  59  0  4  5    1.5654886   1.5654886   2.0670874   2.1284821   2.0653223   2.0564141   1.9544954   1.9544954   1.9544954   1.9544954   1.9544954   1.9544954
R 0 1  59  0  4  6    2.0195570   2.0195570   2.0195570   2.1820745   2.3021696   2.3735683   2.3341110   2.3419517   2.3419517   2.3419517   2.3419517   2.3419517
R 0 1  59  0  4  7    1.7205428   1.7205428   1.7205428   1.7205428   2.3767905   2.3810529   2.3061645   2.3614241   2.4042912   2.3669857   2.3669857   2.3669857
R 0 1  59  0  4  8    2.3242102   2.3242102   2.3242102   2.3242102   2.3242102   2.3242102   2.3242102   2.3079721   2.2351440   2.2834984   2.3126221   2.3873659
R 0 1  59  0  4  9    2.1309763   2.1309763   2.1309763   2.1309763   2.1309763   2.1309763   1.9672148   2.0318414   2.0433298   2.2254971   2.1979694   2.1979694
R 0 1  59  0  4 10    2.0460792   2.2646991   1.9667159   1.8018715   1.9710003   1.9714261   1.9881424   1.9573522   2.0582963   1.9704698   1.9704698   1.9704698
R 0 1  59  0  5  0   23.2978154  23.2978154   6.7792744   2.8581134   4.1240814   4.0159472   3.9834040   4.0745288   4.0745288   4.0745288   4.0745288   4.0745288
R 0 1  59  0  5  1    4.0328429   4.0328429   4.0328429   4.0328429   4.4566385   3.9720921   4.3089038   4.4618943   4.4618943   4.4618943   4.4618943   4.4618943
R 0 1  59  0  5  2    3.8466772   3.8466772   3.8466772   3.8466772   4.1491905   4.1832130   4.0207870   4.3137477   4.3137477   4.3137477   4.3137477   4.3137477
R 0 1  59  0  5  3    5.8922821   5.8922821   5.8922821   5.8922821   4.1259649   4.3558424   4.3040417   4.5902920   4.5902920   4.5902920   4.5902920   4.5902920
R 0 1  59  0  5  4    5.5121190   5.5121190   5.5121190   4.9103481   4.8412100   4.7552532   3.8235471   3.4809703   3.4809703   3.4809703   3.4809703   3.4809703
R 0 1  59  0  5  5    6.1302253   6.1302253   5.0081007   4.6684397   5.5294269   4.9023130   4.3236693   4.3236693   4.3236693   4.3236693   4.3236693   4.3236693
R 0 1  59  0  5  6    3.1718967   3.1718967   3.1718967   4.2205487   3.6372753   2.8688027   2.3951316   1.8547601   1.8547601   1.8547601   1.8547601   1.8547601
R 0 1  59  0  5  7    4.6123583   4.6123583   4.6123583   4.6123583   3.2648571   3.0320049   3.0751761   2.8418478   2.5327041   2.0457169   2.0457169   2.0457169
R 0 1  59  0  5  8    3.4568165   3.4568165   3.4568165   3.4568165   3.4568165   3.4568165   3.4568165   3.9576736   4.5103910   4.2754810   3.4702339   3.5763388
R 0 1  59  0  5  9    4.5521524   4.5521524   4.5521524   4.5521524   4.5521524   4.5521524   8.0462579   6.2433221   6.6161602   5.1777005   5.5248644   5.5248644
R 0 1  59  0  5 10    4.8045927   3.6346852   4.2857205   6.9053800   5.6218347   6.7823893   7.5987865   8.6041241   7.2268274   6.8371318   6.8371318   6.8371318
F  0  1  59  0  0  0    1.0012953   0.9992883   0.9978186   1.0054499   0.9829592   0.9960179   1.0038233   0.9973862   0.9905823   0.9805177   0.9885585
F  0  1  59  1  0  0    1.0472182   1.0586171   1.0674100   1.0680254   1.0566660   1.0785294   1.0827189   1.0605867   1.0440544   1.0565314   1.0824504
C  0  1  59  0  0  0  -0.2339932 -0.0551490 -0.1260861 -0.3413131 -0.2214864 -0.1192516 -0.0532580 -0.1111649 -0.2881517 -0.2004048 -0.1584690 -0.0205227 -0.2754194 -0.3117324 -0.4213677 -0.0373175
C  0  1  59  0  0  1  -0.1039653 -0.1988537 -0.0764236 -0.1631105 -0.0977797 -0.1263715 -0.1146086  0.0203939  0.0487563 -0.2022576  0.0389287 -0.1224123 -0.1371479 -0.1702812 -0.2240510 -0.0736476
C  0  1  59  0  0  2  -0.0575715 -0.1649040 -0.1511540 -0.0929139  0.0001897  0.0287854 -0.0333349 -0.1325884 -0.0251582 -0.1814003 -0.0149855 -0.0586247 -0.1028925 -0.0928859 -0.0652282 -0.1428556
C  0  1  59  0  0  3  -0.1543707 -0.1063870 -0.1372095 -0.0877385  0.0554805 -0.0963257 -0.1176627  0.0627106 -0.0856872  0.1188332 -0.0747085 -0.0659333 -0.0922182 -0.0545444 -0.1295582 -0.0360017
C  0  1  59  0  0  4  -0.0562075 -0.0765483 -0.0105427 -0.1167236 -0.0816841 -0.1135503 -0.0720609  0.0219365  0.0256830 -0.0344016 -0.0084952 -0.0688290 -0.1332423 -0.1392787 -0.0020041 -0.1319886
C  0  1  59  0  0  5  -0.1014000 -0.0526530 -0.0407879 -0.0541853 -0.0768184 -0.0507195  0.0208656  0.0168467  0.0428564 -0.0182649 -0.0256717  0.0315287 -0.0550743  0.0121534  0.1388281 -0.0806003
C  0  1  59  0  0  6  -0.0087708  0.0864676  0.0435524 -0.0529030  0.0184847 -0.0160404 -0.0610814 -0.0553063 -0.0083532 -0.0722143  0.0553810 -0.0156972 -0.0552073  0.0600591 -0.1004314  0.0785279
C  0  1  59  0  0  7   0.0207483  0.0084618  0.0362744  0.0020404  0.0695699  0.0213356  0.0661687  0.0480282 -0.0509142 -0.0329347  0.1187351  0.0129743 -0.0015555 -0.0381738 -0.1082249 -0.0205385
C  0  1  59  0  0  8  -0.0663048 -0.0050387  0.0472869  0.0275563 -0.0213679  0.0047703  0.0454811 -0.0670326  0.0104543  0.0190334 -0.0283157 -0.0903834 -0.0010725  0.0907195 -0.1238406 -0.0102256
C  0  1  59  0  0  9  -0.0607950 -0.0112178 -0.0426690  0.0372424  0.0171096  0.0308094  0.0181449  0.0375850 -0.0540746 -0.0164664  0.0534594 -0.0031008 -0.0118897  0.0829674  0.0067293  0.0363256
C  0  1  59  0  0 10  -0.0417700 -0.0055232  0.0131245  0.0559295  0.0333280  0.0160190  0.0465717 -0.0011998 -0.0018648 -0.0359784 -0.0425716  0.0173700 -0.0376826  0.0958403 -0.0201337  0.0308989
C  0  1  59  0  0 11  -0.0112878  0.0189643 -0.0708251  0.0732749  0.0110999  0.1007123  0.0341855  0.1105718  0.0463604  0.0185278 -0.0000739 -0.0419244 -0.0429796  0.0169203  0.0290934  0.0098714
C  0  1  59  0  0 12   0.0101513 -0.0508663  0.0417451 -0.0124577  0.0368848  0.0329823 -0.0194726  0.0413242  0.0134959  0.0417770  0.0316821  0.0212346 -0.1164231 -0.0173693 -0.0019653  0.0681289
C  0  1  59  0  0 13  -0.0389021  0.0077117  0.0327221  0.0206072 -0.0223317  0.0003822 -0.0365774  0.0603302  0.0595465 -0.0010087  0.0361634  0.0648694 -0.0623267 -0.0530155 -0.0279355 -0.0273443
C  0  1  59  0  0 14  -0.0027942  0.0082016 -0.0817463  0.0203966 -0.0098614  0.0038818  0.0128842  0.0736495  0.0268629 -0.0489356  0.0505231 -0.0972112  0.0806666  0.0004005  0.0362875 -0.0584178
C  0  1  59  0  0 15  -0.0536875 -0.0670528  0.0321595 -0.0133478 -0.0196872 -0.0047999 -0.0524432  0.0589168  0.0435218 -0.0604891 -0.0451998 -0.1286515 -0.0527923 -0.0354729 -0.0861130 -0.0414683
C  0  1  59  0  0 16   0.1137148  0.0695625 -0.0322983  0.0065750 -0.0632920 -0.0142816  0.0218919 -0.0323828 -0.0157495  0.1093134  0.0801728 -0.0486149 -0.0498508 -0.0948366 -0.1137063 -0.0397829
C  0  1  59  0  0 17  -0.0844986 -0.0644043 -0.1309974 -0.1090443 -0.0547244 -0.1321110 -0.0504160  0.0020713 -0.0201492 -0.0780079  0.0381883 -0.1694444 -0.1350501 -0.1329782 -0.0496507  0.0338933
C  0  1  59  0  0 18  -0.1475334 -0.0784896 -0.0341432 -0.1013156 -0.1038680 -0.0145673 -0.0992861 -0.0685068  0.0297783 -0.0452193 -0.0453284 -0.0985628 -0.0423744 -0.0588861 -0.1144817 -0.0236135
C  0  1  59  0  0 19  -0.0247841 -0.1234483 -0.1442215  0.0221543 -0.0621603  0.0076656 -0.0740197 -0.0267528 -0.1232015 -0.0877281 -0.0257690 -0.0918523 -0.0109299 -0.0679371 -0.1294001 -0.2133078
C  0  1  59  0  0 20  -0.2330390 -0.1722329  0.0170058 -0.0410314 -0.1572343 -0.2144835 -0.1280680 -0.2100824 -0.2446360 -0.1895154 -0.1249200 -0.0151081 -0.0898075 -0.1401410 -0.0997304 -0.1342243
C  0  1  59  0  0 21  -0.2624404 -0.1338966 -0.1856464 -0.1986269 -0.1591105 -0.2083701 -0.3330217 -0.0513236  0.0112743 -0.1098187 -0.2116065 -0.2771770 -0.4726959 -0.2818003 -0.2320349 -0.3001088
C  0  1  59  0  1  0  -0.0014168  0.0006575  0.0036902 -0.0004117 -0.0051884  0.0056722  0.0024638 -0.0016933  0.0014229  0.0016064 -0.0035808  0.0007601  0.0063406  0.0013864  0.0076975  0.0090875
C  0  1  59  0  1  1   0.0000655  0.0017365 -0.0024264 -0.0019022  0.0004932 -0.0017175  0.0051496  0.0007819  0.0015861 -0.0014179 -0.0029961 -0.0040302  0.0024347  0.0052615  0.0019833  0.0004069
C  0  1  59  0  1  2   0.0045878  0.0005980 -0.0000682 -0.0005433 -0.0037397  0.0003655 -0.0003354  0.0012544 -0.0028536  0.0005731 -0.0000158  0.0008047  0.0024275 -0.0025246  0.0006824 -0.0024709
C  0  1  59  0  1  3   0.0023979  0.0016242  0.0011236 -0.0034113  0.0005428  0.0021891  0.0013781  0.0000705 -0.0025195 -0.0027923 -0.0029468 -0.0015539  0.0012577 -0.0032610  0.0000926  0.0018940
C  0  1  59  0  1  4   0.0028525 -0.0011339 -0.0002435  0.0027738  0.0006116 -0.0011745  0.0022342 -0.0018076  0.0029535  0.0011456 -0.0004794 -0.0022539  0.0012974  0.0005447  0.0001046 -0.0015809
C  0  1  59  0  1  5   0.0016996  0.0002038 -0.0017762  0.0020116  0.0019232 -0.0011575 -0.0025795  0.0000960 -0.0004288  0.0009990  0.0035018 -0.0010325  0.0007024  0.0014162  0.0009159 -0.0018161
C  0  1  59  0  1  6   0.0023170 -0.0014092 -0.0005685 -0.0015683  0.0000161  0.0003909 -0.0022652 -0.0021550  0.0022098 -0.0025892 -0.0031510 -0.0010601 -0.0006779 -0.0026811  0.0012867 -0.0002587
C  0  1  59  0  1  7   0.0019023 -0.0004392 -0.0005542  0.0011979  0.0037925  0.0025889 -0.0014726  0.0005337  0.0007695 -0.0007100  0.0005154 -0.0003406 -0.0002339 -0.0010779  0.0000123 -0.0002605
C  0  1  59  0  1  8   0.0011529  0.0012805  0.0002013 -0.0005167  0.0015233 -0.0004483 -0.0003603 -0.0004975  0.0023620  0.0004561 -0.0007345 -0.0023857 -0.0010438  0.0013247  0.0003916 -0.0000595
C  0  1  59  0  1  9  -0.0021499  0.0002057  0.0006933 -0.0003003  0.0025235 -0.0001229  0.0012472  0.0003346  0.0012233 -0.0016248 -0.0011408  0.0003582  0.0007517  0.0013745 -0.0012494  0.0014663
C  0  1  59  0  1 10   0.0007853  0.0016626  0.0031130  0.0011132  0.0011594 -0.0000740  0.0015716 -0.0010084 -0.0019627 -0.0009712 -0.0015247  0.0003481 -0.0015212 -0.0001610  0.0009955  0.0018777
C  0  1  59  0  1 11  -0.0010362  0.0009115 -0.0000079  0.0007125  0.0014187  0.0010292 -0.0020800 -0.0014346 -0.0028522 -0.0003160 -0.0009861 -0.0013032  0.0016807 -0.0013062  0.0007151  0.0008044
C  0  1  59  0  1 12   0.0014814 -0.0002234  0.0012162  0.0006006  0.0010897  0.0010876  0.0005995  0.0007910  0.0023926 -0.0003764 -0.0007526  0.0028523  0.0003297 -0.0000603  0.0003606  0.0013853
C  0  1  59  0  1 13   0.0019119 -0.0000794  0.0007310  0.0036169  0.0037163  0.0014936 -0.0012308  0.0004362  0.0017891 -0.0006562 -0.0001168 -0.0018258 -0.0015513  0.0005177 -0.0000041  0.0026077
C  0  1  59  0  1 14   0.0032147  0.0006276  0.0027493  0.0021646  0.0027043  0.0020545 -0.0001509  0.0009240  0.0012342  0.0010682  0.0000709 -0.0003141  0.0013253  0.0026371 -0.0006803  0.0032391
C  0  1  59  0  1 15   0.0016887  0.0002622  0.0007283  0.0010603  0.0029843  0.0021387  0.0000025 -0.0028720 -0.0004834  0.0007458  0.0013623  0.0014347  0.0001599  0.0010781 -0.0001053  0.0004234
C  0  1  59  0  1 16   0.0024014  0.0014168  0.0026480 -0.0003012 -0.0000999 -0.0000447  0.0003934  0.0015927  0.0015598 -0.0007676 -0.0002214  0.0001092 -0.0009782  0.0021990  0.0030842  0.0032314
C  0  1  59  0  1 17   0.0014827 -0.0016640  0.0010791  0.0025956  0.0026246  0.0040227  0.0040800  0.0023295 -0.0002656  0.0021832  0.0027507  0.0010764  0.0005779 -0.0009919  0.0041559  0.0044652
C  0  1  59  0  1 18   0.0079187  0.0052446  0.0041954  0.0038839 -0.0003937  0.0033381  0.0055935  0.0042997 -0.0004247  0.0018788  0.0046537  0.0018439 -0.0001774  0.0007158  0.0084138  0.0046146
C  0  1  59  0  1 19   0.0033801  0.0047055  0.0007849  0.0030710  0.0020327  0.0014719  0.0022867  0.0027862  0.0056135  0.0040183 -0.0001108  0.0015700  0.0012215  0.0014386  0.0068868  0.0025165
C  0  1  59  0  1 20   0.0068868  0.0051150  0.0076752  0.0042342  0.0002146  0.0036700  0.0027163  0.0031755  0.0037477  0.0058362  0.0021897 -0.0017150  0.0042702  0.0074957  0.0056354  0.0068315
C  0  1  59  0  1 21   0.0132945  0.0119107  0.0030891  0.0031986 -0.0014282 -0.0044164 -0.0021778 -0.0047557  0.0003110 -0.0029760  0.0008714  0.0061658 -0.0006711  0.0055583  0.0115157  0.0084961
C  0  1  59  1  0  0  -0.4531251 -0.3880651 -0.3568068 -0.3227953 -0.2063464 -0.4121631 -0.2721871 -0.2392334 -0.3182020 -0.2944049 -0.3178606 -0.4951708 -0.3932198 -0.4353132 -0.3908140 -0.4243830
C  0  1  59  1  0  1  -0.2941123 -0.4241170 -0.3331117 -0.2954470 -0.3061131 -0.2466630 -0.2880826 -0.2234660 -0.2777762 -0.2448155 -0.2734892 -0.3495725 -0.3502061 -0.4043166 -0.3647686 -0.3224717
C  0  1  59  1  0  2  -0.3186365 -0.3214144 -0.2921818 -0.3154352 -0.3408283 -0.2030777 -0.3042020 -0.2517966 -0.2370314 -0.2733594 -0.2981749 -0.2963085 -0.3089566 -0.3753949 -0.3195027 -0.3605884
C  0  1  59  1  0  3  -0.3049861 -0.3141438 -0.3025269 -0.2652161 -0.2763173 -0.2277164 -0.1652875 -0.1072760 -0.1571644 -0.2320792 -0.2079318 -0.2515557 -0.2682636 -0.2929840 -0.3189449 -0.3118612
C  0  1  59  1  0  4  -0.2946770 -0.2902623 -0.2622029 -0.2655902 -0.2507838 -0.2253869 -0.2642448 -0.1816573 -0.2328932 -0.2346903 -0.2006282 -0.2769077 -0.3386071 -0.3102118 -0.3399412 -0.2959845
C  0  1  59  1  0  5  -0.1682895 -0.2012356 -0.1701890 -0.1651029 -0.1526120 -0.1176937 -0.1417685 -0.1502175 -0.1155843 -0.1551878 -0.1424287 -0.1982921 -0.1745135 -0.1817020 -0.2185079 -0.2522189
C  0  1  59  1  0  6  -0.1311550 -0.1485712 -0.1960373 -0.1730137 -0.1248119 -0.1533877 -0.1453662 -0.1142838 -0.1732254 -0.1393119 -0.1208472 -0.0930145 -0.1488010 -0.1853550 -0.2201105 -0.2162941
C  0  1  59  1  0  7  -0.1768103 -0.1397657 -0.1363474 -0.1396990 -0.1821037 -0.1412419 -0.1553291 -0.1449011 -0.1006748 -0.0897593 -0.0975602 -0.1509178 -0.1438927 -0.1273236 -0.1342998 -0.1383845
C  0  1  59  1  0  8  -0.2052955 -0.1169579 -0.1617254 -0.1807587 -0.1610091 -0.1825214 -0.1498005 -0.1466927 -0.1420508 -0.1255937 -0.1153302 -0.1671084 -0.1438857 -0.2081694 -0.1608173 -0.1873045
C  0  1  59  1  0  9  -0.1563139 -0.1130264 -0.1106490 -0.1249363 -0.0894624 -0.1125529 -0.0773325 -0.1693371 -0.0915854 -0.1223453 -0.0975587 -0.1228838 -0.1251066 -0.1102468 -0.1471050 -0.1223366
C  0  1  59  1  0 10  -0.1626113 -0.1010669 -0.1000712 -0.1755273 -0.1449368 -0.1180673 -0.1304236 -0.1049835 -0.0455672 -0.1065859 -0.1110590 -0.1313453 -0.1150332 -0.1050789 -0.1054206 -0.1418703
C  0  1  59  1  0 11  -0.1529459 -0.1253510 -0.1692783 -0.1076779 -0.0956879 -0.1168875 -0.1039096 -0.1062692 -0.1033663 -0.0994743 -0.0874107 -0.1310645 -0.0925505 -0.1307309 -0.0934640 -0.1258097
C  0  1  59  1  0 12  -0.1225547 -0.1289685 -0.1280419 -0.0904956 -0.1322440 -0.1379702 -0.1323608 -0.1542054 -0.1205416 -0.1297751 -0.1097068 -0.0918986 -0.1079497 -0.1043767 -0.1140325 -0.1121239
C  0  1  59  1  0 13  -0.1497352 -0.1542121 -0.1351298 -0.1575798 -0.1430021 -0.1823683 -0.1643641 -0.1664524 -0.1319168 -0.1368083 -0.1780167 -0.1565235 -0.1655074 -0.1729191 -0.1687493 -0.1676792
C  0  1  59  1  0 14  -0.0937566 -0.1261456 -0.1702397 -0.1491747 -0.1511023 -0.1362059 -0.1390899 -0.2200568 -0.1530203 -0.1373455 -0.1147288 -0.1314838 -0.1547130 -0.1084400 -0.1555162 -0.1765964
C  0  1  59  1  0 15  -0.1504170 -0.1938546 -0.1617774 -0.1261211 -0.1777795 -0.1407816 -0.1518539 -0.1613593 -0.1441294 -0.1461650 -0.0756323 -0.1905782 -0.1877038 -0.1436015 -0.0776786 -0.1969332
C  0  1  59  1  0 16  -0.2128702 -0.1878577 -0.1702096 -0.1198590 -0.1593895 -0.1384696 -0.1922172 -0.1836664 -0.1280299 -0.1777737 -0.1352629 -0.1619773 -0.1175829 -0.1539283 -0.1509194 -0.1519996
C  0  1  59  1  0 17  -0.2854860 -0.2153426 -0.1925593 -0.3080988 -0.2136431 -0.2603494 -0.2742131 -0.2505965 -0.2268698 -0.2654214 -0.2956884 -0.2680329 -0.1858022 -0.3028538 -0.1979932 -0.2467716
C  0  1  59  1  0 18  -0.2145333 -0.2306972 -0.2761851 -0.1963254 -0.2402591 -0.2437398 -0.2526745 -0.2601541 -0.2585060 -0.2114654 -0.2646831 -0.2773435 -0.2725632 -0.2102817 -0.1858516 -0.2516490
C  0  1  59  1  0 19  -0.3117233 -0.2100834 -0.2923276 -0.3466055 -0.2917557 -0.2611931 -0.2955508 -0.2606502 -0.2920139 -0.2645636 -0.2501975 -0.2720158 -0.2782947 -0.2478877 -0.3131601 -0.2830648
C  0  1  59  1  0 20  -0.2144354 -0.3074711 -0.3423182 -0.2662193 -0.3520566 -0.2102799 -0.2903353 -0.3524432 -0.3583419 -0.3004939 -0.3671578 -0.2620547 -0.2949096 -0.2609203 -0.2709510 -0.3416398
C  0  1  59  1  0 21  -0.4612877 -0.3637971 -0.4138205 -0.3205190 -0.3494155 -0.3938193 -0.3148388 -0.4152914 -0.4337480 -0.3609011 -0.3814987 -0.3560475 -0.3245996 -0.3533189 -0.3426546 -0.3927411
C  0  1  59  1  1  0   0.0474798  0.0498390  0.0395244  0.0249426  0.0034869 -0.0201597 -0.0311366 -0.0409074 -0.0465107 -0.0358485 -0.0354903 -0.0187216  0.0034818  0.0082567  0.0260688  0.0393822
C  0  1  59  1  1  1   0.0257970  0.0234478  0.0190744  0.0117350  0.0027773 -0.0079297 -0.0145591 -0.0180822 -0.0175330 -0.0145024 -0.0141253 -0.0060598  0.0034479  0.0091002  0.0125833  0.0248511
C  0  1  59  1  1  2   0.0124543  0.0147234  0.0097153  0.0066900  0.0023318 -0.0024927 -0.0073373 -0.0075148 -0.0081583 -0.0044465 -0.0041998 -0.0029158  0.0011235  0.0045478  0.0056606  0.0120908
C  0  1  59  1  1  3   0.0075991  0.0081995  0.0032714  0.0054056  0.0019926  0.0020763 -0.0022108 -0.0005455  0.0022450  0.0000937 -0.0025252  0.0003894  0.0028493  0.0040173  0.0025770  0.0091846
C  0  1  59  1  1  4   0.0041681  0.0027558  0.0015951  0.0002528  0.0044957  0.0036270  0.0004121  0.0025537  0.0046302  0.0038915  0.0004240  0.0009990  0.0051815  0.0023152  0.0053060  0.0038808
C  0  1  59  1  1  5   0.0017814  0.0025174  0.0005847  0.0045595  0.0043878  0.0038388  0.0040627  0.0057529  0.0051684  0.0026524 -0.0010905  0.0009509  0.0022185  0.0037547  0.0029566  0.0008114
C  0  1  59  1  1  6   0.0014406  0.0025216  0.0013036  0.0045112  0.0047395  0.0050853  0.0051420  0.0046119  0.0055415  0.0023456  0.0015365  0.0017084  0.0013499  0.0018931  0.0020368  0.0021964
C  0  1  59  1  1  7  -0.0000954  0.0033006  0.0028572  0.0050845  0.0055429  0.0046590  0.0071761  0.0043907  0.0048992  0.0016371  0.0013087  0.0003332  0.0022809  0.0020912  0.0033307 -0.0005506
C  0  1  59  1  1  8  -0.0001750  0.0018299  0.0028860  0.0029694  0.0057904  0.0048817  0.0056132  0.0057914  0.0062628  0.0027602  0.0013571  0.0006854  0.0023853  0.0005326  0.0027501 -0.0003528
C  0  1  59  1  1  9   0.0016990  0.0027451  0.0016969  0.0040657  0.0042965  0.0040221  0.0048702  0.0042840  0.0032078  0.0010648  0.0022587  0.0014830  0.0026754  0.0009257  0.0012733 -0.0004004
C  0  1  59  1  1 10   0.0003108  0.0020889  0.0030973  0.0027490  0.0029246  0.0027964  0.0034762  0.0040475  0.0037451  0.0004627  0.0007798  0.0011425  0.0006420  0.0021424  0.0031478 -0.0000870
C  0  1  59  1  1 11   0.0013674  0.0035292  0.0022873  0.0032128  0.0040642  0.0006051  0.0026164  0.0035343  0.0035791  0.0017265 -0.0010124  0.0004673  0.0003035  0.0009086  0.0014311 -0.0013097
C  0  1  59  1  1 12   0.0009901  0.0027855  0.0038382  0.0046233  0.0035925  0.0024434  0.0022138  0.0038401  0.0059541  0.0012941  0.0024073  0.0023853  0.0024909  0.0008065  0.0026653  0.0004538
C  0  1  59  1  1 13   0.0006541  0.0026391  0.0037026  0.0046977  0.0042648  0.0033330  0.0050732  0.0070189  0.0056824  0.0021170  0.0015249  0.0009981  0.0004402 -0.0010879  0.0017179 -0.0008867
C  0  1  59  1  1 14   0.0002969  0.0019042  0.0043310  0.0048578  0.0041838  0.0037557  0.0049399  0.0070854  0.0062154  0.0033700  0.0029114  0.0004696 -0.0001565 -0.0004492 -0.0003241 -0.0018706
C  0  1  59  1  1 15  -0.0013687  0.0008309  0.0035172  0.0038114  0.0033343  0.0003953  0.0040778  0.0033893  0.0067512  0.0036089  0.0023179  0.0011384 -0.0019943 -0.0044930 -0.0054664 -0.0048217
C  0  1  59  1  1 16  -0.0006477  0.0027953  0.0036699  0.0056877  0.0034493  0.0027510  0.0031311  0.0047966  0.0051922  0.0065534  0.0029904  0.0031371 -0.0003943 -0.0006660 -0.0039739 -0.0040982
C  0  1  59  1  1 17  -0.0027761  0.0026908  0.0014369  0.0072838  0.0028391 -0.0002695  0.0015038  0.0038658  0.0043275  0.0052461  0.0056483  0.0019809 -0.0003337 -0.0024003 -0.0039353 -0.0035430
C  0  1  59  1  1 18   0.0016095  0.0071897  0.0068285  0.0079219  0.0053908  0.0024152 -0.0012487 -0.0000200  0.0042464  0.0059079  0.0032356  0.0016678 -0.0011238 -0.0032423 -0.0057315 -0.0018429
C  0  1  59  1  1 19   0.0026978  0.0083026  0.0125879  0.0117669  0.0084861  0.0022692 -0.0011724  0.0006454  0.0034831  0.0047273  0.0036359  0.0009863 -0.0016671 -0.0035873 -0.0035552 -0.0016136
C  0  1  59  1  1 20   0.0028220  0.0153094  0.0177356  0.0138335  0.0071879  0.0035720 -0.0002786 -0.0003455  0.0023299  0.0065721  0.0036792 -0.0010983 -0.0056538 -0.0083247 -0.0032551 -0.0024980
C  0  1  59  1  1 21   0.0087163  0.0224981  0.0312025  0.0231046  0.0173171  0.0170543  0.0103464  0.0105757  0.0128137  0.0150108  0.0030874 -0.0030366 -0.0080078 -0.0168599 -0.0066632 -0.0000134
