CPHI 16 
CETA 22 -2.40 -2.10 -1.85 -1.60 -1.40 -1.20 -1.00 -0.80 -0.60 -0.40 -0.20  0.00  0.20  0.40  0.60  0.80  1.00  1.20  1.40  1.60  1.85  2.10  2.40 
RMIN  6 
RTRK 12 
RETA 11  0.00  0.20  0.40  0.60  0.80  1.00  1.20  1.40  1.60  1.85  2.10  2.40 
T 0 1   6  0  0  0    0.0000000   0.0006329   0.0017103   0.0032366   0.0122945   0.0690937   0.2778841   0.6537154   1.0000000   1.0000000   1.0000000   1.0000000   1.0000000
T 0 1   6  0  0  1    0.0000000   0.0001577   0.0005792   0.0024279   0.0124335   0.0589697   0.2253326   0.5886641   1.0000000   1.0000000   1.0000000   1.0000000   1.0000000
T 0 1   6  0  0  2    0.0000000   0.0001121   0.0005210   0.0017337   0.0105783   0.0553255   0.2094589   0.5735940   1.0000000   1.0000000   1.0000000   1.0000000   1.0000000
T 0 1   6  0  0  3    0.0000000   0.0002002   0.0005836   0.0016773   0.0117214   0.0627951   0.2262638   0.5869158   1.0000000   1.0000000   1.0000000   1.0000000   1.0000000
T 0 1   6  0  0  4    0.0000000   0.0004065   0.0025417   0.0143063   0.0631156   0.2044972   0.4887109   0.8213772   1.0000000   1.0000000   1.0000000   1.0000000   1.0000000
T 0 1   6  0  0  5    0.0000000   0.0009505   0.0074473   0.0510300   0.2060945   0.5318339   0.8760723   0.9993477   1.0000000   1.0000000   1.0000000   1.0000000   1.0000000
T 0 1   6  0  0  6    0.0000000   0.0003086   0.0012964   0.0105326   0.0672927   0.2774484   0.6631448   0.9305759   0.9982115   0.9999994   1.0000000   1.0000000   1.0000000
T 0 1   6  0  0  7    0.0000000   0.0000593   0.0003801   0.0008740   0.0048610   0.0307324   0.1191518   0.2974713   0.5804903   0.8684749   0.9842346   0.9998690   1.0000000
T 0 1   6  0  0  8    0.0000000   0.0000026   0.0000398   0.0001302   0.0004160   0.0010170   0.0042781   0.0247191   0.1191264   0.3936320   0.7900308   0.9689845   1.0000000
T 0 1   6  0  0  9    0.0000000   0.0000093   0.0000093   0.0000267   0.0005400   0.0034797   0.0184820   0.0860584   0.3015064   0.6576716   0.9385102   0.9999385   1.0000000
T 0 1   6  0  0 10    0.0000000   0.0067020   0.0290562   0.0464193   0.0792772   0.1687969   0.3375550   0.6893262   0.9102053   0.9699392   0.9998138   1.0000000   1.0000000
T 0 1   6  1  0  0    0.0000000   0.0005148   0.0016399   0.0047460   0.0213440   0.1017716   0.3374237   0.6994022   1.0000000   1.0000000   1.0000000   1.0000000   1.0000000
T 0 1   6  1  0  1    0.0000000   0.0002633   0.0010891   0.0042307   0.0181163   0.0752157   0.2537985   0.6193956   1.0000000   1.0000000   1.0000000   1.0000000   1.0000000
T 0 1   6  1  0  2    0.0000000   0.0002194   0.0008486   0.0027728   0.0124455   0.0616642   0.2339277   0.6064318   1.0000000   1.0000000   1.0000000   1.0000000   1.0000000
T 0 1   6  1  0  3    0.0000000   0.0002283   0.0008669   0.0027852   0.0140251   0.0700545   0.2491207   0.6198491   1.0000000   1.0000000   1.0000000   1.0000000   1.0000000
T 0 1   6  1  0  4    0.0000000   0.0004356   0.0027620   0.0153929   0.0663357   0.2155446   0.5058694   0.8320271   1.0000000   1.0000000   1.0000000   1.0000000   1.0000000
T 0 1   6  1  0  5    0.0000000   0.0011873   0.0094478   0.0577925   0.2246261   0.5586818   0.8900123   0.9996500   1.0000000   1.0000000   1.0000000   1.0000000   1.0000000
T 0 1   6  1  0  6    0.0000000   0.0004626   0.0026649   0.0180020   0.0942133   0.3329130   0.7236541   0.9536823   0.9988141   0.9999984   1.0000000   1.0000000   1.0000000
T 0 1   6  1  0  7    0.0000000   0.0002246   0.0006446   0.0024765   0.0123245   0.0526267   0.1570011   0.3413836   0.6074237   0.8728054   0.9849908   0.9998878   1.0000000
T 0 1   6  1  0  8    0.0000000   0.0009562   0.0014955   0.0017998   0.0022382   0.0036136   0.0107994   0.0452511   0.1686405   0.4573475   0.8251665   0.9710661   1.0000000
T 0 1   6  1  0  9    0.0000000   0.0021003   0.0074838   0.0131257   0.0159362   0.0198461   0.0401951   0.1288935   0.3661962   0.7154288   0.9583841   0.9999941   1.0000000
T 0 1   6  1  0 10    0.0000000   0.0032254   0.0170235   0.0428863   0.0843736   0.1746921   0.3942474   0.7474223   0.9511020   0.9856143   0.9999985   1.0000000   1.0000000
R 0 1   6  0  0  0    0.0223474   0.0223474   0.0129709   0.0106914   0.0103360   0.0102194   0.0099868   0.0098212   0.0098212   0.0098212   0.0098212   0.0098212
R 0 1   6  0  0  1    0.0120518   0.0120518   0.0120518   0.0120518   0.0109524   0.0109359   0.0109689   0.0108402   0.0108402   0.0108402   0.0108402   0.0108402
R 0 1   6  0  0  2    0.0124552   0.0124552   0.0124552   0.0124552   0.0120756   0.0119839   0.0118216   0.0116834   0.0116834   0.0116834   0.0116834   0.0116834
R 0 1   6  0  0  3    0.0135282   0.0135282   0.0135282   0.0135282   0.0127241   0.0125546   0.0123595   0.0122459   0.0122459   0.0122459   0.0122459   0.0122459
R 0 1   6  0  0  4    0.0184434   0.0184434   0.0184434   0.0174770   0.0169424   0.0158699   0.0144947   0.0130934   0.0130934   0.0130934   0.0130934   0.0130934
R 0 1   6  0  0  5    0.0204080   0.0204080   0.0195135   0.0191699   0.0186903   0.0180742   0.0169315   0.0169315   0.0169315   0.0169315   0.0169315   0.0169315
R 0 1   6  0  0  6    0.0198734   0.0198734   0.0198734   0.0202231   0.0208352   0.0206987   0.0208322   0.0205424   0.0205424   0.0205424   0.0205424   0.0205424
R 0 1   6  0  0  7    0.0217677   0.0217677   0.0217677   0.0217677   0.0208153   0.0213074   0.0211877   0.0210165   0.0206266   0.0197284   0.0197284   0.0197284
R 0 1   6  0  0  8    0.0211307   0.0211307   0.0211307   0.0211307   0.0211307   0.0211307   0.0211307   0.0209816   0.0209110   0.0209778   0.0202035   0.0187764
R 0 1   6  0  0  9    0.0311383   0.0311383   0.0311383   0.0311383   0.0311383   0.0311383   0.0299921   0.0288969   0.0275016   0.0264845   0.0251263   0.0251263
R 0 1   6  0  0 10    0.0777567   0.0704569   0.0616550   0.0538869   0.0469865   0.0440214   0.0408782   0.0354119   0.0337667   0.0303126   0.0303126   0.0303126
R 0 1   6  0  1  0    0.0000000   0.0000000   0.0000000   0.0000683   0.0000812   0.0000822   0.0000709   0.0000651   0.0000651   0.0000651   0.0000651   0.0000651
R 0 1   6  0  1  1    0.0000685   0.0000685   0.0000685   0.0000685   0.0000615   0.0000731   0.0000626   0.0000532   0.0000532   0.0000532   0.0000532   0.0000532
R 0 1   6  0  1  2    0.0000360   0.0000360   0.0000360   0.0000360   0.0000603   0.0000635   0.0000591   0.0000515   0.0000515   0.0000515   0.0000515   0.0000515
R 0 1   6  0  1  3    0.0000702   0.0000702   0.0000702   0.0000702   0.0000676   0.0000574   0.0000534   0.0000499   0.0000499   0.0000499   0.0000499   0.0000499
R 0 1   6  0  1  4    0.0000451   0.0000451   0.0000451   0.0000858   0.0000921   0.0000729   0.0000526   0.0000433   0.0000433   0.0000433   0.0000433   0.0000433
R 0 1   6  0  1  5    0.0000831   0.0000831   0.0000901   0.0000685   0.0000648   0.0000613   0.0000462   0.0000462   0.0000462   0.0000462   0.0000462   0.0000462
R 0 1   6  0  1  6    0.0000000   0.0000000   0.0000000   0.0000353   0.0000631   0.0000615   0.0000512   0.0000250   0.0000250   0.0000250   0.0000250   0.0000250
R 0 1   6  0  1  7    0.0000713   0.0000713   0.0000713   0.0000713   0.0000557   0.0000730   0.0000672   0.0000728   0.0000777   0.0000534   0.0000534   0.0000534
R 0 1   6  0  1  8    0.0000991   0.0000991   0.0000991   0.0000991   0.0000991   0.0000991   0.0000991   0.0001085   0.0000996   0.0001032   0.0000834   0.0000747
R 0 1   6  0  1  9    0.0002967   0.0002967   0.0002967   0.0002967   0.0002967   0.0002967   0.0002216   0.0002059   0.0001824   0.0001499   0.0001461   0.0001461
R 0 1   6  0  1 10    0.0014391   0.0010730   0.0008621   0.0007367   0.0005487   0.0004853   0.0003939   0.0002592   0.0001853   0.0001278   0.0001278   0.0001278
R 0 1   6  0  2  0    0.0000000   0.0000000   0.0000000   0.0000000   0.0000000   0.0000119   0.0000235   0.0000141   0.0000141   0.0000141   0.0000141   0.0000141
R 0 1   6  0  2  1    0.0000000   0.0000000   0.0000000   0.0000000   0.0000000   0.0000195   0.0000183   0.0000111   0.0000111   0.0000111   0.0000111   0.0000111
R 0 1   6  0  2  2    0.0000000   0.0000000   0.0000000   0.0000000   0.0000581   0.0000144   0.0000048   0.0000147   0.0000147   0.0000147   0.0000147   0.0000147
R 0 1   6  0  2  3    0.0000000   0.0000000   0.0000000   0.0000000   0.0000214   0.0000165   0.0000061   0.0000069   0.0000069   0.0000069   0.0000069   0.0000069
R 0 1   6  0  2  4    0.0000000   0.0000000   0.0000000   0.0000000   0.0000000   0.0000105   0.0000105   0.0000122   0.0000122   0.0000122   0.0000122   0.0000122
R 0 1   6  0  2  5    0.0000000   0.0000000   0.0000000   0.0000000   0.0000143   0.0000074   0.0000000   0.0000000   0.0000000   0.0000000   0.0000000   0.0000000
R 0 1   6  0  2  6    0.0000000   0.0000000   0.0000000   0.0000000   0.0000000   0.0000116   0.0000000   0.0000000   0.0000000   0.0000000   0.0000000   0.0000000
R 0 1   6  0  2  7    0.0000000   0.0000000   0.0000000   0.0000000   0.0000000   0.0000000   0.0000000   0.0000000   0.0000000   0.0000000   0.0000000   0.0000000
R 0 1   6  0  2  8    0.0000000   0.0000000   0.0000000   0.0000000   0.0000000   0.0000000   0.0000000   0.0000000   0.0000000   0.0000000   0.0000000   0.0000000
R 0 1   6  0  2  9    0.0000000   0.0000000   0.0000000   0.0000000   0.0000000   0.0000000   0.0000000   0.0000418   0.0000000   0.0000000   0.0000000   0.0000000
R 0 1   6  0  2 10    0.0000000   0.0000000   0.0000000   0.0000000   0.0000000   0.0000764   0.0000796   0.0001065   0.0000000   0.0000000   0.0000000   0.0000000
R 0 1   6  0  3  0    1.2361688   1.2361688   0.9851870   1.0296406   0.9939067   0.9879277   0.9807813   0.9825260   0.9825260   0.9825260   0.9825260   0.9825260
R 0 1   6  0  3  1    1.0012325   1.0012325   1.0012325   1.0012325   1.0031284   0.9842256   0.9786065   0.9783904   0.9783904   0.9783904   0.9783904   0.9783904
R 0 1   6  0  3  2    1.0114633   1.0114633   1.0114633   1.0114633   0.9971397   0.9846218   0.9825832   0.9806848   0.9806848   0.9806848   0.9806848   0.9806848
R 0 1   6  0  3  3    1.0194079   1.0194079   1.0194079   1.0194079   0.9975887   0.9869267   0.9826792   0.9796881   0.9796881   0.9796881   0.9796881   0.9796881
R 0 1   6  0  3  4    1.0192815   1.0192815   1.0192815   0.9888494   0.9747024   0.9755087   0.9782541   0.9842494   0.9842494   0.9842494   0.9842494   0.9842494
R 0 1   6  0  3  5    1.0131116   1.0131116   0.9979856   0.9812387   0.9744907   0.9713047   0.9695525   0.9695525   0.9695525   0.9695525   0.9695525   0.9695525
R 0 1   6  0  3  6    1.0258333   1.0258333   1.0258333   1.0081669   0.9902252   0.9841685   0.9845003   0.9816622   0.9816622   0.9816622   0.9816622   0.9816622
R 0 1   6  0  3  7    1.0371662   1.0371662   1.0371662   1.0371662   1.0333343   0.9942181   0.9883607   0.9858494   0.9858417   0.9853901   0.9853901   0.9853901
R 0 1   6  0  3  8    1.0169225   1.0169225   1.0169225   1.0169225   1.0169225   1.0169225   1.0169225   0.9984088   0.9831124   0.9840362   0.9846235   1.0178661
R 0 1   6  0  3  9    1.0254865   1.0254865   1.0254865   1.0254865   1.0254865   1.0254865   0.9823319   0.9772941   0.9738758   0.9846157   1.0034750   1.0034750
R 0 1   6  0  3 10    1.0451690   1.0339317   1.0310843   0.9835369   0.9794076   0.9707639   0.9649395   0.9704320   0.9966249   1.0072637   1.0072637   1.0072637
R 0 1   6  0  4  0    1.5918293   1.5918293   1.4805391   2.1406532   2.2410966   2.3462268   2.2393699   2.2687933   2.2687933   2.2687933   2.2687933   2.2687933
R 0 1   6  0  4  1    1.9198953   1.9198953   1.9198953   1.9198953   2.1644650   2.2371566   2.1900619   2.1845999   2.1845999   2.1845999   2.1845999   2.1845999
R 0 1   6  0  4  2    1.8653711   1.8653711   1.8653711   1.8653711   2.2179759   2.2237617   2.2462836   2.2366022   2.2366022   2.2366022   2.2366022   2.2366022
R 0 1   6  0  4  3    1.8009684   1.8009684   1.8009684   1.8009684   2.2005139   2.2674930   2.2189735   2.2070359   2.2070359   2.2070359   2.2070359   2.2070359
R 0 1   6  0  4  4    1.7466750   1.7466750   1.7466750   2.0571256   2.0264626   2.1188239   2.2137365   2.3020535   2.3020535   2.3020535   2.3020535   2.3020535
R 0 1   6  0  4  5    1.7610723   1.7610723   2.0287431   2.1299219   2.0827197   2.0663312   1.9834064   1.9834064   1.9834064   1.9834064   1.9834064   1.9834064
R 0 1   6  0  4  6    1.9302281   1.9302281   1.9302281   2.2276721   2.3758477   2.3347625   2.3549248   2.2404820   2.2404820   2.2404820   2.2404820   2.2404820
R 0 1   6  0  4  7    1.8118014   1.8118014   1.8118014   1.8118014   2.3345686   2.3095080   2.3509874   2.3488448   2.3773326   2.3208061   2.3208061   2.3208061
R 0 1   6  0  4  8    2.1325891   2.1325891   2.1325891   2.1325891   2.1325891   2.1325891   2.1325891   2.2577698   2.2017064   2.2669562   2.2316433   2.1779976
R 0 1   6  0  4  9    2.0101406   2.0101406   2.0101406   2.0101406   2.0101406   2.0101406   2.0062280   2.0729585   2.0614883   2.2250048   2.2443548   2.2443548
R 0 1   6  0  4 10    1.7742781   2.1886740   2.0542215   1.8789238   1.9693192   1.9498667   1.9174768   1.9526826   2.0836375   1.9043242   1.9043242   1.9043242
R 0 1   6  0  5  0    8.1122747   8.1122747   5.4034169   3.6333218   3.6260691   3.4072998   4.2479901   3.9314028   3.9314028   3.9314028   3.9314028   3.9314028
R 0 1   6  0  5  1    3.9720536   3.9720536   3.9720536   3.9720536   4.5063633   4.0389173   4.5681119   4.6002066   4.6002066   4.6002066   4.6002066   4.6002066
R 0 1   6  0  5  2    4.3614114   4.3614114   4.3614114   4.3614114   4.0954822   4.1855751   4.0528978   4.3005766   4.3005766   4.3005766   4.3005766   4.3005766
R 0 1   6  0  5  3    5.2776473   5.2776473   5.2776473   5.2776473   4.1323937   4.0563822   4.4094028   4.5051290   4.5051290   4.5051290   4.5051290   4.5051290
R 0 1   6  0  5  4    6.4050728   6.4050728   6.4050728   4.5869639   5.6697614   4.6178318   3.8692288   3.4013756   3.4013756   3.4013756   3.4013756   3.4013756
R 0 1   6  0  5  5    4.1608773   4.1608773   5.6146776   4.9352562   5.2293244   4.9027702   4.1781207   4.1781207   4.1781207   4.1781207   4.1781207   4.1781207
R 0 1   6  0  5  6    3.2992950   3.2992950   3.2992950   3.7893234   3.1777392   3.0559785   2.4551367   2.0194444   2.0194444   2.0194444   2.0194444   2.0194444
R 0 1   6  0  5  7    4.4843866   4.4843866   4.4843866   4.4843866   3.7047605   3.3827999   2.9144187   2.8861618   2.6197068   2.1829581   2.1829581   2.1829581
R 0 1   6  0  5  8    4.6511656   4.6511656   4.6511656   4.6511656   4.6511656   4.6511656   4.6511656   4.3609027   4.7358064   4.3039658   3.8774767   4.6784911
R 0 1   6  0  5  9    5.2671473   5.2671473   5.2671473   5.2671473   5.2671473   5.2671473   6.7065339   6.1009999   6.2281387   5.1436223   5.7659762   5.7659762
R 0 1   6  0  5 10    9.6328701   4.0187232   4.0149963   6.0299290   5.4409288   7.1103390   9.0949481   8.6731922   6.2668912   9.6215573   9.6215573   9.6215573
F  0  1   6  0  0  0    1.0209909   1.0233219   0.9943952   1.0105583   0.9652547   0.9992183   0.9847410   0.9942369   0.9858042   0.9821121   0.9803374
F  0  1   6  1  0  0    1.1045013   1.0539507   1.0579037   1.0599988   1.0513321   1.0675858   1.0710091   1.0647736   1.0344388   1.0658877   1.0835520
C  0  1   6  0  0  0  -0.3081510 -0.0995573 -0.2354519 -0.2896353 -0.1286263 -0.1447614 -0.2974625 -0.1654938 -0.2632572 -0.2149765 -0.2626353 -0.2585809 -0.1154368 -0.3271493 -0.3200669 -0.1085165
C  0  1   6  0  0  1  -0.0235403 -0.0966309 -0.1027321 -0.0658907 -0.1731868 -0.0993119 -0.1844218 -0.1136281 -0.0301751 -0.1769736 -0.0880723 -0.0616709 -0.2518846 -0.2197425 -0.1438564  0.0696197
C  0  1   6  0  0  2  -0.1488278 -0.1056814 -0.1238283 -0.2006405  0.0195082 -0.0067308 -0.0904066 -0.1322480 -0.0298549 -0.1179600 -0.0946276 -0.0167084 -0.1172882 -0.1691177  0.0050987 -0.0906451
C  0  1   6  0  0  3   0.0038090 -0.0923724 -0.0946354  0.0052599  0.0657333 -0.1538542 -0.1616774 -0.0641398 -0.0367781 -0.1195001 -0.0792901 -0.0463451 -0.1281590 -0.0780171 -0.0933883  0.0910086
C  0  1   6  0  0  4  -0.0693121 -0.0888420 -0.0218286 -0.0997247 -0.0511491 -0.0620523 -0.0292949 -0.0502053 -0.0128504 -0.0935210 -0.0381790 -0.0409403 -0.1257706 -0.1190801  0.0086815 -0.0883426
C  0  1   6  0  0  5   0.0210277  0.0201144 -0.1057898  0.0096024 -0.0612382 -0.0056879 -0.0923271  0.0421066  0.0375041 -0.0177579  0.0340454 -0.0000084  0.0140725 -0.0132418  0.0637584 -0.0157753
C  0  1   6  0  0  6  -0.0166406  0.1182379  0.0471780  0.0250578 -0.0255315  0.0412911 -0.1056255 -0.0790784  0.0028149 -0.0258441 -0.0811185  0.0312031 -0.1145475 -0.0444591 -0.0094111  0.0758312
C  0  1   6  0  0  7  -0.0064383  0.0273171  0.0806858  0.0364776 -0.0217037  0.0406924 -0.0184852 -0.0424408 -0.0226725  0.0263284  0.1377447 -0.0303758 -0.0103475  0.0384510 -0.0178016 -0.0231269
C  0  1   6  0  0  8  -0.0031948 -0.0100723 -0.0053618 -0.0042415 -0.0600691  0.0063454 -0.0126381  0.0052389  0.0546659  0.0167057  0.0032240  0.0174047 -0.0211931  0.0429087 -0.0767954 -0.0525534
C  0  1   6  0  0  9  -0.1020295  0.0241489  0.0113975  0.0007915 -0.0266269  0.0866398 -0.0218754  0.0259624 -0.0057378 -0.0098522  0.0336683  0.0122187 -0.0507507  0.0755231 -0.0691657  0.0716326
C  0  1   6  0  0 10  -0.0080590 -0.0497908  0.0493141  0.1004935 -0.0094633  0.0003520 -0.0039695 -0.0643213 -0.0486513 -0.0442042 -0.0833264 -0.0285085 -0.0050419  0.0503989  0.0249319  0.0325511
C  0  1   6  0  0 11  -0.0555249 -0.0276057 -0.0086788  0.0204238 -0.0387606  0.0478895  0.0606872  0.0703911  0.0250797  0.0788037  0.0171832 -0.0657095  0.0277403  0.0183880  0.0011069 -0.0727502
C  0  1   6  0  0 12   0.0580614 -0.0536827 -0.0036864 -0.0176888 -0.0072025  0.1002693 -0.0493662 -0.0261720 -0.0550686  0.0907561  0.0689430  0.0047031 -0.1115276 -0.0740397  0.0301265 -0.0063721
C  0  1   6  0  0 13  -0.0703838  0.0027338  0.0099689  0.0062261  0.0012334  0.0480383  0.0204212  0.0341187  0.0008245  0.0322683  0.0137613  0.0346396 -0.0331268  0.0004629 -0.0267524 -0.0112955
C  0  1   6  0  0 14  -0.0476648 -0.0405267  0.0195868  0.0463668 -0.0540324  0.0004236 -0.0618629  0.0696892 -0.0316209  0.0117046  0.0712654 -0.0191178  0.0374139  0.0366587  0.0157178 -0.0790390
C  0  1   6  0  0 15  -0.0910934 -0.0610078 -0.0710567  0.0476021  0.0091523  0.0009960 -0.0055133 -0.0419713 -0.0570900  0.0158054 -0.0260832 -0.1697141  0.0064637  0.0394664 -0.0404714  0.0267992
C  0  1   6  0  0 16   0.0741186 -0.0122804 -0.0299690 -0.0403263 -0.0644297 -0.0440117  0.0294777  0.0705263 -0.1647633  0.1321943  0.0169614  0.0030799 -0.0178575 -0.0463664 -0.0144467 -0.0242740
C  0  1   6  0  0 17  -0.0869299 -0.0563084 -0.0573117 -0.1432293 -0.1006295  0.0349964 -0.2058443  0.0439009 -0.0839370 -0.0378853  0.0398905 -0.0357870 -0.0420367 -0.1391542 -0.0626984  0.0244333
C  0  1   6  0  0 18  -0.1632064 -0.1415288  0.0499253 -0.1139088 -0.1653488 -0.0597332 -0.0382660 -0.0709891 -0.0898855  0.0046724 -0.0661813 -0.1023337 -0.0829319 -0.0829485 -0.1426169 -0.0607952
C  0  1   6  0  0 19   0.0365687 -0.0594768 -0.1935001  0.0016202 -0.0591759 -0.0690773 -0.2466746 -0.0177997 -0.0769264 -0.1269380 -0.0027050 -0.0948610 -0.1407086 -0.0752860 -0.0255313 -0.1138516
C  0  1   6  0  0 20  -0.0655928 -0.1076001 -0.0515181 -0.0731020 -0.1841879 -0.1766117 -0.2305405 -0.1488584 -0.1788490 -0.2832560 -0.0935927  0.0382135 -0.0180408 -0.1272036 -0.1691302 -0.1033855
C  0  1   6  0  0 21  -0.1717028 -0.2208794 -0.3659849 -0.1172310 -0.1306286 -0.2019288 -0.2765373 -0.0792109 -0.2490934 -0.0493598 -0.2103521 -0.3966726 -0.2681075 -0.4669422 -0.0995848 -0.3475974
C  0  1   6  0  1  0  -0.0024685  0.0029764  0.0000945 -0.0023498 -0.0006469  0.0026391  0.0025083  0.0039761  0.0057909  0.0016804 -0.0028630  0.0028167  0.0079380  0.0047788  0.0020508  0.0067902
C  0  1   6  0  1  1   0.0025397  0.0014992 -0.0042026 -0.0012064 -0.0027493 -0.0008821  0.0031584  0.0022001 -0.0001034 -0.0008034 -0.0020386 -0.0029850  0.0001904  0.0064056  0.0019901  0.0040866
C  0  1   6  0  1  2   0.0016536 -0.0016936  0.0012106 -0.0015935 -0.0008884  0.0003164 -0.0002443 -0.0012692 -0.0003400  0.0023000 -0.0035664 -0.0008672  0.0010029 -0.0013184  0.0006617 -0.0007652
C  0  1   6  0  1  3   0.0019171  0.0007629  0.0024117 -0.0018615  0.0010090  0.0012842  0.0033332 -0.0015619 -0.0000548 -0.0022701 -0.0024384 -0.0022987  0.0008920 -0.0014057 -0.0011267  0.0020749
C  0  1   6  0  1  4   0.0004054  0.0008495  0.0009600  0.0015269  0.0012283 -0.0019450  0.0019656  0.0012044  0.0035957  0.0013049  0.0000293 -0.0010413  0.0013969 -0.0005196 -0.0005483 -0.0029066
C  0  1   6  0  1  5   0.0009198  0.0015347 -0.0027502  0.0015550  0.0009546 -0.0013332 -0.0009593 -0.0002501 -0.0008670 -0.0004853  0.0025909 -0.0006644  0.0001391  0.0004416  0.0006875 -0.0018495
C  0  1   6  0  1  6   0.0030258 -0.0012073  0.0015229 -0.0008199  0.0019725 -0.0005601  0.0003540 -0.0008361  0.0002143 -0.0020610 -0.0008486  0.0001111 -0.0012591 -0.0028375  0.0017440  0.0000328
C  0  1   6  0  1  7   0.0017154 -0.0007870  0.0009651 -0.0002929  0.0000081  0.0011955 -0.0000985 -0.0009249  0.0023649 -0.0006208  0.0021953 -0.0014614 -0.0008826 -0.0005818 -0.0007733 -0.0013051
C  0  1   6  0  1  8   0.0021290  0.0009944  0.0004941  0.0004780  0.0025132  0.0011352 -0.0005829  0.0003738  0.0013366  0.0001859  0.0001433  0.0000589 -0.0012253 -0.0000200  0.0003120  0.0005613
C  0  1   6  0  1  9  -0.0008466  0.0004425  0.0021522 -0.0005731 -0.0001084 -0.0004717  0.0000638  0.0009019 -0.0017191 -0.0023235 -0.0024709 -0.0002555  0.0001929 -0.0019048 -0.0016295 -0.0003047
C  0  1   6  0  1 10   0.0014024 -0.0015846  0.0012900  0.0030320  0.0034869 -0.0009148 -0.0000977 -0.0018314 -0.0014196 -0.0020098 -0.0004463  0.0002796 -0.0010642 -0.0011244 -0.0000561  0.0012793
C  0  1   6  0  1 11   0.0013110  0.0011406  0.0017003 -0.0000764 -0.0000379  0.0004836 -0.0024802 -0.0003758 -0.0017766 -0.0010899  0.0007082 -0.0015868  0.0010464 -0.0001008 -0.0015045 -0.0009695
C  0  1   6  0  1 12   0.0009366  0.0019610  0.0005853  0.0001997  0.0008272  0.0005453  0.0012233 -0.0000214  0.0010836  0.0002164 -0.0009034  0.0012046  0.0009121  0.0005569 -0.0003161 -0.0004749
C  0  1   6  0  1 13   0.0029374 -0.0003775  0.0012748  0.0004570  0.0013566  0.0008529  0.0007678  0.0005071  0.0002806 -0.0017838 -0.0010435 -0.0035378 -0.0013570  0.0014435 -0.0009391  0.0021984
C  0  1   6  0  1 14   0.0027741  0.0001678  0.0015752  0.0018328  0.0017314  0.0012838 -0.0007066  0.0014251  0.0011214  0.0010505  0.0009351  0.0001252  0.0016636  0.0003691 -0.0007772  0.0019721
C  0  1   6  0  1 15   0.0010618 -0.0015187 -0.0017506 -0.0008998  0.0003753  0.0013316  0.0010926 -0.0004792  0.0010784 -0.0002904  0.0008717  0.0011053 -0.0021090  0.0001638  0.0008809 -0.0009571
C  0  1   6  0  1 16   0.0015605  0.0034061  0.0008710  0.0006299 -0.0009013  0.0001968 -0.0001847  0.0005195 -0.0000553 -0.0022390  0.0015830 -0.0007354  0.0012908  0.0020709  0.0023535  0.0029296
C  0  1   6  0  1 17  -0.0003864  0.0007167 -0.0014283  0.0023155  0.0014729  0.0022753  0.0009068  0.0005871  0.0011487  0.0022864 -0.0006084  0.0002459  0.0025579 -0.0010391  0.0044287  0.0050571
C  0  1   6  0  1 18   0.0042897  0.0053772  0.0035105  0.0023855 -0.0021189  0.0000963  0.0028521  0.0034231 -0.0019609  0.0033875  0.0052620  0.0022609 -0.0004204 -0.0002413  0.0039655  0.0061435
C  0  1   6  0  1 19   0.0035846  0.0020518 -0.0007985  0.0028159 -0.0004884  0.0036734  0.0039506  0.0027866  0.0029588  0.0040848 -0.0025090  0.0005697  0.0020558  0.0012306  0.0053458  0.0051516
C  0  1   6  0  1 20   0.0065625  0.0029817  0.0070128  0.0047399 -0.0020654  0.0017691  0.0029575  0.0054883  0.0034844  0.0051498 -0.0000322  0.0003647  0.0029557  0.0044178  0.0047343  0.0080402
C  0  1   6  0  1 21   0.0159939  0.0126532  0.0049499  0.0026005  0.0002977 -0.0053018 -0.0122116  0.0002378 -0.0054741  0.0000336 -0.0015332  0.0054844  0.0022860  0.0064100  0.0110223  0.0027491
C  0  1   6  1  0  0  -0.4162634 -0.4177595 -0.3936174 -0.3867942 -0.1995051 -0.4429599 -0.2722817 -0.3692428 -0.3650486 -0.3759980 -0.4254914 -0.4759046 -0.4015280 -0.3588112 -0.3763008 -0.4547540
C  0  1   6  1  0  1  -0.3119951 -0.3136563 -0.2945329 -0.2887668 -0.3032768 -0.2600531 -0.2994559 -0.2195166 -0.3190799 -0.1865665 -0.3060773 -0.3103480 -0.3493013 -0.3425936 -0.3544338 -0.2537138
C  0  1   6  1  0  2  -0.2581644 -0.3346442 -0.2530016 -0.3315916 -0.3394637 -0.2809048 -0.2384518 -0.2368784 -0.2449401 -0.2426534 -0.2700336 -0.2964639 -0.3030860 -0.3070107 -0.2372241 -0.3495111
C  0  1   6  1  0  3  -0.2807910 -0.3081546 -0.3205387 -0.3418533 -0.3003901 -0.2228167 -0.1843555 -0.1947620 -0.1744898 -0.2405485 -0.1990835 -0.2529648 -0.2977329 -0.2667695 -0.2648440 -0.3149112
C  0  1   6  1  0  4  -0.2802833 -0.2580993 -0.2818021 -0.2775567 -0.2448693 -0.1959710 -0.2584307 -0.2104040 -0.2189136 -0.1839639 -0.1942224 -0.2613483 -0.2601180 -0.2501138 -0.3132478 -0.2963779
C  0  1   6  1  0  5  -0.1982177 -0.2195548 -0.1964125 -0.1737422 -0.1981218 -0.1353116 -0.2418427 -0.1606201 -0.1211725 -0.1268050 -0.1658270 -0.2123892 -0.2155469 -0.2025658 -0.2081251 -0.1655056
C  0  1   6  1  0  6  -0.1680316 -0.1647250 -0.1781582 -0.1932414 -0.1225796 -0.1531032 -0.1348290 -0.1361527 -0.1083514 -0.1022545 -0.1046758 -0.0839741 -0.1199791 -0.1344804 -0.1820395 -0.1934459
C  0  1   6  1  0  7  -0.1243145 -0.1224128 -0.1279761 -0.1289258 -0.1477573 -0.1785407 -0.1820984 -0.1042667 -0.1049796 -0.0667006 -0.0978959 -0.1147968 -0.1142630 -0.1236801 -0.1434348 -0.1464734
C  0  1   6  1  0  8  -0.1690863 -0.0925555 -0.1507699 -0.1400935 -0.1845908 -0.1480019 -0.1389326 -0.1898154 -0.1456776 -0.1136763 -0.1326161 -0.1669865 -0.0995894 -0.1645978 -0.1399326 -0.1489669
C  0  1   6  1  0  9  -0.1445342 -0.1329083 -0.1271530 -0.1380377 -0.1130930 -0.1363077 -0.0971317 -0.1744446 -0.1188821 -0.1289091 -0.0500766 -0.1733135 -0.1218854 -0.1265700 -0.1280762 -0.1486341
C  0  1   6  1  0 10  -0.1314921 -0.1293814 -0.1160139 -0.1679591 -0.1382294 -0.1579034 -0.1356520 -0.1021055 -0.0957709 -0.1465666 -0.1280313 -0.1112670 -0.1031232 -0.1223182 -0.1195308 -0.1358328
C  0  1   6  1  0 11  -0.1656954 -0.1273348 -0.1419948 -0.1146176 -0.0998257 -0.1718990 -0.1432184 -0.1346738 -0.1853663 -0.1254079 -0.1245492 -0.1276241 -0.1046036 -0.1227385 -0.0811663 -0.1251700
C  0  1   6  1  0 12  -0.1125486 -0.1239637 -0.1487254 -0.1199100 -0.1674702 -0.1447937 -0.1601009 -0.1986464 -0.1200915 -0.1423646 -0.1408551 -0.0911047 -0.1229356 -0.1411586 -0.0852721 -0.1240802
C  0  1   6  1  0 13  -0.1137950 -0.1587788 -0.1573930 -0.1340085 -0.1227073 -0.1699626 -0.1594498 -0.1678449 -0.1511661 -0.1092837 -0.1469199 -0.0985771 -0.1645491 -0.1449945 -0.1438314 -0.1256871
C  0  1   6  1  0 14  -0.1135397 -0.1551260 -0.1623919 -0.1634469 -0.1369862 -0.1519365 -0.1594782 -0.1811614 -0.1796736 -0.1260175 -0.1227524 -0.1259804 -0.1068959 -0.0894176 -0.1086547 -0.1595972
C  0  1   6  1  0 15  -0.1513647 -0.1995910 -0.1407978 -0.1453475 -0.1665955 -0.1309171 -0.2202864 -0.1173813 -0.1916454 -0.1220803 -0.1543153 -0.1872161 -0.1523828 -0.1075345 -0.1362380 -0.1250230
C  0  1   6  1  0 16  -0.1711897 -0.1088233 -0.1501063 -0.1568155 -0.1454104 -0.1789481 -0.1829000 -0.1871907 -0.1669446 -0.1857502 -0.1338381 -0.0992446 -0.1227783 -0.1499415 -0.1365252 -0.0952615
C  0  1   6  1  0 17  -0.2812258 -0.2707781 -0.1928608 -0.3003781 -0.2527180 -0.2693841 -0.2821642 -0.2324339 -0.2415068 -0.2733639 -0.2620320 -0.2114983 -0.1849079 -0.2821675 -0.1921899 -0.2679583
C  0  1   6  1  0 18  -0.2870086 -0.2726854 -0.3029487 -0.2782158 -0.2506978 -0.3266244 -0.3099710 -0.2696627 -0.2626054 -0.2791651 -0.2893113 -0.2248382 -0.2716487 -0.1954567 -0.1748125 -0.2611221
C  0  1   6  1  0 19  -0.2516665 -0.2688323 -0.2636259 -0.2814464 -0.3468521 -0.2713166 -0.3098139 -0.2324822 -0.2858341 -0.2568245 -0.2112920 -0.2493836 -0.2348328 -0.2391020 -0.2742047 -0.2362035
C  0  1   6  1  0 20  -0.2443039 -0.2725184 -0.3097728 -0.3584654 -0.3089853 -0.2496649 -0.3106085 -0.2936560 -0.3294897 -0.3038414 -0.2804124 -0.3047489 -0.3507773 -0.2819054 -0.2612434 -0.3604654
C  0  1   6  1  0 21  -0.4245474 -0.4067287 -0.3113362 -0.3767239 -0.3219955 -0.3059734 -0.3513069 -0.4123414 -0.3449630 -0.3540164 -0.4048529 -0.2973639 -0.3196953 -0.4479180 -0.3510598 -0.4171565
C  0  1   6  1  1  0   0.0476596  0.0511784  0.0414732  0.0241932  0.0033577 -0.0189055 -0.0333651 -0.0393208 -0.0451073 -0.0348430 -0.0331641 -0.0178785  0.0028434  0.0077448  0.0253251  0.0404628
C  0  1   6  1  1  1   0.0253878  0.0235523  0.0192440  0.0113894  0.0030215 -0.0062848 -0.0146555 -0.0183906 -0.0176872 -0.0148901 -0.0136931 -0.0070071  0.0038348  0.0096242  0.0136379  0.0249520
C  0  1   6  1  1  2   0.0129494  0.0140678  0.0095933  0.0056474  0.0011835 -0.0026636 -0.0070987 -0.0081766 -0.0076820 -0.0055383 -0.0050381 -0.0021924  0.0015417  0.0028793  0.0054890  0.0110692
C  0  1   6  1  1  3   0.0096707  0.0084237  0.0027189  0.0052627  0.0016951  0.0015721 -0.0019720 -0.0002302  0.0021863  0.0006718 -0.0008531  0.0001405  0.0029162  0.0048325  0.0029651  0.0088480
C  0  1   6  1  1  4   0.0033336  0.0035867  0.0021986  0.0020557  0.0039759  0.0033806  0.0025046  0.0017432  0.0044196  0.0037778  0.0006762  0.0001660  0.0026589  0.0026077  0.0048743  0.0038275
C  0  1   6  1  1  5   0.0017797  0.0012816  0.0010582  0.0045713  0.0044551  0.0046404  0.0033571  0.0062278  0.0063788  0.0023197  0.0002924  0.0003525  0.0028688  0.0028270  0.0037814  0.0008856
C  0  1   6  1  1  6   0.0015796  0.0024845  0.0018832  0.0044587  0.0053779  0.0041282  0.0059214  0.0061956  0.0047686  0.0025483  0.0010880  0.0009433  0.0018255  0.0017549  0.0017863  0.0003814
C  0  1   6  1  1  7   0.0000510  0.0021307  0.0026360  0.0049323  0.0054368  0.0041292  0.0069273  0.0041782  0.0046344  0.0020297  0.0000308  0.0016740  0.0025168  0.0022106  0.0020755 -0.0001184
C  0  1   6  1  1  8   0.0009155  0.0020074  0.0030776  0.0017329  0.0058676  0.0035610  0.0053645  0.0061538  0.0059031  0.0026521  0.0014118  0.0007857  0.0029052  0.0020037  0.0022257 -0.0004320
C  0  1   6  1  1  9   0.0021486  0.0029096  0.0025528  0.0033121  0.0034460  0.0041463  0.0041284  0.0044989  0.0038479  0.0003581  0.0019915  0.0010664  0.0007909  0.0002046  0.0003704 -0.0004978
C  0  1   6  1  1 10   0.0001536  0.0037546  0.0021498  0.0025778  0.0023486  0.0019931  0.0020157  0.0035364  0.0032686  0.0010013 -0.0004258  0.0012838  0.0005519  0.0013034  0.0025962 -0.0000611
C  0  1   6  1  1 11   0.0013052  0.0029635  0.0022500  0.0025290  0.0027996  0.0012418  0.0023586  0.0019747  0.0032608  0.0026167 -0.0011182  0.0005450  0.0012400  0.0006115  0.0003576 -0.0009570
C  0  1   6  1  1 12   0.0005625  0.0025372  0.0025062  0.0042974  0.0032234  0.0016955  0.0017229  0.0030198  0.0046173  0.0021701  0.0022726  0.0018798  0.0004431  0.0004849  0.0015856  0.0001597
C  0  1   6  1  1 13   0.0006558  0.0039407  0.0042649  0.0037372  0.0041654  0.0043726  0.0051855  0.0069370  0.0057016  0.0017035  0.0024896  0.0012473  0.0010341 -0.0013847  0.0012607 -0.0001760
C  0  1   6  1  1 14  -0.0002263  0.0016947  0.0035070  0.0043692  0.0048595  0.0035225  0.0041756  0.0072770  0.0061562  0.0027841  0.0030523 -0.0003430 -0.0004792 -0.0003604 -0.0012453 -0.0010849
C  0  1   6  1  1 15  -0.0016473  0.0013893  0.0046663  0.0042519  0.0035859 -0.0002980  0.0031026  0.0044297  0.0081713  0.0041263  0.0032803  0.0016137 -0.0022497 -0.0037411 -0.0041401 -0.0028780
C  0  1   6  1  1 16  -0.0007455  0.0026210  0.0043846  0.0057517  0.0046677  0.0017676  0.0047298  0.0046867  0.0059707  0.0078476  0.0041668  0.0035555  0.0001929 -0.0003039 -0.0041095 -0.0031337
C  0  1   6  1  1 17  -0.0013972  0.0025782  0.0033115  0.0076177  0.0024978 -0.0017896  0.0021351  0.0058603  0.0048333  0.0057253  0.0053935  0.0028337 -0.0001426 -0.0031325 -0.0041305 -0.0028558
C  0  1   6  1  1 18   0.0022560  0.0084155  0.0067084  0.0087051  0.0059337  0.0009365 -0.0011804  0.0011650  0.0044002  0.0046089  0.0038507  0.0020129  0.0006637 -0.0015497 -0.0043225 -0.0026536
C  0  1   6  1  1 19   0.0034626  0.0096174  0.0128519  0.0103082  0.0065372  0.0025829 -0.0026493  0.0002186  0.0038601  0.0068482  0.0029667  0.0011772 -0.0025373 -0.0039326 -0.0041237 -0.0016256
C  0  1   6  1  1 20   0.0025283  0.0172144  0.0193758  0.0150873  0.0079846  0.0046066 -0.0013466  0.0003809  0.0030657  0.0081390  0.0022704 -0.0004153 -0.0042870 -0.0090600 -0.0054100 -0.0019235
C  0  1   6  1  1 21   0.0107625  0.0218026  0.0349548  0.0247657  0.0177848  0.0186038  0.0121727  0.0128138  0.0126840  0.0138653  0.0025495 -0.0023489 -0.0076860 -0.0172008 -0.0084204  0.0011452
