CPHI 16 
CETA 22 -2.40 -2.10 -1.85 -1.60 -1.40 -1.20 -1.00 -0.80 -0.60 -0.40 -0.20  0.00  0.20  0.40  0.60  0.80  1.00  1.20  1.40  1.60  1.85  2.10  2.40 
RMIN  6 
RTRK 12 
RETA 11  0.00  0.20  0.40  0.60  0.80  1.00  1.20  1.40  1.60  1.85  2.10  2.40 
T 0 1  60  0  0  0    0.0000000   0.0006030   0.0016252   0.0031441   0.0122696   0.0692757   0.2772008   0.6533575   1.0000000   1.0000000   1.0000000   1.0000000   1.0000000
T 0 1  60  0  0  1    0.0000000   0.0001394   0.0005618   0.0023849   0.0123728   0.0593383   0.2261429   0.5886831   1.0000000   1.0000000   1.0000000   1.0000000   1.0000000
T 0 1  60  0  0  2    0.0000000   0.0001238   0.0005029   0.0016947   0.0105921   0.0550691   0.2087028   0.5732269   1.0000000   1.0000000   1.0000000   1.0000000   1.0000000
T 0 1  60  0  0  3    0.0000000   0.0002044   0.0005922   0.0017584   0.0114112   0.0629053   0.2258820   0.5865464   1.0000000   1.0000000   1.0000000   1.0000000   1.0000000
T 0 1  60  0  0  4    0.0000000   0.0003958   0.0025356   0.0143122   0.0628119   0.2041138   0.4897210   0.8229585   1.0000000   1.0000000   1.0000000   1.0000000   1.0000000
T 0 1  60  0  0  5    0.0000000   0.0009451   0.0073683   0.0510024   0.2052438   0.5327852   0.8758828   0.9993756   1.0000000   1.0000000   1.0000000   1.0000000   1.0000000
T 0 1  60  0  0  6    0.0000000   0.0002882   0.0011928   0.0102403   0.0675252   0.2779741   0.6636210   0.9307172   0.9982124   0.9999988   1.0000000   1.0000000   1.0000000
T 0 1  60  0  0  7    0.0000000   0.0000409   0.0003810   0.0008779   0.0047062   0.0305589   0.1192661   0.2967310   0.5813595   0.8693444   0.9843568   0.9998797   1.0000000
T 0 1  60  0  0  8    0.0000000   0.0000012   0.0000273   0.0001095   0.0004019   0.0009914   0.0042838   0.0253271   0.1200492   0.3939177   0.7888311   0.9689782   1.0000000
T 0 1  60  0  0  9    0.0000000   0.0000038   0.0000052   0.0000392   0.0005818   0.0035161   0.0183159   0.0855436   0.3012613   0.6581980   0.9382070   0.9999380   1.0000000
T 0 1  60  0  0 10    0.0000000   0.0067263   0.0288162   0.0464006   0.0795512   0.1688351   0.3382218   0.6898869   0.9104579   0.9700256   0.9998052   1.0000000   1.0000000
T 0 1  60  1  0  0    0.0000000   0.0005148   0.0016399   0.0047460   0.0213440   0.1017716   0.3374237   0.6994022   1.0000000   1.0000000   1.0000000   1.0000000   1.0000000
T 0 1  60  1  0  1    0.0000000   0.0002633   0.0010891   0.0042307   0.0181163   0.0752157   0.2537985   0.6193956   1.0000000   1.0000000   1.0000000   1.0000000   1.0000000
T 0 1  60  1  0  2    0.0000000   0.0002194   0.0008486   0.0027728   0.0124455   0.0616642   0.2339277   0.6064318   1.0000000   1.0000000   1.0000000   1.0000000   1.0000000
T 0 1  60  1  0  3    0.0000000   0.0002283   0.0008669   0.0027852   0.0140251   0.0700545   0.2491207   0.6198491   1.0000000   1.0000000   1.0000000   1.0000000   1.0000000
T 0 1  60  1  0  4    0.0000000   0.0004356   0.0027620   0.0153929   0.0663357   0.2155446   0.5058694   0.8320271   1.0000000   1.0000000   1.0000000   1.0000000   1.0000000
T 0 1  60  1  0  5    0.0000000   0.0011873   0.0094478   0.0577925   0.2246261   0.5586818   0.8900123   0.9996500   1.0000000   1.0000000   1.0000000   1.0000000   1.0000000
T 0 1  60  1  0  6    0.0000000   0.0004626   0.0026649   0.0180020   0.0942133   0.3329130   0.7236541   0.9536823   0.9988141   0.9999984   1.0000000   1.0000000   1.0000000
T 0 1  60  1  0  7    0.0000000   0.0002246   0.0006446   0.0024765   0.0123245   0.0526267   0.1570011   0.3413836   0.6074237   0.8728054   0.9849908   0.9998878   1.0000000
T 0 1  60  1  0  8    0.0000000   0.0009562   0.0014955   0.0017998   0.0022382   0.0036136   0.0107994   0.0452511   0.1686405   0.4573475   0.8251665   0.9710661   1.0000000
T 0 1  60  1  0  9    0.0000000   0.0021003   0.0074838   0.0131257   0.0159362   0.0198461   0.0401951   0.1288935   0.3661962   0.7154288   0.9583841   0.9999941   1.0000000
T 0 1  60  1  0 10    0.0000000   0.0032254   0.0170235   0.0428863   0.0843736   0.1746921   0.3942474   0.7474223   0.9511020   0.9856143   0.9999985   1.0000000   1.0000000
R 0 1  60  0  0  0    0.0245969   0.0245969   0.0126419   0.0104148   0.0103429   0.0101703   0.0100012   0.0098392   0.0098392   0.0098392   0.0098392   0.0098392
R 0 1  60  0  0  1    0.0118608   0.0118608   0.0118608   0.0118608   0.0111143   0.0108945   0.0109480   0.0108222   0.0108222   0.0108222   0.0108222   0.0108222
R 0 1  60  0  0  2    0.0127011   0.0127011   0.0127011   0.0127011   0.0122184   0.0119625   0.0118325   0.0116794   0.0116794   0.0116794   0.0116794   0.0116794
R 0 1  60  0  0  3    0.0134854   0.0134854   0.0134854   0.0134854   0.0126526   0.0126370   0.0123896   0.0122434   0.0122434   0.0122434   0.0122434   0.0122434
R 0 1  60  0  0  4    0.0188555   0.0188555   0.0188555   0.0173606   0.0168341   0.0159512   0.0144597   0.0129642   0.0129642   0.0129642   0.0129642   0.0129642
R 0 1  60  0  0  5    0.0202518   0.0202518   0.0192918   0.0191049   0.0187408   0.0180144   0.0169486   0.0169486   0.0169486   0.0169486   0.0169486   0.0169486
R 0 1  60  0  0  6    0.0204246   0.0204246   0.0204246   0.0206098   0.0207511   0.0207129   0.0208270   0.0207659   0.0207659   0.0207659   0.0207659   0.0207659
R 0 1  60  0  0  7    0.0200873   0.0200873   0.0200873   0.0200873   0.0205719   0.0210701   0.0211890   0.0210546   0.0205414   0.0196773   0.0196773   0.0196773
R 0 1  60  0  0  8    0.0215341   0.0215341   0.0215341   0.0215341   0.0215341   0.0215341   0.0215341   0.0210184   0.0209585   0.0209239   0.0202049   0.0186987
R 0 1  60  0  0  9    0.0312701   0.0312701   0.0312701   0.0312701   0.0312701   0.0312701   0.0296860   0.0288854   0.0274801   0.0264936   0.0247718   0.0247718
R 0 1  60  0  0 10    0.0798967   0.0715784   0.0622769   0.0537198   0.0470188   0.0442129   0.0410669   0.0356704   0.0335565   0.0305915   0.0305915   0.0305915
R 0 1  60  0  1  0    0.0000000   0.0000000   0.0000000   0.0000859   0.0000813   0.0000784   0.0000716   0.0000656   0.0000656   0.0000656   0.0000656   0.0000656
R 0 1  60  0  1  1    0.0000658   0.0000658   0.0000658   0.0000658   0.0000720   0.0000659   0.0000628   0.0000563   0.0000563   0.0000563   0.0000563   0.0000563
R 0 1  60  0  1  2    0.0000443   0.0000443   0.0000443   0.0000443   0.0000739   0.0000614   0.0000597   0.0000504   0.0000504   0.0000504   0.0000504   0.0000504
R 0 1  60  0  1  3    0.0000905   0.0000905   0.0000905   0.0000905   0.0000609   0.0000579   0.0000562   0.0000490   0.0000490   0.0000490   0.0000490   0.0000490
R 0 1  60  0  1  4    0.0001426   0.0001426   0.0001426   0.0000826   0.0000820   0.0000746   0.0000538   0.0000397   0.0000397   0.0000397   0.0000397   0.0000397
R 0 1  60  0  1  5    0.0001607   0.0001607   0.0000681   0.0000758   0.0000671   0.0000565   0.0000475   0.0000475   0.0000475   0.0000475   0.0000475   0.0000475
R 0 1  60  0  1  6    0.0000931   0.0000931   0.0000931   0.0000552   0.0000547   0.0000608   0.0000593   0.0000381   0.0000381   0.0000381   0.0000381   0.0000381
R 0 1  60  0  1  7    0.0000274   0.0000274   0.0000274   0.0000274   0.0000282   0.0000610   0.0000665   0.0000689   0.0000748   0.0000555   0.0000555   0.0000555
R 0 1  60  0  1  8    0.0001246   0.0001246   0.0001246   0.0001246   0.0001246   0.0001246   0.0001246   0.0001086   0.0001028   0.0001012   0.0000814   0.0000411
R 0 1  60  0  1  9    0.0002339   0.0002339   0.0002339   0.0002339   0.0002339   0.0002339   0.0002060   0.0001996   0.0001821   0.0001517   0.0001370   0.0001370
R 0 1  60  0  1 10    0.0013423   0.0011225   0.0009752   0.0007758   0.0005439   0.0004898   0.0003853   0.0002564   0.0001897   0.0001272   0.0001272   0.0001272
R 0 1  60  0  2  0    0.0000000   0.0000000   0.0000000   0.0001300   0.0000000   0.0000104   0.0000108   0.0000116   0.0000116   0.0000116   0.0000116   0.0000116
R 0 1  60  0  2  1    0.0000000   0.0000000   0.0000000   0.0000000   0.0000000   0.0000113   0.0000140   0.0000155   0.0000155   0.0000155   0.0000155   0.0000155
R 0 1  60  0  2  2    0.0000000   0.0000000   0.0000000   0.0000000   0.0000391   0.0000089   0.0000156   0.0000130   0.0000130   0.0000130   0.0000130   0.0000130
R 0 1  60  0  2  3    0.0000000   0.0000000   0.0000000   0.0000000   0.0000000   0.0000000   0.0000053   0.0000068   0.0000068   0.0000068   0.0000068   0.0000068
R 0 1  60  0  2  4    0.0000000   0.0000000   0.0000000   0.0000000   0.0000000   0.0000085   0.0000084   0.0000202   0.0000202   0.0000202   0.0000202   0.0000202
R 0 1  60  0  2  5    0.0000000   0.0000000   0.0000000   0.0000000   0.0000141   0.0000124   0.0000000   0.0000000   0.0000000   0.0000000   0.0000000   0.0000000
R 0 1  60  0  2  6    0.0000000   0.0000000   0.0000000   0.0000000   0.0000000   0.0000143   0.0000116   0.0000000   0.0000000   0.0000000   0.0000000   0.0000000
R 0 1  60  0  2  7    0.0000000   0.0000000   0.0000000   0.0000000   0.0000000   0.0000000   0.0000000   0.0000000   0.0000163   0.0000144   0.0000144   0.0000144
R 0 1  60  0  2  8    0.0000000   0.0000000   0.0000000   0.0000000   0.0000000   0.0000000   0.0000000   0.0000000   0.0000242   0.0000170   0.0000000   0.0000000
R 0 1  60  0  2  9    0.0000000   0.0000000   0.0000000   0.0000000   0.0000000   0.0000000   0.0000000   0.0000301   0.0000000   0.0000242   0.0000000   0.0000000
R 0 1  60  0  2 10    0.0000000   0.0000000   0.0000000   0.0000000   0.0000000   0.0000382   0.0000000   0.0000000   0.0000000   0.0000000   0.0000000   0.0000000
R 0 1  60  0  3  0    1.0508255   1.0508255   0.9803030   1.0205725   0.9952634   0.9831328   0.9816129   0.9824802   0.9824802   0.9824802   0.9824802   0.9824802
R 0 1  60  0  3  1    1.0196974   1.0196974   1.0196974   1.0196974   0.9998908   0.9823351   0.9785716   0.9788991   0.9788991   0.9788991   0.9788991   0.9788991
R 0 1  60  0  3  2    1.0081261   1.0081261   1.0081261   1.0081261   0.9971111   0.9867913   0.9815724   0.9815371   0.9815371   0.9815371   0.9815371   0.9815371
R 0 1  60  0  3  3    1.0126379   1.0126379   1.0126379   1.0126379   1.0011614   0.9882515   0.9788830   0.9814386   0.9814386   0.9814386   0.9814386   0.9814386
R 0 1  60  0  3  4    1.0354411   1.0354411   1.0354411   0.9893204   0.9822948   0.9721962   0.9786549   0.9909406   0.9909406   0.9909406   0.9909406   0.9909406
R 0 1  60  0  3  5    1.0205830   1.0205830   0.9973454   0.9781498   0.9731724   0.9736612   0.9719419   0.9719419   0.9719419   0.9719419   0.9719419   0.9719419
R 0 1  60  0  3  6    1.0275838   1.0275838   1.0275838   0.9964990   0.9847729   0.9841299   0.9857427   0.9797617   0.9797617   0.9797617   0.9797617   0.9797617
R 0 1  60  0  3  7    1.1068045   1.1068045   1.1068045   1.1068045   1.0260845   1.0028010   0.9906956   0.9847582   0.9857091   0.9882186   0.9882186   0.9882186
R 0 1  60  0  3  8    1.0225814   1.0225814   1.0225814   1.0225814   1.0225814   1.0225814   1.0225814   0.9907055   0.9834088   0.9840687   0.9881373   1.0252005
R 0 1  60  0  3  9    1.0166450   1.0166450   1.0166450   1.0166450   1.0166450   1.0166450   0.9845358   0.9779930   0.9744120   0.9842551   1.0051955   1.0051955
R 0 1  60  0  3 10    1.0420085   1.0351551   1.0414372   0.9992685   0.9732138   0.9687786   0.9672056   0.9685462   1.0071295   1.0031487   1.0031487   1.0031487
R 0 1  60  0  4  0    1.4904047   1.4904047   1.1980347   2.1975459   2.2337013   2.2551155   2.2282876   2.2596363   2.2596363   2.2596363   2.2596363   2.2596363
R 0 1  60  0  4  1    2.0088236   2.0088236   2.0088236   2.0088236   2.2642922   2.2076873   2.1956669   2.2048039   2.2048039   2.2048039   2.2048039   2.2048039
R 0 1  60  0  4  2    1.9987197   1.9987197   1.9987197   1.9987197   2.1580057   2.2570729   2.2481160   2.2401285   2.2401285   2.2401285   2.2401285   2.2401285
R 0 1  60  0  4  3    1.6985933   1.6985933   1.6985933   1.6985933   2.2565895   2.2727703   2.1793327   2.2199042   2.2199042   2.2199042   2.2199042   2.2199042
R 0 1  60  0  4  4    1.9463891   1.9463891   1.9463891   1.9990829   2.1273569   2.0670863   2.2029400   2.3248054   2.3248054   2.3248054   2.3248054   2.3248054
R 0 1  60  0  4  5    1.6772506   1.6772506   2.0891157   2.0835957   2.0686955   2.0902503   2.0042730   2.0042730   2.0042730   2.0042730   2.0042730   2.0042730
R 0 1  60  0  4  6    2.0752654   2.0752654   2.0752654   2.2396893   2.2616499   2.3481230   2.3709593   2.2549056   2.2549056   2.2549056   2.2549056   2.2549056
R 0 1  60  0  4  7    1.8861868   1.8861868   1.8861868   1.8861868   2.2584550   2.4140251   2.3484275   2.3387879   2.3606585   2.3594944   2.3594944   2.3594944
R 0 1  60  0  4  8    2.3512641   2.3512641   2.3512641   2.3512641   2.3512641   2.3512641   2.3512641   2.1710576   2.2345319   2.2789909   2.3139830   2.3304106
R 0 1  60  0  4  9    1.9966491   1.9966491   1.9966491   1.9966491   1.9966491   1.9966491   1.9144970   2.0910677   2.0465402   2.2241522   2.1348233   2.1348233
R 0 1  60  0  4 10    2.1491972   2.2825588   2.1722458   1.9485808   1.9486887   1.9560733   1.9527432   1.9371140   2.1768322   1.9744463   1.9744463   1.9744463
R 0 1  60  0  5  0    8.8510410   8.8510410  10.7135398   3.0704380   3.7936413   4.0835001   4.3997082   4.0091353   4.0091353   4.0091353   4.0091353   4.0091353
R 0 1  60  0  5  1    3.8377684   3.8377684   3.8377684   3.8377684   3.4720224   4.2666347   4.4785803   4.2332900   4.2332900   4.2332900   4.2332900   4.2332900
R 0 1  60  0  5  2    3.6525417   3.6525417   3.6525417   3.6525417   4.7918547   4.0154977   3.9886037   4.2129376   4.2129376   4.2129376   4.2129376   4.2129376
R 0 1  60  0  5  3    6.5460692   6.5460692   6.5460692   6.5460692   3.7669948   3.9996530   4.6391838   4.4055453   4.4055453   4.4055453   4.4055453   4.4055453
R 0 1  60  0  5  4    4.3989101   4.3989101   4.3989101   5.0144523   4.6374295   5.1751673   3.9564897   3.1476576   3.1476576   3.1476576   3.1476576   3.1476576
R 0 1  60  0  5  5    5.0142366   5.0142366   4.7498102   5.0928195   5.5085236   4.6430286   4.1971310   4.1971310   4.1971310   4.1971310   4.1971310   4.1971310
R 0 1  60  0  5  6    2.8269364   2.8269364   2.8269364   3.8855907   3.6543795   2.9537380   2.3364146   2.0346738   2.0346738   2.0346738   2.0346738   2.0346738
R 0 1  60  0  5  7    3.5264879   3.5264879   3.5264879   3.5264879   3.7412209   2.8831599   3.0912209   2.9368944   2.6418048   2.0685285   2.0685285   2.0685285
R 0 1  60  0  5  8    3.0253526   3.0253526   3.0253526   3.0253526   3.0253526   3.0253526   3.0253526   4.9687835   4.6082901   4.2256207   3.4610071   3.9746707
R 0 1  60  0  5  9    6.4877261   6.4877261   6.4877261   6.4877261   6.4877261   6.4877261   7.8984089   5.6684879   6.7074009   5.1978016   6.1415745   6.1415745
R 0 1  60  0  5 10    5.0962017   3.7813855   3.5757342   5.1827618   5.5880947   6.7868353   8.0837672   8.4375065   5.3655127   7.9414010   7.9414010   7.9414010
F  0  1  60  0  0  0    1.0289974   1.0186373   0.9900089   0.9923587   0.9671957   1.0094261   0.9929802   1.0016452   0.9845383   0.9782452   0.9814932
F  0  1  60  1  0  0    1.0748764   1.0721948   1.0897867   1.0701179   1.0343947   1.0933352   1.0788660   1.0664651   1.0349905   1.0634645   1.0816787
C  0  1  60  0  0  0  -0.1359236 -0.1628873 -0.1799292 -0.4083361 -0.1546390 -0.1834045 -0.1748832 -0.1935563 -0.1603204 -0.1358279 -0.1842401 -0.1297018 -0.0506898 -0.2942983 -0.3669253  0.0253492
C  0  1  60  0  0  1  -0.1032294 -0.2269882 -0.0971462 -0.2154331 -0.2712807 -0.1376950 -0.1748306 -0.1740611  0.0519689 -0.0737520 -0.0319846 -0.0599468 -0.1286677 -0.0563489 -0.2805867 -0.0447223
C  0  1  60  0  0  2  -0.1351401 -0.1081126 -0.1696805 -0.0893196 -0.0119366 -0.0086248 -0.1183804 -0.1113458 -0.1135831 -0.1402880 -0.0293440 -0.0109579 -0.1344139 -0.1179779 -0.0143021 -0.0863598
C  0  1  60  0  0  3  -0.1044238 -0.0878508 -0.1452906  0.0244210  0.1282285 -0.0306425 -0.0959408 -0.0507916 -0.1065498  0.0055875 -0.1131072 -0.1574335 -0.2227013 -0.0997861 -0.0251686  0.0071561
C  0  1  60  0  0  4  -0.1494833 -0.1107682 -0.1867664 -0.0694888 -0.1208004 -0.1345967 -0.0485866 -0.0182916 -0.0577960  0.0736414  0.0778797  0.0576522 -0.0984717 -0.0937138 -0.0035901 -0.0978289
C  0  1  60  0  0  5  -0.0447475  0.0254325 -0.1047186  0.0347255 -0.0678760 -0.0450043 -0.0150207 -0.0109536  0.0075483 -0.0273334 -0.0825650  0.0116992 -0.0883205  0.0230882  0.0283572 -0.1248137
C  0  1  60  0  0  6  -0.0263442  0.0733063  0.0407024  0.0256930 -0.0566502 -0.1292902 -0.0443712 -0.0581545 -0.0573376 -0.0596499 -0.0036942 -0.0552179  0.0022537  0.0259870 -0.0691102  0.1636218
C  0  1  60  0  0  7   0.0037249 -0.1193743  0.0293448  0.0506479  0.0004284  0.0488378 -0.0017453  0.0151260 -0.0421570 -0.0488732  0.0744209 -0.0618819 -0.0239350 -0.0614247 -0.0581490 -0.0349014
C  0  1  60  0  0  8  -0.0460870 -0.0281963  0.0761873  0.0017651 -0.0049902  0.0295037 -0.0676172  0.0087848  0.0135076  0.0271409 -0.0682175  0.0484697  0.0340375  0.0829353 -0.0607850  0.0406032
C  0  1  60  0  0  9  -0.0656037  0.0367701 -0.0665757  0.0073207 -0.0400183 -0.0247054 -0.0412497  0.0616202  0.0218193  0.0296218  0.0362679  0.0734834  0.0452253 -0.0037687 -0.0737451  0.1140294
C  0  1  60  0  0 10  -0.0081284 -0.0142011 -0.0264052  0.0632838  0.0462845  0.0545800 -0.0475912 -0.0072243 -0.0332328 -0.0665193  0.0709658 -0.0230064 -0.0671624  0.0482361 -0.0289645  0.1208848
C  0  1  60  0  0 11  -0.0539934  0.0524573 -0.0490991  0.0076046  0.0352648  0.0509624  0.0404447  0.0567696  0.0497319  0.0690147  0.0357298 -0.0318381 -0.0091679  0.0133902 -0.0099218  0.0113282
C  0  1  60  0  0 12   0.0629839 -0.0423681 -0.0686083 -0.0257256  0.0367898  0.0595915 -0.0690077 -0.0401340  0.0485147  0.1016422  0.0346613  0.0322005 -0.0113502 -0.0260728 -0.0017569  0.0276344
C  0  1  60  0  0 13  -0.0103920  0.0055075 -0.0087253  0.0423428  0.0213917 -0.0100723  0.0080735 -0.0333457  0.0854837  0.0511599 -0.0157342  0.0298183 -0.0160101  0.0321543 -0.0179755  0.0190336
C  0  1  60  0  0 14  -0.0231585 -0.0927775 -0.0072615 -0.0240594 -0.0509875  0.0367339  0.0562087  0.0030278 -0.0961355  0.0512451  0.1276890  0.0080114 -0.0096125  0.0370665  0.0011848 -0.0900561
C  0  1  60  0  0 15  -0.1320332 -0.0801809 -0.0256269  0.0045589 -0.0419742 -0.0604730 -0.0511764  0.0030486  0.0258582  0.0837482 -0.0063199 -0.1235584 -0.0173044 -0.0099557 -0.0630263 -0.0344596
C  0  1  60  0  0 16   0.1198418 -0.0460599 -0.0444481  0.0135894 -0.0665006 -0.0684728 -0.0406370  0.0065113  0.0104865  0.1465263 -0.0204361 -0.0239466 -0.0705295  0.0103694 -0.1306594 -0.0186860
C  0  1  60  0  0 17  -0.1589398 -0.1387084 -0.1371288 -0.1355138 -0.1623114 -0.0055811 -0.0767713 -0.0317476 -0.0257913 -0.0814921  0.0036401 -0.0061710 -0.0638063 -0.0799906  0.0201497 -0.0064076
C  0  1  60  0  0 18  -0.1188393 -0.1249361  0.0030178 -0.1091618 -0.0968427 -0.1346490 -0.1282081 -0.0461565 -0.1241221 -0.0631139  0.0111650 -0.1719929 -0.0705616 -0.0372823 -0.2005854 -0.0373258
C  0  1  60  0  0 19  -0.0174678 -0.0974683 -0.2053552  0.0121279 -0.1466043 -0.0289422 -0.1231552 -0.0733904 -0.1567356 -0.0459968 -0.0346742 -0.0953334 -0.0679119 -0.0863844 -0.1126638 -0.1184596
C  0  1  60  0  0 20  -0.0175371 -0.2239828  0.0269642 -0.0296929 -0.1300473 -0.1194706 -0.2344606 -0.1159354 -0.1890932 -0.2711426 -0.2227626  0.0011573 -0.0320785 -0.2082053 -0.1950364 -0.1715108
C  0  1  60  0  0 21  -0.1746875 -0.2711163 -0.3065912 -0.2454033 -0.1671408 -0.1780937 -0.2998300 -0.0586901 -0.1050776 -0.1378887 -0.2159839 -0.2977392 -0.4303774 -0.3034032 -0.0972378 -0.3735175
C  0  1  60  0  1  0  -0.0033802  0.0007349  0.0015172 -0.0018800  0.0026460  0.0030210  0.0024895  0.0022041  0.0061284  0.0000682 -0.0018260  0.0065263  0.0042234  0.0028980  0.0087902  0.0070680
C  0  1  60  0  1  1  -0.0005093  0.0006782 -0.0012957 -0.0009077 -0.0005189  0.0007130  0.0048492  0.0019192  0.0038139 -0.0023511  0.0007493 -0.0006949  0.0033064  0.0042114  0.0002447  0.0021397
C  0  1  60  0  1  2   0.0046039 -0.0001459 -0.0018166  0.0014157  0.0010395  0.0022591  0.0000267  0.0010541 -0.0016173  0.0006620 -0.0004534 -0.0029195  0.0007720  0.0006325  0.0015836  0.0025340
C  0  1  60  0  1  3   0.0046583 -0.0004729  0.0009646 -0.0011168 -0.0025296  0.0032332  0.0035987 -0.0020878 -0.0035064 -0.0024872 -0.0003664 -0.0019054  0.0008647 -0.0030704 -0.0021184  0.0015903
C  0  1  60  0  1  4   0.0034577 -0.0002030 -0.0024636  0.0029464  0.0033960 -0.0005456  0.0041733 -0.0007786  0.0005859  0.0003502 -0.0026764 -0.0027692  0.0025071 -0.0014407 -0.0011948 -0.0019492
C  0  1  60  0  1  5   0.0021332  0.0003543 -0.0024741  0.0015839  0.0007162 -0.0005267 -0.0001353  0.0004640 -0.0003241  0.0024800  0.0029716 -0.0006540  0.0002123  0.0000807  0.0004556 -0.0000715
C  0  1  60  0  1  6   0.0032804 -0.0010980  0.0000960  0.0015255  0.0004095 -0.0000612 -0.0032459 -0.0007066  0.0006057 -0.0012973 -0.0013241 -0.0003766 -0.0013858 -0.0003748  0.0026639  0.0011789
C  0  1  60  0  1  7   0.0010743 -0.0004330 -0.0002011 -0.0001864  0.0004176  0.0009037 -0.0006388 -0.0003248  0.0000011  0.0004990  0.0030421 -0.0014010 -0.0008933  0.0007046  0.0006453  0.0010968
C  0  1  60  0  1  8   0.0008851 -0.0008682 -0.0017981 -0.0016133  0.0007334  0.0016924  0.0013944 -0.0005542  0.0024104  0.0007544 -0.0003509  0.0000083  0.0006079  0.0004857  0.0003917  0.0016720
C  0  1  60  0  1  9  -0.0013474  0.0007653  0.0001802  0.0011417  0.0003151  0.0016852 -0.0012027 -0.0000380 -0.0008376 -0.0029977 -0.0021834 -0.0005428 -0.0006112  0.0005588 -0.0018214 -0.0013617
C  0  1  60  0  1 10   0.0017498  0.0002249  0.0015529  0.0012067  0.0015554 -0.0003268  0.0003261 -0.0025723 -0.0012322 -0.0020265  0.0006745  0.0000529  0.0003833  0.0001226 -0.0007188 -0.0003713
C  0  1  60  0  1 11  -0.0003812  0.0011986  0.0002817  0.0015627 -0.0014465 -0.0000599 -0.0039354 -0.0005253 -0.0018273 -0.0002353  0.0002119 -0.0017172  0.0002264 -0.0011242 -0.0004796  0.0004045
C  0  1  60  0  1 12  -0.0004167 -0.0004443  0.0011965 -0.0005534  0.0013849  0.0010085  0.0002938  0.0001046 -0.0001402 -0.0015029 -0.0000859  0.0029236 -0.0005609 -0.0004620  0.0012199  0.0010293
C  0  1  60  0  1 13   0.0029122 -0.0019458  0.0001646  0.0020190  0.0010898  0.0020835 -0.0006390  0.0007264 -0.0005463 -0.0017002 -0.0001458 -0.0015069 -0.0018795  0.0018106  0.0006085  0.0018515
C  0  1  60  0  1 14   0.0012651  0.0020241  0.0019914  0.0011488  0.0012371  0.0003079  0.0016567  0.0018772 -0.0006595  0.0003611  0.0007404  0.0001456  0.0021872 -0.0007850 -0.0012212  0.0009195
C  0  1  60  0  1 15   0.0009458 -0.0009982 -0.0011439  0.0003106  0.0003333  0.0004317  0.0024508  0.0012971  0.0010932 -0.0016434 -0.0008115  0.0020161 -0.0002394 -0.0006086 -0.0008853 -0.0002105
C  0  1  60  0  1 16   0.0007691  0.0021477  0.0008769  0.0037401  0.0005031  0.0006061 -0.0000729 -0.0007849 -0.0015037 -0.0006679  0.0007851  0.0006851 -0.0012946  0.0005614  0.0021548  0.0009367
C  0  1  60  0  1 17   0.0006735 -0.0007961 -0.0006862  0.0054141 -0.0001845  0.0044605  0.0020647 -0.0007553  0.0008201  0.0024464  0.0017529  0.0003785  0.0016623  0.0002396  0.0055345  0.0038555
C  0  1  60  0  1 18   0.0062849  0.0055463  0.0020596  0.0009158  0.0018944  0.0030136  0.0034509 -0.0026733  0.0001303  0.0022729  0.0039353 -0.0019666  0.0003636 -0.0000130  0.0057554  0.0029063
C  0  1  60  0  1 19   0.0020526 -0.0005299  0.0015961 -0.0006047  0.0006883  0.0006191  0.0039406  0.0005902  0.0038161  0.0038539 -0.0011192  0.0022210  0.0028842  0.0017234  0.0037521  0.0032454
C  0  1  60  0  1 20   0.0044934  0.0063159  0.0045392  0.0066617  0.0018316  0.0033497  0.0052404  0.0054935  0.0029176  0.0054997  0.0013758 -0.0002509  0.0042142  0.0072286  0.0028416  0.0068857
C  0  1  60  0  1 21   0.0173028  0.0134225  0.0058342  0.0035217 -0.0037929 -0.0040580 -0.0053097 -0.0025024 -0.0002992 -0.0042574 -0.0026796  0.0029551  0.0024032  0.0067453  0.0084841  0.0054993
C  0  1  60  1  0  0  -0.4472159 -0.3028551 -0.3716764 -0.3852474 -0.2778290 -0.4610383 -0.3389234 -0.3645632 -0.2935126 -0.2642510 -0.3743824 -0.4646819 -0.4470001 -0.3425604 -0.3582814 -0.4350721
C  0  1  60  1  0  1  -0.2533690 -0.2911388 -0.2929407 -0.3058699 -0.2993677 -0.3131331 -0.3067665 -0.2089006 -0.2790141 -0.2578115 -0.3350890 -0.3059882 -0.3757763 -0.4018503 -0.3426141 -0.3941604
C  0  1  60  1  0  2  -0.3395159 -0.3351532 -0.2322189 -0.3019106 -0.3417724 -0.3133764 -0.2773283 -0.2728212 -0.2406151 -0.2374513 -0.2793523 -0.3159420 -0.3563505 -0.3973355 -0.2965276 -0.2938707
C  0  1  60  1  0  3  -0.2624423 -0.2963355 -0.3172365 -0.2150935 -0.3229978 -0.2589132 -0.2276350 -0.1157364 -0.1889125 -0.1539831 -0.2377110 -0.2444576 -0.2489241 -0.2811652 -0.2826164 -0.2621210
C  0  1  60  1  0  4  -0.2916417 -0.2813106 -0.2786134 -0.3007484 -0.2840451 -0.2351850 -0.2654620 -0.2735117 -0.2764322 -0.2012542 -0.1922525 -0.2788048 -0.3318553 -0.2635742 -0.3345347 -0.2676551
C  0  1  60  1  0  5  -0.2448235 -0.2160806 -0.1548499 -0.1624475 -0.1689648 -0.1883573 -0.1922517 -0.1845181 -0.1694196 -0.1681590 -0.1694524 -0.2220669 -0.1982251 -0.1347732 -0.1981331 -0.1500771
C  0  1  60  1  0  6  -0.1322135 -0.1243320 -0.1832378 -0.1554308 -0.1566840 -0.1364805 -0.1452611 -0.1426717 -0.1234265 -0.1474513 -0.1110948 -0.1142010 -0.1329961 -0.1685323 -0.1524678 -0.1621203
C  0  1  60  1  0  7  -0.1639078 -0.1472350 -0.1660102 -0.1194387 -0.1811696 -0.1606355 -0.1979984 -0.1644570 -0.1342829 -0.0815646 -0.0876294 -0.1376804 -0.1582287 -0.1446352 -0.1184681 -0.1016988
C  0  1  60  1  0  8  -0.1805101 -0.0971532 -0.1199751 -0.1583563 -0.1576689 -0.1796369 -0.1318226 -0.1347916 -0.0953066 -0.1323593 -0.1268612 -0.1083947 -0.0986093 -0.1252764 -0.1288970 -0.1450070
C  0  1  60  1  0  9  -0.1145319 -0.1091737 -0.1101615 -0.1567787 -0.1234434 -0.1341496 -0.1184563 -0.1741005 -0.0830015 -0.1076515 -0.0497953 -0.1357402 -0.0891279 -0.1058180 -0.1328780 -0.1487560
C  0  1  60  1  0 10  -0.1316163 -0.0957422 -0.1631005 -0.1586039 -0.1829219 -0.1561147 -0.1583619 -0.1249194 -0.0743106 -0.1357707 -0.0879444 -0.1206812 -0.0954284 -0.1186719 -0.1180137 -0.1242112
C  0  1  60  1  0 11  -0.1660520 -0.0819488 -0.1145074 -0.0860039 -0.1131429 -0.1155350 -0.1341002 -0.1155051 -0.1513395 -0.0823203 -0.1077819 -0.1209760 -0.0999541 -0.1290933 -0.1017297 -0.1473146
C  0  1  60  1  0 12  -0.0847262 -0.1216510 -0.1509502 -0.1029464 -0.1469105 -0.1320650 -0.1675414 -0.2003235 -0.1327916 -0.1210883 -0.1053413 -0.0404206 -0.0881400 -0.1137601 -0.1180477 -0.1367301
C  0  1  60  1  0 13  -0.1020647 -0.1667591 -0.1945336 -0.0878202 -0.1430309 -0.1345838 -0.1739686 -0.1747635 -0.1144152 -0.1623795 -0.1431155 -0.1303187 -0.1311909 -0.1278902 -0.1559873 -0.1492124
C  0  1  60  1  0 14  -0.1166747 -0.1509411 -0.1339538 -0.1491285 -0.1762502 -0.1293943 -0.1320923 -0.1599807 -0.1704565 -0.1548719 -0.1167526 -0.1066397 -0.1250906 -0.0967479 -0.0996808 -0.1724654
C  0  1  60  1  0 15  -0.1450948 -0.1896183 -0.1619803 -0.1526181 -0.1449003 -0.1174212 -0.1583915 -0.2016156 -0.1644165 -0.1527438 -0.1015774 -0.1711162 -0.1234440 -0.0808655 -0.1202459 -0.1647032
C  0  1  60  1  0 16  -0.2226508 -0.1413917 -0.1675698 -0.1508175 -0.1839591 -0.1621118 -0.1841226 -0.2530016 -0.1897157 -0.1859764 -0.1557073 -0.1793969 -0.1233281 -0.1492698 -0.1492520 -0.1326071
C  0  1  60  1  0 17  -0.3077144 -0.3190606 -0.2123514 -0.2839207 -0.2606758 -0.2730329 -0.3046787 -0.2613504 -0.2903640 -0.2672114 -0.2901013 -0.2518560 -0.2449157 -0.2474362 -0.2475683 -0.2767662
C  0  1  60  1  0 18  -0.2700230 -0.2481936 -0.2759779 -0.2515673 -0.2788820 -0.2057681 -0.3026382 -0.2189490 -0.2044874 -0.2636640 -0.2111471 -0.1977992 -0.2622301 -0.1472996 -0.1460052 -0.1920794
C  0  1  60  1  0 19  -0.2690075 -0.2492968 -0.3043395 -0.3224908 -0.2918718 -0.3120651 -0.3256029 -0.2063250 -0.3065998 -0.3224636 -0.2170536 -0.2527923 -0.2471565 -0.3050138 -0.2309201 -0.2770986
C  0  1  60  1  0 20  -0.2453589 -0.2647252 -0.3319657 -0.3517554 -0.3008788 -0.2754646 -0.3072858 -0.2754815 -0.3826122 -0.3734837 -0.3567188 -0.3223613 -0.4154853 -0.3265811 -0.2321703 -0.3926025
C  0  1  60  1  0 21  -0.3817081 -0.3274720 -0.3468768 -0.3315913 -0.3148107 -0.2506573 -0.2960380 -0.3444262 -0.4284348 -0.3245453 -0.3785143 -0.3435103 -0.3191022 -0.3502521 -0.2536768 -0.4178914
C  0  1  60  1  1  0   0.0461881  0.0502956  0.0396554  0.0231436  0.0007321 -0.0210641 -0.0347637 -0.0414538 -0.0484065 -0.0383498 -0.0340434 -0.0177357  0.0009460  0.0064662  0.0260145  0.0371800
C  0  1  60  1  1  1   0.0254223  0.0238707  0.0182276  0.0122957  0.0024969 -0.0078239 -0.0144042 -0.0184552 -0.0167612 -0.0156485 -0.0147450 -0.0072775  0.0038752  0.0094157  0.0124665  0.0239269
C  0  1  60  1  1  2   0.0119581  0.0131597  0.0084924  0.0062148  0.0020025 -0.0033733 -0.0081246 -0.0085721 -0.0100571 -0.0056591 -0.0053644 -0.0032499 -0.0001228  0.0044784  0.0043098  0.0096376
C  0  1  60  1  1  3   0.0070791  0.0069321  0.0017628  0.0033902  0.0024853 -0.0000608 -0.0041693 -0.0017342 -0.0001286 -0.0010976 -0.0030545 -0.0006583  0.0010564  0.0014071  0.0010644  0.0065318
C  0  1  60  1  1  4   0.0005957  0.0026347  0.0002311  0.0007570  0.0021011  0.0016311  0.0005694  0.0008014  0.0045901  0.0029980 -0.0014973 -0.0012221  0.0020739  0.0009523  0.0038755  0.0017195
C  0  1  60  1  1  5   0.0020406  0.0003611 -0.0000287  0.0028951  0.0025954  0.0027409  0.0032373  0.0034560  0.0043144  0.0008243 -0.0013713  0.0000078  0.0029320  0.0022190  0.0024088 -0.0002054
C  0  1  60  1  1  6   0.0005784  0.0011196  0.0015906  0.0034390  0.0051378  0.0036767  0.0043500  0.0041890  0.0045120  0.0012967 -0.0000101  0.0005253 -0.0002295  0.0005242  0.0003406 -0.0012020
C  0  1  60  1  1  7  -0.0008632  0.0021971  0.0016991  0.0047839  0.0044056  0.0034059  0.0048498  0.0037926  0.0036324  0.0006814  0.0002936 -0.0004214  0.0016791  0.0011838  0.0002943 -0.0015062
C  0  1  60  1  1  8  -0.0010027  0.0001440  0.0018850  0.0013150  0.0045773  0.0034522  0.0044218  0.0046352  0.0047017  0.0011800  0.0004883 -0.0009358  0.0013804  0.0011520  0.0007625 -0.0016163
C  0  1  60  1  1  9   0.0004788  0.0019324  0.0017621  0.0030167  0.0027414  0.0016382  0.0032579  0.0030761  0.0016817 -0.0009430  0.0001119  0.0003410  0.0003431 -0.0002916 -0.0000786 -0.0020228
C  0  1  60  1  1 10  -0.0001815  0.0012793  0.0008051  0.0016563  0.0015820  0.0011647  0.0019413  0.0020968  0.0026419 -0.0004127 -0.0011236 -0.0004376 -0.0012020  0.0006534  0.0017717 -0.0014645
C  0  1  60  1  1 11  -0.0006616  0.0012394  0.0010710  0.0015355  0.0014939 -0.0009613  0.0009268  0.0012200  0.0025498  0.0007796 -0.0016151 -0.0011962 -0.0007665 -0.0002469  0.0001519 -0.0016988
C  0  1  60  1  1 12  -0.0002309  0.0015250  0.0018391  0.0029114  0.0019728  0.0011792 -0.0000725  0.0020800  0.0038066  0.0005990  0.0008013  0.0001980 -0.0003204 -0.0019512  0.0000264 -0.0013978
C  0  1  60  1  1 13  -0.0012564  0.0015104  0.0016255  0.0025977  0.0028244  0.0026156  0.0039225  0.0049440  0.0045287  0.0008207  0.0010584 -0.0005518 -0.0015826 -0.0027470 -0.0011364 -0.0029144
C  0  1  60  1  1 14  -0.0008113  0.0007161  0.0022475  0.0029395  0.0037524  0.0018506  0.0028086  0.0056208  0.0058147  0.0016390  0.0017678 -0.0014176 -0.0017660 -0.0011389 -0.0017607 -0.0017976
C  0  1  60  1  1 15  -0.0020832  0.0004434  0.0028848  0.0030688  0.0024437 -0.0005366  0.0021401  0.0028266  0.0051047  0.0017902  0.0014047  0.0007490 -0.0020388 -0.0061116 -0.0058721 -0.0050824
C  0  1  60  1  1 16  -0.0010306  0.0018103  0.0026068  0.0038335  0.0039185  0.0008883  0.0034983  0.0033991  0.0044021  0.0072388  0.0023415  0.0031822 -0.0012556 -0.0012719 -0.0050713 -0.0064039
C  0  1  60  1  1 17  -0.0039079  0.0019343  0.0020708  0.0050856  0.0014033 -0.0007369  0.0007439  0.0040976  0.0034052  0.0033803  0.0031252  0.0007155 -0.0012067 -0.0043874 -0.0053752 -0.0068184
C  0  1  60  1  1 18   0.0011749  0.0069832  0.0050378  0.0062556  0.0044319  0.0005408 -0.0024587 -0.0012359  0.0026312  0.0036412  0.0021114  0.0002142 -0.0009055 -0.0040548 -0.0068381 -0.0027899
C  0  1  60  1  1 19   0.0016749  0.0075126  0.0110843  0.0091571  0.0060387  0.0027171 -0.0024635 -0.0009019  0.0033701  0.0052957  0.0015081 -0.0004436 -0.0022255 -0.0036910 -0.0049727 -0.0021863
C  0  1  60  1  1 20   0.0006027  0.0149794  0.0167120  0.0153681  0.0054644  0.0034980 -0.0016181 -0.0011248  0.0019818  0.0061943  0.0000919 -0.0017804 -0.0065328 -0.0067114 -0.0049569 -0.0030504
C  0  1  60  1  1 21   0.0091990  0.0208835  0.0309213  0.0213238  0.0149894  0.0159895  0.0114153  0.0097134  0.0136740  0.0131112  0.0005247 -0.0044114 -0.0092642 -0.0190871 -0.0084798 -0.0009013
