CPHI 16 
CETA 22 -2.40 -2.10 -1.85 -1.60 -1.40 -1.20 -1.00 -0.80 -0.60 -0.40 -0.20  0.00  0.20  0.40  0.60  0.80  1.00  1.20  1.40  1.60  1.85  2.10  2.40 
RMIN  6 
RTRK 12 
RETA 11  0.00  0.20  0.40  0.60  0.80  1.00  1.20  1.40  1.60  1.85  2.10  2.40 
T 0 1  61  0  0  0    0.0000000   0.0006309   0.0016960   0.0032575   0.0123092   0.0692218   0.2777729   0.6529742   1.0000000   1.0000000   1.0000000   1.0000000   1.0000000
T 0 1  61  0  0  1    0.0000000   0.0001315   0.0005190   0.0024373   0.0124458   0.0588346   0.2261911   0.5893473   1.0000000   1.0000000   1.0000000   1.0000000   1.0000000
T 0 1  61  0  0  2    0.0000000   0.0001155   0.0005183   0.0017190   0.0105788   0.0555824   0.2096552   0.5735475   1.0000000   1.0000000   1.0000000   1.0000000   1.0000000
T 0 1  61  0  0  3    0.0000000   0.0002332   0.0006029   0.0017211   0.0118194   0.0627514   0.2259097   0.5875590   1.0000000   1.0000000   1.0000000   1.0000000   1.0000000
T 0 1  61  0  0  4    0.0000000   0.0003737   0.0025675   0.0144956   0.0631739   0.2044117   0.4888182   0.8222714   1.0000000   1.0000000   1.0000000   1.0000000   1.0000000
T 0 1  61  0  0  5    0.0000000   0.0009930   0.0075605   0.0517998   0.2054201   0.5330283   0.8766499   0.9993641   1.0000000   1.0000000   1.0000000   1.0000000   1.0000000
T 0 1  61  0  0  6    0.0000000   0.0003412   0.0012387   0.0102241   0.0675064   0.2765164   0.6626189   0.9310537   0.9982073   1.0000000   1.0000000   1.0000000   1.0000000
T 0 1  61  0  0  7    0.0000000   0.0000506   0.0003790   0.0008943   0.0047959   0.0307779   0.1195640   0.2971596   0.5822006   0.8697054   0.9840422   0.9998627   1.0000000
T 0 1  61  0  0  8    0.0000000   0.0000007   0.0000314   0.0001242   0.0003987   0.0009753   0.0042022   0.0249781   0.1196682   0.3937862   0.7890697   0.9690774   1.0000000
T 0 1  61  0  0  9    0.0000000   0.0000074   0.0000088   0.0000448   0.0005498   0.0035265   0.0184871   0.0861569   0.3018184   0.6582750   0.9387208   0.9999313   1.0000000
T 0 1  61  0  0 10    0.0000000   0.0066725   0.0290022   0.0466655   0.0798498   0.1691189   0.3385326   0.6896688   0.9101213   0.9701782   0.9998334   1.0000000   1.0000000
T 0 1  61  1  0  0    0.0000000   0.0005148   0.0016399   0.0047460   0.0213440   0.1017716   0.3374237   0.6994022   1.0000000   1.0000000   1.0000000   1.0000000   1.0000000
T 0 1  61  1  0  1    0.0000000   0.0002633   0.0010891   0.0042307   0.0181163   0.0752157   0.2537985   0.6193956   1.0000000   1.0000000   1.0000000   1.0000000   1.0000000
T 0 1  61  1  0  2    0.0000000   0.0002194   0.0008486   0.0027728   0.0124455   0.0616642   0.2339277   0.6064318   1.0000000   1.0000000   1.0000000   1.0000000   1.0000000
T 0 1  61  1  0  3    0.0000000   0.0002283   0.0008669   0.0027852   0.0140251   0.0700545   0.2491207   0.6198491   1.0000000   1.0000000   1.0000000   1.0000000   1.0000000
T 0 1  61  1  0  4    0.0000000   0.0004356   0.0027620   0.0153929   0.0663357   0.2155446   0.5058694   0.8320271   1.0000000   1.0000000   1.0000000   1.0000000   1.0000000
T 0 1  61  1  0  5    0.0000000   0.0011873   0.0094478   0.0577925   0.2246261   0.5586818   0.8900123   0.9996500   1.0000000   1.0000000   1.0000000   1.0000000   1.0000000
T 0 1  61  1  0  6    0.0000000   0.0004626   0.0026649   0.0180020   0.0942133   0.3329130   0.7236541   0.9536823   0.9988141   0.9999984   1.0000000   1.0000000   1.0000000
T 0 1  61  1  0  7    0.0000000   0.0002246   0.0006446   0.0024765   0.0123245   0.0526267   0.1570011   0.3413836   0.6074237   0.8728054   0.9849908   0.9998878   1.0000000
T 0 1  61  1  0  8    0.0000000   0.0009562   0.0014955   0.0017998   0.0022382   0.0036136   0.0107994   0.0452511   0.1686405   0.4573475   0.8251665   0.9710661   1.0000000
T 0 1  61  1  0  9    0.0000000   0.0021003   0.0074838   0.0131257   0.0159362   0.0198461   0.0401951   0.1288935   0.3661962   0.7154288   0.9583841   0.9999941   1.0000000
T 0 1  61  1  0 10    0.0000000   0.0032254   0.0170235   0.0428863   0.0843736   0.1746921   0.3942474   0.7474223   0.9511020   0.9856143   0.9999985   1.0000000   1.0000000
R 0 1  61  0  0  0    0.0244471   0.0244471   0.0114993   0.0104057   0.0103101   0.0101542   0.0100189   0.0098795   0.0098795   0.0098795   0.0098795   0.0098795
R 0 1  61  0  0  1    0.0118050   0.0118050   0.0118050   0.0118050   0.0110572   0.0109289   0.0109309   0.0108685   0.0108685   0.0108685   0.0108685   0.0108685
R 0 1  61  0  0  2    0.0125283   0.0125283   0.0125283   0.0125283   0.0120628   0.0119802   0.0118481   0.0116684   0.0116684   0.0116684   0.0116684   0.0116684
R 0 1  61  0  0  3    0.0132016   0.0132016   0.0132016   0.0132016   0.0126815   0.0126175   0.0124016   0.0122350   0.0122350   0.0122350   0.0122350   0.0122350
R 0 1  61  0  0  4    0.0187932   0.0187932   0.0187932   0.0175879   0.0168818   0.0158615   0.0144926   0.0130899   0.0130899   0.0130899   0.0130899   0.0130899
R 0 1  61  0  0  5    0.0202430   0.0202430   0.0194618   0.0190913   0.0187535   0.0180508   0.0170158   0.0170158   0.0170158   0.0170158   0.0170158   0.0170158
R 0 1  61  0  0  6    0.0203745   0.0203745   0.0203745   0.0204563   0.0207186   0.0206675   0.0208116   0.0204963   0.0204963   0.0204963   0.0204963   0.0204963
R 0 1  61  0  0  7    0.0209788   0.0209788   0.0209788   0.0209788   0.0206803   0.0213017   0.0211325   0.0209933   0.0205481   0.0196314   0.0196314   0.0196314
R 0 1  61  0  0  8    0.0213105   0.0213105   0.0213105   0.0213105   0.0213105   0.0213105   0.0213105   0.0211214   0.0209728   0.0209929   0.0201757   0.0188966
R 0 1  61  0  0  9    0.0313770   0.0313770   0.0313770   0.0313770   0.0313770   0.0313770   0.0299413   0.0289156   0.0274891   0.0264224   0.0248439   0.0248439
R 0 1  61  0  0 10    0.0764073   0.0715828   0.0615648   0.0542143   0.0471115   0.0439727   0.0408637   0.0356886   0.0337818   0.0307647   0.0307647   0.0307647
R 0 1  61  0  1  0    0.0000000   0.0000000   0.0000000   0.0000763   0.0000803   0.0000793   0.0000737   0.0000671   0.0000671   0.0000671   0.0000671   0.0000671
R 0 1  61  0  1  1    0.0000739   0.0000739   0.0000739   0.0000739   0.0000677   0.0000700   0.0000611   0.0000565   0.0000565   0.0000565   0.0000565   0.0000565
R 0 1  61  0  1  2    0.0000619   0.0000619   0.0000619   0.0000619   0.0000658   0.0000656   0.0000612   0.0000520   0.0000520   0.0000520   0.0000520   0.0000520
R 0 1  61  0  1  3    0.0000552   0.0000552   0.0000552   0.0000552   0.0000698   0.0000634   0.0000559   0.0000504   0.0000504   0.0000504   0.0000504   0.0000504
R 0 1  61  0  1  4    0.0001253   0.0001253   0.0001253   0.0000978   0.0000883   0.0000710   0.0000574   0.0000451   0.0000451   0.0000451   0.0000451   0.0000451
R 0 1  61  0  1  5    0.0001202   0.0001202   0.0000817   0.0000657   0.0000697   0.0000626   0.0000484   0.0000484   0.0000484   0.0000484   0.0000484   0.0000484
R 0 1  61  0  1  6    0.0001081   0.0001081   0.0001081   0.0000475   0.0000599   0.0000558   0.0000511   0.0000126   0.0000126   0.0000126   0.0000126   0.0000126
R 0 1  61  0  1  7    0.0000291   0.0000291   0.0000291   0.0000291   0.0000825   0.0000751   0.0000677   0.0000720   0.0000753   0.0000597   0.0000597   0.0000597
R 0 1  61  0  1  8    0.0001109   0.0001109   0.0001109   0.0001109   0.0001109   0.0001109   0.0001109   0.0001091   0.0000996   0.0001001   0.0000817   0.0000710
R 0 1  61  0  1  9    0.0002861   0.0002861   0.0002861   0.0002861   0.0002861   0.0002861   0.0002212   0.0002039   0.0001797   0.0001559   0.0001300   0.0001300
R 0 1  61  0  1 10    0.0013078   0.0010679   0.0008536   0.0007666   0.0005804   0.0004718   0.0003868   0.0002516   0.0001888   0.0001794   0.0001794   0.0001794
R 0 1  61  0  2  0    0.0000000   0.0000000   0.0000000   0.0000000   0.0000000   0.0000179   0.0000087   0.0000000   0.0000000   0.0000000   0.0000000   0.0000000
R 0 1  61  0  2  1    0.0000000   0.0000000   0.0000000   0.0000000   0.0000000   0.0000115   0.0000083   0.0000099   0.0000099   0.0000099   0.0000099   0.0000099
R 0 1  61  0  2  2    0.0000000   0.0000000   0.0000000   0.0000000   0.0000716   0.0000000   0.0000135   0.0000105   0.0000105   0.0000105   0.0000105   0.0000105
R 0 1  61  0  2  3    0.0001582   0.0001582   0.0001582   0.0001582   0.0000000   0.0000000   0.0000148   0.0000000   0.0000000   0.0000000   0.0000000   0.0000000
R 0 1  61  0  2  4    0.0000000   0.0000000   0.0000000   0.0000000   0.0000000   0.0000140   0.0000124   0.0000000   0.0000000   0.0000000   0.0000000   0.0000000
R 0 1  61  0  2  5    0.0000000   0.0000000   0.0000000   0.0000000   0.0000138   0.0000141   0.0000000   0.0000000   0.0000000   0.0000000   0.0000000   0.0000000
R 0 1  61  0  2  6    0.0000000   0.0000000   0.0000000   0.0000000   0.0000000   0.0000000   0.0000000   0.0000000   0.0000000   0.0000000   0.0000000   0.0000000
R 0 1  61  0  2  7    0.0000000   0.0000000   0.0000000   0.0000000   0.0001208   0.0000000   0.0000000   0.0000000   0.0000134   0.0000000   0.0000000   0.0000000
R 0 1  61  0  2  8    0.0000000   0.0000000   0.0000000   0.0000000   0.0000000   0.0000000   0.0000000   0.0000000   0.0000000   0.0000000   0.0000000   0.0000000
R 0 1  61  0  2  9    0.0000000   0.0000000   0.0000000   0.0000000   0.0000000   0.0000000   0.0000000   0.0000310   0.0000000   0.0000294   0.0000000   0.0000000
R 0 1  61  0  2 10    0.0000000   0.0000000   0.0000000   0.0000000   0.0000000   0.0000000   0.0000736   0.0000000   0.0000000   0.0000000   0.0000000   0.0000000
R 0 1  61  0  3  0    1.0401066   1.0401066   1.0866355   1.0329336   0.9938338   0.9853458   0.9817089   0.9822116   0.9822116   0.9822116   0.9822116   0.9822116
R 0 1  61  0  3  1    1.0158717   1.0158717   1.0158717   1.0158717   0.9961946   0.9849838   0.9792227   0.9772072   0.9772072   0.9772072   0.9772072   0.9772072
R 0 1  61  0  3  2    1.0165439   1.0165439   1.0165439   1.0165439   0.9950031   0.9854437   0.9815801   0.9818978   0.9818978   0.9818978   0.9818978   0.9818978
R 0 1  61  0  3  3    0.9858827   0.9858827   0.9858827   0.9858827   1.0079385   0.9886353   0.9832719   0.9822367   0.9822367   0.9822367   0.9822367   0.9822367
R 0 1  61  0  3  4    1.0228021   1.0228021   1.0228021   0.9911486   0.9766781   0.9765835   0.9790486   0.9888412   0.9888412   0.9888412   0.9888412   0.9888412
R 0 1  61  0  3  5    1.0230367   1.0230367   0.9870432   0.9848982   0.9736358   0.9718872   0.9717463   0.9717463   0.9717463   0.9717463   0.9717463   0.9717463
R 0 1  61  0  3  6    1.0289064   1.0289064   1.0289064   0.9928023   0.9872930   0.9864177   0.9820552   0.9871161   0.9871161   0.9871161   0.9871161   0.9871161
R 0 1  61  0  3  7    1.0461587   1.0461587   1.0461587   1.0461587   1.0245857   1.0004942   0.9913165   0.9877073   0.9857521   0.9902564   0.9902564   0.9902564
R 0 1  61  0  3  8    1.0266676   1.0266676   1.0266676   1.0266676   1.0266676   1.0266676   1.0266676   0.9896922   0.9824042   0.9859326   0.9867832   1.0060262
R 0 1  61  0  3  9    1.0251633   1.0251633   1.0251633   1.0251633   1.0251633   1.0251633   0.9914776   0.9739129   0.9734365   0.9834350   1.0058722   1.0058722
R 0 1  61  0  3 10    1.0555635   1.0326757   1.0161352   0.9921795   0.9735563   0.9737097   0.9695149   0.9679928   1.0007943   1.0034442   1.0034442   1.0034442
R 0 1  61  0  4  0    1.4452907   1.4452907   1.2464355   2.0328990   2.2376958   2.2654721   2.2523479   2.2507718   2.2507718   2.2507718   2.2507718   2.2507718
R 0 1  61  0  4  1    1.9087095   1.9087095   1.9087095   1.9087095   2.1988065   2.2402381   2.2074324   2.1647223   2.1647223   2.1647223   2.1647223   2.1647223
R 0 1  61  0  4  2    1.9450642   1.9450642   1.9450642   1.9450642   2.1970811   2.2812135   2.2465705   2.2467074   2.2467074   2.2467074   2.2467074   2.2467074
R 0 1  61  0  4  3    1.6740133   1.6740133   1.6740133   1.6740133   2.3480090   2.3106148   2.2550240   2.2486432   2.2486432   2.2486432   2.2486432   2.2486432
R 0 1  61  0  4  4    1.9330743   1.9330743   1.9330743   2.0835573   2.0735067   2.1085416   2.2184413   2.3453110   2.3453110   2.3453110   2.3453110   2.3453110
R 0 1  61  0  4  5    1.8111090   1.8111090   2.0090125   2.1449880   2.0847749   2.0675977   2.0203138   2.0203138   2.0203138   2.0203138   2.0203138   2.0203138
R 0 1  61  0  4  6    2.0427960   2.0427960   2.0427960   2.1451305   2.3079020   2.3786682   2.3191778   2.2766189   2.2766189   2.2766189   2.2766189   2.2766189
R 0 1  61  0  4  7    1.7286778   1.7286778   1.7286778   1.7286778   2.2983737   2.4588998   2.3510636   2.3702166   2.3730472   2.3413662   2.3413662   2.3413662
R 0 1  61  0  4  8    2.2305069   2.2305069   2.2305069   2.2305069   2.2305069   2.2305069   2.2305069   2.2185030   2.1997960   2.3178751   2.2651780   2.0928398
R 0 1  61  0  4  9    2.1227374   2.1227374   2.1227374   2.1227374   2.1227374   2.1227374   1.9987941   2.0500926   2.0550201   2.2052755   2.1727980   2.1727980
R 0 1  61  0  4 10    1.9230628   2.0751735   1.9644730   1.9517757   1.9436645   2.0043716   1.9778562   1.9216419   2.0712715   1.9650262   1.9650262   1.9650262
R 0 1  61  0  5  0   10.1741249  10.1741249  12.1369684   4.1225303   3.7521536   3.9398962   4.0621130   4.0321979   4.0321979   4.0321979   4.0321979   4.0321979
R 0 1  61  0  5  1    4.4825651   4.4825651   4.4825651   4.4825651   3.7711333   4.0449084   4.3314146   4.6009443   4.6009443   4.6009443   4.6009443   4.6009443
R 0 1  61  0  5  2    3.9132118   3.9132118   3.9132118   3.9132118   4.2672231   3.8238001   4.0336193   4.2170499   4.2170499   4.2170499   4.2170499   4.2170499
R 0 1  61  0  5  3    5.8595845   5.8595845   5.8595845   5.8595845   3.5104653   3.7740346   4.1723295   4.2035086   4.2035086   4.2035086   4.2035086   4.2035086
R 0 1  61  0  5  4    4.3278562   4.3278562   4.3278562   4.5058585   5.0364101   4.9746469   3.8856964   3.1765333   3.1765333   3.1765333   3.1765333   3.1765333
R 0 1  61  0  5  5    4.4159585   4.4159585   5.4462181   4.8232513   5.1565120   4.7745651   4.0429604   4.0429604   4.0429604   4.0429604   4.0429604   4.0429604
R 0 1  61  0  5  6    2.7770228   2.7770228   2.7770228   4.2833515   3.5217523   2.8696298   2.4434581   1.9823253   1.9823253   1.9823253   1.9823253   1.9823253
R 0 1  61  0  5  7    4.2891023   4.2891023   4.2891023   4.2891023   3.6708909   2.7459769   2.9154259   2.7793500   2.5554522   2.1125894   2.1125894   2.1125894
R 0 1  61  0  5  8    3.9523790   3.9523790   3.9523790   3.9523790   3.9523790   3.9523790   3.9523790   4.7105849   4.6902712   4.0104010   3.8347902   5.5409379
R 0 1  61  0  5  9    4.2034359   4.2034359   4.2034359   4.2034359   4.2034359   4.2034359   7.2831927   5.9286724   6.4745156   5.3229438   6.1081891   6.1081891
R 0 1  61  0  5 10    5.8231299   5.9086326   4.2484159   4.8449190   5.3942291   6.1304130   7.4532186   9.0238976   7.2954325   8.0682813   8.0682813   8.0682813
F  0  1  61  0  0  0    1.0019338   1.0249224   0.9832891   0.9942825   0.9880634   0.9913213   0.9944465   1.0038823   0.9826825   0.9881611   0.9734288
F  0  1  61  1  0  0    1.0454978   1.0901731   1.0607795   1.0653439   1.0546521   1.0768791   1.0800548   1.0749194   1.0269273   1.0699708   1.0779394
C  0  1  61  0  0  0  -0.1594742  0.0234751 -0.3150579 -0.5721755 -0.1834970 -0.1446965 -0.0891853 -0.1297881 -0.1973013 -0.1854659 -0.2739797 -0.1992984 -0.2127959 -0.2950804 -0.3729010 -0.1003062
C  0  1  61  0  0  1  -0.0889487 -0.2000045 -0.1854732 -0.0720074 -0.0575626  0.0060283 -0.2468515 -0.1017362 -0.0933855 -0.1718771 -0.0844177 -0.1101151 -0.1432265 -0.0729272 -0.1698028 -0.0310518
C  0  1  61  0  0  2  -0.1731077 -0.0316992 -0.1072309 -0.0420994 -0.0560653 -0.0774274  0.0339553 -0.0932454 -0.0961285 -0.1010583  0.0210621 -0.0322315 -0.1683251 -0.0691687 -0.0404772 -0.1086125
C  0  1  61  0  0  3  -0.0944931 -0.1388977 -0.1125520 -0.1261547  0.0317742 -0.1220965 -0.0936307 -0.0356883 -0.1316720  0.0044599 -0.1072626 -0.1041852 -0.0784127 -0.1182847 -0.2233304 -0.0375208
C  0  1  61  0  0  4  -0.1315852  0.0011682 -0.0533649 -0.0920434 -0.0991707 -0.0025895 -0.0497762 -0.1386683 -0.0458348 -0.1066714 -0.0695533  0.0337562 -0.1665213 -0.0777062  0.0140273 -0.0433203
C  0  1  61  0  0  5  -0.0317333 -0.0052010  0.0013441  0.0279139  0.0599796 -0.0148570 -0.0228598  0.0111972 -0.0064673  0.0317819 -0.0605299 -0.0683799 -0.0479417  0.0857005  0.0461829 -0.1063144
C  0  1  61  0  0  6  -0.1382605  0.0969659  0.0067407  0.0251296  0.0192628  0.0376751 -0.0317582 -0.0652831 -0.0171299 -0.0731020  0.0402824 -0.0505184 -0.0766626 -0.0008268 -0.0883279  0.0397217
C  0  1  61  0  0  7  -0.0529932  0.0117300 -0.0057744  0.0541572  0.0617426  0.0391157  0.0051812 -0.0215529  0.0034544  0.0252846  0.0859263 -0.0365460 -0.0419009  0.0088236  0.0261530  0.0597352
C  0  1  61  0  0  8   0.0023204 -0.0075479  0.0896941  0.0782966 -0.0233706  0.1124283  0.0089698 -0.0279710  0.0163928 -0.0072115  0.0163334  0.0652994 -0.0026647  0.0473152 -0.0624381 -0.0410074
C  0  1  61  0  0  9   0.0003923  0.0040225 -0.0208242  0.0153012  0.0597861  0.0452815 -0.0143673  0.0348031  0.0078972 -0.0114339  0.0332590  0.0470990  0.0065239 -0.0148025 -0.0253743 -0.0366989
C  0  1  61  0  0 10  -0.0202301 -0.0585500 -0.0290692  0.0568297  0.0756904  0.0493146  0.0235050 -0.0015897 -0.0278981 -0.0687339 -0.0351780 -0.0586727 -0.0657147  0.0526222 -0.0044899  0.0273241
C  0  1  61  0  0 11  -0.0599384  0.0426397 -0.0572282  0.1049120 -0.0136482  0.0795596  0.0623621  0.0566758 -0.0246489  0.0150102  0.0129467 -0.0141551  0.0038549  0.0205273 -0.0085324  0.0002126
C  0  1  61  0  0 12   0.0975132 -0.0600214  0.0212169  0.0120865 -0.0054915  0.0366864 -0.0069048 -0.0222530 -0.0074010  0.0812483 -0.0085956 -0.0565471 -0.0127797 -0.0264577  0.0248973 -0.0075438
C  0  1  61  0  0 13  -0.0168780  0.0561907  0.0276910  0.0049267  0.0031365  0.0594513 -0.0557014 -0.0383867  0.0151788  0.0807423 -0.0041984 -0.0197276  0.0361449  0.0445933  0.0046993 -0.0525214
C  0  1  61  0  0 14  -0.0866594  0.0083417 -0.0127953 -0.0206555  0.0304848 -0.0210633 -0.0165842  0.0475079  0.0126833 -0.0158957  0.0627181 -0.0948650  0.0781088  0.0041938 -0.0802997 -0.0416400
C  0  1  61  0  0 15  -0.1462159 -0.1249017 -0.0756895 -0.0064252 -0.0017428 -0.0553649 -0.0157835 -0.1254345 -0.0093544  0.0550169  0.0179024 -0.1182741  0.0371538 -0.0411163 -0.0539727 -0.0398434
C  0  1  61  0  0 16   0.0945290  0.0255667  0.0012269  0.0581215  0.0672629 -0.0815365  0.0214196  0.0242319 -0.0909188  0.1301275 -0.0588184  0.0126288 -0.0983052 -0.0256803 -0.0848097 -0.0014515
C  0  1  61  0  0 17  -0.1188428 -0.1170582 -0.0666208 -0.0695614 -0.1267678 -0.0512108 -0.0963648  0.0569745 -0.0153725 -0.1165797 -0.0206523 -0.1462953 -0.0596458 -0.2372273 -0.0645335 -0.0063163
C  0  1  61  0  0 18  -0.1361993 -0.0342536  0.0082322 -0.1108118 -0.2146578 -0.1123751 -0.0985739 -0.0143569 -0.1527160  0.0105514 -0.0722195 -0.1928851 -0.0021507 -0.0605452 -0.1160566 -0.0319910
C  0  1  61  0  0 19   0.0997248 -0.1108084 -0.2455576 -0.0785300 -0.1079865 -0.0402580 -0.0987784 -0.0470891 -0.1092508 -0.1250404 -0.0814339 -0.1997692 -0.1590593  0.0096681 -0.0091731 -0.0500156
C  0  1  61  0  0 20  -0.0560318 -0.1503282 -0.1330146 -0.0003888 -0.1580808 -0.1197613 -0.2221451 -0.1111434 -0.1475083 -0.2548451 -0.1625293  0.0363776 -0.1489296 -0.1193669 -0.1398084  0.0365754
C  0  1  61  0  0 21  -0.0627950 -0.2232050 -0.4355397  0.0165876 -0.2537030 -0.2818625 -0.2188846 -0.1025929 -0.1843565 -0.1504118  0.0567162 -0.2028872 -0.4171434 -0.2958232 -0.2374371 -0.1601286
C  0  1  61  0  1  0  -0.0027330 -0.0015694  0.0027406 -0.0006430 -0.0016331  0.0006862  0.0031611 -0.0010113  0.0021415  0.0008175 -0.0026995  0.0031740  0.0076459  0.0061913  0.0046779  0.0049878
C  0  1  61  0  1  1  -0.0016517  0.0029755 -0.0020677 -0.0025834 -0.0034250 -0.0019601  0.0078070  0.0019769  0.0035290 -0.0001177 -0.0013563 -0.0036672  0.0035502  0.0053746  0.0041739  0.0014932
C  0  1  61  0  1  2   0.0024635 -0.0004869  0.0011105  0.0002912 -0.0031571  0.0030473 -0.0010029 -0.0013871 -0.0006363  0.0000766 -0.0018990 -0.0009382  0.0008779 -0.0008875  0.0002526 -0.0034065
C  0  1  61  0  1  3   0.0019384  0.0005313  0.0022725 -0.0020685 -0.0004005  0.0009544 -0.0001613 -0.0018875 -0.0024430 -0.0021404 -0.0003234 -0.0025787  0.0018572 -0.0025801  0.0018949  0.0013568
C  0  1  61  0  1  4   0.0021798 -0.0001090  0.0011772  0.0021853  0.0012418  0.0012394  0.0016522  0.0005287  0.0002555  0.0002470 -0.0003101 -0.0022903  0.0021591 -0.0011534  0.0002293 -0.0006509
C  0  1  61  0  1  5   0.0006809  0.0011171  0.0006458  0.0028382  0.0015208 -0.0021312 -0.0020606  0.0018909 -0.0005480 -0.0001203  0.0011175 -0.0001394  0.0004952  0.0013231  0.0020793 -0.0013760
C  0  1  61  0  1  6   0.0008259 -0.0003400 -0.0006934 -0.0005122  0.0012567 -0.0015695 -0.0002650 -0.0004814  0.0003485 -0.0021319 -0.0000823  0.0007169 -0.0007134 -0.0008668  0.0018456 -0.0017062
C  0  1  61  0  1  7   0.0013116  0.0000959  0.0020427 -0.0005777  0.0027298  0.0028523  0.0000801  0.0004344  0.0008804 -0.0003619  0.0005058 -0.0004285 -0.0021843  0.0005901  0.0000691  0.0002921
C  0  1  61  0  1  8   0.0008735  0.0007764  0.0020392  0.0002938  0.0008588  0.0019403  0.0028590  0.0001594  0.0022828 -0.0000054  0.0006087 -0.0007312 -0.0029477  0.0011264  0.0007789 -0.0002502
C  0  1  61  0  1  9  -0.0022534 -0.0007039  0.0024943 -0.0000915  0.0010660  0.0027407  0.0007560  0.0020864 -0.0010424 -0.0003820 -0.0027779 -0.0003597 -0.0004796  0.0000754 -0.0005048  0.0004991
C  0  1  61  0  1 10   0.0014966 -0.0001664  0.0021380  0.0016661  0.0029790 -0.0010494  0.0021728  0.0011369 -0.0017381 -0.0016174 -0.0010856 -0.0006218 -0.0013140  0.0001159  0.0014531  0.0009003
C  0  1  61  0  1 11   0.0009983 -0.0004263 -0.0004226  0.0014927  0.0006399  0.0006249 -0.0019055  0.0005134 -0.0028268  0.0002668 -0.0001201 -0.0015693  0.0012257  0.0004401 -0.0004837 -0.0008066
C  0  1  61  0  1 12   0.0003827 -0.0004244  0.0018462 -0.0021820  0.0021691  0.0006853  0.0006545 -0.0004263  0.0014683 -0.0001719  0.0001617  0.0033856 -0.0003980 -0.0002813  0.0000008  0.0033448
C  0  1  61  0  1 13   0.0017812 -0.0016836 -0.0012607  0.0022057  0.0033590 -0.0003806 -0.0004998  0.0012092 -0.0011511 -0.0002652  0.0018373 -0.0020011 -0.0006568  0.0027155  0.0010912 -0.0000380
C  0  1  61  0  1 14   0.0021206  0.0014075  0.0033494  0.0009641  0.0036807  0.0041333 -0.0001389  0.0011146 -0.0003706  0.0006607  0.0005678  0.0023854  0.0009176  0.0011515 -0.0004707  0.0020205
C  0  1  61  0  1 15   0.0023282  0.0009207  0.0004358  0.0017252  0.0016259  0.0013205  0.0015423  0.0003786  0.0008350 -0.0005661 -0.0012072  0.0019971  0.0004925  0.0008837  0.0015718  0.0018754
C  0  1  61  0  1 16   0.0019566  0.0035360  0.0001788  0.0015937  0.0001252  0.0043385  0.0011959 -0.0007487  0.0006787  0.0000800  0.0030361  0.0012424  0.0003802  0.0020193  0.0041923  0.0015849
C  0  1  61  0  1 17   0.0013723 -0.0001192 -0.0017328  0.0038270  0.0035110  0.0025288  0.0028109  0.0037246 -0.0010698  0.0030386  0.0015354 -0.0006807  0.0037640  0.0002009  0.0042231  0.0038028
C  0  1  61  0  1 18   0.0049227  0.0036601  0.0014695  0.0016679  0.0017452  0.0001241  0.0038539  0.0030737 -0.0010829  0.0022117  0.0020848  0.0020778  0.0017762 -0.0009011  0.0063344  0.0069954
C  0  1  61  0  1 19   0.0047999  0.0019504  0.0009163  0.0021728  0.0015944  0.0002732  0.0034664  0.0001745  0.0016300  0.0047120 -0.0007787  0.0009660  0.0005735  0.0022804  0.0045598  0.0041893
C  0  1  61  0  1 20   0.0070257  0.0043286  0.0036361  0.0054541  0.0030377  0.0043933  0.0039231  0.0042886  0.0036926  0.0056426 -0.0010584 -0.0009439  0.0043554  0.0041271  0.0061641  0.0068742
C  0  1  61  0  1 21   0.0123988  0.0127827  0.0075720  0.0050617 -0.0035608 -0.0026602 -0.0079833  0.0008476 -0.0027265 -0.0002434  0.0041273  0.0027701 -0.0000081  0.0061146  0.0114021  0.0050704
C  0  1  61  1  0  0  -0.4620624 -0.2896909 -0.2928381 -0.3631101 -0.2279670 -0.3744290 -0.2958286 -0.2779778 -0.2997689 -0.3092252 -0.3312072 -0.4964297 -0.4200027 -0.4068497 -0.3855584 -0.3729710
C  0  1  61  1  0  1  -0.2930874 -0.3406166 -0.2516226 -0.2504175 -0.3684355 -0.2831283 -0.2657426 -0.2749247 -0.2925415 -0.2326974 -0.3253557 -0.3324103 -0.3665599 -0.3914334 -0.3302106 -0.3242885
C  0  1  61  1  0  2  -0.3564968 -0.3892530 -0.2834461 -0.3036143 -0.2823731 -0.3180881 -0.2506219 -0.2161240 -0.2147870 -0.2405576 -0.2721193 -0.2397040 -0.3563527 -0.3407219 -0.2766838 -0.3282296
C  0  1  61  1  0  3  -0.2916387 -0.3321511 -0.3004703 -0.2457927 -0.2807481 -0.2584969 -0.1991992 -0.1156596 -0.2029332 -0.2191724 -0.2332572 -0.2933714 -0.2661451 -0.3279969 -0.3078293 -0.3164807
C  0  1  61  1  0  4  -0.2437214 -0.3076949 -0.3276281 -0.3009940 -0.2458936 -0.1847745 -0.2654322 -0.2654722 -0.2901984 -0.2176707 -0.1928671 -0.2832282 -0.2948672 -0.2507691 -0.3339916 -0.3381416
C  0  1  61  1  0  5  -0.1854385 -0.1492799 -0.1793189 -0.1338365 -0.1165240 -0.1726356 -0.1799083 -0.1423235 -0.1265346 -0.1188809 -0.1602185 -0.2238984 -0.2341031 -0.1393460 -0.2180155 -0.2386077
C  0  1  61  1  0  6  -0.1576466 -0.1716500 -0.2223537 -0.1399808 -0.1127060 -0.1415566 -0.1609946 -0.1500544 -0.1609962 -0.1271958 -0.1286189 -0.1366742 -0.1392278 -0.1622623 -0.1128376 -0.1963783
C  0  1  61  1  0  7  -0.1158602 -0.1525299 -0.1230842 -0.1146413 -0.1696735 -0.1497849 -0.1689785 -0.1258708 -0.1427745 -0.0686564 -0.0850326 -0.1366137 -0.1724564 -0.1290549 -0.1582912 -0.1269210
C  0  1  61  1  0  8  -0.1835171 -0.0958116 -0.1658789 -0.1598200 -0.1766501 -0.1656298 -0.1443441 -0.1591883 -0.1430334 -0.0953335 -0.1500124 -0.1614434 -0.1258000 -0.1439188 -0.1613285 -0.1380238
C  0  1  61  1  0  9  -0.1222641 -0.1709582 -0.1059394 -0.1227608 -0.0804641 -0.1435197 -0.1181910 -0.1870844 -0.1153283 -0.1293734 -0.0459862 -0.1461967 -0.1495333 -0.1060820 -0.1322260 -0.1355982
C  0  1  61  1  0 10  -0.1368925 -0.1153813 -0.1227146 -0.1298110 -0.1405541 -0.0973950 -0.1532534 -0.1184666 -0.1065961 -0.1013247 -0.1272965 -0.1445763 -0.1149770 -0.1084164 -0.1138804 -0.1348166
C  0  1  61  1  0 11  -0.1329225 -0.1057922 -0.1468793 -0.0922485 -0.1160427 -0.0846984 -0.1222635 -0.0942414 -0.1381898 -0.0857879 -0.1438407 -0.1309255 -0.1013199 -0.1583801 -0.1044714 -0.1345609
C  0  1  61  1  0 12  -0.0928409 -0.1327749 -0.1491240 -0.1199576 -0.1240294 -0.0871972 -0.1633132 -0.1805375 -0.1075815 -0.1278165 -0.1017633 -0.0886027 -0.0780691 -0.1511978 -0.0765690 -0.1091302
C  0  1  61  1  0 13  -0.1082729 -0.1506029 -0.1159894 -0.1386036 -0.1499477 -0.1464894 -0.1755962 -0.1510519 -0.1473787 -0.1124084 -0.1790566 -0.1396389 -0.1440677 -0.1452976 -0.1528263 -0.1219793
C  0  1  61  1  0 14  -0.0985046 -0.1651096 -0.1559024 -0.1481302 -0.1506931 -0.0943006 -0.1351325 -0.2120585 -0.1515687 -0.1741691 -0.1445829 -0.1144219 -0.1643180 -0.1066258 -0.1218071 -0.1486243
C  0  1  61  1  0 15  -0.1405347 -0.1871796 -0.1376356 -0.1370366 -0.1705414 -0.1123255 -0.1261364 -0.1591750 -0.1915557 -0.1303808 -0.1334770 -0.1675276 -0.1659728 -0.1582191 -0.1157073 -0.1883179
C  0  1  61  1  0 16  -0.2029960 -0.1471098 -0.1479622 -0.1343055 -0.1689030 -0.1427225 -0.2015517 -0.2131353 -0.1406425 -0.2321357 -0.1574581 -0.1220903 -0.1417468 -0.1567051 -0.1185725 -0.1268047
C  0  1  61  1  0 17  -0.2770878 -0.2706635 -0.2463514 -0.2882105 -0.2558870 -0.2207018 -0.3182848 -0.2149496 -0.2746016 -0.2867951 -0.2301686 -0.2203825 -0.1922332 -0.3021476 -0.2266419 -0.2396298
C  0  1  61  1  0 18  -0.3006047 -0.2907327 -0.2576136 -0.2590804 -0.2422516 -0.2456961 -0.3057144 -0.2842516 -0.2760115 -0.2915632 -0.3095605 -0.2756098 -0.3161550 -0.2104881 -0.2298117 -0.2261385
C  0  1  61  1  0 19  -0.2717540 -0.2467056 -0.2498725 -0.3415478 -0.3022899 -0.2858048 -0.2951930 -0.2258718 -0.2898716 -0.2496828 -0.2469905 -0.2924586 -0.2321757 -0.2795828 -0.2809648 -0.2485592
C  0  1  61  1  0 20  -0.2417992 -0.2838073 -0.3483526 -0.3362159 -0.3055649 -0.1972900 -0.2732641 -0.3128398 -0.3092226 -0.3583564 -0.3329925 -0.2990212 -0.3839025 -0.3577046 -0.1778175 -0.3445074
C  0  1  61  1  0 21  -0.4190596 -0.3799632 -0.2566441 -0.3396153 -0.3081717 -0.2315621 -0.2801119 -0.3798892 -0.3778411 -0.2439316 -0.3272371 -0.3727917 -0.2522768 -0.3741143 -0.3341798 -0.3378686
C  0  1  61  1  1  0   0.0465415  0.0493363  0.0402995  0.0246407  0.0023864 -0.0204467 -0.0318913 -0.0412321 -0.0468360 -0.0345384 -0.0323008 -0.0170861  0.0013153  0.0051045  0.0240245  0.0360461
C  0  1  61  1  1  1   0.0260131  0.0225059  0.0188936  0.0105250  0.0029814 -0.0082895 -0.0150544 -0.0174922 -0.0170337 -0.0151886 -0.0150936 -0.0067784  0.0036980  0.0085334  0.0129372  0.0242719
C  0  1  61  1  1  2   0.0119748  0.0130830  0.0085112  0.0056232  0.0020137 -0.0024423 -0.0077393 -0.0086857 -0.0102544 -0.0063199 -0.0054905 -0.0030483  0.0013364  0.0037743  0.0035455  0.0106174
C  0  1  61  1  1  3   0.0075821  0.0077134  0.0026531  0.0042641  0.0008790  0.0009104 -0.0039320 -0.0028430  0.0001120 -0.0019032 -0.0018990  0.0002591  0.0024381  0.0026628  0.0015992  0.0058682
C  0  1  61  1  1  4   0.0032631  0.0024962  0.0009067  0.0005565  0.0031672  0.0018642  0.0007403  0.0021471  0.0043453  0.0021013 -0.0002263  0.0001069  0.0017582  0.0025234  0.0029961  0.0015979
C  0  1  61  1  1  5   0.0013306  0.0006150  0.0000541  0.0031954  0.0029114  0.0034845  0.0027967  0.0038347  0.0049390  0.0023325 -0.0008798 -0.0003568  0.0014339  0.0028282  0.0023922 -0.0009209
C  0  1  61  1  1  6   0.0011720  0.0010746  0.0010371  0.0032041  0.0046961  0.0035817  0.0044384  0.0046393  0.0047968  0.0014859  0.0003500  0.0001724  0.0009514  0.0001649  0.0009851 -0.0003976
C  0  1  61  1  1  7  -0.0003481  0.0017545  0.0015970  0.0053091  0.0042696  0.0041265  0.0065059  0.0034567  0.0035552  0.0016647  0.0006183 -0.0004037  0.0013842  0.0006278  0.0017786 -0.0012124
C  0  1  61  1  1  8  -0.0002292  0.0011306  0.0026983  0.0019242  0.0055352  0.0041096  0.0044764  0.0043681  0.0050502  0.0010565  0.0004223  0.0001436  0.0011710  0.0010251  0.0013763 -0.0003973
C  0  1  61  1  1  9   0.0009606  0.0020781  0.0018143  0.0032713  0.0019679  0.0035599  0.0031515  0.0041716  0.0029352 -0.0000326  0.0019088  0.0008119  0.0008998  0.0000287 -0.0000377 -0.0015324
C  0  1  61  1  1 10  -0.0005455  0.0021634  0.0008770  0.0012278  0.0021976  0.0014794  0.0027021  0.0023112  0.0025234 -0.0000073 -0.0015489  0.0002844 -0.0008778  0.0011125  0.0019376 -0.0006758
C  0  1  61  1  1 11  -0.0001826  0.0014937  0.0012197  0.0022969  0.0027161  0.0002688  0.0020343  0.0023279  0.0027630  0.0008481 -0.0017983 -0.0009663  0.0001300 -0.0005976  0.0009160 -0.0025675
C  0  1  61  1  1 12  -0.0002600  0.0020655  0.0024551  0.0034789  0.0019950  0.0015607  0.0011594  0.0030381  0.0047031  0.0013441  0.0012108  0.0010926  0.0007848 -0.0005458  0.0003796 -0.0007054
C  0  1  61  1  1 13  -0.0000559  0.0018363  0.0017945  0.0022916  0.0029649  0.0037146  0.0030521  0.0051253  0.0048921  0.0011967  0.0006754  0.0000367 -0.0011435 -0.0024839  0.0006477 -0.0008319
C  0  1  61  1  1 14  -0.0009206  0.0010378  0.0030700  0.0040579  0.0043537  0.0019567  0.0036212  0.0055455  0.0055915  0.0028431  0.0020493 -0.0009592 -0.0014752 -0.0014954 -0.0017088 -0.0026214
C  0  1  61  1  1 15  -0.0006000 -0.0002804  0.0021555  0.0025252  0.0023815 -0.0010517  0.0030281  0.0037453  0.0059503  0.0029288  0.0010905  0.0006436 -0.0032258 -0.0063793 -0.0060483 -0.0048843
C  0  1  61  1  1 16  -0.0023417  0.0014795  0.0033050  0.0035076  0.0034938  0.0008821  0.0028156  0.0031587  0.0049183  0.0055315  0.0018809  0.0033876 -0.0012142 -0.0020381 -0.0050786 -0.0057171
C  0  1  61  1  1 17  -0.0042272  0.0022484  0.0010185  0.0054534  0.0012088 -0.0016429  0.0013693  0.0047500  0.0048252  0.0036831  0.0042349  0.0018337 -0.0005936 -0.0041752 -0.0055265 -0.0049395
C  0  1  61  1  1 18  -0.0006397  0.0071180  0.0048754  0.0065575  0.0040149 -0.0007917 -0.0020758 -0.0009772  0.0034722  0.0036343  0.0021032  0.0008777 -0.0014584 -0.0033758 -0.0056435 -0.0042454
C  0  1  61  1  1 19   0.0020750  0.0085164  0.0125162  0.0098978  0.0065885  0.0019791 -0.0032177  0.0003350  0.0023174  0.0055087  0.0020364  0.0003674 -0.0028965 -0.0043972 -0.0053416 -0.0017776
C  0  1  61  1  1 20   0.0014429  0.0145453  0.0177052  0.0141950  0.0069522  0.0038662 -0.0026341 -0.0012633  0.0024830  0.0056951  0.0029341 -0.0010356 -0.0067397 -0.0073368 -0.0052863 -0.0038745
C  0  1  61  1  1 21   0.0092614  0.0233267  0.0307738  0.0216367  0.0155923  0.0153638  0.0100779  0.0133755  0.0118828  0.0128821 -0.0014476 -0.0028984 -0.0103634 -0.0157416 -0.0087512  0.0011531
