CPHI 16 
CETA 22 -2.40 -2.10 -1.85 -1.60 -1.40 -1.20 -1.00 -0.80 -0.60 -0.40 -0.20  0.00  0.20  0.40  0.60  0.80  1.00  1.20  1.40  1.60  1.85  2.10  2.40 
RMIN  6 
RTRK 12 
RETA 11  0.00  0.20  0.40  0.60  0.80  1.00  1.20  1.40  1.60  1.85  2.10  2.40 
T 0 1  62  0  0  0    0.0000000   0.0006297   0.0016864   0.0032742   0.0122358   0.0688269   0.2778988   0.6534710   1.0000000   1.0000000   1.0000000   1.0000000   1.0000000
T 0 1  62  0  0  1    0.0000000   0.0001285   0.0005292   0.0024195   0.0124741   0.0591734   0.2264157   0.5900117   1.0000000   1.0000000   1.0000000   1.0000000   1.0000000
T 0 1  62  0  0  2    0.0000000   0.0001462   0.0005734   0.0017890   0.0107760   0.0558282   0.2100057   0.5736614   1.0000000   1.0000000   1.0000000   1.0000000   1.0000000
T 0 1  62  0  0  3    0.0000000   0.0001836   0.0006017   0.0017171   0.0116173   0.0631173   0.2263454   0.5863484   1.0000000   1.0000000   1.0000000   1.0000000   1.0000000
T 0 1  62  0  0  4    0.0000000   0.0003892   0.0025651   0.0144151   0.0630395   0.2048637   0.4901859   0.8229529   1.0000000   1.0000000   1.0000000   1.0000000   1.0000000
T 0 1  62  0  0  5    0.0000000   0.0010276   0.0076516   0.0517327   0.2060154   0.5342573   0.8767409   0.9993281   1.0000000   1.0000000   1.0000000   1.0000000   1.0000000
T 0 1  62  0  0  6    0.0000000   0.0003433   0.0012456   0.0101529   0.0672663   0.2773767   0.6631590   0.9318818   0.9983134   1.0000000   1.0000000   1.0000000   1.0000000
T 0 1  62  0  0  7    0.0000000   0.0000614   0.0003980   0.0009172   0.0047413   0.0311220   0.1193099   0.2977956   0.5814963   0.8693358   0.9842518   0.9998903   1.0000000
T 0 1  62  0  0  8    0.0000000   0.0000042   0.0000383   0.0001274   0.0003904   0.0009775   0.0041320   0.0248898   0.1192786   0.3931095   0.7890877   0.9695224   1.0000000
T 0 1  62  0  0  9    0.0000000   0.0000077   0.0000092   0.0000350   0.0005428   0.0037087   0.0188189   0.0861721   0.3016133   0.6585419   0.9389384   0.9999350   1.0000000
T 0 1  62  0  0 10    0.0000000   0.0067315   0.0289138   0.0464628   0.0795760   0.1680433   0.3373763   0.6893695   0.9107178   0.9704963   0.9998470   1.0000000   1.0000000
T 0 1  62  1  0  0    0.0000000   0.0005148   0.0016399   0.0047460   0.0213440   0.1017716   0.3374237   0.6994022   1.0000000   1.0000000   1.0000000   1.0000000   1.0000000
T 0 1  62  1  0  1    0.0000000   0.0002633   0.0010891   0.0042307   0.0181163   0.0752157   0.2537985   0.6193956   1.0000000   1.0000000   1.0000000   1.0000000   1.0000000
T 0 1  62  1  0  2    0.0000000   0.0002194   0.0008486   0.0027728   0.0124455   0.0616642   0.2339277   0.6064318   1.0000000   1.0000000   1.0000000   1.0000000   1.0000000
T 0 1  62  1  0  3    0.0000000   0.0002283   0.0008669   0.0027852   0.0140251   0.0700545   0.2491207   0.6198491   1.0000000   1.0000000   1.0000000   1.0000000   1.0000000
T 0 1  62  1  0  4    0.0000000   0.0004356   0.0027620   0.0153929   0.0663357   0.2155446   0.5058694   0.8320271   1.0000000   1.0000000   1.0000000   1.0000000   1.0000000
T 0 1  62  1  0  5    0.0000000   0.0011873   0.0094478   0.0577925   0.2246261   0.5586818   0.8900123   0.9996500   1.0000000   1.0000000   1.0000000   1.0000000   1.0000000
T 0 1  62  1  0  6    0.0000000   0.0004626   0.0026649   0.0180020   0.0942133   0.3329130   0.7236541   0.9536823   0.9988141   0.9999984   1.0000000   1.0000000   1.0000000
T 0 1  62  1  0  7    0.0000000   0.0002246   0.0006446   0.0024765   0.0123245   0.0526267   0.1570011   0.3413836   0.6074237   0.8728054   0.9849908   0.9998878   1.0000000
T 0 1  62  1  0  8    0.0000000   0.0009562   0.0014955   0.0017998   0.0022382   0.0036136   0.0107994   0.0452511   0.1686405   0.4573475   0.8251665   0.9710661   1.0000000
T 0 1  62  1  0  9    0.0000000   0.0021003   0.0074838   0.0131257   0.0159362   0.0198461   0.0401951   0.1288935   0.3661962   0.7154288   0.9583841   0.9999941   1.0000000
T 0 1  62  1  0 10    0.0000000   0.0032254   0.0170235   0.0428863   0.0843736   0.1746921   0.3942474   0.7474223   0.9511020   0.9856143   0.9999985   1.0000000   1.0000000
R 0 1  62  0  0  0    0.0231831   0.0231831   0.0116317   0.0104123   0.0103154   0.0101711   0.0100170   0.0098571   0.0098571   0.0098571   0.0098571   0.0098571
R 0 1  62  0  0  1    0.0116973   0.0116973   0.0116973   0.0116973   0.0110504   0.0109547   0.0109731   0.0108672   0.0108672   0.0108672   0.0108672   0.0108672
R 0 1  62  0  0  2    0.0124712   0.0124712   0.0124712   0.0124712   0.0119389   0.0119959   0.0118201   0.0116851   0.0116851   0.0116851   0.0116851   0.0116851
R 0 1  62  0  0  3    0.0133929   0.0133929   0.0133929   0.0133929   0.0126178   0.0124896   0.0123917   0.0122512   0.0122512   0.0122512   0.0122512   0.0122512
R 0 1  62  0  0  4    0.0189703   0.0189703   0.0189703   0.0173706   0.0170011   0.0158975   0.0144492   0.0130496   0.0130496   0.0130496   0.0130496   0.0130496
R 0 1  62  0  0  5    0.0201701   0.0201701   0.0195265   0.0191898   0.0187416   0.0180463   0.0169964   0.0169964   0.0169964   0.0169964   0.0169964   0.0169964
R 0 1  62  0  0  6    0.0203098   0.0203098   0.0203098   0.0203890   0.0207276   0.0206675   0.0208012   0.0206285   0.0206285   0.0206285   0.0206285   0.0206285
R 0 1  62  0  0  7    0.0223746   0.0223746   0.0223746   0.0223746   0.0207636   0.0213101   0.0212760   0.0210637   0.0206194   0.0197879   0.0197879   0.0197879
R 0 1  62  0  0  8    0.0213480   0.0213480   0.0213480   0.0213480   0.0213480   0.0213480   0.0213480   0.0210747   0.0210213   0.0209957   0.0201403   0.0187693
R 0 1  62  0  0  9    0.0312970   0.0312970   0.0312970   0.0312970   0.0312970   0.0312970   0.0296277   0.0287597   0.0273807   0.0263305   0.0249426   0.0249426
R 0 1  62  0  0 10    0.0820698   0.0719008   0.0613729   0.0540584   0.0472046   0.0440339   0.0409090   0.0355973   0.0335249   0.0305339   0.0305339   0.0305339
R 0 1  62  0  1  0    0.0000000   0.0000000   0.0000000   0.0000689   0.0000814   0.0000773   0.0000752   0.0000659   0.0000659   0.0000659   0.0000659   0.0000659
R 0 1  62  0  1  1    0.0000718   0.0000718   0.0000718   0.0000718   0.0000653   0.0000739   0.0000613   0.0000566   0.0000566   0.0000566   0.0000566   0.0000566
R 0 1  62  0  1  2    0.0000441   0.0000441   0.0000441   0.0000441   0.0000599   0.0000621   0.0000608   0.0000519   0.0000519   0.0000519   0.0000519   0.0000519
R 0 1  62  0  1  3    0.0000704   0.0000704   0.0000704   0.0000704   0.0000520   0.0000575   0.0000547   0.0000511   0.0000511   0.0000511   0.0000511   0.0000511
R 0 1  62  0  1  4    0.0001181   0.0001181   0.0001181   0.0000918   0.0000965   0.0000751   0.0000528   0.0000464   0.0000464   0.0000464   0.0000464   0.0000464
R 0 1  62  0  1  5    0.0001622   0.0001622   0.0000915   0.0000763   0.0000700   0.0000601   0.0000480   0.0000480   0.0000480   0.0000480   0.0000480   0.0000480
R 0 1  62  0  1  6    0.0000886   0.0000886   0.0000886   0.0000594   0.0000545   0.0000571   0.0000511   0.0000191   0.0000191   0.0000191   0.0000191   0.0000191
R 0 1  62  0  1  7    0.0000549   0.0000549   0.0000549   0.0000549   0.0000582   0.0000707   0.0000720   0.0000755   0.0000729   0.0000638   0.0000638   0.0000638
R 0 1  62  0  1  8    0.0001031   0.0001031   0.0001031   0.0001031   0.0001031   0.0001031   0.0001031   0.0001093   0.0001032   0.0001035   0.0000808   0.0000676
R 0 1  62  0  1  9    0.0003175   0.0003175   0.0003175   0.0003175   0.0003175   0.0003175   0.0001938   0.0002109   0.0001816   0.0001510   0.0001558   0.0001558
R 0 1  62  0  1 10    0.0016067   0.0012174   0.0008433   0.0007887   0.0005876   0.0004889   0.0003923   0.0002560   0.0001884   0.0001250   0.0001250   0.0001250
R 0 1  62  0  2  0    0.0000000   0.0000000   0.0000000   0.0000000   0.0000000   0.0000120   0.0000057   0.0000077   0.0000077   0.0000077   0.0000077   0.0000077
R 0 1  62  0  2  1    0.0000000   0.0000000   0.0000000   0.0000000   0.0000000   0.0000146   0.0000000   0.0000052   0.0000052   0.0000052   0.0000052   0.0000052
R 0 1  62  0  2  2    0.0000000   0.0000000   0.0000000   0.0000000   0.0000512   0.0000000   0.0000157   0.0000111   0.0000111   0.0000111   0.0000111   0.0000111
R 0 1  62  0  2  3    0.0000000   0.0000000   0.0000000   0.0000000   0.0000000   0.0000175   0.0000112   0.0000080   0.0000080   0.0000080   0.0000080   0.0000080
R 0 1  62  0  2  4    0.0000000   0.0000000   0.0000000   0.0000000   0.0000000   0.0000000   0.0000184   0.0000105   0.0000105   0.0000105   0.0000105   0.0000105
R 0 1  62  0  2  5    0.0000000   0.0000000   0.0000000   0.0000000   0.0000278   0.0000000   0.0000000   0.0000000   0.0000000   0.0000000   0.0000000   0.0000000
R 0 1  62  0  2  6    0.0000000   0.0000000   0.0000000   0.0000000   0.0000000   0.0000000   0.0000000   0.0000000   0.0000000   0.0000000   0.0000000   0.0000000
R 0 1  62  0  2  7    0.0000000   0.0000000   0.0000000   0.0000000   0.0000748   0.0000000   0.0000000   0.0000000   0.0000000   0.0000000   0.0000000   0.0000000
R 0 1  62  0  2  8    0.0000000   0.0000000   0.0000000   0.0000000   0.0000000   0.0000000   0.0000000   0.0000000   0.0000000   0.0000000   0.0000000   0.0000000
R 0 1  62  0  2  9    0.0000000   0.0000000   0.0000000   0.0000000   0.0000000   0.0000000   0.0000000   0.0000955   0.0000000   0.0000400   0.0000000   0.0000000
R 0 1  62  0  2 10    0.0000000   0.0000000   0.0000000   0.0000000   0.0000000   0.0000000   0.0000843   0.0000656   0.0000000   0.0000000   0.0000000   0.0000000
R 0 1  62  0  3  0    1.0026113   1.0026113   1.0489267   1.0477493   1.0019929   0.9859929   0.9811994   0.9843287   0.9843287   0.9843287   0.9843287   0.9843287
R 0 1  62  0  3  1    1.0284046   1.0284046   1.0284046   1.0284046   0.9917104   0.9836960   0.9793032   0.9789692   0.9789692   0.9789692   0.9789692   0.9789692
R 0 1  62  0  3  2    1.0014095   1.0014095   1.0014095   1.0014095   1.0057084   0.9884835   0.9812936   0.9817523   0.9817523   0.9817523   0.9817523   0.9817523
R 0 1  62  0  3  3    0.9947143   0.9947143   0.9947143   0.9947143   1.0004762   0.9909091   0.9834984   0.9799203   0.9799203   0.9799203   0.9799203   0.9799203
R 0 1  62  0  3  4    0.9955081   0.9955081   0.9955081   0.9883062   0.9756415   0.9758984   0.9783526   0.9889862   0.9889862   0.9889862   0.9889862   0.9889862
R 0 1  62  0  3  5    1.0089609   1.0089609   1.0009162   0.9794303   0.9740681   0.9734206   0.9723027   0.9723027   0.9723027   0.9723027   0.9723027   0.9723027
R 0 1  62  0  3  6    1.0170993   1.0170993   1.0170993   1.0050161   0.9886360   0.9852723   0.9829542   0.9866777   0.9866777   0.9866777   0.9866777   0.9866777
R 0 1  62  0  3  7    0.9982006   0.9982006   0.9982006   0.9982006   1.0249888   0.9944880   0.9901540   0.9858430   0.9886156   0.9877594   0.9877594   0.9877594
R 0 1  62  0  3  8    1.0068174   1.0068174   1.0068174   1.0068174   1.0068174   1.0068174   1.0068174   0.9987784   0.9831310   0.9841759   0.9878611   1.0230292
R 0 1  62  0  3  9    1.0337668   1.0337668   1.0337668   1.0337668   1.0337668   1.0337668   0.9881001   0.9788057   0.9724339   0.9839156   1.0196198   1.0196198
R 0 1  62  0  3 10    1.0462801   1.0294177   1.0232981   0.9870404   0.9790492   0.9723854   0.9665054   0.9682797   0.9978047   1.0009541   1.0009541   1.0009541
R 0 1  62  0  4  0    1.1074910   1.1074910   1.1373758   2.1964561   2.2380414   2.3033652   2.2080620   2.3135597   2.3135597   2.3135597   2.3135597   2.3135597
R 0 1  62  0  4  1    1.9195049   1.9195049   1.9195049   1.9195049   2.1470580   2.2056432   2.1955095   2.1954214   2.1954214   2.1954214   2.1954214   2.1954214
R 0 1  62  0  4  2    1.8477580   1.8477580   1.8477580   1.8477580   2.1747198   2.2692875   2.2345850   2.2323275   2.2323275   2.2323275   2.2323275   2.2323275
R 0 1  62  0  4  3    1.7500593   1.7500593   1.7500593   1.7500593   2.1944460   2.3016949   2.2509726   2.2262082   2.2262082   2.2262082   2.2262082   2.2262082
R 0 1  62  0  4  4    1.7744421   1.7744421   1.7744421   2.0450869   2.0352914   2.1084578   2.2021877   2.3316205   2.3316205   2.3316205   2.3316205   2.3316205
R 0 1  62  0  4  5    1.6638647   1.6638647   2.1427717   2.0831795   2.0891349   2.0902632   1.9940041   1.9940041   1.9940041   1.9940041   1.9940041   1.9940041
R 0 1  62  0  4  6    1.9077240   1.9077240   1.9077240   2.1705360   2.3264012   2.3484830   2.3231177   2.2718032   2.2718032   2.2718032   2.2718032   2.2718032
R 0 1  62  0  4  7    1.7980847   1.7980847   1.7980847   1.7980847   2.3362268   2.3143496   2.3398430   2.3624941   2.4290616   2.3807226   2.3807226   2.3807226
R 0 1  62  0  4  8    2.1428905   2.1428905   2.1428905   2.1428905   2.1428905   2.1428905   2.1428905   2.3061132   2.2167582   2.2730285   2.2928720   2.3452792
R 0 1  62  0  4  9    2.1763193   2.1763193   2.1763193   2.1763193   2.1763193   2.1763193   2.0141781   2.0809770   2.0186065   2.1798721   2.3601554   2.3601554
R 0 1  62  0  4 10    2.0824041   2.2096432   1.9733809   1.8407323   1.9575904   1.9712334   1.9366070   1.9268405   2.0215776   1.9908415   1.9908415   1.9908415
R 0 1  62  0  5  0   23.6913329  23.6913329  21.8196702   3.1875346   3.8046251   3.7510626   4.4187120   3.7069133   3.7069133   3.7069133   3.7069133   3.7069133
R 0 1  62  0  5  1    4.4013792   4.4013792   4.4013792   4.4013792   4.1453091   4.1498815   4.4339793   4.4376819   4.4376819   4.4376819   4.4376819   4.4376819
R 0 1  62  0  5  2    3.8777193   3.8777193   3.8777193   3.8777193   4.4897808   4.0248509   4.1720649   4.3854778   4.3854778   4.3854778   4.3854778   4.3854778
R 0 1  62  0  5  3    4.9431941   4.9431941   4.9431941   4.9431941   4.0405697   3.8593352   4.1827227   4.3387372   4.3387372   4.3387372   4.3387372   4.3387372
R 0 1  62  0  5  4    6.2736578   6.2736578   6.2736578   4.7585499   5.7482744   4.9342969   3.9863947   3.1651619   3.1651619   3.1651619   3.1651619   3.1651619
R 0 1  62  0  5  5    5.6824807   5.6824807   4.6803941   5.2195751   5.4070626   4.5901676   4.1692972   4.1692972   4.1692972   4.1692972   4.1692972   4.1692972
R 0 1  62  0  5  6    3.7546358   3.7546358   3.7546358   4.2020955   3.3149473   2.9574180   2.4716540   2.0279462   2.0279462   2.0279462   2.0279462   2.0279462
R 0 1  62  0  5  7    4.0518962   4.0518962   4.0518962   4.0518962   3.4068439   3.3033116   2.9301221   2.8461001   2.4684127   2.0052698   2.0052698   2.0052698
R 0 1  62  0  5  8    4.4676849   4.4676849   4.4676849   4.4676849   4.4676849   4.4676849   4.4676849   3.8235042   4.7145488   4.2363987   3.4884199   3.8967868
R 0 1  62  0  5  9    4.2799139   4.2799139   4.2799139   4.2799139   4.2799139   4.2799139   7.1526654   5.9448089   6.9606881   5.6700297   4.6803608   4.6803608
R 0 1  62  0  5 10    5.2042697   3.8405802   4.3662313   5.9080024   5.6128008   6.3264237   8.4292510   9.1087715   6.8597303   7.1638739   7.1638739   7.1638739
F  0  1  62  0  0  0    0.9929751   1.0383515   1.0076818   0.9942765   0.9685648   0.9969228   0.9836037   0.9870984   0.9958845   0.9927016   0.9842321
F  0  1  62  1  0  0    1.0697082   1.0668680   1.0774984   1.0682825   1.0392523   1.0693394   1.0772454   1.0524375   1.0587787   1.0657691   1.0800514
C  0  1  62  0  0  0  -0.3078722 -0.0052975 -0.0955450 -0.4673226 -0.3599572 -0.0487602 -0.0555338 -0.1674939 -0.4046770 -0.1775027 -0.2250441 -0.2095191 -0.1583742 -0.3838437 -0.3653560 -0.1329355
C  0  1  62  0  0  1  -0.0532617 -0.2089892 -0.1438201 -0.1504795 -0.2032623 -0.0382822 -0.2498807 -0.1392136 -0.0468273 -0.1065380 -0.0521157 -0.1270987 -0.2192133 -0.1467171 -0.1608920 -0.1486397
C  0  1  62  0  0  2  -0.0723035 -0.0851257 -0.0867283 -0.1346778 -0.0462928 -0.1028168  0.0335062 -0.1226265  0.0274743 -0.1366423 -0.0266096 -0.0422200 -0.0505730  0.0137118 -0.1215017 -0.0805723
C  0  1  62  0  0  3  -0.0520986 -0.0516063 -0.1187601 -0.0198094  0.1153527 -0.0475701 -0.1439182 -0.0092359 -0.0493552 -0.1060550 -0.1071420 -0.1509502 -0.1664713 -0.0433803 -0.0592248  0.0211668
C  0  1  62  0  0  4  -0.1434283 -0.0972856 -0.0788112 -0.0612075 -0.1188627 -0.1160570  0.0333677 -0.1344708 -0.0598364 -0.0914910 -0.1684570  0.0416294 -0.1791938 -0.0720606 -0.0212969 -0.0261199
C  0  1  62  0  0  5  -0.0256940  0.0568377 -0.0578623 -0.0205438 -0.0788870  0.0281959  0.0003300 -0.0446660 -0.0294176 -0.1102609 -0.0579664  0.0235372  0.0022613  0.0403307  0.0950906 -0.0676271
C  0  1  62  0  0  6  -0.0656029  0.1845981  0.0734981 -0.0052096 -0.0408875 -0.0173787 -0.0305825 -0.1362316 -0.0549273 -0.0262508 -0.0484360 -0.0075225 -0.0151815  0.0078421 -0.0491725  0.1374419
C  0  1  62  0  0  7   0.0557055  0.1081874  0.0483652 -0.0026395 -0.0840045 -0.0227703  0.0330416 -0.0282055 -0.0633181  0.0012150  0.0398014 -0.0631279  0.0010701  0.0044352 -0.0353555  0.0079300
C  0  1  62  0  0  8   0.0355481  0.0201139  0.0442946  0.0598295  0.0396023  0.0548812  0.0108377 -0.0899351 -0.0240091 -0.0018675 -0.0229939 -0.0176038 -0.0616846  0.0563446  0.0484458  0.0051167
C  0  1  62  0  0  9   0.0064970  0.0621379 -0.0507302 -0.0149219 -0.0002822  0.0773760 -0.0166732  0.0331743 -0.0441783 -0.0230275  0.1027715 -0.0146870 -0.0081247  0.0508396 -0.0488197  0.0289899
C  0  1  62  0  0 10   0.0125001  0.0841908  0.0362475 -0.0049429  0.0555117 -0.0069010 -0.0489008 -0.0753133 -0.0159017 -0.0944862  0.0233480 -0.0147369  0.0038795  0.0461356  0.0293535  0.0885773
C  0  1  62  0  0 11  -0.0297759  0.0102291 -0.0766022  0.0364634  0.0513965  0.1249775  0.0342242  0.0542680  0.0085557  0.0377132  0.0996871  0.0304234 -0.0434534  0.0537555  0.0521284  0.0340708
C  0  1  62  0  0 12   0.1258709  0.0365644 -0.0065613  0.0408999  0.0221263  0.0304922 -0.0042476 -0.0344911 -0.0417899  0.0265365 -0.0046660 -0.0223417  0.0164638  0.0256701  0.0807919  0.0557761
C  0  1  62  0  0 13  -0.0044026  0.0442744  0.0848767 -0.0128892 -0.0252528  0.0055885  0.0345737 -0.0062404  0.0071070 -0.0576287  0.0498429  0.0398187  0.0445321  0.0247130 -0.0498697 -0.0322533
C  0  1  62  0  0 14  -0.0143309  0.0455053 -0.0378744 -0.0509873 -0.0352743  0.0021539  0.0280041  0.0173215 -0.0424575 -0.0226392  0.0732489 -0.0521439  0.0256780 -0.0417739  0.0225456 -0.0686455
C  0  1  62  0  0 15  -0.0251421 -0.0296172  0.0350443  0.0130484  0.0623525 -0.0310657 -0.0214087  0.0482826  0.0360489 -0.0621473  0.0053182 -0.1519207 -0.0028687  0.0279447 -0.0812144  0.0568556
C  0  1  62  0  0 16   0.1086047 -0.0572760  0.0427273  0.0203899 -0.0061123  0.0167241 -0.0495831  0.0046014 -0.1146438  0.0311823  0.0600824 -0.0889705 -0.1140696 -0.0415546 -0.0573940 -0.0154965
C  0  1  62  0  0 17  -0.0501640 -0.1413364 -0.1712251 -0.1351961 -0.2415708 -0.0331439 -0.1129698 -0.0397699 -0.0572400 -0.1034322  0.0542393  0.0205388 -0.0520300 -0.1498827 -0.0046300 -0.0318178
C  0  1  62  0  0 18  -0.0729721 -0.0309904 -0.0506515 -0.0158330 -0.1355662 -0.0816671 -0.0533413  0.0254896 -0.0313248  0.0086621 -0.0869864 -0.0975791 -0.0511941  0.0106172 -0.1217921  0.0199062
C  0  1  62  0  0 19   0.0180988 -0.1036156 -0.1365564 -0.1001552 -0.0702784 -0.0796159 -0.1403782 -0.1525440 -0.0663046 -0.0125147 -0.0958213  0.0744092 -0.0712472 -0.0073809 -0.1137204 -0.0739092
C  0  1  62  0  0 20  -0.2257922 -0.0506943  0.0308941 -0.0502009 -0.2055990 -0.1764740 -0.1004203 -0.1701856 -0.2466310 -0.2021661 -0.1229225  0.1147434  0.0763624 -0.1222323 -0.1397577 -0.3372441
C  0  1  62  0  0 21  -0.0551280 -0.1443097 -0.3273103 -0.2027980 -0.1059298 -0.1965552 -0.0623009 -0.1225326 -0.2887804 -0.0686597 -0.2878704 -0.2737057 -0.3635375 -0.4190468 -0.3850504 -0.1693274
C  0  1  62  0  1  0  -0.0041524 -0.0017430 -0.0000142 -0.0046128 -0.0035859  0.0027628  0.0008502 -0.0040862 -0.0009916 -0.0032623 -0.0024061  0.0013281  0.0044480  0.0038623  0.0030158  0.0044926
C  0  1  62  0  1  1   0.0004227  0.0013383 -0.0018437 -0.0026616 -0.0006438 -0.0042675  0.0044907 -0.0013468  0.0006892 -0.0029802 -0.0040257  0.0004024  0.0002257  0.0027604  0.0026061  0.0010721
C  0  1  62  0  1  2   0.0021255 -0.0031803  0.0011590  0.0010441 -0.0010210  0.0022528  0.0004876  0.0005665  0.0000717  0.0009153 -0.0018447 -0.0024675  0.0009859 -0.0017156  0.0013746  0.0011787
C  0  1  62  0  1  3   0.0020644  0.0004961 -0.0005263 -0.0007853  0.0005562  0.0008690  0.0037662 -0.0007014 -0.0022551 -0.0020560 -0.0007588 -0.0014189  0.0021741 -0.0011817 -0.0028487  0.0029183
C  0  1  62  0  1  4   0.0006192 -0.0001665 -0.0018244  0.0008526  0.0005033 -0.0004693  0.0018501  0.0000435  0.0009438 -0.0006007  0.0002500 -0.0011705  0.0009983  0.0012951  0.0017648 -0.0044090
C  0  1  62  0  1  5  -0.0004998 -0.0000528 -0.0018878  0.0020428  0.0013188 -0.0010076 -0.0005755  0.0012292  0.0001997 -0.0001897  0.0021308 -0.0009234 -0.0000457 -0.0005091  0.0005719  0.0006607
C  0  1  62  0  1  6   0.0023977 -0.0019840  0.0005207  0.0018007 -0.0001262 -0.0000241 -0.0004737 -0.0020070 -0.0010086 -0.0016220  0.0000420 -0.0000447 -0.0004568 -0.0023340  0.0010576 -0.0005253
C  0  1  62  0  1  7   0.0021120 -0.0008617  0.0025456  0.0001561  0.0016583 -0.0004736 -0.0022327  0.0003803  0.0002020 -0.0019687  0.0011227 -0.0016835  0.0007275  0.0003918  0.0009980  0.0001836
C  0  1  62  0  1  8   0.0012904  0.0016322 -0.0006752 -0.0009920  0.0015565  0.0003737  0.0006805 -0.0002164  0.0005572 -0.0001064  0.0006309  0.0001489 -0.0000220 -0.0006581 -0.0003992 -0.0003543
C  0  1  62  0  1  9  -0.0023238  0.0006132  0.0004231 -0.0016185 -0.0004200  0.0018176  0.0003997  0.0021048 -0.0002947 -0.0035035 -0.0018355 -0.0001455 -0.0013303  0.0006908 -0.0005595  0.0002268
C  0  1  62  0  1 10   0.0002100 -0.0001044  0.0009500  0.0028597  0.0017746 -0.0016503  0.0002596  0.0004813 -0.0026555 -0.0014582 -0.0002864 -0.0006408 -0.0006783 -0.0012698  0.0000347  0.0020948
C  0  1  62  0  1 11  -0.0002166  0.0003606  0.0001097  0.0020669  0.0007236 -0.0000166 -0.0010148 -0.0037891 -0.0025419 -0.0001842 -0.0004324 -0.0007608  0.0010838  0.0002766 -0.0002256 -0.0005169
C  0  1  62  0  1 12  -0.0004466 -0.0009209 -0.0003470 -0.0023876  0.0008862 -0.0014696  0.0025223  0.0005844 -0.0000185 -0.0003716  0.0007273  0.0006523  0.0004660  0.0005066 -0.0001064  0.0006184
C  0  1  62  0  1 13   0.0016080 -0.0022845 -0.0011675  0.0001226  0.0030014  0.0006675 -0.0016772  0.0011743  0.0002461 -0.0007835 -0.0009967 -0.0014968  0.0000315  0.0007145 -0.0007366  0.0006885
C  0  1  62  0  1 14   0.0013792  0.0004723  0.0019392  0.0011173  0.0041375  0.0024288 -0.0007614  0.0010026  0.0003623  0.0010329  0.0005041 -0.0002224  0.0014478  0.0009224 -0.0003213  0.0012618
C  0  1  62  0  1 15  -0.0003600  0.0012799 -0.0018378  0.0001956  0.0000228  0.0027613  0.0007838 -0.0009540  0.0006602 -0.0004963 -0.0007202  0.0015266  0.0015617  0.0011389  0.0004758  0.0012390
C  0  1  62  0  1 16   0.0016894  0.0025361  0.0027506 -0.0010437 -0.0013227  0.0018010  0.0010020  0.0000175  0.0011360 -0.0016240  0.0019733  0.0024346 -0.0012999  0.0024163  0.0013574  0.0019814
C  0  1  62  0  1 17   0.0016086 -0.0031383 -0.0006623  0.0042429 -0.0008051  0.0016982  0.0005852  0.0026235 -0.0009846  0.0044207  0.0023187 -0.0000690  0.0011615 -0.0001904  0.0031129  0.0032255
C  0  1  62  0  1 18   0.0054322  0.0047852  0.0034796  0.0003042 -0.0012230  0.0025132  0.0044511  0.0003830 -0.0016796  0.0011816  0.0035063 -0.0013992 -0.0016885 -0.0005627  0.0049303  0.0060326
C  0  1  62  0  1 19   0.0020427  0.0019706  0.0040548  0.0007182  0.0004315  0.0008623  0.0028791  0.0015674  0.0038052  0.0039509  0.0012443 -0.0000279  0.0004510  0.0019022  0.0044898  0.0037510
C  0  1  62  0  1 20   0.0052551  0.0040069  0.0047358  0.0049092  0.0014335  0.0054145  0.0010406  0.0048448  0.0028968  0.0023607  0.0009335 -0.0028731  0.0020601  0.0076184  0.0042765  0.0070565
C  0  1  62  0  1 21   0.0106447  0.0130805  0.0033254 -0.0007551 -0.0042190 -0.0045790 -0.0092164 -0.0009317 -0.0016835 -0.0010043  0.0008666  0.0054289  0.0002150  0.0043161  0.0099419  0.0070197
C  0  1  62  1  0  0  -0.4041494 -0.3392433 -0.3155229 -0.3566700 -0.2770226 -0.3251930 -0.2600857 -0.2645914 -0.3661814 -0.2689045 -0.3850967 -0.5597596 -0.4234861 -0.3745549 -0.3509796 -0.4538183
C  0  1  62  1  0  1  -0.2489417 -0.3435308 -0.2569087 -0.3059108 -0.3053275 -0.2943879 -0.2567160 -0.2898800 -0.3039606 -0.2218229 -0.3030722 -0.2737352 -0.3548240 -0.3538729 -0.3019413 -0.3254085
C  0  1  62  1  0  2  -0.3287463 -0.2947106 -0.2843618 -0.3025172 -0.2515670 -0.2302444 -0.2718777 -0.2389890 -0.2197632 -0.2351148 -0.2262823 -0.2679799 -0.3428191 -0.3544482 -0.2769500 -0.2903304
C  0  1  62  1  0  3  -0.3103463 -0.2909207 -0.3017565 -0.2890397 -0.2880196 -0.2337427 -0.2102098 -0.1604360 -0.1636959 -0.1682463 -0.2341535 -0.2776664 -0.2916135 -0.3128777 -0.3276250 -0.2643535
C  0  1  62  1  0  4  -0.2784280 -0.2642548 -0.2827866 -0.2754168 -0.2546857 -0.1966740 -0.2617986 -0.2268681 -0.2474402 -0.2526870 -0.2028593 -0.2528800 -0.3487935 -0.2795705 -0.3491181 -0.2917383
C  0  1  62  1  0  5  -0.2166614 -0.1770711 -0.2165879 -0.1596138 -0.1513192 -0.1617864 -0.1871255 -0.1798718 -0.1396755 -0.1491577 -0.1807567 -0.2103890 -0.2183014 -0.1612341 -0.2004455 -0.1811445
C  0  1  62  1  0  6  -0.1366662 -0.1221967 -0.1953650 -0.1423768 -0.1198021 -0.1407455 -0.1174094 -0.1065179 -0.1162332 -0.0790618 -0.1211390 -0.1258288 -0.0848810 -0.1210751 -0.1387640 -0.2108145
C  0  1  62  1  0  7  -0.1579486 -0.1326269 -0.1484474 -0.1233564 -0.1360423 -0.1398685 -0.1662252 -0.1009391 -0.1303990 -0.1009890 -0.0919207 -0.1188413 -0.1544451 -0.1393940 -0.1197458 -0.1166853
C  0  1  62  1  0  8  -0.1645992 -0.1247904 -0.1189701 -0.1720218 -0.1510894 -0.1519122 -0.1720741 -0.1650375 -0.1305383 -0.1235341 -0.1438897 -0.1744228 -0.1400262 -0.1818683 -0.1531208 -0.1690516
C  0  1  62  1  0  9  -0.1373154 -0.1760292 -0.0784651 -0.1427155 -0.1230619 -0.1282645 -0.1191503 -0.1748865 -0.0906352 -0.1342909 -0.0773590 -0.1409676 -0.1443008 -0.0970891 -0.1383176 -0.1412538
C  0  1  62  1  0 10  -0.1264895 -0.0819873 -0.1157532 -0.1415089 -0.1916267 -0.1480250 -0.1334433 -0.1198535 -0.0645212 -0.1227886 -0.1083942 -0.0906244 -0.1019259 -0.1431137 -0.1178159 -0.1052955
C  0  1  62  1  0 11  -0.1400747 -0.1060543 -0.1432584 -0.1088097 -0.0794433 -0.0977362 -0.1079905 -0.0911915 -0.1083795 -0.0847382 -0.0825780 -0.0895321 -0.1170212 -0.1363179 -0.0949778 -0.1412371
C  0  1  62  1  0 12  -0.0820965 -0.1158678 -0.1211803 -0.0990905 -0.1424090 -0.1247913 -0.1190756 -0.1885381 -0.1249548 -0.1334345 -0.1002324 -0.1128012 -0.1303991 -0.1017662 -0.1071733 -0.1035133
C  0  1  62  1  0 13  -0.1182186 -0.1523311 -0.1724377 -0.0992553 -0.1399769 -0.1487265 -0.1378122 -0.1640770 -0.1278618 -0.1226547 -0.1656785 -0.0934251 -0.1622644 -0.1092171 -0.1535063 -0.1399886
C  0  1  62  1  0 14  -0.1450952 -0.1463546 -0.1372293 -0.1491465 -0.1607122 -0.1059499 -0.1416922 -0.1931536 -0.1291128 -0.1322939 -0.1611257 -0.1391223 -0.1385932 -0.0843056 -0.1449712 -0.1997431
C  0  1  62  1  0 15  -0.1219537 -0.1870698 -0.1010336 -0.1377744 -0.1631200 -0.1012619 -0.1290779 -0.1342687 -0.1446450 -0.1021993 -0.1133133 -0.1433782 -0.1381611 -0.0958851 -0.1135061 -0.1367903
C  0  1  62  1  0 16  -0.1718487 -0.1354684 -0.1288580 -0.1408858 -0.1514270 -0.1719261 -0.2069151 -0.2522505 -0.1680552 -0.1513177 -0.0895383 -0.1675480 -0.1745556 -0.1396837 -0.1507019 -0.1167512
C  0  1  62  1  0 17  -0.2535471 -0.3219789 -0.1786675 -0.3043014 -0.2209272 -0.2620798 -0.2390348 -0.2670178 -0.2429191 -0.2420814 -0.2442326 -0.2433540 -0.1842653 -0.2748577 -0.1983880 -0.2903403
C  0  1  62  1  0 18  -0.3018474 -0.2246393 -0.2672198 -0.2437143 -0.2222844 -0.2111442 -0.2907491 -0.2491386 -0.2555907 -0.2319023 -0.2952673 -0.2426503 -0.2516222 -0.1835722 -0.2185604 -0.2240982
C  0  1  62  1  0 19  -0.2817303 -0.2981002 -0.2658966 -0.2735660 -0.2764484 -0.2367093 -0.2683773 -0.1707618 -0.3124307 -0.2478797 -0.2118004 -0.2960911 -0.2509655 -0.2336580 -0.2438351 -0.2972930
C  0  1  62  1  0 20  -0.2419479 -0.2968248 -0.3175686 -0.2994257 -0.2906707 -0.2333411 -0.3172399 -0.2824772 -0.3492266 -0.2424962 -0.3121981 -0.2224435 -0.3224736 -0.3164645 -0.2376059 -0.3417670
C  0  1  62  1  0 21  -0.3105302 -0.4352012 -0.3497562 -0.3702828 -0.2794438 -0.1678013 -0.2894821 -0.3885682 -0.3699216 -0.3595541 -0.3050617 -0.3774790 -0.2665149 -0.3822258 -0.3975809 -0.4327204
C  0  1  62  1  1  0   0.0451340  0.0467628  0.0394615  0.0226846 -0.0012343 -0.0217661 -0.0351950 -0.0438572 -0.0491736 -0.0357854 -0.0356039 -0.0200898  0.0034326  0.0050103  0.0252042  0.0360536
C  0  1  62  1  1  1   0.0243553  0.0217188  0.0170571  0.0096339  0.0021932 -0.0072901 -0.0148643 -0.0179611 -0.0176826 -0.0164691 -0.0157205 -0.0068574  0.0025913  0.0081623  0.0118976  0.0225809
C  0  1  62  1  1  2   0.0123001  0.0127890  0.0080075  0.0052745  0.0011710 -0.0023998 -0.0067662 -0.0083585 -0.0091234 -0.0063542 -0.0058074 -0.0033626  0.0003287  0.0037756  0.0055088  0.0105158
C  0  1  62  1  1  3   0.0073518  0.0069364  0.0012173  0.0031256  0.0006495  0.0003404 -0.0051364 -0.0010836 -0.0003050 -0.0006934 -0.0031279 -0.0025033  0.0008816  0.0036041  0.0011650  0.0062513
C  0  1  62  1  1  4   0.0013885  0.0023439  0.0003003 -0.0006049  0.0031554  0.0015724  0.0004415  0.0005861  0.0036635  0.0010088 -0.0016447 -0.0004620  0.0015310  0.0012095  0.0023740  0.0022373
C  0  1  62  1  1  5   0.0016035 -0.0000024 -0.0001702  0.0030758  0.0027182  0.0030036  0.0020003  0.0028260  0.0050653  0.0019151 -0.0022541 -0.0016124  0.0015728  0.0031883  0.0013917 -0.0011275
C  0  1  62  1  1  6   0.0009194  0.0008967  0.0012871  0.0029159  0.0037995  0.0045142  0.0044924  0.0045111  0.0033163  0.0012684  0.0005484  0.0006390  0.0001283  0.0003209  0.0003235 -0.0009772
C  0  1  62  1  1  7  -0.0009831  0.0020781  0.0019468  0.0033200  0.0047675  0.0033561  0.0058342  0.0042600  0.0040366  0.0001125 -0.0003858 -0.0000821  0.0014695  0.0009187  0.0016284 -0.0010495
C  0  1  62  1  1  8  -0.0012779  0.0003070  0.0023763  0.0012633  0.0051405  0.0035209  0.0046376  0.0042964  0.0052530  0.0012972  0.0001988 -0.0004371  0.0012325  0.0013810  0.0008101 -0.0011921
C  0  1  62  1  1  9   0.0005693  0.0028028  0.0025800  0.0028535  0.0021629  0.0026365  0.0044471  0.0034122  0.0028066 -0.0005135  0.0014969  0.0001996  0.0012114  0.0004613  0.0002853 -0.0016559
C  0  1  62  1  1 10  -0.0014084  0.0017916  0.0014574  0.0010630  0.0020678  0.0019804  0.0022846  0.0025664  0.0029248 -0.0000358 -0.0010283 -0.0008073 -0.0007018  0.0005275  0.0012270 -0.0012924
C  0  1  62  1  1 11  -0.0011066  0.0012271  0.0002610  0.0020426  0.0028374 -0.0005431  0.0007866  0.0015727  0.0025541  0.0007228 -0.0025423 -0.0005562 -0.0007983 -0.0003185 -0.0000251 -0.0020789
C  0  1  62  1  1 12   0.0000373  0.0024221  0.0026715  0.0038488  0.0024424  0.0011206  0.0007057  0.0028182  0.0036060  0.0010819  0.0005776  0.0018449  0.0010837 -0.0001339  0.0001594 -0.0016003
C  0  1  62  1  1 13  -0.0002200  0.0019772  0.0028868  0.0026940  0.0027646  0.0023107  0.0045365  0.0054350  0.0043032  0.0016670  0.0010317 -0.0005660 -0.0010531 -0.0019906  0.0004773 -0.0013511
C  0  1  62  1  1 14  -0.0002670  0.0012530  0.0029501  0.0038918  0.0035525  0.0028285  0.0034148  0.0059004  0.0056985  0.0023315  0.0018440  0.0000286 -0.0014751 -0.0015294 -0.0015143 -0.0020244
C  0  1  62  1  1 15  -0.0014720  0.0005965  0.0030702  0.0029859  0.0025632 -0.0011377  0.0020832  0.0030146  0.0058815  0.0029184  0.0019121 -0.0000697 -0.0034321 -0.0054121 -0.0053395 -0.0051974
C  0  1  62  1  1 16  -0.0011804  0.0014840  0.0022402  0.0035577  0.0028800  0.0008057  0.0039909  0.0035079  0.0028735  0.0061691  0.0023135  0.0020977 -0.0011291 -0.0022732 -0.0056492 -0.0055145
C  0  1  62  1  1 17  -0.0027755  0.0012380  0.0011546  0.0055860  0.0008125 -0.0022130  0.0015325  0.0026959  0.0033972  0.0038972  0.0030429  0.0008431 -0.0009125 -0.0045447 -0.0058030 -0.0056787
C  0  1  62  1  1 18  -0.0000243  0.0075215  0.0043537  0.0065513  0.0038328 -0.0002761 -0.0025963 -0.0016079  0.0024780  0.0038306  0.0005263  0.0001477 -0.0018989 -0.0035187 -0.0056031 -0.0045529
C  0  1  62  1  1 19   0.0023584  0.0079564  0.0134210  0.0105666  0.0055680  0.0019508 -0.0017200 -0.0002804  0.0031496  0.0057453  0.0024718 -0.0003778 -0.0027424 -0.0045379 -0.0052653 -0.0020917
C  0  1  62  1  1 20   0.0008371  0.0150621  0.0186254  0.0134195  0.0065113  0.0028322 -0.0016832 -0.0014227  0.0000077  0.0068347  0.0012332 -0.0031160 -0.0071280 -0.0092395 -0.0056913 -0.0049417
C  0  1  62  1  1 21   0.0107706  0.0209806  0.0306974  0.0216825  0.0159023  0.0148201  0.0096133  0.0100729  0.0110176  0.0135149 -0.0009503 -0.0029343 -0.0090928 -0.0185306 -0.0099202 -0.0010720
