CPHI 16 
CETA 22 -2.40 -2.10 -1.85 -1.60 -1.40 -1.20 -1.00 -0.80 -0.60 -0.40 -0.20  0.00  0.20  0.40  0.60  0.80  1.00  1.20  1.40  1.60  1.85  2.10  2.40 
RMIN  6 
RTRK 12 
RETA 11  0.00  0.20  0.40  0.60  0.80  1.00  1.20  1.40  1.60  1.85  2.10  2.40 
T 0 1  63  0  0  0    0.0000000   0.0005894   0.0016475   0.0031480   0.0122263   0.0690882   0.2782868   0.6537783   1.0000000   1.0000000   1.0000000   1.0000000   1.0000000
T 0 1  63  0  0  1    0.0000000   0.0001505   0.0005432   0.0023734   0.0124377   0.0587864   0.2259868   0.5901074   1.0000000   1.0000000   1.0000000   1.0000000   1.0000000
T 0 1  63  0  0  2    0.0000000   0.0001204   0.0005355   0.0017420   0.0106310   0.0556439   0.2099047   0.5735510   1.0000000   1.0000000   1.0000000   1.0000000   1.0000000
T 0 1  63  0  0  3    0.0000000   0.0001947   0.0006074   0.0017368   0.0116975   0.0626974   0.2265360   0.5869106   1.0000000   1.0000000   1.0000000   1.0000000   1.0000000
T 0 1  63  0  0  4    0.0000000   0.0003817   0.0025018   0.0143650   0.0629879   0.2048966   0.4901992   0.8219947   1.0000000   1.0000000   1.0000000   1.0000000   1.0000000
T 0 1  63  0  0  5    0.0000000   0.0009911   0.0074189   0.0512466   0.2057163   0.5335595   0.8764822   0.9993697   1.0000000   1.0000000   1.0000000   1.0000000   1.0000000
T 0 1  63  0  0  6    0.0000000   0.0002974   0.0011552   0.0104653   0.0672599   0.2772198   0.6627410   0.9314319   0.9980756   1.0000000   1.0000000   1.0000000   1.0000000
T 0 1  63  0  0  7    0.0000000   0.0000532   0.0003793   0.0008955   0.0047330   0.0311610   0.1192312   0.2972628   0.5814375   0.8694741   0.9841629   0.9998664   1.0000000
T 0 1  63  0  0  8    0.0000000   0.0000015   0.0000337   0.0001165   0.0004047   0.0010325   0.0042316   0.0251843   0.1195268   0.3930185   0.7886704   0.9692519   1.0000000
T 0 1  63  0  0  9    0.0000000   0.0000055   0.0000068   0.0000272   0.0005255   0.0034804   0.0181159   0.0852582   0.3007926   0.6581845   0.9385393   0.9999479   1.0000000
T 0 1  63  0  0 10    0.0000000   0.0067757   0.0289955   0.0461060   0.0791025   0.1688566   0.3378302   0.6893978   0.9100469   0.9701791   0.9998313   1.0000000   1.0000000
T 0 1  63  1  0  0    0.0000000   0.0005148   0.0016399   0.0047460   0.0213440   0.1017716   0.3374237   0.6994022   1.0000000   1.0000000   1.0000000   1.0000000   1.0000000
T 0 1  63  1  0  1    0.0000000   0.0002633   0.0010891   0.0042307   0.0181163   0.0752157   0.2537985   0.6193956   1.0000000   1.0000000   1.0000000   1.0000000   1.0000000
T 0 1  63  1  0  2    0.0000000   0.0002194   0.0008486   0.0027728   0.0124455   0.0616642   0.2339277   0.6064318   1.0000000   1.0000000   1.0000000   1.0000000   1.0000000
T 0 1  63  1  0  3    0.0000000   0.0002283   0.0008669   0.0027852   0.0140251   0.0700545   0.2491207   0.6198491   1.0000000   1.0000000   1.0000000   1.0000000   1.0000000
T 0 1  63  1  0  4    0.0000000   0.0004356   0.0027620   0.0153929   0.0663357   0.2155446   0.5058694   0.8320271   1.0000000   1.0000000   1.0000000   1.0000000   1.0000000
T 0 1  63  1  0  5    0.0000000   0.0011873   0.0094478   0.0577925   0.2246261   0.5586818   0.8900123   0.9996500   1.0000000   1.0000000   1.0000000   1.0000000   1.0000000
T 0 1  63  1  0  6    0.0000000   0.0004626   0.0026649   0.0180020   0.0942133   0.3329130   0.7236541   0.9536823   0.9988141   0.9999984   1.0000000   1.0000000   1.0000000
T 0 1  63  1  0  7    0.0000000   0.0002246   0.0006446   0.0024765   0.0123245   0.0526267   0.1570011   0.3413836   0.6074237   0.8728054   0.9849908   0.9998878   1.0000000
T 0 1  63  1  0  8    0.0000000   0.0009562   0.0014955   0.0017998   0.0022382   0.0036136   0.0107994   0.0452511   0.1686405   0.4573475   0.8251665   0.9710661   1.0000000
T 0 1  63  1  0  9    0.0000000   0.0021003   0.0074838   0.0131257   0.0159362   0.0198461   0.0401951   0.1288935   0.3661962   0.7154288   0.9583841   0.9999941   1.0000000
T 0 1  63  1  0 10    0.0000000   0.0032254   0.0170235   0.0428863   0.0843736   0.1746921   0.3942474   0.7474223   0.9511020   0.9856143   0.9999985   1.0000000   1.0000000
R 0 1  63  0  0  0    0.0238730   0.0238730   0.0115497   0.0103929   0.0104150   0.0101710   0.0100060   0.0098337   0.0098337   0.0098337   0.0098337   0.0098337
R 0 1  63  0  0  1    0.0118169   0.0118169   0.0118169   0.0118169   0.0109931   0.0109353   0.0109758   0.0108447   0.0108447   0.0108447   0.0108447   0.0108447
R 0 1  63  0  0  2    0.0123913   0.0123913   0.0123913   0.0123913   0.0120896   0.0119937   0.0118314   0.0116611   0.0116611   0.0116611   0.0116611   0.0116611
R 0 1  63  0  0  3    0.0133693   0.0133693   0.0133693   0.0133693   0.0127202   0.0125347   0.0123742   0.0122615   0.0122615   0.0122615   0.0122615   0.0122615
R 0 1  63  0  0  4    0.0189361   0.0189361   0.0189361   0.0172591   0.0168974   0.0158895   0.0144605   0.0130375   0.0130375   0.0130375   0.0130375   0.0130375
R 0 1  63  0  0  5    0.0209292   0.0209292   0.0192604   0.0191282   0.0187062   0.0180698   0.0169581   0.0169581   0.0169581   0.0169581   0.0169581   0.0169581
R 0 1  63  0  0  6    0.0201653   0.0201653   0.0201653   0.0203125   0.0207482   0.0207047   0.0208116   0.0206227   0.0206227   0.0206227   0.0206227   0.0206227
R 0 1  63  0  0  7    0.0217125   0.0217125   0.0217125   0.0217125   0.0203418   0.0211955   0.0211927   0.0210616   0.0204982   0.0197264   0.0197264   0.0197264
R 0 1  63  0  0  8    0.0215693   0.0215693   0.0215693   0.0215693   0.0215693   0.0215693   0.0215693   0.0210872   0.0210042   0.0209972   0.0202677   0.0189139
R 0 1  63  0  0  9    0.0312115   0.0312115   0.0312115   0.0312115   0.0312115   0.0312115   0.0298505   0.0288498   0.0274827   0.0263828   0.0248996   0.0248996
R 0 1  63  0  0 10    0.0768270   0.0715773   0.0603745   0.0537388   0.0473305   0.0442489   0.0409248   0.0354979   0.0337686   0.0307207   0.0307207   0.0307207
R 0 1  63  0  1  0    0.0000000   0.0000000   0.0000000   0.0000498   0.0000851   0.0000818   0.0000727   0.0000648   0.0000648   0.0000648   0.0000648   0.0000648
R 0 1  63  0  1  1    0.0000595   0.0000595   0.0000595   0.0000595   0.0000705   0.0000691   0.0000644   0.0000589   0.0000589   0.0000589   0.0000589   0.0000589
R 0 1  63  0  1  2    0.0000273   0.0000273   0.0000273   0.0000273   0.0000727   0.0000656   0.0000577   0.0000518   0.0000518   0.0000518   0.0000518   0.0000518
R 0 1  63  0  1  3    0.0000688   0.0000688   0.0000688   0.0000688   0.0000723   0.0000571   0.0000558   0.0000499   0.0000499   0.0000499   0.0000499   0.0000499
R 0 1  63  0  1  4    0.0001453   0.0001453   0.0001453   0.0000748   0.0000898   0.0000724   0.0000526   0.0000429   0.0000429   0.0000429   0.0000429   0.0000429
R 0 1  63  0  1  5    0.0001937   0.0001937   0.0000628   0.0000679   0.0000643   0.0000597   0.0000441   0.0000441   0.0000441   0.0000441   0.0000441   0.0000441
R 0 1  63  0  1  6    0.0000788   0.0000788   0.0000788   0.0000501   0.0000553   0.0000519   0.0000555   0.0000191   0.0000191   0.0000191   0.0000191   0.0000191
R 0 1  63  0  1  7    0.0000966   0.0000966   0.0000966   0.0000966   0.0000290   0.0000602   0.0000728   0.0000831   0.0000711   0.0000612   0.0000612   0.0000612
R 0 1  63  0  1  8    0.0001448   0.0001448   0.0001448   0.0001448   0.0001448   0.0001448   0.0001448   0.0001150   0.0001028   0.0001059   0.0000871   0.0000707
R 0 1  63  0  1  9    0.0002370   0.0002370   0.0002370   0.0002370   0.0002370   0.0002370   0.0002166   0.0002008   0.0001853   0.0001468   0.0001197   0.0001197
R 0 1  63  0  1 10    0.0013668   0.0011443   0.0007582   0.0007663   0.0005716   0.0004714   0.0003830   0.0002649   0.0002038   0.0001692   0.0001692   0.0001692
R 0 1  63  0  2  0    0.0000000   0.0000000   0.0000000   0.0000000   0.0000000   0.0000100   0.0000131   0.0000081   0.0000081   0.0000081   0.0000081   0.0000081
R 0 1  63  0  2  1    0.0000000   0.0000000   0.0000000   0.0000000   0.0000000   0.0000000   0.0000093   0.0000073   0.0000073   0.0000073   0.0000073   0.0000073
R 0 1  63  0  2  2    0.0000000   0.0000000   0.0000000   0.0000000   0.0000000   0.0000000   0.0000089   0.0000200   0.0000200   0.0000200   0.0000200   0.0000200
R 0 1  63  0  2  3    0.0000000   0.0000000   0.0000000   0.0000000   0.0000000   0.0000181   0.0000086   0.0000047   0.0000047   0.0000047   0.0000047   0.0000047
R 0 1  63  0  2  4    0.0000000   0.0000000   0.0000000   0.0000000   0.0000000   0.0000000   0.0000097   0.0000070   0.0000070   0.0000070   0.0000070   0.0000070
R 0 1  63  0  2  5    0.0000000   0.0000000   0.0000000   0.0000000   0.0000261   0.0000104   0.0000000   0.0000000   0.0000000   0.0000000   0.0000000   0.0000000
R 0 1  63  0  2  6    0.0000000   0.0000000   0.0000000   0.0000000   0.0000000   0.0000000   0.0000000   0.0000000   0.0000000   0.0000000   0.0000000   0.0000000
R 0 1  63  0  2  7    0.0000000   0.0000000   0.0000000   0.0000000   0.0000000   0.0000000   0.0000000   0.0000000   0.0000000   0.0000000   0.0000000   0.0000000
R 0 1  63  0  2  8    0.0000000   0.0000000   0.0000000   0.0000000   0.0000000   0.0000000   0.0000000   0.0000000   0.0000000   0.0000000   0.0000000   0.0000000
R 0 1  63  0  2  9    0.0000000   0.0000000   0.0000000   0.0000000   0.0000000   0.0000000   0.0000000   0.0000479   0.0000000   0.0000150   0.0000000   0.0000000
R 0 1  63  0  2 10    0.0000000   0.0000000   0.0000000   0.0000000   0.0000000   0.0000000   0.0000000   0.0000543   0.0000000   0.0000000   0.0000000   0.0000000
R 0 1  63  0  3  0    1.0486580   1.0486580   1.1242288   1.0330540   0.9996320   0.9848567   0.9829867   0.9828658   0.9828658   0.9828658   0.9828658   0.9828658
R 0 1  63  0  3  1    1.0084583   1.0084583   1.0084583   1.0084583   0.9964895   0.9856742   0.9798976   0.9787605   0.9787605   0.9787605   0.9787605   0.9787605
R 0 1  63  0  3  2    1.0100763   1.0100763   1.0100763   1.0100763   1.0020823   0.9889851   0.9781529   0.9789910   0.9789910   0.9789910   0.9789910   0.9789910
R 0 1  63  0  3  3    0.9913159   0.9913159   0.9913159   0.9913159   1.0029474   0.9850655   0.9830453   0.9807217   0.9807217   0.9807217   0.9807217   0.9807217
R 0 1  63  0  3  4    1.0317384   1.0317384   1.0317384   0.9854993   0.9778416   0.9749454   0.9801738   0.9887653   0.9887653   0.9887653   0.9887653   0.9887653
R 0 1  63  0  3  5    1.0105314   1.0105314   1.0007506   0.9820044   0.9765306   0.9727310   0.9735712   0.9735712   0.9735712   0.9735712   0.9735712   0.9735712
R 0 1  63  0  3  6    1.0486112   1.0486112   1.0486112   1.0012074   0.9872216   0.9860743   0.9846024   0.9825700   0.9825700   0.9825700   0.9825700   0.9825700
R 0 1  63  0  3  7    1.0858410   1.0858410   1.0858410   1.0858410   1.0372619   0.9981992   0.9906930   0.9841584   0.9886065   0.9874340   0.9874340   0.9874340
R 0 1  63  0  3  8    1.0217135   1.0217135   1.0217135   1.0217135   1.0217135   1.0217135   1.0217135   0.9954635   0.9861533   0.9821482   0.9856753   1.0124405
R 0 1  63  0  3  9    1.0228690   1.0228690   1.0228690   1.0228690   1.0228690   1.0228690   0.9860488   0.9779749   0.9709136   0.9825485   1.0070691   1.0070691
R 0 1  63  0  3 10    1.0623965   1.0296847   1.0232371   0.9772346   0.9789560   0.9684499   0.9691382   0.9666047   0.9994243   1.0133471   1.0133471   1.0133471
R 0 1  63  0  4  0    1.2738766   1.2738766   1.4621057   2.1641239   2.3230880   2.2729242   2.2850428   2.2719400   2.2719400   2.2719400   2.2719400   2.2719400
R 0 1  63  0  4  1    1.8971799   1.8971799   1.8971799   1.8971799   2.1495718   2.2387814   2.2303955   2.1873750   2.1873750   2.1873750   2.1873750   2.1873750
R 0 1  63  0  4  2    1.8499412   1.8499412   1.8499412   1.8499412   2.1359500   2.2885628   2.1167900   2.1854940   2.1854940   2.1854940   2.1854940   2.1854940
R 0 1  63  0  4  3    1.7241909   1.7241909   1.7241909   1.7241909   2.2816412   2.2472517   2.2513234   2.2299586   2.2299586   2.2299586   2.2299586   2.2299586
R 0 1  63  0  4  4    1.9467509   1.9467509   1.9467509   1.9373421   2.0885133   2.1051154   2.2340984   2.3409512   2.3409512   2.3409512   2.3409512   2.3409512
R 0 1  63  0  4  5    1.8317506   1.8317506   2.1181335   2.1397942   2.1189522   2.0969410   2.0209750   2.0209750   2.0209750   2.0209750   2.0209750   2.0209750
R 0 1  63  0  4  6    2.1057163   2.1057163   2.1057163   2.1863805   2.2874106   2.3764403   2.3456454   2.2385997   2.2385997   2.2385997   2.2385997   2.2385997
R 0 1  63  0  4  7    1.7884028   1.7884028   1.7884028   1.7884028   2.1969278   2.3957675   2.3601557   2.3387025   2.4155432   2.3566932   2.3566932   2.3566932
R 0 1  63  0  4  8    2.2812431   2.2812431   2.2812431   2.2812431   2.2812431   2.2812431   2.2812431   2.2616596   2.2681590   2.2558231   2.2949155   2.2341228
R 0 1  63  0  4  9    2.1090845   2.1090845   2.1090845   2.1090845   2.1090845   2.1090845   1.9858431   2.1141673   2.0132886   2.1727838   2.2755471   2.2755471
R 0 1  63  0  4 10    1.9132335   2.2756064   1.9634750   1.7791781   1.9740729   1.9255890   1.9651709   1.8950279   2.0885768   2.1933786   2.1933786   2.1933786
R 0 1  63  0  5  0   16.3581587  16.3581587   6.8367973   3.2297851   3.3257002   3.8594165   3.9566644   3.8965715   3.8965715   3.8965715   3.8965715   3.8965715
R 0 1  63  0  5  1    4.0923968   4.0923968   4.0923968   4.0923968   4.1501746   3.8928403   4.1923238   4.4389468   4.4389468   4.4389468   4.4389468   4.4389468
R 0 1  63  0  5  2    4.0738204   4.0738204   4.0738204   4.0738204   4.3975045   3.9495133   5.5219144   4.6658882   4.6658882   4.6658882   4.6658882   4.6658882
R 0 1  63  0  5  3    5.7501626   5.7501626   5.7501626   5.7501626   3.8887688   4.0346917   4.2649263   4.2374103   4.2374103   4.2374103   4.2374103   4.2374103
R 0 1  63  0  5  4    5.0391746   5.0391746   5.0391746   5.6340843   5.1692011   4.7574858   3.8241673   3.2104078   3.2104078   3.2104078   3.2104078   3.2104078
R 0 1  63  0  5  5    4.0835436   4.0835436   4.5425709   4.6433575   5.1879213   4.5017163   4.0734916   4.0734916   4.0734916   4.0734916   4.0734916   4.0734916
R 0 1  63  0  5  6    2.6900115   2.6900115   2.6900115   4.1543147   3.5621683   2.9062112   2.4259882   2.0724950   2.0724950   2.0724950   2.0724950   2.0724950
R 0 1  63  0  5  7    4.8216664   4.8216664   4.8216664   4.8216664   4.0223553   2.8867398   2.9111392   2.8479119   2.5219838   2.0673239   2.0673239   2.0673239
R 0 1  63  0  5  8    3.8283923   3.8283923   3.8283923   3.8283923   3.8283923   3.8283923   3.8283923   4.5141606   4.3121765   4.4454389   3.4597295   4.4737261
R 0 1  63  0  5  9    4.9837043   4.9837043   4.9837043   4.9837043   4.9837043   4.9837043   7.5240611   5.3679273   6.9461625   5.7519800   4.9527176   4.9527176
R 0 1  63  0  5 10    8.2058276   3.9953200   4.3110345   7.2201045   5.4622497   7.2178363   7.8196106   9.8278682   6.4909505   5.2488794   5.2488794   5.2488794
F  0  1  63  0  0  0    1.0072353   1.0278254   1.0041302   1.0067737   0.9620270   1.0115919   0.9960271   0.9893798   0.9983133   0.9925916   0.9847486
F  0  1  63  1  0  0    1.0556123   1.0988426   1.0967954   1.0496711   1.0436951   1.0895696   1.0821864   1.0505112   1.0501601   1.0723495   1.0827050
C  0  1  63  0  0  0  -0.3408078 -0.1644283 -0.1979574 -0.4439643 -0.3746875 -0.1841428 -0.1297912 -0.2099279 -0.1835900 -0.1535251 -0.2238836 -0.2289488 -0.1845145 -0.4545122 -0.3628866 -0.0567772
C  0  1  63  0  0  1  -0.1834759 -0.2210647 -0.0903784 -0.1516372 -0.1441768 -0.0652804 -0.1816785 -0.1347077 -0.0092387 -0.0793087 -0.0141882 -0.1122175 -0.2822431 -0.1277093 -0.1563989 -0.1274197
C  0  1  63  0  0  2  -0.0782445 -0.0977129 -0.1589534 -0.0274007 -0.0512310 -0.0793485 -0.1568098 -0.0714514 -0.0713036 -0.0939573 -0.0317077  0.0411181 -0.1017688 -0.1430709 -0.0213501 -0.0396257
C  0  1  63  0  0  3  -0.0715007 -0.1181063 -0.2142306 -0.0111014  0.0305361 -0.1594684 -0.0382578  0.0062939  0.0191830  0.1057899 -0.0733492 -0.0927748 -0.2169349 -0.0601866 -0.0809816 -0.0452323
C  0  1  63  0  0  4  -0.1689573 -0.1481595 -0.0472106 -0.1112886 -0.0837621 -0.0278293 -0.0536817 -0.0182715 -0.0107635 -0.0363883 -0.1472687 -0.0408499 -0.0925891 -0.0927712 -0.0809269 -0.0836502
C  0  1  63  0  0  5  -0.0193555  0.0105484 -0.0552695  0.0087753 -0.0610626  0.0093510  0.0197513 -0.0234971  0.0046698  0.0525872 -0.0238846 -0.0309610  0.0493364  0.0259235  0.0706506 -0.0973956
C  0  1  63  0  0  6  -0.0196400  0.0304300  0.0391143  0.0163449 -0.0241597  0.0386983 -0.0137254 -0.0543512 -0.0373172  0.0987688 -0.0019819 -0.0263979 -0.1020573  0.0342663 -0.0746298  0.0202963
C  0  1  63  0  0  7  -0.0371412 -0.0677918  0.0361007 -0.0208798  0.0018827  0.0005032  0.0933620  0.0474769  0.0335043  0.0002099  0.0010124 -0.0566993  0.0630802 -0.0013399  0.0221660  0.0136836
C  0  1  63  0  0  8  -0.0444181  0.0384250  0.0640008  0.0288307 -0.0338495  0.0622300 -0.0074179 -0.0327391  0.0811761  0.1005128 -0.0342064  0.0190406  0.0000757  0.0862298 -0.1272959 -0.0094127
C  0  1  63  0  0  9  -0.0757542  0.0620431  0.0297567  0.0199603  0.0043610  0.0044857 -0.0432816  0.0877164 -0.0237081 -0.0026912  0.0462284  0.0616891 -0.0102917  0.0473016 -0.0380357  0.0584650
C  0  1  63  0  0 10  -0.0101340 -0.0239424  0.0716183  0.1097856 -0.0062485 -0.0218983 -0.0475134  0.0482781  0.0157496 -0.0449054 -0.0015230  0.0424879 -0.0459587  0.1306224 -0.0514579 -0.0322240
C  0  1  63  0  0 11  -0.0723273  0.0530060 -0.1055012  0.0786316 -0.0113396  0.0911834 -0.0353735  0.0624253 -0.0068864  0.0671367 -0.0428191  0.0117199  0.0137809  0.0463249 -0.0007627  0.0127968
C  0  1  63  0  0 12   0.0256754 -0.0109313  0.0351051  0.0164788  0.0096681 -0.0203454 -0.0473521  0.0033286 -0.0933213  0.0786905  0.0334166 -0.0953259 -0.0481948  0.0389653  0.0313228 -0.0080160
C  0  1  63  0  0 13  -0.0422284 -0.0072573 -0.0023678  0.0594253 -0.0741551 -0.0309950  0.0293090  0.0037897  0.0520062 -0.0360583  0.0734764 -0.0394690 -0.0434801 -0.0104645 -0.0320345  0.0297692
C  0  1  63  0  0 14  -0.0434751  0.0203466 -0.0763749 -0.0235956  0.0386490 -0.0763703  0.0034018  0.0284452 -0.0442987  0.0170702  0.0938100 -0.0254638 -0.0128221  0.0579489 -0.0291639 -0.0550181
C  0  1  63  0  0 15  -0.1235728 -0.0660474  0.0183502 -0.0427848  0.0113413 -0.0209729 -0.0289169  0.0056415  0.0801460 -0.0274036  0.0161829 -0.0981133 -0.0460452 -0.0006478  0.0303168  0.0121809
C  0  1  63  0  0 16   0.0877622  0.0264091  0.0024510  0.0586118 -0.0538715 -0.1409476 -0.1267496  0.0450243 -0.0259827  0.1281702 -0.0153373 -0.0091681 -0.0706806  0.0146308 -0.0830605  0.0156934
C  0  1  63  0  0 17  -0.0796243 -0.0959149 -0.0361904 -0.0089936 -0.1436712 -0.0812006 -0.0110745 -0.1010448 -0.0744251  0.0248924 -0.0136243 -0.0273345 -0.0976813 -0.1464059 -0.1268014  0.0092136
C  0  1  63  0  0 18  -0.2130502 -0.0025795  0.0080726 -0.0313284 -0.1989283  0.0669349 -0.0546081 -0.0717117 -0.0851152 -0.0829246 -0.0370539 -0.1250716  0.0107965 -0.0102165 -0.0943900  0.0689274
C  0  1  63  0  0 19   0.0158986 -0.1321961 -0.0885649 -0.1595081 -0.1588270 -0.1084249 -0.1505304  0.0355160 -0.0999328 -0.1068711 -0.1280726 -0.0427987  0.0058110  0.0164222 -0.0055905 -0.1240890
C  0  1  63  0  0 20  -0.0329507  0.0518609 -0.0625391 -0.0514177 -0.2553738 -0.1250312 -0.2409143 -0.1546524 -0.1113345 -0.1905529 -0.1566013 -0.0126446 -0.0777601 -0.2564167 -0.1889629 -0.3127699
C  0  1  63  0  0 21  -0.1718452 -0.1429295 -0.3767080 -0.3066017 -0.3250677 -0.2210730 -0.2545073 -0.0490791 -0.2545727 -0.1785448 -0.2201871 -0.3590026 -0.3833292 -0.3424012 -0.2639691 -0.0544119
C  0  1  63  0  1  0  -0.0000614  0.0012755 -0.0000180  0.0019896 -0.0051576  0.0063774 -0.0017575  0.0012393  0.0029955 -0.0019222 -0.0029620  0.0035008  0.0070419  0.0070488  0.0021775  0.0052279
C  0  1  63  0  1  1   0.0013851  0.0009393 -0.0020816 -0.0037893  0.0015625 -0.0006402  0.0044259  0.0013781  0.0040437 -0.0016146 -0.0020297 -0.0012946 -0.0007947  0.0051298  0.0021897  0.0001605
C  0  1  63  0  1  2   0.0007603  0.0005785  0.0004912  0.0005981 -0.0023211  0.0008920  0.0011627  0.0011610 -0.0007361  0.0012621 -0.0018932 -0.0000370  0.0030197  0.0003122  0.0005389  0.0018220
C  0  1  63  0  1  3   0.0025558  0.0021546 -0.0001988 -0.0049209  0.0010429  0.0020899  0.0024216 -0.0006631 -0.0007269 -0.0027822  0.0006951 -0.0015783  0.0032931 -0.0012164  0.0000430  0.0021756
C  0  1  63  0  1  4   0.0041962 -0.0007247 -0.0011809  0.0028121  0.0012571 -0.0034757  0.0027163  0.0004063  0.0020394  0.0017666  0.0015126 -0.0012741  0.0015214 -0.0003186 -0.0002510 -0.0025897
C  0  1  63  0  1  5   0.0017247  0.0033333 -0.0026607  0.0038307  0.0007121  0.0008477 -0.0006900  0.0007044 -0.0010826  0.0012411  0.0035081 -0.0030017  0.0001981  0.0009250  0.0001592  0.0000372
C  0  1  63  0  1  6   0.0027712 -0.0009806 -0.0008937  0.0010373  0.0011644 -0.0000491 -0.0017287  0.0004066  0.0001958  0.0001057 -0.0005549 -0.0023480 -0.0007744 -0.0032430  0.0016696 -0.0016112
C  0  1  63  0  1  7   0.0022741  0.0012575  0.0006430  0.0002699  0.0021703  0.0018370 -0.0006871 -0.0015671  0.0029777  0.0004843 -0.0001159 -0.0016758 -0.0020331  0.0009125 -0.0003343  0.0001030
C  0  1  63  0  1  8   0.0018570  0.0001997 -0.0001345 -0.0005350  0.0014199  0.0014305  0.0011295 -0.0002713  0.0013877  0.0012737  0.0008691 -0.0008280  0.0002153  0.0010163 -0.0001045  0.0001972
C  0  1  63  0  1  9  -0.0024726  0.0009069  0.0027038  0.0000904  0.0006522  0.0008590  0.0001307  0.0023814  0.0000787 -0.0021180 -0.0035026 -0.0013094 -0.0007210 -0.0007154 -0.0017979 -0.0002786
C  0  1  63  0  1 10  -0.0006020 -0.0013854  0.0016167  0.0022183  0.0024856 -0.0004527 -0.0007864 -0.0011091 -0.0024094 -0.0010294  0.0006937 -0.0021081 -0.0015948 -0.0008429 -0.0008642  0.0011510
C  0  1  63  0  1 11  -0.0001311 -0.0003823 -0.0002115  0.0008533  0.0001355 -0.0004868 -0.0034957 -0.0018577 -0.0017565  0.0000332 -0.0020439 -0.0010241  0.0014457 -0.0006399 -0.0007966 -0.0012248
C  0  1  63  0  1 12   0.0000307  0.0009572  0.0002578 -0.0001148  0.0010284 -0.0000648  0.0000757 -0.0011890  0.0015123  0.0006563  0.0001447  0.0018662  0.0007866 -0.0002028  0.0016276 -0.0005434
C  0  1  63  0  1 13   0.0033261  0.0008630  0.0018439  0.0000959  0.0021343  0.0007015 -0.0018315  0.0006969 -0.0000299 -0.0014021 -0.0019199 -0.0027056  0.0000167  0.0014046  0.0014805  0.0017892
C  0  1  63  0  1 14   0.0018003  0.0007561  0.0020260  0.0000201  0.0025095  0.0024344 -0.0023175  0.0001251 -0.0017421  0.0026071 -0.0010186  0.0005057 -0.0000346 -0.0007785 -0.0008745  0.0021562
C  0  1  63  0  1 15   0.0017269  0.0004521 -0.0002043 -0.0001003  0.0012832  0.0018827  0.0019647 -0.0023835 -0.0007558 -0.0008306  0.0005630  0.0013842  0.0008377  0.0032951  0.0004164  0.0000557
C  0  1  63  0  1 16   0.0031867  0.0034427  0.0021974  0.0001964 -0.0019840  0.0018988  0.0007701  0.0001502  0.0016281 -0.0004027  0.0021466  0.0008091  0.0000012  0.0040391  0.0017666  0.0003607
C  0  1  63  0  1 17  -0.0005121 -0.0025203  0.0000148  0.0041856  0.0026059  0.0048714  0.0025394  0.0036182 -0.0004726  0.0017159  0.0011501  0.0009320  0.0017531 -0.0015998  0.0046888  0.0030011
C  0  1  63  0  1 18   0.0059443  0.0043094  0.0022391  0.0015378 -0.0005511  0.0027086  0.0042160  0.0021963 -0.0001748  0.0001981  0.0055391  0.0023742 -0.0008872  0.0001074  0.0048401  0.0009065
C  0  1  63  0  1 19   0.0026758  0.0031501  0.0024415  0.0016975  0.0028330 -0.0002929  0.0012791  0.0039250  0.0040080  0.0034971 -0.0019734 -0.0002371  0.0009268  0.0013317  0.0034681  0.0021462
C  0  1  63  0  1 20   0.0056384  0.0058367  0.0036955  0.0047468  0.0035011  0.0034836  0.0023265  0.0027631  0.0033168  0.0019918 -0.0025568 -0.0040466  0.0028368  0.0033376  0.0055792  0.0085152
C  0  1  63  0  1 21   0.0112894  0.0131803  0.0059849  0.0005111 -0.0024191 -0.0041259 -0.0065621 -0.0024558 -0.0018412 -0.0031418 -0.0035635  0.0034850 -0.0008937  0.0074175  0.0092442  0.0047198
C  0  1  63  1  0  0  -0.5371656 -0.3450952 -0.3696456 -0.3473227 -0.2218546 -0.4323078 -0.2965770 -0.2964142 -0.3153095 -0.2686739 -0.3872652 -0.4440908 -0.3715764 -0.3930946 -0.4308059 -0.4022503
C  0  1  63  1  0  1  -0.3035459 -0.3864004 -0.3753269 -0.3168400 -0.3142095 -0.3134540 -0.2426142 -0.2940526 -0.2731259 -0.2491292 -0.3105767 -0.2903814 -0.4614148 -0.4196941 -0.3634591 -0.3282927
C  0  1  63  1  0  2  -0.2991612 -0.2975333 -0.2159054 -0.2694888 -0.2305090 -0.2426630 -0.2826893 -0.2119368 -0.2073568 -0.2069285 -0.2352476 -0.2618679 -0.3212641 -0.3165676 -0.2860299 -0.3291761
C  0  1  63  1  0  3  -0.2531110 -0.2219866 -0.3440054 -0.2836556 -0.3038109 -0.2184257 -0.2034476 -0.1632197 -0.1785078 -0.2538351 -0.2381505 -0.2616807 -0.2908577 -0.2873543 -0.3154905 -0.3199756
C  0  1  63  1  0  4  -0.3531236 -0.2560611 -0.2768303 -0.3008987 -0.2595730 -0.2252973 -0.2511617 -0.2827829 -0.2673044 -0.2139010 -0.2307032 -0.2658135 -0.3088405 -0.2592764 -0.3326079 -0.3120436
C  0  1  63  1  0  5  -0.2123954 -0.1866915 -0.2212568 -0.1700883 -0.1302724 -0.1224914 -0.1662458 -0.1354032 -0.1513339 -0.1755866 -0.1462231 -0.2412553 -0.2504590 -0.1277560 -0.2261596 -0.1915948
C  0  1  63  1  0  6  -0.1659986 -0.1227919 -0.1588860 -0.1612603 -0.1412764 -0.1463972 -0.1348434 -0.1139939 -0.1294182 -0.1093437 -0.1168923 -0.0929333 -0.1432953 -0.1255594 -0.1641096 -0.2220080
C  0  1  63  1  0  7  -0.1695513 -0.1400884 -0.1656949 -0.1372465 -0.1359492 -0.1644414 -0.1825844 -0.1033771 -0.1447249 -0.1244298 -0.1338131 -0.1213245 -0.1504361 -0.1707817 -0.1467741 -0.1252273
C  0  1  63  1  0  8  -0.1888848 -0.1163866 -0.1275654 -0.1556103 -0.1791525 -0.1280935 -0.1242902 -0.1157595 -0.1476440 -0.0960535 -0.1301664 -0.1943632 -0.1427874 -0.1426502 -0.1286513 -0.1500319
C  0  1  63  1  0  9  -0.1440147 -0.1385711 -0.0997023 -0.1253821 -0.1253310 -0.1644055 -0.0779089 -0.1744315 -0.1033445 -0.1012932 -0.1299936 -0.1501311 -0.1222575 -0.0957032 -0.1166077 -0.1286332
C  0  1  63  1  0 10  -0.1571459 -0.1162878 -0.0957266 -0.1454269 -0.1291315 -0.1400512 -0.1288661 -0.1066806 -0.0758374 -0.1280377 -0.1343962 -0.1074646 -0.1171252 -0.1044033 -0.1184590 -0.1049879
C  0  1  63  1  0 11  -0.1391681 -0.1282957 -0.1316927 -0.1144453 -0.0416602 -0.1100703 -0.1047272 -0.1007416 -0.1116260 -0.0947709 -0.0726668 -0.1330290 -0.1143779 -0.1234920 -0.0738007 -0.1130861
C  0  1  63  1  0 12  -0.1188604 -0.1062753 -0.1364012 -0.1055821 -0.1198649 -0.1232218 -0.1517376 -0.1906385 -0.1307583 -0.1594319 -0.1175951 -0.0742067 -0.1113105 -0.1284919 -0.1224733 -0.1244713
C  0  1  63  1  0 13  -0.1248946 -0.1479221 -0.1533051 -0.1181399 -0.1445921 -0.1293962 -0.1693972 -0.1304045 -0.1117678 -0.1091187 -0.1567906 -0.1514230 -0.1480012 -0.1440405 -0.1206044 -0.1407746
C  0  1  63  1  0 14  -0.1322970 -0.1359358 -0.1487368 -0.1308703 -0.1604870 -0.1403867 -0.1303595 -0.1960650 -0.1639692 -0.1543213 -0.1312271 -0.1369564 -0.1399025 -0.0918974 -0.1328751 -0.1649569
C  0  1  63  1  0 15  -0.0679935 -0.1632833 -0.1305989 -0.1163467 -0.1836543 -0.1196468 -0.1532093 -0.2009033 -0.1824485 -0.1334114 -0.1248431 -0.1717367 -0.1112765 -0.1013510 -0.1161282 -0.1828233
C  0  1  63  1  0 16  -0.2213722 -0.1554912 -0.1948624 -0.1367374 -0.2120584 -0.2021624 -0.2394958 -0.2134128 -0.1718502 -0.1784002 -0.1572260 -0.1446326 -0.1475780 -0.1353701 -0.1440598 -0.1219544
C  0  1  63  1  0 17  -0.2442593 -0.2924224 -0.2539233 -0.2762348 -0.2462713 -0.2935372 -0.2788326 -0.2634606 -0.2491465 -0.2648440 -0.2565225 -0.2616545 -0.2471400 -0.2678819 -0.2329612 -0.2591009
C  0  1  63  1  0 18  -0.3275040 -0.2484548 -0.2549488 -0.2145482 -0.1860184 -0.2479307 -0.3130689 -0.3055195 -0.1968278 -0.2472788 -0.3165411 -0.2440297 -0.2541462 -0.1762390 -0.1776141 -0.2369750
C  0  1  63  1  0 19  -0.2239966 -0.2210378 -0.2564633 -0.2952729 -0.2699840 -0.2702247 -0.3306580 -0.1409140 -0.2336332 -0.2318523 -0.1936379 -0.2664347 -0.1507410 -0.2508247 -0.2492020 -0.2145855
C  0  1  63  1  0 20  -0.3254112 -0.3089545 -0.3588896 -0.3127246 -0.3504542 -0.3012213 -0.3327672 -0.3474515 -0.3911346 -0.3764045 -0.3083565 -0.2888489 -0.3312701 -0.3172921 -0.2267871 -0.3006619
C  0  1  63  1  0 21  -0.4694994 -0.3920179 -0.3908403 -0.3694543 -0.3080741 -0.3369003 -0.2841115 -0.2839645 -0.4368972 -0.3688166 -0.3133904 -0.3922111 -0.3106219 -0.3212026 -0.3063949 -0.4400404
C  0  1  63  1  1  0   0.0469457  0.0496764  0.0417580  0.0261955  0.0018502 -0.0195140 -0.0333719 -0.0402335 -0.0465261 -0.0372217 -0.0314982 -0.0161805  0.0035404  0.0051551  0.0251240  0.0396225
C  0  1  63  1  1  1   0.0240515  0.0227001  0.0183491  0.0109590  0.0022564 -0.0088935 -0.0143128 -0.0170350 -0.0172102 -0.0151356 -0.0137008 -0.0068406  0.0022328  0.0078296  0.0108103  0.0250005
C  0  1  63  1  1  2   0.0137574  0.0137545  0.0106163  0.0063390  0.0017872 -0.0031535 -0.0082636 -0.0093447 -0.0100129 -0.0063342 -0.0046681 -0.0034322  0.0002900  0.0033615  0.0044593  0.0106576
C  0  1  63  1  1  3   0.0081471  0.0076489  0.0029495  0.0029948  0.0004185  0.0012441 -0.0031327 -0.0009700  0.0006851  0.0013298 -0.0014559  0.0016786  0.0020549  0.0039949  0.0029127  0.0075317
C  0  1  63  1  1  4   0.0029425  0.0032474  0.0020069  0.0012456  0.0028289  0.0013708  0.0003107  0.0022060  0.0044815  0.0029140  0.0000405  0.0009112  0.0017306  0.0021972  0.0040456  0.0031137
C  0  1  63  1  1  5   0.0021266  0.0024998  0.0012817  0.0039840  0.0044282  0.0042427  0.0039852  0.0049092  0.0062484  0.0028609 -0.0004474  0.0008681  0.0024196  0.0033970  0.0029124 -0.0002610
C  0  1  63  1  1  6   0.0012395  0.0016783  0.0024385  0.0043623  0.0049315  0.0041243  0.0057412  0.0052884  0.0044838  0.0015103  0.0010073  0.0014640  0.0003782  0.0017756  0.0019388  0.0002943
C  0  1  63  1  1  7  -0.0001986  0.0022883  0.0023778  0.0051117  0.0045765  0.0042734  0.0059928  0.0034884  0.0041676  0.0013826 -0.0001240  0.0006301  0.0013936  0.0012957  0.0017964 -0.0011564
C  0  1  63  1  1  8  -0.0011622  0.0017379  0.0025464  0.0026276  0.0044433  0.0043150  0.0052522  0.0041724  0.0054469  0.0018427  0.0012333  0.0003118  0.0014345  0.0006379  0.0012484 -0.0005711
C  0  1  63  1  1  9   0.0014319  0.0021715  0.0013323  0.0023128  0.0024593  0.0031769  0.0035089  0.0036973  0.0032717 -0.0006540  0.0005325  0.0009107  0.0012090  0.0006030  0.0009811 -0.0011781
C  0  1  63  1  1 10  -0.0013610  0.0025954  0.0016859  0.0026058  0.0026974  0.0017626  0.0025739  0.0031394  0.0031431  0.0001247 -0.0004126  0.0001891 -0.0006399  0.0013243  0.0014718 -0.0003532
C  0  1  63  1  1 11  -0.0001185  0.0011707  0.0017410  0.0023377  0.0029214 -0.0001666  0.0014891  0.0024527  0.0029348  0.0013039 -0.0011047 -0.0001727  0.0001570 -0.0007624  0.0005799 -0.0011530
C  0  1  63  1  1 12   0.0002296  0.0015914  0.0028571  0.0038362  0.0022889  0.0022618  0.0008063  0.0027835  0.0036943  0.0011593  0.0021693  0.0009503  0.0016480  0.0002210  0.0016637 -0.0011710
C  0  1  63  1  1 13  -0.0003430  0.0020971  0.0019139  0.0029975  0.0033549  0.0028823  0.0047230  0.0056687  0.0045996  0.0014642  0.0012210  0.0000869 -0.0002192 -0.0018472  0.0001650 -0.0015007
C  0  1  63  1  1 14  -0.0004614  0.0013374  0.0028743  0.0042213  0.0037322  0.0032190  0.0040555  0.0063733  0.0047297  0.0020251  0.0006470 -0.0009547 -0.0015362 -0.0008815 -0.0015049 -0.0026823
C  0  1  63  1  1 15  -0.0014402  0.0017978  0.0029744  0.0044558  0.0035461  0.0000302  0.0039774  0.0039597  0.0062980  0.0034512  0.0028967  0.0002885 -0.0025973 -0.0049942 -0.0058648 -0.0051199
C  0  1  63  1  1 16  -0.0009764  0.0015220  0.0040448  0.0055655  0.0036601  0.0015221  0.0038819  0.0032963  0.0044126  0.0072865  0.0026276  0.0028289 -0.0013045 -0.0008314 -0.0048021 -0.0061940
C  0  1  63  1  1 17  -0.0026247  0.0032070  0.0015834  0.0055303  0.0024534 -0.0016528  0.0017890  0.0030493  0.0047604  0.0048844  0.0051098  0.0016143 -0.0009254 -0.0053144 -0.0048197 -0.0039200
C  0  1  63  1  1 18   0.0018677  0.0070538  0.0061864  0.0074856  0.0052341  0.0006300 -0.0011246 -0.0013885  0.0022980  0.0046031  0.0021094  0.0016462 -0.0008896 -0.0041286 -0.0050929 -0.0033517
C  0  1  63  1  1 19   0.0021355  0.0085901  0.0133104  0.0109602  0.0063610  0.0024803 -0.0023604 -0.0005894  0.0024881  0.0057257  0.0017195 -0.0001870 -0.0021346 -0.0038117 -0.0046548 -0.0025807
C  0  1  63  1  1 20   0.0009309  0.0145998  0.0178216  0.0129146  0.0049568  0.0032132 -0.0017803 -0.0011177 -0.0012534  0.0056666  0.0020971 -0.0014276 -0.0074626 -0.0085295 -0.0057426 -0.0042203
C  0  1  63  1  1 21   0.0091060  0.0221039  0.0311001  0.0215536  0.0172666  0.0151131  0.0111138  0.0084697  0.0131813  0.0140413  0.0018226 -0.0050141 -0.0075294 -0.0195025 -0.0069585  0.0009663
