CPHI 16 
CETA 22 -2.40 -2.10 -1.85 -1.60 -1.40 -1.20 -1.00 -0.80 -0.60 -0.40 -0.20  0.00  0.20  0.40  0.60  0.80  1.00  1.20  1.40  1.60  1.85  2.10  2.40 
RMIN  6 
RTRK 12 
RETA 11  0.00  0.20  0.40  0.60  0.80  1.00  1.20  1.40  1.60  1.85  2.10  2.40 
T 0 1  64  0  0  0    0.0000000   0.0005851   0.0016822   0.0031299   0.0120700   0.0686156   0.2778111   0.6535379   1.0000000   1.0000000   1.0000000   1.0000000   1.0000000
T 0 1  64  0  0  1    0.0000000   0.0001418   0.0005166   0.0023847   0.0124239   0.0586486   0.2256611   0.5880369   1.0000000   1.0000000   1.0000000   1.0000000   1.0000000
T 0 1  64  0  0  2    0.0000000   0.0001262   0.0005756   0.0017869   0.0106726   0.0551086   0.2091107   0.5738895   1.0000000   1.0000000   1.0000000   1.0000000   1.0000000
T 0 1  64  0  0  3    0.0000000   0.0002089   0.0005979   0.0017226   0.0116580   0.0625939   0.2249805   0.5859376   1.0000000   1.0000000   1.0000000   1.0000000   1.0000000
T 0 1  64  0  0  4    0.0000000   0.0003911   0.0024996   0.0143222   0.0633925   0.2042570   0.4898704   0.8229091   1.0000000   1.0000000   1.0000000   1.0000000   1.0000000
T 0 1  64  0  0  5    0.0000000   0.0009944   0.0074643   0.0514083   0.2049717   0.5328637   0.8766882   0.9993811   1.0000000   1.0000000   1.0000000   1.0000000   1.0000000
T 0 1  64  0  0  6    0.0000000   0.0003198   0.0012792   0.0102535   0.0672621   0.2775752   0.6642006   0.9315726   0.9981724   0.9999994   1.0000000   1.0000000   1.0000000
T 0 1  64  0  0  7    0.0000000   0.0000590   0.0003690   0.0008959   0.0046968   0.0305466   0.1190968   0.2974256   0.5814506   0.8692310   0.9841632   0.9998746   1.0000000
T 0 1  64  0  0  8    0.0000000   0.0000000   0.0000287   0.0001177   0.0003700   0.0009846   0.0041052   0.0249930   0.1187000   0.3935501   0.7895663   0.9691893   1.0000000
T 0 1  64  0  0  9    0.0000000   0.0000125   0.0000138   0.0000403   0.0005495   0.0034791   0.0183116   0.0859495   0.3019538   0.6591395   0.9390900   0.9999499   1.0000000
T 0 1  64  0  0 10    0.0000000   0.0067055   0.0286486   0.0455688   0.0791200   0.1684392   0.3377705   0.6891466   0.9102092   0.9701448   0.9998508   1.0000000   1.0000000
T 0 1  64  1  0  0    0.0000000   0.0005148   0.0016399   0.0047460   0.0213440   0.1017716   0.3374237   0.6994022   1.0000000   1.0000000   1.0000000   1.0000000   1.0000000
T 0 1  64  1  0  1    0.0000000   0.0002633   0.0010891   0.0042307   0.0181163   0.0752157   0.2537985   0.6193956   1.0000000   1.0000000   1.0000000   1.0000000   1.0000000
T 0 1  64  1  0  2    0.0000000   0.0002194   0.0008486   0.0027728   0.0124455   0.0616642   0.2339277   0.6064318   1.0000000   1.0000000   1.0000000   1.0000000   1.0000000
T 0 1  64  1  0  3    0.0000000   0.0002283   0.0008669   0.0027852   0.0140251   0.0700545   0.2491207   0.6198491   1.0000000   1.0000000   1.0000000   1.0000000   1.0000000
T 0 1  64  1  0  4    0.0000000   0.0004356   0.0027620   0.0153929   0.0663357   0.2155446   0.5058694   0.8320271   1.0000000   1.0000000   1.0000000   1.0000000   1.0000000
T 0 1  64  1  0  5    0.0000000   0.0011873   0.0094478   0.0577925   0.2246261   0.5586818   0.8900123   0.9996500   1.0000000   1.0000000   1.0000000   1.0000000   1.0000000
T 0 1  64  1  0  6    0.0000000   0.0004626   0.0026649   0.0180020   0.0942133   0.3329130   0.7236541   0.9536823   0.9988141   0.9999984   1.0000000   1.0000000   1.0000000
T 0 1  64  1  0  7    0.0000000   0.0002246   0.0006446   0.0024765   0.0123245   0.0526267   0.1570011   0.3413836   0.6074237   0.8728054   0.9849908   0.9998878   1.0000000
T 0 1  64  1  0  8    0.0000000   0.0009562   0.0014955   0.0017998   0.0022382   0.0036136   0.0107994   0.0452511   0.1686405   0.4573475   0.8251665   0.9710661   1.0000000
T 0 1  64  1  0  9    0.0000000   0.0021003   0.0074838   0.0131257   0.0159362   0.0198461   0.0401951   0.1288935   0.3661962   0.7154288   0.9583841   0.9999941   1.0000000
T 0 1  64  1  0 10    0.0000000   0.0032254   0.0170235   0.0428863   0.0843736   0.1746921   0.3942474   0.7474223   0.9511020   0.9856143   0.9999985   1.0000000   1.0000000
R 0 1  64  0  0  0    0.0236715   0.0236715   0.0127756   0.0105838   0.0103927   0.0101650   0.0100309   0.0098489   0.0098489   0.0098489   0.0098489   0.0098489
R 0 1  64  0  0  1    0.0118598   0.0118598   0.0118598   0.0118598   0.0109902   0.0109608   0.0109770   0.0108512   0.0108512   0.0108512   0.0108512   0.0108512
R 0 1  64  0  0  2    0.0124512   0.0124512   0.0124512   0.0124512   0.0119235   0.0119987   0.0118481   0.0116911   0.0116911   0.0116911   0.0116911   0.0116911
R 0 1  64  0  0  3    0.0134678   0.0134678   0.0134678   0.0134678   0.0127415   0.0125534   0.0123837   0.0122935   0.0122935   0.0122935   0.0122935   0.0122935
R 0 1  64  0  0  4    0.0192204   0.0192204   0.0192204   0.0173827   0.0168970   0.0158990   0.0145604   0.0130914   0.0130914   0.0130914   0.0130914   0.0130914
R 0 1  64  0  0  5    0.0208012   0.0208012   0.0194099   0.0190419   0.0187921   0.0180501   0.0169116   0.0169116   0.0169116   0.0169116   0.0169116   0.0169116
R 0 1  64  0  0  6    0.0203989   0.0203989   0.0203989   0.0204616   0.0207578   0.0207386   0.0207646   0.0206188   0.0206188   0.0206188   0.0206188   0.0206188
R 0 1  64  0  0  7    0.0229140   0.0229140   0.0229140   0.0229140   0.0209943   0.0211261   0.0211278   0.0209645   0.0205162   0.0195874   0.0195874   0.0195874
R 0 1  64  0  0  8    0.0210145   0.0210145   0.0210145   0.0210145   0.0210145   0.0210145   0.0210145   0.0210451   0.0209994   0.0209998   0.0202364   0.0188919
R 0 1  64  0  0  9    0.0312650   0.0312650   0.0312650   0.0312650   0.0312650   0.0312650   0.0296138   0.0287833   0.0274213   0.0264511   0.0249983   0.0249983
R 0 1  64  0  0 10    0.0803806   0.0722243   0.0593975   0.0533740   0.0473057   0.0439492   0.0409863   0.0355284   0.0335140   0.0306805   0.0306805   0.0306805
R 0 1  64  0  1  0    0.0000000   0.0000000   0.0000000   0.0000813   0.0000888   0.0000821   0.0000733   0.0000639   0.0000639   0.0000639   0.0000639   0.0000639
R 0 1  64  0  1  1    0.0000630   0.0000630   0.0000630   0.0000630   0.0000619   0.0000714   0.0000620   0.0000551   0.0000551   0.0000551   0.0000551   0.0000551
R 0 1  64  0  1  2    0.0000553   0.0000553   0.0000553   0.0000553   0.0000593   0.0000623   0.0000588   0.0000522   0.0000522   0.0000522   0.0000522   0.0000522
R 0 1  64  0  1  3    0.0000918   0.0000918   0.0000918   0.0000918   0.0000563   0.0000532   0.0000524   0.0000526   0.0000526   0.0000526   0.0000526   0.0000526
R 0 1  64  0  1  4    0.0001653   0.0001653   0.0001653   0.0000947   0.0000924   0.0000700   0.0000562   0.0000471   0.0000471   0.0000471   0.0000471   0.0000471
R 0 1  64  0  1  5    0.0001861   0.0001861   0.0000636   0.0000724   0.0000689   0.0000614   0.0000441   0.0000441   0.0000441   0.0000441   0.0000441   0.0000441
R 0 1  64  0  1  6    0.0000648   0.0000648   0.0000648   0.0000643   0.0000545   0.0000581   0.0000539   0.0000277   0.0000277   0.0000277   0.0000277   0.0000277
R 0 1  64  0  1  7    0.0002455   0.0002455   0.0002455   0.0002455   0.0001008   0.0000715   0.0000695   0.0000688   0.0000711   0.0000492   0.0000492   0.0000492
R 0 1  64  0  1  8    0.0001221   0.0001221   0.0001221   0.0001221   0.0001221   0.0001221   0.0001221   0.0001192   0.0001022   0.0001042   0.0000820   0.0000858
R 0 1  64  0  1  9    0.0002377   0.0002377   0.0002377   0.0002377   0.0002377   0.0002377   0.0001924   0.0001863   0.0001779   0.0001523   0.0001218   0.0001218
R 0 1  64  0  1 10    0.0014081   0.0012467   0.0007650   0.0007553   0.0005750   0.0004700   0.0003959   0.0002530   0.0001976   0.0001871   0.0001871   0.0001871
R 0 1  64  0  2  0    0.0000000   0.0000000   0.0000000   0.0001215   0.0000000   0.0000097   0.0000098   0.0000058   0.0000058   0.0000058   0.0000058   0.0000058
R 0 1  64  0  2  1    0.0000000   0.0000000   0.0000000   0.0000000   0.0000000   0.0000171   0.0000000   0.0000084   0.0000084   0.0000084   0.0000084   0.0000084
R 0 1  64  0  2  2    0.0000000   0.0000000   0.0000000   0.0000000   0.0000545   0.0000071   0.0000122   0.0000081   0.0000081   0.0000081   0.0000081   0.0000081
R 0 1  64  0  2  3    0.0000000   0.0000000   0.0000000   0.0000000   0.0000000   0.0000176   0.0000111   0.0000060   0.0000060   0.0000060   0.0000060   0.0000060
R 0 1  64  0  2  4    0.0000000   0.0000000   0.0000000   0.0000000   0.0000186   0.0000000   0.0000000   0.0000141   0.0000141   0.0000141   0.0000141   0.0000141
R 0 1  64  0  2  5    0.0000000   0.0000000   0.0000000   0.0000160   0.0000000   0.0000085   0.0000000   0.0000000   0.0000000   0.0000000   0.0000000   0.0000000
R 0 1  64  0  2  6    0.0000000   0.0000000   0.0000000   0.0000000   0.0000000   0.0000000   0.0000158   0.0000000   0.0000000   0.0000000   0.0000000   0.0000000
R 0 1  64  0  2  7    0.0000000   0.0000000   0.0000000   0.0000000   0.0000000   0.0000000   0.0000000   0.0000000   0.0000096   0.0000000   0.0000000   0.0000000
R 0 1  64  0  2  8    0.0000000   0.0000000   0.0000000   0.0000000   0.0000000   0.0000000   0.0000000   0.0000000   0.0000000   0.0000000   0.0000129   0.0000000
R 0 1  64  0  2  9    0.0000000   0.0000000   0.0000000   0.0000000   0.0000000   0.0000000   0.0000000   0.0000000   0.0000335   0.0000142   0.0000000   0.0000000
R 0 1  64  0  2 10    0.0000000   0.0000000   0.0000000   0.0000000   0.0000000   0.0000000   0.0000698   0.0000000   0.0000000   0.0000000   0.0000000   0.0000000
R 0 1  64  0  3  0    1.0399566   1.0399566   1.0138076   1.0116043   0.9968428   0.9833387   0.9822250   0.9823780   0.9823780   0.9823780   0.9823780   0.9823780
R 0 1  64  0  3  1    1.0202001   1.0202001   1.0202001   1.0202001   0.9912758   0.9839906   0.9802085   0.9793819   0.9793819   0.9793819   0.9793819   0.9793819
R 0 1  64  0  3  2    1.0248516   1.0248516   1.0248516   1.0248516   1.0074285   0.9861644   0.9819136   0.9813495   0.9813495   0.9813495   0.9813495   0.9813495
R 0 1  64  0  3  3    1.0134932   1.0134932   1.0134932   1.0134932   1.0038130   0.9866897   0.9825242   0.9804466   0.9804466   0.9804466   0.9804466   0.9804466
R 0 1  64  0  3  4    1.0130368   1.0130368   1.0130368   0.9868931   0.9779417   0.9765248   0.9778960   0.9855556   0.9855556   0.9855556   0.9855556   0.9855556
R 0 1  64  0  3  5    1.0156791   1.0156791   0.9996551   0.9818531   0.9741209   0.9716223   0.9757749   0.9757749   0.9757749   0.9757749   0.9757749   0.9757749
R 0 1  64  0  3  6    1.0155122   1.0155122   1.0155122   1.0012064   0.9896319   0.9832252   0.9838474   0.9868497   0.9868497   0.9868497   0.9868497   0.9868497
R 0 1  64  0  3  7    0.9811745   0.9811745   0.9811745   0.9811745   1.0288170   0.9996373   0.9929004   0.9656459   0.9852372   0.9925496   0.9925496   0.9925496
R 0 1  64  0  3  8    1.0262361   1.0262361   1.0262361   1.0262361   1.0262361   1.0262361   1.0262361   0.9946427   0.9825728   0.9828202   0.9888572   1.0154437
R 0 1  64  0  3  9    1.0286924   1.0286924   1.0286924   1.0286924   1.0286924   1.0286924   0.9966236   0.9740623   0.9751595   0.9860924   1.0086119   1.0086119
R 0 1  64  0  3 10    1.0190956   1.0366149   1.0339178   1.0003437   0.9742955   0.9675953   0.9699040   0.9712609   1.0075323   1.0057035   1.0057035   1.0057035
R 0 1  64  0  4  0    1.4312797   1.4312797   1.4122025   2.1548415   2.2587205   2.2264028   2.2233342   2.2771706   2.2771706   2.2771706   2.2771706   2.2771706
R 0 1  64  0  4  1    2.0416896   2.0416896   2.0416896   2.0416896   2.1194658   2.2459606   2.2087980   2.2083777   2.2083777   2.2083777   2.2083777   2.2083777
R 0 1  64  0  4  2    1.9837050   1.9837050   1.9837050   1.9837050   2.1863369   2.2367577   2.2423014   2.2332057   2.2332057   2.2332057   2.2332057   2.2332057
R 0 1  64  0  4  3    1.8209851   1.8209851   1.8209851   1.8209851   2.3247669   2.2519152   2.2536166   2.2370362   2.2370362   2.2370362   2.2370362   2.2370362
R 0 1  64  0  4  4    1.8085614   1.8085614   1.8085614   2.0046558   2.0947738   2.0865537   2.2077451   2.2914742   2.2914742   2.2914742   2.2914742   2.2914742
R 0 1  64  0  4  5    1.8336570   1.8336570   2.1221821   2.1716158   2.0782423   2.0751224   2.0587731   2.0587731   2.0587731   2.0587731   2.0587731   2.0587731
R 0 1  64  0  4  6    2.0247541   2.0247541   2.0247541   2.2507210   2.3535115   2.3281187   2.3441991   2.2904573   2.2904573   2.2904573   2.2904573   2.2904573
R 0 1  64  0  4  7    1.6680101   1.6680101   1.6680101   1.6680101   2.3388508   2.3901943   2.3865836   2.1074067   2.3848641   2.3436057   2.3436057   2.3436057
R 0 1  64  0  4  8    2.1174889   2.1174889   2.1174889   2.1174889   2.1174889   2.1174889   2.1174889   2.2440438   2.1842278   2.2595382   2.3255795   2.3201636
R 0 1  64  0  4  9    2.1498425   2.1498425   2.1498425   2.1498425   2.1498425   2.1498425   2.0095196   2.0279387   2.0658530   2.2307162   2.3291414   2.3291414
R 0 1  64  0  4 10    1.9344335   2.2131920   1.8828424   1.8825587   1.9857891   1.9435689   1.9604271   1.9598251   2.1568307   2.0496931   2.0496931   2.0496931
R 0 1  64  0  5  0    7.4341306   7.4341306   8.4517894   3.1660858   3.5741994   4.2764494   4.3945010   3.8083584   3.8083584   3.8083584   3.8083584   3.8083584
R 0 1  64  0  5  1    3.6712826   3.6712826   3.6712826   3.6712826   4.1804451   3.8773856   4.3727248   4.3344013   4.3344013   4.3344013   4.3344013   4.3344013
R 0 1  64  0  5  2    3.4690473   3.4690473   3.4690473   3.4690473   4.4765623   4.1622638   4.0813726   4.3082578   4.3082578   4.3082578   4.3082578   4.3082578
R 0 1  64  0  5  3    4.6978035   4.6978035   4.6978035   4.6978035   3.2823835   4.2801912   4.1828940   4.2771604   4.2771604   4.2771604   4.2771604   4.2771604
R 0 1  64  0  5  4    5.5207069   5.5207069   5.5207069   5.1585254   5.0631828   5.1434211   3.9623101   3.4252819   3.4252819   3.4252819   3.4252819   3.4252819
R 0 1  64  0  5  5    4.3721702   4.3721702   4.6036920   4.3316631   5.4536137   4.8540651   3.8681198   3.8681198   3.8681198   3.8681198   3.8681198   3.8681198
R 0 1  64  0  5  6    2.8245293   2.8245293   2.8245293   3.9910932   3.3619127   3.0511752   2.3448371   2.0053949   2.0053949   2.0053949   2.0053949   2.0053949
R 0 1  64  0  5  7    4.8112822   4.8112822   4.8112822   4.8112822   3.4465024   3.0112777   2.8176304   4.5757147   2.5705894   2.1029356   2.1029356   2.1029356
R 0 1  64  0  5  8    4.1360214   4.1360214   4.1360214   4.1360214   4.1360214   4.1360214   4.1360214   4.5903850   5.0028638   4.3628395   3.3924276   3.7362624
R 0 1  64  0  5  9    3.9890912   3.9890912   3.9890912   3.9890912   3.9890912   3.9890912   7.4814568   6.1458635   6.2970736   5.3028381   4.4106697   4.4106697
R 0 1  64  0  5 10    7.3251316   3.9839985   5.4824260   5.9747597   4.8898078   6.6341453   8.6474386   8.0697518   5.8380854   7.2703192   7.2703192   7.2703192
F  0  1  64  0  0  0    0.9658757   1.0508654   0.9893343   1.0101376   0.9640655   0.9874411   0.9885508   1.0003871   0.9914206   0.9884774   0.9772414
F  0  1  64  1  0  0    1.0473785   1.0947713   1.0532887   1.0506871   1.0502013   1.0808238   1.0833626   1.0550711   1.0428865   1.0666103   1.0796453
C  0  1  64  0  0  0  -0.3113529 -0.1654766 -0.1904610 -0.3680937 -0.1905172 -0.0518089 -0.2798711 -0.1422548 -0.2723033 -0.3002667 -0.2960825 -0.1243600 -0.1976906 -0.3653031 -0.3291926 -0.2269084
C  0  1  64  0  0  1  -0.0367627 -0.1915726 -0.0880389 -0.1562798 -0.1219120 -0.0843382 -0.1751481 -0.2138917 -0.1315576 -0.0450673  0.0125062 -0.1754637 -0.1728136 -0.1406601 -0.1855923 -0.0675360
C  0  1  64  0  0  2  -0.0959626 -0.0567353 -0.1483801 -0.1355170 -0.0462071 -0.0516335 -0.0289234 -0.1565580 -0.0536182 -0.1489273 -0.0561991 -0.0225653 -0.1228984 -0.0478973 -0.0372275 -0.1557591
C  0  1  64  0  0  3  -0.0065411 -0.0761366 -0.0715358  0.0012531  0.0203082 -0.1402083 -0.0930306 -0.0516260 -0.0822053 -0.0241746 -0.1193082 -0.0306662 -0.2017360 -0.1280816 -0.1502346 -0.0066478
C  0  1  64  0  0  4  -0.0595958 -0.0016002 -0.1347019 -0.1264085 -0.0228796 -0.1552415 -0.0662393 -0.0528697 -0.0336579 -0.0453699 -0.0983672 -0.0565502 -0.1672117 -0.1692569 -0.1482271 -0.0756600
C  0  1  64  0  0  5  -0.0101227  0.0031534 -0.0187873  0.0076781  0.0766602  0.0123009  0.0348393 -0.0204811  0.1233197  0.0053971  0.0922458 -0.0149133 -0.0505537  0.0564805  0.1020736 -0.1709407
C  0  1  64  0  0  6  -0.0047103  0.0777568 -0.0049678  0.0199024  0.0241655 -0.0154428  0.0444215 -0.0932226  0.0070207 -0.0573660  0.0881551  0.0983289 -0.0374151  0.0338420 -0.0604295  0.0851946
C  0  1  64  0  0  7  -0.0106824  0.0194987  0.0534443 -0.0042516 -0.0337881  0.0583728 -0.0025024  0.0250610 -0.0122564  0.0151700  0.1574606 -0.0410190 -0.0689845 -0.0732515 -0.0433967  0.0175912
C  0  1  64  0  0  8   0.0365419 -0.0477721  0.1105061  0.0353461  0.0287305  0.0889891  0.0109915 -0.0247027 -0.0428894  0.0197186  0.0409219  0.0042640 -0.0343772  0.0053048 -0.0663697  0.0147950
C  0  1  64  0  0  9   0.0059076  0.0209514  0.0115525  0.0222253  0.0057288  0.0790353  0.0124576 -0.0607615 -0.0760804  0.0586672  0.0982821  0.0848312 -0.0360894  0.0041486  0.0330346  0.0443535
C  0  1  64  0  0 10   0.0075483  0.0134350 -0.0042938  0.0420371 -0.0722634 -0.0341881  0.0146004 -0.0271864 -0.0205456 -0.0472783  0.0221518 -0.0068423 -0.0408970  0.0305276  0.0481263  0.0859752
C  0  1  64  0  0 11  -0.0143649  0.0151914 -0.0610077  0.0734622 -0.0060347  0.0561607  0.1141717  0.1242798  0.0514791 -0.0643332  0.0362524 -0.0386280 -0.0025413  0.0141207  0.0318943  0.0094319
C  0  1  64  0  0 12   0.0371175 -0.0259313 -0.0424776 -0.0591392  0.0935643  0.0494694 -0.0911656 -0.0434441  0.0623912  0.0880363 -0.0286938  0.0572028 -0.0826274 -0.0586543 -0.0409747  0.0509312
C  0  1  64  0  0 13  -0.0483843 -0.0392640  0.0628801  0.0097032  0.0188261 -0.0181775  0.1042673 -0.0197460  0.0855214  0.0568538 -0.0121452 -0.0023311 -0.0361770 -0.0403333  0.0064662 -0.0367607
C  0  1  64  0  0 14  -0.0137805  0.0723542 -0.0440968 -0.0331422  0.0111295 -0.0421895  0.0082330  0.0805349 -0.0424270 -0.0213516  0.0734835 -0.1598947  0.0402272 -0.0103306 -0.0324659 -0.0617150
C  0  1  64  0  0 15  -0.1470600 -0.0557427 -0.0692726  0.0422851  0.0058064 -0.0696461 -0.0138307  0.0691392 -0.0212678  0.0053548 -0.0466834 -0.1054116 -0.0103594 -0.0012894 -0.0278622  0.0057518
C  0  1  64  0  0 16   0.0967912  0.0753786  0.0616250  0.0383234 -0.0089740 -0.1661008 -0.0011814  0.0144336 -0.1207406  0.2002113  0.1117508 -0.0260023 -0.1266550 -0.0320259 -0.0980549  0.0299248
C  0  1  64  0  0 17  -0.1320641 -0.1341291 -0.0898446 -0.1654311 -0.0885567 -0.0482101 -0.0909999 -0.0444362 -0.0159786  0.0000672 -0.0183959 -0.0611024 -0.1455146 -0.2028140 -0.0349900  0.0676736
C  0  1  64  0  0 18  -0.1416798  0.0014295  0.0006480  0.0308022 -0.1031354  0.0071693 -0.0890226  0.0804670 -0.0292166 -0.0985950 -0.0457288 -0.0222429 -0.0055624 -0.0074303 -0.1404958  0.0029488
C  0  1  64  0  0 19   0.0272285 -0.1228647 -0.1945280  0.0301135  0.0400158 -0.0301867 -0.1597423  0.0142813 -0.1307255 -0.1432204 -0.0926028 -0.1071241 -0.1266825 -0.0608635 -0.0742358 -0.1222142
C  0  1  64  0  0 20  -0.1036148 -0.1091916 -0.0530984 -0.1339736 -0.0421848 -0.1030492 -0.1258733 -0.1375638 -0.0635187 -0.1241479 -0.0805713 -0.0416922  0.0145538 -0.1674962 -0.0861160 -0.1318095
C  0  1  64  0  0 21  -0.2274312 -0.1662726 -0.2615717 -0.3575283 -0.1731529 -0.2954567 -0.2220759 -0.1686182 -0.1578595 -0.0841441 -0.2177765 -0.2836812 -0.2797444 -0.2587267 -0.1591803 -0.2898199
C  0  1  64  0  1  0   0.0021365 -0.0019817  0.0001540  0.0000349 -0.0014294  0.0059439  0.0018507 -0.0011547  0.0030795 -0.0002713 -0.0059047  0.0024468  0.0098606  0.0042771  0.0012376  0.0055748
C  0  1  64  0  1  1   0.0012185  0.0008601 -0.0019738 -0.0036921 -0.0004194 -0.0059651  0.0066354 -0.0005249  0.0014673 -0.0020010 -0.0020468 -0.0019896  0.0035137  0.0057095  0.0005265  0.0014580
C  0  1  64  0  1  2   0.0055085 -0.0036548 -0.0000008  0.0013423 -0.0041724  0.0017182  0.0005296  0.0021693 -0.0012014  0.0009453 -0.0022086 -0.0002979  0.0017373 -0.0001562 -0.0010445 -0.0021071
C  0  1  64  0  1  3   0.0028218 -0.0006403  0.0022193 -0.0009645 -0.0017968  0.0033616  0.0016784 -0.0000338 -0.0037199 -0.0036333 -0.0012622 -0.0033368  0.0009610  0.0012766 -0.0007414  0.0025211
C  0  1  64  0  1  4   0.0018504 -0.0001361 -0.0022366  0.0030830  0.0003933 -0.0004507  0.0023363  0.0002497  0.0009709  0.0011810 -0.0034565 -0.0030349  0.0033762 -0.0016573  0.0003848 -0.0014456
C  0  1  64  0  1  5   0.0004163  0.0015269 -0.0009461 -0.0003262 -0.0002419 -0.0006675 -0.0012666  0.0007064 -0.0000349  0.0017773  0.0017069 -0.0016871  0.0002742  0.0011837 -0.0015474 -0.0008363
C  0  1  64  0  1  6   0.0006803 -0.0006214 -0.0016628 -0.0000315  0.0017835 -0.0010701 -0.0014363 -0.0009920  0.0003280 -0.0004132 -0.0013875  0.0000853  0.0005317 -0.0003084  0.0016102 -0.0004191
C  0  1  64  0  1  7   0.0010523 -0.0006306  0.0009328 -0.0006010  0.0035008  0.0012226 -0.0020336  0.0004240  0.0002740 -0.0032756  0.0014937 -0.0012998  0.0004935 -0.0002427 -0.0006195  0.0001391
C  0  1  64  0  1  8   0.0002210  0.0012848 -0.0004467  0.0019652  0.0023924  0.0009458  0.0005006  0.0000839  0.0013655  0.0003547  0.0001033 -0.0008512 -0.0026365  0.0009470 -0.0002217  0.0012453
C  0  1  64  0  1  9  -0.0031238  0.0010165  0.0016690  0.0004226 -0.0005713 -0.0001118  0.0005746  0.0024732  0.0002461 -0.0017852 -0.0023913 -0.0011806 -0.0008271  0.0019471 -0.0017884  0.0015548
C  0  1  64  0  1 10   0.0009601 -0.0000487  0.0016694  0.0013155  0.0022061 -0.0005583  0.0015853  0.0006628 -0.0016554 -0.0029258  0.0000456 -0.0017272 -0.0020957 -0.0030266 -0.0004895  0.0027260
C  0  1  64  0  1 11   0.0010445  0.0013649  0.0006789  0.0013739  0.0008281 -0.0003215 -0.0013057 -0.0011205 -0.0021465  0.0003488 -0.0010675 -0.0020069  0.0009795  0.0015704  0.0005284 -0.0009140
C  0  1  64  0  1 12   0.0004767  0.0002545  0.0015506  0.0005011  0.0032246 -0.0002114  0.0026679 -0.0005674 -0.0001431 -0.0004811 -0.0001483  0.0007751 -0.0000174 -0.0016909 -0.0003249  0.0007944
C  0  1  64  0  1 13   0.0029232 -0.0009011  0.0002801  0.0021627  0.0021504  0.0003707 -0.0006196  0.0014193 -0.0004709 -0.0002974 -0.0012801 -0.0017554 -0.0000554  0.0008989  0.0002874  0.0014489
C  0  1  64  0  1 14   0.0025564  0.0008774  0.0013684  0.0010420  0.0030846  0.0018817  0.0006524  0.0014049 -0.0002703  0.0014975  0.0005746  0.0005500  0.0010550  0.0001714 -0.0013315  0.0021952
C  0  1  64  0  1 15   0.0007811  0.0005393 -0.0009453  0.0008451  0.0004460  0.0027487  0.0022265  0.0005638  0.0002262  0.0000701 -0.0003411  0.0004456  0.0009483  0.0005396  0.0018817  0.0002818
C  0  1  64  0  1 16   0.0027798  0.0029099  0.0007981  0.0001793  0.0000356  0.0019422  0.0007766  0.0002357  0.0018464 -0.0000923  0.0008682 -0.0009485 -0.0003510  0.0013080  0.0033543  0.0025625
C  0  1  64  0  1 17  -0.0003359 -0.0029075  0.0000934  0.0017131  0.0027768  0.0010838 -0.0003406  0.0018730  0.0012994  0.0007433  0.0024297  0.0004399  0.0018007 -0.0005003  0.0035580  0.0047449
C  0  1  64  0  1 18   0.0044400  0.0021933  0.0016145  0.0025383 -0.0010085  0.0019156  0.0036646  0.0029465 -0.0007202 -0.0000137  0.0032482 -0.0013702 -0.0022808 -0.0011978  0.0058744  0.0044525
C  0  1  64  0  1 19   0.0054230  0.0020637  0.0009582  0.0040532  0.0008516  0.0026011  0.0025921  0.0022930  0.0037416  0.0035463  0.0013497  0.0018827  0.0030544  0.0033506  0.0024886  0.0041451
C  0  1  64  0  1 20   0.0058987  0.0071071  0.0046450  0.0033531  0.0008809  0.0045792  0.0042544  0.0013845  0.0020414  0.0038226 -0.0018449 -0.0014037  0.0023235  0.0026575  0.0058782  0.0062355
C  0  1  64  0  1 21   0.0117159  0.0109640  0.0055074 -0.0015252  0.0010369 -0.0054333 -0.0089374 -0.0003868 -0.0016854 -0.0041939  0.0001207  0.0019433  0.0025370  0.0057086  0.0094620  0.0008815
C  0  1  64  1  0  0  -0.4803410 -0.3567652 -0.4277894 -0.3443344 -0.2493207 -0.4163045 -0.3418636 -0.3724661 -0.4053889 -0.2783472 -0.3011226 -0.4951979 -0.4028244 -0.4235040 -0.4292766 -0.4939383
C  0  1  64  1  0  1  -0.3080113 -0.3155522 -0.2724950 -0.2299483 -0.3613904 -0.2933459 -0.2293104 -0.2427600 -0.2673334 -0.2193419 -0.3102566 -0.3468790 -0.3645339 -0.3919087 -0.3312050 -0.3003321
C  0  1  64  1  0  2  -0.3180292 -0.3109316 -0.2404312 -0.2808962 -0.2854997 -0.2557038 -0.2147571 -0.2422835 -0.2240647 -0.1882727 -0.2761839 -0.3018348 -0.3254892 -0.3442079 -0.3145453 -0.3346361
C  0  1  64  1  0  3  -0.2415364 -0.2713659 -0.3076374 -0.3086830 -0.2356485 -0.2214637 -0.1319094 -0.1506401 -0.1804785 -0.2660063 -0.2486631 -0.2552937 -0.2365971 -0.3080037 -0.3265552 -0.2974154
C  0  1  64  1  0  4  -0.3036365 -0.2692158 -0.2771926 -0.2772223 -0.2667160 -0.1614495 -0.2822525 -0.1994316 -0.2755593 -0.1789837 -0.1821246 -0.2852923 -0.2698478 -0.3019668 -0.3334987 -0.2812634
C  0  1  64  1  0  5  -0.2056829 -0.1788485 -0.2059575 -0.1463387 -0.1675204 -0.1213971 -0.1665413 -0.1731037 -0.1827262 -0.1581344 -0.1624524 -0.2548553 -0.2448977 -0.1527403 -0.1763836 -0.1709795
C  0  1  64  1  0  6  -0.1603746 -0.1306078 -0.1571424 -0.1319864 -0.1093610 -0.1178350 -0.1156984 -0.1382643 -0.1662372 -0.0901770 -0.1083642 -0.0999732 -0.1299372 -0.1625638 -0.1657167 -0.1835878
C  0  1  64  1  0  7  -0.1565646 -0.1482310 -0.1283390 -0.1680264 -0.1722099 -0.1454163 -0.1952103 -0.1586172 -0.1707808 -0.1056281 -0.1205090 -0.1493153 -0.1648043 -0.1413720 -0.1380541 -0.1356189
C  0  1  64  1  0  8  -0.2056675 -0.0858626 -0.1009829 -0.1166263 -0.1456263 -0.1445387 -0.1297732 -0.1750717 -0.1411775 -0.1314259 -0.1275621 -0.1691578 -0.0756936 -0.1553527 -0.1360159 -0.1174664
C  0  1  64  1  0  9  -0.1248776 -0.0916892 -0.0788164 -0.1392178 -0.1078542 -0.1153115 -0.1046593 -0.1716386 -0.0874935 -0.1188240 -0.0952491 -0.1148144 -0.1472685 -0.1202348 -0.1397552 -0.1337268
C  0  1  64  1  0 10  -0.1338592 -0.1226133 -0.0896167 -0.1452713 -0.1567703 -0.1405465 -0.1337743 -0.0911006 -0.0851390 -0.1168251 -0.1441686 -0.1429554 -0.1262345 -0.1412358 -0.1365745 -0.1481806
C  0  1  64  1  0 11  -0.1175849 -0.0674496 -0.1435203 -0.0961720 -0.1064255 -0.1277164 -0.1004549 -0.1175473 -0.1427544 -0.1232473 -0.1094986 -0.1070009 -0.1100284 -0.1258777 -0.0721659 -0.1163924
C  0  1  64  1  0 12  -0.0924435 -0.1092060 -0.1560834 -0.1157494 -0.1408290 -0.1454099 -0.1517770 -0.1650648 -0.1205737 -0.1128516 -0.1544829 -0.1090638 -0.1004672 -0.1391544 -0.1021176 -0.1123088
C  0  1  64  1  0 13  -0.1004972 -0.1328303 -0.1544317 -0.1374749 -0.1274612 -0.1724768 -0.1447224 -0.1361898 -0.1282504 -0.1000320 -0.1746753 -0.1237801 -0.1327529 -0.1473061 -0.1632120 -0.0803610
C  0  1  64  1  0 14  -0.1002668 -0.1739450 -0.1471823 -0.1346418 -0.2011925 -0.1263083 -0.1579556 -0.2492741 -0.1684865 -0.1841309 -0.1415338 -0.1426518 -0.1533583 -0.1102006 -0.1382212 -0.1870876
C  0  1  64  1  0 15  -0.0955434 -0.1808598 -0.1431018 -0.1190098 -0.1689670 -0.1443577 -0.1421394 -0.1519688 -0.1775767 -0.1344453 -0.1020560 -0.1608706 -0.0934126 -0.1402703 -0.0840530 -0.1306532
C  0  1  64  1  0 16  -0.1579148 -0.1811670 -0.1457312 -0.2162090 -0.1915821 -0.1491506 -0.1995852 -0.2231224 -0.1618108 -0.1889906 -0.1664265 -0.1486155 -0.1304677 -0.1475057 -0.1313543 -0.0986394
C  0  1  64  1  0 17  -0.3045297 -0.2794426 -0.2288037 -0.2586020 -0.2471917 -0.2631935 -0.2803845 -0.2159821 -0.2954699 -0.2577241 -0.2594265 -0.2178379 -0.2174594 -0.2882415 -0.2842469 -0.2941909
C  0  1  64  1  0 18  -0.2085953 -0.2876413 -0.2724936 -0.2143691 -0.1830025 -0.2198390 -0.2632987 -0.3176216 -0.2464734 -0.2371472 -0.2963381 -0.2329305 -0.2923915 -0.1976654 -0.1579158 -0.2072590
C  0  1  64  1  0 19  -0.2423656 -0.2609220 -0.2589575 -0.3038152 -0.3029528 -0.2771578 -0.2641009 -0.2090312 -0.2279799 -0.2955792 -0.2258329 -0.2487255 -0.2533520 -0.2319293 -0.2270574 -0.2520017
C  0  1  64  1  0 20  -0.2965038 -0.2621235 -0.3604160 -0.2851598 -0.2847171 -0.2475383 -0.2732461 -0.3369046 -0.3254126 -0.3182619 -0.2758024 -0.2491004 -0.3849449 -0.2913247 -0.2221669 -0.2811675
C  0  1  64  1  0 21  -0.3509036 -0.4425056 -0.3795968 -0.3474007 -0.2240038 -0.3132181 -0.2887477 -0.3305690 -0.3594805 -0.2709202 -0.3255556 -0.3161386 -0.3094368 -0.3269082 -0.4219911 -0.3579714
C  0  1  64  1  1  0   0.0472223  0.0477582  0.0396772  0.0256956  0.0024137 -0.0176337 -0.0315909 -0.0410956 -0.0462283 -0.0346578 -0.0319356 -0.0193255  0.0029480  0.0073254  0.0275811  0.0387012
C  0  1  64  1  1  1   0.0241630  0.0221421  0.0179074  0.0109182  0.0016798 -0.0087701 -0.0163308 -0.0177538 -0.0191047 -0.0165803 -0.0151604 -0.0071885  0.0038431  0.0076996  0.0109332  0.0239238
C  0  1  64  1  1  2   0.0139326  0.0146305  0.0101621  0.0065752  0.0021890 -0.0023798 -0.0061222 -0.0072270 -0.0072106 -0.0059215 -0.0041243 -0.0020651  0.0014680  0.0037348  0.0065108  0.0126793
C  0  1  64  1  1  3   0.0083415  0.0067546  0.0030756  0.0048813  0.0003989  0.0004255 -0.0041751 -0.0022195  0.0011152  0.0000979 -0.0019462 -0.0003883  0.0014240  0.0035941  0.0033411  0.0064709
C  0  1  64  1  1  4   0.0019123  0.0020622  0.0011759  0.0016249  0.0034494  0.0027702  0.0009918  0.0029525  0.0045862  0.0025705  0.0014114  0.0006758  0.0022067  0.0016897  0.0037216  0.0028165
C  0  1  64  1  1  5   0.0022816  0.0014267  0.0007741  0.0037696  0.0035500  0.0042331  0.0043241  0.0052732  0.0049350  0.0027427  0.0008782  0.0001372  0.0029575  0.0026879  0.0022415 -0.0007389
C  0  1  64  1  1  6   0.0013549  0.0017846  0.0028081  0.0048565  0.0048812  0.0036490  0.0054677  0.0063489  0.0049398  0.0025316  0.0017448  0.0012287  0.0017575  0.0021464  0.0010940  0.0003498
C  0  1  64  1  1  7   0.0003448  0.0021587  0.0027884  0.0049634  0.0039187  0.0044597  0.0056806  0.0031677  0.0039662  0.0013181  0.0001782 -0.0001826  0.0018191  0.0019260  0.0023284 -0.0005647
C  0  1  64  1  1  8   0.0008179  0.0019116  0.0028067  0.0018350  0.0055075  0.0041852  0.0050671  0.0056985  0.0056334  0.0020335  0.0018843  0.0010239  0.0028562  0.0020050  0.0023443 -0.0003612
C  0  1  64  1  1  9   0.0022941  0.0034597  0.0026896  0.0039328  0.0039031  0.0038621  0.0055507  0.0048958  0.0033931 -0.0001733  0.0026488  0.0013754  0.0023993  0.0010968  0.0008610 -0.0008539
C  0  1  64  1  1 10   0.0002785  0.0022329  0.0030259  0.0024861  0.0019562  0.0022401  0.0018306  0.0029361  0.0025686 -0.0001233  0.0004126  0.0004910 -0.0005902  0.0008970  0.0018343 -0.0011903
C  0  1  64  1  1 11   0.0000934  0.0018185  0.0024482  0.0022324  0.0026072  0.0000230  0.0010714  0.0024541  0.0033223  0.0011267 -0.0011301 -0.0001853  0.0001570  0.0001987  0.0000702 -0.0018836
C  0  1  64  1  1 12   0.0010655  0.0035906  0.0031365  0.0041370  0.0029540  0.0016128  0.0020212  0.0032632  0.0048425  0.0020250  0.0026088  0.0016788  0.0015216 -0.0001239  0.0014498 -0.0005381
C  0  1  64  1  1 13   0.0011974  0.0029898  0.0031516  0.0041116  0.0037410  0.0025958  0.0048805  0.0054167  0.0050172  0.0023954  0.0022901  0.0003093  0.0004551 -0.0010559  0.0009999 -0.0011742
C  0  1  64  1  1 14   0.0002995  0.0010493  0.0026131  0.0041590  0.0044908  0.0026825  0.0037874  0.0068828  0.0059382  0.0025207  0.0026393 -0.0004133 -0.0014682 -0.0008381 -0.0012055 -0.0022585
C  0  1  64  1  1 15  -0.0012709  0.0008637  0.0026095  0.0043282  0.0032933  0.0004047  0.0038701  0.0038929  0.0068139  0.0028819  0.0018657  0.0012395 -0.0022855 -0.0050249 -0.0053117 -0.0048721
C  0  1  64  1  1 16  -0.0011992  0.0022500  0.0046230  0.0047586  0.0035756  0.0016401  0.0043720  0.0048732  0.0040493  0.0061347  0.0030598  0.0032037 -0.0003484 -0.0005603 -0.0043069 -0.0044066
C  0  1  64  1  1 17  -0.0029734  0.0009277  0.0015241  0.0072093  0.0021592 -0.0009797  0.0000250  0.0039998  0.0042670  0.0041988  0.0046304  0.0027366 -0.0007978 -0.0035277 -0.0045594 -0.0038197
C  0  1  64  1  1 18   0.0025493  0.0070883  0.0064861  0.0066988  0.0049653 -0.0002166 -0.0010496  0.0012802  0.0025237  0.0053142  0.0021353  0.0004842  0.0000755 -0.0041575 -0.0040145 -0.0034637
C  0  1  64  1  1 19   0.0020966  0.0085293  0.0132081  0.0107185  0.0075971  0.0034707 -0.0010957  0.0004640  0.0031894  0.0069346  0.0036040  0.0012027 -0.0012741 -0.0037006 -0.0038637 -0.0010014
C  0  1  64  1  1 20   0.0008670  0.0138572  0.0199004  0.0129099  0.0070586  0.0035120 -0.0019285 -0.0015932  0.0015619  0.0076741  0.0018364 -0.0008974 -0.0053000 -0.0085657 -0.0060996 -0.0042835
C  0  1  64  1  1 21   0.0112254  0.0216236  0.0313493  0.0229720  0.0167454  0.0175832  0.0106134  0.0122534  0.0114005  0.0150611  0.0007239 -0.0025544 -0.0075094 -0.0144272 -0.0071524  0.0008752
