CPHI 16 
CETA 22 -2.40 -2.10 -1.85 -1.60 -1.40 -1.20 -1.00 -0.80 -0.60 -0.40 -0.20  0.00  0.20  0.40  0.60  0.80  1.00  1.20  1.40  1.60  1.85  2.10  2.40 
RMIN  6 
RTRK 12 
RETA 11  0.00  0.20  0.40  0.60  0.80  1.00  1.20  1.40  1.60  1.85  2.10  2.40 
T 0 1  65  0  0  0    0.0000000   0.0006567   0.0016628   0.0031922   0.0121370   0.0691154   0.2779362   0.6538400   1.0000000   1.0000000   1.0000000   1.0000000   1.0000000
T 0 1  65  0  0  1    0.0000000   0.0001309   0.0005549   0.0024321   0.0124207   0.0593549   0.2269469   0.5891324   1.0000000   1.0000000   1.0000000   1.0000000   1.0000000
T 0 1  65  0  0  2    0.0000000   0.0001288   0.0005407   0.0017917   0.0107605   0.0555365   0.2093338   0.5746918   1.0000000   1.0000000   1.0000000   1.0000000   1.0000000
T 0 1  65  0  0  3    0.0000000   0.0001987   0.0005959   0.0017362   0.0115986   0.0630271   0.2264406   0.5862273   1.0000000   1.0000000   1.0000000   1.0000000   1.0000000
T 0 1  65  0  0  4    0.0000000   0.0003643   0.0025490   0.0143931   0.0634537   0.2047068   0.4891931   0.8223381   1.0000000   1.0000000   1.0000000   1.0000000   1.0000000
T 0 1  65  0  0  5    0.0000000   0.0009739   0.0074229   0.0515623   0.2057019   0.5332218   0.8762662   0.9994114   1.0000000   1.0000000   1.0000000   1.0000000   1.0000000
T 0 1  65  0  0  6    0.0000000   0.0002997   0.0011673   0.0101148   0.0675742   0.2769140   0.6634339   0.9314897   0.9982241   0.9999994   1.0000000   1.0000000   1.0000000
T 0 1  65  0  0  7    0.0000000   0.0000537   0.0004666   0.0010410   0.0049152   0.0309375   0.1196374   0.2978174   0.5821603   0.8694115   0.9843636   0.9998589   1.0000000
T 0 1  65  0  0  8    0.0000000   0.0000030   0.0000434   0.0001226   0.0004052   0.0010185   0.0042099   0.0251596   0.1189638   0.3936582   0.7899496   0.9693103   1.0000000
T 0 1  65  0  0  9    0.0000000   0.0000084   0.0000126   0.0000330   0.0005132   0.0036177   0.0181182   0.0859583   0.3028020   0.6589614   0.9387458   0.9999386   1.0000000
T 0 1  65  0  0 10    0.0000000   0.0067166   0.0289372   0.0464480   0.0794959   0.1687465   0.3379974   0.6901626   0.9106345   0.9702041   0.9998442   1.0000000   1.0000000
T 0 1  65  1  0  0    0.0000000   0.0005148   0.0016399   0.0047460   0.0213440   0.1017716   0.3374237   0.6994022   1.0000000   1.0000000   1.0000000   1.0000000   1.0000000
T 0 1  65  1  0  1    0.0000000   0.0002633   0.0010891   0.0042307   0.0181163   0.0752157   0.2537985   0.6193956   1.0000000   1.0000000   1.0000000   1.0000000   1.0000000
T 0 1  65  1  0  2    0.0000000   0.0002194   0.0008486   0.0027728   0.0124455   0.0616642   0.2339277   0.6064318   1.0000000   1.0000000   1.0000000   1.0000000   1.0000000
T 0 1  65  1  0  3    0.0000000   0.0002283   0.0008669   0.0027852   0.0140251   0.0700545   0.2491207   0.6198491   1.0000000   1.0000000   1.0000000   1.0000000   1.0000000
T 0 1  65  1  0  4    0.0000000   0.0004356   0.0027620   0.0153929   0.0663357   0.2155446   0.5058694   0.8320271   1.0000000   1.0000000   1.0000000   1.0000000   1.0000000
T 0 1  65  1  0  5    0.0000000   0.0011873   0.0094478   0.0577925   0.2246261   0.5586818   0.8900123   0.9996500   1.0000000   1.0000000   1.0000000   1.0000000   1.0000000
T 0 1  65  1  0  6    0.0000000   0.0004626   0.0026649   0.0180020   0.0942133   0.3329130   0.7236541   0.9536823   0.9988141   0.9999984   1.0000000   1.0000000   1.0000000
T 0 1  65  1  0  7    0.0000000   0.0002246   0.0006446   0.0024765   0.0123245   0.0526267   0.1570011   0.3413836   0.6074237   0.8728054   0.9849908   0.9998878   1.0000000
T 0 1  65  1  0  8    0.0000000   0.0009562   0.0014955   0.0017998   0.0022382   0.0036136   0.0107994   0.0452511   0.1686405   0.4573475   0.8251665   0.9710661   1.0000000
T 0 1  65  1  0  9    0.0000000   0.0021003   0.0074838   0.0131257   0.0159362   0.0198461   0.0401951   0.1288935   0.3661962   0.7154288   0.9583841   0.9999941   1.0000000
T 0 1  65  1  0 10    0.0000000   0.0032254   0.0170235   0.0428863   0.0843736   0.1746921   0.3942474   0.7474223   0.9511020   0.9856143   0.9999985   1.0000000   1.0000000
R 0 1  65  0  0  0    0.0225650   0.0225650   0.0124218   0.0106104   0.0104299   0.0102054   0.0100107   0.0098435   0.0098435   0.0098435   0.0098435   0.0098435
R 0 1  65  0  0  1    0.0120936   0.0120936   0.0120936   0.0120936   0.0109076   0.0109249   0.0109393   0.0108482   0.0108482   0.0108482   0.0108482   0.0108482
R 0 1  65  0  0  2    0.0125829   0.0125829   0.0125829   0.0125829   0.0120587   0.0120032   0.0118537   0.0116880   0.0116880   0.0116880   0.0116880   0.0116880
R 0 1  65  0  0  3    0.0136668   0.0136668   0.0136668   0.0136668   0.0127553   0.0126167   0.0123593   0.0122707   0.0122707   0.0122707   0.0122707   0.0122707
R 0 1  65  0  0  4    0.0192306   0.0192306   0.0192306   0.0173139   0.0169697   0.0159015   0.0144762   0.0131051   0.0131051   0.0131051   0.0131051   0.0131051
R 0 1  65  0  0  5    0.0208085   0.0208085   0.0193963   0.0191085   0.0187168   0.0181051   0.0169167   0.0169167   0.0169167   0.0169167   0.0169167   0.0169167
R 0 1  65  0  0  6    0.0200859   0.0200859   0.0200859   0.0202793   0.0207883   0.0207159   0.0208369   0.0205846   0.0205846   0.0205846   0.0205846   0.0205846
R 0 1  65  0  0  7    0.0214745   0.0214745   0.0214745   0.0214745   0.0204319   0.0211407   0.0211533   0.0209782   0.0205402   0.0197370   0.0197370   0.0197370
R 0 1  65  0  0  8    0.0213988   0.0213988   0.0213988   0.0213988   0.0213988   0.0213988   0.0213988   0.0209989   0.0209492   0.0209637   0.0202487   0.0187971
R 0 1  65  0  0  9    0.0307348   0.0307348   0.0307348   0.0307348   0.0307348   0.0307348   0.0300603   0.0287695   0.0274507   0.0264411   0.0247279   0.0247279
R 0 1  65  0  0 10    0.0783111   0.0726376   0.0613767   0.0541910   0.0473475   0.0440148   0.0408731   0.0356586   0.0337491   0.0305746   0.0305746   0.0305746
R 0 1  65  0  1  0    0.0000000   0.0000000   0.0000000   0.0000827   0.0000862   0.0000813   0.0000705   0.0000629   0.0000629   0.0000629   0.0000629   0.0000629
R 0 1  65  0  1  1    0.0000805   0.0000805   0.0000805   0.0000805   0.0000601   0.0000668   0.0000629   0.0000550   0.0000550   0.0000550   0.0000550   0.0000550
R 0 1  65  0  1  2    0.0000645   0.0000645   0.0000645   0.0000645   0.0000709   0.0000594   0.0000603   0.0000522   0.0000522   0.0000522   0.0000522   0.0000522
R 0 1  65  0  1  3    0.0000679   0.0000679   0.0000679   0.0000679   0.0000697   0.0000617   0.0000531   0.0000492   0.0000492   0.0000492   0.0000492   0.0000492
R 0 1  65  0  1  4    0.0001161   0.0001161   0.0001161   0.0000848   0.0000929   0.0000738   0.0000545   0.0000440   0.0000440   0.0000440   0.0000440   0.0000440
R 0 1  65  0  1  5    0.0002048   0.0002048   0.0000817   0.0000643   0.0000654   0.0000597   0.0000454   0.0000454   0.0000454   0.0000454   0.0000454   0.0000454
R 0 1  65  0  1  6    0.0000739   0.0000739   0.0000739   0.0000393   0.0000587   0.0000586   0.0000577   0.0000186   0.0000186   0.0000186   0.0000186   0.0000186
R 0 1  65  0  1  7    0.0000861   0.0000861   0.0000861   0.0000861   0.0000991   0.0000677   0.0000636   0.0000735   0.0000724   0.0000578   0.0000578   0.0000578
R 0 1  65  0  1  8    0.0001199   0.0001199   0.0001199   0.0001199   0.0001199   0.0001199   0.0001199   0.0001062   0.0000980   0.0001020   0.0000824   0.0000809
R 0 1  65  0  1  9    0.0002239   0.0002239   0.0002239   0.0002239   0.0002239   0.0002239   0.0002257   0.0001946   0.0001789   0.0001551   0.0001139   0.0001139
R 0 1  65  0  1 10    0.0012377   0.0012691   0.0009071   0.0007784   0.0005725   0.0004710   0.0003876   0.0002608   0.0001864   0.0001627   0.0001627   0.0001627
R 0 1  65  0  2  0    0.0000000   0.0000000   0.0000000   0.0000000   0.0000000   0.0000125   0.0000067   0.0000092   0.0000092   0.0000092   0.0000092   0.0000092
R 0 1  65  0  2  1    0.0000000   0.0000000   0.0000000   0.0000000   0.0000000   0.0000000   0.0000149   0.0000129   0.0000129   0.0000129   0.0000129   0.0000129
R 0 1  65  0  2  2    0.0000000   0.0000000   0.0000000   0.0000000   0.0000478   0.0000000   0.0000071   0.0000081   0.0000081   0.0000081   0.0000081   0.0000081
R 0 1  65  0  2  3    0.0000000   0.0000000   0.0000000   0.0000000   0.0000000   0.0000000   0.0000207   0.0000000   0.0000000   0.0000000   0.0000000   0.0000000
R 0 1  65  0  2  4    0.0000000   0.0000000   0.0000000   0.0000000   0.0000000   0.0000000   0.0000231   0.0000000   0.0000000   0.0000000   0.0000000   0.0000000
R 0 1  65  0  2  5    0.0000000   0.0000000   0.0000000   0.0000000   0.0000000   0.0000108   0.0000000   0.0000000   0.0000000   0.0000000   0.0000000   0.0000000
R 0 1  65  0  2  6    0.0000000   0.0000000   0.0000000   0.0000000   0.0000000   0.0000000   0.0000000   0.0000000   0.0000000   0.0000000   0.0000000   0.0000000
R 0 1  65  0  2  7    0.0000000   0.0000000   0.0000000   0.0000000   0.0000000   0.0000000   0.0000000   0.0000120   0.0000000   0.0000000   0.0000000   0.0000000
R 0 1  65  0  2  8    0.0000000   0.0000000   0.0000000   0.0000000   0.0000000   0.0000000   0.0000000   0.0000000   0.0000000   0.0000206   0.0000000   0.0000000
R 0 1  65  0  2  9    0.0000000   0.0000000   0.0000000   0.0000000   0.0000000   0.0000000   0.0000000   0.0000311   0.0000000   0.0000148   0.0000000   0.0000000
R 0 1  65  0  2 10    0.0000000   0.0000000   0.0000000   0.0000000   0.0000000   0.0000000   0.0000923   0.0000000   0.0000000   0.0000000   0.0000000   0.0000000
R 0 1  65  0  3  0    1.0586239   1.0586239   1.0444153   1.0290028   0.9925034   0.9844222   0.9818122   0.9836933   0.9836933   0.9836933   0.9836933   0.9836933
R 0 1  65  0  3  1    1.0039827   1.0039827   1.0039827   1.0039827   0.9987403   0.9860518   0.9790659   0.9789528   0.9789528   0.9789528   0.9789528   0.9789528
R 0 1  65  0  3  2    1.0255633   1.0255633   1.0255633   1.0255633   1.0035142   0.9856521   0.9820322   0.9812520   0.9812520   0.9812520   0.9812520   0.9812520
R 0 1  65  0  3  3    1.0058407   1.0058407   1.0058407   1.0058407   0.9984612   0.9867269   0.9817755   0.9820407   0.9820407   0.9820407   0.9820407   0.9820407
R 0 1  65  0  3  4    1.0086949   1.0086949   1.0086949   0.9853309   0.9767698   0.9731921   0.9770063   0.9900692   0.9900692   0.9900692   0.9900692   0.9900692
R 0 1  65  0  3  5    1.0297485   1.0297485   0.9921908   0.9871455   0.9753538   0.9722907   0.9744143   0.9744143   0.9744143   0.9744143   0.9744143   0.9744143
R 0 1  65  0  3  6    1.0268483   1.0268483   1.0268483   1.0062214   0.9872370   0.9852597   0.9830628   0.9881538   0.9881538   0.9881538   0.9881538   0.9881538
R 0 1  65  0  3  7    1.0489713   1.0489713   1.0489713   1.0489713   1.0381334   0.9991875   0.9870932   0.9854479   0.9871764   0.9900192   0.9900192   0.9900192
R 0 1  65  0  3  8    1.0123943   1.0123943   1.0123943   1.0123943   1.0123943   1.0123943   1.0123943   0.9953272   0.9835185   0.9841009   0.9909904   1.0157468
R 0 1  65  0  3  9    1.0179201   1.0179201   1.0179201   1.0179201   1.0179201   1.0179201   0.9900001   0.9779228   0.9726611   0.9846509   1.0121787   1.0121787
R 0 1  65  0  3 10    1.0283599   1.0343622   1.0258311   0.9872445   0.9801699   0.9691710   0.9652158   0.9695102   0.9915108   1.0138319   1.0138319   1.0138319
R 0 1  65  0  4  0    1.1739569   1.1739569   1.4583501   2.1976840   2.2402272   2.2999458   2.2536680   2.3034101   2.3034101   2.3034101   2.3034101   2.3034101
R 0 1  65  0  4  1    1.9741427   1.9741427   1.9741427   1.9741427   2.1420575   2.2519631   2.2044607   2.2121184   2.2121184   2.2121184   2.2121184   2.2121184
R 0 1  65  0  4  2    2.0000736   2.0000736   2.0000736   2.0000736   2.2401371   2.2257397   2.2434699   2.2438112   2.2438112   2.2438112   2.2438112   2.2438112
R 0 1  65  0  4  3    1.8563421   1.8563421   1.8563421   1.8563421   2.2501372   2.2893880   2.2438494   2.2340225   2.2340225   2.2340225   2.2340225   2.2340225
R 0 1  65  0  4  4    1.9053128   1.9053128   1.9053128   1.9910056   2.0795928   2.0839223   2.1822539   2.3541463   2.3541463   2.3541463   2.3541463   2.3541463
R 0 1  65  0  4  5    1.7438069   1.7438069   1.9649559   2.1846080   2.0936017   2.0841271   1.9734745   1.9734745   1.9734745   1.9734745   1.9734745   1.9734745
R 0 1  65  0  4  6    1.8508344   1.8508344   1.8508344   2.1609657   2.2843865   2.3711595   2.3367414   2.2822471   2.2822471   2.2822471   2.2822471   2.2822471
R 0 1  65  0  4  7    1.7882976   1.7882976   1.7882976   1.7882976   2.1392076   2.3013736   2.3206440   2.3558931   2.3792579   2.3488922   2.3488922   2.3488922
R 0 1  65  0  4  8    2.1618301   2.1618301   2.1618301   2.1618301   2.1618301   2.1618301   2.1618301   2.2707837   2.1931373   2.2822718   2.3743278   2.2580707
R 0 1  65  0  4  9    1.9930669   1.9930669   1.9930669   1.9930669   1.9930669   1.9930669   2.0755444   2.0800468   2.0376265   2.1985400   2.2083264   2.2083264
R 0 1  65  0  4 10    1.9957011   2.2552775   2.1088392   1.8331097   2.0043329   1.9671650   1.9445797   1.9464646   2.0078958   2.0481438   2.0481438   2.0481438
R 0 1  65  0  5  0   35.3416115  35.3416115   6.6562935   3.0235954   3.8429085   3.6805379   4.1065806   3.8267929   3.8267929   3.8267929   3.8267929   3.8267929
R 0 1  65  0  5  1    3.6854163   3.6854163   3.6854163   3.6854163   4.0565266   3.9064135   4.3747149   4.2129109   4.2129109   4.2129109   4.2129109   4.2129109
R 0 1  65  0  5  2    3.4246349   3.4246349   3.4246349   3.4246349   3.8881142   4.0899805   4.1300179   4.2491515   4.2491515   4.2491515   4.2491515   4.2491515
R 0 1  65  0  5  3    4.7010290   4.7010290   4.7010290   4.7010290   3.9055411   3.7567570   4.2589997   4.3661509   4.3661509   4.3661509   4.3661509   4.3661509
R 0 1  65  0  5  4    4.6972306   4.6972306   4.6972306   5.0017261   5.1960471   5.0271743   4.1022249   3.2139029   3.2139029   3.2139029   3.2139029   3.2139029
R 0 1  65  0  5  5    4.7579122   4.7579122   6.2781665   4.4733241   5.3901980   4.7028615   4.4713690   4.4713690   4.4713690   4.4713690   4.4713690   4.4713690
R 0 1  65  0  5  6    3.4809902   3.4809902   3.4809902   4.1868495   3.6857799   2.8932817   2.4424041   1.9722655   1.9722655   1.9722655   1.9722655   1.9722655
R 0 1  65  0  5  7    4.3023925   4.3023925   4.3023925   4.3023925   4.5935546   3.2430443   3.0799428   2.8226992   2.6136720   2.1211962   2.1211962   2.1211962
R 0 1  65  0  5  8    4.6893652   4.6893652   4.6893652   4.6893652   4.6893652   4.6893652   4.6893652   4.2455702   4.9439971   4.1746093   3.2631226   4.1972985
R 0 1  65  0  5  9    6.0527801   6.0527801   6.0527801   6.0527801   6.0527801   6.0527801   6.2677465   5.5644321   6.6425127   5.3501120   5.9065951   5.9065951
R 0 1  65  0  5 10    5.7065676   3.9888070   3.6208887   6.6911434   5.2090849   6.6792577   7.8092361   8.5105777   7.6491323   6.9848741   6.9848741   6.9848741
F  0  1  65  0  0  0    0.9950645   1.0565667   0.9940260   1.0305595   0.9505977   1.0015783   0.9926627   0.9912166   0.9989150   0.9802316   0.9836871
F  0  1  65  1  0  0    1.0619419   1.0744789   1.0546299   1.0713055   1.0208366   1.0795868   1.0788061   1.0505824   1.0434938   1.0560018   1.0880178
C  0  1  65  0  0  0  -0.2401336 -0.1269313 -0.1873263 -0.4720654 -0.1999869 -0.1402674 -0.0328063 -0.2964121 -0.4130005 -0.3156859 -0.1862445 -0.3411669 -0.0657351 -0.2667523 -0.2606375 -0.0723390
C  0  1  65  0  0  1  -0.1202333 -0.2431119 -0.1062192 -0.1589109 -0.1574372 -0.0135253 -0.2049671 -0.0887504 -0.0262840 -0.2061909 -0.0435610 -0.1154696 -0.0515047 -0.0643848 -0.0897700 -0.0466741
C  0  1  65  0  0  2  -0.1474059 -0.1499428 -0.1612996 -0.1616558 -0.0307844 -0.1494049 -0.0523116 -0.1524148  0.0622250 -0.1060282 -0.0144598 -0.1158453 -0.0566547  0.0046475 -0.0655976 -0.0558032
C  0  1  65  0  0  3  -0.0084045 -0.0322372 -0.0831976 -0.1186992 -0.0186712 -0.0969208 -0.1232656 -0.0778318 -0.0782994  0.0133648 -0.0661552 -0.0122358 -0.2205940 -0.0356811 -0.1508818 -0.0310619
C  0  1  65  0  0  4  -0.0439786 -0.1216148 -0.0708726 -0.0335189 -0.2164545 -0.0527314 -0.0236443 -0.0956240 -0.0040339 -0.1038032 -0.0716868 -0.0478480 -0.1286919 -0.0728931 -0.0239904 -0.0653447
C  0  1  65  0  0  5  -0.0785408 -0.0616611 -0.0685430 -0.0420640  0.0189484 -0.0276467 -0.0639185 -0.1091069  0.0413314  0.0264554 -0.0263926  0.0427912 -0.0085392  0.0160496 -0.0065695 -0.0322377
C  0  1  65  0  0  6  -0.0358384  0.1764594  0.0840667 -0.0056089 -0.0371357 -0.0381085 -0.1118900 -0.0272580 -0.1045031 -0.0348171  0.0094665  0.0511853 -0.0441877 -0.0214461  0.0459404  0.0163203
C  0  1  65  0  0  7  -0.1564067  0.0407011  0.0200268 -0.0492405 -0.0027383 -0.0536120  0.0526117 -0.0582672 -0.0277281 -0.0138729  0.0903803 -0.0864386 -0.0659048  0.0081371 -0.0311490  0.0810872
C  0  1  65  0  0  8  -0.0360031  0.0568645  0.0453619 -0.0151356 -0.0634079  0.0394616 -0.0247863 -0.0530702  0.0060935  0.0617962  0.0049635  0.0572895  0.0132966  0.0563458 -0.0660899 -0.0142057
C  0  1  65  0  0  9  -0.0226451 -0.0345226 -0.0594258  0.0151361 -0.0223371  0.0237049 -0.1172514  0.0727383 -0.0542143 -0.0287828 -0.0157049  0.0547109  0.0151556  0.0296022  0.0011184  0.0329746
C  0  1  65  0  0 10  -0.0395610 -0.0399953  0.0846280  0.0235364 -0.0245085 -0.0304310 -0.0400656 -0.0593036  0.0096273 -0.0340540  0.0313847  0.0958274  0.0266818  0.0404894  0.0325910  0.0224255
C  0  1  65  0  0 11  -0.0273069 -0.0103377 -0.0211338  0.0388204 -0.0245402  0.0338554  0.0640830  0.0853790  0.0134706  0.0529865  0.0257167  0.0444331  0.0373800  0.0236948  0.0257422 -0.0171875
C  0  1  65  0  0 12   0.0303551 -0.0424969  0.0094578  0.0170813  0.0212688  0.0647867 -0.0491293  0.0303657  0.0016498  0.0403741  0.0467224  0.0288836 -0.0802834 -0.0206890  0.0537591  0.0482834
C  0  1  65  0  0 13  -0.0537756 -0.1191847  0.0096499 -0.0360089 -0.0007986 -0.0578740 -0.0169214 -0.0139560  0.0211613  0.0346514  0.0013304  0.0231309 -0.0114050  0.0780483 -0.0239830  0.0802311
C  0  1  65  0  0 14   0.0235454 -0.0129940 -0.0487090 -0.0463646 -0.0212749 -0.0696811 -0.0691912  0.0150823  0.0753027  0.0385277  0.0882985 -0.0907002  0.0173616  0.0146781 -0.0689688 -0.0598762
C  0  1  65  0  0 15  -0.0485444 -0.0328843 -0.0630222 -0.0190529 -0.0058893 -0.1137404 -0.0156536  0.0459961 -0.0217234 -0.0093434 -0.0093534 -0.0290043 -0.0619632  0.0346227 -0.0689291 -0.0213639
C  0  1  65  0  0 16   0.0463154  0.0619453 -0.0557063 -0.0378912 -0.0484365 -0.0649829 -0.0326801  0.0477632 -0.1933372  0.1384206 -0.0312965 -0.0800863 -0.0611462 -0.0720163 -0.1378672 -0.0703729
C  0  1  65  0  0 17  -0.0910646 -0.1984122 -0.1104578 -0.0689523 -0.1874796 -0.1131151 -0.0341351  0.0083779 -0.0172898 -0.0949605  0.1024681 -0.0376824 -0.1038940 -0.2019983 -0.0718609  0.0383589
C  0  1  65  0  0 18  -0.1911133 -0.0775443 -0.0184722 -0.1359792 -0.1824572  0.0144808 -0.0535761  0.0217110 -0.0510071  0.0068001 -0.0840500 -0.0313497  0.0042370 -0.0638541 -0.1632036 -0.0345609
C  0  1  65  0  0 19   0.1002026 -0.1407169 -0.2920232 -0.0398953 -0.1104345 -0.0233434 -0.1237192 -0.0644149 -0.1389300 -0.0334171  0.0449928 -0.0897919 -0.1073218 -0.0151022 -0.1184779 -0.0733601
C  0  1  65  0  0 20  -0.0641389 -0.1358150 -0.1043177  0.0116402 -0.2012564 -0.0966032 -0.1913165 -0.1909112 -0.0283075 -0.1224160 -0.0968456  0.0007329 -0.0799880 -0.1570233  0.0405410 -0.1850942
C  0  1  65  0  0 21  -0.1393610 -0.1833933 -0.3078331 -0.1582722 -0.1803380 -0.0675430 -0.1607447 -0.0778353 -0.2371644 -0.1142812 -0.1759428 -0.1614104 -0.4492374 -0.3226514 -0.3081693 -0.3437573
C  0  1  65  0  1  0  -0.0016618 -0.0001458  0.0018424 -0.0007090  0.0002711  0.0050373 -0.0002251  0.0012381  0.0053887 -0.0011382 -0.0047096  0.0003753  0.0080471  0.0033102  0.0054175  0.0040342
C  0  1  65  0  1  1   0.0025366  0.0008754 -0.0007981  0.0005396 -0.0021436 -0.0008864  0.0026221  0.0004130  0.0032005  0.0000385 -0.0019262 -0.0014532  0.0026725  0.0031061  0.0039135  0.0053505
C  0  1  65  0  1  2   0.0022929 -0.0030177  0.0008394  0.0007470 -0.0009950  0.0002333  0.0013340  0.0004723  0.0006430  0.0013333 -0.0009702  0.0003361  0.0034772 -0.0016895 -0.0013364  0.0001888
C  0  1  65  0  1  3   0.0039338 -0.0029733 -0.0001794 -0.0021442 -0.0013658  0.0029116  0.0030424 -0.0024791 -0.0022870 -0.0041626 -0.0036274 -0.0004745 -0.0005078 -0.0002103  0.0001783  0.0010361
C  0  1  65  0  1  4   0.0040222 -0.0020622 -0.0018774 -0.0001979  0.0018479 -0.0003793  0.0013540  0.0012193  0.0006980  0.0002836  0.0003856 -0.0008571  0.0019926  0.0014949 -0.0003144 -0.0021779
C  0  1  65  0  1  5   0.0009562  0.0010358 -0.0025888  0.0010406 -0.0001310 -0.0012356 -0.0006589  0.0001672  0.0000108  0.0012850  0.0025317 -0.0021708 -0.0018552  0.0007302 -0.0004807 -0.0011309
C  0  1  65  0  1  6   0.0044130 -0.0018232 -0.0000619  0.0023685  0.0013115  0.0027863 -0.0008234  0.0003207  0.0015024 -0.0009248 -0.0002765 -0.0004349 -0.0006228 -0.0015797  0.0011532  0.0006624
C  0  1  65  0  1  7   0.0012972  0.0006475 -0.0016553 -0.0005485  0.0023910  0.0004288 -0.0008219  0.0011493  0.0003845 -0.0016897 -0.0000213 -0.0018069 -0.0016880  0.0009129  0.0002849  0.0002783
C  0  1  65  0  1  8   0.0027660  0.0020044 -0.0011549  0.0004322  0.0001214  0.0028236  0.0009983 -0.0012565  0.0021917 -0.0001379  0.0018539 -0.0013593 -0.0010430  0.0004962  0.0015862 -0.0000398
C  0  1  65  0  1  9  -0.0009825  0.0004587  0.0029338  0.0002218 -0.0006443  0.0010445  0.0008891  0.0005858 -0.0004152 -0.0006746 -0.0007338 -0.0019706 -0.0008539 -0.0000494 -0.0008640  0.0025056
C  0  1  65  0  1 10   0.0024320 -0.0002224  0.0015757  0.0007725  0.0020193 -0.0000988  0.0017319  0.0008232 -0.0014056 -0.0020683  0.0001783 -0.0002610 -0.0009838 -0.0016767 -0.0004111  0.0015321
C  0  1  65  0  1 11   0.0005978  0.0000477 -0.0011258  0.0010563 -0.0001167  0.0011588 -0.0033106 -0.0016176 -0.0019183  0.0011851 -0.0001778 -0.0010694  0.0020196 -0.0006878 -0.0010997 -0.0000079
C  0  1  65  0  1 12   0.0000474  0.0004425  0.0015989 -0.0007694  0.0012665  0.0004051  0.0018940 -0.0005500  0.0005548  0.0001911 -0.0002894  0.0022263  0.0018777  0.0000059  0.0017025  0.0007120
C  0  1  65  0  1 13   0.0041539 -0.0009704  0.0026550  0.0005406  0.0033501  0.0006844 -0.0010186  0.0012154 -0.0005981 -0.0003586 -0.0009632 -0.0028188 -0.0005566  0.0016222 -0.0015853  0.0014385
C  0  1  65  0  1 14   0.0019905  0.0021126  0.0022016 -0.0001194 -0.0013157  0.0028874  0.0000439  0.0017724  0.0009412  0.0003328  0.0003198 -0.0001504  0.0019847  0.0013906 -0.0014500  0.0018316
C  0  1  65  0  1 15   0.0032667  0.0018153  0.0003153 -0.0000607  0.0017377  0.0016615  0.0006424 -0.0019599 -0.0000826  0.0008442 -0.0002648  0.0002305  0.0000866 -0.0007432 -0.0000959  0.0003972
C  0  1  65  0  1 16   0.0032682  0.0010165  0.0005676  0.0040700 -0.0005500  0.0027990  0.0006340  0.0005474  0.0022808  0.0004197 -0.0001810  0.0024727  0.0004273  0.0033947  0.0035158  0.0026485
C  0  1  65  0  1 17   0.0014506 -0.0032065 -0.0005267  0.0040427  0.0007370  0.0042125 -0.0005838  0.0007293  0.0021691  0.0001758  0.0027772 -0.0010307 -0.0002840  0.0002141  0.0062310  0.0033395
C  0  1  65  0  1 18   0.0052408  0.0036480  0.0017646  0.0007116  0.0013858  0.0020125  0.0024939  0.0037324 -0.0006197  0.0018509  0.0039369  0.0020911  0.0011932 -0.0011087  0.0037579  0.0046960
C  0  1  65  0  1 19   0.0043915  0.0037000  0.0032457  0.0016082 -0.0008100 -0.0007151  0.0032004  0.0029053  0.0041320  0.0023519  0.0009589 -0.0014974  0.0009589  0.0026928  0.0038626  0.0080053
C  0  1  65  0  1 20   0.0060914  0.0086005  0.0046727  0.0029287  0.0013824  0.0032064  0.0025720  0.0033418  0.0031498  0.0021345  0.0010318 -0.0009712  0.0046929  0.0031142  0.0062543  0.0040999
C  0  1  65  0  1 21   0.0130441  0.0098096  0.0053427 -0.0026903 -0.0033106 -0.0055426 -0.0071852 -0.0029809 -0.0013069  0.0003478  0.0002666  0.0054937  0.0008594  0.0042928  0.0099674  0.0089158
C  0  1  65  1  0  0  -0.4228438 -0.4244384 -0.3528047 -0.3377072 -0.1862716 -0.4577651 -0.3448278 -0.2673523 -0.2690319 -0.3082429 -0.3749391 -0.3876471 -0.4601226 -0.3702115 -0.3539789 -0.4816860
C  0  1  65  1  0  1  -0.3036420 -0.2876783 -0.2278808 -0.2638866 -0.3420821 -0.2653360 -0.2935275 -0.2407345 -0.2282861 -0.2373012 -0.2610505 -0.3185479 -0.3415309 -0.3563149 -0.3241816 -0.3043716
C  0  1  65  1  0  2  -0.3053934 -0.2881281 -0.2773946 -0.2796833 -0.2790384 -0.2226373 -0.2587419 -0.2685762 -0.1921186 -0.1986597 -0.2852334 -0.3115867 -0.3069514 -0.3481373 -0.2855352 -0.3766986
C  0  1  65  1  0  3  -0.2681172 -0.2510685 -0.3297257 -0.2670940 -0.2768124 -0.2329982 -0.2037148 -0.1443832 -0.1519620 -0.1854966 -0.2021932 -0.2147715 -0.2673445 -0.2868437 -0.3010025 -0.2715515
C  0  1  65  1  0  4  -0.2805691 -0.2646912 -0.2917476 -0.2308272 -0.2321350 -0.1669889 -0.2011601 -0.2504196 -0.2784147 -0.1931666 -0.2155105 -0.3054856 -0.2853629 -0.2483202 -0.2901839 -0.3143850
C  0  1  65  1  0  5  -0.2170302 -0.1929032 -0.2307497 -0.1398766 -0.1634876 -0.1734107 -0.1903395 -0.1647497 -0.1957464 -0.1844552 -0.1547381 -0.2364420 -0.2454797 -0.1825639 -0.1723709 -0.2111689
C  0  1  65  1  0  6  -0.1496397 -0.1183548 -0.1897716 -0.1913374 -0.1295371 -0.1537062 -0.1525363 -0.1388042 -0.1615488 -0.1343522 -0.0881129 -0.0980668 -0.1459915 -0.1377069 -0.1441532 -0.1797545
C  0  1  65  1  0  7  -0.1338593 -0.1399609 -0.1591662 -0.1435872 -0.1901064 -0.1601580 -0.1596636 -0.1311644 -0.1286146 -0.1187369 -0.1223953 -0.1402012 -0.1883344 -0.1335816 -0.1638469 -0.1126946
C  0  1  65  1  0  8  -0.1818640 -0.0906338 -0.1207340 -0.1306170 -0.1424723 -0.1535009 -0.1344367 -0.1078446 -0.1227922 -0.1238664 -0.1187620 -0.1565064 -0.1353738 -0.1363986 -0.1399756 -0.1916014
C  0  1  65  1  0  9  -0.1427314 -0.1117922 -0.1026742 -0.1370004 -0.1241394 -0.1206109 -0.1109518 -0.1483207 -0.1204153 -0.1491601 -0.0341708 -0.1416291 -0.1368688 -0.1229723 -0.0974112 -0.1470934
C  0  1  65  1  0 10  -0.1493237 -0.1019376 -0.1369924 -0.1163588 -0.1627134 -0.1465105 -0.1574143 -0.1057165 -0.0943985 -0.1348153 -0.1337735 -0.1042520 -0.1087591 -0.1042348 -0.1403388 -0.1146604
C  0  1  65  1  0 11  -0.1120793 -0.1306907 -0.1545022 -0.0833278 -0.1083277 -0.0987696 -0.1105444 -0.0925252 -0.1464701 -0.0657368 -0.0657171 -0.1180292 -0.1086484 -0.1715261 -0.0926041 -0.1029773
C  0  1  65  1  0 12  -0.1127634 -0.1124239 -0.1328474 -0.1123026 -0.1596824 -0.1085619 -0.1602316 -0.2053115 -0.1247635 -0.1043379 -0.0870276 -0.0977969 -0.1042210 -0.0745922 -0.1116095 -0.1154282
C  0  1  65  1  0 13  -0.0870107 -0.1549754 -0.1541035 -0.1287635 -0.1376459 -0.1454211 -0.1487866 -0.1300330 -0.1184285 -0.1019262 -0.1328618 -0.1025964 -0.1272076 -0.1253217 -0.1308335 -0.1105857
C  0  1  65  1  0 14  -0.0991123 -0.1602538 -0.1004396 -0.1137150 -0.1846342 -0.1460773 -0.1636472 -0.1800748 -0.1405945 -0.1684754 -0.1097133 -0.1753348 -0.1593403 -0.1166702 -0.1416107 -0.1619986
C  0  1  65  1  0 15  -0.1104726 -0.1648488 -0.1514123 -0.1295676 -0.1997890 -0.1058849 -0.1824962 -0.1818414 -0.1469384 -0.0921086 -0.0939705 -0.1725663 -0.1308177 -0.1176307 -0.0914390 -0.1462544
C  0  1  65  1  0 16  -0.1949130 -0.1867721 -0.1666409 -0.1759783 -0.1624425 -0.1797276 -0.1898652 -0.1836280 -0.1623997 -0.2209469 -0.1271036 -0.1623690 -0.1257459 -0.1920620 -0.1416378 -0.1596841
C  0  1  65  1  0 17  -0.2644798 -0.2689315 -0.2475907 -0.2794309 -0.2296229 -0.2059399 -0.2395456 -0.2543880 -0.2055497 -0.2748110 -0.1711302 -0.2050060 -0.1879161 -0.2731211 -0.2586969 -0.2147816
C  0  1  65  1  0 18  -0.2438148 -0.1853920 -0.2218777 -0.2158919 -0.2659321 -0.2291565 -0.2387396 -0.2403996 -0.2290038 -0.2493673 -0.2839679 -0.2449990 -0.2555853 -0.1777539 -0.1964393 -0.1992702
C  0  1  65  1  0 19  -0.2814604 -0.2948260 -0.2966282 -0.3002717 -0.2593335 -0.3213053 -0.2346074 -0.2440072 -0.2425446 -0.2442006 -0.2219957 -0.2944129 -0.2531035 -0.2714449 -0.2614124 -0.2050273
C  0  1  65  1  0 20  -0.2919848 -0.2820938 -0.3118306 -0.3185035 -0.2457197 -0.2239433 -0.2569823 -0.2993133 -0.3032350 -0.2853550 -0.2977556 -0.2538316 -0.3198742 -0.2457943 -0.2478816 -0.2586653
C  0  1  65  1  0 21  -0.3679839 -0.3407249 -0.2907971 -0.3665331 -0.3963722 -0.2773943 -0.2759734 -0.4008468 -0.3904873 -0.3599629 -0.3017417 -0.4019782 -0.2219712 -0.2776708 -0.3856780 -0.5208349
C  0  1  65  1  1  0   0.0456432  0.0499916  0.0387122  0.0238238  0.0025730 -0.0215931 -0.0340387 -0.0429102 -0.0451074 -0.0355033 -0.0331102 -0.0160266  0.0024475  0.0070743  0.0241660  0.0376586
C  0  1  65  1  1  1   0.0231233  0.0219038  0.0187337  0.0109929  0.0022747 -0.0077119 -0.0149090 -0.0187172 -0.0163482 -0.0140494 -0.0142152 -0.0081711  0.0047957  0.0096105  0.0118926  0.0236674
C  0  1  65  1  1  2   0.0119361  0.0129693  0.0102347  0.0056716  0.0019181 -0.0032224 -0.0071547 -0.0083732 -0.0093132 -0.0054474 -0.0043078 -0.0035484  0.0001624  0.0034960  0.0051961  0.0114714
C  0  1  65  1  1  3   0.0083174  0.0073171  0.0023725  0.0037960  0.0008691  0.0011455 -0.0034650 -0.0020722  0.0007443  0.0010765 -0.0015280 -0.0015089  0.0014821  0.0018248  0.0020968  0.0063104
C  0  1  65  1  1  4   0.0025690  0.0023228 -0.0001370 -0.0002963  0.0031862  0.0024702  0.0012123  0.0007163  0.0035605  0.0022233 -0.0009673 -0.0010162  0.0019258  0.0003953  0.0037918  0.0020559
C  0  1  65  1  1  5   0.0007423  0.0005553 -0.0004253  0.0037540  0.0034921  0.0036479  0.0031349  0.0039357  0.0054434  0.0019562 -0.0004542 -0.0016163  0.0013903  0.0027352  0.0011577 -0.0003750
C  0  1  65  1  1  6   0.0008496  0.0019184  0.0011255  0.0049789  0.0047048  0.0033222  0.0054688  0.0039633  0.0043738  0.0012353  0.0002335  0.0002275  0.0010320  0.0012675  0.0003879 -0.0009179
C  0  1  65  1  1  7  -0.0011588  0.0018118  0.0018385  0.0039834  0.0036037  0.0038235  0.0054248  0.0031233  0.0034390  0.0008613 -0.0007187 -0.0003885  0.0015505  0.0006619  0.0008916 -0.0028770
C  0  1  65  1  1  8  -0.0016247  0.0007341  0.0022607  0.0019523  0.0046959  0.0031570  0.0044188  0.0049629  0.0044755  0.0003760  0.0009973 -0.0006322  0.0004557  0.0014426  0.0015391 -0.0008964
C  0  1  65  1  1  9   0.0017459  0.0025226  0.0017383  0.0032533  0.0018570  0.0024641  0.0033679  0.0034679  0.0027579 -0.0006878  0.0014413  0.0007651 -0.0001012 -0.0001518 -0.0007975 -0.0024287
C  0  1  65  1  1 10  -0.0001549  0.0015830  0.0011256  0.0016716  0.0018604  0.0015193  0.0020404  0.0029271  0.0028330  0.0005722 -0.0008536  0.0006409 -0.0008863  0.0006636  0.0014957 -0.0015769
C  0  1  65  1  1 11  -0.0003926  0.0014353  0.0015223  0.0014473  0.0017346  0.0002405  0.0012721  0.0022936  0.0024609  0.0010654 -0.0016701 -0.0007757 -0.0008437 -0.0001815  0.0000673 -0.0014361
C  0  1  65  1  1 12   0.0001413  0.0015249  0.0030779  0.0034979  0.0021140  0.0019599  0.0002739  0.0024928  0.0034441  0.0005584  0.0006304  0.0006681  0.0006954 -0.0010085  0.0010373 -0.0009203
C  0  1  65  1  1 13   0.0002597  0.0020262  0.0016531  0.0036874  0.0027354  0.0026585  0.0038448  0.0058217  0.0050892  0.0015567  0.0006318 -0.0001259 -0.0013675 -0.0027185  0.0004486 -0.0017737
C  0  1  65  1  1 14  -0.0007935  0.0010827  0.0021924  0.0033369  0.0038314  0.0023516  0.0037357  0.0060677  0.0049159  0.0012516  0.0010781 -0.0004656 -0.0018515 -0.0015990 -0.0020577 -0.0024325
C  0  1  65  1  1 15  -0.0015124  0.0010201  0.0026497  0.0041969  0.0019608 -0.0007769  0.0031168  0.0030721  0.0046693  0.0023688  0.0021846 -0.0002275 -0.0037811 -0.0058975 -0.0053397 -0.0046737
C  0  1  65  1  1 16  -0.0013313  0.0013447  0.0035391  0.0036222  0.0025600  0.0014849  0.0034592  0.0033531  0.0044851  0.0054948  0.0034047  0.0032200 -0.0016762 -0.0023234 -0.0047360 -0.0049993
C  0  1  65  1  1 17  -0.0040990  0.0018669  0.0021467  0.0064983  0.0006494 -0.0017866  0.0010920  0.0031982  0.0039333  0.0031574  0.0041321  0.0013957 -0.0011029 -0.0038796 -0.0050153 -0.0057778
C  0  1  65  1  1 18  -0.0006027  0.0071679  0.0049968  0.0064046  0.0038040 -0.0009204 -0.0030580 -0.0006310  0.0035167  0.0049357  0.0029784  0.0015742 -0.0010516 -0.0031173 -0.0057480 -0.0036898
C  0  1  65  1  1 19   0.0019971  0.0085273  0.0122287  0.0099376  0.0068761  0.0020228 -0.0028918 -0.0014729  0.0032697  0.0047666  0.0021780 -0.0000116 -0.0026962 -0.0039213 -0.0049912 -0.0014161
C  0  1  65  1  1 20   0.0011834  0.0146949  0.0188066  0.0121773  0.0064454  0.0029936 -0.0029204  0.0013305  0.0030981  0.0077102  0.0017047 -0.0015337 -0.0066724 -0.0081196 -0.0058503 -0.0043918
C  0  1  65  1  1 21   0.0091810  0.0222591  0.0292656  0.0223771  0.0164818  0.0149216  0.0111414  0.0094726  0.0124702  0.0141693  0.0018929 -0.0030953 -0.0096721 -0.0166280 -0.0066659 -0.0001276
