CPHI 16 
CETA 22 -2.40 -2.10 -1.85 -1.60 -1.40 -1.20 -1.00 -0.80 -0.60 -0.40 -0.20  0.00  0.20  0.40  0.60  0.80  1.00  1.20  1.40  1.60  1.85  2.10  2.40 
RMIN  6 
RTRK 12 
RETA 11  0.00  0.20  0.40  0.60  0.80  1.00  1.20  1.40  1.60  1.85  2.10  2.40 
T 0 1  66  0  0  0    0.0000000   0.0006294   0.0017363   0.0032906   0.0122599   0.0691830   0.2779868   0.6535101   1.0000000   1.0000000   1.0000000   1.0000000   1.0000000
T 0 1  66  0  0  1    0.0000000   0.0001486   0.0005789   0.0024196   0.0124310   0.0591683   0.2267880   0.5894716   1.0000000   1.0000000   1.0000000   1.0000000   1.0000000
T 0 1  66  0  0  2    0.0000000   0.0001266   0.0005062   0.0017228   0.0106363   0.0554325   0.2091902   0.5740076   1.0000000   1.0000000   1.0000000   1.0000000   1.0000000
T 0 1  66  0  0  3    0.0000000   0.0002056   0.0005898   0.0017408   0.0117640   0.0628239   0.2262746   0.5867110   1.0000000   1.0000000   1.0000000   1.0000000   1.0000000
T 0 1  66  0  0  4    0.0000000   0.0003828   0.0026021   0.0143477   0.0631960   0.2046527   0.4885910   0.8208924   1.0000000   1.0000000   1.0000000   1.0000000   1.0000000
T 0 1  66  0  0  5    0.0000000   0.0009793   0.0073266   0.0508996   0.2049763   0.5318410   0.8758323   0.9994250   1.0000000   1.0000000   1.0000000   1.0000000   1.0000000
T 0 1  66  0  0  6    0.0000000   0.0003475   0.0013065   0.0104672   0.0676793   0.2770925   0.6629997   0.9310631   0.9982190   0.9999994   1.0000000   1.0000000   1.0000000
T 0 1  66  0  0  7    0.0000000   0.0000728   0.0004059   0.0008992   0.0050223   0.0309230   0.1186618   0.2971550   0.5812132   0.8689516   0.9837758   0.9998846   1.0000000
T 0 1  66  0  0  8    0.0000000   0.0000038   0.0000340   0.0001250   0.0003766   0.0009530   0.0041514   0.0249602   0.1188776   0.3940061   0.7898690   0.9693776   1.0000000
T 0 1  66  0  0  9    0.0000000   0.0000098   0.0000113   0.0000371   0.0005645   0.0034688   0.0185994   0.0864992   0.3022032   0.6590722   0.9388520   0.9999242   1.0000000
T 0 1  66  0  0 10    0.0000000   0.0064930   0.0288263   0.0462673   0.0797565   0.1688151   0.3382236   0.6896309   0.9103433   0.9704746   0.9998339   1.0000000   1.0000000
T 0 1  66  1  0  0    0.0000000   0.0005148   0.0016399   0.0047460   0.0213440   0.1017716   0.3374237   0.6994022   1.0000000   1.0000000   1.0000000   1.0000000   1.0000000
T 0 1  66  1  0  1    0.0000000   0.0002633   0.0010891   0.0042307   0.0181163   0.0752157   0.2537985   0.6193956   1.0000000   1.0000000   1.0000000   1.0000000   1.0000000
T 0 1  66  1  0  2    0.0000000   0.0002194   0.0008486   0.0027728   0.0124455   0.0616642   0.2339277   0.6064318   1.0000000   1.0000000   1.0000000   1.0000000   1.0000000
T 0 1  66  1  0  3    0.0000000   0.0002283   0.0008669   0.0027852   0.0140251   0.0700545   0.2491207   0.6198491   1.0000000   1.0000000   1.0000000   1.0000000   1.0000000
T 0 1  66  1  0  4    0.0000000   0.0004356   0.0027620   0.0153929   0.0663357   0.2155446   0.5058694   0.8320271   1.0000000   1.0000000   1.0000000   1.0000000   1.0000000
T 0 1  66  1  0  5    0.0000000   0.0011873   0.0094478   0.0577925   0.2246261   0.5586818   0.8900123   0.9996500   1.0000000   1.0000000   1.0000000   1.0000000   1.0000000
T 0 1  66  1  0  6    0.0000000   0.0004626   0.0026649   0.0180020   0.0942133   0.3329130   0.7236541   0.9536823   0.9988141   0.9999984   1.0000000   1.0000000   1.0000000
T 0 1  66  1  0  7    0.0000000   0.0002246   0.0006446   0.0024765   0.0123245   0.0526267   0.1570011   0.3413836   0.6074237   0.8728054   0.9849908   0.9998878   1.0000000
T 0 1  66  1  0  8    0.0000000   0.0009562   0.0014955   0.0017998   0.0022382   0.0036136   0.0107994   0.0452511   0.1686405   0.4573475   0.8251665   0.9710661   1.0000000
T 0 1  66  1  0  9    0.0000000   0.0021003   0.0074838   0.0131257   0.0159362   0.0198461   0.0401951   0.1288935   0.3661962   0.7154288   0.9583841   0.9999941   1.0000000
T 0 1  66  1  0 10    0.0000000   0.0032254   0.0170235   0.0428863   0.0843736   0.1746921   0.3942474   0.7474223   0.9511020   0.9856143   0.9999985   1.0000000   1.0000000
R 0 1  66  0  0  0    0.0222325   0.0222325   0.0114769   0.0106161   0.0103610   0.0101880   0.0100178   0.0098328   0.0098328   0.0098328   0.0098328   0.0098328
R 0 1  66  0  0  1    0.0119742   0.0119742   0.0119742   0.0119742   0.0109460   0.0109072   0.0109681   0.0108624   0.0108624   0.0108624   0.0108624   0.0108624
R 0 1  66  0  0  2    0.0125989   0.0125989   0.0125989   0.0125989   0.0120024   0.0119800   0.0118325   0.0116865   0.0116865   0.0116865   0.0116865   0.0116865
R 0 1  66  0  0  3    0.0133724   0.0133724   0.0133724   0.0133724   0.0127743   0.0125585   0.0123908   0.0122544   0.0122544   0.0122544   0.0122544   0.0122544
R 0 1  66  0  0  4    0.0190379   0.0190379   0.0190379   0.0173883   0.0168752   0.0159320   0.0145230   0.0130789   0.0130789   0.0130789   0.0130789   0.0130789
R 0 1  66  0  0  5    0.0204969   0.0204969   0.0193785   0.0191649   0.0187730   0.0180317   0.0168639   0.0168639   0.0168639   0.0168639   0.0168639   0.0168639
R 0 1  66  0  0  6    0.0201659   0.0201659   0.0201659   0.0202702   0.0207365   0.0207050   0.0207696   0.0205700   0.0205700   0.0205700   0.0205700   0.0205700
R 0 1  66  0  0  7    0.0202842   0.0202842   0.0202842   0.0202842   0.0202189   0.0211431   0.0211241   0.0209623   0.0205884   0.0197413   0.0197413   0.0197413
R 0 1  66  0  0  8    0.0212174   0.0212174   0.0212174   0.0212174   0.0212174   0.0212174   0.0212174   0.0210461   0.0209977   0.0209055   0.0201485   0.0189723
R 0 1  66  0  0  9    0.0310829   0.0310829   0.0310829   0.0310829   0.0310829   0.0310829   0.0293847   0.0288275   0.0274736   0.0265126   0.0247514   0.0247514
R 0 1  66  0  0 10    0.0766687   0.0708322   0.0623086   0.0538293   0.0470674   0.0440249   0.0409961   0.0356050   0.0335307   0.0306586   0.0306586   0.0306586
R 0 1  66  0  1  0    0.0000000   0.0000000   0.0000000   0.0000692   0.0000837   0.0000798   0.0000742   0.0000649   0.0000649   0.0000649   0.0000649   0.0000649
R 0 1  66  0  1  1    0.0000725   0.0000725   0.0000725   0.0000725   0.0000621   0.0000688   0.0000626   0.0000550   0.0000550   0.0000550   0.0000550   0.0000550
R 0 1  66  0  1  2    0.0000564   0.0000564   0.0000564   0.0000564   0.0000613   0.0000635   0.0000590   0.0000537   0.0000537   0.0000537   0.0000537   0.0000537
R 0 1  66  0  1  3    0.0000564   0.0000564   0.0000564   0.0000564   0.0000615   0.0000555   0.0000560   0.0000495   0.0000495   0.0000495   0.0000495   0.0000495
R 0 1  66  0  1  4    0.0001165   0.0001165   0.0001165   0.0000797   0.0000882   0.0000796   0.0000533   0.0000401   0.0000401   0.0000401   0.0000401   0.0000401
R 0 1  66  0  1  5    0.0001412   0.0001412   0.0000672   0.0000693   0.0000666   0.0000588   0.0000326   0.0000326   0.0000326   0.0000326   0.0000326   0.0000326
R 0 1  66  0  1  6    0.0000323   0.0000323   0.0000323   0.0000428   0.0000585   0.0000568   0.0000512   0.0000290   0.0000290   0.0000290   0.0000290   0.0000290
R 0 1  66  0  1  7    0.0000397   0.0000397   0.0000397   0.0000397   0.0000634   0.0000666   0.0000684   0.0000732   0.0000804   0.0000675   0.0000675   0.0000675
R 0 1  66  0  1  8    0.0001247   0.0001247   0.0001247   0.0001247   0.0001247   0.0001247   0.0001247   0.0001201   0.0001042   0.0000994   0.0000725   0.0000821
R 0 1  66  0  1  9    0.0002188   0.0002188   0.0002188   0.0002188   0.0002188   0.0002188   0.0001886   0.0002060   0.0001820   0.0001492   0.0001195   0.0001195
R 0 1  66  0  1 10    0.0013653   0.0011547   0.0008973   0.0007326   0.0005588   0.0004800   0.0003950   0.0002616   0.0001915   0.0001560   0.0001560   0.0001560
R 0 1  66  0  2  0    0.0000000   0.0000000   0.0000000   0.0000000   0.0000180   0.0000086   0.0000104   0.0000080   0.0000080   0.0000080   0.0000080   0.0000080
R 0 1  66  0  2  1    0.0000000   0.0000000   0.0000000   0.0000000   0.0000000   0.0000075   0.0000057   0.0000181   0.0000181   0.0000181   0.0000181   0.0000181
R 0 1  66  0  2  2    0.0000000   0.0000000   0.0000000   0.0000000   0.0000466   0.0000118   0.0000071   0.0000122   0.0000122   0.0000122   0.0000122   0.0000122
R 0 1  66  0  2  3    0.0000645   0.0000645   0.0000645   0.0000645   0.0000000   0.0000000   0.0000062   0.0000000   0.0000000   0.0000000   0.0000000   0.0000000
R 0 1  66  0  2  4    0.0000000   0.0000000   0.0000000   0.0000000   0.0000000   0.0000000   0.0000000   0.0000079   0.0000079   0.0000079   0.0000079   0.0000079
R 0 1  66  0  2  5    0.0000000   0.0000000   0.0000000   0.0000000   0.0000109   0.0000158   0.0000000   0.0000000   0.0000000   0.0000000   0.0000000   0.0000000
R 0 1  66  0  2  6    0.0000000   0.0000000   0.0000000   0.0000000   0.0000000   0.0000000   0.0000000   0.0000000   0.0000000   0.0000000   0.0000000   0.0000000
R 0 1  66  0  2  7    0.0000000   0.0000000   0.0000000   0.0000000   0.0000000   0.0000000   0.0000000   0.0000000   0.0000000   0.0000000   0.0000000   0.0000000
R 0 1  66  0  2  8    0.0000000   0.0000000   0.0000000   0.0000000   0.0000000   0.0000000   0.0000000   0.0000000   0.0000000   0.0000153   0.0000206   0.0000000
R 0 1  66  0  2  9    0.0000000   0.0000000   0.0000000   0.0000000   0.0000000   0.0000000   0.0000544   0.0000458   0.0000307   0.0000000   0.0000000   0.0000000
R 0 1  66  0  2 10    0.0000000   0.0000000   0.0000000   0.0000000   0.0000000   0.0000602   0.0000461   0.0000660   0.0000000   0.0000000   0.0000000   0.0000000
R 0 1  66  0  3  0    1.1206355   1.1206355   1.1276363   1.0139137   0.9958300   0.9850118   0.9798921   0.9836683   0.9836683   0.9836683   0.9836683   0.9836683
R 0 1  66  0  3  1    1.0249572   1.0249572   1.0249572   1.0249572   0.9945622   0.9836174   0.9797132   0.9777276   0.9777276   0.9777276   0.9777276   0.9777276
R 0 1  66  0  3  2    1.0120749   1.0120749   1.0120749   1.0120749   1.0004992   0.9870767   0.9802532   0.9790902   0.9790902   0.9790902   0.9790902   0.9790902
R 0 1  66  0  3  3    0.9982956   0.9982956   0.9982956   0.9982956   0.9996158   0.9859190   0.9834226   0.9805503   0.9805503   0.9805503   0.9805503   0.9805503
R 0 1  66  0  3  4    1.0198799   1.0198799   1.0198799   0.9925491   0.9815376   0.9751403   0.9781723   0.9915910   0.9915910   0.9915910   0.9915910   0.9915910
R 0 1  66  0  3  5    1.0313893   1.0313893   0.9902515   0.9819920   0.9735093   0.9717906   0.9750881   0.9750881   0.9750881   0.9750881   0.9750881   0.9750881
R 0 1  66  0  3  6    1.0544120   1.0544120   1.0544120   1.0097911   0.9882938   0.9853976   0.9843785   0.9831246   0.9831246   0.9831246   0.9831246   0.9831246
R 0 1  66  0  3  7    1.0993695   1.0993695   1.0993695   1.0993695   1.0486540   0.9985750   0.9920205   0.9878949   0.9875380   0.9883747   0.9883747   0.9883747
R 0 1  66  0  3  8    1.0144357   1.0144357   1.0144357   1.0144357   1.0144357   1.0144357   1.0144357   0.9961668   0.9840212   0.9838449   0.9876270   1.0154667
R 0 1  66  0  3  9    1.0133175   1.0133175   1.0133175   1.0133175   1.0133175   1.0133175   1.0031451   0.9723093   0.9737886   0.9843342   1.0022095   1.0022095
R 0 1  66  0  3 10    1.0640203   1.0408321   1.0249270   0.9886092   0.9741426   0.9709476   0.9657240   0.9666517   1.0076555   1.0065201   1.0065201   1.0065201
R 0 1  66  0  4  0    1.2829454   1.2829454   1.5390477   2.0990831   2.2639736   2.2699655   2.2249533   2.2763475   2.2763475   2.2763475   2.2763475   2.2763475
R 0 1  66  0  4  1    1.9635767   1.9635767   1.9635767   1.9635767   2.1442842   2.2195650   2.2036097   2.1914571   2.1914571   2.1914571   2.1914571   2.1914571
R 0 1  66  0  4  2    1.9123158   1.9123158   1.9123158   1.9123158   2.1594066   2.2734626   2.2280316   2.1970801   2.1970801   2.1970801   2.1970801   2.1970801
R 0 1  66  0  4  3    1.7183051   1.7183051   1.7183051   1.7183051   2.2546887   2.2382655   2.2621980   2.2016387   2.2016387   2.2016387   2.2016387   2.2016387
R 0 1  66  0  4  4    1.8847948   1.8847948   1.8847948   2.0554491   2.1494336   2.0843057   2.2062371   2.3842112   2.3842112   2.3842112   2.3842112   2.3842112
R 0 1  66  0  4  5    1.7892173   1.7892173   2.0359443   2.1704594   2.0893635   2.0752562   2.0031280   2.0031280   2.0031280   2.0031280   2.0031280   2.0031280
R 0 1  66  0  4  6    2.0397309   2.0397309   2.0397309   2.1883445   2.3311803   2.3578981   2.3410754   2.2824837   2.2824837   2.2824837   2.2824837   2.2824837
R 0 1  66  0  4  7    1.7454000   1.7454000   1.7454000   1.7454000   2.3056636   2.3083057   2.3821302   2.3770635   2.4093345   2.3331817   2.3331817   2.3331817
R 0 1  66  0  4  8    2.1328266   2.1328266   2.1328266   2.1328266   2.1328266   2.1328266   2.1328266   2.2767131   2.2538060   2.2745643   2.2930625   2.2905823
R 0 1  66  0  4  9    2.1349590   2.1349590   2.1349590   2.1349590   2.1349590   2.1349590   2.0950781   2.0303704   2.0547656   2.2062924   2.1662912   2.1662912
R 0 1  66  0  4 10    1.9375103   2.2117771   2.0584535   1.8782572   1.9625381   1.9929047   1.9371029   1.9094897   2.1312590   2.0664494   2.0664494   2.0664494
R 0 1  66  0  5  0   14.1731692  14.1731692   6.0313872   3.5484397   3.6065492   3.9592795   4.3453589   3.9289831   3.9289831   3.9289831   3.9289831   3.9289831
R 0 1  66  0  5  1    4.1912488   4.1912488   4.1912488   4.1912488   4.2319795   3.9940892   4.4689681   4.4675675   4.4675675   4.4675675   4.4675675   4.4675675
R 0 1  66  0  5  2    4.0284341   4.0284341   4.0284341   4.0284341   4.4434344   4.0152729   4.0429809   4.5475376   4.5475376   4.5475376   4.5475376   4.5475376
R 0 1  66  0  5  3    5.7893292   5.7893292   5.7893292   5.7893292   3.7882915   4.2628038   4.1215603   4.5199797   4.5199797   4.5199797   4.5199797   4.5199797
R 0 1  66  0  5  4    4.8041298   4.8041298   4.8041298   4.7594808   4.7899269   5.0074979   3.8996540   2.9870961   2.9870961   2.9870961   2.9870961   2.9870961
R 0 1  66  0  5  5    4.6919127   4.6919127   5.5508227   4.6334604   5.3070650   4.6956439   4.1642794   4.1642794   4.1642794   4.1642794   4.1642794   4.1642794
R 0 1  66  0  5  6    3.1173284   3.1173284   3.1173284   4.4825765   3.3044948   2.9713163   2.4385615   1.9537577   1.9537577   1.9537577   1.9537577   1.9537577
R 0 1  66  0  5  7    4.3108654   4.3108654   4.3108654   4.3108654   3.6400149   3.3752997   2.7801906   2.8055764   2.5206632   2.1065621   2.1065621   2.1065621
R 0 1  66  0  5  8    4.8924505   4.8924505   4.8924505   4.8924505   4.8924505   4.8924505   4.8924505   4.2975492   4.4467478   4.2077208   3.5619588   4.1786113
R 0 1  66  0  5  9    4.5554406   4.5554406   4.5554406   4.5554406   4.5554406   4.5554406   6.3761983   6.2094861   6.6795740   5.3040918   6.1740530   6.1740530
R 0 1  66  0  5 10    6.4340942   4.0774068   3.9858684   5.8358925   5.6010281   6.3305731   8.1891669   9.7517378   5.9103538   5.5064209   5.5064209   5.5064209
F  0  1  66  0  0  0    1.0359499   1.0354802   0.9871232   1.0016194   0.9671850   1.0031688   0.9946328   0.9900559   0.9944296   0.9956609   0.9821786
F  0  1  66  1  0  0    1.1026810   1.0554514   1.0582091   1.0497673   1.0465590   1.0899988   1.0835512   1.0629613   1.0445670   1.0721856   1.0837559
C  0  1  66  0  0  0  -0.3931421 -0.0846022 -0.0761121 -0.3344720 -0.3134542 -0.1097944 -0.1944489 -0.3840067 -0.2998559 -0.1501322 -0.2612315 -0.1151451 -0.0760767 -0.2591596 -0.3221971 -0.0970917
C  0  1  66  0  0  1  -0.0840035 -0.2102308 -0.1900624 -0.1936354 -0.1095553 -0.1268885 -0.2240439 -0.1662154  0.0212324 -0.1949511  0.0242352 -0.0696480 -0.2284626 -0.1814529 -0.2161274 -0.0467037
C  0  1  66  0  0  2  -0.1500721 -0.0945589 -0.0338870 -0.1329915  0.0309394 -0.1220739 -0.0029314 -0.0760905  0.0040605 -0.0794176 -0.0250269 -0.0838709 -0.0949164 -0.0638553 -0.0635861 -0.0740426
C  0  1  66  0  0  3   0.0062039 -0.0596519 -0.1377029 -0.0185065 -0.0001596 -0.0640355 -0.1298940  0.0256256 -0.2166544  0.0444216 -0.1532011 -0.0648419 -0.1027740 -0.1503059 -0.1132130 -0.0182240
C  0  1  66  0  0  4   0.0105967 -0.0671046  0.0450365 -0.1755375  0.0217060 -0.0238052 -0.0275734 -0.0373911 -0.0430339 -0.0258848 -0.0848787 -0.1378546 -0.0779150 -0.1709874 -0.0295142 -0.0920505
C  0  1  66  0  0  5  -0.0321351 -0.0102612 -0.1100558  0.0122014 -0.0190928 -0.0183729  0.0899479 -0.0257172 -0.0243067  0.0603824 -0.0227256  0.0320317 -0.0211656 -0.0128478  0.1066713 -0.0392636
C  0  1  66  0  0  6   0.0087765  0.1254293 -0.0102150  0.0532447 -0.0175832  0.0574149 -0.0451134 -0.1170181 -0.0172822 -0.0026907  0.0564611 -0.0273669 -0.1138509 -0.0168190 -0.0427189  0.1048390
C  0  1  66  0  0  7  -0.0762052 -0.0788888  0.0225753 -0.0301279 -0.0328648  0.0576221  0.0314412  0.0239255 -0.0593916 -0.0463762 -0.0421092 -0.0576126 -0.0041297 -0.0381400 -0.0262849  0.0612894
C  0  1  66  0  0  8  -0.0177258  0.0473690  0.0223581  0.0487256  0.0047238  0.0777903  0.0167897 -0.0158807 -0.0145124 -0.0053208 -0.0039496  0.0075109 -0.0315410  0.0433842 -0.0808467 -0.0381638
C  0  1  66  0  0  9  -0.0689194 -0.0131061 -0.0496618  0.0325143  0.0531720 -0.0045917  0.0273134  0.0379587 -0.0403241 -0.0039214  0.0265352  0.0208942 -0.1079080  0.0440872 -0.0715813  0.0044668
C  0  1  66  0  0 10   0.0251443  0.0194347  0.0422953  0.1047919  0.0488730 -0.0127102 -0.0788533 -0.0634186  0.0736975 -0.0870686 -0.0076170  0.0516887 -0.0509270  0.0314430  0.0164923  0.0004053
C  0  1  66  0  0 11  -0.0672889  0.0959646 -0.0287043 -0.0145619  0.0234317  0.1077507  0.0190514  0.0604583  0.0134345  0.0210151  0.0745492 -0.0140631 -0.0272649 -0.0073013  0.0136789  0.0231564
C  0  1  66  0  0 12   0.0927727 -0.0282408  0.0599082 -0.0000337 -0.0265527  0.0059517 -0.0402010 -0.0407195  0.0376095  0.1013472  0.0192821 -0.0066941 -0.0890762  0.0051695 -0.0113143 -0.0097181
C  0  1  66  0  0 13  -0.0540719  0.0181804  0.0214706 -0.0414314  0.0143252  0.0358077 -0.0004752 -0.0541302  0.0598592 -0.0111918  0.0395746 -0.0047178  0.0073362 -0.0292933 -0.0301888  0.0204567
C  0  1  66  0  0 14  -0.0389731 -0.0169862  0.0363984  0.0449760 -0.0445233  0.0027117 -0.0074435 -0.0021565 -0.0184100 -0.0541019  0.1238227 -0.0452912  0.0371982 -0.0089532 -0.0133085 -0.0790627
C  0  1  66  0  0 15  -0.0920613 -0.0447048  0.0199893  0.0554961  0.0077488 -0.0519544  0.0065240  0.0488382  0.0193685  0.0110841 -0.0198650 -0.1463914 -0.0289787 -0.0291605 -0.0711677  0.0815404
C  0  1  66  0  0 16   0.0874594  0.0866202  0.0643599 -0.0089430 -0.0507547 -0.0419087  0.0400873  0.0394758 -0.0076795  0.1686421 -0.0761256 -0.1056291 -0.0707374  0.0178767 -0.0930172 -0.0859205
C  0  1  66  0  0 17  -0.1143591 -0.0684068 -0.0986180 -0.1317753 -0.0780176 -0.0892009  0.0077023 -0.0136535  0.0538300 -0.1046125 -0.0457170  0.0272550 -0.0754621 -0.1809247 -0.1239913 -0.0706332
C  0  1  66  0  0 18  -0.1694886 -0.1740632 -0.0382809 -0.1046791 -0.1676570 -0.0896392 -0.1037183 -0.0675932  0.0211871  0.0419765 -0.0205847 -0.1126776 -0.0624522  0.0214683 -0.1571974 -0.0174276
C  0  1  66  0  0 19  -0.0494683 -0.0319175 -0.1233506  0.0211110 -0.0844606 -0.1392346 -0.1925586 -0.0736994 -0.0664921 -0.0418443 -0.0839150  0.0099911 -0.1094743 -0.0558961 -0.1277178 -0.2078982
C  0  1  66  0  0 20  -0.1272304 -0.1415296 -0.0577637 -0.0353797 -0.1700553 -0.2317780 -0.2646531 -0.0900092 -0.1158325 -0.1283623 -0.2155251 -0.0131896 -0.0353246 -0.1412349 -0.1423207 -0.1895267
C  0  1  66  0  0 21  -0.2244311 -0.2148552 -0.3830576 -0.1263641 -0.1657213 -0.1604199 -0.2716778 -0.0164653 -0.0730240 -0.0270658 -0.2209426 -0.2135869 -0.3426578 -0.4594027 -0.2575697 -0.3077473
C  0  1  66  0  1  0  -0.0044268 -0.0007716 -0.0009890 -0.0018238 -0.0047234 -0.0024205 -0.0009328  0.0035319  0.0038421  0.0006597 -0.0034791  0.0001476  0.0045866  0.0029608  0.0086257  0.0073706
C  0  1  66  0  1  1   0.0000850  0.0001137 -0.0006366 -0.0049332 -0.0003424 -0.0035221  0.0051172  0.0010319  0.0029632 -0.0013660 -0.0024649 -0.0024568 -0.0008912  0.0038184  0.0030092  0.0018581
C  0  1  66  0  1  2   0.0035966  0.0000380  0.0004546 -0.0002070 -0.0009352 -0.0000649 -0.0014428 -0.0008519 -0.0010227  0.0017375 -0.0020841 -0.0026357  0.0007482  0.0005990 -0.0016931  0.0001651
C  0  1  66  0  1  3   0.0036227  0.0003268 -0.0002324 -0.0031701 -0.0013105 -0.0002605  0.0021616  0.0006270 -0.0020478 -0.0014796 -0.0004461 -0.0007002 -0.0016508 -0.0006688  0.0022515  0.0019481
C  0  1  66  0  1  4   0.0015657 -0.0017819  0.0014338  0.0027533  0.0012306 -0.0011735  0.0010718  0.0007743  0.0014574  0.0033358 -0.0007876 -0.0006188 -0.0000216 -0.0000862 -0.0001185 -0.0007143
C  0  1  66  0  1  5   0.0008751  0.0000151 -0.0009160  0.0016155  0.0000055 -0.0002020 -0.0013029  0.0005722  0.0012263  0.0021429  0.0003247 -0.0024105 -0.0007537  0.0009338  0.0010572 -0.0010810
C  0  1  66  0  1  6   0.0017098  0.0004412 -0.0008013 -0.0010111  0.0010092 -0.0005500 -0.0011780  0.0001580 -0.0010078 -0.0007060  0.0005279  0.0005973 -0.0019754 -0.0013959  0.0015500  0.0004983
C  0  1  66  0  1  7   0.0009412  0.0010511  0.0007726  0.0004021  0.0025793  0.0011291 -0.0006063 -0.0005385  0.0008206 -0.0023167  0.0017849 -0.0013682 -0.0013239 -0.0014526 -0.0003724  0.0017570
C  0  1  66  0  1  8   0.0026302  0.0016214  0.0000110 -0.0024445  0.0026400  0.0011246  0.0014884  0.0018690  0.0010098 -0.0010814 -0.0008009 -0.0014384 -0.0007592  0.0010327 -0.0001637  0.0019792
C  0  1  66  0  1  9  -0.0015946 -0.0000436  0.0006585 -0.0021632 -0.0004214  0.0004957 -0.0001031  0.0012771 -0.0013389 -0.0028463 -0.0044136 -0.0010580 -0.0021505  0.0009524 -0.0011592  0.0007233
C  0  1  66  0  1 10   0.0004706 -0.0016671  0.0012223  0.0015359  0.0020947 -0.0005690  0.0000708 -0.0008603 -0.0014985 -0.0017914 -0.0003940 -0.0009767  0.0001661 -0.0010099 -0.0006230  0.0015614
C  0  1  66  0  1 11  -0.0001266 -0.0005816  0.0017770  0.0002753  0.0002298  0.0003966 -0.0018246 -0.0007720 -0.0015486 -0.0001423 -0.0008049 -0.0014716 -0.0002583  0.0000100  0.0008792  0.0000776
C  0  1  66  0  1 12  -0.0001548 -0.0004751  0.0002310 -0.0014522  0.0019671 -0.0008257  0.0017807  0.0002848  0.0003733  0.0007514 -0.0014951  0.0007303 -0.0009921 -0.0011645  0.0008833  0.0020333
C  0  1  66  0  1 13   0.0030352 -0.0012015  0.0001369  0.0024016  0.0015432  0.0023734 -0.0004006  0.0014797 -0.0010594 -0.0015347 -0.0016215 -0.0026059 -0.0002415 -0.0002568  0.0000654  0.0015899
C  0  1  66  0  1 14   0.0026612 -0.0007723  0.0018122  0.0016048  0.0021417  0.0033374  0.0008766  0.0021236 -0.0003757 -0.0012047  0.0006910 -0.0004259  0.0001959 -0.0009207 -0.0000454  0.0021140
C  0  1  66  0  1 15   0.0038741 -0.0001394 -0.0015200  0.0005137  0.0004408  0.0021567  0.0036532 -0.0012809 -0.0004827 -0.0000957 -0.0004235  0.0018709  0.0002313 -0.0001550  0.0018298  0.0007162
C  0  1  66  0  1 16   0.0026980  0.0014051  0.0008694  0.0013057 -0.0005272  0.0001426 -0.0001729 -0.0006860  0.0007768 -0.0013621  0.0015622  0.0005035 -0.0009425  0.0001780  0.0023477  0.0017348
C  0  1  66  0  1 17  -0.0014949 -0.0002424  0.0001570  0.0036799 -0.0002484  0.0012913  0.0027684  0.0012500 -0.0004110  0.0028965  0.0008286 -0.0003776  0.0027514  0.0009892  0.0028253  0.0023065
C  0  1  66  0  1 18   0.0060421  0.0046846  0.0015228  0.0016877 -0.0009686  0.0021700  0.0032138  0.0020167  0.0002648  0.0035603  0.0052462  0.0012841 -0.0006145 -0.0002034  0.0047065  0.0058144
C  0  1  66  0  1 19   0.0026949  0.0024632  0.0015248  0.0005048  0.0006898  0.0017212  0.0020569  0.0037730  0.0032915  0.0034170 -0.0000990  0.0005651 -0.0004924  0.0022816  0.0028140  0.0054173
C  0  1  66  0  1 20   0.0031482  0.0059241  0.0056141  0.0014724 -0.0003807  0.0037415  0.0041115  0.0046337  0.0034680  0.0034426 -0.0018737 -0.0004208  0.0023091  0.0053012  0.0070057  0.0058097
C  0  1  66  0  1 21   0.0126915  0.0102110  0.0060958  0.0011373 -0.0011997 -0.0078098 -0.0079380 -0.0007589 -0.0058302 -0.0013470 -0.0017293  0.0043331  0.0017566  0.0054787  0.0089812  0.0055677
C  0  1  66  1  0  0  -0.5116288 -0.3665957 -0.2620252 -0.3632991 -0.1175550 -0.3390962 -0.3807871 -0.3253046 -0.3391747 -0.2226240 -0.3420448 -0.5156791 -0.4563340 -0.4036141 -0.4086974 -0.4240945
C  0  1  66  1  0  1  -0.2491857 -0.3119975 -0.3079270 -0.3333567 -0.3130595 -0.2893536 -0.2853390 -0.2853722 -0.2644803 -0.1585629 -0.2850680 -0.2752181 -0.3399584 -0.3844290 -0.3602918 -0.3016076
C  0  1  66  1  0  2  -0.3394270 -0.3754334 -0.2446956 -0.3026031 -0.2907616 -0.2786051 -0.2664757 -0.2632531 -0.2323196 -0.2595995 -0.2527349 -0.3173463 -0.2918259 -0.3808846 -0.2365417 -0.3287418
C  0  1  66  1  0  3  -0.3001367 -0.3205134 -0.3287841 -0.3188562 -0.3079305 -0.2465691 -0.2386599 -0.1966812 -0.1805046 -0.2485805 -0.2412998 -0.2780317 -0.2852227 -0.3136498 -0.3097658 -0.3049477
C  0  1  66  1  0  4  -0.2936758 -0.2572919 -0.2560875 -0.2220827 -0.2269722 -0.2298155 -0.2363167 -0.2416654 -0.2138920 -0.1771516 -0.2243501 -0.2697235 -0.3340342 -0.2311382 -0.3092422 -0.2950546
C  0  1  66  1  0  5  -0.1604785 -0.1641441 -0.1751890 -0.1477376 -0.1464869 -0.1124534 -0.1860898 -0.1607402 -0.1378706 -0.1249414 -0.1703689 -0.2041658 -0.1675879 -0.1736422 -0.1789722 -0.2127351
C  0  1  66  1  0  6  -0.1738878 -0.1657394 -0.1630807 -0.1713289 -0.1551096 -0.1293899 -0.1260088 -0.1126758 -0.1535792 -0.1053988 -0.1171105 -0.1317624 -0.1403315 -0.1124396 -0.1172636 -0.2131453
C  0  1  66  1  0  7  -0.1324834 -0.1700823 -0.1495136 -0.1108427 -0.1718673 -0.1516473 -0.1654824 -0.1389666 -0.1659755 -0.1288674 -0.1270398 -0.1278052 -0.1576763 -0.1595814 -0.1265517 -0.1399813
C  0  1  66  1  0  8  -0.1689302 -0.1316877 -0.1199695 -0.1451456 -0.2003060 -0.1841156 -0.1488801 -0.1378930 -0.0979737 -0.1090421 -0.1373384 -0.1506848 -0.1206227 -0.1369448 -0.1206617 -0.1331773
C  0  1  66  1  0  9  -0.1496519 -0.1497295 -0.1227986 -0.1713403 -0.1050734 -0.1806037 -0.1432661 -0.2022658 -0.1062507 -0.1565218 -0.0971709 -0.1743518 -0.1172498 -0.1088668 -0.1618828 -0.1746678
C  0  1  66  1  0 10  -0.1648589 -0.1194486 -0.1191529 -0.1532961 -0.1443790 -0.1513450 -0.1254803 -0.1180153 -0.0870311 -0.1208869 -0.1450005 -0.1047012 -0.1286333 -0.1221697 -0.1238705 -0.1471232
C  0  1  66  1  0 11  -0.1671952 -0.1188006 -0.1610004 -0.1028918 -0.1113769 -0.1342490 -0.1205893 -0.1574411 -0.1798299 -0.0640149 -0.1216368 -0.1152521 -0.1257487 -0.1512315 -0.0880436 -0.0926019
C  0  1  66  1  0 12  -0.1544688 -0.1673455 -0.1570287 -0.1543910 -0.1232476 -0.1435242 -0.1473266 -0.1490421 -0.1143616 -0.1369800 -0.1336077 -0.1152247 -0.1170843 -0.1465408 -0.1291443 -0.1472787
C  0  1  66  1  0 13  -0.1349870 -0.1447742 -0.1322932 -0.1243609 -0.1185062 -0.1914077 -0.1122983 -0.1431862 -0.0963384 -0.1308529 -0.1321127 -0.1199866 -0.1579167 -0.1031122 -0.1876579 -0.1038531
C  0  1  66  1  0 14  -0.1372419 -0.1821343 -0.1488396 -0.1796540 -0.1794530 -0.1015370 -0.1540315 -0.2061076 -0.1212466 -0.1090342 -0.1191873 -0.1353385 -0.1459085 -0.0788766 -0.1579746 -0.2146230
C  0  1  66  1  0 15  -0.1469796 -0.2134079 -0.1718049 -0.0989322 -0.1942590 -0.1199343 -0.1633345 -0.1407132 -0.1308883 -0.1410148 -0.1264841 -0.1506706 -0.1265893 -0.0877178 -0.0853917 -0.1518711
C  0  1  66  1  0 16  -0.1724123 -0.1865729 -0.1263672 -0.1866043 -0.1752446 -0.1835617 -0.2100489 -0.1903887 -0.0999501 -0.1378516 -0.1369114 -0.1160742 -0.1399715 -0.0953157 -0.1340480 -0.1424399
C  0  1  66  1  0 17  -0.3034408 -0.2409011 -0.1982554 -0.2445555 -0.2106756 -0.2820518 -0.2652218 -0.2233414 -0.2167680 -0.2454409 -0.2319508 -0.1987539 -0.1878934 -0.2853135 -0.1905817 -0.2424220
C  0  1  66  1  0 18  -0.3055393 -0.3182727 -0.2063364 -0.3009366 -0.2381802 -0.2628503 -0.2819731 -0.2945409 -0.2653933 -0.2210426 -0.3279432 -0.2762621 -0.2953082 -0.2001377 -0.2215565 -0.2025089
C  0  1  66  1  0 19  -0.2786465 -0.2505257 -0.3012017 -0.2753898 -0.3086604 -0.2888753 -0.2639225 -0.2042471 -0.2661032 -0.2713329 -0.1997499 -0.2836893 -0.2807322 -0.2662694 -0.2757053 -0.2966922
C  0  1  66  1  0 20  -0.2419739 -0.3106188 -0.3860161 -0.3666845 -0.3536888 -0.2125562 -0.2751433 -0.3320427 -0.3442398 -0.3481148 -0.3199751 -0.2264357 -0.3346447 -0.3529199 -0.3047033 -0.3803854
C  0  1  66  1  0 21  -0.4816699 -0.2940388 -0.3875733 -0.4691347 -0.3502759 -0.2409978 -0.3469977 -0.3508881 -0.3875697 -0.3023321 -0.2790935 -0.3621156 -0.2704214 -0.3165079 -0.3025993 -0.4885823
C  0  1  66  1  1  0   0.0458125  0.0488842  0.0419394  0.0232983  0.0029441 -0.0191362 -0.0319484 -0.0434502 -0.0445169 -0.0360909 -0.0332444 -0.0175233  0.0031225  0.0077367  0.0257720  0.0355221
C  0  1  66  1  1  1   0.0248990  0.0218588  0.0184859  0.0101630  0.0014654 -0.0070522 -0.0148291 -0.0177801 -0.0186018 -0.0163176 -0.0142891 -0.0070618  0.0037153  0.0083668  0.0120843  0.0229903
C  0  1  66  1  1  2   0.0121911  0.0128576  0.0094642  0.0057122  0.0019391 -0.0035773 -0.0078930 -0.0084319 -0.0090796 -0.0057263 -0.0057585 -0.0032829  0.0009303  0.0032451  0.0045984  0.0097400
C  0  1  66  1  1  3   0.0078239  0.0077982  0.0013965  0.0048091  0.0022412  0.0003360 -0.0024613 -0.0019855  0.0009044  0.0006596 -0.0023521 -0.0002262  0.0020324  0.0026387  0.0028291  0.0070346
C  0  1  66  1  1  4   0.0017340  0.0018880  0.0002347  0.0016239  0.0028146  0.0021232  0.0000133  0.0021183  0.0046513  0.0029277 -0.0004438 -0.0003447  0.0023928  0.0012361  0.0040249  0.0017879
C  0  1  66  1  1  5   0.0015980  0.0004507  0.0002051  0.0026048  0.0026976  0.0033060  0.0032469  0.0044727  0.0044628  0.0027721 -0.0013231 -0.0015097  0.0020198  0.0032083  0.0018719 -0.0002394
C  0  1  66  1  1  6   0.0011677  0.0014610  0.0014666  0.0043433  0.0043174  0.0044971  0.0056146  0.0039153  0.0046065  0.0009639  0.0011770 -0.0001708  0.0010352  0.0009594  0.0012882 -0.0005339
C  0  1  66  1  1  7  -0.0010069  0.0022470  0.0018093  0.0040624  0.0055314  0.0041709  0.0051974  0.0028379  0.0038404  0.0010683 -0.0000303 -0.0000049  0.0019162  0.0014196  0.0017388 -0.0008568
C  0  1  66  1  1  8  -0.0015411  0.0013549  0.0022178  0.0027613  0.0037459  0.0040731  0.0046418  0.0050003  0.0052771  0.0012215  0.0004719 -0.0001187  0.0019370  0.0016743  0.0012033 -0.0014093
C  0  1  66  1  1  9   0.0008145  0.0008998  0.0013910  0.0022433  0.0019428  0.0024820  0.0027770  0.0030997  0.0033521 -0.0005576  0.0010650  0.0005878  0.0009970 -0.0002584  0.0002953 -0.0020060
C  0  1  66  1  1 10   0.0000967  0.0020270  0.0022451  0.0016457  0.0027527  0.0025317  0.0025582  0.0027963  0.0035883 -0.0003579 -0.0005703  0.0004841 -0.0002970  0.0010066  0.0027999 -0.0010520
C  0  1  66  1  1 11  -0.0002029  0.0016576  0.0017101  0.0021098  0.0033492  0.0009006  0.0014417  0.0028795  0.0028645  0.0011216 -0.0021886  0.0003867  0.0002222  0.0001905  0.0005866 -0.0016765
C  0  1  66  1  1 12   0.0001542  0.0020042  0.0019032  0.0038584  0.0023799  0.0011891  0.0014257  0.0023274  0.0037832  0.0006008  0.0005782  0.0005221  0.0008975 -0.0012648  0.0005202 -0.0025423
C  0  1  66  1  1 13  -0.0003787  0.0016532  0.0028275  0.0026767  0.0029525  0.0029275  0.0038056  0.0053255  0.0046994  0.0008936  0.0010870 -0.0000271 -0.0000765 -0.0012224  0.0005025 -0.0017167
C  0  1  66  1  1 14  -0.0010776  0.0008469  0.0022526  0.0023479  0.0041651  0.0026043  0.0034269  0.0062731  0.0054644  0.0019738  0.0018256  0.0000004 -0.0017813 -0.0019776 -0.0016577 -0.0026579
C  0  1  66  1  1 15  -0.0033860  0.0007471  0.0031695  0.0046038  0.0026731 -0.0001701  0.0037123  0.0032693  0.0046169  0.0031985  0.0017217  0.0003319 -0.0024391 -0.0048310 -0.0059313 -0.0035604
C  0  1  66  1  1 16  -0.0015148  0.0007554  0.0022307  0.0049685  0.0030687  0.0011284  0.0032602  0.0032308  0.0025963  0.0059465  0.0023650  0.0014928 -0.0002737 -0.0017064 -0.0054488 -0.0061899
C  0  1  66  1  1 17  -0.0044019  0.0014642  0.0021311  0.0059492  0.0016514 -0.0013373  0.0010142  0.0035710  0.0034391  0.0028654  0.0048491  0.0013456 -0.0006541 -0.0036987 -0.0053394 -0.0050732
C  0  1  66  1  1 18   0.0000780  0.0082069  0.0057382  0.0070962  0.0042773  0.0007396 -0.0020300 -0.0007142  0.0026384  0.0044955  0.0015790  0.0014469 -0.0005172 -0.0036045 -0.0050266 -0.0032262
C  0  1  66  1  1 19   0.0027822  0.0078206  0.0119302  0.0096092  0.0054030  0.0023691 -0.0019191 -0.0008862  0.0026699  0.0055855  0.0016560 -0.0011344 -0.0028546 -0.0043290 -0.0058590 -0.0021119
C  0  1  66  1  1 20   0.0015419  0.0138380  0.0181730  0.0118145  0.0079520  0.0017574 -0.0032428 -0.0011172  0.0014992  0.0068453  0.0022037 -0.0032931 -0.0065235 -0.0090806 -0.0053590 -0.0054501
C  0  1  66  1  1 21   0.0084975  0.0206809  0.0308886  0.0228476  0.0155634  0.0143767  0.0079648  0.0079839  0.0129577  0.0134978  0.0025827 -0.0045772 -0.0083686 -0.0160554 -0.0065036 -0.0023486
