CPHI 16 
CETA 22 -2.40 -2.10 -1.85 -1.60 -1.40 -1.20 -1.00 -0.80 -0.60 -0.40 -0.20  0.00  0.20  0.40  0.60  0.80  1.00  1.20  1.40  1.60  1.85  2.10  2.40 
RMIN  6 
RTRK 12 
RETA 11  0.00  0.20  0.40  0.60  0.80  1.00  1.20  1.40  1.60  1.85  2.10  2.40 
T 0 1  67  0  0  0    0.0000000   0.0006791   0.0017164   0.0032191   0.0123098   0.0695143   0.2788148   0.6543751   1.0000000   1.0000000   1.0000000   1.0000000   1.0000000
T 0 1  67  0  0  1    0.0000000   0.0001363   0.0005454   0.0023891   0.0123834   0.0586144   0.2258132   0.5890338   1.0000000   1.0000000   1.0000000   1.0000000   1.0000000
T 0 1  67  0  0  2    0.0000000   0.0001365   0.0005699   0.0017817   0.0106327   0.0555322   0.2087308   0.5741974   1.0000000   1.0000000   1.0000000   1.0000000   1.0000000
T 0 1  67  0  0  3    0.0000000   0.0001974   0.0005516   0.0016821   0.0114933   0.0627300   0.2259410   0.5868101   1.0000000   1.0000000   1.0000000   1.0000000   1.0000000
T 0 1  67  0  0  4    0.0000000   0.0004025   0.0025480   0.0145859   0.0628584   0.2042585   0.4888161   0.8220111   1.0000000   1.0000000   1.0000000   1.0000000   1.0000000
T 0 1  67  0  0  5    0.0000000   0.0009709   0.0075699   0.0517920   0.2064150   0.5334243   0.8761381   0.9993183   1.0000000   1.0000000   1.0000000   1.0000000   1.0000000
T 0 1  67  0  0  6    0.0000000   0.0002548   0.0011495   0.0102436   0.0676089   0.2768504   0.6627666   0.9310986   0.9981576   1.0000000   1.0000000   1.0000000   1.0000000
T 0 1  67  0  0  7    0.0000000   0.0000709   0.0004034   0.0009178   0.0047668   0.0308797   0.1195950   0.2982038   0.5825437   0.8697583   0.9841459   0.9998823   1.0000000
T 0 1  67  0  0  8    0.0000000   0.0000000   0.0000421   0.0001363   0.0004081   0.0010203   0.0042083   0.0252818   0.1192899   0.3934698   0.7901822   0.9693905   1.0000000
T 0 1  67  0  0  9    0.0000000   0.0000104   0.0000119   0.0000322   0.0005298   0.0034105   0.0185640   0.0860121   0.3012890   0.6574640   0.9384476   0.9999350   1.0000000
T 0 1  67  0  0 10    0.0000000   0.0067743   0.0290042   0.0460913   0.0790863   0.1684976   0.3379051   0.6897874   0.9101359   0.9700017   0.9998452   1.0000000   1.0000000
T 0 1  67  1  0  0    0.0000000   0.0005148   0.0016399   0.0047460   0.0213440   0.1017716   0.3374237   0.6994022   1.0000000   1.0000000   1.0000000   1.0000000   1.0000000
T 0 1  67  1  0  1    0.0000000   0.0002633   0.0010891   0.0042307   0.0181163   0.0752157   0.2537985   0.6193956   1.0000000   1.0000000   1.0000000   1.0000000   1.0000000
T 0 1  67  1  0  2    0.0000000   0.0002194   0.0008486   0.0027728   0.0124455   0.0616642   0.2339277   0.6064318   1.0000000   1.0000000   1.0000000   1.0000000   1.0000000
T 0 1  67  1  0  3    0.0000000   0.0002283   0.0008669   0.0027852   0.0140251   0.0700545   0.2491207   0.6198491   1.0000000   1.0000000   1.0000000   1.0000000   1.0000000
T 0 1  67  1  0  4    0.0000000   0.0004356   0.0027620   0.0153929   0.0663357   0.2155446   0.5058694   0.8320271   1.0000000   1.0000000   1.0000000   1.0000000   1.0000000
T 0 1  67  1  0  5    0.0000000   0.0011873   0.0094478   0.0577925   0.2246261   0.5586818   0.8900123   0.9996500   1.0000000   1.0000000   1.0000000   1.0000000   1.0000000
T 0 1  67  1  0  6    0.0000000   0.0004626   0.0026649   0.0180020   0.0942133   0.3329130   0.7236541   0.9536823   0.9988141   0.9999984   1.0000000   1.0000000   1.0000000
T 0 1  67  1  0  7    0.0000000   0.0002246   0.0006446   0.0024765   0.0123245   0.0526267   0.1570011   0.3413836   0.6074237   0.8728054   0.9849908   0.9998878   1.0000000
T 0 1  67  1  0  8    0.0000000   0.0009562   0.0014955   0.0017998   0.0022382   0.0036136   0.0107994   0.0452511   0.1686405   0.4573475   0.8251665   0.9710661   1.0000000
T 0 1  67  1  0  9    0.0000000   0.0021003   0.0074838   0.0131257   0.0159362   0.0198461   0.0401951   0.1288935   0.3661962   0.7154288   0.9583841   0.9999941   1.0000000
T 0 1  67  1  0 10    0.0000000   0.0032254   0.0170235   0.0428863   0.0843736   0.1746921   0.3942474   0.7474223   0.9511020   0.9856143   0.9999985   1.0000000   1.0000000
R 0 1  67  0  0  0    0.0217834   0.0217834   0.0118644   0.0104357   0.0103849   0.0101542   0.0100032   0.0098424   0.0098424   0.0098424   0.0098424   0.0098424
R 0 1  67  0  0  1    0.0120222   0.0120222   0.0120222   0.0120222   0.0111220   0.0108922   0.0109596   0.0108319   0.0108319   0.0108319   0.0108319   0.0108319
R 0 1  67  0  0  2    0.0127784   0.0127784   0.0127784   0.0127784   0.0119823   0.0119603   0.0118476   0.0116928   0.0116928   0.0116928   0.0116928   0.0116928
R 0 1  67  0  0  3    0.0136930   0.0136930   0.0136930   0.0136930   0.0126840   0.0126076   0.0123993   0.0122201   0.0122201   0.0122201   0.0122201   0.0122201
R 0 1  67  0  0  4    0.0190391   0.0190391   0.0190391   0.0175049   0.0168698   0.0159157   0.0145478   0.0130803   0.0130803   0.0130803   0.0130803   0.0130803
R 0 1  67  0  0  5    0.0208871   0.0208871   0.0195497   0.0191534   0.0186780   0.0180253   0.0167698   0.0167698   0.0167698   0.0167698   0.0167698   0.0167698
R 0 1  67  0  0  6    0.0201807   0.0201807   0.0201807   0.0204483   0.0208087   0.0206902   0.0208000   0.0205608   0.0205608   0.0205608   0.0205608   0.0205608
R 0 1  67  0  0  7    0.0216245   0.0216245   0.0216245   0.0216245   0.0205738   0.0211116   0.0212572   0.0210158   0.0206161   0.0197764   0.0197764   0.0197764
R 0 1  67  0  0  8    0.0210258   0.0210258   0.0210258   0.0210258   0.0210258   0.0210258   0.0210258   0.0210296   0.0209789   0.0209916   0.0201466   0.0187716
R 0 1  67  0  0  9    0.0310224   0.0310224   0.0310224   0.0310224   0.0310224   0.0310224   0.0299386   0.0288981   0.0274934   0.0264080   0.0251528   0.0251528
R 0 1  67  0  0 10    0.0775497   0.0707328   0.0587150   0.0534994   0.0475454   0.0439176   0.0410297   0.0355684   0.0337319   0.0305733   0.0305733   0.0305733
R 0 1  67  0  1  0    0.0000000   0.0000000   0.0000000   0.0000728   0.0000847   0.0000810   0.0000725   0.0000659   0.0000659   0.0000659   0.0000659   0.0000659
R 0 1  67  0  1  1    0.0000893   0.0000893   0.0000893   0.0000893   0.0000725   0.0000687   0.0000629   0.0000564   0.0000564   0.0000564   0.0000564   0.0000564
R 0 1  67  0  1  2    0.0000692   0.0000692   0.0000692   0.0000692   0.0000649   0.0000662   0.0000617   0.0000525   0.0000525   0.0000525   0.0000525   0.0000525
R 0 1  67  0  1  3    0.0000858   0.0000858   0.0000858   0.0000858   0.0000611   0.0000619   0.0000568   0.0000487   0.0000487   0.0000487   0.0000487   0.0000487
R 0 1  67  0  1  4    0.0001264   0.0001264   0.0001264   0.0000858   0.0000918   0.0000786   0.0000556   0.0000431   0.0000431   0.0000431   0.0000431   0.0000431
R 0 1  67  0  1  5    0.0002080   0.0002080   0.0000871   0.0000726   0.0000640   0.0000624   0.0000377   0.0000377   0.0000377   0.0000377   0.0000377   0.0000377
R 0 1  67  0  1  6    0.0000666   0.0000666   0.0000666   0.0000574   0.0000552   0.0000580   0.0000487   0.0000216   0.0000216   0.0000216   0.0000216   0.0000216
R 0 1  67  0  1  7    0.0001008   0.0001008   0.0001008   0.0001008   0.0000704   0.0000847   0.0000692   0.0000803   0.0000718   0.0000518   0.0000518   0.0000518
R 0 1  67  0  1  8    0.0000940   0.0000940   0.0000940   0.0000940   0.0000940   0.0000940   0.0000940   0.0001064   0.0001024   0.0001043   0.0000783   0.0000622
R 0 1  67  0  1  9    0.0002341   0.0002341   0.0002341   0.0002341   0.0002341   0.0002341   0.0002321   0.0002007   0.0001751   0.0001535   0.0001530   0.0001530
R 0 1  67  0  1 10    0.0013221   0.0011803   0.0007208   0.0007456   0.0005591   0.0004760   0.0003912   0.0002591   0.0002109   0.0001610   0.0001610   0.0001610
R 0 1  67  0  2  0    0.0000000   0.0000000   0.0000000   0.0000776   0.0000000   0.0000165   0.0000157   0.0000080   0.0000080   0.0000080   0.0000080   0.0000080
R 0 1  67  0  2  1    0.0000000   0.0000000   0.0000000   0.0000000   0.0000000   0.0000173   0.0000131   0.0000182   0.0000182   0.0000182   0.0000182   0.0000182
R 0 1  67  0  2  2    0.0000000   0.0000000   0.0000000   0.0000000   0.0000697   0.0000089   0.0000147   0.0000114   0.0000114   0.0000114   0.0000114   0.0000114
R 0 1  67  0  2  3    0.0000620   0.0000620   0.0000620   0.0000620   0.0000000   0.0000000   0.0000066   0.0000076   0.0000076   0.0000076   0.0000076   0.0000076
R 0 1  67  0  2  4    0.0000000   0.0000000   0.0000000   0.0000000   0.0000000   0.0000123   0.0000000   0.0000000   0.0000000   0.0000000   0.0000000   0.0000000
R 0 1  67  0  2  5    0.0000000   0.0000000   0.0000000   0.0000000   0.0000250   0.0000202   0.0000152   0.0000152   0.0000152   0.0000152   0.0000152   0.0000152
R 0 1  67  0  2  6    0.0000000   0.0000000   0.0000000   0.0000000   0.0000000   0.0000073   0.0000000   0.0000000   0.0000000   0.0000000   0.0000000   0.0000000
R 0 1  67  0  2  7    0.0000000   0.0000000   0.0000000   0.0000000   0.0000000   0.0000000   0.0000000   0.0000000   0.0000094   0.0000172   0.0000172   0.0000172
R 0 1  67  0  2  8    0.0000000   0.0000000   0.0000000   0.0000000   0.0000000   0.0000000   0.0000000   0.0000000   0.0000000   0.0000155   0.0000000   0.0000000
R 0 1  67  0  2  9    0.0000000   0.0000000   0.0000000   0.0000000   0.0000000   0.0000000   0.0000000   0.0000678   0.0000000   0.0000135   0.0000000   0.0000000
R 0 1  67  0  2 10    0.0000000   0.0000000   0.0000000   0.0000000   0.0000000   0.0000000   0.0000481   0.0000314   0.0000000   0.0000000   0.0000000   0.0000000
R 0 1  67  0  3  0    1.1819657   1.1819657   1.0477136   1.0293350   0.9956562   0.9839313   0.9805693   0.9834269   0.9834269   0.9834269   0.9834269   0.9834269
R 0 1  67  0  3  1    1.0157597   1.0157597   1.0157597   1.0157597   0.9916076   0.9846012   0.9794640   0.9780637   0.9780637   0.9780637   0.9780637   0.9780637
R 0 1  67  0  3  2    1.0000272   1.0000272   1.0000272   1.0000272   0.9997860   0.9849019   0.9803303   0.9811086   0.9811086   0.9811086   0.9811086   0.9811086
R 0 1  67  0  3  3    1.0041569   1.0041569   1.0041569   1.0041569   1.0019731   0.9869969   0.9821135   0.9808389   0.9808389   0.9808389   0.9808389   0.9808389
R 0 1  67  0  3  4    1.0203194   1.0203194   1.0203194   0.9916822   0.9791792   0.9760137   0.9770101   0.9872977   0.9872977   0.9872977   0.9872977   0.9872977
R 0 1  67  0  3  5    0.9876603   0.9876603   0.9920723   0.9819691   0.9753498   0.9733185   0.9718207   0.9718207   0.9718207   0.9718207   0.9718207   0.9718207
R 0 1  67  0  3  6    1.0260375   1.0260375   1.0260375   1.0060739   0.9910288   0.9852721   0.9859289   0.9910824   0.9910824   0.9910824   0.9910824   0.9910824
R 0 1  67  0  3  7    1.0566226   1.0566226   1.0566226   1.0566226   1.0331968   0.9976263   0.9911307   0.9843057   0.9844533   0.9874119   0.9874119   0.9874119
R 0 1  67  0  3  8    1.0211958   1.0211958   1.0211958   1.0211958   1.0211958   1.0211958   1.0211958   0.9886637   0.9852503   0.9822797   0.9869714   1.0195025
R 0 1  67  0  3  9    1.0089619   1.0089619   1.0089619   1.0089619   1.0089619   1.0089619   0.9855451   0.9743707   0.9712103   0.9816868   1.0061825   1.0061825
R 0 1  67  0  3 10    1.0436923   1.0539524   1.0346319   0.9993001   0.9738800   0.9712767   0.9673672   0.9711895   1.0005905   1.0019356   1.0019356   1.0019356
R 0 1  67  0  4  0    1.2480569   1.2480569   1.3722714   2.1453849   2.2513667   2.2621599   2.2391444   2.2909847   2.2909847   2.2909847   2.2909847   2.2909847
R 0 1  67  0  4  1    2.0432281   2.0432281   2.0432281   2.0432281   2.1658424   2.2416198   2.1980352   2.1761119   2.1761119   2.1761119   2.1761119   2.1761119
R 0 1  67  0  4  2    1.9473074   1.9473074   1.9473074   1.9473074   2.1550146   2.2141389   2.2284292   2.2403759   2.2403759   2.2403759   2.2403759   2.2403759
R 0 1  67  0  4  3    1.8386874   1.8386874   1.8386874   1.8386874   2.2988932   2.2525241   2.2275480   2.2093114   2.2093114   2.2093114   2.2093114   2.2093114
R 0 1  67  0  4  4    1.9874371   1.9874371   1.9874371   2.0829738   2.1031688   2.1302189   2.1803523   2.2862912   2.2862912   2.2862912   2.2862912   2.2862912
R 0 1  67  0  4  5    1.6407117   1.6407117   2.0481807   2.1683182   2.0951844   2.0958718   1.9701182   1.9701182   1.9701182   1.9701182   1.9701182   1.9701182
R 0 1  67  0  4  6    1.9685340   1.9685340   1.9685340   2.2096909   2.3735668   2.3661459   2.3828179   2.3164881   2.3164881   2.3164881   2.3164881   2.3164881
R 0 1  67  0  4  7    1.7912985   1.7912985   1.7912985   1.7912985   2.1187686   2.2945794   2.3939672   2.3273053   2.3620731   2.3564941   2.3564941   2.3564941
R 0 1  67  0  4  8    2.1700686   2.1700686   2.1700686   2.1700686   2.1700686   2.1700686   2.1700686   2.1765170   2.2364513   2.2530885   2.2627209   2.3068784
R 0 1  67  0  4  9    1.9963489   1.9963489   1.9963489   1.9963489   1.9963489   1.9963489   2.0263822   2.0312377   2.0179672   2.1539186   2.2094233   2.2094233
R 0 1  67  0  4 10    1.9231702   2.2923356   1.9824938   1.9102592   1.9510347   1.9791906   1.9582060   1.9575739   2.0996680   2.0109754   2.0109754   2.0109754
R 0 1  67  0  5  0   48.3274187  48.3274187   6.1711136   3.3636871   3.6441316   3.9189073   4.1935011   3.8159153   3.8159153   3.8159153   3.8159153   3.8159153
R 0 1  67  0  5  1    3.8273461   3.8273461   3.8273461   3.8273461   3.9319908   3.9718485   4.4207641   4.4910377   4.4910377   4.4910377   4.4910377   4.4910377
R 0 1  67  0  5  2    3.9535700   3.9535700   3.9535700   3.9535700   4.5455776   4.2743025   4.1471205   4.2438024   4.2438024   4.2438024   4.2438024   4.2438024
R 0 1  67  0  5  3    5.3442087   5.3442087   5.3442087   5.3442087   3.7091636   4.1808224   4.2974756   4.4835863   4.4835863   4.4835863   4.4835863   4.4835863
R 0 1  67  0  5  4    4.0453615   4.0453615   4.0453615   4.8337694   4.9676146   4.6510766   4.2066145   3.5517356   3.5517356   3.5517356   3.5517356   3.5517356
R 0 1  67  0  5  5    5.2124616   5.2124616   5.1270260   4.5001696   5.2720029   4.5793896   4.2923184   4.2923184   4.2923184   4.2923184   4.2923184   4.2923184
R 0 1  67  0  5  6    3.1872500   3.1872500   3.1872500   4.1295792   3.2184501   2.9217409   2.2879406   1.8864819   1.8864819   1.8864819   1.8864819   1.8864819
R 0 1  67  0  5  7    4.3661999   4.3661999   4.3661999   4.3661999   4.9382571   3.2789287   2.7251897   2.9844962   2.6242383   2.0537314   2.0537314   2.0537314
R 0 1  67  0  5  8    4.3049033   4.3049033   4.3049033   4.3049033   4.3049033   4.3049033   4.3049033   4.9393194   4.6014444   4.3768591   3.6555262   4.0245142
R 0 1  67  0  5  9    5.6647992   5.6647992   5.6647992   5.6647992   5.6647992   5.6647992   6.6403714   6.4113746   6.9683359   5.9266620   5.6414147   5.6414147
R 0 1  67  0  5 10    5.2235851   3.9451188   3.8382325   5.9131339   5.6239963   6.4201303   8.0984183   8.4733686   6.2236930   6.7275196   6.7275196   6.7275196
F  0  1  67  0  0  0    0.9811451   1.0415398   0.9994874   1.0032754   0.9792166   0.9817035   0.9935266   0.9939595   0.9832061   0.9815698   0.9831254
F  0  1  67  1  0  0    1.0448355   1.0848510   1.0812561   1.0764286   1.0512969   1.0669128   1.0713119   1.0539619   1.0392597   1.0580347   1.0850355
C  0  1  67  0  0  0  -0.2779608 -0.0926180 -0.3014575 -0.2577939 -0.2959441 -0.0658317 -0.0522498 -0.1861010 -0.3147650 -0.0447483 -0.3281656 -0.2216087 -0.1900954 -0.2328544 -0.2536269 -0.0187147
C  0  1  67  0  0  1  -0.0303443 -0.1441890 -0.1393494 -0.1432469 -0.0143602 -0.0953200 -0.2063696 -0.1143284 -0.0514425 -0.1625955  0.0293354 -0.1243772 -0.2257725 -0.1079941 -0.2195023 -0.0548590
C  0  1  67  0  0  2  -0.1934768 -0.2248182 -0.1643394 -0.1402845  0.0152145 -0.1182538 -0.1004529 -0.0734562 -0.0235336 -0.0355396 -0.0635108 -0.0493378 -0.1013177 -0.0431151 -0.0387567 -0.0325643
C  0  1  67  0  0  3  -0.0203831 -0.0388930 -0.0474806  0.0236432  0.0768113 -0.2138908 -0.1280061  0.0105102 -0.1217807 -0.0527787 -0.0353306  0.0040058 -0.1518651 -0.0514323 -0.0792691  0.0158385
C  0  1  67  0  0  4  -0.0998965 -0.1060843 -0.1369031 -0.0775457 -0.1700250 -0.1085347 -0.0805671 -0.0999030  0.0175888 -0.0222423 -0.0352097 -0.0085278 -0.0498893 -0.1221015 -0.0364724 -0.0626642
C  0  1  67  0  0  5  -0.0204860  0.0895094 -0.1534262  0.0787394 -0.0411128 -0.0472205 -0.1336740 -0.0158677 -0.0364952  0.0410047  0.0039562  0.0556412 -0.0328566  0.0541663  0.1154005 -0.0640793
C  0  1  67  0  0  6   0.0201082  0.1111557 -0.0038319 -0.0080027 -0.0116523 -0.0083485 -0.0080570 -0.0762743  0.0870834  0.0405216 -0.0007276  0.0293538 -0.0399913  0.0210640  0.0021358  0.1153224
C  0  1  67  0  0  7  -0.0030258 -0.0215775 -0.0697332 -0.0663095 -0.0318792  0.1273743  0.0752921  0.0109696 -0.0284039 -0.0250405  0.0793881 -0.0665645  0.1109060 -0.0135292  0.0397243  0.0663295
C  0  1  67  0  0  8  -0.0389929  0.0436013  0.0091589  0.0165676 -0.0154029 -0.0182361 -0.0390312 -0.0460771  0.0105833  0.0448742  0.0158086  0.0004269 -0.0264373  0.0662447 -0.0402635 -0.0475815
C  0  1  67  0  0  9  -0.0148028  0.0148804 -0.0696880  0.0370280  0.0568804  0.0135732 -0.0134662  0.0036195 -0.0435879  0.0885667  0.1130200  0.0489868 -0.0043839  0.1344355 -0.0388346  0.0472666
C  0  1  67  0  0 10   0.0003497 -0.0287223  0.0826534  0.0193191  0.0207581 -0.0316239 -0.0556769 -0.0185775  0.0156610 -0.0158962  0.0409795  0.0577122 -0.0374682  0.0557236 -0.0168204  0.0021634
C  0  1  67  0  0 11  -0.0218227  0.0169277 -0.0544822  0.0007284  0.0662270 -0.0199558  0.0699469  0.0897948  0.0503760 -0.0005069  0.0008110 -0.1019798  0.0051063  0.0178598  0.0219591  0.0166296
C  0  1  67  0  0 12   0.0221055 -0.0325957  0.0721080  0.0358409 -0.0062805  0.0858000 -0.0210907  0.0062323 -0.0629807  0.0458916  0.0108685 -0.0088565 -0.0450309  0.0496527  0.0449877  0.0464621
C  0  1  67  0  0 13  -0.0746876 -0.0235351  0.0126342  0.0089520  0.0265196 -0.0067094  0.0100991  0.0080342  0.0010258  0.0153699 -0.0479913 -0.0222609  0.0197541  0.0293126  0.0071283 -0.0100638
C  0  1  67  0  0 14  -0.0266154  0.0423094 -0.0752612  0.0260480 -0.0849236 -0.0037872  0.0704376  0.0407373  0.0028448  0.0022963  0.1021001 -0.0528926  0.1287494 -0.0276538 -0.0279297 -0.0455095
C  0  1  67  0  0 15  -0.0688815 -0.0161807 -0.0376121  0.0813950  0.0007378 -0.1098576 -0.0419150 -0.0574454  0.0085520  0.0245224 -0.0274765 -0.1180111 -0.0331174  0.0267021 -0.1323154  0.0260227
C  0  1  67  0  0 16   0.1208137  0.0351119 -0.0010389  0.1018577 -0.0694423 -0.2037254 -0.0342061 -0.0046939 -0.1282761  0.1655768  0.0175903 -0.0007426 -0.1615018 -0.0581856 -0.0616129 -0.0333945
C  0  1  67  0  0 17  -0.0453556 -0.1634888 -0.0989116 -0.0707254 -0.0767341 -0.0529442 -0.0236759  0.0465093 -0.0477180 -0.0895349 -0.0704481 -0.0583612 -0.0037386 -0.0832409 -0.0364765 -0.0280406
C  0  1  67  0  0 18  -0.1785466 -0.0435252 -0.0025298 -0.0224481 -0.2287406 -0.0547269 -0.0402606 -0.0372469 -0.0845691 -0.0134896 -0.0361722 -0.1292752 -0.0326726 -0.0766054 -0.1951657 -0.0428152
C  0  1  67  0  0 19   0.0044484 -0.0441869 -0.2280722 -0.0355320 -0.1302138 -0.1028843 -0.1777752 -0.0605725 -0.1706053 -0.0398079 -0.0321223 -0.0567552 -0.0631661  0.0054178 -0.0823754 -0.1694355
C  0  1  67  0  0 20  -0.1291542 -0.0658084  0.0255088 -0.0684428 -0.1035521 -0.1797821 -0.1533334 -0.1778403 -0.1399359 -0.1902990 -0.0776008 -0.0117873  0.0444594 -0.1398542 -0.0973944 -0.0964728
C  0  1  67  0  0 21  -0.2120317 -0.1829268 -0.2173796 -0.0540413 -0.1775446 -0.1207035 -0.3345478 -0.0047575 -0.1651609  0.1251602 -0.1501764 -0.3439019 -0.4195869 -0.3259111 -0.2363627 -0.1460647
C  0  1  67  0  1  0   0.0037612 -0.0018960 -0.0010037 -0.0056533 -0.0019065  0.0015554  0.0021083  0.0019289  0.0038045 -0.0009876 -0.0012313  0.0046756  0.0073416  0.0051174  0.0063003  0.0057958
C  0  1  67  0  1  1  -0.0005959 -0.0002194 -0.0005197 -0.0042785 -0.0012868 -0.0013632  0.0060609  0.0036825  0.0042664 -0.0030294 -0.0022593 -0.0032812  0.0009688  0.0013041  0.0027852  0.0022954
C  0  1  67  0  1  2   0.0015096 -0.0004637 -0.0018237  0.0005561 -0.0024343 -0.0022447 -0.0022383  0.0036673 -0.0014194  0.0014767 -0.0028686 -0.0011115  0.0010311 -0.0004034  0.0017496 -0.0004700
C  0  1  67  0  1  3   0.0015943  0.0004571 -0.0002641 -0.0025425 -0.0021706  0.0024957  0.0017017 -0.0009976 -0.0035448  0.0001389 -0.0026935 -0.0002711 -0.0012775 -0.0009922  0.0009932  0.0013284
C  0  1  67  0  1  4   0.0020628 -0.0003106 -0.0027990  0.0025662  0.0005054 -0.0014960  0.0000850  0.0007091  0.0004337  0.0015888 -0.0009860 -0.0016553  0.0018082 -0.0008357 -0.0005983 -0.0019035
C  0  1  67  0  1  5   0.0023766  0.0025044 -0.0012914  0.0007497 -0.0002592 -0.0019505 -0.0011695  0.0011231 -0.0004862  0.0000701  0.0012164 -0.0029518  0.0005726 -0.0009269  0.0007844 -0.0027961
C  0  1  67  0  1  6   0.0031247  0.0002024  0.0001821 -0.0003735  0.0014668  0.0013771 -0.0002992  0.0000427 -0.0004479  0.0005613 -0.0000525 -0.0013503 -0.0007648 -0.0019023  0.0007068 -0.0008941
C  0  1  67  0  1  7   0.0026073  0.0002232  0.0001196 -0.0003898  0.0029211  0.0009132 -0.0004888  0.0004250  0.0019333 -0.0019248  0.0002212 -0.0016897 -0.0014962  0.0001754  0.0006551  0.0031023
C  0  1  67  0  1  8   0.0006126  0.0017035 -0.0000081  0.0002897  0.0013745  0.0002561 -0.0003552  0.0005376  0.0021445  0.0011446  0.0009117 -0.0026342 -0.0004455  0.0006975 -0.0003522  0.0011438
C  0  1  67  0  1  9  -0.0025270  0.0000102  0.0014981 -0.0001716  0.0017601  0.0004677  0.0000538  0.0017888 -0.0031600 -0.0028815 -0.0020176 -0.0029381  0.0005373 -0.0016627 -0.0009181  0.0009018
C  0  1  67  0  1 10   0.0015303  0.0001716  0.0012073  0.0015572  0.0018626 -0.0008181  0.0011232  0.0004042 -0.0021151 -0.0018073 -0.0016279 -0.0004265 -0.0017045 -0.0003324 -0.0006010  0.0014890
C  0  1  67  0  1 11   0.0007903 -0.0004851 -0.0006135  0.0012114  0.0013741  0.0010437 -0.0024546  0.0004576 -0.0026972 -0.0003235 -0.0005567 -0.0009663  0.0005355  0.0004621  0.0002716 -0.0001322
C  0  1  67  0  1 12  -0.0003215  0.0006143  0.0001565 -0.0015533  0.0021884 -0.0006982  0.0013510 -0.0001428  0.0016171 -0.0000889  0.0001590  0.0018480  0.0017731  0.0017818 -0.0007908 -0.0000309
C  0  1  67  0  1 13   0.0008805 -0.0022089  0.0007631  0.0016670  0.0037126  0.0007334 -0.0002647  0.0005829 -0.0002499 -0.0001455  0.0010026 -0.0004996 -0.0010555 -0.0000320 -0.0011921  0.0014521
C  0  1  67  0  1 14   0.0016931  0.0001295  0.0027422  0.0027223  0.0009257  0.0018079 -0.0009230  0.0015941  0.0018025  0.0013029  0.0014453  0.0004850 -0.0000226  0.0008548 -0.0004870  0.0023369
C  0  1  67  0  1 15  -0.0001686 -0.0020951  0.0000889  0.0011262 -0.0010088  0.0006741  0.0012647 -0.0001135 -0.0007004 -0.0007093 -0.0013215  0.0029749 -0.0000027 -0.0008454  0.0006188  0.0001872
C  0  1  67  0  1 16   0.0023735  0.0026176  0.0003501  0.0005738 -0.0024911  0.0008008  0.0007324  0.0018875  0.0007366 -0.0001864 -0.0003773  0.0005283 -0.0021291 -0.0004450  0.0002054  0.0026352
C  0  1  67  0  1 17   0.0012697 -0.0016720 -0.0002877  0.0043763  0.0000211  0.0039714  0.0040640  0.0024959 -0.0004921  0.0033015  0.0041955  0.0007213  0.0027000  0.0012256  0.0057375  0.0062352
C  0  1  67  0  1 18   0.0055019  0.0054954  0.0032608  0.0016483  0.0004136  0.0022202  0.0044919  0.0005151 -0.0007140  0.0007645  0.0019552  0.0028530  0.0017714  0.0003971  0.0050907  0.0041596
C  0  1  67  0  1 19   0.0033675  0.0026193  0.0003377  0.0031154  0.0000735  0.0019112  0.0053786  0.0023037  0.0031197  0.0020099 -0.0004270  0.0012315  0.0033998  0.0020331  0.0032707  0.0044763
C  0  1  67  0  1 20   0.0042191  0.0055771  0.0057752  0.0056355  0.0002829  0.0028375  0.0030135  0.0057945  0.0018061  0.0037034 -0.0013706 -0.0019564  0.0032975  0.0054313  0.0065261  0.0087262
C  0  1  67  0  1 21   0.0129432  0.0126980  0.0051413  0.0034274 -0.0009548 -0.0041021 -0.0076947 -0.0033096 -0.0035575 -0.0026663  0.0005230  0.0070803 -0.0001971  0.0043558  0.0117207  0.0011084
C  0  1  67  1  0  0  -0.4501954 -0.4542973 -0.3593609 -0.3698323 -0.1254937 -0.4185713 -0.3412819 -0.2810895 -0.3352865 -0.2000433 -0.2912086 -0.3807631 -0.3655579 -0.3413645 -0.4229158 -0.5150020
C  0  1  67  1  0  1  -0.2763266 -0.3343704 -0.2676657 -0.2233148 -0.2732551 -0.2930140 -0.2181369 -0.2340528 -0.2756560 -0.2164004 -0.3612340 -0.3036244 -0.3647557 -0.3725623 -0.3745644 -0.3075134
C  0  1  67  1  0  2  -0.3080779 -0.3339708 -0.2587897 -0.3372330 -0.3139926 -0.2626090 -0.2303580 -0.2751089 -0.2930884 -0.1897538 -0.2939660 -0.2936131 -0.3077332 -0.3824982 -0.2263458 -0.3806453
C  0  1  67  1  0  3  -0.2784434 -0.3233571 -0.3666838 -0.2559194 -0.3037854 -0.2308748 -0.1980107 -0.1424249 -0.1253738 -0.1907726 -0.2546882 -0.2550261 -0.2273900 -0.3138188 -0.3161872 -0.2965065
C  0  1  67  1  0  4  -0.2760694 -0.2688723 -0.2342551 -0.2549880 -0.2644255 -0.2221362 -0.2856417 -0.2409512 -0.2444588 -0.1777777 -0.2150060 -0.3011872 -0.2622494 -0.2529313 -0.3204143 -0.2847370
C  0  1  67  1  0  5  -0.1979770 -0.1796907 -0.1300742 -0.1711211 -0.1780758 -0.1428393 -0.1619731 -0.1417896 -0.1286886 -0.1672970 -0.1750431 -0.1565347 -0.2119878 -0.1208703 -0.1892048 -0.2042705
C  0  1  67  1  0  6  -0.1818948 -0.1450454 -0.1608406 -0.1631318 -0.1145488 -0.1559858 -0.1333852 -0.1289989 -0.1396853 -0.1400642 -0.0973972 -0.1067878 -0.0891289 -0.1505183 -0.1386945 -0.1637673
C  0  1  67  1  0  7  -0.1363499 -0.1487389 -0.1581276 -0.1305814 -0.1652957 -0.1876828 -0.1705537 -0.1421542 -0.1284656 -0.1148407 -0.0773403 -0.1172343 -0.1454220 -0.1219542 -0.1270523 -0.1234933
C  0  1  67  1  0  8  -0.1617568 -0.1230271 -0.1458063 -0.1656498 -0.2088616 -0.1984176 -0.1822462 -0.1765381 -0.1769053 -0.1297849 -0.0985244 -0.2160894 -0.1130764 -0.1407619 -0.1262202 -0.0889344
C  0  1  67  1  0  9  -0.1071514 -0.1106459 -0.0959332 -0.1135658 -0.1057656 -0.1215467 -0.0983289 -0.1475164 -0.1440217 -0.1349508 -0.0109134 -0.1409336 -0.1239578 -0.1094374 -0.1177782 -0.1083292
C  0  1  67  1  0 10  -0.1441670 -0.0879222 -0.1069278 -0.1419409 -0.1440179 -0.1409965 -0.1393857 -0.1407768 -0.0809650 -0.1701399 -0.1246805 -0.1464570 -0.1158492 -0.1143030 -0.1120017 -0.1170031
C  0  1  67  1  0 11  -0.1512824 -0.0947949 -0.1370369 -0.1065719 -0.1071350 -0.1173758 -0.0965858 -0.1540925 -0.1614511 -0.0861789 -0.1031872 -0.1243434 -0.1185263 -0.1499893 -0.0917506 -0.1055888
C  0  1  67  1  0 12  -0.0953266 -0.1024861 -0.1133556 -0.0654429 -0.1201527 -0.1038163 -0.1503183 -0.1787494 -0.1320010 -0.1430915 -0.1165131 -0.0546348 -0.1102442 -0.1151102 -0.1262177 -0.1209414
C  0  1  67  1  0 13  -0.1007685 -0.1551093 -0.1335800 -0.1212095 -0.1618932 -0.1775115 -0.1554215 -0.1463454 -0.1206874 -0.1335979 -0.1713059 -0.1328614 -0.1536687 -0.1181875 -0.1754683 -0.1376748
C  0  1  67  1  0 14  -0.1348467 -0.1912580 -0.1235339 -0.1381289 -0.1583421 -0.1495768 -0.1385547 -0.2471124 -0.1577622 -0.1233891 -0.1062323 -0.1389090 -0.1679772 -0.0903065 -0.1322931 -0.1914788
C  0  1  67  1  0 15  -0.1036127 -0.1975847 -0.1277261 -0.0768209 -0.1530703 -0.0995885 -0.1330403 -0.1765354 -0.1712405 -0.1059114 -0.1282798 -0.1787599 -0.1346851 -0.1084894 -0.0995641 -0.1572866
C  0  1  67  1  0 16  -0.1617445 -0.1332901 -0.1259968 -0.1719205 -0.1533199 -0.1874441 -0.1690375 -0.2128023 -0.1528054 -0.1798004 -0.1530158 -0.1347409 -0.0993197 -0.1518426 -0.1314562 -0.1090713
C  0  1  67  1  0 17  -0.2307198 -0.2542086 -0.1949949 -0.2644598 -0.2109140 -0.3142131 -0.2424655 -0.2481253 -0.2575783 -0.2347413 -0.2672710 -0.2231427 -0.1701615 -0.2970846 -0.2349016 -0.3043139
C  0  1  67  1  0 18  -0.2504124 -0.2166745 -0.2477351 -0.2613837 -0.2407461 -0.2278022 -0.2802437 -0.2703639 -0.2555523 -0.2295828 -0.2368017 -0.2673606 -0.2516402 -0.1998489 -0.2007336 -0.1743611
C  0  1  67  1  0 19  -0.2504060 -0.2694102 -0.2258458 -0.2787087 -0.2617922 -0.2723623 -0.2449380 -0.1974164 -0.2762803 -0.3171804 -0.2364166 -0.2459208 -0.2499812 -0.2887032 -0.2868219 -0.2405354
C  0  1  67  1  0 20  -0.2664780 -0.3016997 -0.3626204 -0.3487118 -0.3409986 -0.2144386 -0.2773580 -0.2736370 -0.3968387 -0.2659443 -0.2771969 -0.2604524 -0.3308029 -0.3061956 -0.2457803 -0.3384748
C  0  1  67  1  0 21  -0.4121453 -0.3005316 -0.3622668 -0.3311911 -0.2805716 -0.3266961 -0.2797232 -0.3552178 -0.3242229 -0.3727858 -0.3708153 -0.3542052 -0.3205110 -0.3270038 -0.3707314 -0.4800972
C  0  1  67  1  1  0   0.0463979  0.0490561  0.0407360  0.0248314 -0.0005562 -0.0199603 -0.0340137 -0.0425029 -0.0473383 -0.0355351 -0.0319699 -0.0159927  0.0022342  0.0059037  0.0248031  0.0382757
C  0  1  67  1  1  1   0.0244738  0.0215579  0.0188742  0.0120817  0.0010658 -0.0073900 -0.0143838 -0.0185863 -0.0181026 -0.0150764 -0.0162785 -0.0076839  0.0044974  0.0085361  0.0128309  0.0247206
C  0  1  67  1  1  2   0.0130476  0.0128892  0.0085396  0.0044432  0.0009889 -0.0025203 -0.0067991 -0.0090792 -0.0100455 -0.0060625 -0.0053295 -0.0037992 -0.0004292  0.0029606  0.0037335  0.0112607
C  0  1  67  1  1  3   0.0068117  0.0054032  0.0015085  0.0017241  0.0000133 -0.0006217 -0.0048933 -0.0040911 -0.0008832  0.0003102 -0.0035261 -0.0016822  0.0008126  0.0024327  0.0017450  0.0040964
C  0  1  67  1  1  4   0.0013075  0.0026188  0.0004801  0.0000922  0.0029456  0.0027213  0.0009525  0.0025723  0.0040412  0.0026869 -0.0014874 -0.0009090  0.0014124  0.0005801  0.0029144  0.0020203
C  0  1  67  1  1  5   0.0004452 -0.0005665 -0.0001423  0.0016038  0.0021647  0.0035091  0.0020912  0.0035528  0.0046497  0.0011722 -0.0025726 -0.0022955  0.0000238  0.0007266  0.0010376 -0.0020426
C  0  1  67  1  1  6  -0.0001669 -0.0000438 -0.0003003  0.0033635  0.0027975  0.0032412  0.0047623  0.0040463  0.0035471 -0.0003527 -0.0003539 -0.0009681 -0.0000653  0.0003692 -0.0001816 -0.0009953
C  0  1  67  1  1  7  -0.0014264  0.0005050  0.0013041  0.0036400  0.0033437  0.0036276  0.0060868  0.0026426  0.0032637 -0.0004452 -0.0014504  0.0000584  0.0003676  0.0005471  0.0007249 -0.0016484
C  0  1  67  1  1  8  -0.0024203  0.0001339  0.0007071  0.0008990  0.0041454  0.0027099  0.0025603  0.0033615  0.0036653  0.0004326 -0.0003574 -0.0003861  0.0013773  0.0002820  0.0006897 -0.0023223
C  0  1  67  1  1  9   0.0008589  0.0010599  0.0013465  0.0012870  0.0024421  0.0020538  0.0027363  0.0022364  0.0021783 -0.0011101  0.0006557 -0.0007959  0.0003194  0.0001912 -0.0004266 -0.0020528
C  0  1  67  1  1 10  -0.0007253  0.0018559  0.0007834  0.0013588  0.0012520  0.0015789  0.0016492  0.0023189  0.0020028 -0.0005178 -0.0008989 -0.0003841 -0.0008920  0.0009555  0.0014686 -0.0017370
C  0  1  67  1  1 11  -0.0003123  0.0008015  0.0005267  0.0017456  0.0022523 -0.0003641  0.0000244  0.0024977  0.0015454  0.0005658 -0.0024515 -0.0003321 -0.0000193 -0.0006236  0.0000553 -0.0025393
C  0  1  67  1  1 12  -0.0009905  0.0016397  0.0016758  0.0025624  0.0027206  0.0008467  0.0001484  0.0021674  0.0041816  0.0001545 -0.0001613  0.0003611 -0.0005389 -0.0020122 -0.0006668 -0.0021200
C  0  1  67  1  1 13  -0.0010557  0.0005234  0.0016186  0.0024122  0.0011944  0.0023267  0.0033280  0.0050916  0.0038813  0.0001594  0.0005227 -0.0012489 -0.0013937 -0.0037378 -0.0007346 -0.0019997
C  0  1  67  1  1 14  -0.0009654  0.0005442  0.0017484  0.0037150  0.0031735  0.0017968  0.0037902  0.0054883  0.0046056  0.0025536  0.0012147 -0.0011458 -0.0016897 -0.0030296 -0.0015463 -0.0023692
C  0  1  67  1  1 15  -0.0020171 -0.0004319  0.0021101  0.0039372  0.0019356 -0.0018774  0.0014102  0.0031297  0.0043705  0.0016195  0.0009822 -0.0006285 -0.0042623 -0.0059325 -0.0057622 -0.0053863
C  0  1  67  1  1 16  -0.0024203  0.0010138  0.0011727  0.0034442  0.0019931 -0.0003402  0.0030536  0.0024831  0.0029940  0.0045770  0.0017914  0.0011410 -0.0010234 -0.0023632 -0.0053914 -0.0060498
C  0  1  67  1  1 17  -0.0043387  0.0017308  0.0005126  0.0056426  0.0017716 -0.0025177  0.0001915  0.0037022  0.0024781  0.0042301  0.0049249  0.0009717 -0.0016095 -0.0048099 -0.0049144 -0.0046883
C  0  1  67  1  1 18  -0.0005038  0.0054132  0.0049556  0.0062124  0.0034407 -0.0004585 -0.0026274 -0.0012299  0.0011041  0.0041679  0.0005732  0.0004074 -0.0022171 -0.0047843 -0.0076316 -0.0045998
C  0  1  67  1  1 19   0.0016904  0.0075708  0.0115471  0.0095077  0.0052840  0.0008305 -0.0032609 -0.0014268  0.0022529  0.0054537  0.0024442  0.0000744 -0.0043335 -0.0053150 -0.0063179 -0.0022579
C  0  1  67  1  1 20  -0.0006367  0.0138759  0.0176272  0.0126813  0.0043829  0.0046459 -0.0019713 -0.0009468  0.0015983  0.0055815  0.0007871 -0.0034099 -0.0070293 -0.0090638 -0.0059486 -0.0040549
C  0  1  67  1  1 21   0.0082860  0.0200710  0.0312948  0.0238823  0.0130185  0.0161914  0.0111871  0.0108421  0.0114157  0.0125490  0.0005792 -0.0038747 -0.0101274 -0.0167649 -0.0072721  0.0002076
