CPHI 16 
CETA 22 -2.40 -2.10 -1.85 -1.60 -1.40 -1.20 -1.00 -0.80 -0.60 -0.40 -0.20  0.00  0.20  0.40  0.60  0.80  1.00  1.20  1.40  1.60  1.85  2.10  2.40 
RMIN  6 
RTRK 12 
RETA 11  0.00  0.20  0.40  0.60  0.80  1.00  1.20  1.40  1.60  1.85  2.10  2.40 
T 0 1  68  0  0  0    0.0000000   0.0006815   0.0017463   0.0032344   0.0123373   0.0691097   0.2781449   0.6537167   1.0000000   1.0000000   1.0000000   1.0000000   1.0000000
T 0 1  68  0  0  1    0.0000000   0.0001492   0.0005411   0.0024389   0.0122885   0.0590536   0.2255906   0.5886486   1.0000000   1.0000000   1.0000000   1.0000000   1.0000000
T 0 1  68  0  0  2    0.0000000   0.0001387   0.0005463   0.0017433   0.0106692   0.0555896   0.2092438   0.5735851   1.0000000   1.0000000   1.0000000   1.0000000   1.0000000
T 0 1  68  0  0  3    0.0000000   0.0002113   0.0005878   0.0016330   0.0113178   0.0626783   0.2259206   0.5870511   1.0000000   1.0000000   1.0000000   1.0000000   1.0000000
T 0 1  68  0  0  4    0.0000000   0.0003854   0.0024678   0.0142146   0.0629107   0.2042246   0.4888882   0.8221417   1.0000000   1.0000000   1.0000000   1.0000000   1.0000000
T 0 1  68  0  0  5    0.0000000   0.0009855   0.0073561   0.0512168   0.2058537   0.5325915   0.8761669   0.9993956   1.0000000   1.0000000   1.0000000   1.0000000   1.0000000
T 0 1  68  0  0  6    0.0000000   0.0002659   0.0012125   0.0102829   0.0674017   0.2773349   0.6637595   0.9315271   0.9982831   1.0000000   1.0000000   1.0000000   1.0000000
T 0 1  68  0  0  7    0.0000000   0.0000794   0.0004133   0.0008991   0.0048401   0.0310358   0.1193932   0.2973996   0.5809194   0.8692144   0.9840622   0.9998757   1.0000000
T 0 1  68  0  0  8    0.0000000   0.0000007   0.0000275   0.0001214   0.0004033   0.0009543   0.0041965   0.0251631   0.1194656   0.3929691   0.7891582   0.9692473   1.0000000
T 0 1  68  0  0  9    0.0000000   0.0000118   0.0000161   0.0000424   0.0005251   0.0036473   0.0184710   0.0858498   0.3019946   0.6586546   0.9383998   0.9999180   1.0000000
T 0 1  68  0  0 10    0.0000000   0.0067180   0.0293461   0.0467868   0.0797777   0.1688335   0.3376153   0.6897057   0.9107254   0.9704463   0.9998025   1.0000000   1.0000000
T 0 1  68  1  0  0    0.0000000   0.0005148   0.0016399   0.0047460   0.0213440   0.1017716   0.3374237   0.6994022   1.0000000   1.0000000   1.0000000   1.0000000   1.0000000
T 0 1  68  1  0  1    0.0000000   0.0002633   0.0010891   0.0042307   0.0181163   0.0752157   0.2537985   0.6193956   1.0000000   1.0000000   1.0000000   1.0000000   1.0000000
T 0 1  68  1  0  2    0.0000000   0.0002194   0.0008486   0.0027728   0.0124455   0.0616642   0.2339277   0.6064318   1.0000000   1.0000000   1.0000000   1.0000000   1.0000000
T 0 1  68  1  0  3    0.0000000   0.0002283   0.0008669   0.0027852   0.0140251   0.0700545   0.2491207   0.6198491   1.0000000   1.0000000   1.0000000   1.0000000   1.0000000
T 0 1  68  1  0  4    0.0000000   0.0004356   0.0027620   0.0153929   0.0663357   0.2155446   0.5058694   0.8320271   1.0000000   1.0000000   1.0000000   1.0000000   1.0000000
T 0 1  68  1  0  5    0.0000000   0.0011873   0.0094478   0.0577925   0.2246261   0.5586818   0.8900123   0.9996500   1.0000000   1.0000000   1.0000000   1.0000000   1.0000000
T 0 1  68  1  0  6    0.0000000   0.0004626   0.0026649   0.0180020   0.0942133   0.3329130   0.7236541   0.9536823   0.9988141   0.9999984   1.0000000   1.0000000   1.0000000
T 0 1  68  1  0  7    0.0000000   0.0002246   0.0006446   0.0024765   0.0123245   0.0526267   0.1570011   0.3413836   0.6074237   0.8728054   0.9849908   0.9998878   1.0000000
T 0 1  68  1  0  8    0.0000000   0.0009562   0.0014955   0.0017998   0.0022382   0.0036136   0.0107994   0.0452511   0.1686405   0.4573475   0.8251665   0.9710661   1.0000000
T 0 1  68  1  0  9    0.0000000   0.0021003   0.0074838   0.0131257   0.0159362   0.0198461   0.0401951   0.1288935   0.3661962   0.7154288   0.9583841   0.9999941   1.0000000
T 0 1  68  1  0 10    0.0000000   0.0032254   0.0170235   0.0428863   0.0843736   0.1746921   0.3942474   0.7474223   0.9511020   0.9856143   0.9999985   1.0000000   1.0000000
R 0 1  68  0  0  0    0.0235296   0.0235296   0.0111694   0.0103488   0.0104352   0.0101395   0.0100085   0.0098312   0.0098312   0.0098312   0.0098312   0.0098312
R 0 1  68  0  0  1    0.0121195   0.0121195   0.0121195   0.0121195   0.0109305   0.0109054   0.0109841   0.0108551   0.0108551   0.0108551   0.0108551   0.0108551
R 0 1  68  0  0  2    0.0124575   0.0124575   0.0124575   0.0124575   0.0120365   0.0120317   0.0118459   0.0117008   0.0117008   0.0117008   0.0117008   0.0117008
R 0 1  68  0  0  3    0.0133836   0.0133836   0.0133836   0.0133836   0.0127257   0.0125618   0.0123797   0.0122224   0.0122224   0.0122224   0.0122224   0.0122224
R 0 1  68  0  0  4    0.0192568   0.0192568   0.0192568   0.0173835   0.0169167   0.0159177   0.0145493   0.0130948   0.0130948   0.0130948   0.0130948   0.0130948
R 0 1  68  0  0  5    0.0211734   0.0211734   0.0193268   0.0191284   0.0187571   0.0180524   0.0169412   0.0169412   0.0169412   0.0169412   0.0169412   0.0169412
R 0 1  68  0  0  6    0.0202212   0.0202212   0.0202212   0.0203388   0.0208202   0.0207629   0.0208056   0.0205356   0.0205356   0.0205356   0.0205356   0.0205356
R 0 1  68  0  0  7    0.0227261   0.0227261   0.0227261   0.0227261   0.0206412   0.0211320   0.0211188   0.0209719   0.0205632   0.0196816   0.0196816   0.0196816
R 0 1  68  0  0  8    0.0213391   0.0213391   0.0213391   0.0213391   0.0213391   0.0213391   0.0213391   0.0210483   0.0209663   0.0209752   0.0202295   0.0187466
R 0 1  68  0  0  9    0.0312934   0.0312934   0.0312934   0.0312934   0.0312934   0.0312934   0.0298957   0.0289122   0.0274675   0.0263932   0.0250296   0.0250296
R 0 1  68  0  0 10    0.0768303   0.0711193   0.0604531   0.0537921   0.0475473   0.0437666   0.0410468   0.0355241   0.0334482   0.0309899   0.0309899   0.0309899
R 0 1  68  0  1  0    0.0000000   0.0000000   0.0000000   0.0000376   0.0000895   0.0000774   0.0000729   0.0000638   0.0000638   0.0000638   0.0000638   0.0000638
R 0 1  68  0  1  1    0.0000933   0.0000933   0.0000933   0.0000933   0.0000619   0.0000667   0.0000639   0.0000574   0.0000574   0.0000574   0.0000574   0.0000574
R 0 1  68  0  1  2    0.0000522   0.0000522   0.0000522   0.0000522   0.0000623   0.0000656   0.0000599   0.0000536   0.0000536   0.0000536   0.0000536   0.0000536
R 0 1  68  0  1  3    0.0000624   0.0000624   0.0000624   0.0000624   0.0000747   0.0000556   0.0000554   0.0000456   0.0000456   0.0000456   0.0000456   0.0000456
R 0 1  68  0  1  4    0.0001244   0.0001244   0.0001244   0.0000903   0.0000895   0.0000769   0.0000559   0.0000437   0.0000437   0.0000437   0.0000437   0.0000437
R 0 1  68  0  1  5    0.0002229   0.0002229   0.0000872   0.0000667   0.0000709   0.0000594   0.0000454   0.0000454   0.0000454   0.0000454   0.0000454   0.0000454
R 0 1  68  0  1  6    0.0000678   0.0000678   0.0000678   0.0000389   0.0000631   0.0000549   0.0000517   0.0000306   0.0000306   0.0000306   0.0000306   0.0000306
R 0 1  68  0  1  7    0.0001182   0.0001182   0.0001182   0.0001182   0.0000910   0.0000478   0.0000633   0.0000698   0.0000719   0.0000438   0.0000438   0.0000438
R 0 1  68  0  1  8    0.0001389   0.0001389   0.0001389   0.0001389   0.0001389   0.0001389   0.0001389   0.0001133   0.0000959   0.0000976   0.0000847   0.0000653
R 0 1  68  0  1  9    0.0002679   0.0002679   0.0002679   0.0002679   0.0002679   0.0002679   0.0002307   0.0002028   0.0001841   0.0001541   0.0001426   0.0001426
R 0 1  68  0  1 10    0.0014064   0.0011062   0.0008342   0.0007246   0.0005914   0.0004620   0.0003969   0.0002604   0.0001829   0.0001839   0.0001839   0.0001839
R 0 1  68  0  2  0    0.0000000   0.0000000   0.0000000   0.0000000   0.0000137   0.0000156   0.0000116   0.0000105   0.0000105   0.0000105   0.0000105   0.0000105
R 0 1  68  0  2  1    0.0000000   0.0000000   0.0000000   0.0000000   0.0000000   0.0000000   0.0000049   0.0000114   0.0000114   0.0000114   0.0000114   0.0000114
R 0 1  68  0  2  2    0.0000000   0.0000000   0.0000000   0.0000000   0.0000555   0.0000000   0.0000069   0.0000089   0.0000089   0.0000089   0.0000089   0.0000089
R 0 1  68  0  2  3    0.0000536   0.0000536   0.0000536   0.0000536   0.0000000   0.0000000   0.0000120   0.0000154   0.0000154   0.0000154   0.0000154   0.0000154
R 0 1  68  0  2  4    0.0000000   0.0000000   0.0000000   0.0000000   0.0000000   0.0000208   0.0000000   0.0000104   0.0000104   0.0000104   0.0000104   0.0000104
R 0 1  68  0  2  5    0.0000000   0.0000000   0.0000000   0.0000000   0.0000107   0.0000198   0.0000124   0.0000124   0.0000124   0.0000124   0.0000124   0.0000124
R 0 1  68  0  2  6    0.0000000   0.0000000   0.0000000   0.0000000   0.0000000   0.0000000   0.0000000   0.0000000   0.0000000   0.0000000   0.0000000   0.0000000
R 0 1  68  0  2  7    0.0000000   0.0000000   0.0000000   0.0000000   0.0000000   0.0000000   0.0000000   0.0000000   0.0000000   0.0000000   0.0000000   0.0000000
R 0 1  68  0  2  8    0.0000000   0.0000000   0.0000000   0.0000000   0.0000000   0.0000000   0.0000000   0.0000000   0.0000000   0.0000000   0.0000000   0.0000000
R 0 1  68  0  2  9    0.0000000   0.0000000   0.0000000   0.0000000   0.0000000   0.0000000   0.0000000   0.0000320   0.0000000   0.0000187   0.0000000   0.0000000
R 0 1  68  0  2 10    0.0000000   0.0000000   0.0000000   0.0000000   0.0000000   0.0000000   0.0001045   0.0000855   0.0000000   0.0000000   0.0000000   0.0000000
R 0 1  68  0  3  0    1.0955305   1.0955305   1.1186010   1.0266902   0.9986930   0.9850941   0.9815637   0.9822523   0.9822523   0.9822523   0.9822523   0.9822523
R 0 1  68  0  3  1    1.0144479   1.0144479   1.0144479   1.0144479   1.0035783   0.9835780   0.9787741   0.9791649   0.9791649   0.9791649   0.9791649   0.9791649
R 0 1  68  0  3  2    1.0133518   1.0133518   1.0133518   1.0133518   1.0008378   0.9866408   0.9801856   0.9801718   0.9801718   0.9801718   0.9801718   0.9801718
R 0 1  68  0  3  3    0.9936863   0.9936863   0.9936863   0.9936863   1.0026880   0.9876841   0.9806580   0.9813773   0.9813773   0.9813773   0.9813773   0.9813773
R 0 1  68  0  3  4    1.0168558   1.0168558   1.0168558   0.9868306   0.9765189   0.9727251   0.9796206   0.9926026   0.9926026   0.9926026   0.9926026   0.9926026
R 0 1  68  0  3  5    1.0223398   1.0223398   0.9957945   0.9827644   0.9754563   0.9756431   0.9718248   0.9718248   0.9718248   0.9718248   0.9718248   0.9718248
R 0 1  68  0  3  6    1.0531782   1.0531782   1.0531782   1.0020194   0.9854536   0.9852627   0.9823364   0.9877361   0.9877361   0.9877361   0.9877361   0.9877361
R 0 1  68  0  3  7    1.0276702   1.0276702   1.0276702   1.0276702   1.0386741   1.0013590   0.9880708   0.9884469   0.9882953   0.9888343   0.9888343   0.9888343
R 0 1  68  0  3  8    1.0291235   1.0291235   1.0291235   1.0291235   1.0291235   1.0291235   1.0291235   0.9925237   0.9834600   0.9845785   0.9878421   1.0230146
R 0 1  68  0  3  9    1.0161417   1.0161417   1.0161417   1.0161417   1.0161417   1.0161417   0.9941804   0.9741099   0.9740798   0.9875955   1.0040042   1.0040042
R 0 1  68  0  3 10    1.0872327   1.0358658   1.0420710   0.9866100   0.9799670   0.9737941   0.9681118   0.9691589   0.9960452   1.0127670   1.0127670   1.0127670
R 0 1  68  0  4  0    1.3644107   1.3644107   1.3579417   2.0819341   2.2938369   2.2598337   2.2427782   2.2702266   2.2702266   2.2702266   2.2702266   2.2702266
R 0 1  68  0  4  1    1.9275584   1.9275584   1.9275584   1.9275584   2.1272190   2.1865573   2.1935519   2.2041732   2.2041732   2.2041732   2.2041732   2.2041732
R 0 1  68  0  4  2    1.8574934   1.8574934   1.8574934   1.8574934   2.1851746   2.2505981   2.2255454   2.2357514   2.2357514   2.2357514   2.2357514   2.2357514
R 0 1  68  0  4  3    1.6671309   1.6671309   1.6671309   1.6671309   2.2116820   2.2476284   2.2274546   2.2242566   2.2242566   2.2242566   2.2242566   2.2242566
R 0 1  68  0  4  4    1.9074004   1.9074004   1.9074004   2.0472124   2.0748799   2.0657314   2.2265623   2.4090719   2.4090719   2.4090719   2.4090719   2.4090719
R 0 1  68  0  4  5    1.8613935   1.8613935   2.0473065   2.1652052   2.0888948   2.1210139   2.0183378   2.0183378   2.0183378   2.0183378   2.0183378   2.0183378
R 0 1  68  0  4  6    2.0753672   2.0753672   2.0753672   2.2427635   2.2916211   2.3427395   2.3197082   2.2847439   2.2847439   2.2847439   2.2847439   2.2847439
R 0 1  68  0  4  7    1.8164497   1.8164497   1.8164497   1.8164497   2.3556018   2.3721363   2.3100510   2.3726094   2.4282983   2.3499149   2.3499149   2.3499149
R 0 1  68  0  4  8    2.3046065   2.3046065   2.3046065   2.3046065   2.3046065   2.3046065   2.3046065   2.2019799   2.2026250   2.2715389   2.3231089   2.3065704
R 0 1  68  0  4  9    1.9698090   1.9698090   1.9698090   1.9698090   1.9698090   1.9698090   2.1083240   2.0431667   2.0678902   2.2217675   2.1955341   2.1955341
R 0 1  68  0  4 10    2.0049845   2.2563907   1.9995121   1.8818145   2.0086464   1.9828829   1.9676216   1.9523117   2.0446492   2.0874043   2.0874043   2.0874043
R 0 1  68  0  5  0   10.9898766  10.9898766   6.5056632   3.8582570   3.3250235   3.8601180   4.1307726   3.9407441   3.9407441   3.9407441   3.9407441   3.9407441
R 0 1  68  0  5  1    4.6227048   4.6227048   4.6227048   4.6227048   4.2263321   4.3897815   4.5678325   4.2369938   4.2369938   4.2369938   4.2369938   4.2369938
R 0 1  68  0  5  2    4.2069385   4.2069385   4.2069385   4.2069385   4.3353331   4.1335346   4.0301080   4.2922886   4.2922886   4.2922886   4.2922886   4.2922886
R 0 1  68  0  5  3    5.8857280   5.8857280   5.8857280   5.8857280   4.1048568   4.2014511   4.3338800   4.4287552   4.4287552   4.4287552   4.4287552   4.4287552
R 0 1  68  0  5  4    4.7250372   4.7250372   4.7250372   4.6238269   5.4659550   5.2129354   3.8496334   2.9990006   2.9990006   2.9990006   2.9990006   2.9990006
R 0 1  68  0  5  5    4.6664348   4.6664348   4.8584120   4.4195814   5.4440927   4.3934933   4.0119637   4.0119637   4.0119637   4.0119637   4.0119637   4.0119637
R 0 1  68  0  5  6    3.0448502   3.0448502   3.0448502   3.9214982   3.5899703   3.0533383   2.4296651   2.0325744   2.0325744   2.0325744   2.0325744   2.0325744
R 0 1  68  0  5  7    3.9189718   3.9189718   3.9189718   3.9189718   3.4370377   2.9627481   3.1246605   2.7412796   2.4538625   2.0744397   2.0744397   2.0744397
R 0 1  68  0  5  8    3.7387886   3.7387886   3.7387886   3.7387886   3.7387886   3.7387886   3.7387886   4.9428983   4.9632410   4.3714564   3.3558778   3.9512625
R 0 1  68  0  5  9    6.0339117   6.0339117   6.0339117   6.0339117   6.0339117   6.0339117   5.5640694   5.9903364   6.2616707   5.2586283   5.8678582   5.8678582
R 0 1  68  0  5 10    5.2045014   4.0396422   4.3955671   5.6973484   5.0483981   6.2546702   8.1369935   8.1148097   6.4881525   6.5030421   6.5030421   6.5030421
F  0  1  68  0  0  0    0.9900305   1.0272080   1.0014639   1.0068747   0.9777228   1.0021376   0.9948590   0.9855622   0.9894491   0.9853646   0.9751807
F  0  1  68  1  0  0    1.0884836   1.0620487   1.0728056   1.0659457   1.0627275   1.0832844   1.0730964   1.0551755   1.0387637   1.0634770   1.0730977
C  0  1  68  0  0  0  -0.1531702 -0.0897081 -0.1538201 -0.4006426 -0.2399736 -0.1665332 -0.1861619 -0.0021163 -0.3179339 -0.1221567 -0.2606096 -0.1962841 -0.1424786 -0.3799545 -0.3156469 -0.0096018
C  0  1  68  0  0  1   0.0018515 -0.1338512 -0.0578219 -0.0657607 -0.2468552 -0.1027399 -0.1509875 -0.1007615 -0.0582775 -0.1198707 -0.0725869 -0.0477524 -0.1718290 -0.1574788 -0.2434383 -0.0114118
C  0  1  68  0  0  2  -0.1332334 -0.0484765 -0.0641164 -0.0822744 -0.0131472 -0.0208906  0.0009005 -0.0575691 -0.0242144 -0.0815767  0.0120812 -0.0422123 -0.0676753 -0.0290701 -0.0685330 -0.1176901
C  0  1  68  0  0  3  -0.1071808 -0.0291348 -0.0603546 -0.0864750 -0.0412406 -0.0912606 -0.0993653 -0.0762216 -0.0588389  0.0442767 -0.0792807 -0.1504758 -0.1984200 -0.0153512 -0.1408930 -0.0347418
C  0  1  68  0  0  4  -0.0664085  0.0005506 -0.0774915 -0.0628599 -0.1440253 -0.1545567 -0.0014240 -0.0589556 -0.0541330 -0.1381390 -0.1490693 -0.0268070 -0.2165228 -0.1553352 -0.0399031 -0.1703980
C  0  1  68  0  0  5  -0.0237937  0.0566383 -0.0839370  0.0093948  0.0151230  0.0118783 -0.0126870  0.0375320  0.0072163 -0.0419648 -0.0294440 -0.0158680 -0.0674997  0.0956458  0.1077066 -0.0818375
C  0  1  68  0  0  6  -0.0390183  0.0935553  0.0574266  0.0681609 -0.0624711  0.0874837 -0.0700167 -0.0862199  0.0043080 -0.0030021 -0.0126701 -0.0116888 -0.0888763 -0.0581865 -0.0782451  0.0026209
C  0  1  68  0  0  7  -0.0017727  0.0501106 -0.0248632 -0.0216138  0.0411014  0.0456910  0.0433689  0.0592236 -0.1019897 -0.0612610  0.0169184 -0.0303676  0.0460136 -0.0488985 -0.0005231  0.0078208
C  0  1  68  0  0  8   0.0538641  0.0276230  0.0181152  0.0593790 -0.0252739  0.0722887 -0.0610866 -0.0662619 -0.0279666  0.0667488 -0.0926796 -0.0181943 -0.0247011  0.0838162 -0.0399826 -0.0174861
C  0  1  68  0  0  9  -0.0485551  0.0915210  0.0122058 -0.0023510  0.0032284  0.0781993 -0.0490205  0.0516291  0.0162822  0.0001186  0.0412169  0.0661704 -0.0555509  0.0662859 -0.0039831  0.0188882
C  0  1  68  0  0 10   0.0136189 -0.0156961  0.0220356  0.0397129 -0.0526000  0.0366951 -0.0949223 -0.0473067 -0.0678578 -0.0218287  0.0430641  0.0459524  0.0144919  0.0404574  0.0011315  0.0026119
C  0  1  68  0  0 11   0.0296380  0.0650894 -0.0358737  0.0429207  0.0205046  0.0700588  0.0446322  0.1026514 -0.0074623  0.0027981  0.0398001  0.0105932  0.0083944 -0.0059245  0.0385242 -0.0144677
C  0  1  68  0  0 12   0.0427032 -0.0339172 -0.0128565 -0.0484980  0.0332141  0.0167531 -0.0394487 -0.0361447 -0.0197312  0.0002496 -0.0425033  0.0780847 -0.0925864 -0.0145703  0.0278478  0.0223987
C  0  1  68  0  0 13   0.0083423  0.0437283  0.0529578 -0.0003228  0.0283059 -0.0529576  0.0201914 -0.0321910  0.0555042  0.0542379  0.0653143 -0.0504262  0.0355716 -0.0130550 -0.0740225 -0.0267913
C  0  1  68  0  0 14  -0.0272559  0.0179598  0.0150843  0.0167823  0.0687190 -0.0528415 -0.0329972  0.0700938  0.0054053 -0.0373930  0.0343259 -0.0272149 -0.0579457  0.0528664  0.0085089 -0.0484683
C  0  1  68  0  0 15  -0.0657114 -0.0361101  0.0110939  0.0592132  0.0372058 -0.0940619 -0.0248527  0.0277165  0.0391852  0.0421852 -0.0763255 -0.0627631 -0.0209148  0.0082174 -0.0492825  0.0207434
C  0  1  68  0  0 16   0.0724654  0.0813644 -0.0499265 -0.0051529 -0.0067272 -0.0943657 -0.0833857  0.0599813 -0.0810493  0.0394031 -0.0348835 -0.0256706 -0.1336467  0.0051628 -0.0445040  0.0795544
C  0  1  68  0  0 17  -0.0663394 -0.1202734 -0.1353995 -0.0513955 -0.1318369 -0.0928940 -0.0741647 -0.0074378 -0.0473674 -0.1999736 -0.0122559  0.0047420 -0.1477841 -0.1278957 -0.0663364 -0.0489789
C  0  1  68  0  0 18  -0.2075330  0.0386480 -0.0205012 -0.0206513 -0.1115380 -0.0792591 -0.1352030 -0.0285556 -0.0683288 -0.0449205 -0.1111840 -0.0367805 -0.0357839  0.0402290 -0.1895157 -0.0011343
C  0  1  68  0  0 19   0.0746481 -0.0513223 -0.1851296  0.0582617 -0.0678269 -0.0167675 -0.1486375 -0.0317604 -0.0975745 -0.0645839 -0.0487248 -0.0059999 -0.0517913 -0.0796378  0.0351867 -0.1125925
C  0  1  68  0  0 20  -0.0957127 -0.1305086 -0.1190277 -0.0336527 -0.1617885 -0.2402081 -0.2033161 -0.1899912 -0.1005101 -0.1772010 -0.2279381  0.1513857 -0.0477144 -0.1669995 -0.2357370 -0.2311642
C  0  1  68  0  0 21  -0.2583023 -0.2163113 -0.2183430 -0.2149754 -0.1416849 -0.1268592 -0.1770857 -0.1453522 -0.3089909 -0.1411532 -0.1432244 -0.2282532 -0.3647207 -0.3189958 -0.2441886 -0.2650004
C  0  1  68  0  1  0  -0.0007158  0.0009625  0.0022449 -0.0005434 -0.0063131  0.0008133  0.0012356 -0.0002154  0.0015875 -0.0016858 -0.0027490 -0.0016259  0.0068231  0.0053434  0.0048754  0.0064062
C  0  1  68  0  1  1   0.0006454  0.0002353 -0.0016693 -0.0038491 -0.0016913 -0.0043307  0.0051555 -0.0003008  0.0006446 -0.0015504 -0.0012497 -0.0024323  0.0001358  0.0054897  0.0035376  0.0043238
C  0  1  68  0  1  2   0.0018792 -0.0009840  0.0002856 -0.0005577 -0.0023390 -0.0004589 -0.0001031  0.0021768 -0.0017238  0.0004052 -0.0028587 -0.0021943  0.0000890  0.0010442 -0.0009670  0.0003770
C  0  1  68  0  1  3   0.0023851  0.0003032  0.0011498 -0.0033220 -0.0024334  0.0012629  0.0024910 -0.0008838 -0.0013427 -0.0020206 -0.0017217 -0.0023360 -0.0004210 -0.0026336 -0.0008222  0.0047982
C  0  1  68  0  1  4   0.0027794 -0.0011141 -0.0028541  0.0037649  0.0021863 -0.0012970  0.0001873 -0.0009063  0.0029375  0.0001922  0.0007172 -0.0006968 -0.0001269 -0.0009670 -0.0002546 -0.0014340
C  0  1  68  0  1  5   0.0009576 -0.0007763 -0.0025622  0.0019201 -0.0010700 -0.0018901  0.0014140  0.0005207 -0.0005838  0.0006568  0.0010463 -0.0008464  0.0014654 -0.0017184  0.0022821 -0.0015047
C  0  1  68  0  1  6   0.0030965 -0.0017001 -0.0011552 -0.0016034  0.0018500 -0.0003430 -0.0016108  0.0003894 -0.0010629 -0.0006173 -0.0012934  0.0013396 -0.0014375 -0.0028446  0.0013167 -0.0007541
C  0  1  68  0  1  7   0.0031223 -0.0006001 -0.0001924 -0.0002415  0.0019209  0.0016393 -0.0000714 -0.0013324  0.0014691 -0.0008897  0.0013103 -0.0016737 -0.0020906  0.0001537 -0.0003631 -0.0015609
C  0  1  68  0  1  8   0.0013326  0.0004772  0.0006103 -0.0029131  0.0011705  0.0010530  0.0033853 -0.0015578  0.0014047  0.0011549  0.0011406 -0.0028827 -0.0004162  0.0007456  0.0005005  0.0009560
C  0  1  68  0  1  9  -0.0029757  0.0014809  0.0016115  0.0002817  0.0001148  0.0001656  0.0000887 -0.0013464  0.0005468 -0.0014801 -0.0024036 -0.0011144 -0.0014807  0.0010546 -0.0017537  0.0013656
C  0  1  68  0  1 10   0.0003216 -0.0008391  0.0020196  0.0011023  0.0013854 -0.0004158  0.0008709 -0.0006225 -0.0010007 -0.0034344 -0.0001346 -0.0004391 -0.0031770 -0.0018532 -0.0003078  0.0026239
C  0  1  68  0  1 11   0.0018493  0.0000944  0.0010682 -0.0004246  0.0002201  0.0000968 -0.0016408 -0.0011744 -0.0025763  0.0002494 -0.0006271 -0.0009264  0.0014357  0.0006045  0.0002185 -0.0005449
C  0  1  68  0  1 12  -0.0003160  0.0006648  0.0003274  0.0009162  0.0004591 -0.0015386  0.0019080  0.0010843 -0.0000054 -0.0011079  0.0007247  0.0011165 -0.0004846 -0.0010349 -0.0008571  0.0015137
C  0  1  68  0  1 13   0.0037605 -0.0015289  0.0007184  0.0000851  0.0029479  0.0013127 -0.0010489 -0.0004984  0.0007523 -0.0007931  0.0000270 -0.0018073 -0.0006346  0.0015848  0.0008613  0.0003523
C  0  1  68  0  1 14   0.0014869  0.0004661  0.0029076  0.0014400  0.0011429  0.0024132 -0.0002416  0.0017955 -0.0004266  0.0008246 -0.0009234 -0.0000068  0.0019615  0.0015187 -0.0002431  0.0026762
C  0  1  68  0  1 15   0.0005244  0.0007854 -0.0010451  0.0001996 -0.0000620  0.0015408  0.0010977 -0.0015878  0.0006679 -0.0015689 -0.0001380 -0.0002495  0.0009871  0.0009863 -0.0004174  0.0014426
C  0  1  68  0  1 16   0.0009217  0.0025535  0.0022152 -0.0000222  0.0004984  0.0030866 -0.0003791 -0.0024429 -0.0008875 -0.0001238  0.0015172  0.0000106 -0.0000710  0.0022375  0.0038137  0.0001640
C  0  1  68  0  1 17   0.0012509  0.0012444 -0.0009179  0.0038796  0.0011506  0.0026092  0.0025725  0.0011120  0.0005395  0.0012994  0.0026426  0.0009458  0.0018206 -0.0005948  0.0056267  0.0035442
C  0  1  68  0  1 18   0.0050818  0.0044259 -0.0005106  0.0010610  0.0008258 -0.0000757  0.0030720  0.0025305 -0.0003082  0.0025574  0.0040719  0.0016829 -0.0007901  0.0000364  0.0073772  0.0032325
C  0  1  68  0  1 19   0.0015325  0.0031101  0.0005126  0.0023010  0.0001428  0.0029631  0.0029188  0.0030654  0.0021418  0.0022665 -0.0006769  0.0010894 -0.0003287  0.0022846  0.0004795  0.0046902
C  0  1  68  0  1 20   0.0064570  0.0060404  0.0042389  0.0028216 -0.0027236  0.0049446  0.0030497  0.0042013  0.0023858  0.0026258  0.0015273 -0.0000977  0.0008714  0.0051716  0.0076910  0.0049930
C  0  1  68  0  1 21   0.0128053  0.0120990  0.0039197 -0.0004444 -0.0060126 -0.0085348 -0.0095898 -0.0010662 -0.0006411  0.0005621  0.0006625  0.0033980  0.0010709  0.0065208  0.0106632  0.0086701
C  0  1  68  1  0  0  -0.4246563 -0.3280438 -0.3721741 -0.2699644 -0.2132601 -0.4335485 -0.3454556 -0.2647730 -0.3138272 -0.3160130 -0.3523798 -0.5559944 -0.4069314 -0.4712752 -0.4297875 -0.4450133
C  0  1  68  1  0  1  -0.2783224 -0.3679228 -0.2984098 -0.2509626 -0.3684663 -0.2982862 -0.2299270 -0.2125003 -0.3146827 -0.2434818 -0.3150394 -0.3258548 -0.3598705 -0.3977638 -0.3382639 -0.4036948
C  0  1  68  1  0  2  -0.3021323 -0.3315749 -0.2526390 -0.2442846 -0.2642598 -0.2045200 -0.2337757 -0.2268513 -0.2114765 -0.1845904 -0.2713638 -0.2892364 -0.2787973 -0.3569820 -0.2847752 -0.3642438
C  0  1  68  1  0  3  -0.2900384 -0.2837749 -0.3350280 -0.3125998 -0.2236713 -0.2100181 -0.1929058 -0.1617714 -0.1701215 -0.2214163 -0.2096869 -0.2464043 -0.2845500 -0.2486224 -0.2979819 -0.2726073
C  0  1  68  1  0  4  -0.2785086 -0.2479434 -0.2765435 -0.2200351 -0.2953887 -0.1937576 -0.2457707 -0.2134594 -0.2527954 -0.1837621 -0.1947219 -0.2866876 -0.3427655 -0.2701537 -0.3411707 -0.2812937
C  0  1  68  1  0  5  -0.1410652 -0.1768682 -0.1591065 -0.1530644 -0.1663325 -0.1763364 -0.1617147 -0.1365115 -0.1103358 -0.1387698 -0.1205370 -0.1951014 -0.2315502 -0.1585930 -0.1802847 -0.1639723
C  0  1  68  1  0  6  -0.1171130 -0.1332628 -0.1721415 -0.1643434 -0.1363392 -0.1404626 -0.1635282 -0.1538822 -0.1251689 -0.1322285 -0.0791729 -0.1196414 -0.1499280 -0.1256021 -0.1499479 -0.2002855
C  0  1  68  1  0  7  -0.1447392 -0.1665008 -0.1374947 -0.1126599 -0.1381045 -0.1270721 -0.1397279 -0.1070142 -0.0924146 -0.0983512 -0.0574143 -0.1296935 -0.1406410 -0.1169408 -0.1055044 -0.0998453
C  0  1  68  1  0  8  -0.2007163 -0.0775571 -0.1374785 -0.1257806 -0.1924137 -0.1016849 -0.1401665 -0.1922224 -0.1356566 -0.1374358 -0.1156445 -0.1494438 -0.1297327 -0.1745300 -0.1641158 -0.1323176
C  0  1  68  1  0  9  -0.1451858 -0.1527358 -0.1024921 -0.1377893 -0.1125105 -0.1559151 -0.0937771 -0.1627189 -0.1068929 -0.1344136 -0.0373476 -0.1168422 -0.1831699 -0.0662997 -0.1380069 -0.1240719
C  0  1  68  1  0 10  -0.1506388 -0.1298878 -0.1409245 -0.1809889 -0.1727429 -0.1380328 -0.1319061 -0.1248111 -0.0984206 -0.1314739 -0.1342758 -0.1028872 -0.1180328 -0.1046567 -0.1124036 -0.1399971
C  0  1  68  1  0 11  -0.1235402 -0.1064593 -0.1675572 -0.1010810 -0.1122562 -0.1180639 -0.0865771 -0.1412961 -0.1564340 -0.0907882 -0.1156647 -0.1137358 -0.1088551 -0.1266272 -0.0893537 -0.1501520
C  0  1  68  1  0 12  -0.0931243 -0.1257861 -0.1372746 -0.1316085 -0.1113735 -0.1132348 -0.1372339 -0.1636312 -0.1283051 -0.1606760 -0.1092284 -0.1023823 -0.0763993 -0.1390506 -0.1188099 -0.1190600
C  0  1  68  1  0 13  -0.1300587 -0.1738971 -0.1228264 -0.1467199 -0.1009933 -0.1832194 -0.1217516 -0.1421755 -0.0985893 -0.1140010 -0.1503093 -0.1321694 -0.1847307 -0.1170856 -0.1528378 -0.1337954
C  0  1  68  1  0 14  -0.1514029 -0.1358751 -0.1818710 -0.1589711 -0.1231199 -0.1240113 -0.1033503 -0.1898416 -0.1316528 -0.1241772 -0.1273660 -0.1265912 -0.1311230 -0.0896242 -0.1422678 -0.1731291
C  0  1  68  1  0 15  -0.1037288 -0.1640990 -0.1733504 -0.1220344 -0.1842859 -0.1315874 -0.1641704 -0.1273849 -0.1617686 -0.1066423 -0.0901812 -0.1512382 -0.1470419 -0.0668210 -0.0891992 -0.1446115
C  0  1  68  1  0 16  -0.1744047 -0.1544900 -0.1486735 -0.1412701 -0.1795415 -0.1563865 -0.1997813 -0.1995352 -0.1457772 -0.1645893 -0.1397263 -0.1129570 -0.1349265 -0.1474506 -0.1405453 -0.0768892
C  0  1  68  1  0 17  -0.2426171 -0.2944799 -0.2522814 -0.2689412 -0.2579682 -0.2346302 -0.2672914 -0.2689693 -0.2012215 -0.2722839 -0.2259030 -0.1878353 -0.2007483 -0.2537981 -0.2239236 -0.2949794
C  0  1  68  1  0 18  -0.2405683 -0.3031217 -0.3079521 -0.2690420 -0.2330926 -0.1881399 -0.2774275 -0.2146880 -0.2055705 -0.1903016 -0.2324066 -0.2702296 -0.2840571 -0.2017793 -0.2204156 -0.2297411
C  0  1  68  1  0 19  -0.2606009 -0.2254153 -0.3107886 -0.2918033 -0.3067948 -0.2890113 -0.3002664 -0.2325525 -0.2747562 -0.2741782 -0.1388886 -0.2887841 -0.2724167 -0.1999965 -0.2891671 -0.2426615
C  0  1  68  1  0 20  -0.2492239 -0.2913039 -0.3134754 -0.3284189 -0.3665193 -0.2245129 -0.2715620 -0.3601245 -0.3528414 -0.3228516 -0.2985049 -0.2605122 -0.3574975 -0.2801103 -0.2330559 -0.2794557
C  0  1  68  1  0 21  -0.4411909 -0.4019464 -0.3802783 -0.4651802 -0.3100216 -0.2860551 -0.3053574 -0.3568507 -0.3976958 -0.3524313 -0.3646292 -0.3756685 -0.2016570 -0.3703759 -0.3737840 -0.3506544
C  0  1  68  1  1  0   0.0469176  0.0496644  0.0406786  0.0262949  0.0029496 -0.0214574 -0.0338070 -0.0426726 -0.0465375 -0.0368118 -0.0324627 -0.0174236  0.0040130  0.0075346  0.0248041  0.0383995
C  0  1  68  1  1  1   0.0241208  0.0217682  0.0181760  0.0118816  0.0018114 -0.0090355 -0.0142697 -0.0176983 -0.0173644 -0.0149742 -0.0150796 -0.0074559  0.0034265  0.0089626  0.0128143  0.0254056
C  0  1  68  1  1  2   0.0119639  0.0126524  0.0089381  0.0050093  0.0009771 -0.0036946 -0.0091151 -0.0078250 -0.0094733 -0.0058405 -0.0042654 -0.0026723  0.0004906  0.0024219  0.0043657  0.0114462
C  0  1  68  1  1  3   0.0085563  0.0076041  0.0032245  0.0033532  0.0013346  0.0008750 -0.0031977 -0.0010029 -0.0003062 -0.0007082 -0.0026958 -0.0023930  0.0013148  0.0032293  0.0014533  0.0067661
C  0  1  68  1  1  4   0.0029706  0.0030742  0.0013404  0.0024345  0.0038871  0.0025819  0.0016990  0.0017335  0.0049724  0.0039663 -0.0001667  0.0001871  0.0030066  0.0021870  0.0043558  0.0034730
C  0  1  68  1  1  5   0.0021917  0.0006303  0.0002056  0.0039558  0.0024667  0.0027101  0.0034000  0.0039135  0.0041163  0.0015011 -0.0015094 -0.0001034  0.0007184  0.0022746  0.0021404 -0.0000533
C  0  1  68  1  1  6   0.0009812  0.0012137  0.0015970  0.0041124  0.0042787  0.0041659  0.0044744  0.0053942  0.0047547  0.0011023  0.0002121  0.0000601  0.0007850  0.0012323  0.0007293 -0.0003407
C  0  1  68  1  1  7  -0.0005040  0.0016114  0.0028457  0.0037147  0.0039055  0.0043297  0.0060449  0.0040384  0.0039024  0.0007739 -0.0008442 -0.0004928  0.0016996  0.0005677  0.0016488 -0.0009758
C  0  1  68  1  1  8  -0.0007706  0.0006374  0.0023888  0.0018077  0.0048017  0.0042575  0.0045645  0.0042985  0.0046794  0.0013687 -0.0000284 -0.0002660  0.0015298  0.0004783  0.0013665 -0.0009528
C  0  1  68  1  1  9   0.0011686  0.0018237  0.0015279  0.0030146  0.0026842  0.0023922  0.0046054  0.0023881  0.0031823 -0.0000229  0.0006384  0.0009655  0.0008543  0.0003106 -0.0002298 -0.0007510
C  0  1  68  1  1 10  -0.0001011  0.0020706  0.0020807  0.0017494  0.0029476  0.0024086  0.0023539  0.0025670  0.0031467 -0.0002686 -0.0008878  0.0002932 -0.0005555  0.0007146  0.0013308 -0.0012425
C  0  1  68  1  1 11   0.0004271  0.0015711  0.0011741  0.0019530  0.0033734  0.0006327  0.0010757  0.0019491  0.0032506  0.0016722 -0.0014115 -0.0005100 -0.0003688 -0.0005756  0.0007414 -0.0021950
C  0  1  68  1  1 12  -0.0000477  0.0021353  0.0027816  0.0044050  0.0020577  0.0019359  0.0009776  0.0033407  0.0041922  0.0012279  0.0012365  0.0007095  0.0008270 -0.0014376  0.0012692 -0.0009474
C  0  1  68  1  1 13  -0.0003415  0.0019015  0.0025301  0.0033881  0.0028119  0.0028618  0.0045621  0.0054817  0.0043775  0.0007188  0.0008576 -0.0005635 -0.0006805 -0.0017566  0.0007800 -0.0021200
C  0  1  68  1  1 14  -0.0008064  0.0008781  0.0019494  0.0036620  0.0040675  0.0028119  0.0038695  0.0058678  0.0058607  0.0018036  0.0013881 -0.0011194 -0.0013068 -0.0014587 -0.0019562 -0.0023579
C  0  1  68  1  1 15  -0.0008530  0.0001231  0.0028430  0.0037083  0.0026025 -0.0008940  0.0031552  0.0036465  0.0049507  0.0023820  0.0016665  0.0003451 -0.0026250 -0.0049939 -0.0052654 -0.0061781
C  0  1  68  1  1 16  -0.0018468  0.0004043  0.0041291  0.0041284  0.0029611  0.0001597  0.0037570  0.0039368  0.0037230  0.0062662  0.0016886  0.0024109 -0.0008570 -0.0014510 -0.0054741 -0.0053018
C  0  1  68  1  1 17  -0.0033610  0.0022575  0.0018572  0.0064221  0.0017415 -0.0014010  0.0018821  0.0041957  0.0053534  0.0054688  0.0041243  0.0021427  0.0002834 -0.0026880 -0.0040598 -0.0041079
C  0  1  68  1  1 18   0.0011039  0.0074598  0.0040431  0.0066426  0.0029989  0.0004137 -0.0027369 -0.0000140  0.0021650  0.0036247  0.0004221  0.0010895 -0.0022013 -0.0050791 -0.0051115 -0.0038644
C  0  1  68  1  1 19   0.0013701  0.0085525  0.0112735  0.0096272  0.0066830  0.0029292 -0.0021749 -0.0008270  0.0030802  0.0051051  0.0018822  0.0000542 -0.0032310 -0.0045745 -0.0051546 -0.0026211
C  0  1  68  1  1 20   0.0021724  0.0147902  0.0176592  0.0145967  0.0072259  0.0031582 -0.0027466 -0.0003314  0.0006212  0.0066107  0.0026278 -0.0013369 -0.0063624 -0.0074259 -0.0050545 -0.0042994
C  0  1  68  1  1 21   0.0062034  0.0206577  0.0303491  0.0241509  0.0149532  0.0165526  0.0114977  0.0108453  0.0128439  0.0148861  0.0034573 -0.0029943 -0.0090808 -0.0157607 -0.0072371  0.0012166
