CPHI 16 
CETA 22 -2.40 -2.10 -1.85 -1.60 -1.40 -1.20 -1.00 -0.80 -0.60 -0.40 -0.20  0.00  0.20  0.40  0.60  0.80  1.00  1.20  1.40  1.60  1.85  2.10  2.40 
RMIN  6 
RTRK 12 
RETA 11  0.00  0.20  0.40  0.60  0.80  1.00  1.20  1.40  1.60  1.85  2.10  2.40 
T 0 1  69  0  0  0    0.0000000   0.0006190   0.0017467   0.0032129   0.0122260   0.0694732   0.2776137   0.6537343   1.0000000   1.0000000   1.0000000   1.0000000   1.0000000
T 0 1  69  0  0  1    0.0000000   0.0001272   0.0005493   0.0023794   0.0123617   0.0585037   0.2252703   0.5886942   1.0000000   1.0000000   1.0000000   1.0000000   1.0000000
T 0 1  69  0  0  2    0.0000000   0.0001242   0.0005035   0.0016804   0.0106658   0.0555665   0.2095417   0.5740070   1.0000000   1.0000000   1.0000000   1.0000000   1.0000000
T 0 1  69  0  0  3    0.0000000   0.0001796   0.0005764   0.0017594   0.0116106   0.0626376   0.2255608   0.5860263   1.0000000   1.0000000   1.0000000   1.0000000   1.0000000
T 0 1  69  0  0  4    0.0000000   0.0004313   0.0026040   0.0144003   0.0633281   0.2045875   0.4896976   0.8220792   1.0000000   1.0000000   1.0000000   1.0000000   1.0000000
T 0 1  69  0  0  5    0.0000000   0.0010490   0.0073692   0.0511970   0.2057227   0.5330712   0.8762657   0.9993546   1.0000000   1.0000000   1.0000000   1.0000000   1.0000000
T 0 1  69  0  0  6    0.0000000   0.0003125   0.0012474   0.0101380   0.0673466   0.2768918   0.6628348   0.9314100   0.9982844   0.9999988   1.0000000   1.0000000   1.0000000
T 0 1  69  0  0  7    0.0000000   0.0000510   0.0004059   0.0008572   0.0047809   0.0309840   0.1192582   0.2979244   0.5813127   0.8692537   0.9841287   0.9998742   1.0000000
T 0 1  69  0  0  8    0.0000000   0.0000012   0.0000350   0.0001366   0.0004192   0.0009613   0.0042169   0.0248139   0.1187219   0.3926256   0.7889568   0.9691212   1.0000000
T 0 1  69  0  0  9    0.0000000   0.0000078   0.0000132   0.0000262   0.0005427   0.0036182   0.0180310   0.0859221   0.3018660   0.6589678   0.9379922   0.9999340   1.0000000
T 0 1  69  0  0 10    0.0000000   0.0066456   0.0287986   0.0460198   0.0789212   0.1680091   0.3370979   0.6898658   0.9103601   0.9704664   0.9998479   1.0000000   1.0000000
T 0 1  69  1  0  0    0.0000000   0.0005148   0.0016399   0.0047460   0.0213440   0.1017716   0.3374237   0.6994022   1.0000000   1.0000000   1.0000000   1.0000000   1.0000000
T 0 1  69  1  0  1    0.0000000   0.0002633   0.0010891   0.0042307   0.0181163   0.0752157   0.2537985   0.6193956   1.0000000   1.0000000   1.0000000   1.0000000   1.0000000
T 0 1  69  1  0  2    0.0000000   0.0002194   0.0008486   0.0027728   0.0124455   0.0616642   0.2339277   0.6064318   1.0000000   1.0000000   1.0000000   1.0000000   1.0000000
T 0 1  69  1  0  3    0.0000000   0.0002283   0.0008669   0.0027852   0.0140251   0.0700545   0.2491207   0.6198491   1.0000000   1.0000000   1.0000000   1.0000000   1.0000000
T 0 1  69  1  0  4    0.0000000   0.0004356   0.0027620   0.0153929   0.0663357   0.2155446   0.5058694   0.8320271   1.0000000   1.0000000   1.0000000   1.0000000   1.0000000
T 0 1  69  1  0  5    0.0000000   0.0011873   0.0094478   0.0577925   0.2246261   0.5586818   0.8900123   0.9996500   1.0000000   1.0000000   1.0000000   1.0000000   1.0000000
T 0 1  69  1  0  6    0.0000000   0.0004626   0.0026649   0.0180020   0.0942133   0.3329130   0.7236541   0.9536823   0.9988141   0.9999984   1.0000000   1.0000000   1.0000000
T 0 1  69  1  0  7    0.0000000   0.0002246   0.0006446   0.0024765   0.0123245   0.0526267   0.1570011   0.3413836   0.6074237   0.8728054   0.9849908   0.9998878   1.0000000
T 0 1  69  1  0  8    0.0000000   0.0009562   0.0014955   0.0017998   0.0022382   0.0036136   0.0107994   0.0452511   0.1686405   0.4573475   0.8251665   0.9710661   1.0000000
T 0 1  69  1  0  9    0.0000000   0.0021003   0.0074838   0.0131257   0.0159362   0.0198461   0.0401951   0.1288935   0.3661962   0.7154288   0.9583841   0.9999941   1.0000000
T 0 1  69  1  0 10    0.0000000   0.0032254   0.0170235   0.0428863   0.0843736   0.1746921   0.3942474   0.7474223   0.9511020   0.9856143   0.9999985   1.0000000   1.0000000
R 0 1  69  0  0  0    0.0237967   0.0237967   0.0111708   0.0103805   0.0104143   0.0101667   0.0099949   0.0098272   0.0098272   0.0098272   0.0098272   0.0098272
R 0 1  69  0  0  1    0.0118730   0.0118730   0.0118730   0.0118730   0.0109719   0.0108806   0.0109634   0.0108568   0.0108568   0.0108568   0.0108568   0.0108568
R 0 1  69  0  0  2    0.0123798   0.0123798   0.0123798   0.0123798   0.0120764   0.0120231   0.0118751   0.0116720   0.0116720   0.0116720   0.0116720   0.0116720
R 0 1  69  0  0  3    0.0137440   0.0137440   0.0137440   0.0137440   0.0127723   0.0125233   0.0123764   0.0122584   0.0122584   0.0122584   0.0122584   0.0122584
R 0 1  69  0  0  4    0.0185677   0.0185677   0.0185677   0.0172996   0.0169250   0.0158934   0.0145561   0.0130276   0.0130276   0.0130276   0.0130276   0.0130276
R 0 1  69  0  0  5    0.0193713   0.0193713   0.0193557   0.0192100   0.0187144   0.0180537   0.0169041   0.0169041   0.0169041   0.0169041   0.0169041   0.0169041
R 0 1  69  0  0  6    0.0199459   0.0199459   0.0199459   0.0205488   0.0207477   0.0206737   0.0208046   0.0205635   0.0205635   0.0205635   0.0205635   0.0205635
R 0 1  69  0  0  7    0.0216183   0.0216183   0.0216183   0.0216183   0.0206920   0.0213228   0.0212097   0.0208946   0.0205894   0.0196754   0.0196754   0.0196754
R 0 1  69  0  0  8    0.0212776   0.0212776   0.0212776   0.0212776   0.0212776   0.0212776   0.0212776   0.0210020   0.0210291   0.0209856   0.0202098   0.0188732
R 0 1  69  0  0  9    0.0313496   0.0313496   0.0313496   0.0313496   0.0313496   0.0313496   0.0300202   0.0289016   0.0275540   0.0264103   0.0249831   0.0249831
R 0 1  69  0  0 10    0.0788168   0.0707236   0.0607045   0.0529735   0.0471517   0.0440920   0.0410943   0.0356932   0.0340550   0.0306329   0.0306329   0.0306329
R 0 1  69  0  1  0    0.0000000   0.0000000   0.0000000   0.0000722   0.0000829   0.0000792   0.0000723   0.0000647   0.0000647   0.0000647   0.0000647   0.0000647
R 0 1  69  0  1  1    0.0000635   0.0000635   0.0000635   0.0000635   0.0000622   0.0000685   0.0000623   0.0000563   0.0000563   0.0000563   0.0000563   0.0000563
R 0 1  69  0  1  2    0.0000480   0.0000480   0.0000480   0.0000480   0.0000610   0.0000668   0.0000623   0.0000524   0.0000524   0.0000524   0.0000524   0.0000524
R 0 1  69  0  1  3    0.0000895   0.0000895   0.0000895   0.0000895   0.0000791   0.0000603   0.0000512   0.0000492   0.0000492   0.0000492   0.0000492   0.0000492
R 0 1  69  0  1  4    0.0001378   0.0001378   0.0001378   0.0000836   0.0000896   0.0000731   0.0000547   0.0000443   0.0000443   0.0000443   0.0000443   0.0000443
R 0 1  69  0  1  5    0.0000503   0.0000503   0.0000867   0.0000742   0.0000632   0.0000569   0.0000457   0.0000457   0.0000457   0.0000457   0.0000457   0.0000457
R 0 1  69  0  1  6    0.0000372   0.0000372   0.0000372   0.0000523   0.0000598   0.0000580   0.0000537   0.0000194   0.0000194   0.0000194   0.0000194   0.0000194
R 0 1  69  0  1  7    0.0000933   0.0000933   0.0000933   0.0000933   0.0000771   0.0000796   0.0000739   0.0000653   0.0000703   0.0000534   0.0000534   0.0000534
R 0 1  69  0  1  8    0.0001240   0.0001240   0.0001240   0.0001240   0.0001240   0.0001240   0.0001240   0.0001044   0.0001019   0.0000995   0.0000771   0.0000837
R 0 1  69  0  1  9    0.0002727   0.0002727   0.0002727   0.0002727   0.0002727   0.0002727   0.0002199   0.0002011   0.0001884   0.0001553   0.0001378   0.0001378
R 0 1  69  0  1 10    0.0014990   0.0011382   0.0008805   0.0007304   0.0005758   0.0004984   0.0003915   0.0002599   0.0002316   0.0001371   0.0001371   0.0001371
R 0 1  69  0  2  0    0.0000000   0.0000000   0.0000000   0.0000000   0.0000000   0.0000094   0.0000092   0.0000094   0.0000094   0.0000094   0.0000094   0.0000094
R 0 1  69  0  2  1    0.0000000   0.0000000   0.0000000   0.0000000   0.0000000   0.0000172   0.0000000   0.0000116   0.0000116   0.0000116   0.0000116   0.0000116
R 0 1  69  0  2  2    0.0000640   0.0000640   0.0000640   0.0000640   0.0000803   0.0000100   0.0000070   0.0000161   0.0000161   0.0000161   0.0000161   0.0000161
R 0 1  69  0  2  3    0.0000000   0.0000000   0.0000000   0.0000000   0.0000000   0.0000119   0.0000125   0.0000070   0.0000070   0.0000070   0.0000070   0.0000070
R 0 1  69  0  2  4    0.0000000   0.0000000   0.0000000   0.0000000   0.0000000   0.0000000   0.0000073   0.0000189   0.0000189   0.0000189   0.0000189   0.0000189
R 0 1  69  0  2  5    0.0000000   0.0000000   0.0000000   0.0000000   0.0000281   0.0000216   0.0000000   0.0000000   0.0000000   0.0000000   0.0000000   0.0000000
R 0 1  69  0  2  6    0.0000000   0.0000000   0.0000000   0.0000000   0.0000000   0.0000000   0.0000000   0.0000000   0.0000000   0.0000000   0.0000000   0.0000000
R 0 1  69  0  2  7    0.0000000   0.0000000   0.0000000   0.0000000   0.0000000   0.0000000   0.0000000   0.0000100   0.0000000   0.0000298   0.0000298   0.0000298
R 0 1  69  0  2  8    0.0000000   0.0000000   0.0000000   0.0000000   0.0000000   0.0000000   0.0000000   0.0000000   0.0000000   0.0000000   0.0000000   0.0000000
R 0 1  69  0  2  9    0.0000000   0.0000000   0.0000000   0.0000000   0.0000000   0.0000000   0.0000000   0.0000000   0.0000000   0.0000145   0.0000000   0.0000000
R 0 1  69  0  2 10    0.0000000   0.0000000   0.0000000   0.0000000   0.0000000   0.0000570   0.0000726   0.0000000   0.0000000   0.0000000   0.0000000   0.0000000
R 0 1  69  0  3  0    0.9790640   0.9790640   1.0858043   1.0296450   0.9952566   0.9873858   0.9821745   0.9830747   0.9830747   0.9830747   0.9830747   0.9830747
R 0 1  69  0  3  1    1.0285082   1.0285082   1.0285082   1.0285082   1.0028397   0.9827447   0.9772998   0.9808674   0.9808674   0.9808674   0.9808674   0.9808674
R 0 1  69  0  3  2    1.0233507   1.0233507   1.0233507   1.0233507   0.9946463   0.9839909   0.9808600   0.9826140   0.9826140   0.9826140   0.9826140   0.9826140
R 0 1  69  0  3  3    0.9982254   0.9982254   0.9982254   0.9982254   0.9996050   0.9868214   0.9818755   0.9811397   0.9811397   0.9811397   0.9811397   0.9811397
R 0 1  69  0  3  4    1.0365629   1.0365629   1.0365629   0.9851246   0.9740890   0.9729487   0.9770483   0.9875142   0.9875142   0.9875142   0.9875142   0.9875142
R 0 1  69  0  3  5    1.0664230   1.0664230   0.9959102   0.9856421   0.9751135   0.9704980   0.9715002   0.9715002   0.9715002   0.9715002   0.9715002   0.9715002
R 0 1  69  0  3  6    1.0266087   1.0266087   1.0266087   0.9975442   0.9904737   0.9828576   0.9841499   0.9848797   0.9848797   0.9848797   0.9848797   0.9848797
R 0 1  69  0  3  7    1.0472778   1.0472778   1.0472778   1.0472778   1.0301541   1.0018286   0.9881401   0.9838432   0.9886574   0.9915593   0.9915593   0.9915593
R 0 1  69  0  3  8    1.0266813   1.0266813   1.0266813   1.0266813   1.0266813   1.0266813   1.0266813   0.9937872   0.9836344   0.9836582   0.9878878   1.0186184
R 0 1  69  0  3  9    1.0244699   1.0244699   1.0244699   1.0244699   1.0244699   1.0244699   0.9849903   0.9762230   0.9754005   0.9836598   1.0050755   1.0050755
R 0 1  69  0  3 10    1.0607150   1.0416030   1.0350716   0.9997349   0.9817013   0.9725855   0.9697618   0.9684240   0.9922121   1.0075101   1.0075101   1.0075101
R 0 1  69  0  4  0    1.0725124   1.0725124   1.2307995   2.0139783   2.2120191   2.3229951   2.2490656   2.2785017   2.2785017   2.2785017   2.2785017   2.2785017
R 0 1  69  0  4  1    2.0699682   2.0699682   2.0699682   2.0699682   2.1736228   2.1713123   2.1754824   2.2313109   2.2313109   2.2313109   2.2313109   2.2313109
R 0 1  69  0  4  2    2.0121787   2.0121787   2.0121787   2.0121787   2.1913133   2.2495821   2.2332116   2.2631327   2.2631327   2.2631327   2.2631327   2.2631327
R 0 1  69  0  4  3    1.8088531   1.8088531   1.8088531   1.8088531   2.2195340   2.2447409   2.2344621   2.2368472   2.2368472   2.2368472   2.2368472   2.2368472
R 0 1  69  0  4  4    1.9450700   1.9450700   1.9450700   2.0346676   2.0338656   2.0805903   2.1901924   2.3394524   2.3394524   2.3394524   2.3394524   2.3394524
R 0 1  69  0  4  5    1.8789518   1.8789518   2.0546553   2.1985308   2.0937824   2.0554932   1.9884428   1.9884428   1.9884428   1.9884428   1.9884428   1.9884428
R 0 1  69  0  4  6    1.9226044   1.9226044   1.9226044   2.1580408   2.3594414   2.3169316   2.3300816   2.2253883   2.2253883   2.2253883   2.2253883   2.2253883
R 0 1  69  0  4  7    1.8073467   1.8073467   1.8073467   1.8073467   2.2554775   2.4499924   2.3477274   2.3129652   2.4245338   2.3947779   2.3947779   2.3947779
R 0 1  69  0  4  8    2.2565372   2.2565372   2.2565372   2.2565372   2.2565372   2.2565372   2.2565372   2.2349881   2.2269809   2.2772574   2.2700249   2.2274492
R 0 1  69  0  4  9    2.2080783   2.2080783   2.2080783   2.2080783   2.2080783   2.2080783   2.0190426   2.0508714   2.0651638   2.1824619   2.2665474   2.2665474
R 0 1  69  0  4 10    2.0451560   2.1908080   1.9820103   1.8968756   2.0284646   1.9913695   1.9977861   1.9181649   2.0304192   2.0617378   2.0617378   2.0617378
R 0 1  69  0  5  0  115.3735899 115.3735899  17.1807900   3.5785714   4.0052460   3.6456922   4.1057075   3.8713980   3.8713980   3.8713980   3.8713980   3.8713980
R 0 1  69  0  5  1    3.4180212   3.4180212   3.4180212   3.4180212   4.0777784   4.5591394   4.5889795   4.2534573   4.2534573   4.2534573   4.2534573   4.2534573
R 0 1  69  0  5  2    3.4025717   3.4025717   3.4025717   3.4025717   4.3328099   4.1121358   4.1085290   4.1309196   4.1309196   4.1309196   4.1309196   4.1309196
R 0 1  69  0  5  3    4.6831105   4.6831105   4.6831105   4.6831105   3.9703868   4.0517184   4.3383365   4.1916237   4.1916237   4.1916237   4.1916237   4.1916237
R 0 1  69  0  5  4    4.3792355   4.3792355   4.3792355   4.5572060   5.5630035   5.0472994   3.9400026   3.1599639   3.1599639   3.1599639   3.1599639   3.1599639
R 0 1  69  0  5  5    3.8546011   3.8546011   5.0182336   4.5239987   5.2733463   4.8587933   4.1898570   4.1898570   4.1898570   4.1898570   4.1898570   4.1898570
R 0 1  69  0  5  6    3.4636235   3.4636235   3.4636235   4.3847475   3.2579902   3.0144162   2.4701233   2.1379054   2.1379054   2.1379054   2.1379054   2.1379054
R 0 1  69  0  5  7    3.6618464   3.6618464   3.6618464   3.6618464   3.8354565   2.6559779   2.9220346   2.9585004   2.4885192   1.9906228   1.9906228   1.9906228
R 0 1  69  0  5  8    3.9285841   3.9285841   3.9285841   3.9285841   3.9285841   3.9285841   3.9285841   4.5229019   4.5742455   4.2527136   3.7777441   4.7853553
R 0 1  69  0  5  9    3.9966014   3.9966014   3.9966014   3.9966014   3.9966014   3.9966014   6.9186581   6.5801987   6.5449149   5.5808310   5.2699842   5.2699842
R 0 1  69  0  5 10    5.3904014   4.2192312   4.3075985   5.4971273   4.8090834   6.3561682   7.6121615   9.9151902   6.8802567   6.3401648   6.3401648   6.3401648
F  0  1  69  0  0  0    0.9837956   1.0516900   1.0095418   0.9990105   0.9827439   0.9938375   0.9829121   0.9887672   0.9949503   0.9877794   0.9855714
F  0  1  69  1  0  0    1.0840244   1.0936038   1.0788118   1.0478299   1.0551593   1.0686144   1.0614260   1.0575765   1.0561025   1.0642844   1.0834698
C  0  1  69  0  0  0  -0.1375464 -0.0243141 -0.2192187 -0.3568488 -0.3394269 -0.1314042 -0.1221824 -0.1965852 -0.2083335 -0.0712798 -0.2849446 -0.1226870 -0.1742893 -0.3727727 -0.3098195 -0.0896946
C  0  1  69  0  0  1  -0.0642492 -0.1137836 -0.1527626 -0.0340585 -0.1294842 -0.0969236 -0.1486775 -0.1070612 -0.0691320 -0.0703628 -0.0602034 -0.0431466 -0.1229205 -0.0791157 -0.2540450 -0.0479251
C  0  1  69  0  0  2  -0.1076622 -0.0574914 -0.1964901 -0.0857083 -0.0142449 -0.0107540 -0.0995981 -0.0792323 -0.0869630 -0.0813035 -0.1238427 -0.0912386 -0.2035549 -0.1005797 -0.0500231 -0.1165408
C  0  1  69  0  0  3  -0.1086621 -0.0442919 -0.1241248  0.0330200  0.0065519 -0.1211724 -0.0432460 -0.0185184 -0.1581183 -0.0495291 -0.2389241 -0.0447734 -0.1511131 -0.1023657 -0.1188594 -0.0702026
C  0  1  69  0  0  4  -0.0672959 -0.0441183 -0.0630421 -0.1255370 -0.0656350 -0.2234329 -0.0402072 -0.0429316 -0.1371369  0.0587942  0.0162899  0.0354786 -0.1517433 -0.1401453 -0.0008602 -0.0978282
C  0  1  69  0  0  5  -0.0661852  0.0127473  0.0001200  0.1090214 -0.0017161 -0.0543797 -0.0188453 -0.0373170  0.0053217 -0.0051892 -0.0228660 -0.0538266 -0.0592971  0.0274031  0.0620101 -0.0213023
C  0  1  69  0  0  6  -0.0495229  0.1389703  0.0168365  0.0675590  0.0332373  0.0591612 -0.0029703 -0.1335739 -0.0466256  0.0362855 -0.0929326  0.0255737 -0.0377565  0.0429554 -0.0908091  0.0707628
C  0  1  69  0  0  7   0.0156217  0.0430895  0.0042033  0.0231525 -0.0157397  0.0608671  0.0424545 -0.0661107 -0.0726992 -0.0451081  0.0913315  0.0169000 -0.0023025  0.0320514 -0.0376726  0.0870069
C  0  1  69  0  0  8   0.0481241  0.0776102  0.0532381  0.0308228  0.0289128  0.1062976  0.0103981  0.0136724 -0.0241181  0.0136963  0.0333316  0.0230924 -0.0045462  0.0634009 -0.0583125 -0.0130053
C  0  1  69  0  0  9  -0.0454009  0.0689451  0.0248400  0.0361819  0.0143140  0.0211280 -0.0260556  0.0413939 -0.0672265  0.0249867  0.0481544  0.0004253  0.0146856  0.0015903 -0.0376463  0.0560580
C  0  1  69  0  0 10  -0.0063615  0.0644304 -0.0060730  0.0619306  0.0209067  0.0014964 -0.0440321 -0.0593533  0.0456775 -0.1010371  0.0395287 -0.0541014 -0.0292601  0.0245100  0.0569483  0.0351587
C  0  1  69  0  0 11  -0.0596907  0.1015767 -0.0234681  0.0391399  0.0321223  0.0797479  0.0780164  0.0727279 -0.0317157 -0.0306701 -0.0187919  0.0174156 -0.0999744  0.0489239  0.0179801  0.0324987
C  0  1  69  0  0 12   0.0594334 -0.0140917 -0.0242855  0.0038547  0.0805642  0.0778948 -0.0346335 -0.0405482  0.0123850  0.0224720 -0.0243937 -0.0326609 -0.0668744 -0.0198194  0.0355752  0.0638877
C  0  1  69  0  0 13  -0.0072254  0.0322705  0.0399074 -0.0177935 -0.0169839 -0.0331373  0.0015060  0.0194584 -0.0597481 -0.0098930 -0.1013371 -0.0075363 -0.0094257  0.0171599 -0.0138556  0.0256267
C  0  1  69  0  0 14   0.0081510  0.0270995  0.0763001  0.0604417  0.0251398 -0.0386881  0.0154022  0.0340948  0.0035623 -0.0065281  0.0243522 -0.0679040  0.0713052 -0.0464220 -0.0129786  0.0284281
C  0  1  69  0  0 15  -0.0718549 -0.0296354 -0.0184401  0.0471793  0.0489289 -0.0241215 -0.0353101 -0.0111226  0.0283462 -0.0478679 -0.0760940 -0.1167705  0.0191061 -0.0065060 -0.1355282  0.0211115
C  0  1  69  0  0 16   0.1018435  0.0370084 -0.0377017 -0.0900742  0.0197631 -0.1483592 -0.0872145 -0.0564262 -0.1181627 -0.0121208 -0.0338909 -0.1201348 -0.0956055  0.0549871 -0.0915828  0.0232709
C  0  1  69  0  0 17  -0.0413540  0.0276990 -0.0667654 -0.0751424 -0.0950855 -0.0855372 -0.1486609 -0.0403419 -0.0313306 -0.1256719 -0.0771621 -0.0292612 -0.1505532 -0.2345127 -0.0435731  0.0619896
C  0  1  69  0  0 18  -0.0536667  0.0372262  0.0098885 -0.0782309 -0.1132047 -0.0440312 -0.0587188  0.0047325 -0.0575785  0.0699422 -0.0817071 -0.1172028 -0.1245672 -0.0074581 -0.1873470  0.0856358
C  0  1  69  0  0 19   0.0029493 -0.1019068 -0.0864838 -0.0479750 -0.0922357 -0.0730819 -0.2123980 -0.0552267 -0.2481848 -0.1735219 -0.0322289 -0.1522268 -0.1040509 -0.0924388 -0.0715024 -0.1005427
C  0  1  69  0  0 20  -0.1686861 -0.0268892 -0.0749372 -0.0128724 -0.2509023 -0.1290902 -0.1408816 -0.0691139 -0.2048196 -0.1972828 -0.1960580  0.0113325 -0.0639506 -0.1133882 -0.2663243 -0.3448343
C  0  1  69  0  0 21  -0.2522112 -0.0808994 -0.2515031 -0.2029965 -0.2788881 -0.0970060 -0.1934663 -0.1021200 -0.1922881 -0.0992023 -0.0972862 -0.2044992 -0.2739911 -0.4407604 -0.1800835 -0.1793599
C  0  1  69  0  1  0  -0.0020484  0.0002538  0.0017163 -0.0054686 -0.0044400  0.0049011 -0.0002621  0.0032838 -0.0001513  0.0019270 -0.0022775  0.0039324  0.0062718  0.0076564  0.0037381  0.0051632
C  0  1  69  0  1  1   0.0029781  0.0019055 -0.0032444 -0.0024436 -0.0009682  0.0009236  0.0064074  0.0007042  0.0024190 -0.0020192 -0.0007074 -0.0026095  0.0014808  0.0037977  0.0033906  0.0023786
C  0  1  69  0  1  2   0.0022603 -0.0000433  0.0010166  0.0016063 -0.0012696  0.0016359  0.0015934  0.0002504 -0.0007629  0.0004532 -0.0002040 -0.0011762  0.0021481 -0.0014472 -0.0000733 -0.0006547
C  0  1  69  0  1  3   0.0037265 -0.0010312 -0.0001225 -0.0033652 -0.0010152  0.0025851  0.0008158 -0.0023716 -0.0034852 -0.0020310 -0.0014674 -0.0017519 -0.0003744 -0.0014589  0.0017395  0.0022430
C  0  1  69  0  1  4   0.0035930  0.0003161 -0.0009423  0.0012722  0.0003618 -0.0028543  0.0015976 -0.0019688  0.0006586  0.0020179 -0.0001424 -0.0023629  0.0012266  0.0012041 -0.0002073 -0.0033107
C  0  1  69  0  1  5   0.0010662  0.0020983 -0.0041067  0.0003128  0.0011504 -0.0019393 -0.0013191  0.0021348  0.0019123  0.0001857  0.0010535 -0.0016427 -0.0006319  0.0002838 -0.0002098 -0.0008104
C  0  1  69  0  1  6   0.0019633 -0.0000171 -0.0020955 -0.0002248  0.0010567 -0.0017828 -0.0007627 -0.0017737  0.0004385 -0.0006732 -0.0004879 -0.0008083 -0.0021511 -0.0011767  0.0026593 -0.0013135
C  0  1  69  0  1  7   0.0019249 -0.0015243 -0.0006972 -0.0004658  0.0038445 -0.0001949 -0.0024864 -0.0006385  0.0012216 -0.0030635 -0.0000582 -0.0027206 -0.0011488 -0.0008582  0.0005909 -0.0004997
C  0  1  69  0  1  8   0.0007128  0.0014059 -0.0003786 -0.0015938  0.0006969  0.0014328 -0.0002379 -0.0007141  0.0012527  0.0006598 -0.0014993 -0.0031572 -0.0001410 -0.0011828 -0.0000887  0.0019267
C  0  1  69  0  1  9   0.0005074  0.0006655  0.0018675 -0.0010050  0.0013558  0.0001980  0.0017868  0.0005897 -0.0010440 -0.0021254 -0.0024563 -0.0013610 -0.0019372 -0.0006591 -0.0022058  0.0023682
C  0  1  69  0  1 10   0.0010477  0.0008797  0.0013096  0.0014274  0.0012792 -0.0014084 -0.0000813 -0.0001266 -0.0034041 -0.0032821 -0.0012196 -0.0011757 -0.0012389 -0.0013452 -0.0008464  0.0004877
C  0  1  69  0  1 11  -0.0011996 -0.0001274 -0.0000336  0.0002322  0.0000615 -0.0006217 -0.0028537 -0.0008727 -0.0013885  0.0003316 -0.0008835 -0.0006783  0.0011805  0.0001838  0.0009466 -0.0016208
C  0  1  69  0  1 12   0.0003597  0.0011653  0.0015481 -0.0010339 -0.0002701  0.0008860  0.0002570  0.0001029 -0.0002039  0.0008399 -0.0006186  0.0001122  0.0016158 -0.0002176 -0.0012696  0.0016137
C  0  1  69  0  1 13   0.0016224 -0.0025144  0.0005652  0.0004255  0.0023718  0.0013604 -0.0005499 -0.0010171 -0.0019853  0.0001131 -0.0007107 -0.0021547 -0.0009045  0.0017113 -0.0003840  0.0017294
C  0  1  69  0  1 14   0.0012342  0.0000559  0.0032284 -0.0004712  0.0027807  0.0027017 -0.0010496  0.0003607 -0.0007154  0.0005614  0.0006809  0.0006016 -0.0002275  0.0000877 -0.0012142  0.0011331
C  0  1  69  0  1 15   0.0017233  0.0015534 -0.0016213  0.0005003  0.0014745  0.0023167  0.0021579 -0.0032666  0.0002618  0.0004046 -0.0005728  0.0011509  0.0007852  0.0012079  0.0000177  0.0010024
C  0  1  69  0  1 16   0.0035122 -0.0000379 -0.0000092  0.0005880  0.0003192  0.0013441  0.0017157 -0.0010068 -0.0008250 -0.0011658  0.0001110  0.0001046  0.0006688  0.0029190  0.0019122  0.0020601
C  0  1  69  0  1 17   0.0005815 -0.0011241 -0.0017253  0.0026893  0.0018153  0.0014195  0.0013588  0.0015819 -0.0002202  0.0015249 -0.0001348  0.0002517  0.0013566 -0.0012340  0.0051975  0.0027182
C  0  1  69  0  1 18   0.0068271  0.0059078 -0.0009565 -0.0000800  0.0003365  0.0014552  0.0071087  0.0032630 -0.0013163  0.0021086  0.0026866  0.0006845 -0.0014028  0.0007573  0.0059871  0.0049749
C  0  1  69  0  1 19   0.0040305  0.0014469 -0.0003187  0.0028489  0.0006339 -0.0000377  0.0027481  0.0022916  0.0041979  0.0039494 -0.0008183  0.0005894  0.0011524  0.0021576  0.0018942  0.0033390
C  0  1  69  0  1 20   0.0052481  0.0076058  0.0038842  0.0017715 -0.0005114  0.0045562  0.0021801  0.0070035  0.0031130  0.0028921  0.0006782 -0.0033553  0.0015681  0.0059549  0.0068525  0.0031819
C  0  1  69  0  1 21   0.0145235  0.0152810  0.0064806  0.0015289  0.0000540 -0.0072284 -0.0060398 -0.0006477 -0.0034491 -0.0025597 -0.0011799  0.0066402  0.0017742  0.0039183  0.0066260  0.0056680
C  0  1  69  1  0  0  -0.3539565 -0.4031491 -0.3287539 -0.3457852 -0.1941442 -0.3018792 -0.3267070 -0.3042041 -0.3804130 -0.3527716 -0.3685568 -0.4717616 -0.3334758 -0.3602366 -0.4111549 -0.4108732
C  0  1  69  1  0  1  -0.2871252 -0.3710969 -0.2286969 -0.2497338 -0.3020173 -0.3030644 -0.3122159 -0.2590887 -0.2646184 -0.2026320 -0.2618913 -0.3098946 -0.3921455 -0.3829214 -0.3012169 -0.3370850
C  0  1  69  1  0  2  -0.3560674 -0.3851788 -0.3092828 -0.3321498 -0.3153487 -0.2543749 -0.2922942 -0.2713139 -0.2360792 -0.2615254 -0.2810926 -0.2982265 -0.3389470 -0.4138138 -0.2908998 -0.3241456
C  0  1  69  1  0  3  -0.2378081 -0.3055409 -0.2814466 -0.2623508 -0.2895048 -0.2100854 -0.1577374 -0.1950325 -0.1642862 -0.1764985 -0.2166623 -0.2273572 -0.2692578 -0.2766695 -0.3061963 -0.2490826
C  0  1  69  1  0  4  -0.2649086 -0.2870141 -0.2890182 -0.2724619 -0.2714532 -0.1933955 -0.2752515 -0.2236511 -0.1885309 -0.2156189 -0.1762936 -0.2785742 -0.2743020 -0.2511408 -0.3341245 -0.2864443
C  0  1  69  1  0  5  -0.2122682 -0.1509335 -0.2334284 -0.2068242 -0.1903384 -0.1691950 -0.2244258 -0.1791634 -0.1559027 -0.1146517 -0.2325387 -0.2080150 -0.1935656 -0.1713953 -0.1953826 -0.2396706
C  0  1  69  1  0  6  -0.1427994 -0.1327058 -0.2043623 -0.2313651 -0.0862427 -0.1359732 -0.1228760 -0.1078088 -0.1472933 -0.1247485 -0.0598471 -0.1134375 -0.0875422 -0.1197233 -0.1903208 -0.1772017
C  0  1  69  1  0  7  -0.1642910 -0.1409446 -0.1600792 -0.1103631 -0.1608426 -0.1646507 -0.1565671 -0.1297018 -0.1047886 -0.0929580 -0.0863228 -0.1247056 -0.1728051 -0.1287924 -0.1434289 -0.1286705
C  0  1  69  1  0  8  -0.1803928 -0.1094989 -0.1463817 -0.1628968 -0.1665951 -0.1702970 -0.1502337 -0.1412178 -0.1309010 -0.1095778 -0.1035533 -0.1789574 -0.1195707 -0.1560689 -0.1357009 -0.1564992
C  0  1  69  1  0  9  -0.1367744 -0.1117274 -0.0900406 -0.1457167 -0.0976309 -0.1398860 -0.0978998 -0.1774633 -0.1007736 -0.1401759 -0.0886793 -0.1123608 -0.0828389 -0.1331921 -0.1283952 -0.1480792
C  0  1  69  1  0 10  -0.1432010 -0.1181533 -0.1391792 -0.1268112 -0.1559111 -0.1200656 -0.1586126 -0.0846403 -0.0652861 -0.1331243 -0.0934396 -0.1006007 -0.0823493 -0.1149726 -0.1169717 -0.1284843
C  0  1  69  1  0 11  -0.1326743 -0.1188117 -0.1605751 -0.0766132 -0.0963581 -0.0922977 -0.1089226 -0.1092371 -0.1404973 -0.0931766 -0.1127947 -0.0934838 -0.1112704 -0.0938123 -0.1153433 -0.1006554
C  0  1  69  1  0 12  -0.1075602 -0.1560610 -0.1604812 -0.1158944 -0.1806498 -0.1471067 -0.1447373 -0.1751203 -0.1181904 -0.0948317 -0.1198535 -0.0688788 -0.0785073 -0.1069530 -0.1338506 -0.0961084
C  0  1  69  1  0 13  -0.1013702 -0.1625557 -0.1619164 -0.1403402 -0.1589011 -0.1441928 -0.1288740 -0.1616387 -0.1220802 -0.0863263 -0.1306930 -0.1127071 -0.1628358 -0.1398882 -0.1693048 -0.1314321
C  0  1  69  1  0 14  -0.1296797 -0.1216467 -0.1662197 -0.1476900 -0.1817617 -0.1240120 -0.1527628 -0.1956707 -0.1535325 -0.1270466 -0.1028028 -0.1113689 -0.0981857 -0.0988620 -0.1060535 -0.1968795
C  0  1  69  1  0 15  -0.1399705 -0.1482118 -0.1651981 -0.1204904 -0.1843450 -0.1296866 -0.1487847 -0.1335962 -0.1789181 -0.1282205 -0.0966977 -0.1635625 -0.1223135 -0.1089509 -0.0693281 -0.1971043
C  0  1  69  1  0 16  -0.2046110 -0.1891364 -0.1926225 -0.1712281 -0.1664631 -0.1901039 -0.1767694 -0.2491470 -0.1780964 -0.1906689 -0.1608037 -0.1865319 -0.1387707 -0.1290143 -0.1723442 -0.1751211
C  0  1  69  1  0 17  -0.2368079 -0.3265374 -0.2269413 -0.3168283 -0.2814165 -0.3191712 -0.2366478 -0.2843526 -0.2495058 -0.2437625 -0.2220996 -0.1934099 -0.1738469 -0.2457003 -0.2239641 -0.2512200
C  0  1  69  1  0 18  -0.2446136 -0.2687506 -0.2431591 -0.2506543 -0.2584331 -0.2234174 -0.2744643 -0.2732746 -0.2160982 -0.2305502 -0.2805001 -0.2539748 -0.2719566 -0.1722580 -0.1552163 -0.2231055
C  0  1  69  1  0 19  -0.2979443 -0.3248563 -0.3406299 -0.3636183 -0.3345013 -0.2869472 -0.2577242 -0.2807146 -0.2903401 -0.2914056 -0.1789925 -0.2702871 -0.2360850 -0.2707162 -0.3048991 -0.2448482
C  0  1  69  1  0 20  -0.2925970 -0.2705426 -0.3349060 -0.2543139 -0.3106518 -0.2492937 -0.2746832 -0.2986539 -0.2544014 -0.2352934 -0.2766673 -0.2698885 -0.3465734 -0.2447041 -0.2487735 -0.2753047
C  0  1  69  1  0 21  -0.4485759 -0.4200515 -0.3130877 -0.3407496 -0.3300731 -0.3129208 -0.2815415 -0.2630101 -0.4110148 -0.3023160 -0.3002534 -0.2849457 -0.3355375 -0.3050899 -0.3389291 -0.3674190
C  0  1  69  1  1  0   0.0450838  0.0528295  0.0426023  0.0243956 -0.0004218 -0.0207565 -0.0349680 -0.0412682 -0.0468977 -0.0363661 -0.0307705 -0.0180434  0.0042751  0.0053001  0.0265442  0.0395829
C  0  1  69  1  1  1   0.0253095  0.0224729  0.0175013  0.0104655  0.0022009 -0.0076084 -0.0149048 -0.0189882 -0.0173039 -0.0153062 -0.0154447 -0.0080676  0.0033695  0.0095111  0.0117299  0.0236503
C  0  1  69  1  1  2   0.0124904  0.0127709  0.0088962  0.0046467  0.0010993 -0.0035644 -0.0092035 -0.0091936 -0.0091029 -0.0073842 -0.0043687 -0.0035832 -0.0006879  0.0033802  0.0043768  0.0103541
C  0  1  69  1  1  3   0.0068431  0.0070408  0.0017031  0.0036616 -0.0003401 -0.0005890 -0.0035778 -0.0018455 -0.0014241 -0.0006678 -0.0025828 -0.0010927  0.0009429  0.0032493  0.0007504  0.0053203
C  0  1  69  1  1  4   0.0013081  0.0021098  0.0004080  0.0005101  0.0031678  0.0022212  0.0002195  0.0003253  0.0032054  0.0020482 -0.0022121 -0.0012760  0.0015420  0.0001497  0.0035468  0.0007718
C  0  1  69  1  1  5  -0.0001053  0.0000872  0.0000555  0.0018310  0.0024827  0.0039458  0.0040079  0.0040392  0.0047716  0.0016465 -0.0009818 -0.0021223  0.0012350  0.0018696  0.0016135 -0.0012523
C  0  1  69  1  1  6   0.0008261  0.0009993  0.0009732  0.0033635  0.0036641  0.0039603  0.0043026  0.0043990  0.0039891  0.0008754 -0.0005373 -0.0005678  0.0005573 -0.0003544  0.0003090 -0.0012339
C  0  1  69  1  1  7  -0.0017196  0.0000041  0.0016195  0.0031899  0.0038079  0.0030579  0.0047395  0.0018941  0.0019518  0.0009123 -0.0011243 -0.0013286  0.0008787  0.0000562  0.0002644 -0.0015460
C  0  1  69  1  1  8  -0.0012265  0.0005063  0.0017278  0.0010359  0.0042417  0.0028454  0.0046237  0.0046250  0.0043709  0.0008811 -0.0000700 -0.0004409  0.0017983  0.0001786  0.0011928 -0.0019481
C  0  1  69  1  1  9   0.0007567  0.0021282  0.0012517  0.0019414  0.0027898  0.0022730  0.0031398  0.0029180  0.0019841 -0.0012548  0.0009043  0.0003501  0.0011496  0.0000267 -0.0006129 -0.0019722
C  0  1  69  1  1 10  -0.0013463  0.0009029  0.0004068  0.0004930  0.0010416  0.0010575  0.0015063  0.0021400  0.0018920 -0.0011552 -0.0014921 -0.0005156 -0.0013224 -0.0001806  0.0014038 -0.0015297
C  0  1  69  1  1 11  -0.0012328  0.0005317  0.0014195  0.0010404  0.0011941 -0.0005853  0.0008697  0.0016005  0.0016863  0.0007858 -0.0030090 -0.0011135 -0.0009843 -0.0009501  0.0002309 -0.0026119
C  0  1  69  1  1 12  -0.0015750  0.0009538  0.0021358  0.0033977  0.0014222 -0.0000979  0.0004688  0.0016248  0.0039511  0.0003087  0.0006270  0.0001115  0.0007078 -0.0004739 -0.0000297 -0.0019331
C  0  1  69  1  1 13  -0.0011037  0.0018751  0.0014842  0.0019256  0.0020021  0.0016385  0.0033273  0.0047040  0.0043123  0.0001704  0.0002817  0.0000298 -0.0016264 -0.0032826 -0.0003570 -0.0016760
C  0  1  69  1  1 14  -0.0010739 -0.0003482  0.0017400  0.0025465  0.0036697  0.0017098  0.0027555  0.0056187  0.0036621  0.0009582  0.0006305 -0.0016617 -0.0026915 -0.0020416 -0.0030133 -0.0030426
C  0  1  69  1  1 15  -0.0036930  0.0001075  0.0030398  0.0028491  0.0021468 -0.0014353  0.0025823  0.0013173  0.0055519  0.0021384  0.0016390 -0.0008424 -0.0035199 -0.0058769 -0.0062005 -0.0059175
C  0  1  69  1  1 16  -0.0027130  0.0004558  0.0027515  0.0032240  0.0033837  0.0015449  0.0021443  0.0030194  0.0036078  0.0049983  0.0013904  0.0020849 -0.0016898 -0.0021820 -0.0048785 -0.0055578
C  0  1  69  1  1 17  -0.0037587  0.0010946  0.0013473  0.0055161  0.0009001 -0.0024963 -0.0004709  0.0033713  0.0042864  0.0032682  0.0039005  0.0013895 -0.0024808 -0.0050558 -0.0058729 -0.0054015
C  0  1  69  1  1 18  -0.0001634  0.0063148  0.0049160  0.0064456  0.0038538 -0.0014723 -0.0030777 -0.0011319  0.0020865  0.0040955  0.0012243  0.0007849 -0.0019308 -0.0035980 -0.0065771 -0.0047986
C  0  1  69  1  1 19   0.0014628  0.0074408  0.0119427  0.0088937  0.0058358  0.0019450 -0.0030197 -0.0010857  0.0020518  0.0046669  0.0024235 -0.0009760 -0.0036559 -0.0047626 -0.0064427 -0.0035056
C  0  1  69  1  1 20   0.0011163  0.0128914  0.0188697  0.0147434  0.0052862  0.0023623 -0.0011676 -0.0008993  0.0005110  0.0056827  0.0023808 -0.0023837 -0.0062517 -0.0076502 -0.0067233 -0.0045322
C  0  1  69  1  1 21   0.0091132  0.0214628  0.0309245  0.0213537  0.0162221  0.0155380  0.0096974  0.0122515  0.0121962  0.0125790  0.0023851 -0.0039428 -0.0090233 -0.0176827 -0.0066152 -0.0003347
