CPHI 16 
CETA 22 -2.40 -2.10 -1.85 -1.60 -1.40 -1.20 -1.00 -0.80 -0.60 -0.40 -0.20  0.00  0.20  0.40  0.60  0.80  1.00  1.20  1.40  1.60  1.85  2.10  2.40 
RMIN  6 
RTRK 12 
RETA 11  0.00  0.20  0.40  0.60  0.80  1.00  1.20  1.40  1.60  1.85  2.10  2.40 
T 0 1   7  0  0  0    0.0000000   0.0006717   0.0016887   0.0032352   0.0123741   0.0694673   0.2787421   0.6533078   1.0000000   1.0000000   1.0000000   1.0000000   1.0000000
T 0 1   7  0  0  1    0.0000000   0.0001309   0.0005391   0.0023716   0.0124395   0.0586647   0.2254110   0.5883902   1.0000000   1.0000000   1.0000000   1.0000000   1.0000000
T 0 1   7  0  0  2    0.0000000   0.0001476   0.0005748   0.0018422   0.0107505   0.0552880   0.2086544   0.5739775   1.0000000   1.0000000   1.0000000   1.0000000   1.0000000
T 0 1   7  0  0  3    0.0000000   0.0001773   0.0005466   0.0017107   0.0115404   0.0629072   0.2261013   0.5867808   1.0000000   1.0000000   1.0000000   1.0000000   1.0000000
T 0 1   7  0  0  4    0.0000000   0.0004041   0.0024969   0.0144897   0.0628198   0.2041729   0.4887931   0.8217197   1.0000000   1.0000000   1.0000000   1.0000000   1.0000000
T 0 1   7  0  0  5    0.0000000   0.0010075   0.0074872   0.0514515   0.2057790   0.5321090   0.8754592   0.9993858   1.0000000   1.0000000   1.0000000   1.0000000   1.0000000
T 0 1   7  0  0  6    0.0000000   0.0002836   0.0011555   0.0102756   0.0668070   0.2766445   0.6629665   0.9306626   0.9982609   1.0000000   1.0000000   1.0000000   1.0000000
T 0 1   7  0  0  7    0.0000000   0.0000637   0.0003565   0.0008642   0.0047788   0.0308877   0.1190261   0.2975245   0.5811359   0.8694975   0.9840478   0.9998755   1.0000000
T 0 1   7  0  0  8    0.0000000   0.0000019   0.0000346   0.0001168   0.0003875   0.0009727   0.0042443   0.0250273   0.1198752   0.3937987   0.7891462   0.9692027   1.0000000
T 0 1   7  0  0  9    0.0000000   0.0000101   0.0000129   0.0000384   0.0005196   0.0034965   0.0182768   0.0858715   0.3022446   0.6585490   0.9386720   0.9999318   1.0000000
T 0 1   7  0  0 10    0.0000000   0.0067068   0.0289550   0.0462253   0.0790434   0.1684470   0.3378754   0.6904779   0.9102816   0.9698731   0.9998183   1.0000000   1.0000000
T 0 1   7  1  0  0    0.0000000   0.0005148   0.0016399   0.0047460   0.0213440   0.1017716   0.3374237   0.6994022   1.0000000   1.0000000   1.0000000   1.0000000   1.0000000
T 0 1   7  1  0  1    0.0000000   0.0002633   0.0010891   0.0042307   0.0181163   0.0752157   0.2537985   0.6193956   1.0000000   1.0000000   1.0000000   1.0000000   1.0000000
T 0 1   7  1  0  2    0.0000000   0.0002194   0.0008486   0.0027728   0.0124455   0.0616642   0.2339277   0.6064318   1.0000000   1.0000000   1.0000000   1.0000000   1.0000000
T 0 1   7  1  0  3    0.0000000   0.0002283   0.0008669   0.0027852   0.0140251   0.0700545   0.2491207   0.6198491   1.0000000   1.0000000   1.0000000   1.0000000   1.0000000
T 0 1   7  1  0  4    0.0000000   0.0004356   0.0027620   0.0153929   0.0663357   0.2155446   0.5058694   0.8320271   1.0000000   1.0000000   1.0000000   1.0000000   1.0000000
T 0 1   7  1  0  5    0.0000000   0.0011873   0.0094478   0.0577925   0.2246261   0.5586818   0.8900123   0.9996500   1.0000000   1.0000000   1.0000000   1.0000000   1.0000000
T 0 1   7  1  0  6    0.0000000   0.0004626   0.0026649   0.0180020   0.0942133   0.3329130   0.7236541   0.9536823   0.9988141   0.9999984   1.0000000   1.0000000   1.0000000
T 0 1   7  1  0  7    0.0000000   0.0002246   0.0006446   0.0024765   0.0123245   0.0526267   0.1570011   0.3413836   0.6074237   0.8728054   0.9849908   0.9998878   1.0000000
T 0 1   7  1  0  8    0.0000000   0.0009562   0.0014955   0.0017998   0.0022382   0.0036136   0.0107994   0.0452511   0.1686405   0.4573475   0.8251665   0.9710661   1.0000000
T 0 1   7  1  0  9    0.0000000   0.0021003   0.0074838   0.0131257   0.0159362   0.0198461   0.0401951   0.1288935   0.3661962   0.7154288   0.9583841   0.9999941   1.0000000
T 0 1   7  1  0 10    0.0000000   0.0032254   0.0170235   0.0428863   0.0843736   0.1746921   0.3942474   0.7474223   0.9511020   0.9856143   0.9999985   1.0000000   1.0000000
R 0 1   7  0  0  0    0.0247852   0.0247852   0.0122197   0.0105707   0.0103289   0.0102020   0.0099809   0.0098684   0.0098684   0.0098684   0.0098684   0.0098684
R 0 1   7  0  0  1    0.0117831   0.0117831   0.0117831   0.0117831   0.0110081   0.0109121   0.0109579   0.0108335   0.0108335   0.0108335   0.0108335   0.0108335
R 0 1   7  0  0  2    0.0128308   0.0128308   0.0128308   0.0128308   0.0120024   0.0119964   0.0118914   0.0117056   0.0117056   0.0117056   0.0117056   0.0117056
R 0 1   7  0  0  3    0.0136980   0.0136980   0.0136980   0.0136980   0.0126602   0.0126036   0.0123262   0.0122488   0.0122488   0.0122488   0.0122488   0.0122488
R 0 1   7  0  0  4    0.0189660   0.0189660   0.0189660   0.0172585   0.0169154   0.0158684   0.0144573   0.0131132   0.0131132   0.0131132   0.0131132   0.0131132
R 0 1   7  0  0  5    0.0193780   0.0193780   0.0192553   0.0191134   0.0186648   0.0180247   0.0169055   0.0169055   0.0169055   0.0169055   0.0169055   0.0169055
R 0 1   7  0  0  6    0.0195447   0.0195447   0.0195447   0.0202501   0.0207533   0.0206963   0.0207692   0.0207732   0.0207732   0.0207732   0.0207732   0.0207732
R 0 1   7  0  0  7    0.0214491   0.0214491   0.0214491   0.0214491   0.0207097   0.0210453   0.0211529   0.0209893   0.0205846   0.0196381   0.0196381   0.0196381
R 0 1   7  0  0  8    0.0213030   0.0213030   0.0213030   0.0213030   0.0213030   0.0213030   0.0213030   0.0209457   0.0209836   0.0209834   0.0202089   0.0187788
R 0 1   7  0  0  9    0.0316355   0.0316355   0.0316355   0.0316355   0.0316355   0.0316355   0.0300041   0.0289544   0.0274974   0.0264242   0.0248554   0.0248554
R 0 1   7  0  0 10    0.0752957   0.0709270   0.0614787   0.0532914   0.0470925   0.0437890   0.0411062   0.0355974   0.0336015   0.0303436   0.0303436   0.0303436
R 0 1   7  0  1  0    0.0000000   0.0000000   0.0000000   0.0000704   0.0000821   0.0000836   0.0000725   0.0000676   0.0000676   0.0000676   0.0000676   0.0000676
R 0 1   7  0  1  1    0.0000593   0.0000593   0.0000593   0.0000593   0.0000620   0.0000695   0.0000617   0.0000562   0.0000562   0.0000562   0.0000562   0.0000562
R 0 1   7  0  1  2    0.0000674   0.0000674   0.0000674   0.0000674   0.0000650   0.0000630   0.0000637   0.0000540   0.0000540   0.0000540   0.0000540   0.0000540
R 0 1   7  0  1  3    0.0000980   0.0000980   0.0000980   0.0000980   0.0000621   0.0000596   0.0000543   0.0000498   0.0000498   0.0000498   0.0000498   0.0000498
R 0 1   7  0  1  4    0.0001253   0.0001253   0.0001253   0.0000754   0.0000843   0.0000707   0.0000511   0.0000438   0.0000438   0.0000438   0.0000438   0.0000438
R 0 1   7  0  1  5    0.0000871   0.0000871   0.0000777   0.0000744   0.0000690   0.0000584   0.0000439   0.0000439   0.0000439   0.0000439   0.0000439   0.0000439
R 0 1   7  0  1  6    0.0000742   0.0000742   0.0000742   0.0000417   0.0000556   0.0000604   0.0000444   0.0000355   0.0000355   0.0000355   0.0000355   0.0000355
R 0 1   7  0  1  7    0.0000679   0.0000679   0.0000679   0.0000679   0.0000794   0.0000581   0.0000689   0.0000733   0.0000730   0.0000551   0.0000551   0.0000551
R 0 1   7  0  1  8    0.0001185   0.0001185   0.0001185   0.0001185   0.0001185   0.0001185   0.0001185   0.0001015   0.0001030   0.0001030   0.0000848   0.0000904
R 0 1   7  0  1  9    0.0002548   0.0002548   0.0002548   0.0002548   0.0002548   0.0002548   0.0002350   0.0002051   0.0001716   0.0001606   0.0001295   0.0001295
R 0 1   7  0  1 10    0.0011358   0.0010625   0.0008432   0.0007471   0.0005491   0.0004597   0.0003948   0.0002517   0.0002114   0.0001308   0.0001308   0.0001308
R 0 1   7  0  2  0    0.0000000   0.0000000   0.0000000   0.0000000   0.0000000   0.0000000   0.0000180   0.0000143   0.0000143   0.0000143   0.0000143   0.0000143
R 0 1   7  0  2  1    0.0000000   0.0000000   0.0000000   0.0000000   0.0000000   0.0000000   0.0000136   0.0000247   0.0000247   0.0000247   0.0000247   0.0000247
R 0 1   7  0  2  2    0.0000000   0.0000000   0.0000000   0.0000000   0.0000883   0.0000139   0.0000104   0.0000071   0.0000071   0.0000071   0.0000071   0.0000071
R 0 1   7  0  2  3    0.0000000   0.0000000   0.0000000   0.0000000   0.0000000   0.0000000   0.0000117   0.0000000   0.0000000   0.0000000   0.0000000   0.0000000
R 0 1   7  0  2  4    0.0000000   0.0000000   0.0000000   0.0000000   0.0000000   0.0000116   0.0000101   0.0000000   0.0000000   0.0000000   0.0000000   0.0000000
R 0 1   7  0  2  5    0.0000000   0.0000000   0.0000000   0.0000000   0.0000215   0.0000153   0.0000195   0.0000195   0.0000195   0.0000195   0.0000195   0.0000195
R 0 1   7  0  2  6    0.0000000   0.0000000   0.0000000   0.0000000   0.0000000   0.0000000   0.0000000   0.0000000   0.0000000   0.0000000   0.0000000   0.0000000
R 0 1   7  0  2  7    0.0000000   0.0000000   0.0000000   0.0000000   0.0000000   0.0000000   0.0000000   0.0000000   0.0000000   0.0000000   0.0000000   0.0000000
R 0 1   7  0  2  8    0.0000000   0.0000000   0.0000000   0.0000000   0.0000000   0.0000000   0.0000000   0.0000000   0.0000000   0.0000094   0.0000000   0.0000000
R 0 1   7  0  2  9    0.0000000   0.0000000   0.0000000   0.0000000   0.0000000   0.0000000   0.0000000   0.0000000   0.0000000   0.0000292   0.0000000   0.0000000
R 0 1   7  0  2 10    0.0000000   0.0000000   0.0000000   0.0000000   0.0000000   0.0000000   0.0000494   0.0000458   0.0000000   0.0000000   0.0000000   0.0000000
R 0 1   7  0  3  0    1.0585686   1.0585686   1.0274991   1.0213060   1.0003744   0.9840997   0.9817249   0.9823276   0.9823276   0.9823276   0.9823276   0.9823276
R 0 1   7  0  3  1    1.0236205   1.0236205   1.0236205   1.0236205   0.9975861   0.9834840   0.9789615   0.9793606   0.9793606   0.9793606   0.9793606   0.9793606
R 0 1   7  0  3  2    1.0005821   1.0005821   1.0005821   1.0005821   1.0000016   0.9852462   0.9822117   0.9802453   0.9802453   0.9802453   0.9802453   0.9802453
R 0 1   7  0  3  3    1.0001634   1.0001634   1.0001634   1.0001634   1.0094716   0.9859703   0.9813905   0.9804561   0.9804561   0.9804561   0.9804561   0.9804561
R 0 1   7  0  3  4    1.0026711   1.0026711   1.0026711   1.0021544   0.9778107   0.9722037   0.9789305   0.9884956   0.9884956   0.9884956   0.9884956   0.9884956
R 0 1   7  0  3  5    1.0500231   1.0500231   1.0059226   0.9854170   0.9760642   0.9739301   0.9727380   0.9727380   0.9727380   0.9727380   0.9727380   0.9727380
R 0 1   7  0  3  6    1.0661911   1.0661911   1.0661911   1.0009238   0.9875609   0.9841556   0.9877099   0.9805457   0.9805457   0.9805457   0.9805457   0.9805457
R 0 1   7  0  3  7    1.0647579   1.0647579   1.0647579   1.0647579   1.0305389   1.0009049   0.9904749   0.9854619   0.9852986   0.9875508   0.9875508   0.9875508
R 0 1   7  0  3  8    1.0260154   1.0260154   1.0260154   1.0260154   1.0260154   1.0260154   1.0260154   0.9941602   0.9826900   0.9839769   0.9890121   1.0196241
R 0 1   7  0  3  9    1.0128587   1.0128587   1.0128587   1.0128587   1.0128587   1.0128587   0.9911576   0.9778850   0.9746521   0.9855988   1.0051275   1.0051275
R 0 1   7  0  3 10    1.0516193   1.0347709   1.0188919   0.9865619   0.9856868   0.9724561   0.9706248   0.9652100   1.0010320   1.0171849   1.0171849   1.0171849
R 0 1   7  0  4  0    1.1421093   1.1421093   1.3327372   2.1316538   2.2502070   2.2844383   2.2304433   2.2631909   2.2631909   2.2631909   2.2631909   2.2631909
R 0 1   7  0  4  1    1.9888086   1.9888086   1.9888086   1.9888086   2.1777582   2.2189350   2.2031287   2.2111054   2.2111054   2.2111054   2.2111054   2.2111054
R 0 1   7  0  4  2    1.8912139   1.8912139   1.8912139   1.8912139   2.2625180   2.2640627   2.2565874   2.2306824   2.2306824   2.2306824   2.2306824   2.2306824
R 0 1   7  0  4  3    1.7356411   1.7356411   1.7356411   1.7356411   2.3522814   2.2457774   2.2182684   2.2001928   2.2001928   2.2001928   2.2001928   2.2001928
R 0 1   7  0  4  4    1.7335714   1.7335714   1.7335714   2.1247258   2.0759769   2.0610388   2.2200560   2.3544063   2.3544063   2.3544063   2.3544063   2.3544063
R 0 1   7  0  4  5    1.7404804   1.7404804   2.1030779   2.1680623   2.0956504   2.1121212   2.0220352   2.0220352   2.0220352   2.0220352   2.0220352   2.0220352
R 0 1   7  0  4  6    2.0997331   2.0997331   2.0997331   2.1846073   2.2931934   2.3298634   2.3896265   2.2765861   2.2765861   2.2765861   2.2765861   2.2765861
R 0 1   7  0  4  7    1.7652181   1.7652181   1.7652181   1.7652181   2.2097723   2.3359939   2.3494418   2.3550215   2.3617007   2.3339346   2.3339346   2.3339346
R 0 1   7  0  4  8    2.3249493   2.3249493   2.3249493   2.3249493   2.3249493   2.3249493   2.3249493   2.3131649   2.2311618   2.2790985   2.3077141   2.2308242
R 0 1   7  0  4  9    2.1593555   2.1593555   2.1593555   2.1593555   2.1593555   2.1593555   1.9876192   2.1247356   2.0512576   2.2254913   2.2494311   2.2494311
R 0 1   7  0  4 10    1.8580357   2.2565886   1.9206701   1.8527151   2.0514022   1.9583381   1.9944450   1.8971648   2.0794755   2.1337182   2.1337182   2.1337182
R 0 1   7  0  5  0   62.5464074  62.5464074   9.4570013   3.5824001   3.8572695   3.7463491   4.2293856   4.0689197   4.0689197   4.0689197   4.0689197   4.0689197
R 0 1   7  0  5  1    4.0127211   4.0127211   4.0127211   4.0127211   4.0978321   4.0306110   4.3525447   4.3778818   4.3778818   4.3778818   4.3778818   4.3778818
R 0 1   7  0  5  2    4.0152105   4.0152105   4.0152105   4.0152105   3.7088844   3.9226226   3.9982919   4.2550833   4.2550833   4.2550833   4.2550833   4.2550833
R 0 1   7  0  5  3    5.9610893   5.9610893   5.9610893   5.9610893   3.3587236   4.1807753   4.3774733   4.5052243   4.5052243   4.5052243   4.5052243   4.5052243
R 0 1   7  0  5  4    6.6671425   6.6671425   6.6671425   4.3692716   5.3660987   5.1899693   3.7976784   3.2305246   3.2305246   3.2305246   3.2305246   3.2305246
R 0 1   7  0  5  5    4.7651830   4.7651830   4.9634699   4.6232092   5.2574428   4.5101566   4.0593559   4.0593559   4.0593559   4.0593559   4.0593559   4.0593559
R 0 1   7  0  5  6    2.6109756   2.6109756   2.6109756   4.0831644   3.5827024   3.0420480   2.2540592   2.0469693   2.0469693   2.0469693   2.0469693   2.0469693
R 0 1   7  0  5  7    4.5130640   4.5130640   4.5130640   4.5130640   3.6966301   3.1373803   2.8900207   2.8660571   2.6773719   2.0929632   2.0929632   2.0929632
R 0 1   7  0  5  8    3.6588576   3.6588576   3.6588576   3.6588576   3.6588576   3.6588576   3.6588576   3.7270153   4.4300583   4.1510657   3.5590879   4.6555194
R 0 1   7  0  5  9    4.0532360   4.0532360   4.0532360   4.0532360   4.0532360   4.0532360   8.1470081   5.0824981   6.7631875   5.0439488   4.9204841   4.9204841
R 0 1   7  0  5 10    9.1175709   4.0637143   5.2920382   5.9411067   4.9137802   6.6655127   7.5422853  10.1328604   6.4109373   5.9031404   5.9031404   5.9031404
F  0  1   7  0  0  0    0.9907511   1.0419136   0.9797098   0.9854053   0.9743387   0.9967418   0.9933915   0.9911762   0.9846934   0.9854497   0.9811620
F  0  1   7  1  0  0    1.0547579   1.0828522   1.0650784   1.0693540   1.0650903   1.0726166   1.0723892   1.0473231   1.0418604   1.0709775   1.0809131
C  0  1   7  0  0  0  -0.3978312 -0.1116801 -0.2248556 -0.3048719 -0.1956970 -0.1071602 -0.0802639 -0.2048915 -0.1765627 -0.1113928 -0.1734149 -0.0837707 -0.1062156 -0.1662235 -0.1786984 -0.1113988
C  0  1   7  0  0  1  -0.1706830 -0.2145648 -0.1019380 -0.1730023 -0.0767024  0.0212284 -0.0356740  0.0195465 -0.0846122 -0.1100000  0.0394113 -0.1476424 -0.1517482 -0.1551400 -0.1990892 -0.0379562
C  0  1   7  0  0  2  -0.0831055 -0.1660276 -0.2466050 -0.1068940 -0.0329379  0.0182356 -0.0492130 -0.0341619  0.0758352 -0.0662976 -0.0873806 -0.0131919 -0.1794634 -0.0324028 -0.1023626 -0.0964373
C  0  1   7  0  0  3  -0.1093591 -0.0096390 -0.1694252  0.0286713  0.1474660 -0.1185800 -0.0645805  0.0274450 -0.0222760 -0.0242075 -0.1317467 -0.0505001 -0.2145339 -0.0639870 -0.0307799 -0.0269830
C  0  1   7  0  0  4  -0.0877969 -0.1286496 -0.0990756 -0.1807042 -0.0977711 -0.0933101 -0.0468965 -0.0594062  0.0264098  0.0803290 -0.1125127 -0.0380744 -0.1574876 -0.1182230 -0.0621299 -0.0429254
C  0  1   7  0  0  5  -0.0223173  0.0425686 -0.0620794  0.0087625 -0.0380816 -0.0688674 -0.0210693 -0.0755906  0.0712508 -0.0522168 -0.0068298  0.0100839  0.0065465 -0.0203452  0.0392829  0.0314218
C  0  1   7  0  0  6   0.0010603 -0.0342244  0.0317448  0.0165246  0.0397593 -0.0019884  0.0192957 -0.1545205 -0.0438343  0.0086237  0.0408934  0.0326753 -0.0056936  0.0626756 -0.0614073  0.0826717
C  0  1   7  0  0  7   0.0120052  0.0377116 -0.0198474 -0.0130043  0.0555125  0.0055109 -0.0780184 -0.0042076 -0.0560882 -0.0500768  0.0666459 -0.0022258 -0.0291954  0.0104441 -0.1030019  0.0145639
C  0  1   7  0  0  8  -0.0595493  0.0271547  0.0769595  0.0262604 -0.0066515 -0.0095763 -0.0124847 -0.0407692  0.0034331  0.0753601 -0.0084548 -0.0087086  0.0067538  0.0948868 -0.0549113 -0.0756432
C  0  1   7  0  0  9  -0.0441707  0.0383570 -0.0120048  0.0933937  0.0139232 -0.0008477 -0.0452045  0.0261787 -0.0389290  0.0274444  0.0623764  0.1010827 -0.0513936  0.0557192 -0.0454682  0.0152930
C  0  1   7  0  0 10  -0.0817174 -0.0018817  0.1154184  0.0420246 -0.0277506 -0.0358180 -0.0742528 -0.0156789  0.0224663 -0.1286783 -0.0058569  0.0177005 -0.0365086  0.0310509 -0.0255487  0.0568886
C  0  1   7  0  0 11  -0.0598046  0.0357738 -0.0291961  0.0712356  0.0814830  0.0279323  0.0435273  0.0541298  0.0228790  0.0598149  0.0267772  0.0021364 -0.0304931  0.0272932 -0.0983903  0.0375246
C  0  1   7  0  0 12   0.0722031  0.0361856  0.0026904  0.0123048 -0.0114646  0.1261574 -0.0120308 -0.0199746 -0.0277974  0.0238710 -0.0601640 -0.0733847 -0.1119326 -0.0387942  0.0743432 -0.0154223
C  0  1   7  0  0 13   0.0058758  0.0135312  0.0790942  0.0035139 -0.0132085  0.0463225  0.0217413  0.0177631  0.0931216  0.0090385  0.0196913  0.0155010  0.0426820 -0.0003884  0.0476628 -0.0489580
C  0  1   7  0  0 14  -0.0691800 -0.0259471 -0.0108249 -0.0641525  0.0421803 -0.0241352  0.0498411  0.0512647 -0.0594640 -0.0025797  0.0286048 -0.0492279  0.0175871  0.0834187 -0.0162155 -0.1126465
C  0  1   7  0  0 15  -0.0452249 -0.0291344 -0.0216564  0.0361556  0.0072539 -0.1112847 -0.0389602 -0.0370636 -0.0441339 -0.0317269 -0.0701715 -0.1428836 -0.1008991  0.0112960 -0.0542546  0.0404085
C  0  1   7  0  0 16   0.0556898 -0.0083861 -0.0248073 -0.0019219 -0.0425304 -0.0367416 -0.0184981  0.0073946 -0.1052275  0.0545589  0.0157452 -0.0294961 -0.0846677 -0.0900243 -0.1098061 -0.0192520
C  0  1   7  0  0 17  -0.0851841 -0.1236300 -0.0962224 -0.1411009 -0.0069352  0.0654704 -0.0322196 -0.0687361  0.0241775 -0.1522163  0.0108541 -0.0169711 -0.0487171 -0.1979676 -0.0399492 -0.0037601
C  0  1   7  0  0 18  -0.1085105 -0.0746383 -0.0363439 -0.0634901 -0.1859317 -0.0265504 -0.0566599 -0.0688157 -0.0675048  0.0355898 -0.0790750 -0.0500983 -0.0588359 -0.0110104 -0.2239940 -0.0786817
C  0  1   7  0  0 19  -0.0072673 -0.0485165 -0.1994037  0.0431027 -0.0115306 -0.0163002 -0.1005391 -0.0559425 -0.1141373 -0.0371533 -0.1240570 -0.1541610 -0.0375237 -0.0309512  0.0095728 -0.1231422
C  0  1   7  0  0 20   0.0285454 -0.0905858 -0.0290080 -0.1269303 -0.1676104 -0.0804477 -0.1188895 -0.1662728 -0.1368000 -0.3060279 -0.0605764 -0.0304646 -0.0083041 -0.2146402 -0.1734121 -0.2612736
C  0  1   7  0  0 21  -0.1314751 -0.0542712 -0.1999195 -0.1727722 -0.2179611 -0.1416655 -0.1237980 -0.0865704 -0.1981020 -0.0277911 -0.2692622 -0.3114164 -0.3418600 -0.3322470 -0.3244798 -0.1506837
C  0  1   7  0  1  0   0.0002855  0.0004462 -0.0005035 -0.0044068 -0.0014749 -0.0014682 -0.0030526  0.0008417  0.0025288 -0.0045659 -0.0025680  0.0029191  0.0057254  0.0031814  0.0048829  0.0078187
C  0  1   7  0  1  1   0.0028160 -0.0002358 -0.0019362 -0.0028311 -0.0020858  0.0013611  0.0053238  0.0024153  0.0027532  0.0000083 -0.0016678 -0.0032060  0.0020928  0.0049919  0.0034436  0.0008629
C  0  1   7  0  1  2   0.0032484 -0.0005744 -0.0011873 -0.0006570 -0.0040072  0.0012945 -0.0005362 -0.0015419 -0.0012590  0.0010592  0.0006041 -0.0008116  0.0030607 -0.0027623  0.0001699  0.0003048
C  0  1   7  0  1  3   0.0014313 -0.0010400 -0.0011041 -0.0004431 -0.0009838 -0.0008545  0.0015819 -0.0014126 -0.0046366 -0.0016703 -0.0021364 -0.0009428  0.0012646 -0.0032735  0.0017458  0.0021747
C  0  1   7  0  1  4   0.0039347 -0.0004674 -0.0032314  0.0006123  0.0031445  0.0004624  0.0019524  0.0021874  0.0000370 -0.0002133  0.0012031 -0.0027589 -0.0003400 -0.0003101  0.0009487 -0.0019838
C  0  1   7  0  1  5  -0.0004342  0.0012795 -0.0016771  0.0017123  0.0014263 -0.0009262 -0.0014800  0.0031981  0.0009882 -0.0012194 -0.0000451 -0.0004604 -0.0019940  0.0008284  0.0000140 -0.0001779
C  0  1   7  0  1  6   0.0021049 -0.0001342 -0.0007158  0.0004682  0.0011063  0.0001629 -0.0004510 -0.0006719 -0.0004104 -0.0022945  0.0004197  0.0013686  0.0000368 -0.0007535  0.0010152  0.0004840
C  0  1   7  0  1  7   0.0015295  0.0004285  0.0008323  0.0016099  0.0020925  0.0012836 -0.0021544 -0.0006332  0.0009289 -0.0016805  0.0010186 -0.0008154 -0.0019266 -0.0005839 -0.0002760  0.0007983
C  0  1   7  0  1  8   0.0011787  0.0014395  0.0012062 -0.0016552  0.0014892  0.0008727  0.0026923  0.0009438  0.0000307  0.0000571 -0.0011346 -0.0004482 -0.0003187  0.0012011  0.0003084  0.0016721
C  0  1   7  0  1  9  -0.0024900  0.0004241  0.0013363  0.0010435  0.0008432 -0.0001512  0.0019722  0.0017821  0.0008718 -0.0009678 -0.0034712  0.0002459 -0.0005010  0.0015012 -0.0022778 -0.0002739
C  0  1   7  0  1 10   0.0017294 -0.0020142  0.0009288  0.0020086  0.0017203 -0.0005248  0.0004392  0.0015475 -0.0026531 -0.0029230 -0.0020558 -0.0010125  0.0001451 -0.0002744 -0.0007109  0.0012358
C  0  1   7  0  1 11  -0.0008061  0.0010146  0.0003704  0.0010080  0.0014326 -0.0006757 -0.0013871 -0.0014304 -0.0030067  0.0006382 -0.0005331 -0.0018158  0.0016545 -0.0014426  0.0004211 -0.0000556
C  0  1   7  0  1 12   0.0011607 -0.0007027  0.0003545 -0.0000979  0.0008485 -0.0005297  0.0010312  0.0001422  0.0016048 -0.0004556  0.0008094  0.0050660 -0.0003108 -0.0003377 -0.0007996  0.0021479
C  0  1   7  0  1 13   0.0018551 -0.0020866 -0.0012855  0.0029265  0.0028088  0.0006056 -0.0000319  0.0012760 -0.0008954 -0.0008498  0.0003252 -0.0020467 -0.0002678  0.0015428  0.0014783  0.0016482
C  0  1   7  0  1 14   0.0011798 -0.0010355  0.0023068  0.0017455  0.0021613  0.0021550 -0.0004460 -0.0001329  0.0004823 -0.0004896 -0.0024992  0.0002600  0.0019203 -0.0000419 -0.0005414  0.0028381
C  0  1   7  0  1 15   0.0019449 -0.0000116 -0.0007814  0.0004325  0.0008517  0.0008905 -0.0006124  0.0005237 -0.0013275  0.0005235 -0.0005013  0.0029060  0.0009430  0.0006189  0.0000906  0.0008674
C  0  1   7  0  1 16   0.0025657  0.0035640  0.0033174  0.0020690 -0.0005833  0.0010138 -0.0000652  0.0007246  0.0010713  0.0021231  0.0002226 -0.0008252  0.0024139  0.0000745 -0.0003532  0.0033224
C  0  1   7  0  1 17   0.0011611 -0.0021152 -0.0015633  0.0062523  0.0016251  0.0043378  0.0038577  0.0038223 -0.0008161  0.0030356 -0.0005030  0.0004896  0.0008576 -0.0035287  0.0053874  0.0050601
C  0  1   7  0  1 18   0.0047481  0.0046910  0.0012233  0.0001244  0.0002749  0.0011635  0.0062085  0.0003635  0.0017905  0.0027376  0.0030306  0.0020508  0.0010277  0.0004030  0.0045611  0.0060821
C  0  1   7  0  1 19   0.0018796  0.0026754  0.0028259  0.0027102  0.0014266  0.0014616  0.0045426 -0.0002815  0.0025683  0.0031835 -0.0038368  0.0005078  0.0040154  0.0022939  0.0031203  0.0054827
C  0  1   7  0  1 20   0.0064809  0.0091027  0.0057575 -0.0004872  0.0018106  0.0052026  0.0008959  0.0059076  0.0034763  0.0053692  0.0002533 -0.0009634  0.0041160  0.0036906  0.0028558  0.0065570
C  0  1   7  0  1 21   0.0163823  0.0178455  0.0052688 -0.0010091 -0.0029253 -0.0070857 -0.0082960 -0.0005418 -0.0028580 -0.0053645  0.0003933  0.0077213  0.0016590  0.0027878  0.0116747  0.0063114
C  0  1   7  1  0  0  -0.4217597 -0.2961741 -0.3624108 -0.3252487 -0.1870359 -0.3491605 -0.2524659 -0.3026567 -0.2389117 -0.3204863 -0.3323006 -0.4135385 -0.4146142 -0.3068856 -0.3773852 -0.4473650
C  0  1   7  1  0  1  -0.2899299 -0.3780516 -0.3179525 -0.3143798 -0.3529508 -0.2839992 -0.2597808 -0.2477914 -0.2461965 -0.2038501 -0.2771934 -0.2729288 -0.3638535 -0.3857790 -0.3353835 -0.3004570
C  0  1   7  1  0  2  -0.3259747 -0.3553916 -0.2631731 -0.3340829 -0.2811730 -0.2382718 -0.3010171 -0.2508166 -0.2621877 -0.2188512 -0.3045708 -0.3372325 -0.3642209 -0.3645295 -0.3025364 -0.3273371
C  0  1   7  1  0  3  -0.3102220 -0.3108704 -0.3583057 -0.2874678 -0.2660836 -0.2611210 -0.1245540 -0.1297502 -0.1857488 -0.2254698 -0.2832664 -0.2389992 -0.2399168 -0.2869230 -0.3250971 -0.2139735
C  0  1   7  1  0  4  -0.2249607 -0.2971524 -0.2969528 -0.2601295 -0.2378545 -0.2154957 -0.2585222 -0.2749635 -0.2045281 -0.2001031 -0.2659556 -0.3196212 -0.3151326 -0.2864320 -0.3031164 -0.3163096
C  0  1   7  1  0  5  -0.2280406 -0.1922872 -0.2100702 -0.1863543 -0.1574935 -0.1518944 -0.2071790 -0.1247987 -0.1733622 -0.1325497 -0.1637256 -0.2160603 -0.2270414 -0.1515125 -0.2338099 -0.2210969
C  0  1   7  1  0  6  -0.1394856 -0.1721339 -0.1954420 -0.1790801 -0.1391809 -0.1576035 -0.1568550 -0.1730358 -0.1544124 -0.1167397 -0.1039341 -0.1175681 -0.1302743 -0.1280360 -0.1252937 -0.1722120
C  0  1   7  1  0  7  -0.1600885 -0.1543633 -0.1649304 -0.1523932 -0.1348069 -0.1901119 -0.1470614 -0.1444522 -0.1267924 -0.0882692 -0.1269767 -0.1374928 -0.2062789 -0.1496866 -0.1633451 -0.1471210
C  0  1   7  1  0  8  -0.1897400 -0.1102343 -0.1082178 -0.1326115 -0.1421640 -0.1780216 -0.1297668 -0.1822815 -0.1703796 -0.0902313 -0.1315420 -0.1711151 -0.1058879 -0.1654669 -0.1734384 -0.1459669
C  0  1   7  1  0  9  -0.1255874 -0.1253701 -0.0682917 -0.1121717 -0.1354575 -0.1241988 -0.0833175 -0.1778187 -0.0990606 -0.0991252 -0.0634015 -0.1421841 -0.1451843 -0.0782645 -0.1436298 -0.1626564
C  0  1   7  1  0 10  -0.1440971 -0.1297135 -0.1258831 -0.1326818 -0.1648094 -0.1226825 -0.1389182 -0.1189824 -0.0715496 -0.1307240 -0.1320633 -0.1158596 -0.0926139 -0.0857006 -0.1185517 -0.1294787
C  0  1   7  1  0 11  -0.1146914 -0.1132485 -0.1306473 -0.1160498 -0.1176174 -0.1250329 -0.1457580 -0.1273609 -0.1023626 -0.1011764 -0.0841828 -0.1590930 -0.1208561 -0.1149256 -0.1146109 -0.0907907
C  0  1   7  1  0 12  -0.0931613 -0.1217926 -0.1026091 -0.0931358 -0.1474987 -0.1097995 -0.1558702 -0.1412965 -0.1071308 -0.1101007 -0.1094491 -0.1035359 -0.0942838 -0.0924353 -0.1086145 -0.1231935
C  0  1   7  1  0 13  -0.1086187 -0.1526613 -0.1505286 -0.1350242 -0.1259291 -0.1623810 -0.1110044 -0.1459796 -0.1344099 -0.0858919 -0.1490817 -0.1346306 -0.1568139 -0.1159357 -0.1678100 -0.1342179
C  0  1   7  1  0 14  -0.1638316 -0.1754186 -0.1230993 -0.1427668 -0.1943223 -0.1098352 -0.1533315 -0.2310234 -0.1372076 -0.1488944 -0.1302803 -0.1271612 -0.1396645 -0.0962679 -0.1438202 -0.1928589
C  0  1   7  1  0 15  -0.0956126 -0.1740695 -0.1687255 -0.2015081 -0.1689035 -0.1309421 -0.1666136 -0.1761060 -0.1598890 -0.1164528 -0.1300837 -0.1442928 -0.1502288 -0.1273215 -0.1103701 -0.1343467
C  0  1   7  1  0 16  -0.1645352 -0.1750871 -0.1846397 -0.1290740 -0.1594838 -0.1714447 -0.1989789 -0.2066600 -0.1518833 -0.1842883 -0.1478218 -0.1527179 -0.1193911 -0.1525466 -0.1817378 -0.1206777
C  0  1   7  1  0 17  -0.2758722 -0.3168989 -0.2506423 -0.2808777 -0.1716357 -0.2792677 -0.2379226 -0.2243170 -0.2588198 -0.2631720 -0.2424174 -0.2040708 -0.1941139 -0.2932884 -0.2817292 -0.2699464
C  0  1   7  1  0 18  -0.2595721 -0.2637685 -0.2768979 -0.2590446 -0.2201384 -0.2326884 -0.3070376 -0.2754422 -0.2171503 -0.2754979 -0.3385326 -0.2566197 -0.2478886 -0.2176626 -0.2013690 -0.2586799
C  0  1   7  1  0 19  -0.2925089 -0.2506653 -0.2936060 -0.3231263 -0.3106159 -0.2740470 -0.2763259 -0.2067873 -0.2671914 -0.2982125 -0.2167024 -0.2949603 -0.2726134 -0.3243386 -0.3226321 -0.2577768
C  0  1   7  1  0 20  -0.2745528 -0.3284585 -0.3495028 -0.3006843 -0.3116005 -0.1935626 -0.2921350 -0.3150275 -0.3129718 -0.3116643 -0.3192261 -0.2718485 -0.3599004 -0.2960207 -0.1822681 -0.3369916
C  0  1   7  1  0 21  -0.4003726 -0.3468389 -0.3649317 -0.2486829 -0.1975320 -0.1498106 -0.2445638 -0.2716228 -0.3187189 -0.2791326 -0.3463431 -0.3277288 -0.2722730 -0.2782555 -0.4145028 -0.3273378
C  0  1   7  1  1  0   0.0459194  0.0500675  0.0424236  0.0258120  0.0014009 -0.0212494 -0.0336007 -0.0437549 -0.0476893 -0.0365507 -0.0316035 -0.0197095  0.0042750  0.0034505  0.0238230  0.0383874
C  0  1   7  1  1  1   0.0247114  0.0229392  0.0188117  0.0116775  0.0031285 -0.0069607 -0.0153175 -0.0182499 -0.0186761 -0.0149857 -0.0146279 -0.0064259  0.0043076  0.0076838  0.0122108  0.0258414
C  0  1   7  1  1  2   0.0126570  0.0140308  0.0092742  0.0064049  0.0037878 -0.0027521 -0.0080639 -0.0079900 -0.0087970 -0.0050351 -0.0045489 -0.0037862  0.0004539  0.0044063  0.0061743  0.0100184
C  0  1   7  1  1  3   0.0077607  0.0068054  0.0027543  0.0049598  0.0008242 -0.0002136 -0.0031977 -0.0019797 -0.0002512  0.0000705 -0.0020124 -0.0011632  0.0008291  0.0029331  0.0027852  0.0062295
C  0  1   7  1  1  4   0.0022848  0.0019094  0.0011245  0.0011075  0.0044389  0.0017581  0.0001023  0.0020364  0.0042119  0.0037149 -0.0006050 -0.0001389  0.0029929  0.0020924  0.0032253  0.0014504
C  0  1   7  1  1  5   0.0009203  0.0009661 -0.0000112  0.0025406  0.0035382  0.0046656  0.0022008  0.0039888  0.0048624  0.0025496 -0.0007680 -0.0008509  0.0020288  0.0025965  0.0017261 -0.0000984
C  0  1   7  1  1  6   0.0009495  0.0016316  0.0015130  0.0046275  0.0046265  0.0040819  0.0055480  0.0052418  0.0052997  0.0010890  0.0015687  0.0006945  0.0015908  0.0004897  0.0016340 -0.0004636
C  0  1   7  1  1  7  -0.0006697  0.0019088  0.0020910  0.0044100  0.0045169  0.0046156  0.0059749  0.0038845  0.0034155  0.0013527  0.0002145 -0.0002292  0.0021692  0.0014957  0.0017877 -0.0015184
C  0  1   7  1  1  8  -0.0014675  0.0008057  0.0022792  0.0025764  0.0052080  0.0043707  0.0055000  0.0056935  0.0054661  0.0012462  0.0004102  0.0004820  0.0015020  0.0018487  0.0009546 -0.0011965
C  0  1   7  1  1  9   0.0014154  0.0018205  0.0020040  0.0035976  0.0030440  0.0032164  0.0042509  0.0041660  0.0028014 -0.0004888  0.0011376  0.0015222  0.0019000  0.0002513 -0.0001265 -0.0022627
C  0  1   7  1  1 10  -0.0001116  0.0026100  0.0021406  0.0013566  0.0025017  0.0017388  0.0018752  0.0026166  0.0037660 -0.0006900 -0.0005518  0.0007486 -0.0013109  0.0000734  0.0024925 -0.0008647
C  0  1   7  1  1 11   0.0002452  0.0020586  0.0013948  0.0016364  0.0031486 -0.0000002  0.0008292  0.0018228  0.0024683  0.0015632 -0.0015612 -0.0000417 -0.0006578 -0.0003819  0.0003751 -0.0023510
C  0  1   7  1  1 12   0.0001876  0.0025665  0.0032409  0.0042116  0.0020194  0.0014880  0.0010050  0.0039927  0.0044811  0.0015341  0.0012444  0.0020550  0.0012624 -0.0000418  0.0009768 -0.0017847
C  0  1   7  1  1 13  -0.0003219  0.0017262  0.0023802  0.0034246  0.0027925  0.0029721  0.0034696  0.0051577  0.0056582  0.0008202  0.0006712  0.0006878 -0.0008797 -0.0023745  0.0000477 -0.0014926
C  0  1   7  1  1 14  -0.0009635  0.0005878  0.0021475  0.0038851  0.0042065  0.0025309  0.0032290  0.0052833  0.0053622  0.0020047  0.0019367 -0.0009212 -0.0012624 -0.0011909 -0.0018155 -0.0023324
C  0  1   7  1  1 15  -0.0011214  0.0010663  0.0030212  0.0037487  0.0034717 -0.0005344  0.0037690  0.0029488  0.0056907  0.0029227  0.0025048  0.0003724 -0.0029601 -0.0063320 -0.0057182 -0.0040309
C  0  1   7  1  1 16  -0.0021266  0.0008450  0.0039689  0.0045151  0.0046064  0.0015367  0.0033048  0.0036158  0.0041215  0.0068214  0.0017222  0.0027356 -0.0014202 -0.0017003 -0.0056582 -0.0052736
C  0  1   7  1  1 17  -0.0036975  0.0026534  0.0014099  0.0054068  0.0015747 -0.0021080  0.0007555  0.0048620  0.0032599  0.0043607  0.0038315  0.0021906 -0.0012897 -0.0047767 -0.0062358 -0.0038659
C  0  1   7  1  1 18   0.0014358  0.0067848  0.0042785  0.0063264  0.0033499 -0.0000224 -0.0024654 -0.0007731  0.0035724  0.0039047  0.0025434  0.0010193 -0.0002538 -0.0038560 -0.0054865 -0.0022146
C  0  1   7  1  1 19   0.0007718  0.0077370  0.0112502  0.0091280  0.0070657  0.0018579 -0.0030010  0.0001483  0.0030843  0.0058903  0.0033395 -0.0001016 -0.0033550 -0.0042877 -0.0055344 -0.0003530
C  0  1   7  1  1 20   0.0013817  0.0145677  0.0186177  0.0132590  0.0071234  0.0042099 -0.0025548 -0.0016536  0.0015464  0.0067269 -0.0003824 -0.0020286 -0.0069231 -0.0078113 -0.0052778 -0.0050819
C  0  1   7  1  1 21   0.0113699  0.0188773  0.0303338  0.0225370  0.0137714  0.0147415  0.0091887  0.0126263  0.0107177  0.0122245 -0.0004049 -0.0044363 -0.0096389 -0.0180998 -0.0082178  0.0006172
