CPHI 16 
CETA 22 -2.40 -2.10 -1.85 -1.60 -1.40 -1.20 -1.00 -0.80 -0.60 -0.40 -0.20  0.00  0.20  0.40  0.60  0.80  1.00  1.20  1.40  1.60  1.85  2.10  2.40 
RMIN  6 
RTRK 12 
RETA 11  0.00  0.20  0.40  0.60  0.80  1.00  1.20  1.40  1.60  1.85  2.10  2.40 
T 0 1  70  0  0  0    0.0000000   0.0006380   0.0017014   0.0032219   0.0123611   0.0691582   0.2774329   0.6530895   1.0000000   1.0000000   1.0000000   1.0000000   1.0000000
T 0 1  70  0  0  1    0.0000000   0.0001254   0.0005566   0.0024723   0.0125605   0.0591086   0.2268026   0.5897118   1.0000000   1.0000000   1.0000000   1.0000000   1.0000000
T 0 1  70  0  0  2    0.0000000   0.0001333   0.0005329   0.0018197   0.0110534   0.0558288   0.2100147   0.5739248   1.0000000   1.0000000   1.0000000   1.0000000   1.0000000
T 0 1  70  0  0  3    0.0000000   0.0001990   0.0005935   0.0017649   0.0114785   0.0627724   0.2266014   0.5869371   1.0000000   1.0000000   1.0000000   1.0000000   1.0000000
T 0 1  70  0  0  4    0.0000000   0.0003958   0.0025203   0.0142263   0.0631104   0.2044063   0.4893432   0.8224890   1.0000000   1.0000000   1.0000000   1.0000000   1.0000000
T 0 1  70  0  0  5    0.0000000   0.0009718   0.0074282   0.0514064   0.2058241   0.5330533   0.8761525   0.9994265   1.0000000   1.0000000   1.0000000   1.0000000   1.0000000
T 0 1  70  0  0  6    0.0000000   0.0002403   0.0011853   0.0101713   0.0675465   0.2771547   0.6623626   0.9313133   0.9981810   1.0000000   1.0000000   1.0000000   1.0000000
T 0 1  70  0  0  7    0.0000000   0.0000473   0.0003879   0.0008930   0.0048175   0.0305666   0.1187919   0.2976880   0.5820017   0.8694740   0.9843457   0.9998752   1.0000000
T 0 1  70  0  0  8    0.0000000   0.0000026   0.0000475   0.0001504   0.0004543   0.0010413   0.0042314   0.0249485   0.1186523   0.3929800   0.7882203   0.9690305   1.0000000
T 0 1  70  0  0  9    0.0000000   0.0000047   0.0000060   0.0000276   0.0005532   0.0036305   0.0184779   0.0856428   0.3017442   0.6579460   0.9383837   0.9999358   1.0000000
T 0 1  70  0  0 10    0.0000000   0.0066573   0.0291622   0.0464036   0.0795094   0.1688099   0.3387251   0.6904443   0.9103049   0.9702609   0.9998311   1.0000000   1.0000000
T 0 1  70  1  0  0    0.0000000   0.0005148   0.0016399   0.0047460   0.0213440   0.1017716   0.3374237   0.6994022   1.0000000   1.0000000   1.0000000   1.0000000   1.0000000
T 0 1  70  1  0  1    0.0000000   0.0002633   0.0010891   0.0042307   0.0181163   0.0752157   0.2537985   0.6193956   1.0000000   1.0000000   1.0000000   1.0000000   1.0000000
T 0 1  70  1  0  2    0.0000000   0.0002194   0.0008486   0.0027728   0.0124455   0.0616642   0.2339277   0.6064318   1.0000000   1.0000000   1.0000000   1.0000000   1.0000000
T 0 1  70  1  0  3    0.0000000   0.0002283   0.0008669   0.0027852   0.0140251   0.0700545   0.2491207   0.6198491   1.0000000   1.0000000   1.0000000   1.0000000   1.0000000
T 0 1  70  1  0  4    0.0000000   0.0004356   0.0027620   0.0153929   0.0663357   0.2155446   0.5058694   0.8320271   1.0000000   1.0000000   1.0000000   1.0000000   1.0000000
T 0 1  70  1  0  5    0.0000000   0.0011873   0.0094478   0.0577925   0.2246261   0.5586818   0.8900123   0.9996500   1.0000000   1.0000000   1.0000000   1.0000000   1.0000000
T 0 1  70  1  0  6    0.0000000   0.0004626   0.0026649   0.0180020   0.0942133   0.3329130   0.7236541   0.9536823   0.9988141   0.9999984   1.0000000   1.0000000   1.0000000
T 0 1  70  1  0  7    0.0000000   0.0002246   0.0006446   0.0024765   0.0123245   0.0526267   0.1570011   0.3413836   0.6074237   0.8728054   0.9849908   0.9998878   1.0000000
T 0 1  70  1  0  8    0.0000000   0.0009562   0.0014955   0.0017998   0.0022382   0.0036136   0.0107994   0.0452511   0.1686405   0.4573475   0.8251665   0.9710661   1.0000000
T 0 1  70  1  0  9    0.0000000   0.0021003   0.0074838   0.0131257   0.0159362   0.0198461   0.0401951   0.1288935   0.3661962   0.7154288   0.9583841   0.9999941   1.0000000
T 0 1  70  1  0 10    0.0000000   0.0032254   0.0170235   0.0428863   0.0843736   0.1746921   0.3942474   0.7474223   0.9511020   0.9856143   0.9999985   1.0000000   1.0000000
R 0 1  70  0  0  0    0.0250832   0.0250832   0.0111834   0.0104862   0.0103852   0.0101796   0.0099906   0.0098788   0.0098788   0.0098788   0.0098788   0.0098788
R 0 1  70  0  0  1    0.0118074   0.0118074   0.0118074   0.0118074   0.0110063   0.0109023   0.0109757   0.0108350   0.0108350   0.0108350   0.0108350   0.0108350
R 0 1  70  0  0  2    0.0124081   0.0124081   0.0124081   0.0124081   0.0120135   0.0119274   0.0118338   0.0117170   0.0117170   0.0117170   0.0117170   0.0117170
R 0 1  70  0  0  3    0.0130452   0.0130452   0.0130452   0.0130452   0.0126894   0.0126012   0.0123680   0.0122360   0.0122360   0.0122360   0.0122360   0.0122360
R 0 1  70  0  0  4    0.0192205   0.0192205   0.0192205   0.0173587   0.0169464   0.0158630   0.0144909   0.0130652   0.0130652   0.0130652   0.0130652   0.0130652
R 0 1  70  0  0  5    0.0208200   0.0208200   0.0193116   0.0190982   0.0187153   0.0180856   0.0168299   0.0168299   0.0168299   0.0168299   0.0168299   0.0168299
R 0 1  70  0  0  6    0.0194899   0.0194899   0.0194899   0.0204316   0.0207897   0.0206511   0.0207890   0.0206115   0.0206115   0.0206115   0.0206115   0.0206115
R 0 1  70  0  0  7    0.0217189   0.0217189   0.0217189   0.0217189   0.0208719   0.0211578   0.0211939   0.0209387   0.0205661   0.0197502   0.0197502   0.0197502
R 0 1  70  0  0  8    0.0209516   0.0209516   0.0209516   0.0209516   0.0209516   0.0209516   0.0209516   0.0208935   0.0210126   0.0209419   0.0202384   0.0187464
R 0 1  70  0  0  9    0.0311878   0.0311878   0.0311878   0.0311878   0.0311878   0.0311878   0.0297081   0.0286301   0.0275312   0.0264171   0.0247764   0.0247764
R 0 1  70  0  0 10    0.0784398   0.0721508   0.0609593   0.0529895   0.0472066   0.0444073   0.0409407   0.0354648   0.0334169   0.0302227   0.0302227   0.0302227
R 0 1  70  0  1  0    0.0000000   0.0000000   0.0000000   0.0000812   0.0000859   0.0000792   0.0000724   0.0000661   0.0000661   0.0000661   0.0000661   0.0000661
R 0 1  70  0  1  1    0.0000834   0.0000834   0.0000834   0.0000834   0.0000719   0.0000687   0.0000619   0.0000553   0.0000553   0.0000553   0.0000553   0.0000553
R 0 1  70  0  1  2    0.0000435   0.0000435   0.0000435   0.0000435   0.0000664   0.0000650   0.0000612   0.0000521   0.0000521   0.0000521   0.0000521   0.0000521
R 0 1  70  0  1  3    0.0000618   0.0000618   0.0000618   0.0000618   0.0000672   0.0000594   0.0000548   0.0000491   0.0000491   0.0000491   0.0000491   0.0000491
R 0 1  70  0  1  4    0.0001423   0.0001423   0.0001423   0.0000814   0.0000871   0.0000769   0.0000537   0.0000468   0.0000468   0.0000468   0.0000468   0.0000468
R 0 1  70  0  1  5    0.0001201   0.0001201   0.0000773   0.0000711   0.0000669   0.0000618   0.0000391   0.0000391   0.0000391   0.0000391   0.0000391   0.0000391
R 0 1  70  0  1  6    0.0000296   0.0000296   0.0000296   0.0000535   0.0000601   0.0000547   0.0000490   0.0000272   0.0000272   0.0000272   0.0000272   0.0000272
R 0 1  70  0  1  7    0.0002600   0.0002600   0.0002600   0.0002600   0.0000841   0.0000702   0.0000681   0.0000754   0.0000765   0.0000525   0.0000525   0.0000525
R 0 1  70  0  1  8    0.0000802   0.0000802   0.0000802   0.0000802   0.0000802   0.0000802   0.0000802   0.0001075   0.0001055   0.0001001   0.0000801   0.0000714
R 0 1  70  0  1  9    0.0002506   0.0002506   0.0002506   0.0002506   0.0002506   0.0002506   0.0002100   0.0001879   0.0001837   0.0001450   0.0001247   0.0001247
R 0 1  70  0  1 10    0.0013426   0.0011588   0.0008534   0.0007080   0.0005695   0.0004917   0.0003878   0.0002576   0.0001761   0.0001542   0.0001542   0.0001542
R 0 1  70  0  2  0    0.0000000   0.0000000   0.0000000   0.0000000   0.0000000   0.0000000   0.0000146   0.0000000   0.0000000   0.0000000   0.0000000   0.0000000
R 0 1  70  0  2  1    0.0000000   0.0000000   0.0000000   0.0000000   0.0000000   0.0000148   0.0000079   0.0000170   0.0000170   0.0000170   0.0000170   0.0000170
R 0 1  70  0  2  2    0.0000000   0.0000000   0.0000000   0.0000000   0.0000397   0.0000105   0.0000143   0.0000078   0.0000078   0.0000078   0.0000078   0.0000078
R 0 1  70  0  2  3    0.0001248   0.0001248   0.0001248   0.0001248   0.0000000   0.0000000   0.0000110   0.0000109   0.0000109   0.0000109   0.0000109   0.0000109
R 0 1  70  0  2  4    0.0000000   0.0000000   0.0000000   0.0000000   0.0000000   0.0000000   0.0000068   0.0000000   0.0000000   0.0000000   0.0000000   0.0000000
R 0 1  70  0  2  5    0.0000000   0.0000000   0.0000000   0.0000000   0.0000235   0.0000000   0.0000180   0.0000180   0.0000180   0.0000180   0.0000180   0.0000180
R 0 1  70  0  2  6    0.0000000   0.0000000   0.0000000   0.0000000   0.0000000   0.0000175   0.0000119   0.0000000   0.0000000   0.0000000   0.0000000   0.0000000
R 0 1  70  0  2  7    0.0000000   0.0000000   0.0000000   0.0000000   0.0000808   0.0000000   0.0000000   0.0000000   0.0000000   0.0000000   0.0000000   0.0000000
R 0 1  70  0  2  8    0.0000000   0.0000000   0.0000000   0.0000000   0.0000000   0.0000000   0.0000000   0.0000000   0.0000000   0.0000076   0.0000000   0.0000000
R 0 1  70  0  2  9    0.0000000   0.0000000   0.0000000   0.0000000   0.0000000   0.0000000   0.0000956   0.0000000   0.0000124   0.0000000   0.0000000   0.0000000
R 0 1  70  0  2 10    0.0000000   0.0000000   0.0000000   0.0000000   0.0000000   0.0000000   0.0000523   0.0000854   0.0000000   0.0000000   0.0000000   0.0000000
R 0 1  70  0  3  0    1.1465188   1.1465188   1.1229512   1.0395733   0.9936227   0.9845711   0.9805754   0.9822260   0.9822260   0.9822260   0.9822260   0.9822260
R 0 1  70  0  3  1    1.0288188   1.0288188   1.0288188   1.0288188   0.9999435   0.9817391   0.9795691   0.9790233   0.9790233   0.9790233   0.9790233   0.9790233
R 0 1  70  0  3  2    1.0122274   1.0122274   1.0122274   1.0122274   1.0045234   0.9869632   0.9805999   0.9808821   0.9808821   0.9808821   0.9808821   0.9808821
R 0 1  70  0  3  3    1.0214373   1.0214373   1.0214373   1.0214373   1.0064477   0.9894388   0.9822994   0.9810312   0.9810312   0.9810312   0.9810312   0.9810312
R 0 1  70  0  3  4    1.0148329   1.0148329   1.0148329   0.9947595   0.9739786   0.9717776   0.9766224   0.9902953   0.9902953   0.9902953   0.9902953   0.9902953
R 0 1  70  0  3  5    1.0020936   1.0020936   0.9926389   0.9793029   0.9764656   0.9709930   0.9734241   0.9734241   0.9734241   0.9734241   0.9734241   0.9734241
R 0 1  70  0  3  6    1.0310324   1.0310324   1.0310324   0.9996821   0.9854851   0.9845493   0.9843130   0.9854960   0.9854960   0.9854960   0.9854960   0.9854960
R 0 1  70  0  3  7    1.0534192   1.0534192   1.0534192   1.0534192   1.0225124   0.9958706   0.9887379   0.9851436   0.9861294   0.9868420   0.9868420   0.9868420
R 0 1  70  0  3  8    1.0181682   1.0181682   1.0181682   1.0181682   1.0181682   1.0181682   1.0181682   0.9961311   0.9848367   0.9828223   0.9867691   1.0298264
R 0 1  70  0  3  9    1.0195756   1.0195756   1.0195756   1.0195756   1.0195756   1.0195756   0.9826715   0.9748507   0.9724750   0.9852310   0.9992635   0.9992635
R 0 1  70  0  3 10    1.0601050   1.0372490   1.0158487   0.9953854   0.9756590   0.9677992   0.9664633   0.9675682   1.0004302   1.0084641   1.0084641   1.0084641
R 0 1  70  0  4  0    1.5093097   1.5093097   1.3351970   2.2454345   2.1877048   2.2892732   2.2337570   2.2710899   2.2710899   2.2710899   2.2710899   2.2710899
R 0 1  70  0  4  1    2.0188589   2.0188589   2.0188589   2.0188589   2.1707138   2.1869269   2.2070394   2.2033205   2.2033205   2.2033205   2.2033205   2.2033205
R 0 1  70  0  4  2    1.9919746   1.9919746   1.9919746   1.9919746   2.2265047   2.2634846   2.2329429   2.2321902   2.2321902   2.2321902   2.2321902   2.2321902
R 0 1  70  0  4  3    1.8316224   1.8316224   1.8316224   1.8316224   2.3191900   2.3024548   2.2373705   2.2234940   2.2234940   2.2234940   2.2234940   2.2234940
R 0 1  70  0  4  4    1.8664110   1.8664110   1.8664110   2.0815212   2.0511744   2.0633878   2.1802974   2.3590764   2.3590764   2.3590764   2.3590764   2.3590764
R 0 1  70  0  4  5    1.6637969   1.6637969   1.9845689   2.1255722   2.1076561   2.0630502   2.0298499   2.0298499   2.0298499   2.0298499   2.0298499   2.0298499
R 0 1  70  0  4  6    1.9506106   1.9506106   1.9506106   2.2301185   2.2901132   2.3525863   2.3625685   2.2721770   2.2721770   2.2721770   2.2721770   2.2721770
R 0 1  70  0  4  7    1.6447486   1.6447486   1.6447486   1.6447486   2.2923166   2.2620663   2.3357206   2.3225560   2.3612695   2.3700610   2.3700610   2.3700610
R 0 1  70  0  4  8    2.0641260   2.0641260   2.0641260   2.0641260   2.0641260   2.0641260   2.0641260   2.2021200   2.2360630   2.2418690   2.2927072   2.3804856
R 0 1  70  0  4  9    1.9643037   1.9643037   1.9643037   1.9643037   1.9643037   1.9643037   1.9037852   2.0185094   2.0438726   2.1975352   2.0077223   2.0077223
R 0 1  70  0  4 10    2.0677202   2.3118748   1.9416636   1.9187336   1.9420394   1.9570223   1.9452157   1.9365307   2.0692372   2.0096602   2.0096602   2.0096602
R 0 1  70  0  5  0   20.9065733  20.9065733   9.8629662   2.7428339   3.9813806   3.8239186   4.1806247   3.8791192   3.8791192   3.8791192   3.8791192   3.8791192
R 0 1  70  0  5  1    3.8531108   3.8531108   3.8531108   3.8531108   4.0071008   4.1630972   4.3904563   4.3145575   4.3145575   4.3145575   4.3145575   4.3145575
R 0 1  70  0  5  2    3.3363306   3.3363306   3.3363306   3.3363306   4.1048273   4.0225068   4.2087150   4.2672384   4.2672384   4.2672384   4.2672384   4.2672384
R 0 1  70  0  5  3    4.8341984   4.8341984   4.8341984   4.8341984   3.6238379   3.8784753   4.2099164   4.3602877   4.3602877   4.3602877   4.3602877   4.3602877
R 0 1  70  0  5  4    5.2824295   5.2824295   5.2824295   4.6169195   5.2769312   5.0332010   4.1313723   3.1623502   3.1623502   3.1623502   3.1623502   3.1623502
R 0 1  70  0  5  5    5.4858484   5.4858484   6.0317161   4.7314951   5.1782547   4.7677293   3.8558678   3.8558678   3.8558678   3.8558678   3.8558678   3.8558678
R 0 1  70  0  5  6    3.0422117   3.0422117   3.0422117   3.9329098   3.5659673   2.9555211   2.3649133   1.9919455   1.9919455   1.9919455   1.9919455   1.9919455
R 0 1  70  0  5  7    5.2746655   5.2746655   5.2746655   5.2746655   3.6667008   3.4175405   2.9530814   3.0073273   2.6359684   2.0127538   2.0127538   2.0127538
R 0 1  70  0  5  8    5.0905458   5.0905458   5.0905458   5.0905458   5.0905458   5.0905458   5.0905458   4.6838437   4.5391946   4.3687626   3.5476714   3.6037867
R 0 1  70  0  5  9    6.8448589   6.8448589   6.8448589   6.8448589   6.8448589   6.8448589   9.7532928   6.5337131   6.7063500   5.4717643   9.7139433   9.7139433
R 0 1  70  0  5 10    4.9192502   3.8494314   4.5465153   5.3767066   6.1667880   6.8154475   8.1519220   8.8525630   6.1642896   6.6936984   6.6936984   6.6936984
F  0  1  70  0  0  0    1.0096176   1.0119959   0.9938210   1.0089374   0.9752253   1.0027536   0.9898201   0.9860407   0.9785916   0.9897543   0.9782866
F  0  1  70  1  0  0    1.0723340   1.0745684   1.0357004   1.0762574   1.0567224   1.0948117   1.0737717   1.0608181   1.0345036   1.0626351   1.0786230
C  0  1  70  0  0  0  -0.1627182 -0.0978094 -0.2030223 -0.3457420 -0.3287524 -0.1660050 -0.1410112 -0.2759609 -0.2584486 -0.0571531 -0.2399464 -0.1100541 -0.2301074 -0.3093117 -0.4207027 -0.0315814
C  0  1  70  0  0  1  -0.0873184 -0.1196927 -0.1952273 -0.1949666 -0.0859039 -0.1259482 -0.0919663 -0.1487201  0.0090394 -0.1703451 -0.0541149 -0.0475766 -0.1239236 -0.1619293 -0.2245190 -0.1258763
C  0  1  70  0  0  2   0.0085095 -0.0375946 -0.1237441 -0.0904112  0.0231100 -0.0696152  0.0180001 -0.1035781 -0.1605233 -0.1227448  0.0172904 -0.0094402 -0.1174658 -0.0357525  0.0028539 -0.1212848
C  0  1  70  0  0  3  -0.0992445 -0.1900188 -0.1444024 -0.0588053  0.0004915 -0.1424271 -0.0794319 -0.0361007 -0.1019419 -0.0349599 -0.0596002 -0.0740721 -0.1484743 -0.0980303 -0.1346231  0.0056816
C  0  1  70  0  0  4  -0.1352582 -0.0507279 -0.1253429 -0.0338333 -0.0939450 -0.0998767 -0.0924837 -0.0555500 -0.0785162  0.0100036  0.0316196 -0.0278750 -0.1377982 -0.1497498 -0.0233415 -0.0356636
C  0  1  70  0  0  5   0.0178606 -0.0485253 -0.1018794  0.1093690 -0.0508128  0.0217691 -0.0161212 -0.0053579  0.0442879 -0.0130897 -0.0485047 -0.0089084 -0.0317323  0.0312624  0.0286912 -0.1103029
C  0  1  70  0  0  6  -0.0334003  0.0755468  0.0598891 -0.0209776  0.0338584  0.0343064  0.0039108 -0.1212699 -0.0984477 -0.0108800  0.0174725 -0.0198411 -0.0658034 -0.0497434 -0.0189105  0.0171418
C  0  1  70  0  0  7  -0.0671072 -0.0053429  0.0269812 -0.0280027  0.0036726  0.0044004  0.0012511  0.0838774 -0.0591217  0.0341245  0.0967574 -0.0256474  0.0603500 -0.0660263 -0.0464683  0.0467370
C  0  1  70  0  0  8   0.0215286  0.0260105  0.0277618  0.0763592 -0.0283254  0.0023550 -0.0410756 -0.0362272 -0.0222628  0.0038727 -0.0261685 -0.0015365 -0.0827068  0.1053939 -0.0681132 -0.0975274
C  0  1  70  0  0  9   0.0123224  0.0740763 -0.0091381  0.0671865 -0.0109185  0.0044636  0.0293943 -0.0218371 -0.0098240  0.0254276  0.0207565 -0.0008653  0.0303311  0.0225242  0.0311400  0.0342712
C  0  1  70  0  0 10  -0.0631852 -0.0122808  0.0504962  0.1062147 -0.0574017 -0.0235772 -0.0038103 -0.0301329  0.0099907 -0.0371009 -0.0203824 -0.0029387 -0.0133750  0.0002882 -0.0034739  0.0241114
C  0  1  70  0  0 11   0.0228009 -0.0086649 -0.0183792  0.0812710 -0.0685813  0.0723400  0.0983876  0.0062299  0.0913220  0.0804610 -0.0362531 -0.0293326  0.0330027  0.0213655  0.0108997  0.0017400
C  0  1  70  0  0 12   0.0456431 -0.0248190 -0.0054447  0.0056340  0.0599289  0.0272165 -0.0306855 -0.0275886  0.0104648  0.0712297  0.0425575 -0.0531048 -0.0250426 -0.0183961  0.0231202  0.0246574
C  0  1  70  0  0 13  -0.0902043  0.0357833  0.0218518  0.0212371 -0.0596814 -0.0178186  0.0253807 -0.0157071  0.0245561  0.0110688  0.0103613  0.0330832 -0.0476063  0.0205706 -0.0698422  0.0056577
C  0  1  70  0  0 14   0.0032341 -0.0294984  0.0649195  0.0129302 -0.0221772  0.0425734 -0.0904014  0.0209890 -0.0523802  0.0094526  0.0439165 -0.0080569  0.0761830  0.0392148  0.0413952 -0.0727947
C  0  1  70  0  0 15  -0.0107245 -0.0218079 -0.0564689  0.0123523  0.0462551 -0.0160905 -0.0052593  0.0512661 -0.0145389 -0.0291214  0.0009394 -0.0521339 -0.0398232 -0.0748563 -0.0916856  0.0225337
C  0  1  70  0  0 16   0.1476109 -0.0497750 -0.0637412  0.0216011 -0.0826988 -0.0151459  0.0209214  0.0347937 -0.1108302  0.1321381 -0.0444067 -0.0138394 -0.0599775  0.0013482 -0.1082605  0.0443827
C  0  1  70  0  0 17  -0.1808997 -0.0366007 -0.1888955 -0.0595391 -0.1549715 -0.0676608 -0.1417235 -0.0194787 -0.0744319  0.0155501  0.0426894 -0.0741547 -0.0195654 -0.1651141  0.0070921 -0.0502969
C  0  1  70  0  0 18  -0.2265762 -0.1198279 -0.0440111 -0.1295068 -0.2116646 -0.0269366 -0.0750551 -0.1144303 -0.0104246 -0.0299223 -0.0163262 -0.0595272 -0.0300186 -0.0312457 -0.2131783  0.0132515
C  0  1  70  0  0 19   0.0401759 -0.1065599 -0.2169675  0.0142314 -0.2464397 -0.0483622 -0.1140340 -0.0092169 -0.1060212  0.0293126 -0.0982887 -0.0401562 -0.0697467 -0.0719901 -0.0288143 -0.0897783
C  0  1  70  0  0 20  -0.1251233 -0.1078771 -0.0492555  0.0024335 -0.2535363 -0.1562003 -0.1152752 -0.0948154 -0.1120290 -0.2084678 -0.1120048  0.0287118 -0.0605706 -0.1209604 -0.0766860 -0.1784516
C  0  1  70  0  0 21  -0.1728155 -0.1834141 -0.3059715 -0.1008255 -0.1862628 -0.1216755 -0.2766435 -0.1366002 -0.3087074 -0.1942256 -0.2082430 -0.2059826 -0.3609448 -0.4322105 -0.2918116 -0.2401294
C  0  1  70  0  1  0   0.0018556 -0.0040924 -0.0025522 -0.0043759 -0.0030063 -0.0001878 -0.0033053  0.0006789 -0.0020436 -0.0003466 -0.0042661  0.0036705  0.0061859  0.0033943  0.0064348  0.0069482
C  0  1  70  0  1  1  -0.0024416 -0.0005377 -0.0028835 -0.0015447 -0.0010286 -0.0035604  0.0049809  0.0009153  0.0004294 -0.0028606 -0.0004689 -0.0053425  0.0034022  0.0002468  0.0009290 -0.0009369
C  0  1  70  0  1  2   0.0017948 -0.0001700 -0.0000822 -0.0017805 -0.0019821  0.0018171 -0.0008701 -0.0002428 -0.0011589  0.0018694 -0.0012115 -0.0020640  0.0009697 -0.0011586 -0.0004433  0.0007277
C  0  1  70  0  1  3   0.0022579 -0.0002144  0.0002981 -0.0003282 -0.0005085  0.0023360  0.0020777  0.0003380 -0.0015979 -0.0015807 -0.0030350 -0.0027863 -0.0005567 -0.0010873  0.0006750  0.0033804
C  0  1  70  0  1  4   0.0027620  0.0001287 -0.0004545  0.0010660  0.0004638 -0.0019943  0.0015608 -0.0006109  0.0009895  0.0006940 -0.0008189 -0.0019282  0.0024512  0.0002347 -0.0001564 -0.0027008
C  0  1  70  0  1  5   0.0026490  0.0008386 -0.0006915  0.0004494 -0.0005056 -0.0018713 -0.0008647 -0.0016037  0.0024013 -0.0002136  0.0023413 -0.0020219  0.0025176  0.0005560  0.0004185 -0.0016169
C  0  1  70  0  1  6   0.0009692 -0.0005448 -0.0000144 -0.0015899  0.0007779 -0.0010640 -0.0001649 -0.0032104  0.0007725 -0.0003145  0.0004771  0.0008180 -0.0002462 -0.0025090  0.0007827 -0.0002068
C  0  1  70  0  1  7   0.0029008  0.0004751  0.0012879  0.0000406  0.0033513  0.0012262 -0.0022754  0.0015975  0.0021886 -0.0022727  0.0017426 -0.0004607 -0.0009687  0.0021742 -0.0002728  0.0007911
C  0  1  70  0  1  8   0.0017337  0.0000850 -0.0001594 -0.0012963  0.0029976  0.0018708  0.0013633  0.0021565  0.0018401  0.0002211  0.0024582 -0.0017997  0.0000465  0.0019544  0.0006039 -0.0002450
C  0  1  70  0  1  9  -0.0013536  0.0008841  0.0022613 -0.0005314  0.0003053 -0.0002526  0.0027567  0.0006379 -0.0000796 -0.0035048 -0.0032181 -0.0005011  0.0001382 -0.0005932 -0.0014093  0.0012008
C  0  1  70  0  1 10   0.0011219 -0.0006840  0.0019480  0.0009508  0.0014883  0.0012335  0.0006071 -0.0009967 -0.0018436 -0.0025412 -0.0020350 -0.0014962 -0.0017638 -0.0007312 -0.0001289  0.0017412
C  0  1  70  0  1 11   0.0015410  0.0005530  0.0008886  0.0007917 -0.0003209  0.0015162 -0.0016387 -0.0025624 -0.0031641 -0.0005262  0.0009329  0.0003369  0.0025972 -0.0008242  0.0008932 -0.0011030
C  0  1  70  0  1 12   0.0019651 -0.0006227 -0.0003166 -0.0016934  0.0007026  0.0009424 -0.0002078  0.0010191  0.0010728  0.0002160  0.0000241  0.0043371  0.0000113 -0.0003777  0.0007009  0.0005269
C  0  1  70  0  1 13   0.0015523 -0.0022651  0.0017773  0.0022300  0.0021476  0.0009048  0.0003308  0.0007340 -0.0015427 -0.0010969  0.0007542 -0.0028587 -0.0015923  0.0015265  0.0010932  0.0012409
C  0  1  70  0  1 14   0.0020695  0.0022503  0.0019676  0.0014674  0.0000328  0.0026506 -0.0001930  0.0023673 -0.0006510  0.0010274  0.0020188 -0.0001635  0.0011050  0.0007403 -0.0003381  0.0026472
C  0  1  70  0  1 15   0.0014567  0.0014971  0.0021415  0.0028307  0.0013561  0.0016937  0.0022957  0.0002420  0.0009080 -0.0008109  0.0005229 -0.0002326  0.0003538  0.0007157  0.0007691  0.0009830
C  0  1  70  0  1 16   0.0017883  0.0037326  0.0029908  0.0013271 -0.0011418  0.0050802 -0.0001149  0.0000966 -0.0000649 -0.0027361  0.0005653  0.0011747 -0.0007439 -0.0011208  0.0015633  0.0007444
C  0  1  70  0  1 17   0.0004095 -0.0026143  0.0003915  0.0021160  0.0018271  0.0043105  0.0004339  0.0002892 -0.0019053  0.0024760 -0.0001020  0.0011640  0.0022315 -0.0017295  0.0049964  0.0061194
C  0  1  70  0  1 18   0.0038584  0.0052201  0.0024529  0.0010718  0.0006618  0.0030138  0.0026346 -0.0003836 -0.0001642  0.0014841  0.0038052  0.0015797  0.0008062 -0.0008001  0.0059801  0.0032101
C  0  1  70  0  1 19   0.0027924  0.0021201  0.0027605  0.0061178  0.0001607 -0.0001588  0.0030141  0.0022648  0.0012923  0.0033080 -0.0005761  0.0023678  0.0016875  0.0015919  0.0016740  0.0037662
C  0  1  70  0  1 20   0.0059760  0.0033802  0.0049756  0.0037624  0.0003207  0.0040229  0.0020409  0.0028866  0.0031671  0.0041844  0.0009206 -0.0032078  0.0038400  0.0035513  0.0030801  0.0050625
C  0  1  70  0  1 21   0.0166438  0.0120569  0.0064380  0.0032917 -0.0048840 -0.0057620 -0.0084139  0.0007624 -0.0027508  0.0021895  0.0036411  0.0091981  0.0031417  0.0051930  0.0125445  0.0050382
C  0  1  70  1  0  0  -0.5080797 -0.3186007 -0.3377834 -0.3578313 -0.1685161 -0.3192999 -0.2933739 -0.2674365 -0.3250772 -0.3171592 -0.4207976 -0.4300304 -0.4480018 -0.4053257 -0.3766714 -0.4392375
C  0  1  70  1  0  1  -0.2880645 -0.3347705 -0.2620955 -0.2595188 -0.2951046 -0.3099362 -0.2779833 -0.2596136 -0.3408147 -0.2034099 -0.3187945 -0.2506850 -0.3646109 -0.3951361 -0.3303577 -0.3294329
C  0  1  70  1  0  2  -0.3569883 -0.3352734 -0.2667055 -0.3535363 -0.2974965 -0.2624028 -0.2527174 -0.2222318 -0.2668173 -0.2124930 -0.2894170 -0.3081868 -0.3544219 -0.3615813 -0.2649133 -0.3541595
C  0  1  70  1  0  3  -0.2717026 -0.3235889 -0.3490280 -0.2851336 -0.3129580 -0.2482431 -0.2200481 -0.2002304 -0.2017868 -0.2508988 -0.2693372 -0.3262536 -0.3028263 -0.2798439 -0.2922267 -0.3245785
C  0  1  70  1  0  4  -0.3078861 -0.2334704 -0.2962027 -0.2651623 -0.2493073 -0.2743428 -0.2810253 -0.2844640 -0.2873878 -0.2034149 -0.2476718 -0.3022316 -0.2874213 -0.2654000 -0.2945666 -0.3099019
C  0  1  70  1  0  5  -0.1910114 -0.1444807 -0.1921964 -0.1519940 -0.1088268 -0.1898707 -0.2000084 -0.1517768 -0.1202882 -0.1480647 -0.1158452 -0.2129383 -0.2616861 -0.1672950 -0.1720452 -0.1216401
C  0  1  70  1  0  6  -0.1686646 -0.1466754 -0.2178831 -0.1801547 -0.0990906 -0.1423331 -0.1798298 -0.1351405 -0.2041430 -0.1170977 -0.1241330 -0.1053008 -0.1228526 -0.1440369 -0.1512887 -0.2070416
C  0  1  70  1  0  7  -0.1347099 -0.1155989 -0.1126214 -0.1375037 -0.1271204 -0.1616355 -0.1852671 -0.1185598 -0.1664094 -0.0985091 -0.0778882 -0.1416485 -0.1613992 -0.1446608 -0.1283707 -0.1241150
C  0  1  70  1  0  8  -0.1678284 -0.0981023 -0.1313167 -0.1342864 -0.1634803 -0.1922607 -0.1808341 -0.1573660 -0.1332681 -0.1258387 -0.1341354 -0.1613114 -0.1504815 -0.1463784 -0.1166510 -0.1140000
C  0  1  70  1  0  9  -0.1297037 -0.1013210 -0.0863038 -0.1541278 -0.1032024 -0.1322263 -0.1050677 -0.1839952 -0.1344235 -0.1451508 -0.0899382 -0.1333670 -0.1604505 -0.0679690 -0.1486470 -0.1462723
C  0  1  70  1  0 10  -0.1330171 -0.1033550 -0.1131262 -0.1266443 -0.1160811 -0.1315048 -0.1038573 -0.1632759 -0.0910207 -0.1196506 -0.1244347 -0.1122564 -0.1233706 -0.1203670 -0.1071653 -0.0800215
C  0  1  70  1  0 11  -0.1311966 -0.0738826 -0.1199292 -0.0898590 -0.0823681 -0.1236246 -0.1619921 -0.1223095 -0.1645806 -0.1011318 -0.1271636 -0.1238015 -0.1289535 -0.1599806 -0.0494521 -0.0932395
C  0  1  70  1  0 12  -0.0715626 -0.1166977 -0.1015746 -0.1065488 -0.1278675 -0.1417668 -0.1509995 -0.1875650 -0.1554654 -0.1276516 -0.1477501 -0.1161425 -0.1079124 -0.1185077 -0.0784697 -0.1168000
C  0  1  70  1  0 13  -0.1212505 -0.1278891 -0.1780956 -0.1358567 -0.1364452 -0.1760924 -0.1713781 -0.1234711 -0.1277678 -0.1321311 -0.2020245 -0.1224255 -0.2089440 -0.1357651 -0.1424447 -0.1225509
C  0  1  70  1  0 14  -0.1040274 -0.1258477 -0.1455955 -0.1424020 -0.1502084 -0.1184540 -0.1494342 -0.2207646 -0.1382588 -0.1645463 -0.1581016 -0.1306110 -0.1802026 -0.0841483 -0.1424047 -0.2166818
C  0  1  70  1  0 15  -0.0939904 -0.2213692 -0.1649372 -0.1197802 -0.1928692 -0.1749156 -0.1607199 -0.1867489 -0.1608784 -0.1145863 -0.1281160 -0.1811968 -0.1147203 -0.0930903 -0.1030345 -0.1586174
C  0  1  70  1  0 16  -0.1570303 -0.1365891 -0.1622152 -0.1451107 -0.1449268 -0.1416744 -0.2084794 -0.2332900 -0.1721351 -0.2503347 -0.1332616 -0.1283702 -0.1411291 -0.1419868 -0.1243667 -0.1158975
C  0  1  70  1  0 17  -0.2679613 -0.2747978 -0.2153887 -0.2814064 -0.2406840 -0.2709060 -0.2913114 -0.2799777 -0.2512451 -0.2211019 -0.2806839 -0.2656891 -0.2483951 -0.2792380 -0.2238974 -0.2771293
C  0  1  70  1  0 18  -0.2652078 -0.2702344 -0.3054724 -0.2894048 -0.2313137 -0.2208190 -0.2749303 -0.2594546 -0.2326269 -0.2598905 -0.3109237 -0.2701639 -0.2721096 -0.2260885 -0.1796668 -0.2408467
C  0  1  70  1  0 19  -0.2504924 -0.2631126 -0.2728513 -0.3237411 -0.2635874 -0.3054480 -0.2690238 -0.2153371 -0.3171586 -0.2811186 -0.2085632 -0.3002874 -0.2264908 -0.2670776 -0.2479411 -0.2601638
C  0  1  70  1  0 20  -0.2193170 -0.2910019 -0.3421340 -0.3652843 -0.3615647 -0.2381404 -0.3100395 -0.3408058 -0.3659369 -0.3266348 -0.2684478 -0.2564690 -0.3734106 -0.2780439 -0.2896962 -0.3697081
C  0  1  70  1  0 21  -0.3239348 -0.3812888 -0.3642482 -0.3670165 -0.2909247 -0.3225333 -0.3231127 -0.3685146 -0.3698511 -0.3571981 -0.3262700 -0.4032833 -0.2375769 -0.3939921 -0.4169872 -0.3966296
C  0  1  70  1  1  0   0.0458549  0.0502361  0.0407069  0.0233178 -0.0013517 -0.0245225 -0.0364566 -0.0426876 -0.0445348 -0.0387704 -0.0336141 -0.0207733  0.0035904  0.0043442  0.0239179  0.0371320
C  0  1  70  1  1  1   0.0251411  0.0229361  0.0182213  0.0105621  0.0015538 -0.0087978 -0.0139900 -0.0193746 -0.0178315 -0.0146646 -0.0147524 -0.0068896  0.0036188  0.0086559  0.0132968  0.0243872
C  0  1  70  1  1  2   0.0110839  0.0123213  0.0072282  0.0053391  0.0015083 -0.0043739 -0.0093016 -0.0086903 -0.0100434 -0.0056566 -0.0056037 -0.0039989 -0.0000170  0.0021888  0.0044945  0.0103466
C  0  1  70  1  1  3   0.0068068  0.0070427  0.0013710  0.0041675  0.0004112 -0.0001117 -0.0046778 -0.0006569 -0.0003861 -0.0010955 -0.0041212 -0.0000901  0.0007852  0.0031240  0.0011245  0.0069149
C  0  1  70  1  1  4   0.0014238  0.0022846  0.0001113  0.0005335  0.0036778  0.0027899  0.0007404  0.0018704  0.0046919  0.0023315 -0.0006495 -0.0007290  0.0022873  0.0014295  0.0032795  0.0017409
C  0  1  70  1  1  5   0.0007202  0.0006798  0.0004781  0.0042249  0.0026617  0.0035405  0.0025060  0.0035414  0.0058759  0.0018437 -0.0022106 -0.0006526  0.0016631  0.0016894  0.0015805 -0.0006374
C  0  1  70  1  1  6   0.0017016  0.0010771  0.0012127  0.0039285  0.0041324  0.0034442  0.0042809  0.0060164  0.0049845  0.0014701 -0.0001288  0.0009595  0.0009549  0.0017080  0.0006062 -0.0004529
C  0  1  70  1  1  7  -0.0011455  0.0017068  0.0013275  0.0035585  0.0045452  0.0035788  0.0056550  0.0038458  0.0031562  0.0010804  0.0003695 -0.0006589  0.0017316  0.0015884  0.0011676 -0.0005785
C  0  1  70  1  1  8  -0.0006044  0.0010122  0.0019327  0.0024659  0.0055127  0.0035958  0.0047979  0.0051853  0.0054775  0.0003897  0.0008858  0.0000208  0.0014657  0.0010518  0.0019594 -0.0008952
C  0  1  70  1  1  9   0.0011701  0.0020198  0.0013424  0.0026661  0.0024461  0.0024334  0.0034645  0.0034880  0.0031494 -0.0008008  0.0004825  0.0007226  0.0013356 -0.0011385  0.0005368 -0.0018427
C  0  1  70  1  1 10  -0.0004678  0.0017797  0.0014670  0.0019281  0.0019251  0.0009785  0.0028803  0.0028391  0.0028675 -0.0006827 -0.0007838 -0.0004995 -0.0013987  0.0006335  0.0014360 -0.0016184
C  0  1  70  1  1 11   0.0000444  0.0012093  0.0015541  0.0030897  0.0019868 -0.0001225  0.0012181  0.0020567  0.0017620  0.0013895 -0.0026610 -0.0002698  0.0002391  0.0002578 -0.0000305 -0.0024767
C  0  1  70  1  1 12  -0.0002353  0.0015095  0.0023219  0.0032284  0.0016007  0.0014574  0.0008677  0.0023764  0.0032920  0.0005130  0.0012163  0.0002282 -0.0000701 -0.0002735  0.0003573 -0.0009792
C  0  1  70  1  1 13  -0.0006999  0.0018493  0.0024427  0.0033378  0.0021804  0.0026036  0.0044054  0.0049396  0.0040689  0.0006550  0.0013643  0.0000007  0.0000344 -0.0019738 -0.0000418 -0.0012162
C  0  1  70  1  1 14  -0.0002005  0.0007746  0.0024105  0.0042848  0.0044473  0.0025103  0.0033658  0.0065483  0.0053572  0.0015524  0.0023292  0.0000933 -0.0009628 -0.0028041 -0.0010675 -0.0024605
C  0  1  70  1  1 15  -0.0015397  0.0004122  0.0032334  0.0042330  0.0022758 -0.0013585  0.0027711  0.0028123  0.0059528  0.0021454  0.0023022  0.0002547 -0.0024766 -0.0044620 -0.0053250 -0.0053906
C  0  1  70  1  1 16  -0.0017026 -0.0001519  0.0031519  0.0039693  0.0033862 -0.0000620  0.0033436  0.0037220  0.0039206  0.0070894  0.0032107  0.0025730 -0.0019862 -0.0017028 -0.0047072 -0.0046142
C  0  1  70  1  1 17  -0.0032766  0.0007288  0.0005608  0.0058181  0.0017536 -0.0012069  0.0007768  0.0025514  0.0038283  0.0037299  0.0046058  0.0016060 -0.0010758 -0.0043277 -0.0061605 -0.0051755
C  0  1  70  1  1 18   0.0009109  0.0077491  0.0048285  0.0067870  0.0034996 -0.0007329 -0.0024640 -0.0008463  0.0027249  0.0029879  0.0019835  0.0004130 -0.0016281 -0.0051135 -0.0066320 -0.0047742
C  0  1  70  1  1 19   0.0014957  0.0071691  0.0120799  0.0092017  0.0052339  0.0004392 -0.0028229 -0.0008454  0.0022832  0.0056071  0.0018023 -0.0010802 -0.0038980 -0.0062429 -0.0052680 -0.0035546
C  0  1  70  1  1 20   0.0014303  0.0143345  0.0184204  0.0136689  0.0054002  0.0042467 -0.0029121 -0.0026569  0.0025121  0.0057738  0.0025423 -0.0034091 -0.0063767 -0.0099285 -0.0051410 -0.0046517
C  0  1  70  1  1 21   0.0084522  0.0188876  0.0298047  0.0223015  0.0138104  0.0171545  0.0081006  0.0094045  0.0115206  0.0123075  0.0002755 -0.0029234 -0.0081681 -0.0176834 -0.0096626 -0.0001911
