CPHI 16 
CETA 22 -2.40 -2.10 -1.85 -1.60 -1.40 -1.20 -1.00 -0.80 -0.60 -0.40 -0.20  0.00  0.20  0.40  0.60  0.80  1.00  1.20  1.40  1.60  1.85  2.10  2.40 
RMIN  6 
RTRK 12 
RETA 11  0.00  0.20  0.40  0.60  0.80  1.00  1.20  1.40  1.60  1.85  2.10  2.40 
T 0 1  71  0  0  0    0.0000000   0.0006352   0.0017052   0.0033151   0.0122921   0.0695277   0.2782919   0.6537896   1.0000000   1.0000000   1.0000000   1.0000000   1.0000000
T 0 1  71  0  0  1    0.0000000   0.0001205   0.0005255   0.0023601   0.0123698   0.0590554   0.2263414   0.5892057   1.0000000   1.0000000   1.0000000   1.0000000   1.0000000
T 0 1  71  0  0  2    0.0000000   0.0001155   0.0005174   0.0018295   0.0106135   0.0556240   0.2096828   0.5741894   1.0000000   1.0000000   1.0000000   1.0000000   1.0000000
T 0 1  71  0  0  3    0.0000000   0.0002021   0.0006029   0.0016855   0.0114632   0.0624854   0.2253897   0.5864820   1.0000000   1.0000000   1.0000000   1.0000000   1.0000000
T 0 1  71  0  0  4    0.0000000   0.0003355   0.0025968   0.0143272   0.0630411   0.2040017   0.4889513   0.8216515   1.0000000   1.0000000   1.0000000   1.0000000   1.0000000
T 0 1  71  0  0  5    0.0000000   0.0009589   0.0073305   0.0515516   0.2050378   0.5322159   0.8764732   0.9994251   1.0000000   1.0000000   1.0000000   1.0000000   1.0000000
T 0 1  71  0  0  6    0.0000000   0.0002848   0.0011286   0.0100333   0.0666488   0.2761883   0.6620342   0.9311727   0.9981818   0.9999994   1.0000000   1.0000000   1.0000000
T 0 1  71  0  0  7    0.0000000   0.0000568   0.0003548   0.0009110   0.0046697   0.0307692   0.1186240   0.2967648   0.5808746   0.8690014   0.9844001   0.9998570   1.0000000
T 0 1  71  0  0  8    0.0000000   0.0000012   0.0000346   0.0001212   0.0003745   0.0009922   0.0040913   0.0251778   0.1193549   0.3934218   0.7890623   0.9690123   1.0000000
T 0 1  71  0  0  9    0.0000000   0.0000030   0.0000043   0.0000200   0.0005478   0.0036843   0.0184093   0.0860311   0.3025535   0.6580110   0.9385873   0.9999409   1.0000000
T 0 1  71  0  0 10    0.0000000   0.0066756   0.0291170   0.0464397   0.0796129   0.1685812   0.3362595   0.6889258   0.9101772   0.9702091   0.9997984   1.0000000   1.0000000
T 0 1  71  1  0  0    0.0000000   0.0005148   0.0016399   0.0047460   0.0213440   0.1017716   0.3374237   0.6994022   1.0000000   1.0000000   1.0000000   1.0000000   1.0000000
T 0 1  71  1  0  1    0.0000000   0.0002633   0.0010891   0.0042307   0.0181163   0.0752157   0.2537985   0.6193956   1.0000000   1.0000000   1.0000000   1.0000000   1.0000000
T 0 1  71  1  0  2    0.0000000   0.0002194   0.0008486   0.0027728   0.0124455   0.0616642   0.2339277   0.6064318   1.0000000   1.0000000   1.0000000   1.0000000   1.0000000
T 0 1  71  1  0  3    0.0000000   0.0002283   0.0008669   0.0027852   0.0140251   0.0700545   0.2491207   0.6198491   1.0000000   1.0000000   1.0000000   1.0000000   1.0000000
T 0 1  71  1  0  4    0.0000000   0.0004356   0.0027620   0.0153929   0.0663357   0.2155446   0.5058694   0.8320271   1.0000000   1.0000000   1.0000000   1.0000000   1.0000000
T 0 1  71  1  0  5    0.0000000   0.0011873   0.0094478   0.0577925   0.2246261   0.5586818   0.8900123   0.9996500   1.0000000   1.0000000   1.0000000   1.0000000   1.0000000
T 0 1  71  1  0  6    0.0000000   0.0004626   0.0026649   0.0180020   0.0942133   0.3329130   0.7236541   0.9536823   0.9988141   0.9999984   1.0000000   1.0000000   1.0000000
T 0 1  71  1  0  7    0.0000000   0.0002246   0.0006446   0.0024765   0.0123245   0.0526267   0.1570011   0.3413836   0.6074237   0.8728054   0.9849908   0.9998878   1.0000000
T 0 1  71  1  0  8    0.0000000   0.0009562   0.0014955   0.0017998   0.0022382   0.0036136   0.0107994   0.0452511   0.1686405   0.4573475   0.8251665   0.9710661   1.0000000
T 0 1  71  1  0  9    0.0000000   0.0021003   0.0074838   0.0131257   0.0159362   0.0198461   0.0401951   0.1288935   0.3661962   0.7154288   0.9583841   0.9999941   1.0000000
T 0 1  71  1  0 10    0.0000000   0.0032254   0.0170235   0.0428863   0.0843736   0.1746921   0.3942474   0.7474223   0.9511020   0.9856143   0.9999985   1.0000000   1.0000000
R 0 1  71  0  0  0    0.0256847   0.0256847   0.0125709   0.0104601   0.0103239   0.0101883   0.0100218   0.0098595   0.0098595   0.0098595   0.0098595   0.0098595
R 0 1  71  0  0  1    0.0120053   0.0120053   0.0120053   0.0120053   0.0109884   0.0109039   0.0109460   0.0108417   0.0108417   0.0108417   0.0108417   0.0108417
R 0 1  71  0  0  2    0.0120385   0.0120385   0.0120385   0.0120385   0.0120117   0.0119035   0.0118546   0.0116775   0.0116775   0.0116775   0.0116775   0.0116775
R 0 1  71  0  0  3    0.0132396   0.0132396   0.0132396   0.0132396   0.0126339   0.0125654   0.0123656   0.0122404   0.0122404   0.0122404   0.0122404   0.0122404
R 0 1  71  0  0  4    0.0186021   0.0186021   0.0186021   0.0173651   0.0169229   0.0158619   0.0145244   0.0130699   0.0130699   0.0130699   0.0130699   0.0130699
R 0 1  71  0  0  5    0.0197797   0.0197797   0.0194354   0.0191115   0.0187069   0.0180482   0.0168717   0.0168717   0.0168717   0.0168717   0.0168717   0.0168717
R 0 1  71  0  0  6    0.0203424   0.0203424   0.0203424   0.0206038   0.0207596   0.0207271   0.0207181   0.0206324   0.0206324   0.0206324   0.0206324   0.0206324
R 0 1  71  0  0  7    0.0195923   0.0195923   0.0195923   0.0195923   0.0207098   0.0212022   0.0212502   0.0209768   0.0205807   0.0197482   0.0197482   0.0197482
R 0 1  71  0  0  8    0.0210970   0.0210970   0.0210970   0.0210970   0.0210970   0.0210970   0.0210970   0.0208606   0.0210550   0.0209765   0.0202624   0.0188878
R 0 1  71  0  0  9    0.0314885   0.0314885   0.0314885   0.0314885   0.0314885   0.0314885   0.0298335   0.0287899   0.0274939   0.0264285   0.0247778   0.0247778
R 0 1  71  0  0 10    0.0766093   0.0714544   0.0635145   0.0539618   0.0472231   0.0438650   0.0410426   0.0354838   0.0338703   0.0305859   0.0305859   0.0305859
R 0 1  71  0  1  0    0.0000000   0.0000000   0.0000000   0.0000932   0.0000828   0.0000800   0.0000736   0.0000667   0.0000667   0.0000667   0.0000667   0.0000667
R 0 1  71  0  1  1    0.0000873   0.0000873   0.0000873   0.0000873   0.0000666   0.0000687   0.0000606   0.0000557   0.0000557   0.0000557   0.0000557   0.0000557
R 0 1  71  0  1  2    0.0000374   0.0000374   0.0000374   0.0000374   0.0000629   0.0000598   0.0000599   0.0000517   0.0000517   0.0000517   0.0000517   0.0000517
R 0 1  71  0  1  3    0.0000488   0.0000488   0.0000488   0.0000488   0.0000599   0.0000588   0.0000556   0.0000494   0.0000494   0.0000494   0.0000494   0.0000494
R 0 1  71  0  1  4    0.0000932   0.0000932   0.0000932   0.0000877   0.0000919   0.0000731   0.0000574   0.0000420   0.0000420   0.0000420   0.0000420   0.0000420
R 0 1  71  0  1  5    0.0001176   0.0001176   0.0001012   0.0000631   0.0000649   0.0000574   0.0000409   0.0000409   0.0000409   0.0000409   0.0000409   0.0000409
R 0 1  71  0  1  6    0.0001085   0.0001085   0.0001085   0.0000587   0.0000560   0.0000583   0.0000465   0.0000288   0.0000288   0.0000288   0.0000288   0.0000288
R 0 1  71  0  1  7    0.0000000   0.0000000   0.0000000   0.0000000   0.0000604   0.0000797   0.0000785   0.0000726   0.0000743   0.0000577   0.0000577   0.0000577
R 0 1  71  0  1  8    0.0001170   0.0001170   0.0001170   0.0001170   0.0001170   0.0001170   0.0001170   0.0001132   0.0001060   0.0000988   0.0000866   0.0000683
R 0 1  71  0  1  9    0.0002979   0.0002979   0.0002979   0.0002979   0.0002979   0.0002979   0.0002174   0.0001974   0.0001789   0.0001547   0.0001309   0.0001309
R 0 1  71  0  1 10    0.0013596   0.0011563   0.0009869   0.0007798   0.0005722   0.0004614   0.0003949   0.0002694   0.0002194   0.0001766   0.0001766   0.0001766
R 0 1  71  0  2  0    0.0000000   0.0000000   0.0000000   0.0000000   0.0000000   0.0000103   0.0000165   0.0000000   0.0000000   0.0000000   0.0000000   0.0000000
R 0 1  71  0  2  1    0.0000000   0.0000000   0.0000000   0.0000000   0.0000000   0.0000144   0.0000054   0.0000165   0.0000165   0.0000165   0.0000165   0.0000165
R 0 1  71  0  2  2    0.0000000   0.0000000   0.0000000   0.0000000   0.0000753   0.0000326   0.0000043   0.0000161   0.0000161   0.0000161   0.0000161   0.0000161
R 0 1  71  0  2  3    0.0000727   0.0000727   0.0000727   0.0000727   0.0000000   0.0000000   0.0000095   0.0000109   0.0000109   0.0000109   0.0000109   0.0000109
R 0 1  71  0  2  4    0.0000000   0.0000000   0.0000000   0.0000000   0.0000000   0.0000151   0.0000000   0.0000116   0.0000116   0.0000116   0.0000116   0.0000116
R 0 1  71  0  2  5    0.0000000   0.0000000   0.0000000   0.0000000   0.0000301   0.0000190   0.0000135   0.0000135   0.0000135   0.0000135   0.0000135   0.0000135
R 0 1  71  0  2  6    0.0000000   0.0000000   0.0000000   0.0000000   0.0000000   0.0000000   0.0000000   0.0000000   0.0000000   0.0000000   0.0000000   0.0000000
R 0 1  71  0  2  7    0.0000000   0.0000000   0.0000000   0.0000000   0.0000000   0.0000000   0.0000000   0.0000000   0.0000000   0.0000000   0.0000000   0.0000000
R 0 1  71  0  2  8    0.0000000   0.0000000   0.0000000   0.0000000   0.0000000   0.0000000   0.0000000   0.0000000   0.0000000   0.0000000   0.0000000   0.0000531
R 0 1  71  0  2  9    0.0000000   0.0000000   0.0000000   0.0000000   0.0000000   0.0000000   0.0000000   0.0000312   0.0000178   0.0000245   0.0000000   0.0000000
R 0 1  71  0  2 10    0.0000000   0.0000000   0.0000000   0.0000000   0.0000000   0.0000000   0.0000770   0.0000721   0.0000000   0.0000000   0.0000000   0.0000000
R 0 1  71  0  3  0    1.0520196   1.0520196   1.0169741   1.0452929   0.9967666   0.9836834   0.9828824   0.9817358   0.9817358   0.9817358   0.9817358   0.9817358
R 0 1  71  0  3  1    1.0010759   1.0010759   1.0010759   1.0010759   0.9966702   0.9819192   0.9797029   0.9782497   0.9782497   0.9782497   0.9782497   0.9782497
R 0 1  71  0  3  2    1.0250632   1.0250632   1.0250632   1.0250632   1.0007679   0.9873695   0.9822018   0.9814020   0.9814020   0.9814020   0.9814020   0.9814020
R 0 1  71  0  3  3    1.0232895   1.0232895   1.0232895   1.0232895   0.9983781   0.9883200   0.9819997   0.9815416   0.9815416   0.9815416   0.9815416   0.9815416
R 0 1  71  0  3  4    1.0323667   1.0323667   1.0323667   0.9868365   0.9788137   0.9747329   0.9798604   0.9880677   0.9880677   0.9880677   0.9880677   0.9880677
R 0 1  71  0  3  5    1.0375762   1.0375762   0.9964096   0.9797167   0.9725226   0.9712871   0.9771418   0.9771418   0.9771418   0.9771418   0.9771418   0.9771418
R 0 1  71  0  3  6    1.0496647   1.0496647   1.0496647   0.9928509   0.9863981   0.9855620   0.9825782   0.9852572   0.9852572   0.9852572   0.9852572   0.9852572
R 0 1  71  0  3  7    1.1273326   1.1273326   1.1273326   1.1273326   1.0383558   0.9985217   0.9885783   0.9858347   0.9875070   0.9908870   0.9908870   0.9908870
R 0 1  71  0  3  8    1.0220059   1.0220059   1.0220059   1.0220059   1.0220059   1.0220059   1.0220059   0.9947410   0.9819498   0.9836648   0.9889178   1.0160292
R 0 1  71  0  3  9    1.0349191   1.0349191   1.0349191   1.0349191   1.0349191   1.0349191   0.9796820   0.9755982   0.9757711   0.9862753   1.0130811   1.0130811
R 0 1  71  0  3 10    1.0753266   1.0426529   1.0058565   0.9903509   0.9776732   0.9726565   0.9673089   0.9703564   0.9994506   1.0000125   1.0000125   1.0000125
R 0 1  71  0  4  0    1.4161208   1.4161208   1.4141065   2.1408647   2.2364406   2.2551856   2.2744445   2.2591035   2.2591035   2.2591035   2.2591035   2.2591035
R 0 1  71  0  4  1    1.9776698   1.9776698   1.9776698   1.9776698   2.1539416   2.1763886   2.2134688   2.1999139   2.1999139   2.1999139   2.1999139   2.1999139
R 0 1  71  0  4  2    1.8722419   1.8722419   1.8722419   1.8722419   2.1662399   2.2808851   2.2583576   2.2436291   2.2436291   2.2436291   2.2436291   2.2436291
R 0 1  71  0  4  3    1.8241825   1.8241825   1.8241825   1.8241825   2.2578459   2.2908628   2.2368263   2.2175071   2.2175071   2.2175071   2.2175071   2.2175071
R 0 1  71  0  4  4    1.8023199   1.8023199   1.8023199   1.9946291   2.0659371   2.0899140   2.2202554   2.3223538   2.3223538   2.3223538   2.3223538   2.3223538
R 0 1  71  0  4  5    1.7397034   1.7397034   2.0418098   2.0899913   2.0574127   2.0624680   2.0697211   2.0697211   2.0697211   2.0697211   2.0697211   2.0697211
R 0 1  71  0  4  6    2.0905414   2.0905414   2.0905414   2.1580253   2.2996541   2.3716982   2.3104464   2.2719411   2.2719411   2.2719411   2.2719411   2.2719411
R 0 1  71  0  4  7    1.6550471   1.6550471   1.6550471   1.6550471   2.3040477   2.3827114   2.3208357   2.3551381   2.3678920   2.3569474   2.3569474   2.3569474
R 0 1  71  0  4  8    2.2060424   2.2060424   2.2060424   2.2060424   2.2060424   2.2060424   2.2060424   2.2094035   2.1999770   2.2646885   2.3148103   2.2563169
R 0 1  71  0  4  9    2.1760266   2.1760266   2.1760266   2.1760266   2.1760266   2.1760266   1.9056876   2.0574297   2.0884517   2.2305440   2.2055908   2.2055908
R 0 1  71  0  4 10    2.1957970   2.2785606   2.0066959   1.9038222   2.0236330   1.9597957   1.9542641   1.9654562   2.0950411   1.8764946   1.8764946   1.8764946
R 0 1  71  0  5  0   15.3735489  15.3735489   6.2832724   3.3378751   3.7655176   3.9940698   4.0506552   4.0104540   4.0104540   4.0104540   4.0104540   4.0104540
R 0 1  71  0  5  1    4.0970372   4.0970372   4.0970372   4.0970372   4.1603350   4.2768136   4.1749243   4.2769982   4.2769982   4.2769982   4.2769982   4.2769982
R 0 1  71  0  5  2    4.0207336   4.0207336   4.0207336   4.0207336   4.5226298   3.8296922   4.0165333   4.2058672   4.2058672   4.2058672   4.2058672   4.2058672
R 0 1  71  0  5  3    4.7187978   4.7187978   4.7187978   4.7187978   3.8839028   3.8319799   4.2264300   4.5250139   4.5250139   4.5250139   4.5250139   4.5250139
R 0 1  71  0  5  4    5.4734735   5.4734735   5.4734735   5.1528967   5.3415903   4.8789954   3.8543198   3.3163465   3.3163465   3.3163465   3.3163465   3.3163465
R 0 1  71  0  5  5    4.6829171   4.6829171   5.3235690   5.1411250   5.7478219   4.8800093   3.7219019   3.7219019   3.7219019   3.7219019   3.7219019   3.7219019
R 0 1  71  0  5  6    2.7980334   2.7980334   2.7980334   4.5069292   3.5262384   2.9053081   2.4771708   2.0005096   2.0005096   2.0005096   2.0005096   2.0005096
R 0 1  71  0  5  7    5.5376927   5.5376927   5.5376927   5.5376927   3.6537439   3.0733738   3.0208883   2.7821575   2.6118848   2.0624918   2.0624918   2.0624918
R 0 1  71  0  5  8    3.9956304   3.9956304   3.9956304   3.9956304   3.9956304   3.9956304   3.9956304   4.3999308   4.6531981   4.2461723   3.5566274   4.1372653
R 0 1  71  0  5  9    4.1865232   4.1865232   4.1865232   4.1865232   4.1865232   4.1865232   8.6119293   5.9651573   6.2255880   4.9752478   6.6292603   6.6292603
R 0 1  71  0  5 10    4.1029681   4.1251891   4.0713929   6.5931544   4.6630017   6.7330470   7.8917966   8.1290013   6.0656932   9.2742496   9.2742496   9.2742496
F  0  1  71  0  0  0    0.9990497   1.0194248   1.0009553   0.9885045   0.9750298   0.9984750   0.9828594   0.9867962   0.9895148   0.9856951   0.9870491
F  0  1  71  1  0  0    1.0636731   1.0555286   1.0663558   1.0924289   1.0488873   1.0822679   1.0671960   1.0586677   1.0359268   1.0585082   1.0894780
C  0  1  71  0  0  0  -0.1674567 -0.0777967 -0.1834175 -0.4719924 -0.3634369 -0.2245517 -0.1884225 -0.2235398 -0.3173649 -0.0592613 -0.1662391 -0.2082384 -0.1897143 -0.2570387 -0.3180266 -0.2191912
C  0  1  71  0  0  1  -0.1430112 -0.1340497 -0.0552002 -0.1191089 -0.2164864 -0.1288003 -0.1489393 -0.0740788  0.0207819 -0.0474472  0.0578004 -0.1958821 -0.1125280 -0.1681631 -0.1854422 -0.0866093
C  0  1  71  0  0  2  -0.0339976 -0.1035492 -0.0906494 -0.1755763 -0.0557846 -0.0832874 -0.0711895 -0.1087471  0.0063956 -0.1227437 -0.0578626 -0.0343922 -0.1446377 -0.0765409 -0.0616015 -0.1165953
C  0  1  71  0  0  3  -0.0845981 -0.0609876 -0.1319236 -0.1032652 -0.0294468 -0.1024662 -0.1030845 -0.0263212 -0.0353998 -0.0192416 -0.0696987 -0.0729699 -0.1997588 -0.1490460 -0.0910647  0.0089543
C  0  1  71  0  0  4  -0.1660996  0.0416414  0.0274035 -0.0705815 -0.0815285 -0.0502989 -0.0169618 -0.0642449 -0.0148432  0.0169531 -0.0538492  0.0411433 -0.1621508 -0.1441885  0.0485187  0.0008280
C  0  1  71  0  0  5  -0.0648540 -0.0079746 -0.0511288  0.0566156 -0.0274369 -0.0714412 -0.0691954 -0.0157854 -0.0497064  0.0214542  0.0097654  0.0011349 -0.0126876  0.0190000  0.1147477 -0.0381130
C  0  1  71  0  0  6  -0.0256033  0.0643720  0.0334679  0.0286781 -0.0463134  0.0134683 -0.0718024 -0.0997989  0.0010507 -0.0621035  0.0007263  0.0895217 -0.0336035  0.0916043 -0.1169247  0.0864481
C  0  1  71  0  0  7  -0.0481773  0.0036391  0.0496763  0.0503244  0.0618932  0.0886310  0.0015992 -0.0546313 -0.0624516 -0.0766932  0.0343090 -0.0180899  0.0483413 -0.0636340 -0.0398652  0.0418848
C  0  1  71  0  0  8  -0.0686896  0.0365725  0.1262491  0.0510490  0.0333946 -0.0552932 -0.0489246  0.0219632  0.0518609 -0.0291847  0.0009998  0.0316186 -0.0200867  0.0499697 -0.0726221 -0.0170079
C  0  1  71  0  0  9  -0.0751097  0.0327078 -0.0917283 -0.0118756  0.0024450  0.0282248 -0.0210932  0.0144187 -0.0373251  0.0512094  0.0937945 -0.0435466  0.0226494  0.0452226 -0.0453032  0.0451296
C  0  1  71  0  0 10  -0.0411816 -0.0467107  0.0147029  0.0514297  0.0113391  0.0102424 -0.0339055 -0.0484399  0.0272100 -0.0800864  0.0572053  0.0012044 -0.0955208  0.1766694  0.0945360  0.0898405
C  0  1  71  0  0 11  -0.0810250  0.0149655 -0.0592782  0.0366522 -0.0011779  0.0403036  0.0271931  0.0767798  0.0901194  0.0019793  0.0470459  0.0178522  0.0322027  0.0074009 -0.1004300 -0.0055108
C  0  1  71  0  0 12   0.0282387 -0.1079296  0.0068751  0.0195960  0.0507443  0.0160104 -0.0667272 -0.0928627 -0.0118054  0.1291556  0.0713486  0.0326478  0.0115852  0.0276107  0.0418861  0.0586750
C  0  1  71  0  0 13  -0.1034846  0.0216218  0.0223824 -0.0464950  0.0436826  0.0316376  0.0334012 -0.0312353  0.1111117  0.0101583 -0.0142399  0.0674039  0.0034168 -0.0258788  0.0145788  0.0532564
C  0  1  71  0  0 14  -0.1018239 -0.0182590  0.0133104  0.0295785 -0.0353374 -0.0134804 -0.0040347  0.0126430 -0.0686113 -0.0642384  0.0422937 -0.1025198  0.0482644  0.0338433  0.0283270 -0.0562193
C  0  1  71  0  0 15  -0.0971416 -0.0285525 -0.0636223  0.0847984  0.0647621 -0.0339837  0.0275236 -0.0130733 -0.0047793 -0.1451420 -0.0685467 -0.1427812 -0.0431748 -0.0603977  0.0048398  0.1036874
C  0  1  71  0  0 16   0.1531595  0.0010887 -0.0294330 -0.0116538 -0.0658199 -0.0623912 -0.0191306 -0.0478797 -0.0662085  0.0369058  0.0059415 -0.0342406 -0.0959962 -0.0017493 -0.0725538  0.0835685
C  0  1  71  0  0 17  -0.0115383 -0.0837521 -0.1947098 -0.1891412 -0.2261786 -0.0575030 -0.0311365 -0.0586726 -0.0092511 -0.0303812  0.0627472 -0.0607575 -0.0321824 -0.1772243 -0.0327461 -0.0615380
C  0  1  71  0  0 18  -0.1373662 -0.0435367  0.0259509 -0.0610826 -0.1512965 -0.0267539 -0.0598093 -0.0134337 -0.0971414  0.0047225  0.0015492 -0.1067934 -0.0083899  0.0313693 -0.1344392  0.0090755
C  0  1  71  0  0 19   0.1017432 -0.0333889 -0.1867391 -0.0344951 -0.1024441 -0.0618364 -0.1639036 -0.0568636 -0.1014724 -0.0878890 -0.1032257 -0.0637548  0.0922961 -0.1533121  0.0234580 -0.0316017
C  0  1  71  0  0 20  -0.1175730  0.0151810 -0.0890456  0.0231374 -0.1772805 -0.0648962 -0.1248546 -0.1406405 -0.2135610 -0.2310456 -0.1191870  0.0426049 -0.0043525 -0.1406572 -0.1831855 -0.0559265
C  0  1  71  0  0 21  -0.1225283 -0.0929790 -0.1980136  0.0223836 -0.2506731 -0.2533480 -0.2705642 -0.1092184 -0.1781794 -0.1154316 -0.1385897 -0.4064398 -0.3289993 -0.3204440 -0.1784558 -0.2319305
C  0  1  71  0  1  0   0.0009286 -0.0011254 -0.0020126 -0.0041247 -0.0040807  0.0010397  0.0010226  0.0025489  0.0050820  0.0007532 -0.0042633  0.0067533  0.0055132  0.0075641  0.0100337  0.0046676
C  0  1  71  0  1  1   0.0012154  0.0023971 -0.0020155 -0.0024806  0.0003002 -0.0022740  0.0006996 -0.0002196  0.0021235  0.0008129 -0.0056582 -0.0046335  0.0040159  0.0042972  0.0003364  0.0025349
C  0  1  71  0  1  2   0.0020754 -0.0005754 -0.0006138  0.0014045 -0.0023434 -0.0006718  0.0000267  0.0027881 -0.0010719  0.0019702 -0.0010927 -0.0015994  0.0038032  0.0020718 -0.0001181  0.0007426
C  0  1  71  0  1  3   0.0039688  0.0023687 -0.0007709  0.0009557 -0.0005860  0.0024503  0.0007502 -0.0010400 -0.0035104 -0.0020092 -0.0009428 -0.0004432  0.0004826 -0.0020987 -0.0020302  0.0028355
C  0  1  71  0  1  4   0.0029772  0.0000430 -0.0025738  0.0025829 -0.0005183 -0.0025632  0.0023065  0.0014853  0.0002712  0.0017519 -0.0009817 -0.0023590  0.0029256 -0.0016294 -0.0024135 -0.0010607
C  0  1  71  0  1  5   0.0026517  0.0009541 -0.0014150  0.0002667  0.0011174 -0.0001743  0.0006533  0.0006748  0.0003620  0.0013436  0.0009593 -0.0015582 -0.0007666  0.0010021 -0.0006527 -0.0018131
C  0  1  71  0  1  6   0.0036097 -0.0012098 -0.0004437 -0.0002571  0.0022276 -0.0008754 -0.0013939  0.0004216 -0.0004740 -0.0013560 -0.0006673 -0.0006851 -0.0022173 -0.0014171  0.0021003 -0.0010422
C  0  1  71  0  1  7   0.0028352  0.0015241  0.0006988 -0.0005597  0.0012885  0.0001529  0.0001723  0.0002788  0.0010475 -0.0014374  0.0003068 -0.0015946 -0.0012911  0.0006655  0.0001590  0.0008936
C  0  1  71  0  1  8   0.0030536  0.0006831 -0.0007401 -0.0015851  0.0006901  0.0013469  0.0015042 -0.0000130  0.0016973  0.0004128  0.0012238 -0.0007113 -0.0012186  0.0007812  0.0006614  0.0003134
C  0  1  71  0  1  9  -0.0013739  0.0012913  0.0014738 -0.0007507  0.0006441  0.0018154  0.0014904 -0.0007991 -0.0002386 -0.0012044 -0.0044367 -0.0014359 -0.0001793  0.0010614 -0.0016150  0.0013458
C  0  1  71  0  1 10   0.0006151  0.0009701  0.0015771  0.0022932  0.0022012  0.0013185  0.0011759  0.0003597 -0.0011316 -0.0015221  0.0002285 -0.0004198  0.0000962 -0.0016615 -0.0002607  0.0006410
C  0  1  71  0  1 11   0.0016519  0.0014284 -0.0006771  0.0017708 -0.0014741 -0.0008844 -0.0026710 -0.0013165 -0.0029772 -0.0013410  0.0001471 -0.0004598 -0.0012713 -0.0014934  0.0012305 -0.0011265
C  0  1  71  0  1 12   0.0010197  0.0003229  0.0008048 -0.0004738  0.0003562  0.0003301  0.0011344  0.0001325  0.0020845  0.0011354 -0.0018025 -0.0001857 -0.0012385  0.0005808  0.0003639  0.0007090
C  0  1  71  0  1 13   0.0039370 -0.0011492 -0.0002495  0.0019457  0.0024096  0.0004408 -0.0011952 -0.0003302  0.0007690 -0.0013209 -0.0020037 -0.0021492 -0.0002549  0.0002604  0.0002755  0.0013753
C  0  1  71  0  1 14   0.0022887  0.0010383  0.0015741  0.0008791  0.0007179  0.0020707  0.0008659  0.0003539  0.0006253 -0.0006062  0.0003940 -0.0003312  0.0007595  0.0001375  0.0004927  0.0012712
C  0  1  71  0  1 15   0.0012502  0.0005975 -0.0001859  0.0005717  0.0006346  0.0021271  0.0028222 -0.0005390 -0.0006028 -0.0012818 -0.0016064  0.0011368  0.0013409 -0.0018447  0.0018689 -0.0001452
C  0  1  71  0  1 16   0.0023986  0.0020277  0.0001624 -0.0004150 -0.0006486  0.0032570 -0.0010270  0.0013322  0.0018587  0.0007577  0.0005061  0.0006125 -0.0019414  0.0032830  0.0005699  0.0017538
C  0  1  71  0  1 17   0.0015358  0.0003673 -0.0001586  0.0014306  0.0032265  0.0036767  0.0019142  0.0013305 -0.0017964  0.0040587  0.0001077  0.0013432  0.0013721 -0.0014367  0.0067941  0.0036317
C  0  1  71  0  1 18   0.0070297  0.0065636  0.0040372  0.0011156  0.0019099  0.0026442  0.0035575  0.0014430  0.0001445  0.0010935  0.0022516  0.0033014  0.0004858 -0.0005077  0.0060466  0.0042204
C  0  1  71  0  1 19   0.0054719  0.0022335  0.0015513  0.0015131  0.0029276  0.0001651  0.0043146  0.0007525  0.0027412  0.0049610  0.0004072  0.0002050  0.0034105  0.0031078  0.0057544  0.0057152
C  0  1  71  0  1 20   0.0065834  0.0083679  0.0049463  0.0047047 -0.0007116  0.0039153  0.0026107  0.0045374  0.0039526  0.0050298 -0.0009833 -0.0042230  0.0037747  0.0071587  0.0056588  0.0063365
C  0  1  71  0  1 21   0.0114779  0.0138709  0.0063414 -0.0001440 -0.0007914 -0.0079986 -0.0084565 -0.0003079 -0.0004812 -0.0040059  0.0001234  0.0009180  0.0031038  0.0039846  0.0073129  0.0036904
C  0  1  71  1  0  0  -0.4743213 -0.3474522 -0.3782585 -0.4422283 -0.3351284 -0.3753518 -0.3615332 -0.3213270 -0.3226993 -0.3512515 -0.3946007 -0.4434827 -0.4123165 -0.4388235 -0.4852092 -0.3799173
C  0  1  71  1  0  1  -0.3096690 -0.3287165 -0.2945334 -0.2163069 -0.3032804 -0.2377442 -0.2732117 -0.2398404 -0.2796397 -0.1433248 -0.3486372 -0.2403654 -0.3747371 -0.3953610 -0.2931296 -0.2911829
C  0  1  71  1  0  2  -0.3059368 -0.3022731 -0.2656275 -0.3101523 -0.2783281 -0.2484211 -0.2338725 -0.1650169 -0.2278995 -0.2378187 -0.3012398 -0.2615394 -0.3233753 -0.3636283 -0.2932037 -0.3767575
C  0  1  71  1  0  3  -0.3100433 -0.2888450 -0.2785866 -0.3313470 -0.2423786 -0.2101582 -0.1834627 -0.1168915 -0.2249775 -0.1767590 -0.2155250 -0.2833564 -0.2642231 -0.2869595 -0.3146156 -0.3156717
C  0  1  71  1  0  4  -0.2345539 -0.2443756 -0.2481660 -0.2264265 -0.2320473 -0.1844318 -0.2492719 -0.2694740 -0.1695841 -0.2008727 -0.3000862 -0.2669365 -0.2872582 -0.2270396 -0.2762125 -0.3092657
C  0  1  71  1  0  5  -0.2041382 -0.1704003 -0.2008870 -0.1802771 -0.1530722 -0.1557127 -0.2021955 -0.1367912 -0.1528668 -0.1299995 -0.1810754 -0.2209487 -0.2333159 -0.1519317 -0.1912345 -0.1936577
C  0  1  71  1  0  6  -0.1380194 -0.1145433 -0.1318074 -0.1977450 -0.1174807 -0.1416863 -0.1615033 -0.1720279 -0.1677469 -0.1145676 -0.1019147 -0.1048219 -0.0805251 -0.1395491 -0.1741375 -0.1570683
C  0  1  71  1  0  7  -0.1558676 -0.1538859 -0.1395504 -0.1603600 -0.1610470 -0.1980978 -0.1858904 -0.1418114 -0.1495033 -0.1174065 -0.1251694 -0.1279101 -0.1567632 -0.1422979 -0.1256121 -0.1562367
C  0  1  71  1  0  8  -0.1777678 -0.0946732 -0.1408977 -0.0954666 -0.1676669 -0.1867070 -0.1349903 -0.1084430 -0.1340371 -0.1040368 -0.1155146 -0.1753832 -0.1032336 -0.1560605 -0.1369961 -0.1102742
C  0  1  71  1  0  9  -0.1287199 -0.1125185 -0.0988533 -0.1436958 -0.0902981 -0.1381900 -0.0923672 -0.1887100 -0.1610687 -0.1631371 -0.1005598 -0.1534578 -0.1369716 -0.1127015 -0.1650924 -0.1569742
C  0  1  71  1  0 10  -0.1655410 -0.1088003 -0.1190579 -0.1540629 -0.1442160 -0.1195130 -0.1342916 -0.1596083 -0.0549070 -0.1338706 -0.1437349 -0.1496299 -0.1246351 -0.1424163 -0.1402641 -0.1004410
C  0  1  71  1  0 11  -0.1347260 -0.1300489 -0.1122252 -0.0917072 -0.1276252 -0.1180766 -0.1017499 -0.1380918 -0.1834084 -0.1115112 -0.1644379 -0.1014900 -0.1504659 -0.1307028 -0.1201490 -0.1387214
C  0  1  71  1  0 12  -0.1089907 -0.0790507 -0.1301528 -0.1220983 -0.1364642 -0.1186545 -0.1545764 -0.1993130 -0.1630732 -0.1212124 -0.1376900 -0.0844555 -0.0971609 -0.1393872 -0.1403187 -0.1368546
C  0  1  71  1  0 13  -0.0901584 -0.1169442 -0.1676830 -0.1043523 -0.1204454 -0.1485793 -0.1369891 -0.1587871 -0.1181105 -0.1444917 -0.1662236 -0.1290955 -0.1468384 -0.1402730 -0.1843141 -0.1052518
C  0  1  71  1  0 14  -0.1127220 -0.1701942 -0.1401493 -0.1820640 -0.1956508 -0.1620816 -0.1518752 -0.2499588 -0.1766793 -0.1935448 -0.1293911 -0.1495708 -0.1413870 -0.0761066 -0.1418484 -0.1902391
C  0  1  71  1  0 15  -0.1402487 -0.1927057 -0.1608221 -0.1495854 -0.1794985 -0.0946372 -0.1742508 -0.1735529 -0.1719037 -0.1208262 -0.1374846 -0.1737661 -0.1629009 -0.1195569 -0.1282190 -0.1503769
C  0  1  71  1  0 16  -0.1648190 -0.1657186 -0.1157761 -0.1557208 -0.1668991 -0.1621861 -0.2386780 -0.2751912 -0.1708414 -0.1844301 -0.1590490 -0.1343851 -0.1477127 -0.1544598 -0.1305977 -0.1099682
C  0  1  71  1  0 17  -0.2567833 -0.3197261 -0.2280733 -0.2998104 -0.2420777 -0.2377166 -0.2335701 -0.2220636 -0.2818445 -0.2769777 -0.2521640 -0.2082643 -0.1802437 -0.2720836 -0.2450232 -0.2490971
C  0  1  71  1  0 18  -0.2170003 -0.2455308 -0.2386268 -0.3140289 -0.2238093 -0.2060440 -0.2085637 -0.2617980 -0.2897734 -0.2625501 -0.2325535 -0.2926261 -0.2358216 -0.1723272 -0.1895029 -0.1989639
C  0  1  71  1  0 19  -0.2896854 -0.2222228 -0.2883257 -0.3073210 -0.2417635 -0.2821748 -0.2529091 -0.1908794 -0.3011132 -0.2936155 -0.2037414 -0.2845909 -0.2359823 -0.2718758 -0.2689783 -0.2333510
C  0  1  71  1  0 20  -0.1905391 -0.2801744 -0.3034844 -0.2797245 -0.2417818 -0.1694965 -0.2598115 -0.3323180 -0.3156981 -0.3221337 -0.3102211 -0.2235222 -0.3678729 -0.3235124 -0.2576240 -0.2851934
C  0  1  71  1  0 21  -0.3683786 -0.2629718 -0.3661311 -0.3924592 -0.2867772 -0.2495480 -0.2821650 -0.3831493 -0.4781882 -0.3509733 -0.2659798 -0.3959908 -0.3852277 -0.2178023 -0.3538216 -0.3190913
C  0  1  71  1  1  0   0.0452557  0.0475407  0.0387648  0.0230104  0.0025075 -0.0194570 -0.0324114 -0.0419437 -0.0476611 -0.0370423 -0.0333818 -0.0182670  0.0028499  0.0078909  0.0251840  0.0412444
C  0  1  71  1  1  1   0.0253585  0.0222569  0.0186661  0.0100133  0.0026092 -0.0057682 -0.0145614 -0.0171506 -0.0191653 -0.0146961 -0.0149753 -0.0068750  0.0024852  0.0085115  0.0118717  0.0248398
C  0  1  71  1  1  2   0.0136166  0.0140676  0.0099459  0.0052281  0.0030098 -0.0022787 -0.0078815 -0.0087292 -0.0080206 -0.0063242 -0.0039868 -0.0026054  0.0023616  0.0040860  0.0056668  0.0105721
C  0  1  71  1  1  3   0.0083857  0.0076145  0.0025774  0.0038138  0.0010896  0.0009064 -0.0042282 -0.0017194  0.0009959 -0.0011574 -0.0026753 -0.0015595  0.0027672  0.0026104  0.0028415  0.0067570
C  0  1  71  1  1  4   0.0012729  0.0023836  0.0002856  0.0000944  0.0026292  0.0016741  0.0019602  0.0006644  0.0036798  0.0018836  0.0000516 -0.0011898  0.0016132  0.0015124  0.0029409  0.0018584
C  0  1  71  1  1  5   0.0009333  0.0000887 -0.0002103  0.0026259  0.0037008  0.0042379  0.0025846  0.0041132  0.0053000  0.0009462 -0.0024332 -0.0016189  0.0020797  0.0022043  0.0016890 -0.0011050
C  0  1  71  1  1  6   0.0003473  0.0009660  0.0018275  0.0027714  0.0040321  0.0038699  0.0050495  0.0042359  0.0032032  0.0013753  0.0001583  0.0005213  0.0006323  0.0003203  0.0006248 -0.0007943
C  0  1  71  1  1  7  -0.0012345  0.0016398  0.0019456  0.0032505  0.0034418  0.0025451  0.0058839  0.0033188  0.0031847  0.0002098 -0.0009575 -0.0011898  0.0013893  0.0009214  0.0012851 -0.0011592
C  0  1  71  1  1  8  -0.0014675  0.0004688  0.0019822  0.0008748  0.0039564  0.0039187  0.0046228  0.0050309  0.0046855  0.0015596  0.0007521 -0.0002358  0.0017548  0.0007494  0.0007977 -0.0012663
C  0  1  71  1  1  9   0.0009850  0.0016884  0.0013900  0.0033045  0.0020956  0.0028993  0.0032246  0.0030737  0.0021887 -0.0008524  0.0005254  0.0007571  0.0007615  0.0006449  0.0008269 -0.0019482
C  0  1  71  1  1 10  -0.0003646  0.0014334  0.0014210  0.0013963  0.0022715  0.0022774  0.0019696  0.0025385  0.0022569 -0.0000621  0.0002030 -0.0010567 -0.0007480  0.0008226  0.0014572 -0.0019767
C  0  1  71  1  1 11  -0.0002269  0.0007255  0.0011207  0.0019014  0.0027382  0.0001512  0.0010026  0.0016108  0.0024947  0.0007064 -0.0024075 -0.0012282 -0.0009824 -0.0006259  0.0002511 -0.0019409
C  0  1  71  1  1 12   0.0003998  0.0012814  0.0026811  0.0025452  0.0020034  0.0012151  0.0000613  0.0024824  0.0041371  0.0001195  0.0013375  0.0008834  0.0003255  0.0000552  0.0006224 -0.0014233
C  0  1  71  1  1 13  -0.0004114  0.0017718  0.0014812  0.0029669  0.0021758  0.0021111  0.0035172  0.0048978  0.0042763  0.0019387  0.0006630 -0.0005286 -0.0013271 -0.0019303 -0.0002465 -0.0017624
C  0  1  71  1  1 14  -0.0008276  0.0006828  0.0012538  0.0028562  0.0030329  0.0018105  0.0037121  0.0053443  0.0051945  0.0021738  0.0008158 -0.0011751 -0.0014794 -0.0020219 -0.0023629 -0.0018794
C  0  1  71  1  1 15  -0.0025488  0.0007827  0.0021602  0.0034980  0.0024007 -0.0017406  0.0030211  0.0022539  0.0058572  0.0023750  0.0013219 -0.0003992 -0.0028690 -0.0055291 -0.0059847 -0.0048132
C  0  1  71  1  1 16  -0.0024480  0.0009797  0.0028633  0.0039207  0.0028705  0.0004856  0.0044874  0.0041993  0.0036973  0.0058926  0.0027725  0.0025520 -0.0007382 -0.0018700 -0.0051745 -0.0064247
C  0  1  71  1  1 17  -0.0032936  0.0025277  0.0018694  0.0055824  0.0018592 -0.0022101  0.0007950  0.0034135  0.0038212  0.0045591  0.0040806  0.0014749 -0.0011612 -0.0044987 -0.0052176 -0.0047248
C  0  1  71  1  1 18   0.0003739  0.0079669  0.0054019  0.0063254  0.0045770 -0.0006583 -0.0024754 -0.0006251  0.0034381  0.0037948  0.0014835  0.0012100 -0.0010427 -0.0035678 -0.0060933 -0.0034800
C  0  1  71  1  1 19   0.0021433  0.0090879  0.0117861  0.0103519  0.0066954  0.0023134 -0.0019234 -0.0003418  0.0038861  0.0054619  0.0010500 -0.0001387 -0.0035234 -0.0051377 -0.0056672 -0.0009810
C  0  1  71  1  1 20   0.0009731  0.0140315  0.0175923  0.0138331  0.0069144  0.0027053 -0.0017171  0.0012991  0.0025956  0.0042515  0.0013508 -0.0026696 -0.0073172 -0.0088296 -0.0053992 -0.0056860
C  0  1  71  1  1 21   0.0063336  0.0220064  0.0280382  0.0220386  0.0169885  0.0155751  0.0093695  0.0113001  0.0110965  0.0140981  0.0003792 -0.0045115 -0.0083444 -0.0199015 -0.0082939  0.0023455
