CPHI 16 
CETA 22 -2.40 -2.10 -1.85 -1.60 -1.40 -1.20 -1.00 -0.80 -0.60 -0.40 -0.20  0.00  0.20  0.40  0.60  0.80  1.00  1.20  1.40  1.60  1.85  2.10  2.40 
RMIN  6 
RTRK 12 
RETA 11  0.00  0.20  0.40  0.60  0.80  1.00  1.20  1.40  1.60  1.85  2.10  2.40 
T 0 1  72  0  0  0    0.0000000   0.0006152   0.0016699   0.0031676   0.0121634   0.0688451   0.2767111   0.6521921   1.0000000   1.0000000   1.0000000   1.0000000   1.0000000
T 0 1  72  0  0  1    0.0000000   0.0001432   0.0005759   0.0024193   0.0124883   0.0592938   0.2260323   0.5888905   1.0000000   1.0000000   1.0000000   1.0000000   1.0000000
T 0 1  72  0  0  2    0.0000000   0.0001371   0.0005300   0.0017711   0.0106497   0.0553963   0.2100541   0.5738939   1.0000000   1.0000000   1.0000000   1.0000000   1.0000000
T 0 1  72  0  0  3    0.0000000   0.0002140   0.0005818   0.0016289   0.0115373   0.0625080   0.2258072   0.5873241   1.0000000   1.0000000   1.0000000   1.0000000   1.0000000
T 0 1  72  0  0  4    0.0000000   0.0003892   0.0024576   0.0141408   0.0627820   0.2046190   0.4893911   0.8229763   1.0000000   1.0000000   1.0000000   1.0000000   1.0000000
T 0 1  72  0  0  5    0.0000000   0.0009721   0.0074861   0.0516001   0.2056382   0.5332547   0.8764873   0.9993796   1.0000000   1.0000000   1.0000000   1.0000000   1.0000000
T 0 1  72  0  0  6    0.0000000   0.0003001   0.0011939   0.0103003   0.0674576   0.2769370   0.6631572   0.9312466   0.9981801   1.0000000   1.0000000   1.0000000   1.0000000
T 0 1  72  0  0  7    0.0000000   0.0000554   0.0003809   0.0008806   0.0046282   0.0308487   0.1188423   0.2973148   0.5820147   0.8699592   0.9845011   0.9998795   1.0000000
T 0 1  72  0  0  8    0.0000000   0.0000007   0.0000295   0.0001009   0.0003827   0.0010263   0.0042360   0.0250237   0.1192988   0.3938704   0.7895089   0.9693302   1.0000000
T 0 1  72  0  0  9    0.0000000   0.0000088   0.0000130   0.0000438   0.0005558   0.0036069   0.0185042   0.0860186   0.3017877   0.6583136   0.9389707   0.9999296   1.0000000
T 0 1  72  0  0 10    0.0000000   0.0066596   0.0289406   0.0463214   0.0793878   0.1688381   0.3377160   0.6900282   0.9107704   0.9704168   0.9998328   1.0000000   1.0000000
T 0 1  72  1  0  0    0.0000000   0.0005148   0.0016399   0.0047460   0.0213440   0.1017716   0.3374237   0.6994022   1.0000000   1.0000000   1.0000000   1.0000000   1.0000000
T 0 1  72  1  0  1    0.0000000   0.0002633   0.0010891   0.0042307   0.0181163   0.0752157   0.2537985   0.6193956   1.0000000   1.0000000   1.0000000   1.0000000   1.0000000
T 0 1  72  1  0  2    0.0000000   0.0002194   0.0008486   0.0027728   0.0124455   0.0616642   0.2339277   0.6064318   1.0000000   1.0000000   1.0000000   1.0000000   1.0000000
T 0 1  72  1  0  3    0.0000000   0.0002283   0.0008669   0.0027852   0.0140251   0.0700545   0.2491207   0.6198491   1.0000000   1.0000000   1.0000000   1.0000000   1.0000000
T 0 1  72  1  0  4    0.0000000   0.0004356   0.0027620   0.0153929   0.0663357   0.2155446   0.5058694   0.8320271   1.0000000   1.0000000   1.0000000   1.0000000   1.0000000
T 0 1  72  1  0  5    0.0000000   0.0011873   0.0094478   0.0577925   0.2246261   0.5586818   0.8900123   0.9996500   1.0000000   1.0000000   1.0000000   1.0000000   1.0000000
T 0 1  72  1  0  6    0.0000000   0.0004626   0.0026649   0.0180020   0.0942133   0.3329130   0.7236541   0.9536823   0.9988141   0.9999984   1.0000000   1.0000000   1.0000000
T 0 1  72  1  0  7    0.0000000   0.0002246   0.0006446   0.0024765   0.0123245   0.0526267   0.1570011   0.3413836   0.6074237   0.8728054   0.9849908   0.9998878   1.0000000
T 0 1  72  1  0  8    0.0000000   0.0009562   0.0014955   0.0017998   0.0022382   0.0036136   0.0107994   0.0452511   0.1686405   0.4573475   0.8251665   0.9710661   1.0000000
T 0 1  72  1  0  9    0.0000000   0.0021003   0.0074838   0.0131257   0.0159362   0.0198461   0.0401951   0.1288935   0.3661962   0.7154288   0.9583841   0.9999941   1.0000000
T 0 1  72  1  0 10    0.0000000   0.0032254   0.0170235   0.0428863   0.0843736   0.1746921   0.3942474   0.7474223   0.9511020   0.9856143   0.9999985   1.0000000   1.0000000
R 0 1  72  0  0  0    0.0233196   0.0233196   0.0114964   0.0103601   0.0103753   0.0101626   0.0099813   0.0098442   0.0098442   0.0098442   0.0098442   0.0098442
R 0 1  72  0  0  1    0.0119302   0.0119302   0.0119302   0.0119302   0.0110059   0.0109196   0.0109642   0.0108301   0.0108301   0.0108301   0.0108301   0.0108301
R 0 1  72  0  0  2    0.0126032   0.0126032   0.0126032   0.0126032   0.0120006   0.0120321   0.0118300   0.0116746   0.0116746   0.0116746   0.0116746   0.0116746
R 0 1  72  0  0  3    0.0137697   0.0137697   0.0137697   0.0137697   0.0126486   0.0125583   0.0123958   0.0122269   0.0122269   0.0122269   0.0122269   0.0122269
R 0 1  72  0  0  4    0.0189255   0.0189255   0.0189255   0.0174052   0.0168758   0.0158917   0.0145078   0.0130766   0.0130766   0.0130766   0.0130766   0.0130766
R 0 1  72  0  0  5    0.0200922   0.0200922   0.0192548   0.0191204   0.0187917   0.0180231   0.0168716   0.0168716   0.0168716   0.0168716   0.0168716   0.0168716
R 0 1  72  0  0  6    0.0199445   0.0199445   0.0199445   0.0206101   0.0207988   0.0207146   0.0207858   0.0205050   0.0205050   0.0205050   0.0205050   0.0205050
R 0 1  72  0  0  7    0.0223375   0.0223375   0.0223375   0.0223375   0.0207583   0.0213034   0.0211327   0.0209253   0.0205335   0.0196463   0.0196463   0.0196463
R 0 1  72  0  0  8    0.0210974   0.0210974   0.0210974   0.0210974   0.0210974   0.0210974   0.0210974   0.0210215   0.0210001   0.0209731   0.0202828   0.0186099
R 0 1  72  0  0  9    0.0305102   0.0305102   0.0305102   0.0305102   0.0305102   0.0305102   0.0299884   0.0287079   0.0274184   0.0264451   0.0247068   0.0247068
R 0 1  72  0  0 10    0.0757090   0.0692743   0.0621744   0.0537212   0.0476116   0.0437964   0.0409153   0.0356411   0.0333722   0.0304324   0.0304324   0.0304324
R 0 1  72  0  1  0    0.0000000   0.0000000   0.0000000   0.0000653   0.0000893   0.0000787   0.0000708   0.0000657   0.0000657   0.0000657   0.0000657   0.0000657
R 0 1  72  0  1  1    0.0000730   0.0000730   0.0000730   0.0000730   0.0000671   0.0000690   0.0000615   0.0000541   0.0000541   0.0000541   0.0000541   0.0000541
R 0 1  72  0  1  2    0.0000546   0.0000546   0.0000546   0.0000546   0.0000687   0.0000633   0.0000594   0.0000521   0.0000521   0.0000521   0.0000521   0.0000521
R 0 1  72  0  1  3    0.0000864   0.0000864   0.0000864   0.0000864   0.0000771   0.0000614   0.0000560   0.0000492   0.0000492   0.0000492   0.0000492   0.0000492
R 0 1  72  0  1  4    0.0000937   0.0000937   0.0000937   0.0000865   0.0000893   0.0000773   0.0000543   0.0000471   0.0000471   0.0000471   0.0000471   0.0000471
R 0 1  72  0  1  5    0.0001780   0.0001780   0.0000882   0.0000753   0.0000727   0.0000568   0.0000385   0.0000385   0.0000385   0.0000385   0.0000385   0.0000385
R 0 1  72  0  1  6    0.0000349   0.0000349   0.0000349   0.0000607   0.0000602   0.0000531   0.0000538   0.0000067   0.0000067   0.0000067   0.0000067   0.0000067
R 0 1  72  0  1  7    0.0000918   0.0000918   0.0000918   0.0000918   0.0000671   0.0000666   0.0000748   0.0000664   0.0000710   0.0000473   0.0000473   0.0000473
R 0 1  72  0  1  8    0.0000859   0.0000859   0.0000859   0.0000859   0.0000859   0.0000859   0.0000859   0.0000944   0.0001099   0.0001066   0.0000930   0.0000721
R 0 1  72  0  1  9    0.0002252   0.0002252   0.0002252   0.0002252   0.0002252   0.0002252   0.0002287   0.0002042   0.0001794   0.0001469   0.0001144   0.0001144
R 0 1  72  0  1 10    0.0012700   0.0010221   0.0009144   0.0007311   0.0005993   0.0004769   0.0003905   0.0002590   0.0001913   0.0001475   0.0001475   0.0001475
R 0 1  72  0  2  0    0.0000000   0.0000000   0.0000000   0.0000000   0.0000000   0.0000063   0.0000167   0.0000000   0.0000000   0.0000000   0.0000000   0.0000000
R 0 1  72  0  2  1    0.0000000   0.0000000   0.0000000   0.0000000   0.0000000   0.0000000   0.0000077   0.0000152   0.0000152   0.0000152   0.0000152   0.0000152
R 0 1  72  0  2  2    0.0000000   0.0000000   0.0000000   0.0000000   0.0000411   0.0000000   0.0000140   0.0000189   0.0000189   0.0000189   0.0000189   0.0000189
R 0 1  72  0  2  3    0.0000000   0.0000000   0.0000000   0.0000000   0.0000000   0.0000000   0.0000081   0.0000099   0.0000099   0.0000099   0.0000099   0.0000099
R 0 1  72  0  2  4    0.0000000   0.0000000   0.0000000   0.0000000   0.0000136   0.0000000   0.0000000   0.0000089   0.0000089   0.0000089   0.0000089   0.0000089
R 0 1  72  0  2  5    0.0000000   0.0000000   0.0000000   0.0000000   0.0000196   0.0000203   0.0000328   0.0000328   0.0000328   0.0000328   0.0000328   0.0000328
R 0 1  72  0  2  6    0.0000000   0.0000000   0.0000000   0.0000000   0.0000000   0.0000130   0.0000000   0.0000000   0.0000000   0.0000000   0.0000000   0.0000000
R 0 1  72  0  2  7    0.0000000   0.0000000   0.0000000   0.0000000   0.0000000   0.0000000   0.0000000   0.0000000   0.0000000   0.0000000   0.0000000   0.0000000
R 0 1  72  0  2  8    0.0000000   0.0000000   0.0000000   0.0000000   0.0000000   0.0000000   0.0000000   0.0000000   0.0000000   0.0000000   0.0000000   0.0000000
R 0 1  72  0  2  9    0.0000000   0.0000000   0.0000000   0.0000000   0.0000000   0.0000000   0.0000000   0.0000654   0.0000000   0.0000000   0.0000000   0.0000000
R 0 1  72  0  2 10    0.0000000   0.0000000   0.0000000   0.0000000   0.0000000   0.0000000   0.0000658   0.0000409   0.0000000   0.0000000   0.0000000   0.0000000
R 0 1  72  0  3  0    1.1090647   1.1090647   1.0835784   1.0420941   0.9950320   0.9871781   0.9797845   0.9821239   0.9821239   0.9821239   0.9821239   0.9821239
R 0 1  72  0  3  1    1.0256843   1.0256843   1.0256843   1.0256843   0.9991236   0.9818043   0.9797256   0.9792048   0.9792048   0.9792048   0.9792048   0.9792048
R 0 1  72  0  3  2    1.0187361   1.0187361   1.0187361   1.0187361   1.0112232   0.9856720   0.9830511   0.9805335   0.9805335   0.9805335   0.9805335   0.9805335
R 0 1  72  0  3  3    1.0074101   1.0074101   1.0074101   1.0074101   1.0020659   0.9886506   0.9820967   0.9819681   0.9819681   0.9819681   0.9819681   0.9819681
R 0 1  72  0  3  4    1.0130808   1.0130808   1.0130808   0.9902061   0.9809072   0.9732583   0.9782436   0.9883384   0.9883384   0.9883384   0.9883384   0.9883384
R 0 1  72  0  3  5    1.0554623   1.0554623   0.9918134   0.9824992   0.9740666   0.9720705   0.9735565   0.9735565   0.9735565   0.9735565   0.9735565   0.9735565
R 0 1  72  0  3  6    1.0189807   1.0189807   1.0189807   1.0007468   0.9873288   0.9849184   0.9818067   0.9848928   0.9848928   0.9848928   0.9848928   0.9848928
R 0 1  72  0  3  7    1.0385794   1.0385794   1.0385794   1.0385794   1.0296466   0.9994689   0.9889205   0.9851721   0.9876182   0.9894306   0.9894306   0.9894306
R 0 1  72  0  3  8    1.0120158   1.0120158   1.0120158   1.0120158   1.0120158   1.0120158   1.0120158   0.9920836   0.9831811   0.9825462   0.9759718   1.0196073
R 0 1  72  0  3  9    1.0225455   1.0225455   1.0225455   1.0225455   1.0225455   1.0225455   0.9823415   0.9742252   0.9738923   0.9851676   1.0020615   1.0020615
R 0 1  72  0  3 10    1.0640355   1.0430889   1.0245419   0.9849931   0.9789882   0.9702738   0.9668736   0.9637328   1.0026756   1.0025719   1.0025719   1.0025719
R 0 1  72  0  4  0    1.4682786   1.4682786   1.4226687   2.1307005   2.2547798   2.3192748   2.2095124   2.2571469   2.2571469   2.2571469   2.2571469   2.2571469
R 0 1  72  0  4  1    2.0538263   2.0538263   2.0538263   2.0538263   2.1978678   2.1855401   2.2109045   2.2067145   2.2067145   2.2067145   2.2067145   2.2067145
R 0 1  72  0  4  2    1.9036736   1.9036736   1.9036736   1.9036736   2.3537161   2.2647069   2.2535236   2.2316947   2.2316947   2.2316947   2.2316947   2.2316947
R 0 1  72  0  4  3    1.8700651   1.8700651   1.8700651   1.8700651   2.2118760   2.3042932   2.2166040   2.2502398   2.2502398   2.2502398   2.2502398   2.2502398
R 0 1  72  0  4  4    1.8368746   1.8368746   1.8368746   2.0488848   2.1035881   2.0740083   2.1932659   2.3361992   2.3361992   2.3361992   2.3361992   2.3361992
R 0 1  72  0  4  5    1.7762340   1.7762340   2.0042172   2.1488805   2.0735154   2.0582278   2.0036538   2.0036538   2.0036538   2.0036538   2.0036538   2.0036538
R 0 1  72  0  4  6    1.9272714   1.9272714   1.9272714   2.2618239   2.2877267   2.3522362   2.3224916   2.2333193   2.2333193   2.2333193   2.2333193   2.2333193
R 0 1  72  0  4  7    1.8262966   1.8262966   1.8262966   1.8262966   2.2025575   2.3765602   2.2984522   2.3424105   2.3960476   2.3517338   2.3517338   2.3517338
R 0 1  72  0  4  8    2.0774864   2.0774864   2.0774864   2.0774864   2.0774864   2.0774864   2.0774864   2.2211657   2.2235568   2.2506520   2.1228092   2.1802439
R 0 1  72  0  4  9    2.0564443   2.0564443   2.0564443   2.0564443   2.0564443   2.0564443   1.9709179   2.0337212   2.0505537   2.2238869   2.1185733   2.1185733
R 0 1  72  0  4 10    1.9008480   2.1860121   2.0773409   1.9106145   1.9927743   1.9280684   1.9480350   1.8717990   2.0902268   1.9640807   1.9640807   1.9640807
R 0 1  72  0  5  0    9.8956081   9.8956081   6.9826428   3.2883796   3.5293594   3.6421765   4.4549632   4.0122059   4.0122059   4.0122059   4.0122059   4.0122059
R 0 1  72  0  5  1    3.7154257   3.7154257   3.7154257   3.7154257   3.7664464   4.2512633   4.4909890   4.2832881   4.2832881   4.2832881   4.2832881   4.2832881
R 0 1  72  0  5  2    4.1618556   4.1618556   4.1618556   4.1618556   3.3034281   4.0377336   4.0437108   4.2772967   4.2772967   4.2772967   4.2772967   4.2772967
R 0 1  72  0  5  3    4.5831031   4.5831031   4.5831031   4.5831031   4.1734509   3.7210310   4.5125535   4.1656971   4.1656971   4.1656971   4.1656971   4.1656971
R 0 1  72  0  5  4    5.9925620   5.9925620   5.9925620   4.5725699   5.0109195   5.1040733   3.9547728   3.2284465   3.2284465   3.2284465   3.2284465   3.2284465
R 0 1  72  0  5  5    4.8519013   4.8519013   5.2868322   4.7143954   5.4700974   4.9241840   4.2042798   4.2042798   4.2042798   4.2042798   4.2042798   4.2042798
R 0 1  72  0  5  6    3.1887594   3.1887594   3.1887594   3.8116104   3.6105398   2.9291226   2.4208891   2.0838623   2.0838623   2.0838623   2.0838623   2.0838623
R 0 1  72  0  5  7    3.9782141   3.9782141   3.9782141   3.9782141   4.3158219   2.9951065   3.2032336   2.9394204   2.5925386   2.0666754   2.0666754   2.0666754
R 0 1  72  0  5  8    5.0331858   5.0331858   5.0331858   5.0331858   5.0331858   5.0331858   5.0331858   4.4348545   4.5818358   4.2776177   5.1171894   4.7958704
R 0 1  72  0  5  9    4.9848879   4.9848879   4.9848879   4.9848879   4.9848879   4.9848879   7.3061468   6.2937576   6.5152009   5.1153016   6.5820662   6.5820662
R 0 1  72  0  5 10    5.6829426   4.2336846   3.7530956   5.1698501   5.3929887   7.1957263   8.1530964  10.7058617   6.3479748   8.8306904   8.8306904   8.8306904
F  0  1  72  0  0  0    1.0138105   1.0194125   0.9937962   0.9891468   0.9801509   0.9911000   0.9932360   0.9961041   0.9881533   0.9768075   0.9743426
F  0  1  72  1  0  0    1.0934509   1.0598458   1.0830565   1.0607085   1.0589041   1.0706568   1.0721484   1.0444629   1.0415347   1.0690073   1.0774740
C  0  1  72  0  0  0  -0.3015644 -0.0921754 -0.0988393 -0.2823969 -0.2814859 -0.1105047 -0.1642952 -0.1503435 -0.3317685 -0.1761872 -0.1569689 -0.1468756 -0.1621564 -0.2725568 -0.3678807 -0.0242262
C  0  1  72  0  0  1  -0.0094237 -0.1324954 -0.1873579 -0.1916400 -0.0426718 -0.1739187 -0.1437553 -0.0985613 -0.1020298 -0.1044257 -0.0176032 -0.0204496 -0.1891707 -0.1139653 -0.2156511  0.0236167
C  0  1  72  0  0  2  -0.0715292 -0.1510314 -0.1304002 -0.0285612 -0.0024676 -0.0505398 -0.0822262 -0.0932690 -0.0088482 -0.1480837 -0.0596929 -0.0594770 -0.1114243  0.0264800 -0.0169793 -0.1036430
C  0  1  72  0  0  3   0.0320119 -0.0414011 -0.1151914 -0.0563448 -0.0301847 -0.1291275 -0.1138503 -0.0582705 -0.1735177 -0.0523309 -0.0671569 -0.0930596 -0.2092807 -0.1187040 -0.1458997  0.0235350
C  0  1  72  0  0  4  -0.0664518 -0.1003306  0.0652662  0.0424860 -0.0527490 -0.2172674 -0.0965605 -0.0937747  0.0045204 -0.0462357 -0.0627831  0.0287110 -0.1062020 -0.1656533 -0.0052534 -0.0694048
C  0  1  72  0  0  5  -0.0586390 -0.0358746 -0.0489006  0.0482891  0.0234563 -0.1162343  0.0683477 -0.0353844 -0.0000755  0.0350693 -0.0842328 -0.1279124  0.0123668  0.0520123  0.0136778 -0.0548031
C  0  1  72  0  0  6  -0.0339454  0.0300563  0.0559997  0.0025237 -0.0479459  0.0882017 -0.0039854 -0.0595042 -0.0104485 -0.0132284  0.0183360  0.1169954 -0.0958311  0.0431727 -0.0598754 -0.0420303
C  0  1  72  0  0  7  -0.0628476  0.0156843  0.0512026  0.0351972 -0.0062394  0.0418914  0.0339333  0.0045487  0.0053630 -0.0366854  0.1164433 -0.0605551  0.0145127 -0.0373852 -0.0484638  0.0886333
C  0  1  72  0  0  8  -0.0347832  0.0392950 -0.0047919  0.0419773 -0.0527599  0.0866687 -0.0257796 -0.0311336  0.0063034  0.0280855 -0.0658881 -0.0126987 -0.0006850  0.0143541 -0.0682319  0.0184398
C  0  1  72  0  0  9  -0.0228673  0.0102461  0.0006703  0.0351048 -0.0324033 -0.0277696 -0.0012656  0.0061717 -0.0795014 -0.0510411 -0.0296857  0.0206700 -0.0020985  0.0681520  0.0236808  0.0100788
C  0  1  72  0  0 10  -0.0427185  0.0789250  0.1248097  0.0650377 -0.0142570  0.0462711 -0.0567860 -0.0139905 -0.0147926 -0.0949718  0.0351314  0.0338686 -0.0567027  0.0626341  0.0258303  0.0462230
C  0  1  72  0  0 11  -0.0766058  0.0656062 -0.0774156  0.0304521  0.0242837  0.0939644  0.1107213  0.1152078  0.0683822 -0.0029240  0.0241382 -0.0102978 -0.0257685 -0.0276663 -0.0223604 -0.0467016
C  0  1  72  0  0 12   0.0017906  0.0299757  0.0755765  0.0462282  0.0434845  0.0398852  0.0100053  0.0563547  0.0312347  0.0605823 -0.0062258  0.0378427 -0.0628676  0.0219288 -0.0109729  0.0331436
C  0  1  72  0  0 13  -0.0281172  0.0378306  0.0286186  0.0020541 -0.0061268 -0.0208831  0.0230754 -0.0449841  0.0630838 -0.0026329 -0.0190882  0.0241044  0.0078474  0.0607111 -0.0274269 -0.0364734
C  0  1  72  0  0 14  -0.0000489 -0.0033213 -0.0220648 -0.0416914 -0.0085754 -0.0665876 -0.0536846  0.0796143 -0.0134157 -0.0574791  0.1110895 -0.0488880  0.0433877  0.0023986 -0.0088501 -0.0192063
C  0  1  72  0  0 15  -0.1321490 -0.0608070 -0.0141603  0.0423478  0.0298088 -0.0908961  0.0245064 -0.0216043  0.0595417  0.0263004  0.0447234 -0.0019066  0.0894684 -0.0294192 -0.0748730 -0.0371156
C  0  1  72  0  0 16   0.0851714  0.0004853 -0.0435071  0.0685592 -0.0017172 -0.0875820  0.0046404  0.0089426 -0.0446056  0.0488167 -0.0226768 -0.0394411 -0.1138335 -0.0469109 -0.0564815 -0.0466917
C  0  1  72  0  0 17  -0.0474242 -0.1042982 -0.1173839 -0.0927019 -0.0973162  0.0156882 -0.0565939  0.0206608  0.0077427 -0.1191044 -0.0610583  0.0292089 -0.0676280 -0.0947385 -0.0427375 -0.0803243
C  0  1  72  0  0 18  -0.1767634 -0.0567109 -0.0289161 -0.0648239 -0.1819088 -0.0088897 -0.0227818 -0.0389246 -0.0263232 -0.0641043 -0.0252954 -0.0536618 -0.0074861 -0.0342025 -0.1376549  0.0047255
C  0  1  72  0  0 19  -0.0166969 -0.0668343 -0.2385438 -0.0342501 -0.1837004 -0.1218037 -0.0879520  0.0001057 -0.1193973 -0.0936896 -0.0923943 -0.0636858 -0.0102643 -0.1411873 -0.0848877 -0.1147514
C  0  1  72  0  0 20  -0.1264986 -0.0818628 -0.1341741 -0.0638659 -0.1339417 -0.1343348 -0.1878358 -0.0737511 -0.0762209 -0.0166516 -0.1967538  0.0183698  0.0569585 -0.0895568 -0.1666182 -0.1594592
C  0  1  72  0  0 21  -0.2415857 -0.0712870 -0.4047393 -0.1674544 -0.1822674 -0.2217834 -0.1822675 -0.0365594 -0.1802202 -0.1591150 -0.2365851 -0.1764521 -0.3191773 -0.4682802 -0.2493514 -0.2529240
C  0  1  72  0  1  0  -0.0006246  0.0007899 -0.0004514 -0.0032706 -0.0045604 -0.0037809  0.0000378 -0.0014978  0.0030943  0.0007211 -0.0030144  0.0031705  0.0073263  0.0024084  0.0066970  0.0056275
C  0  1  72  0  1  1   0.0001269  0.0019213 -0.0017668  0.0011233  0.0005269 -0.0051764  0.0055844 -0.0010531  0.0020218 -0.0001351 -0.0024383 -0.0031900  0.0008805  0.0016889  0.0024684  0.0025230
C  0  1  72  0  1  2   0.0022455 -0.0018180  0.0006908  0.0016476 -0.0034112  0.0004879 -0.0011818  0.0002309 -0.0013452 -0.0005663  0.0003238  0.0000538  0.0016777 -0.0014957 -0.0015226  0.0004440
C  0  1  72  0  1  3   0.0043706 -0.0015530  0.0003781  0.0012457 -0.0005981  0.0034715  0.0025546 -0.0030230 -0.0021646 -0.0018039  0.0000326 -0.0016343  0.0001108 -0.0022241  0.0002991  0.0014110
C  0  1  72  0  1  4   0.0027347 -0.0020016 -0.0015790  0.0018918  0.0011529  0.0008169  0.0013185  0.0006436  0.0022853  0.0015439 -0.0015773 -0.0005773  0.0031966  0.0002768  0.0005555 -0.0001205
C  0  1  72  0  1  5   0.0016674  0.0014698 -0.0036152  0.0022467  0.0000916 -0.0022497 -0.0022447  0.0016475  0.0009064  0.0018394  0.0013283  0.0003552  0.0006796 -0.0006846  0.0011666 -0.0000666
C  0  1  72  0  1  6   0.0015011 -0.0006420 -0.0005503  0.0016642  0.0009230 -0.0014765 -0.0017511 -0.0004818 -0.0004535 -0.0029009 -0.0013911 -0.0000514 -0.0013791 -0.0014164  0.0014328  0.0003001
C  0  1  72  0  1  7   0.0020541 -0.0016928  0.0004295  0.0003908  0.0027743  0.0011624 -0.0004253 -0.0000338 -0.0002360 -0.0009256  0.0026472 -0.0010488 -0.0001320 -0.0006549 -0.0008314 -0.0005026
C  0  1  72  0  1  8   0.0019524  0.0003984 -0.0003988 -0.0004598  0.0019257  0.0003952  0.0007591 -0.0004765  0.0018347  0.0015184  0.0001962  0.0005438 -0.0014167  0.0016348 -0.0000135  0.0001027
C  0  1  72  0  1  9  -0.0025338 -0.0002016  0.0001991  0.0007422 -0.0005735  0.0011295  0.0008998 -0.0003147 -0.0019519 -0.0012862 -0.0025383 -0.0000119 -0.0008019 -0.0001591 -0.0006776  0.0014474
C  0  1  72  0  1 10   0.0003157  0.0003547  0.0016753  0.0009423  0.0006357  0.0011954  0.0014083 -0.0009004 -0.0031492 -0.0036160  0.0005311 -0.0005593 -0.0000166  0.0001683  0.0011311  0.0007232
C  0  1  72  0  1 11  -0.0015978 -0.0010218  0.0010155  0.0006199  0.0007048  0.0011979 -0.0010162  0.0000515 -0.0028148 -0.0004257 -0.0013225 -0.0001888  0.0019389 -0.0001777  0.0000282 -0.0015899
C  0  1  72  0  1 12   0.0009395  0.0013431  0.0004792 -0.0009164 -0.0002908 -0.0007854  0.0000472  0.0009186  0.0012658  0.0001646 -0.0008128  0.0019147  0.0007030  0.0012445 -0.0001397  0.0012061
C  0  1  72  0  1 13   0.0038825 -0.0005989  0.0004472  0.0031110  0.0029677  0.0005423 -0.0002465  0.0020512 -0.0010083 -0.0018217 -0.0010140 -0.0022816 -0.0007398  0.0019008 -0.0001776  0.0009859
C  0  1  72  0  1 14   0.0030201  0.0007360  0.0008618  0.0016208  0.0028698  0.0025569  0.0001993  0.0009845  0.0001272  0.0007743 -0.0004353  0.0010984 -0.0003018 -0.0002966 -0.0016778  0.0022608
C  0  1  72  0  1 15   0.0003441  0.0023036 -0.0014422  0.0004252 -0.0000984  0.0016525  0.0004097  0.0000729  0.0005223 -0.0009597  0.0018816  0.0016425 -0.0006911  0.0014626  0.0022034  0.0008439
C  0  1  72  0  1 16   0.0016931  0.0019507  0.0022492  0.0022491 -0.0018909  0.0025112  0.0011259 -0.0005159  0.0019621  0.0011549  0.0031438  0.0003222 -0.0009917  0.0002895  0.0015606  0.0002242
C  0  1  72  0  1 17  -0.0002914 -0.0016787  0.0008324  0.0024345  0.0011276  0.0026110  0.0006840  0.0041087 -0.0001647  0.0041812  0.0012560  0.0007936  0.0022908  0.0013693  0.0041187  0.0027778
C  0  1  72  0  1 18   0.0071085  0.0043515  0.0008549 -0.0002416 -0.0017042  0.0034703  0.0041225  0.0011624 -0.0010738  0.0016455  0.0049151  0.0025374  0.0007269 -0.0016840  0.0061374  0.0049043
C  0  1  72  0  1 19   0.0040536  0.0010165  0.0034420  0.0028823 -0.0003391  0.0011642  0.0031587  0.0019976  0.0047102  0.0029315 -0.0005588 -0.0020885  0.0014882  0.0025719  0.0044053  0.0042678
C  0  1  72  0  1 20   0.0045578  0.0061776  0.0045625  0.0036366 -0.0007916  0.0063533  0.0038091  0.0050275  0.0035977  0.0057211  0.0006320 -0.0020555  0.0016472  0.0042053  0.0046364  0.0078561
C  0  1  72  0  1 21   0.0119686  0.0124567  0.0037911 -0.0034275 -0.0030465 -0.0036692 -0.0125763 -0.0045452 -0.0024305 -0.0043291 -0.0000558  0.0058640  0.0011182  0.0068100  0.0108785  0.0042072
C  0  1  72  1  0  0  -0.4831317 -0.2654540 -0.3823033 -0.3847229 -0.2116809 -0.4321270 -0.3469644 -0.3136276 -0.3360509 -0.2535987 -0.3383346 -0.5247278 -0.4802152 -0.4001285 -0.4295321 -0.4207147
C  0  1  72  1  0  1  -0.2681819 -0.3282900 -0.3009932 -0.2697251 -0.3377325 -0.2794215 -0.2546054 -0.2881076 -0.2411880 -0.2136904 -0.3353622 -0.3258862 -0.3709268 -0.4200442 -0.3581350 -0.3199086
C  0  1  72  1  0  2  -0.3649546 -0.3414387 -0.2789640 -0.2895194 -0.2758582 -0.2780261 -0.2611319 -0.2108281 -0.2473200 -0.2122630 -0.2976808 -0.3264474 -0.3286787 -0.2833714 -0.2730246 -0.3819606
C  0  1  72  1  0  3  -0.2809824 -0.2896519 -0.3410690 -0.2851462 -0.3169977 -0.2150135 -0.1516815 -0.1607871 -0.2058749 -0.2316538 -0.2412286 -0.2921154 -0.2476027 -0.2569875 -0.2808434 -0.3120614
C  0  1  72  1  0  4  -0.2568772 -0.2672189 -0.2765726 -0.2258428 -0.2416154 -0.1780479 -0.2269374 -0.2044979 -0.1991598 -0.2174880 -0.1570253 -0.2702731 -0.3202332 -0.2542275 -0.2896278 -0.3092321
C  0  1  72  1  0  5  -0.1927456 -0.1985856 -0.1692806 -0.2054308 -0.1744429 -0.1482969 -0.2006825 -0.2042996 -0.1867750 -0.1512533 -0.1535762 -0.1850885 -0.2325450 -0.1796967 -0.1783031 -0.1979845
C  0  1  72  1  0  6  -0.1497000 -0.1433883 -0.1531349 -0.1630982 -0.1576407 -0.1442678 -0.1622082 -0.1447744 -0.1533680 -0.1200078 -0.1194239 -0.0746697 -0.1028464 -0.1372502 -0.1243235 -0.1750886
C  0  1  72  1  0  7  -0.1707035 -0.1495862 -0.1325792 -0.0978177 -0.1695559 -0.1476526 -0.1586091 -0.1151380 -0.1421570 -0.1040832 -0.0942937 -0.1337522 -0.1821115 -0.1203447 -0.1329427 -0.1276036
C  0  1  72  1  0  8  -0.1846845 -0.0886544 -0.1609032 -0.1472736 -0.1491270 -0.1781306 -0.1763399 -0.1908858 -0.1323013 -0.1051690 -0.0939529 -0.1459306 -0.1405241 -0.2118791 -0.1469054 -0.1074811
C  0  1  72  1  0  9  -0.1120132 -0.1409551 -0.1052879 -0.1283500 -0.0710628 -0.1422495 -0.0967596 -0.1770803 -0.1082746 -0.1404988 -0.0349300 -0.1578532 -0.1282839 -0.0801353 -0.1267691 -0.1494094
C  0  1  72  1  0 10  -0.1484691 -0.1236824 -0.1098892 -0.1417601 -0.1297090 -0.1194457 -0.1178219 -0.1399750 -0.0875062 -0.1092901 -0.1179224 -0.0989226 -0.0923501 -0.1378157 -0.1290468 -0.1153369
C  0  1  72  1  0 11  -0.1479446 -0.1104531 -0.1446671 -0.0966046 -0.1197610 -0.1121729 -0.1027830 -0.1158537 -0.1582087 -0.0921453 -0.1298194 -0.0940321 -0.1205315 -0.1282733 -0.0843748 -0.1064441
C  0  1  72  1  0 12  -0.0998621 -0.1135158 -0.1170295 -0.0887191 -0.1193388 -0.1379791 -0.1525658 -0.1490674 -0.1176796 -0.1069300 -0.1460080 -0.0858168 -0.0966879 -0.1314113 -0.1170624 -0.1529632
C  0  1  72  1  0 13  -0.1167816 -0.1579774 -0.1391615 -0.1435709 -0.1680741 -0.1775450 -0.1602235 -0.1677070 -0.0999558 -0.1255681 -0.1698729 -0.1567164 -0.1698084 -0.1510490 -0.1510857 -0.1322306
C  0  1  72  1  0 14  -0.1260738 -0.1357333 -0.1572275 -0.1397033 -0.1586372 -0.1176550 -0.1297613 -0.2201084 -0.1471852 -0.1454387 -0.1251295 -0.1231587 -0.1694427 -0.0932493 -0.1001634 -0.1800193
C  0  1  72  1  0 15  -0.0970955 -0.2200057 -0.1621904 -0.1531820 -0.1386388 -0.1023134 -0.1343932 -0.1598496 -0.1375071 -0.1050571 -0.0993754 -0.1663823 -0.1239329 -0.1254464 -0.1455591 -0.1446022
C  0  1  72  1  0 16  -0.1775646 -0.1265308 -0.1680443 -0.1813049 -0.1653651 -0.1786280 -0.2156618 -0.2035957 -0.1844470 -0.2053275 -0.1472404 -0.1928080 -0.1417150 -0.1531107 -0.1476098 -0.1613081
C  0  1  72  1  0 17  -0.2373399 -0.2427214 -0.1632246 -0.2799556 -0.2486524 -0.2921968 -0.2540853 -0.2152198 -0.2610702 -0.2307984 -0.2710416 -0.2193415 -0.1803084 -0.2816788 -0.2155154 -0.2190076
C  0  1  72  1  0 18  -0.2398037 -0.2802682 -0.2670997 -0.2812671 -0.2308961 -0.2250761 -0.2905871 -0.2943583 -0.2821394 -0.2781049 -0.2600417 -0.2329256 -0.3126592 -0.2052363 -0.1726882 -0.2296355
C  0  1  72  1  0 19  -0.2602246 -0.2316880 -0.3218675 -0.3385076 -0.3131261 -0.3163168 -0.2776174 -0.1953506 -0.2755336 -0.2787953 -0.2181302 -0.2815208 -0.2059642 -0.2208651 -0.2434800 -0.2631805
C  0  1  72  1  0 20  -0.2550276 -0.2280490 -0.3207787 -0.3231139 -0.2920533 -0.1922243 -0.2137094 -0.3687969 -0.3042433 -0.3018459 -0.3185895 -0.2529669 -0.3415514 -0.2927375 -0.2565499 -0.3281454
C  0  1  72  1  0 21  -0.3195551 -0.3719343 -0.3644286 -0.3148173 -0.3509306 -0.2171232 -0.3578947 -0.3447592 -0.4406605 -0.3924683 -0.4589153 -0.3207548 -0.2607733 -0.3293759 -0.4152409 -0.3825445
C  0  1  72  1  1  0   0.0444048  0.0484302  0.0404299  0.0230687  0.0013041 -0.0218863 -0.0347743 -0.0415138 -0.0457412 -0.0356479 -0.0339654 -0.0204114  0.0038543  0.0046412  0.0218622  0.0403222
C  0  1  72  1  1  1   0.0251632  0.0221884  0.0165671  0.0099114  0.0014901 -0.0078906 -0.0146139 -0.0176864 -0.0194588 -0.0156955 -0.0149390 -0.0056826  0.0034030  0.0074894  0.0123986  0.0230558
C  0  1  72  1  1  2   0.0131341  0.0131176  0.0085553  0.0058138  0.0017426 -0.0032834 -0.0086877 -0.0095399 -0.0095146 -0.0063818 -0.0052764 -0.0041156 -0.0001565  0.0026272  0.0050033  0.0109689
C  0  1  72  1  1  3   0.0093996  0.0078769  0.0030482  0.0057302  0.0008550  0.0001515 -0.0034396 -0.0016847  0.0004599  0.0001282 -0.0021469 -0.0004364  0.0024947  0.0025872  0.0017686  0.0078067
C  0  1  72  1  1  4   0.0025125  0.0033608  0.0016042 -0.0001403  0.0036185  0.0030693  0.0004837  0.0012980  0.0044058  0.0039965 -0.0006611 -0.0012871  0.0011909  0.0012968  0.0039303  0.0026205
C  0  1  72  1  1  5   0.0008406  0.0012118 -0.0004152  0.0027339  0.0034314  0.0033153  0.0029671  0.0034509  0.0047817  0.0026305 -0.0008268 -0.0017885  0.0019036  0.0026328  0.0023438 -0.0001533
C  0  1  72  1  1  6   0.0007153  0.0016083  0.0008478  0.0032873  0.0041716  0.0040806  0.0048588  0.0040956  0.0044776  0.0011969  0.0001074  0.0005039 -0.0000680 -0.0002679 -0.0004224 -0.0013026
C  0  1  72  1  1  7  -0.0010860  0.0011032  0.0019891  0.0034391  0.0037613  0.0038382  0.0051531  0.0027380  0.0027851  0.0008345 -0.0009712 -0.0005031  0.0008622  0.0005841  0.0005662 -0.0016312
C  0  1  72  1  1  8  -0.0014203  0.0004898  0.0020317  0.0018255  0.0037126  0.0027212  0.0040823  0.0046181  0.0053978  0.0014174  0.0010171 -0.0004022  0.0013445  0.0004846  0.0012761 -0.0010935
C  0  1  72  1  1  9   0.0011522  0.0016669  0.0020338  0.0039857  0.0026837  0.0022820  0.0033702  0.0043182  0.0027132 -0.0000527  0.0011958  0.0012770  0.0008748 -0.0001542 -0.0010064 -0.0017345
C  0  1  72  1  1 10  -0.0006591  0.0020810  0.0025291  0.0008745  0.0017338  0.0015019  0.0023141  0.0022408  0.0032192 -0.0004401 -0.0008730  0.0003255 -0.0008860  0.0007399  0.0014650 -0.0007319
C  0  1  72  1  1 11  -0.0000200  0.0017258  0.0011185  0.0025001  0.0029981 -0.0001417  0.0018325  0.0021772  0.0022769  0.0015129 -0.0020477 -0.0000247 -0.0000460 -0.0001207 -0.0001745 -0.0018785
C  0  1  72  1  1 12   0.0006384  0.0022573  0.0023886  0.0042899  0.0013978  0.0017057  0.0002497  0.0025849  0.0050957  0.0015490  0.0015544 -0.0002779  0.0011748 -0.0006468  0.0004872 -0.0011317
C  0  1  72  1  1 13  -0.0008796  0.0015083  0.0019421  0.0029901  0.0024618  0.0024302  0.0039714  0.0052525  0.0046367  0.0010905  0.0005995 -0.0006708 -0.0012188 -0.0022107 -0.0002335 -0.0016161
C  0  1  72  1  1 14  -0.0000360 -0.0002285  0.0025248  0.0033649  0.0034641  0.0016239  0.0036282  0.0053979  0.0051657  0.0011913  0.0022721 -0.0005136 -0.0024500 -0.0020650 -0.0022001 -0.0023489
C  0  1  72  1  1 15  -0.0027692  0.0001299  0.0024120  0.0033470  0.0033129 -0.0016142  0.0027818  0.0026019  0.0050203  0.0029322  0.0030220 -0.0006452 -0.0032255 -0.0054332 -0.0052910 -0.0056582
C  0  1  72  1  1 16  -0.0008487  0.0012775  0.0018702  0.0041127  0.0033259  0.0027592  0.0039132  0.0039535  0.0041291  0.0062686  0.0031839  0.0035134 -0.0018052 -0.0007771 -0.0061539 -0.0053828
C  0  1  72  1  1 17  -0.0030120  0.0030508  0.0017837  0.0056920  0.0020050 -0.0025788  0.0002389  0.0027617  0.0037224  0.0047686  0.0033126  0.0019619 -0.0002630 -0.0038242 -0.0057117 -0.0035637
C  0  1  72  1  1 18   0.0006495  0.0076516  0.0057515  0.0079036  0.0050089  0.0004739 -0.0018760 -0.0000187  0.0032573  0.0046342  0.0021430  0.0019054 -0.0002871 -0.0024246 -0.0056785 -0.0038941
C  0  1  72  1  1 19   0.0019827  0.0085267  0.0114867  0.0097263  0.0062539  0.0001366 -0.0031848 -0.0010477  0.0035764  0.0054891  0.0016295 -0.0007113 -0.0035327 -0.0048375 -0.0062541 -0.0028351
C  0  1  72  1  1 20   0.0020449  0.0152667  0.0172823  0.0139145  0.0068370  0.0042506 -0.0019217 -0.0012146  0.0007695  0.0056363 -0.0002739 -0.0007142 -0.0064971 -0.0085380 -0.0058030 -0.0050392
C  0  1  72  1  1 21   0.0087593  0.0207452  0.0330215  0.0235775  0.0155506  0.0138387  0.0105308  0.0132534  0.0112198  0.0138496  0.0018408 -0.0030994 -0.0108110 -0.0175444 -0.0105586  0.0001201
