CPHI 16 
CETA 22 -2.40 -2.10 -1.85 -1.60 -1.40 -1.20 -1.00 -0.80 -0.60 -0.40 -0.20  0.00  0.20  0.40  0.60  0.80  1.00  1.20  1.40  1.60  1.85  2.10  2.40 
RMIN  6 
RTRK 12 
RETA 11  0.00  0.20  0.40  0.60  0.80  1.00  1.20  1.40  1.60  1.85  2.10  2.40 
T 0 1  73  0  0  0    0.0000000   0.0006245   0.0016259   0.0031586   0.0123262   0.0696153   0.2784211   0.6533529   1.0000000   1.0000000   1.0000000   1.0000000   1.0000000
T 0 1  73  0  0  1    0.0000000   0.0001454   0.0005637   0.0023918   0.0123458   0.0587003   0.2249845   0.5878493   1.0000000   1.0000000   1.0000000   1.0000000   1.0000000
T 0 1  73  0  0  2    0.0000000   0.0001344   0.0005177   0.0016881   0.0105849   0.0554804   0.2093737   0.5733364   1.0000000   1.0000000   1.0000000   1.0000000   1.0000000
T 0 1  73  0  0  3    0.0000000   0.0002103   0.0006306   0.0018211   0.0115417   0.0628123   0.2267006   0.5870306   1.0000000   1.0000000   1.0000000   1.0000000   1.0000000
T 0 1  73  0  0  4    0.0000000   0.0003523   0.0024004   0.0141038   0.0628472   0.2039477   0.4890391   0.8224626   1.0000000   1.0000000   1.0000000   1.0000000   1.0000000
T 0 1  73  0  0  5    0.0000000   0.0009927   0.0073867   0.0512206   0.2050662   0.5326574   0.8764979   0.9994293   1.0000000   1.0000000   1.0000000   1.0000000   1.0000000
T 0 1  73  0  0  6    0.0000000   0.0003024   0.0012847   0.0104308   0.0677131   0.2771816   0.6640129   0.9308408   0.9982294   1.0000000   1.0000000   1.0000000   1.0000000
T 0 1  73  0  0  7    0.0000000   0.0000664   0.0004302   0.0010403   0.0049696   0.0311977   0.1189205   0.2981902   0.5817801   0.8694721   0.9842451   0.9998763   1.0000000
T 0 1  73  0  0  8    0.0000000   0.0000012   0.0000296   0.0001161   0.0003700   0.0009464   0.0042407   0.0251712   0.1193049   0.3932849   0.7897426   0.9691872   1.0000000
T 0 1  73  0  0  9    0.0000000   0.0000051   0.0000064   0.0000347   0.0005196   0.0035340   0.0184822   0.0859509   0.3019473   0.6587773   0.9386972   0.9999473   1.0000000
T 0 1  73  0  0 10    0.0000000   0.0065984   0.0290689   0.0462967   0.0794556   0.1683826   0.3375677   0.6899145   0.9107070   0.9705851   0.9998264   1.0000000   1.0000000
T 0 1  73  1  0  0    0.0000000   0.0005148   0.0016399   0.0047460   0.0213440   0.1017716   0.3374237   0.6994022   1.0000000   1.0000000   1.0000000   1.0000000   1.0000000
T 0 1  73  1  0  1    0.0000000   0.0002633   0.0010891   0.0042307   0.0181163   0.0752157   0.2537985   0.6193956   1.0000000   1.0000000   1.0000000   1.0000000   1.0000000
T 0 1  73  1  0  2    0.0000000   0.0002194   0.0008486   0.0027728   0.0124455   0.0616642   0.2339277   0.6064318   1.0000000   1.0000000   1.0000000   1.0000000   1.0000000
T 0 1  73  1  0  3    0.0000000   0.0002283   0.0008669   0.0027852   0.0140251   0.0700545   0.2491207   0.6198491   1.0000000   1.0000000   1.0000000   1.0000000   1.0000000
T 0 1  73  1  0  4    0.0000000   0.0004356   0.0027620   0.0153929   0.0663357   0.2155446   0.5058694   0.8320271   1.0000000   1.0000000   1.0000000   1.0000000   1.0000000
T 0 1  73  1  0  5    0.0000000   0.0011873   0.0094478   0.0577925   0.2246261   0.5586818   0.8900123   0.9996500   1.0000000   1.0000000   1.0000000   1.0000000   1.0000000
T 0 1  73  1  0  6    0.0000000   0.0004626   0.0026649   0.0180020   0.0942133   0.3329130   0.7236541   0.9536823   0.9988141   0.9999984   1.0000000   1.0000000   1.0000000
T 0 1  73  1  0  7    0.0000000   0.0002246   0.0006446   0.0024765   0.0123245   0.0526267   0.1570011   0.3413836   0.6074237   0.8728054   0.9849908   0.9998878   1.0000000
T 0 1  73  1  0  8    0.0000000   0.0009562   0.0014955   0.0017998   0.0022382   0.0036136   0.0107994   0.0452511   0.1686405   0.4573475   0.8251665   0.9710661   1.0000000
T 0 1  73  1  0  9    0.0000000   0.0021003   0.0074838   0.0131257   0.0159362   0.0198461   0.0401951   0.1288935   0.3661962   0.7154288   0.9583841   0.9999941   1.0000000
T 0 1  73  1  0 10    0.0000000   0.0032254   0.0170235   0.0428863   0.0843736   0.1746921   0.3942474   0.7474223   0.9511020   0.9856143   0.9999985   1.0000000   1.0000000
R 0 1  73  0  0  0    0.0245405   0.0245405   0.0119195   0.0102125   0.0103919   0.0101971   0.0099983   0.0098453   0.0098453   0.0098453   0.0098453   0.0098453
R 0 1  73  0  0  1    0.0117913   0.0117913   0.0117913   0.0117913   0.0109955   0.0108948   0.0109630   0.0108706   0.0108706   0.0108706   0.0108706   0.0108706
R 0 1  73  0  0  2    0.0120699   0.0120699   0.0120699   0.0120699   0.0120261   0.0120086   0.0118193   0.0116785   0.0116785   0.0116785   0.0116785   0.0116785
R 0 1  73  0  0  3    0.0136257   0.0136257   0.0136257   0.0136257   0.0127401   0.0125719   0.0123812   0.0122436   0.0122436   0.0122436   0.0122436   0.0122436
R 0 1  73  0  0  4    0.0191916   0.0191916   0.0191916   0.0174210   0.0169324   0.0158980   0.0145125   0.0130939   0.0130939   0.0130939   0.0130939   0.0130939
R 0 1  73  0  0  5    0.0205750   0.0205750   0.0194104   0.0191913   0.0187243   0.0180897   0.0168899   0.0168899   0.0168899   0.0168899   0.0168899   0.0168899
R 0 1  73  0  0  6    0.0206210   0.0206210   0.0206210   0.0204072   0.0208596   0.0207096   0.0207820   0.0205817   0.0205817   0.0205817   0.0205817   0.0205817
R 0 1  73  0  0  7    0.0222862   0.0222862   0.0222862   0.0222862   0.0206727   0.0212174   0.0210615   0.0209745   0.0205237   0.0196597   0.0196597   0.0196597
R 0 1  73  0  0  8    0.0213305   0.0213305   0.0213305   0.0213305   0.0213305   0.0213305   0.0213305   0.0209995   0.0209790   0.0209790   0.0203264   0.0189090
R 0 1  73  0  0  9    0.0307766   0.0307766   0.0307766   0.0307766   0.0307766   0.0307766   0.0295151   0.0289540   0.0275012   0.0263592   0.0246027   0.0246027
R 0 1  73  0  0 10    0.0752996   0.0692566   0.0618180   0.0535219   0.0474215   0.0438787   0.0408634   0.0355744   0.0336733   0.0309613   0.0309613   0.0309613
R 0 1  73  0  1  0    0.0000000   0.0000000   0.0000000   0.0000719   0.0000831   0.0000807   0.0000725   0.0000649   0.0000649   0.0000649   0.0000649   0.0000649
R 0 1  73  0  1  1    0.0000826   0.0000826   0.0000826   0.0000826   0.0000688   0.0000732   0.0000622   0.0000579   0.0000579   0.0000579   0.0000579   0.0000579
R 0 1  73  0  1  2    0.0000397   0.0000397   0.0000397   0.0000397   0.0000676   0.0000653   0.0000595   0.0000524   0.0000524   0.0000524   0.0000524   0.0000524
R 0 1  73  0  1  3    0.0000842   0.0000842   0.0000842   0.0000842   0.0000794   0.0000593   0.0000540   0.0000501   0.0000501   0.0000501   0.0000501   0.0000501
R 0 1  73  0  1  4    0.0001528   0.0001528   0.0001528   0.0000809   0.0000996   0.0000728   0.0000560   0.0000445   0.0000445   0.0000445   0.0000445   0.0000445
R 0 1  73  0  1  5    0.0001440   0.0001440   0.0000816   0.0000708   0.0000691   0.0000579   0.0000404   0.0000404   0.0000404   0.0000404   0.0000404   0.0000404
R 0 1  73  0  1  6    0.0000942   0.0000942   0.0000942   0.0000429   0.0000661   0.0000572   0.0000500   0.0000149   0.0000149   0.0000149   0.0000149   0.0000149
R 0 1  73  0  1  7    0.0000538   0.0000538   0.0000538   0.0000538   0.0000538   0.0000733   0.0000584   0.0000763   0.0000727   0.0000584   0.0000584   0.0000584
R 0 1  73  0  1  8    0.0001016   0.0001016   0.0001016   0.0001016   0.0001016   0.0001016   0.0001016   0.0000984   0.0001010   0.0001035   0.0000843   0.0000819
R 0 1  73  0  1  9    0.0002472   0.0002472   0.0002472   0.0002472   0.0002472   0.0002472   0.0001875   0.0002043   0.0001853   0.0001471   0.0001237   0.0001237
R 0 1  73  0  1 10    0.0012426   0.0010462   0.0009594   0.0007445   0.0005637   0.0004784   0.0003940   0.0002603   0.0001966   0.0002244   0.0002244   0.0002244
R 0 1  73  0  2  0    0.0000000   0.0000000   0.0000000   0.0000000   0.0000000   0.0000000   0.0000205   0.0000072   0.0000072   0.0000072   0.0000072   0.0000072
R 0 1  73  0  2  1    0.0000000   0.0000000   0.0000000   0.0000000   0.0000000   0.0000000   0.0000185   0.0000094   0.0000094   0.0000094   0.0000094   0.0000094
R 0 1  73  0  2  2    0.0000000   0.0000000   0.0000000   0.0000000   0.0000652   0.0000095   0.0000177   0.0000141   0.0000141   0.0000141   0.0000141   0.0000141
R 0 1  73  0  2  3    0.0000000   0.0000000   0.0000000   0.0000000   0.0000000   0.0000104   0.0000046   0.0000000   0.0000000   0.0000000   0.0000000   0.0000000
R 0 1  73  0  2  4    0.0000000   0.0000000   0.0000000   0.0000000   0.0000000   0.0000139   0.0000098   0.0000000   0.0000000   0.0000000   0.0000000   0.0000000
R 0 1  73  0  2  5    0.0000000   0.0000000   0.0000000   0.0000000   0.0000218   0.0000090   0.0000000   0.0000000   0.0000000   0.0000000   0.0000000   0.0000000
R 0 1  73  0  2  6    0.0000000   0.0000000   0.0000000   0.0000000   0.0000000   0.0000000   0.0000000   0.0000000   0.0000000   0.0000000   0.0000000   0.0000000
R 0 1  73  0  2  7    0.0000000   0.0000000   0.0000000   0.0000000   0.0000000   0.0000000   0.0000000   0.0000000   0.0000211   0.0000405   0.0000405   0.0000405
R 0 1  73  0  2  8    0.0000000   0.0000000   0.0000000   0.0000000   0.0000000   0.0000000   0.0000000   0.0000000   0.0000000   0.0000000   0.0000000   0.0000000
R 0 1  73  0  2  9    0.0000000   0.0000000   0.0000000   0.0000000   0.0000000   0.0000000   0.0000000   0.0000311   0.0000000   0.0000344   0.0000000   0.0000000
R 0 1  73  0  2 10    0.0000000   0.0000000   0.0000000   0.0000000   0.0000000   0.0000000   0.0001224   0.0000000   0.0000000   0.0000000   0.0000000   0.0000000
R 0 1  73  0  3  0    1.0654399   1.0654399   1.0095704   1.0595211   0.9993658   0.9831734   0.9813134   0.9810254   0.9810254   0.9810254   0.9810254   0.9810254
R 0 1  73  0  3  1    1.0157514   1.0157514   1.0157514   1.0157514   1.0003941   0.9865073   0.9781085   0.9794324   0.9794324   0.9794324   0.9794324   0.9794324
R 0 1  73  0  3  2    1.0442761   1.0442761   1.0442761   1.0442761   0.9969294   0.9852010   0.9806897   0.9817940   0.9817940   0.9817940   0.9817940   0.9817940
R 0 1  73  0  3  3    1.0052912   1.0052912   1.0052912   1.0052912   1.0026607   0.9864413   0.9814967   0.9810379   0.9810379   0.9810379   0.9810379   0.9810379
R 0 1  73  0  3  4    1.0142345   1.0142345   1.0142345   0.9835351   0.9771191   0.9749632   0.9785303   0.9905295   0.9905295   0.9905295   0.9905295   0.9905295
R 0 1  73  0  3  5    1.0423264   1.0423264   0.9839719   0.9829352   0.9755678   0.9720342   0.9716732   0.9716732   0.9716732   0.9716732   0.9716732   0.9716732
R 0 1  73  0  3  6    1.0084728   1.0084728   1.0084728   1.0069438   0.9868903   0.9841518   0.9842578   0.9889851   0.9889851   0.9889851   0.9889851   0.9889851
R 0 1  73  0  3  7    1.0209261   1.0209261   1.0209261   1.0209261   1.0333090   0.9971821   0.9920185   0.9870647   0.9879088   0.9856598   0.9856598   0.9856598
R 0 1  73  0  3  8    1.0108618   1.0108618   1.0108618   1.0108618   1.0108618   1.0108618   1.0108618   0.9963123   0.9812944   0.9856813   0.9767244   1.0206534
R 0 1  73  0  3  9    1.0214530   1.0214530   1.0214530   1.0214530   1.0214530   1.0214530   0.9996067   0.9759767   0.9725708   0.9857771   1.0130482   1.0130482
R 0 1  73  0  3 10    1.0706864   1.0365522   1.0331283   0.9943496   0.9744928   0.9682580   0.9678312   0.9687149   0.9987067   1.0064490   1.0064490   1.0064490
R 0 1  73  0  4  0    1.4637045   1.4637045   1.2556402   2.1019167   2.2425105   2.2594632   2.2566273   2.2536012   2.2536012   2.2536012   2.2536012   2.2536012
R 0 1  73  0  4  1    1.9127534   1.9127534   1.9127534   1.9127534   2.1686581   2.2437682   2.1716895   2.2057130   2.2057130   2.2057130   2.2057130   2.2057130
R 0 1  73  0  4  2    1.9175603   1.9175603   1.9175603   1.9175603   2.1459664   2.2545174   2.2381338   2.2644649   2.2644649   2.2644649   2.2644649   2.2644649
R 0 1  73  0  4  3    1.8977353   1.8977353   1.8977353   1.8977353   2.2554644   2.2413914   2.2372009   2.2177904   2.2177904   2.2177904   2.2177904   2.2177904
R 0 1  73  0  4  4    1.8424821   1.8424821   1.8424821   1.9962362   2.0614987   2.0960583   2.2093175   2.3517829   2.3517829   2.3517829   2.3517829   2.3517829
R 0 1  73  0  4  5    2.0293183   2.0293183   1.9407948   2.1827507   2.1135415   2.0753928   2.0159876   2.0159876   2.0159876   2.0159876   2.0159876   2.0159876
R 0 1  73  0  4  6    2.0657609   2.0657609   2.0657609   2.2400160   2.3053959   2.3349362   2.3400006   2.2710919   2.2710919   2.2710919   2.2710919   2.2710919
R 0 1  73  0  4  7    1.8834734   1.8834734   1.8834734   1.8834734   2.3292157   2.3093366   2.3594500   2.3808720   2.4042463   2.3287545   2.3287545   2.3287545
R 0 1  73  0  4  8    2.1523601   2.1523601   2.1523601   2.1523601   2.1523601   2.1523601   2.1523601   2.2772927   2.1981125   2.3067193   2.0552412   2.3272542
R 0 1  73  0  4  9    2.0091050   2.0091050   2.0091050   2.0091050   2.0091050   2.0091050   2.0678538   2.0824179   2.0277484   2.2089250   2.2261266   2.2261266
R 0 1  73  0  4 10    1.9208704   2.1902153   2.0586983   1.9487708   1.9937066   1.9200556   1.9596469   1.9484175   2.0842357   2.0120361   2.0120361   2.0120361
R 0 1  73  0  5  0   10.7524208  10.7524208   8.0396303   3.3420453   3.7688467   3.9433744   4.1570911   3.9957050   3.9957050   3.9957050   3.9957050   3.9957050
R 0 1  73  0  5  1    4.4524505   4.4524505   4.4524505   4.4524505   4.0316960   3.8219396   4.7384851   4.3300491   4.3300491   4.3300491   4.3300491   4.3300491
R 0 1  73  0  5  2    3.9869674   3.9869674   3.9869674   3.9869674   4.7657333   4.1263823   4.0359215   4.0588515   4.0588515   4.0588515   4.0588515   4.0588515
R 0 1  73  0  5  3    3.8874795   3.8874795   3.8874795   3.8874795   4.2001949   4.0655393   4.2690599   4.5379516   4.5379516   4.5379516   4.5379516   4.5379516
R 0 1  73  0  5  4    6.0986297   6.0986297   6.0986297   5.2061802   5.3212693   4.9273240   3.9598533   3.2465975   3.2465975   3.2465975   3.2465975   3.2465975
R 0 1  73  0  5  5    3.3296834   3.3296834   6.3130722   4.5065463   5.0760072   4.8167180   3.9478857   3.9478857   3.9478857   3.9478857   3.9478857   3.9478857
R 0 1  73  0  5  6    2.6986847   2.6986847   2.6986847   4.0195309   3.4655792   3.0436707   2.4176216   2.0259821   2.0259821   2.0259821   2.0259821   2.0259821
R 0 1  73  0  5  7    3.3488509   3.3488509   3.3488509   3.3488509   3.4110297   3.2142529   2.8547631   2.8249183   2.5025270   2.1302020   2.1302020   2.1302020
R 0 1  73  0  5  8    4.4587840   4.4587840   4.4587840   4.4587840   4.4587840   4.4587840   4.4587840   4.2246739   4.7560941   4.0467591   5.8191142   3.6680831
R 0 1  73  0  5  9    5.3170731   5.3170731   5.3170731   5.3170731   5.3170731   5.3170731   6.0951392   5.8860242   6.8467068   5.4939440   5.6080431   5.6080431
R 0 1  73  0  5 10    7.2133510   4.1140066   4.0568347   5.5668124   5.0559344   7.3191943   7.8842926   8.3028082   6.5510371   6.7556356   6.7556356   6.7556356
F  0  1  73  0  0  0    1.0264211   1.0248173   0.9958112   0.9914903   0.9677111   1.0023200   0.9836380   0.9844483   0.9989783   0.9771040   0.9851307
F  0  1  73  1  0  0    1.0769998   1.1001305   1.0847397   1.0413410   1.0512206   1.0925050   1.0623066   1.0388159   1.0500569   1.0600643   1.0852169
C  0  1  73  0  0  0  -0.2315033 -0.1036730 -0.0350621 -0.5028804 -0.1981089 -0.1346400 -0.1514541 -0.3198417 -0.3820332 -0.1886157 -0.3204123 -0.1913281 -0.1584993 -0.3174923 -0.2939009 -0.0085411
C  0  1  73  0  0  1   0.0170221 -0.1616793 -0.0863363 -0.0747115 -0.0981117 -0.0712376 -0.1839521 -0.1538734 -0.1240353 -0.1491605 -0.0598356 -0.0785491 -0.1989957 -0.1163219 -0.1445547 -0.0184451
C  0  1  73  0  0  2  -0.1257207 -0.0266052 -0.1354213 -0.2006741  0.0248206 -0.1165747 -0.1367753 -0.0608085  0.0200907 -0.1115924 -0.0649232 -0.0027742 -0.1360278  0.0077892 -0.0296827 -0.0597534
C  0  1  73  0  0  3  -0.1106901 -0.0494826 -0.0233334  0.0158815  0.0726570 -0.1179280 -0.0765115 -0.0116978 -0.0404623  0.0261441 -0.0563471 -0.0416696 -0.2566858 -0.0753793 -0.0918620 -0.0083341
C  0  1  73  0  0  4  -0.1242214 -0.0308873 -0.0392345 -0.0455722 -0.1410400 -0.0117712 -0.0685720 -0.0373645  0.0051348  0.0004162 -0.0423667 -0.0388295 -0.0901897 -0.0826183 -0.0136129 -0.0438738
C  0  1  73  0  0  5  -0.0076657  0.0819032 -0.0770190 -0.0758334 -0.0697473 -0.1311299  0.0027979  0.0327574 -0.0302313  0.0443015  0.0930362  0.0209149 -0.1076435  0.1471168  0.1064817 -0.1327932
C  0  1  73  0  0  6  -0.0567778  0.0572737  0.0171348  0.0172716 -0.0463857 -0.0294745  0.0031263 -0.1264714  0.0141532 -0.1458626  0.0328817 -0.0238810 -0.0425749  0.0097863 -0.0198036  0.1096611
C  0  1  73  0  0  7  -0.0021386  0.0337918  0.0166443 -0.0161238  0.0979342  0.0638204  0.0064595 -0.0301519 -0.0584321 -0.0196851  0.0307576 -0.0274937 -0.0352796 -0.0217248 -0.0444147  0.0725743
C  0  1  73  0  0  8   0.0256070  0.0143306  0.0684565  0.0396832 -0.0609366  0.0439107  0.0183894  0.0340835  0.0001296  0.0097765 -0.0817020 -0.0142144 -0.0506138  0.0918948 -0.0818719 -0.0263686
C  0  1  73  0  0  9  -0.0088877  0.0345483 -0.0293048  0.0624729  0.0266356  0.0208847  0.0080487  0.0264291 -0.0574980 -0.0324125  0.1376995  0.1113562 -0.0588037  0.0698944  0.0245525 -0.0087927
C  0  1  73  0  0 10   0.0020113 -0.0490261  0.0152711  0.0068577 -0.0498704  0.0402945 -0.0040948 -0.0750448 -0.0125758 -0.0940587 -0.0231587 -0.0085936 -0.1020121  0.0101300  0.0055384  0.0504758
C  0  1  73  0  0 11  -0.0508145  0.0078248 -0.0246574  0.0358649 -0.0128679  0.0562122  0.0516442  0.0998533 -0.0030434  0.0645974 -0.0081650 -0.0181365 -0.0033391  0.0049812  0.0504302 -0.0194400
C  0  1  73  0  0 12   0.0476393  0.0223757  0.0192400  0.0513833  0.0275079 -0.0331480  0.0010879  0.0727067 -0.0013849  0.1291640 -0.0250607 -0.0495731 -0.0316661  0.0402086  0.0264531  0.0207066
C  0  1  73  0  0 13  -0.0052453  0.1028532  0.0744785 -0.0355601 -0.0269043 -0.0112550  0.0389226 -0.0693084  0.0093712  0.0867221 -0.0076177  0.0096393 -0.0429345  0.0367735  0.0751473 -0.0420053
C  0  1  73  0  0 14   0.0493598 -0.0242275 -0.0483226 -0.1072267  0.0184163 -0.0499103  0.0051901  0.0281315 -0.0282113 -0.0385805  0.1035601 -0.0752496  0.0865029  0.0263801  0.0108178 -0.0169048
C  0  1  73  0  0 15  -0.0812265 -0.0261693 -0.0309713 -0.0675968  0.0040222 -0.0712803 -0.0596352  0.0585509 -0.0576077 -0.0263949 -0.0916468 -0.1488236 -0.0015332 -0.0391090 -0.1220230 -0.0060850
C  0  1  73  0  0 16   0.1376734  0.0899000  0.0175779  0.1031140  0.0112946 -0.1143727 -0.0756126  0.0549835 -0.0707179  0.2234032  0.0112125  0.0978943 -0.0911196  0.0594252 -0.1161671 -0.0341795
C  0  1  73  0  0 17  -0.1112518 -0.0147150 -0.1331040 -0.0817880 -0.0450500  0.0170537 -0.1535038 -0.0410249 -0.0337744 -0.0927556 -0.0252173 -0.0539129 -0.0235245 -0.1339745 -0.0104566 -0.0051564
C  0  1  73  0  0 18  -0.1783975 -0.0698201 -0.0294373 -0.0244854 -0.1183109 -0.0587008 -0.1929985 -0.1013614 -0.0809393 -0.0493611 -0.0449680 -0.0585239 -0.0209502 -0.1458999 -0.1949401  0.0350149
C  0  1  73  0  0 19   0.0649848 -0.1515317 -0.2243847  0.0700589 -0.1687548 -0.1207471 -0.0867280 -0.0861134 -0.1562324 -0.0780852 -0.1342957 -0.1015643 -0.0881311 -0.0787328  0.0083319 -0.0663431
C  0  1  73  0  0 20  -0.0699242 -0.0878937 -0.0326616 -0.0415430 -0.2235166 -0.1706892 -0.2425697 -0.1219010 -0.2300435 -0.1960166 -0.0931578 -0.0570311 -0.0180472 -0.0989739 -0.0573044 -0.2100641
C  0  1  73  0  0 21  -0.1605034 -0.2669788 -0.3190362 -0.1218511 -0.1921784 -0.2363563 -0.1074633  0.0133795 -0.0794496 -0.0257348 -0.1495702 -0.1526483 -0.2852590 -0.3575532 -0.2926928 -0.1075054
C  0  1  73  0  1  0  -0.0036076 -0.0011349 -0.0009231  0.0005354 -0.0026935  0.0031806 -0.0008561 -0.0038947  0.0024763  0.0010186 -0.0019859  0.0074953  0.0047518  0.0043837  0.0065988  0.0067614
C  0  1  73  0  1  1  -0.0011923  0.0004879 -0.0026701 -0.0024866 -0.0034228 -0.0015088  0.0040907  0.0017030  0.0010620 -0.0018421  0.0005003 -0.0005893  0.0014976  0.0052488 -0.0001271  0.0020564
C  0  1  73  0  1  2   0.0004588 -0.0012947 -0.0012098  0.0002270 -0.0022327 -0.0001561 -0.0015734  0.0009121 -0.0022899  0.0009330 -0.0009206  0.0000528  0.0013012 -0.0005818  0.0013484 -0.0006033
C  0  1  73  0  1  3   0.0026393 -0.0014633 -0.0000824 -0.0026692 -0.0008849  0.0009853  0.0024559 -0.0013705 -0.0019166 -0.0033589 -0.0032006  0.0001135  0.0009823 -0.0026040 -0.0009373  0.0017723
C  0  1  73  0  1  4   0.0014358 -0.0006614 -0.0003416  0.0014587  0.0024183  0.0015850  0.0008038  0.0017268 -0.0000998  0.0003137 -0.0009628 -0.0013158  0.0015656 -0.0005155 -0.0013903 -0.0038944
C  0  1  73  0  1  5   0.0001448 -0.0001681 -0.0011505 -0.0007712  0.0025582  0.0010458 -0.0006710  0.0007966  0.0001255  0.0003641  0.0010508 -0.0022981 -0.0010724  0.0003988  0.0001598 -0.0012539
C  0  1  73  0  1  6   0.0003857 -0.0008303 -0.0006201  0.0021516  0.0011958  0.0012774 -0.0014933 -0.0003112  0.0013212 -0.0007465 -0.0012222 -0.0001932 -0.0017167 -0.0016932  0.0023138 -0.0012331
C  0  1  73  0  1  7   0.0020294  0.0006258  0.0016039  0.0001007  0.0008910  0.0014835 -0.0007114  0.0001017  0.0001096 -0.0010822  0.0015754 -0.0022620 -0.0003911 -0.0011418 -0.0008548 -0.0001586
C  0  1  73  0  1  8   0.0015885  0.0019238  0.0008904  0.0009729  0.0021514  0.0017138  0.0009168  0.0006887  0.0037961 -0.0004910  0.0000520 -0.0001348  0.0017753  0.0015727 -0.0009867  0.0013813
C  0  1  73  0  1  9  -0.0012154  0.0009201  0.0009879  0.0006294  0.0008680  0.0006870 -0.0009246  0.0008234  0.0003028 -0.0007019 -0.0021081 -0.0007093 -0.0003507 -0.0001016 -0.0024111  0.0002074
C  0  1  73  0  1 10  -0.0001357  0.0005802  0.0019143  0.0001737  0.0005735 -0.0002973  0.0012539 -0.0002531 -0.0014170 -0.0023423  0.0006800 -0.0006549 -0.0006209 -0.0010069  0.0007558  0.0002028
C  0  1  73  0  1 11   0.0004790 -0.0004164  0.0001761  0.0024490  0.0005155  0.0004880 -0.0017224 -0.0005577 -0.0018137  0.0004892 -0.0014616 -0.0011346  0.0021865 -0.0001744  0.0005482 -0.0001037
C  0  1  73  0  1 12  -0.0004676  0.0009433 -0.0001333 -0.0007356  0.0017204 -0.0013534  0.0007380 -0.0011544  0.0001575  0.0006770  0.0000297  0.0030893  0.0007527 -0.0011511  0.0008182  0.0024825
C  0  1  73  0  1 13   0.0024982 -0.0005840  0.0008828  0.0003683  0.0041748  0.0014524 -0.0007879 -0.0004228  0.0003310 -0.0008374 -0.0008139 -0.0005784  0.0002709  0.0010804  0.0008239  0.0013247
C  0  1  73  0  1 14   0.0017728  0.0006007  0.0026858  0.0009974 -0.0001970  0.0019858 -0.0005353  0.0007910  0.0004856  0.0007130  0.0005048 -0.0002708  0.0007162  0.0008087 -0.0008015  0.0021957
C  0  1  73  0  1 15   0.0027758 -0.0009764 -0.0007889 -0.0000507  0.0004513  0.0009024  0.0024727 -0.0002217  0.0008604 -0.0017090 -0.0003661 -0.0003673 -0.0008238  0.0003731  0.0006512  0.0009233
C  0  1  73  0  1 16   0.0029456  0.0019646 -0.0002274  0.0007145 -0.0000681  0.0030900  0.0009299 -0.0001710 -0.0005221 -0.0007705  0.0021266  0.0017570 -0.0003086  0.0023584  0.0019615  0.0026541
C  0  1  73  0  1 17  -0.0002575  0.0000477  0.0003188  0.0036909  0.0022762  0.0035324  0.0014439  0.0029678 -0.0016158  0.0034075  0.0016153 -0.0007367  0.0004327 -0.0002156  0.0044309  0.0035382
C  0  1  73  0  1 18   0.0047680  0.0048957  0.0036379  0.0023408  0.0015903  0.0022419  0.0062675  0.0000045 -0.0019014  0.0002824  0.0049955  0.0030766  0.0006615  0.0001595  0.0048948  0.0040054
C  0  1  73  0  1 19   0.0018256  0.0021350  0.0005381  0.0020772  0.0003438  0.0000060  0.0034981  0.0005824  0.0021233  0.0038978 -0.0005441  0.0022130  0.0024154  0.0029995  0.0033328  0.0040440
C  0  1  73  0  1 20   0.0046342  0.0089459  0.0056144  0.0052296  0.0033795  0.0026342  0.0045802  0.0042794  0.0052892  0.0044124  0.0020391 -0.0028647  0.0034923  0.0045099  0.0033739  0.0059202
C  0  1  73  0  1 21   0.0120152  0.0125896  0.0088823  0.0035827 -0.0013815 -0.0079780 -0.0055094 -0.0029349  0.0021818 -0.0009353 -0.0009749  0.0075238  0.0033206  0.0044116  0.0074899  0.0012117
C  0  1  73  1  0  0  -0.4130326 -0.3402022 -0.3428521 -0.3711837 -0.3131234 -0.4258089 -0.3509617 -0.2840516 -0.3761461 -0.2948305 -0.3798530 -0.5212256 -0.5435780 -0.3837048 -0.4118647 -0.4589526
C  0  1  73  1  0  1  -0.2671473 -0.3469815 -0.2775402 -0.2310784 -0.3199651 -0.2356602 -0.2995956 -0.2129396 -0.2745307 -0.2431465 -0.3546977 -0.2522927 -0.3789011 -0.3421285 -0.3509329 -0.3312569
C  0  1  73  1  0  2  -0.3095992 -0.3418183 -0.2927973 -0.3098868 -0.3039535 -0.2428733 -0.2609278 -0.2742561 -0.2378879 -0.2051175 -0.3017759 -0.3046564 -0.3364689 -0.3024940 -0.2550668 -0.3220585
C  0  1  73  1  0  3  -0.3050203 -0.3087439 -0.3122024 -0.3042334 -0.2880155 -0.2330793 -0.1886247 -0.1706618 -0.2124730 -0.1986432 -0.2190500 -0.2651672 -0.2413247 -0.2907497 -0.3092432 -0.2434397
C  0  1  73  1  0  4  -0.2701972 -0.2322048 -0.2843372 -0.2359569 -0.2245894 -0.1911492 -0.2479176 -0.2183293 -0.2250102 -0.1667698 -0.1580006 -0.2466380 -0.2561927 -0.1940882 -0.2757960 -0.3125926
C  0  1  73  1  0  5  -0.1786782 -0.1700491 -0.1822935 -0.1536343 -0.1889764 -0.0578598 -0.2063253 -0.1712845 -0.1767932 -0.1457438 -0.1459629 -0.2034352 -0.2490470 -0.1868810 -0.1785848 -0.1833352
C  0  1  73  1  0  6  -0.1550048 -0.1033083 -0.2045271 -0.1425927 -0.1428322 -0.1542035 -0.1416425 -0.1190872 -0.1496226 -0.1213023 -0.0968654 -0.1210218 -0.1514685 -0.1676478 -0.1397840 -0.1966494
C  0  1  73  1  0  7  -0.1309863 -0.1301243 -0.1413852 -0.1198903 -0.1809133 -0.1699715 -0.1691847 -0.1495184 -0.1397249 -0.1095300 -0.1155668 -0.1593690 -0.1509903 -0.1223267 -0.1196737 -0.1345191
C  0  1  73  1  0  8  -0.1656202 -0.0773991 -0.1356640 -0.1496380 -0.1589266 -0.1677442 -0.1460948 -0.1607080 -0.1561294 -0.0999269 -0.1582164 -0.1712690 -0.1395385 -0.1608413 -0.1401498 -0.1274072
C  0  1  73  1  0  9  -0.1319564 -0.1164415 -0.0798234 -0.1166709 -0.0975413 -0.1223844 -0.1199707 -0.1283759 -0.1077069 -0.1242665 -0.0630139 -0.1401676 -0.1236540 -0.0691529 -0.1297886 -0.1335901
C  0  1  73  1  0 10  -0.1380401 -0.1146159 -0.1126582 -0.1655212 -0.1693692 -0.1570510 -0.1312812 -0.1488838 -0.0640779 -0.1315859 -0.1043172 -0.0986255 -0.1067719 -0.1393909 -0.1235358 -0.1225470
C  0  1  73  1  0 11  -0.1646913 -0.1339004 -0.1652346 -0.1167699 -0.1486645 -0.1255461 -0.1266795 -0.1420664 -0.1344522 -0.0869698 -0.1392701 -0.1227683 -0.1385916 -0.1356672 -0.1314093 -0.1269251
C  0  1  73  1  0 12  -0.0997042 -0.0989045 -0.1316416 -0.0664774 -0.1843257 -0.1172162 -0.1399142 -0.1466068 -0.0969960 -0.1250535 -0.1213830 -0.0927535 -0.0757349 -0.1144097 -0.0903407 -0.1291755
C  0  1  73  1  0 13  -0.1169666 -0.1544516 -0.1431500 -0.1093459 -0.1669700 -0.1616447 -0.1656900 -0.1338950 -0.1558882 -0.1264229 -0.1571919 -0.1579729 -0.1352294 -0.1383261 -0.1255532 -0.1187730
C  0  1  73  1  0 14  -0.1301444 -0.1244876 -0.1452648 -0.1227799 -0.1580559 -0.1281521 -0.1390836 -0.2196366 -0.1604785 -0.1248641 -0.1588363 -0.1235353 -0.1239505 -0.0532627 -0.1356693 -0.1916894
C  0  1  73  1  0 15  -0.1061115 -0.2061028 -0.1359725 -0.1386653 -0.1667392 -0.1405640 -0.2025869 -0.1587704 -0.1338165 -0.1517981 -0.1176753 -0.1880222 -0.1299765 -0.0963732 -0.0650895 -0.1785649
C  0  1  73  1  0 16  -0.1903781 -0.1401620 -0.1288579 -0.1173849 -0.1503803 -0.1788316 -0.2330561 -0.1786587 -0.1330900 -0.1513274 -0.1421620 -0.1318729 -0.1496944 -0.1193754 -0.1320531 -0.1226013
C  0  1  73  1  0 17  -0.2759715 -0.2708274 -0.1891497 -0.2478309 -0.2093184 -0.2073859 -0.2493264 -0.2343491 -0.2137116 -0.2020476 -0.2438868 -0.1919036 -0.2169727 -0.2498843 -0.2257297 -0.2400222
C  0  1  73  1  0 18  -0.2867601 -0.2602678 -0.2056010 -0.2860156 -0.2166041 -0.2514448 -0.3064624 -0.3029922 -0.2566425 -0.2401236 -0.2587878 -0.2874696 -0.2583401 -0.1907110 -0.1976168 -0.2331428
C  0  1  73  1  0 19  -0.2462030 -0.2381920 -0.2821136 -0.3016441 -0.3050457 -0.2607956 -0.2554887 -0.2398062 -0.2661056 -0.2675129 -0.2823563 -0.2895078 -0.1846439 -0.2731344 -0.2809336 -0.2535005
C  0  1  73  1  0 20  -0.2722519 -0.3319554 -0.3377443 -0.2629190 -0.2750471 -0.2441226 -0.2604973 -0.2922128 -0.3655854 -0.3249762 -0.3254779 -0.2663333 -0.3406945 -0.2908120 -0.2389350 -0.3361349
C  0  1  73  1  0 21  -0.4638255 -0.4219709 -0.3712292 -0.3517062 -0.3368341 -0.3055581 -0.2878475 -0.3512277 -0.4488481 -0.4058296 -0.3127287 -0.3691290 -0.2382592 -0.4074982 -0.3941807 -0.3686280
C  0  1  73  1  1  0   0.0457733  0.0479807  0.0416595  0.0259845  0.0016613 -0.0183808 -0.0337422 -0.0431078 -0.0463104 -0.0354151 -0.0324769 -0.0176355  0.0031839  0.0064832  0.0278312  0.0391376
C  0  1  73  1  1  1   0.0241290  0.0221387  0.0174636  0.0111377  0.0012624 -0.0071160 -0.0149087 -0.0187677 -0.0180991 -0.0145801 -0.0134103 -0.0078157  0.0025920  0.0089914  0.0110450  0.0236681
C  0  1  73  1  1  2   0.0111385  0.0141639  0.0088517  0.0056504  0.0017470 -0.0038871 -0.0078877 -0.0083777 -0.0091402 -0.0056127 -0.0050802 -0.0029436  0.0009249  0.0031517  0.0049013  0.0107883
C  0  1  73  1  1  3   0.0083770  0.0074491  0.0026781  0.0030720  0.0011035  0.0004385 -0.0036091 -0.0004295 -0.0005913  0.0001497 -0.0013638 -0.0010599  0.0029234  0.0036803  0.0015325  0.0063929
C  0  1  73  1  1  4   0.0024284  0.0023084  0.0009433  0.0002676  0.0041177  0.0029332  0.0015946  0.0015531  0.0042697  0.0024737 -0.0005434 -0.0000660  0.0033043  0.0012373  0.0041719  0.0034005
C  0  1  73  1  1  5   0.0013525  0.0013383 -0.0000697  0.0033594  0.0037466  0.0036273  0.0030380  0.0043983  0.0054545  0.0019758 -0.0004651  0.0001132  0.0030677  0.0028288  0.0024578 -0.0006966
C  0  1  73  1  1  6   0.0015454  0.0009724  0.0006212  0.0036386  0.0038006  0.0032597  0.0043103  0.0049596  0.0041791  0.0016597 -0.0002864 -0.0000449  0.0013738  0.0003592  0.0012514  0.0002673
C  0  1  73  1  1  7  -0.0020529  0.0013169  0.0016938  0.0038197  0.0036920  0.0029074  0.0056753  0.0034399  0.0032362  0.0010345 -0.0017867 -0.0004839  0.0003859  0.0001562  0.0009541 -0.0013840
C  0  1  73  1  1  8  -0.0008377  0.0013227  0.0017807  0.0026030  0.0051092  0.0037597  0.0048597  0.0058785  0.0053472  0.0015351  0.0004329 -0.0004192  0.0013828  0.0009095  0.0015556 -0.0009888
C  0  1  73  1  1  9   0.0004431  0.0027147  0.0007756  0.0026964  0.0022271  0.0031556  0.0044269  0.0038413  0.0026200  0.0001101  0.0012488  0.0008881  0.0012735  0.0010835  0.0008514 -0.0022588
C  0  1  73  1  1 10  -0.0008047  0.0010895  0.0014184  0.0019354  0.0020121  0.0013145  0.0023269  0.0023348  0.0020715 -0.0006568 -0.0017791 -0.0006033 -0.0010650 -0.0000941  0.0009064 -0.0015323
C  0  1  73  1  1 11  -0.0007443  0.0015407  0.0010451  0.0015386  0.0022806  0.0000896  0.0018063  0.0011845  0.0021491  0.0004006 -0.0026230 -0.0007215  0.0003904 -0.0010613 -0.0001989 -0.0017740
C  0  1  73  1  1 12   0.0003227  0.0020813  0.0018451  0.0050991  0.0026084  0.0013209  0.0009274  0.0029182  0.0043470  0.0004794  0.0016263  0.0010213  0.0000710 -0.0000838  0.0008636 -0.0010968
C  0  1  73  1  1 13  -0.0001892  0.0014211  0.0023498  0.0022697  0.0027971  0.0031149  0.0039838  0.0053472  0.0045011  0.0009809  0.0008373 -0.0002982 -0.0010496 -0.0018935  0.0003383 -0.0019643
C  0  1  73  1  1 14  -0.0013195  0.0003756  0.0022215  0.0044255  0.0038278  0.0027882  0.0028489  0.0061081  0.0049016  0.0016278  0.0016876 -0.0010105 -0.0024967 -0.0023781 -0.0021186 -0.0028166
C  0  1  73  1  1 15  -0.0014249  0.0005590  0.0027533  0.0037627  0.0027020 -0.0007583  0.0031581  0.0028481  0.0063465  0.0024956  0.0016662 -0.0009803 -0.0036360 -0.0049389 -0.0047970 -0.0050634
C  0  1  73  1  1 16  -0.0012506  0.0016632  0.0037407  0.0042620  0.0036216  0.0005210  0.0046314  0.0035729  0.0040642  0.0063669  0.0028608  0.0018677 -0.0011851 -0.0003865 -0.0042041 -0.0044750
C  0  1  73  1  1 17  -0.0026168  0.0023818  0.0011899  0.0053009  0.0021396 -0.0013444  0.0015148  0.0030397  0.0045423  0.0038478  0.0046860  0.0013692 -0.0012556 -0.0050667 -0.0047297 -0.0047770
C  0  1  73  1  1 18  -0.0003797  0.0061451  0.0050186  0.0072369  0.0031134  0.0005726 -0.0030368 -0.0015410  0.0019274  0.0041960  0.0010648  0.0005476 -0.0019913 -0.0038177 -0.0064245 -0.0035649
C  0  1  73  1  1 19   0.0023496  0.0077869  0.0111869  0.0089357  0.0063557  0.0007963 -0.0018969  0.0000044  0.0023091  0.0055093  0.0011047 -0.0002185 -0.0032137 -0.0043453 -0.0056082 -0.0031689
C  0  1  73  1  1 20   0.0006975  0.0143404  0.0161247  0.0131470  0.0075862  0.0031937 -0.0016797 -0.0012183  0.0003840  0.0073363 -0.0001721 -0.0023185 -0.0070256 -0.0094695 -0.0053400 -0.0037610
C  0  1  73  1  1 21   0.0082154  0.0214900  0.0296177  0.0223484  0.0161980  0.0158474  0.0115613  0.0109318  0.0124294  0.0119419  0.0025772 -0.0017886 -0.0099816 -0.0137844 -0.0073976  0.0016346
