CPHI 16 
CETA 22 -2.40 -2.10 -1.85 -1.60 -1.40 -1.20 -1.00 -0.80 -0.60 -0.40 -0.20  0.00  0.20  0.40  0.60  0.80  1.00  1.20  1.40  1.60  1.85  2.10  2.40 
RMIN  6 
RTRK 12 
RETA 11  0.00  0.20  0.40  0.60  0.80  1.00  1.20  1.40  1.60  1.85  2.10  2.40 
T 0 1  74  0  0  0    0.0000000   0.0006629   0.0016834   0.0032807   0.0123513   0.0689973   0.2774130   0.6539445   1.0000000   1.0000000   1.0000000   1.0000000   1.0000000
T 0 1  74  0  0  1    0.0000000   0.0001363   0.0005551   0.0024741   0.0124596   0.0594617   0.2271361   0.5889839   1.0000000   1.0000000   1.0000000   1.0000000   1.0000000
T 0 1  74  0  0  2    0.0000000   0.0001197   0.0005202   0.0017347   0.0105958   0.0552150   0.2091349   0.5745349   1.0000000   1.0000000   1.0000000   1.0000000   1.0000000
T 0 1  74  0  0  3    0.0000000   0.0002032   0.0006163   0.0017551   0.0116216   0.0624133   0.2261513   0.5868398   1.0000000   1.0000000   1.0000000   1.0000000   1.0000000
T 0 1  74  0  0  4    0.0000000   0.0003879   0.0026168   0.0144103   0.0629366   0.2038937   0.4891428   0.8223806   1.0000000   1.0000000   1.0000000   1.0000000   1.0000000
T 0 1  74  0  0  5    0.0000000   0.0010385   0.0075439   0.0512028   0.2044911   0.5318523   0.8763401   0.9993648   1.0000000   1.0000000   1.0000000   1.0000000   1.0000000
T 0 1  74  0  0  6    0.0000000   0.0003040   0.0011329   0.0103137   0.0670603   0.2770295   0.6633874   0.9314136   0.9981940   0.9999994   1.0000000   1.0000000   1.0000000
T 0 1  74  0  0  7    0.0000000   0.0000439   0.0004237   0.0009701   0.0049741   0.0310340   0.1192682   0.2976404   0.5817670   0.8699681   0.9842046   0.9998691   1.0000000
T 0 1  74  0  0  8    0.0000000   0.0000012   0.0000288   0.0001083   0.0003909   0.0009648   0.0042298   0.0250684   0.1198253   0.3944167   0.7906093   0.9693179   1.0000000
T 0 1  74  0  0  9    0.0000000   0.0000069   0.0000098   0.0000316   0.0005873   0.0035764   0.0185124   0.0863780   0.3014659   0.6580233   0.9389688   0.9999344   1.0000000
T 0 1  74  0  0 10    0.0000000   0.0066514   0.0293711   0.0468301   0.0802394   0.1689111   0.3395360   0.6910188   0.9107581   0.9701931   0.9998392   1.0000000   1.0000000
T 0 1  74  1  0  0    0.0000000   0.0005148   0.0016399   0.0047460   0.0213440   0.1017716   0.3374237   0.6994022   1.0000000   1.0000000   1.0000000   1.0000000   1.0000000
T 0 1  74  1  0  1    0.0000000   0.0002633   0.0010891   0.0042307   0.0181163   0.0752157   0.2537985   0.6193956   1.0000000   1.0000000   1.0000000   1.0000000   1.0000000
T 0 1  74  1  0  2    0.0000000   0.0002194   0.0008486   0.0027728   0.0124455   0.0616642   0.2339277   0.6064318   1.0000000   1.0000000   1.0000000   1.0000000   1.0000000
T 0 1  74  1  0  3    0.0000000   0.0002283   0.0008669   0.0027852   0.0140251   0.0700545   0.2491207   0.6198491   1.0000000   1.0000000   1.0000000   1.0000000   1.0000000
T 0 1  74  1  0  4    0.0000000   0.0004356   0.0027620   0.0153929   0.0663357   0.2155446   0.5058694   0.8320271   1.0000000   1.0000000   1.0000000   1.0000000   1.0000000
T 0 1  74  1  0  5    0.0000000   0.0011873   0.0094478   0.0577925   0.2246261   0.5586818   0.8900123   0.9996500   1.0000000   1.0000000   1.0000000   1.0000000   1.0000000
T 0 1  74  1  0  6    0.0000000   0.0004626   0.0026649   0.0180020   0.0942133   0.3329130   0.7236541   0.9536823   0.9988141   0.9999984   1.0000000   1.0000000   1.0000000
T 0 1  74  1  0  7    0.0000000   0.0002246   0.0006446   0.0024765   0.0123245   0.0526267   0.1570011   0.3413836   0.6074237   0.8728054   0.9849908   0.9998878   1.0000000
T 0 1  74  1  0  8    0.0000000   0.0009562   0.0014955   0.0017998   0.0022382   0.0036136   0.0107994   0.0452511   0.1686405   0.4573475   0.8251665   0.9710661   1.0000000
T 0 1  74  1  0  9    0.0000000   0.0021003   0.0074838   0.0131257   0.0159362   0.0198461   0.0401951   0.1288935   0.3661962   0.7154288   0.9583841   0.9999941   1.0000000
T 0 1  74  1  0 10    0.0000000   0.0032254   0.0170235   0.0428863   0.0843736   0.1746921   0.3942474   0.7474223   0.9511020   0.9856143   0.9999985   1.0000000   1.0000000
R 0 1  74  0  0  0    0.0254165   0.0254165   0.0118018   0.0103042   0.0103733   0.0101513   0.0099942   0.0098445   0.0098445   0.0098445   0.0098445   0.0098445
R 0 1  74  0  0  1    0.0120519   0.0120519   0.0120519   0.0120519   0.0109757   0.0109400   0.0109367   0.0108572   0.0108572   0.0108572   0.0108572   0.0108572
R 0 1  74  0  0  2    0.0125287   0.0125287   0.0125287   0.0125287   0.0120287   0.0119772   0.0118612   0.0116649   0.0116649   0.0116649   0.0116649   0.0116649
R 0 1  74  0  0  3    0.0135217   0.0135217   0.0135217   0.0135217   0.0126228   0.0125637   0.0123578   0.0122667   0.0122667   0.0122667   0.0122667   0.0122667
R 0 1  74  0  0  4    0.0186634   0.0186634   0.0186634   0.0175037   0.0169264   0.0158896   0.0144855   0.0130836   0.0130836   0.0130836   0.0130836   0.0130836
R 0 1  74  0  0  5    0.0215122   0.0215122   0.0193984   0.0191528   0.0187540   0.0180908   0.0169195   0.0169195   0.0169195   0.0169195   0.0169195   0.0169195
R 0 1  74  0  0  6    0.0204427   0.0204427   0.0204427   0.0202911   0.0207729   0.0206936   0.0208774   0.0205177   0.0205177   0.0205177   0.0205177   0.0205177
R 0 1  74  0  0  7    0.0213862   0.0213862   0.0213862   0.0213862   0.0206926   0.0211807   0.0212130   0.0209987   0.0205743   0.0197224   0.0197224   0.0197224
R 0 1  74  0  0  8    0.0212052   0.0212052   0.0212052   0.0212052   0.0212052   0.0212052   0.0212052   0.0210024   0.0210185   0.0209686   0.0201946   0.0186529
R 0 1  74  0  0  9    0.0311162   0.0311162   0.0311162   0.0311162   0.0311162   0.0311162   0.0296917   0.0289793   0.0275511   0.0266130   0.0249122   0.0249122
R 0 1  74  0  0 10    0.0800258   0.0724150   0.0629487   0.0536116   0.0468073   0.0440614   0.0410467   0.0355760   0.0337030   0.0304106   0.0304106   0.0304106
R 0 1  74  0  1  0    0.0000000   0.0000000   0.0000000   0.0000708   0.0000815   0.0000797   0.0000723   0.0000664   0.0000664   0.0000664   0.0000664   0.0000664
R 0 1  74  0  1  1    0.0000843   0.0000843   0.0000843   0.0000843   0.0000661   0.0000669   0.0000603   0.0000580   0.0000580   0.0000580   0.0000580   0.0000580
R 0 1  74  0  1  2    0.0000562   0.0000562   0.0000562   0.0000562   0.0000650   0.0000635   0.0000612   0.0000528   0.0000528   0.0000528   0.0000528   0.0000528
R 0 1  74  0  1  3    0.0000708   0.0000708   0.0000708   0.0000708   0.0000642   0.0000580   0.0000535   0.0000492   0.0000492   0.0000492   0.0000492   0.0000492
R 0 1  74  0  1  4    0.0001129   0.0001129   0.0001129   0.0000957   0.0000881   0.0000765   0.0000545   0.0000451   0.0000451   0.0000451   0.0000451   0.0000451
R 0 1  74  0  1  5    0.0002390   0.0002390   0.0000796   0.0000756   0.0000685   0.0000603   0.0000396   0.0000396   0.0000396   0.0000396   0.0000396   0.0000396
R 0 1  74  0  1  6    0.0000473   0.0000473   0.0000473   0.0000534   0.0000626   0.0000539   0.0000545   0.0000240   0.0000240   0.0000240   0.0000240   0.0000240
R 0 1  74  0  1  7    0.0000000   0.0000000   0.0000000   0.0000000   0.0000688   0.0000622   0.0000727   0.0000746   0.0000726   0.0000433   0.0000433   0.0000433
R 0 1  74  0  1  8    0.0000819   0.0000819   0.0000819   0.0000819   0.0000819   0.0000819   0.0000819   0.0001139   0.0001041   0.0001029   0.0000905   0.0000762
R 0 1  74  0  1  9    0.0002754   0.0002754   0.0002754   0.0002754   0.0002754   0.0002754   0.0002249   0.0001995   0.0001826   0.0001586   0.0001138   0.0001138
R 0 1  74  0  1 10    0.0013842   0.0012086   0.0009236   0.0007728   0.0005397   0.0004780   0.0004013   0.0002593   0.0002043   0.0001545   0.0001545   0.0001545
R 0 1  74  0  2  0    0.0000000   0.0000000   0.0000000   0.0000000   0.0000000   0.0000062   0.0000087   0.0000072   0.0000072   0.0000072   0.0000072   0.0000072
R 0 1  74  0  2  1    0.0000000   0.0000000   0.0000000   0.0000000   0.0000000   0.0000000   0.0000150   0.0000056   0.0000056   0.0000056   0.0000056   0.0000056
R 0 1  74  0  2  2    0.0000000   0.0000000   0.0000000   0.0000000   0.0000368   0.0000098   0.0000148   0.0000104   0.0000104   0.0000104   0.0000104   0.0000104
R 0 1  74  0  2  3    0.0000634   0.0000634   0.0000634   0.0000634   0.0000588   0.0000085   0.0000142   0.0000000   0.0000000   0.0000000   0.0000000   0.0000000
R 0 1  74  0  2  4    0.0000000   0.0000000   0.0000000   0.0000000   0.0000000   0.0000132   0.0000168   0.0000170   0.0000170   0.0000170   0.0000170   0.0000170
R 0 1  74  0  2  5    0.0000000   0.0000000   0.0000000   0.0000000   0.0000281   0.0000139   0.0000184   0.0000184   0.0000184   0.0000184   0.0000184   0.0000184
R 0 1  74  0  2  6    0.0000000   0.0000000   0.0000000   0.0000000   0.0000000   0.0000000   0.0000000   0.0000000   0.0000000   0.0000000   0.0000000   0.0000000
R 0 1  74  0  2  7    0.0000000   0.0000000   0.0000000   0.0000000   0.0001752   0.0000000   0.0000000   0.0000000   0.0000000   0.0000000   0.0000000   0.0000000
R 0 1  74  0  2  8    0.0000000   0.0000000   0.0000000   0.0000000   0.0000000   0.0000000   0.0000000   0.0000000   0.0000000   0.0000121   0.0000000   0.0000000
R 0 1  74  0  2  9    0.0000000   0.0000000   0.0000000   0.0000000   0.0000000   0.0000000   0.0000737   0.0000000   0.0000000   0.0000161   0.0000000   0.0000000
R 0 1  74  0  2 10    0.0000000   0.0000000   0.0000000   0.0000000   0.0000000   0.0000000   0.0001139   0.0000443   0.0000000   0.0000000   0.0000000   0.0000000
R 0 1  74  0  3  0    1.0336778   1.0336778   0.9957776   1.0368686   1.0004684   0.9848585   0.9809689   0.9827317   0.9827317   0.9827317   0.9827317   0.9827317
R 0 1  74  0  3  1    1.0218180   1.0218180   1.0218180   1.0218180   1.0009538   0.9828568   0.9804577   0.9798726   0.9798726   0.9798726   0.9798726   0.9798726
R 0 1  74  0  3  2    1.0130318   1.0130318   1.0130318   1.0130318   0.9990964   0.9864569   0.9813138   0.9802643   0.9802643   0.9802643   0.9802643   0.9802643
R 0 1  74  0  3  3    1.0053888   1.0053888   1.0053888   1.0053888   1.0031040   0.9873630   0.9818248   0.9816371   0.9816371   0.9816371   0.9816371   0.9816371
R 0 1  74  0  3  4    1.0122401   1.0122401   1.0122401   0.9796475   0.9738401   0.9721012   0.9773355   0.9900781   0.9900781   0.9900781   0.9900781   0.9900781
R 0 1  74  0  3  5    1.0349776   1.0349776   1.0019170   0.9854857   0.9727064   0.9720646   0.9735689   0.9735689   0.9735689   0.9735689   0.9735689   0.9735689
R 0 1  74  0  3  6    1.0049307   1.0049307   1.0049307   1.0084208   0.9887101   0.9846598   0.9823252   0.9924216   0.9924216   0.9924216   0.9924216   0.9924216
R 0 1  74  0  3  7    1.0603833   1.0603833   1.0603833   1.0603833   1.0244204   0.9931302   0.9915682   0.9857044   0.9859163   0.9918129   0.9918129   0.9918129
R 0 1  74  0  3  8    1.0243598   1.0243598   1.0243598   1.0243598   1.0243598   1.0243598   1.0243598   0.9950621   0.9864740   0.9831081   0.9872134   1.0158676
R 0 1  74  0  3  9    1.0371838   1.0371838   1.0371838   1.0371838   1.0371838   1.0371838   0.9953176   0.9761930   0.9762639   0.9861911   0.9976864   0.9976864
R 0 1  74  0  3 10    1.0405328   1.0227490   1.0202400   0.9906290   0.9735370   0.9703193   0.9686847   0.9671745   0.9992849   1.0036633   1.0036633   1.0036633
R 0 1  74  0  4  0    1.3055757   1.3055757   1.3233168   2.0935336   2.3547709   2.2661536   2.2175568   2.2509747   2.2509747   2.2509747   2.2509747   2.2509747
R 0 1  74  0  4  1    2.0712312   2.0712312   2.0712312   2.0712312   2.1322316   2.2289874   2.2281738   2.2186484   2.2186484   2.2186484   2.2186484   2.2186484
R 0 1  74  0  4  2    1.8460771   1.8460771   1.8460771   1.8460771   2.2122113   2.2387573   2.2356870   2.2250439   2.2250439   2.2250439   2.2250439   2.2250439
R 0 1  74  0  4  3    1.9065925   1.9065925   1.9065925   1.9065925   2.3028681   2.2818381   2.2296766   2.2257195   2.2257195   2.2257195   2.2257195   2.2257195
R 0 1  74  0  4  4    1.8074857   1.8074857   1.8074857   1.9940476   2.0401602   2.0573885   2.2071476   2.3633417   2.3633417   2.3633417   2.3633417   2.3633417
R 0 1  74  0  4  5    1.8979083   1.8979083   2.1806330   2.1642554   2.0641459   2.0852097   1.9995693   1.9995693   1.9995693   1.9995693   1.9995693   1.9995693
R 0 1  74  0  4  6    1.9367726   1.9367726   1.9367726   2.2378005   2.3173713   2.3389923   2.3488273   2.3080261   2.3080261   2.3080261   2.3080261   2.3080261
R 0 1  74  0  4  7    1.8618818   1.8618818   1.8618818   1.8618818   2.3415119   2.2781740   2.3977836   2.3524775   2.3673070   2.4024809   2.4024809   2.4024809
R 0 1  74  0  4  8    2.3369060   2.3369060   2.3369060   2.3369060   2.3369060   2.3369060   2.3369060   2.2801192   2.2870876   2.2642591   2.2631141   2.2553897
R 0 1  74  0  4  9    2.2049860   2.2049860   2.2049860   2.2049860   2.2049860   2.2049860   2.0529292   2.0566247   2.1095463   2.2503941   2.0741621   2.0741621
R 0 1  74  0  4 10    2.1033487   2.3202569   2.0979724   1.9121764   1.9550002   1.9383480   1.9845329   1.9123628   2.0923226   2.0065302   2.0065302   2.0065302
R 0 1  74  0  5  0   18.6267096  18.6267096   9.5779407   3.8156564   3.0471169   3.9109232   4.3243002   4.0508687   4.0508687   4.0508687   4.0508687   4.0508687
R 0 1  74  0  5  1    3.4736807   3.4736807   3.4736807   3.4736807   4.3808044   4.0350234   4.1386027   4.2249063   4.2249063   4.2249063   4.2249063   4.2249063
R 0 1  74  0  5  2    4.2805482   4.2805482   4.2805482   4.2805482   3.8768101   4.1793025   4.1004874   4.3863277   4.3863277   4.3863277   4.3863277   4.3863277
R 0 1  74  0  5  3    3.9885683   3.9885683   3.9885683   3.9885683   3.5560708   3.9670972   4.3553040   4.3633887   4.3633887   4.3633887   4.3633887   4.3633887
R 0 1  74  0  5  4    5.0248953   5.0248953   5.0248953   4.9628389   5.7406854   5.1709547   3.9972348   3.1246461   3.1246461   3.1246461   3.1246461   3.1246461
R 0 1  74  0  5  5    3.9154081   3.9154081   4.3493823   4.7385675   5.6493965   4.5871751   4.2328012   4.2328012   4.2328012   4.2328012   4.2328012   4.2328012
R 0 1  74  0  5  6    3.3155135   3.3155135   3.3155135   3.8606703   3.4523742   2.9625549   2.3764419   1.9326977   1.9326977   1.9326977   1.9326977   1.9326977
R 0 1  74  0  5  7    3.6089572   3.6089572   3.6089572   3.6089572   3.3008893   3.3920763   2.6847486   2.8945291   2.6039109   1.9598206   1.9598206   1.9598206
R 0 1  74  0  5  8    3.2923563   3.2923563   3.2923563   3.2923563   3.2923563   3.2923563   3.2923563   4.0141037   4.2955527   4.2271915   3.8104329   4.1131753
R 0 1  74  0  5  9    3.4500315   3.4500315   3.4500315   3.4500315   3.4500315   3.4500315   6.6116640   5.8999676   5.6107421   4.8513013   7.5315237   7.5315237
R 0 1  74  0  5 10    5.3983596   3.5390828   3.6982208   5.4092415   5.4715676   6.9240293   7.7357937   9.7479813   5.8701572   7.7817133   7.7817133   7.7817133
F  0  1  74  0  0  0    0.9870193   1.0182567   0.9956076   1.0117752   0.9789050   1.0097787   0.9923933   0.9868282   0.9916918   0.9832828   0.9794912
F  0  1  74  1  0  0    1.0745161   1.0836924   1.0616037   1.0766284   1.0575065   1.0810220   1.0803462   1.0489393   1.0349263   1.0635405   1.0813788
C  0  1  74  0  0  0  -0.2914005 -0.0803171 -0.2726172 -0.3553317 -0.1679510 -0.1263888 -0.1890609 -0.2668383 -0.1507559 -0.0789133 -0.2033598 -0.1295566 -0.2661435 -0.3219498 -0.2828510 -0.0704107
C  0  1  74  0  0  1   0.0984276 -0.1402176 -0.0947804 -0.0280829 -0.1652521 -0.1758673 -0.1993256 -0.1682824 -0.0247648 -0.1210755 -0.0881753 -0.1036114 -0.1870960 -0.0812840 -0.2447452  0.0538691
C  0  1  74  0  0  2  -0.1394223 -0.1073765 -0.0180953 -0.0907481  0.0556645 -0.1016594 -0.1740098 -0.0977954  0.0010628  0.0045575 -0.1609953 -0.0198587 -0.1386464 -0.0084416 -0.0040800 -0.0632743
C  0  1  74  0  0  3  -0.0193143 -0.1240692 -0.1983772 -0.0452283 -0.0064286 -0.0939388 -0.0851125 -0.0305373  0.0309174 -0.0206143 -0.1727993 -0.0650534 -0.2169720  0.0601505 -0.0609451 -0.0708872
C  0  1  74  0  0  4  -0.0373574 -0.1198163  0.0232640 -0.1021396 -0.0995595 -0.1674091 -0.0119975 -0.0075177 -0.0844776 -0.0080210  0.0345469 -0.0529945 -0.1326832 -0.1533033 -0.0085328 -0.0604794
C  0  1  74  0  0  5   0.0956980  0.0070901 -0.0642431  0.0750079 -0.0322208 -0.0556856 -0.0888968 -0.0483081  0.0465923  0.0247926 -0.0363162  0.0144979 -0.0657099  0.0792857  0.1531458 -0.1642255
C  0  1  74  0  0  6   0.0259545  0.0605104  0.0443344 -0.0448505 -0.0043906  0.0127043 -0.1145256 -0.0698049 -0.0975157  0.0208763 -0.0044803  0.0143698 -0.0577074  0.0003491 -0.0484373  0.0593636
C  0  1  74  0  0  7  -0.0571125  0.0688867 -0.0643820  0.0587734 -0.0168467  0.0804403  0.0359221 -0.0509369  0.0171377 -0.0128495  0.0848413 -0.0886614 -0.0342089 -0.0153250  0.0091419  0.0081577
C  0  1  74  0  0  8  -0.0656186 -0.0550852  0.0612651  0.0901304  0.0233465 -0.0094961 -0.0550228 -0.0314667  0.0109789  0.0420843 -0.0475644  0.0424836 -0.0239072  0.0696746  0.0037102  0.0498533
C  0  1  74  0  0  9  -0.0335633  0.0204005 -0.0343469  0.0104537  0.0016582  0.1385579  0.0067941  0.0065581 -0.0994078 -0.0268226  0.0359536  0.0017044 -0.0135958  0.0346806  0.0649307  0.1052628
C  0  1  74  0  0 10   0.0546440 -0.0388260  0.0717973  0.0138882  0.0015338 -0.0406297 -0.0543302 -0.0615446 -0.0111972 -0.0269479  0.0313076  0.0326772 -0.0424094  0.0613816  0.0167944  0.0447862
C  0  1  74  0  0 11  -0.0113882  0.0358542 -0.0030224  0.0824414  0.0202642  0.0228580 -0.0461308  0.0215582  0.0230813 -0.0085197  0.0229298 -0.0694331  0.0013100 -0.0236951  0.0146894  0.0308192
C  0  1  74  0  0 12   0.1184261  0.0102864  0.0226257  0.0413266  0.0501691 -0.0018338 -0.0050365  0.0358620 -0.0469217  0.0710384  0.0131803 -0.0058543 -0.0369119  0.0180505  0.0360072 -0.0055081
C  0  1  74  0  0 13  -0.0561959  0.0452723  0.0464412 -0.0340228  0.0178233 -0.0687102  0.0233818 -0.0241776 -0.0333498  0.0662711  0.0161986  0.0304495  0.0135114  0.0413967 -0.0451548 -0.0063680
C  0  1  74  0  0 14  -0.0878003 -0.0356822 -0.0090271 -0.0910361  0.0539876 -0.0144409 -0.0096044 -0.0534755 -0.0822063 -0.0370020  0.0007007  0.0048778  0.0379296 -0.0085575 -0.0110963 -0.0334714
C  0  1  74  0  0 15  -0.0499447 -0.0542332 -0.0463644  0.0210606  0.0438640 -0.0416628  0.0225073 -0.0157758  0.0302121  0.0093553 -0.0381643 -0.1160588 -0.0512413 -0.0588397 -0.0734028  0.0594227
C  0  1  74  0  0 16   0.0149110 -0.0264803 -0.0647641 -0.1052789 -0.0556668 -0.0038283 -0.0247997 -0.0850237 -0.1200738  0.0529740  0.0692472 -0.1042172 -0.0463323 -0.0174137 -0.0114422 -0.0224106
C  0  1  74  0  0 17  -0.1659857 -0.0743708 -0.1915215 -0.0969803 -0.1155643  0.0118371 -0.1297827 -0.0457924 -0.0917713 -0.1617859 -0.0340262  0.0231691 -0.1256700 -0.1905876  0.0177550  0.0064342
C  0  1  74  0  0 18  -0.1294371 -0.0359228 -0.0232973 -0.0239792 -0.1741618 -0.0101637 -0.0002168 -0.0036263 -0.0026036  0.0340765 -0.0111856 -0.1314592 -0.0021860  0.1482110 -0.1554772 -0.0364742
C  0  1  74  0  0 19   0.0365570 -0.0098917 -0.2204193 -0.1016695 -0.1218611  0.0516545 -0.1083759 -0.0831277 -0.1288567 -0.1025924 -0.0125053 -0.1403823 -0.0544928 -0.1519303 -0.0845066 -0.1805057
C  0  1  74  0  0 20  -0.1306873 -0.1184251 -0.0139299 -0.0073488 -0.1966552 -0.0742308 -0.2352446 -0.1397257 -0.0620831 -0.1016700 -0.1421709 -0.0688893  0.0404840 -0.1817342 -0.0996902 -0.1115557
C  0  1  74  0  0 21  -0.2328163 -0.1188077 -0.2627007 -0.2447988 -0.3299758 -0.1257605 -0.3371973 -0.0937933 -0.1857588  0.1087576 -0.1986219 -0.2765886 -0.3841429 -0.3756693 -0.1120658 -0.0716772
C  0  1  74  0  1  0   0.0009146  0.0021468 -0.0015464  0.0003858 -0.0035246  0.0024228  0.0020289  0.0009868  0.0002513 -0.0023042 -0.0029030  0.0026210  0.0055909  0.0012744  0.0079078  0.0060250
C  0  1  74  0  1  1   0.0030583 -0.0019405 -0.0026064 -0.0035983 -0.0018440 -0.0031281  0.0041293  0.0013230  0.0041302 -0.0026468 -0.0014175 -0.0007566  0.0035299  0.0029997 -0.0007083  0.0027100
C  0  1  74  0  1  2   0.0021542  0.0000658  0.0005184 -0.0003633 -0.0011387  0.0018501  0.0008892 -0.0000928 -0.0022597  0.0024587 -0.0021553 -0.0004113  0.0023821 -0.0025711 -0.0012575  0.0000387
C  0  1  74  0  1  3   0.0026589 -0.0011931  0.0017106 -0.0021265 -0.0016754  0.0032659  0.0021003 -0.0019985 -0.0028024 -0.0009092 -0.0000634 -0.0026875 -0.0021377 -0.0037387  0.0000730  0.0030115
C  0  1  74  0  1  4   0.0018334  0.0007240  0.0008311  0.0025082  0.0008155 -0.0011562  0.0034364  0.0010242  0.0011740  0.0018702  0.0020089 -0.0039730 -0.0000097 -0.0009697  0.0010496 -0.0029006
C  0  1  74  0  1  5   0.0009426  0.0017340 -0.0028429  0.0012856  0.0013094  0.0009337  0.0006722  0.0002395  0.0003283 -0.0004725  0.0012701 -0.0009909 -0.0008860 -0.0008691  0.0003591 -0.0010527
C  0  1  74  0  1  6   0.0040411  0.0004577 -0.0007465  0.0005055  0.0015114  0.0005007 -0.0001343 -0.0006466  0.0024855 -0.0007353 -0.0002143 -0.0007434 -0.0012828 -0.0042440  0.0020383 -0.0012558
C  0  1  74  0  1  7   0.0016128 -0.0010103 -0.0005132 -0.0005201  0.0005044  0.0003506 -0.0015520  0.0006064  0.0013193 -0.0016782  0.0008186 -0.0011052 -0.0010745  0.0002608 -0.0002988  0.0019932
C  0  1  74  0  1  8   0.0003007  0.0005554 -0.0002937  0.0001169 -0.0005623  0.0008854  0.0009690  0.0000055  0.0024712 -0.0011996 -0.0018203 -0.0006042 -0.0000795  0.0005027  0.0019513  0.0010127
C  0  1  74  0  1  9  -0.0010597  0.0016612  0.0017420 -0.0003001 -0.0005050  0.0000313  0.0012397  0.0003649 -0.0006860 -0.0021675 -0.0030179  0.0004940 -0.0023179 -0.0000741 -0.0011529 -0.0000928
C  0  1  74  0  1 10   0.0016524  0.0012826  0.0008676  0.0014869  0.0014986 -0.0006740 -0.0000676 -0.0000441  0.0006058 -0.0026523  0.0001852 -0.0015938 -0.0021089 -0.0004927 -0.0003181  0.0019776
C  0  1  74  0  1 11  -0.0004994  0.0019089 -0.0015982 -0.0000952  0.0005806  0.0001730  0.0002177 -0.0017076 -0.0031718 -0.0000241  0.0014982 -0.0018076 -0.0008553  0.0010257 -0.0005918 -0.0006394
C  0  1  74  0  1 12   0.0007226  0.0000900 -0.0009793 -0.0015788  0.0014087  0.0001053  0.0008225 -0.0003173  0.0013464 -0.0001121  0.0007558  0.0009932 -0.0005842 -0.0004551 -0.0003827  0.0012544
C  0  1  74  0  1 13   0.0031717 -0.0003612  0.0009582  0.0005574  0.0016897 -0.0004177 -0.0008776  0.0004506  0.0015505 -0.0027117 -0.0022172 -0.0015812 -0.0020785  0.0015896 -0.0004282  0.0004802
C  0  1  74  0  1 14   0.0009648  0.0008945  0.0025213  0.0005898  0.0023368  0.0026022  0.0003073  0.0025285 -0.0004518  0.0007900 -0.0009530 -0.0006011  0.0000596  0.0015058 -0.0006700  0.0020146
C  0  1  74  0  1 15   0.0026906  0.0000868  0.0002880 -0.0005691  0.0009478  0.0037396 -0.0000102 -0.0015698  0.0000895 -0.0002001  0.0002940  0.0014784  0.0006634  0.0009600 -0.0001674  0.0013633
C  0  1  74  0  1 16   0.0023989  0.0027725  0.0012606  0.0003631 -0.0009502  0.0023787  0.0014214  0.0011806  0.0033088 -0.0005926 -0.0002084 -0.0009654 -0.0009490  0.0030641  0.0012485  0.0015900
C  0  1  74  0  1 17   0.0001419 -0.0002352  0.0012397  0.0004007  0.0000270  0.0040755  0.0036802  0.0031483  0.0012689  0.0043574  0.0016778  0.0004993  0.0004228 -0.0013374  0.0045560  0.0038946
C  0  1  74  0  1 18   0.0032306  0.0054429  0.0029644  0.0028941 -0.0014516  0.0008568  0.0026260  0.0002493  0.0000664  0.0013672  0.0024786 -0.0002503 -0.0010944 -0.0000599  0.0060906  0.0034759
C  0  1  74  0  1 19   0.0037123  0.0022158 -0.0007682  0.0002120  0.0017931  0.0016851  0.0032255  0.0027175  0.0033730  0.0022062 -0.0003096  0.0016674  0.0030870  0.0017995  0.0045120  0.0046727
C  0  1  74  0  1 20   0.0069151  0.0036867  0.0043959  0.0022919 -0.0001429  0.0029859  0.0041287  0.0039385  0.0037881  0.0015794 -0.0014647 -0.0006487  0.0014479  0.0037825  0.0054147  0.0079826
C  0  1  74  0  1 21   0.0130042  0.0141518  0.0062552 -0.0025278 -0.0031178 -0.0026100 -0.0105717  0.0002203 -0.0049835 -0.0055826 -0.0010056  0.0049805  0.0007646  0.0057425  0.0124897  0.0055513
C  0  1  74  1  0  0  -0.4714196 -0.3106872 -0.3511445 -0.2934638 -0.1982583 -0.3781061 -0.2960054 -0.2954035 -0.3629547 -0.2834200 -0.3815182 -0.4570689 -0.4315278 -0.3733244 -0.4589238 -0.4338700
C  0  1  74  1  0  1  -0.2902375 -0.3110684 -0.3419551 -0.2531439 -0.3826200 -0.2842368 -0.2820351 -0.2370949 -0.2482479 -0.2402383 -0.3113187 -0.2844259 -0.4169592 -0.3920372 -0.2973925 -0.3131616
C  0  1  74  1  0  2  -0.3082010 -0.2944912 -0.2408924 -0.2901239 -0.2533635 -0.2463278 -0.2462923 -0.2726875 -0.2405944 -0.1769685 -0.2820610 -0.2928280 -0.3219670 -0.3318813 -0.2933813 -0.3475108
C  0  1  74  1  0  3  -0.3157794 -0.3091894 -0.3023912 -0.2816207 -0.2766657 -0.1942801 -0.1939201 -0.1339843 -0.1708464 -0.2786765 -0.1690419 -0.2844813 -0.3249211 -0.3215733 -0.2811612 -0.2708477
C  0  1  74  1  0  4  -0.2675052 -0.2327561 -0.2871380 -0.2359861 -0.2376952 -0.2136628 -0.2708473 -0.2394055 -0.2470425 -0.1577266 -0.1835815 -0.2641142 -0.2694978 -0.2594950 -0.2886727 -0.3166741
C  0  1  74  1  0  5  -0.2076692 -0.1700578 -0.1672708 -0.1636364 -0.1634190 -0.1700954 -0.2223683 -0.1200234 -0.1272598 -0.1212772 -0.1619934 -0.1764139 -0.2468134 -0.1486563 -0.2187618 -0.1819891
C  0  1  74  1  0  6  -0.1229583 -0.1509079 -0.1971180 -0.1477985 -0.1564791 -0.1291652 -0.1361541 -0.1652697 -0.1094204 -0.1079873 -0.0808667 -0.0998218 -0.1252202 -0.1299602 -0.1419881 -0.1788329
C  0  1  74  1  0  7  -0.1766579 -0.1492376 -0.1452198 -0.1288593 -0.1680420 -0.1623183 -0.1902326 -0.1231118 -0.1710109 -0.0887005 -0.0854065 -0.1397692 -0.1594360 -0.1505031 -0.1239526 -0.1150233
C  0  1  74  1  0  8  -0.1716531 -0.0935477 -0.1498393 -0.1434896 -0.1599359 -0.1294218 -0.1529530 -0.1797909 -0.1402337 -0.0909437 -0.1381714 -0.1548829 -0.1361222 -0.1411358 -0.1143205 -0.0752660
C  0  1  74  1  0  9  -0.1588257 -0.1212970 -0.1215425 -0.1702380 -0.1109236 -0.1286741 -0.1200863 -0.1705778 -0.0952021 -0.1352277 -0.0982314 -0.1457748 -0.1262121 -0.0963853 -0.1185846 -0.1499747
C  0  1  74  1  0 10  -0.1472467 -0.1590287 -0.1255438 -0.1397900 -0.1543441 -0.1167951 -0.1224881 -0.1314447 -0.1248969 -0.1429510 -0.1414852 -0.1443745 -0.1371555 -0.1023689 -0.1176627 -0.1236426
C  0  1  74  1  0 11  -0.1450068 -0.1211785 -0.1681813 -0.1380106 -0.1034191 -0.1415208 -0.1319333 -0.1320225 -0.1678440 -0.0630425 -0.1259304 -0.1168450 -0.0842944 -0.1365299 -0.0969249 -0.1044819
C  0  1  74  1  0 12  -0.1208780 -0.1258164 -0.1614737 -0.0949404 -0.1500945 -0.1369498 -0.1124004 -0.1960916 -0.1630129 -0.1106946 -0.1291744 -0.1445201 -0.0922321 -0.1046402 -0.0833589 -0.1071251
C  0  1  74  1  0 13  -0.0869432 -0.1779628 -0.1539003 -0.1511585 -0.1677101 -0.1670092 -0.1552194 -0.1698071 -0.1020760 -0.1264352 -0.1706385 -0.1315815 -0.1584403 -0.1534856 -0.1571608 -0.1180367
C  0  1  74  1  0 14  -0.1175439 -0.1514501 -0.1283336 -0.1278352 -0.1855697 -0.1368839 -0.1672338 -0.2269049 -0.1317853 -0.1427325 -0.1688034 -0.1140660 -0.1108299 -0.0877418 -0.1490044 -0.1934231
C  0  1  74  1  0 15  -0.1028006 -0.1730853 -0.1670391 -0.1488078 -0.1682888 -0.1189454 -0.1854163 -0.1306153 -0.1627629 -0.1499492 -0.1240784 -0.1915116 -0.1667426 -0.1289604 -0.0956683 -0.1694079
C  0  1  74  1  0 16  -0.1775911 -0.1658166 -0.1631234 -0.1749476 -0.2007938 -0.1642834 -0.1875326 -0.2572196 -0.1936314 -0.1992838 -0.1260113 -0.1666860 -0.1907850 -0.1344256 -0.1001963 -0.1142725
C  0  1  74  1  0 17  -0.2296664 -0.2772609 -0.2165842 -0.2884691 -0.2283970 -0.2369751 -0.2894908 -0.2363762 -0.2713013 -0.2756820 -0.2018700 -0.1892192 -0.1806415 -0.2931150 -0.2190170 -0.2568046
C  0  1  74  1  0 18  -0.2907067 -0.2868116 -0.2125880 -0.2689311 -0.2276525 -0.2763142 -0.2953344 -0.2541389 -0.2522689 -0.2180984 -0.2655788 -0.2136123 -0.2391149 -0.2115805 -0.1693165 -0.1919470
C  0  1  74  1  0 19  -0.2624645 -0.2311037 -0.2564200 -0.2934711 -0.2940021 -0.2560959 -0.2647731 -0.1978591 -0.2456933 -0.2606906 -0.2226261 -0.2704564 -0.1918272 -0.2558415 -0.2544846 -0.2373442
C  0  1  74  1  0 20  -0.2593207 -0.2403813 -0.3728520 -0.3132858 -0.2521104 -0.2690189 -0.2373460 -0.3266925 -0.3049110 -0.3348673 -0.2764415 -0.3045478 -0.3025905 -0.3219406 -0.2397254 -0.2425031
C  0  1  74  1  0 21  -0.3712990 -0.3689591 -0.2773250 -0.3927548 -0.2952682 -0.3743485 -0.3693773 -0.3031647 -0.4087593 -0.3660749 -0.3756027 -0.4013803 -0.2597999 -0.2820678 -0.3063251 -0.3526383
C  0  1  74  1  1  0   0.0458778  0.0493804  0.0390531  0.0250761  0.0007003 -0.0198046 -0.0323434 -0.0394259 -0.0449449 -0.0338100 -0.0337085 -0.0147180  0.0040504  0.0057363  0.0248405  0.0387626
C  0  1  74  1  1  1   0.0272092  0.0230751  0.0175222  0.0109298  0.0035324 -0.0078771 -0.0151916 -0.0174196 -0.0163455 -0.0151650 -0.0153406 -0.0068826  0.0034438  0.0094236  0.0125809  0.0234751
C  0  1  74  1  1  2   0.0125798  0.0147057  0.0089374  0.0063831  0.0029969 -0.0017889 -0.0072419 -0.0073354 -0.0083074 -0.0040045 -0.0050839 -0.0016984  0.0013341  0.0046212  0.0058274  0.0116008
C  0  1  74  1  1  3   0.0086007  0.0073774  0.0026766  0.0041537  0.0015737  0.0010494 -0.0036953 -0.0015856  0.0008224 -0.0001529 -0.0018752  0.0000337  0.0011308  0.0029295  0.0035068  0.0074785
C  0  1  74  1  1  4   0.0029813  0.0036564  0.0006182  0.0015756  0.0045807  0.0035572  0.0005674  0.0033072  0.0054582  0.0040585 -0.0000725  0.0002061  0.0043672  0.0029824  0.0052103  0.0035101
C  0  1  74  1  1  5   0.0015703  0.0006924  0.0008854  0.0038688  0.0041736  0.0047238  0.0039529  0.0039898  0.0058986  0.0040723 -0.0002706  0.0001525  0.0023876  0.0048009  0.0022119  0.0000005
C  0  1  74  1  1  6   0.0012702  0.0023586  0.0016999  0.0047755  0.0055751  0.0050619  0.0050543  0.0051112  0.0049048  0.0022750  0.0007324  0.0012832  0.0009548  0.0016126  0.0013555 -0.0001112
C  0  1  74  1  1  7  -0.0003440  0.0032125  0.0034271  0.0049233  0.0047868  0.0043059  0.0055010  0.0049292  0.0036230  0.0016667  0.0000075  0.0009623  0.0027562  0.0015930  0.0013145 -0.0003954
C  0  1  74  1  1  8   0.0001800  0.0016934  0.0035689  0.0029371  0.0054156  0.0044165  0.0050805  0.0058145  0.0055851  0.0019261  0.0012617  0.0004877  0.0027124  0.0020517  0.0024452 -0.0004224
C  0  1  74  1  1  9   0.0015744  0.0028371  0.0022822  0.0036710  0.0029965  0.0029087  0.0047210  0.0043549  0.0030968  0.0009072  0.0018738  0.0010704  0.0027640  0.0008012  0.0009483 -0.0008719
C  0  1  74  1  1 10   0.0018355  0.0031487  0.0026603  0.0026919  0.0029040  0.0035187  0.0035207  0.0037978  0.0047085  0.0005299 -0.0000584  0.0004667 -0.0002558  0.0013022  0.0024107 -0.0005857
C  0  1  74  1  1 11   0.0001504  0.0028294  0.0020351  0.0024495  0.0029174  0.0005788  0.0024780  0.0026100  0.0027959  0.0022652 -0.0017103  0.0008840  0.0003690  0.0002796  0.0012989 -0.0010268
C  0  1  74  1  1 12   0.0007011  0.0022572  0.0029804  0.0047264  0.0032274  0.0014933  0.0008800  0.0037336  0.0056458  0.0018153  0.0018803  0.0015428  0.0018665 -0.0002594  0.0015316 -0.0005549
C  0  1  74  1  1 13   0.0006456  0.0024225  0.0036084  0.0041728  0.0041510  0.0037046  0.0047589  0.0064745  0.0054886  0.0019707  0.0024976  0.0008462 -0.0003217 -0.0016969  0.0004776 -0.0013759
C  0  1  74  1  1 14   0.0002347  0.0010195  0.0031417  0.0044103  0.0051940  0.0026133  0.0044876  0.0071448  0.0062128  0.0021791  0.0022598 -0.0000533 -0.0007402  0.0002258 -0.0008168 -0.0015870
C  0  1  74  1  1 15  -0.0012100  0.0018196  0.0033119  0.0040195  0.0031446  0.0001377  0.0030498  0.0039554  0.0065534  0.0038408  0.0025135  0.0003185 -0.0020926 -0.0042639 -0.0056499 -0.0038595
C  0  1  74  1  1 16  -0.0014698  0.0016412  0.0044533  0.0056673  0.0040420  0.0016156  0.0035368  0.0050077  0.0048887  0.0075500  0.0040453  0.0034938 -0.0004676 -0.0012255 -0.0041233 -0.0042897
C  0  1  74  1  1 17  -0.0036317  0.0026360  0.0024643  0.0071053  0.0022943 -0.0007437  0.0013392  0.0039740  0.0059646  0.0055009  0.0047000  0.0031215  0.0000238 -0.0025435 -0.0032685 -0.0035350
C  0  1  74  1  1 18   0.0003761  0.0085266  0.0058096  0.0077278  0.0042900  0.0007918 -0.0013033  0.0002166  0.0022550  0.0049350  0.0019124  0.0018713 -0.0006055 -0.0021536 -0.0050856 -0.0041336
C  0  1  74  1  1 19   0.0020082  0.0093583  0.0122927  0.0106089  0.0064229  0.0023198 -0.0007584  0.0005416  0.0036268  0.0064144  0.0028958  0.0012428 -0.0028302 -0.0036016 -0.0044849 -0.0007216
C  0  1  74  1  1 20   0.0013655  0.0159806  0.0174161  0.0147687  0.0067577  0.0032725  0.0002793 -0.0003902  0.0020071  0.0059345  0.0020425 -0.0028487 -0.0067905 -0.0071026 -0.0057798 -0.0041325
C  0  1  74  1  1 21   0.0083340  0.0216487  0.0315737  0.0225700  0.0155008  0.0170012  0.0100552  0.0119438  0.0115043  0.0140518  0.0014942 -0.0026189 -0.0123768 -0.0161270 -0.0067938  0.0001810
