CPHI 16 
CETA 22 -2.40 -2.10 -1.85 -1.60 -1.40 -1.20 -1.00 -0.80 -0.60 -0.40 -0.20  0.00  0.20  0.40  0.60  0.80  1.00  1.20  1.40  1.60  1.85  2.10  2.40 
RMIN  6 
RTRK 12 
RETA 11  0.00  0.20  0.40  0.60  0.80  1.00  1.20  1.40  1.60  1.85  2.10  2.40 
T 0 1  75  0  0  0    0.0000000   0.0006468   0.0016436   0.0031259   0.0121179   0.0691410   0.2777312   0.6531020   1.0000000   1.0000000   1.0000000   1.0000000   1.0000000
T 0 1  75  0  0  1    0.0000000   0.0001506   0.0005628   0.0024145   0.0122199   0.0589737   0.2259603   0.5893991   1.0000000   1.0000000   1.0000000   1.0000000   1.0000000
T 0 1  75  0  0  2    0.0000000   0.0001201   0.0005251   0.0017692   0.0107138   0.0554606   0.2095692   0.5739745   1.0000000   1.0000000   1.0000000   1.0000000   1.0000000
T 0 1  75  0  0  3    0.0000000   0.0001875   0.0005581   0.0017184   0.0115309   0.0626310   0.2255475   0.5862403   1.0000000   1.0000000   1.0000000   1.0000000   1.0000000
T 0 1  75  0  0  4    0.0000000   0.0003981   0.0025082   0.0142167   0.0632616   0.2043937   0.4886428   0.8210650   1.0000000   1.0000000   1.0000000   1.0000000   1.0000000
T 0 1  75  0  0  5    0.0000000   0.0009051   0.0073266   0.0513141   0.2048885   0.5325455   0.8759423   0.9993628   1.0000000   1.0000000   1.0000000   1.0000000   1.0000000
T 0 1  75  0  0  6    0.0000000   0.0002924   0.0011621   0.0103297   0.0671065   0.2770404   0.6634220   0.9306263   0.9981320   0.9999988   1.0000000   1.0000000   1.0000000
T 0 1  75  0  0  7    0.0000000   0.0000708   0.0004043   0.0009262   0.0047304   0.0307700   0.1188165   0.2979891   0.5822775   0.8693812   0.9843649   0.9998787   1.0000000
T 0 1  75  0  0  8    0.0000000   0.0000030   0.0000372   0.0001039   0.0003580   0.0009478   0.0041290   0.0249530   0.1187029   0.3935296   0.7887306   0.9694643   1.0000000
T 0 1  75  0  0  9    0.0000000   0.0000085   0.0000113   0.0000414   0.0004910   0.0034312   0.0183291   0.0859057   0.3022214   0.6582655   0.9384163   0.9999357   1.0000000
T 0 1  75  0  0 10    0.0000000   0.0066921   0.0291995   0.0464557   0.0793534   0.1683432   0.3378632   0.6893887   0.9105806   0.9702800   0.9998404   1.0000000   1.0000000
T 0 1  75  1  0  0    0.0000000   0.0005148   0.0016399   0.0047460   0.0213440   0.1017716   0.3374237   0.6994022   1.0000000   1.0000000   1.0000000   1.0000000   1.0000000
T 0 1  75  1  0  1    0.0000000   0.0002633   0.0010891   0.0042307   0.0181163   0.0752157   0.2537985   0.6193956   1.0000000   1.0000000   1.0000000   1.0000000   1.0000000
T 0 1  75  1  0  2    0.0000000   0.0002194   0.0008486   0.0027728   0.0124455   0.0616642   0.2339277   0.6064318   1.0000000   1.0000000   1.0000000   1.0000000   1.0000000
T 0 1  75  1  0  3    0.0000000   0.0002283   0.0008669   0.0027852   0.0140251   0.0700545   0.2491207   0.6198491   1.0000000   1.0000000   1.0000000   1.0000000   1.0000000
T 0 1  75  1  0  4    0.0000000   0.0004356   0.0027620   0.0153929   0.0663357   0.2155446   0.5058694   0.8320271   1.0000000   1.0000000   1.0000000   1.0000000   1.0000000
T 0 1  75  1  0  5    0.0000000   0.0011873   0.0094478   0.0577925   0.2246261   0.5586818   0.8900123   0.9996500   1.0000000   1.0000000   1.0000000   1.0000000   1.0000000
T 0 1  75  1  0  6    0.0000000   0.0004626   0.0026649   0.0180020   0.0942133   0.3329130   0.7236541   0.9536823   0.9988141   0.9999984   1.0000000   1.0000000   1.0000000
T 0 1  75  1  0  7    0.0000000   0.0002246   0.0006446   0.0024765   0.0123245   0.0526267   0.1570011   0.3413836   0.6074237   0.8728054   0.9849908   0.9998878   1.0000000
T 0 1  75  1  0  8    0.0000000   0.0009562   0.0014955   0.0017998   0.0022382   0.0036136   0.0107994   0.0452511   0.1686405   0.4573475   0.8251665   0.9710661   1.0000000
T 0 1  75  1  0  9    0.0000000   0.0021003   0.0074838   0.0131257   0.0159362   0.0198461   0.0401951   0.1288935   0.3661962   0.7154288   0.9583841   0.9999941   1.0000000
T 0 1  75  1  0 10    0.0000000   0.0032254   0.0170235   0.0428863   0.0843736   0.1746921   0.3942474   0.7474223   0.9511020   0.9856143   0.9999985   1.0000000   1.0000000
R 0 1  75  0  0  0    0.0228890   0.0228890   0.0105462   0.0108217   0.0103131   0.0101614   0.0100013   0.0098151   0.0098151   0.0098151   0.0098151   0.0098151
R 0 1  75  0  0  1    0.0121189   0.0121189   0.0121189   0.0121189   0.0110469   0.0108605   0.0109861   0.0108665   0.0108665   0.0108665   0.0108665   0.0108665
R 0 1  75  0  0  2    0.0126906   0.0126906   0.0126906   0.0126906   0.0120280   0.0120127   0.0118172   0.0116697   0.0116697   0.0116697   0.0116697   0.0116697
R 0 1  75  0  0  3    0.0138057   0.0138057   0.0138057   0.0138057   0.0126183   0.0125862   0.0123833   0.0122464   0.0122464   0.0122464   0.0122464   0.0122464
R 0 1  75  0  0  4    0.0190906   0.0190906   0.0190906   0.0172939   0.0169054   0.0158950   0.0145026   0.0130489   0.0130489   0.0130489   0.0130489   0.0130489
R 0 1  75  0  0  5    0.0214106   0.0214106   0.0194543   0.0191857   0.0187905   0.0180775   0.0169307   0.0169307   0.0169307   0.0169307   0.0169307   0.0169307
R 0 1  75  0  0  6    0.0199218   0.0199218   0.0199218   0.0205789   0.0208485   0.0207141   0.0207553   0.0205597   0.0205597   0.0205597   0.0205597   0.0205597
R 0 1  75  0  0  7    0.0214843   0.0214843   0.0214843   0.0214843   0.0207818   0.0211368   0.0211328   0.0209815   0.0204968   0.0198009   0.0198009   0.0198009
R 0 1  75  0  0  8    0.0210433   0.0210433   0.0210433   0.0210433   0.0210433   0.0210433   0.0210433   0.0209614   0.0210561   0.0209528   0.0201982   0.0187869
R 0 1  75  0  0  9    0.0309285   0.0309285   0.0309285   0.0309285   0.0309285   0.0309285   0.0298516   0.0288661   0.0274682   0.0264228   0.0248428   0.0248428
R 0 1  75  0  0 10    0.0759904   0.0717712   0.0598042   0.0539320   0.0472444   0.0438663   0.0409636   0.0356004   0.0335519   0.0306245   0.0306245   0.0306245
R 0 1  75  0  1  0    0.0000000   0.0000000   0.0000000   0.0001010   0.0000832   0.0000813   0.0000711   0.0000643   0.0000643   0.0000643   0.0000643   0.0000643
R 0 1  75  0  1  1    0.0000794   0.0000794   0.0000794   0.0000794   0.0000606   0.0000709   0.0000636   0.0000588   0.0000588   0.0000588   0.0000588   0.0000588
R 0 1  75  0  1  2    0.0000669   0.0000669   0.0000669   0.0000669   0.0000537   0.0000642   0.0000603   0.0000522   0.0000522   0.0000522   0.0000522   0.0000522
R 0 1  75  0  1  3    0.0001092   0.0001092   0.0001092   0.0001092   0.0000666   0.0000589   0.0000552   0.0000497   0.0000497   0.0000497   0.0000497   0.0000497
R 0 1  75  0  1  4    0.0001040   0.0001040   0.0001040   0.0000901   0.0000916   0.0000746   0.0000563   0.0000428   0.0000428   0.0000428   0.0000428   0.0000428
R 0 1  75  0  1  5    0.0002089   0.0002089   0.0000635   0.0000774   0.0000669   0.0000598   0.0000467   0.0000467   0.0000467   0.0000467   0.0000467   0.0000467
R 0 1  75  0  1  6    0.0000481   0.0000481   0.0000481   0.0000466   0.0000624   0.0000583   0.0000523   0.0000255   0.0000255   0.0000255   0.0000255   0.0000255
R 0 1  75  0  1  7    0.0000939   0.0000939   0.0000939   0.0000939   0.0000669   0.0000873   0.0000655   0.0000735   0.0000666   0.0000657   0.0000657   0.0000657
R 0 1  75  0  1  8    0.0000945   0.0000945   0.0000945   0.0000945   0.0000945   0.0000945   0.0000945   0.0001214   0.0001029   0.0000956   0.0000878   0.0000793
R 0 1  75  0  1  9    0.0002626   0.0002626   0.0002626   0.0002626   0.0002626   0.0002626   0.0002192   0.0001950   0.0001804   0.0001557   0.0001434   0.0001434
R 0 1  75  0  1 10    0.0013341   0.0011920   0.0007650   0.0007516   0.0005811   0.0004625   0.0004045   0.0002590   0.0001959   0.0001918   0.0001918   0.0001918
R 0 1  75  0  2  0    0.0000000   0.0000000   0.0000000   0.0000000   0.0000000   0.0000237   0.0000172   0.0000059   0.0000059   0.0000059   0.0000059   0.0000059
R 0 1  75  0  2  1    0.0000000   0.0000000   0.0000000   0.0000000   0.0000000   0.0000274   0.0000078   0.0000058   0.0000058   0.0000058   0.0000058   0.0000058
R 0 1  75  0  2  2    0.0000000   0.0000000   0.0000000   0.0000000   0.0000631   0.0000000   0.0000168   0.0000169   0.0000169   0.0000169   0.0000169   0.0000169
R 0 1  75  0  2  3    0.0000000   0.0000000   0.0000000   0.0000000   0.0000431   0.0000000   0.0000000   0.0000080   0.0000080   0.0000080   0.0000080   0.0000080
R 0 1  75  0  2  4    0.0000000   0.0000000   0.0000000   0.0000000   0.0000000   0.0000000   0.0000000   0.0000145   0.0000145   0.0000145   0.0000145   0.0000145
R 0 1  75  0  2  5    0.0000000   0.0000000   0.0000000   0.0000000   0.0000164   0.0000137   0.0000222   0.0000222   0.0000222   0.0000222   0.0000222   0.0000222
R 0 1  75  0  2  6    0.0000000   0.0000000   0.0000000   0.0000000   0.0000000   0.0000000   0.0000000   0.0000000   0.0000000   0.0000000   0.0000000   0.0000000
R 0 1  75  0  2  7    0.0000000   0.0000000   0.0000000   0.0000000   0.0000000   0.0000000   0.0000000   0.0000103   0.0000131   0.0000000   0.0000000   0.0000000
R 0 1  75  0  2  8    0.0000000   0.0000000   0.0000000   0.0000000   0.0000000   0.0000000   0.0000000   0.0000000   0.0000000   0.0000112   0.0000000   0.0000000
R 0 1  75  0  2  9    0.0001360   0.0001360   0.0001360   0.0001360   0.0001360   0.0001360   0.0000000   0.0000000   0.0000000   0.0000148   0.0000000   0.0000000
R 0 1  75  0  2 10    0.0000000   0.0000000   0.0000000   0.0000000   0.0000000   0.0000000   0.0000839   0.0000000   0.0000000   0.0000000   0.0000000   0.0000000
R 0 1  75  0  3  0    1.1110128   1.1110128   1.1047168   1.0226756   0.9948848   0.9858259   0.9812715   0.9829547   0.9829547   0.9829547   0.9829547   0.9829547
R 0 1  75  0  3  1    1.0153233   1.0153233   1.0153233   1.0153233   0.9919001   0.9839327   0.9788309   0.9803613   0.9803613   0.9803613   0.9803613   0.9803613
R 0 1  75  0  3  2    1.0088494   1.0088494   1.0088494   1.0088494   0.9959883   0.9823875   0.9802634   0.9810970   0.9810970   0.9810970   0.9810970   0.9810970
R 0 1  75  0  3  3    0.9910643   0.9910643   0.9910643   0.9910643   1.0059706   0.9895937   0.9826137   0.9816614   0.9816614   0.9816614   0.9816614   0.9816614
R 0 1  75  0  3  4    1.0392205   1.0392205   1.0392205   0.9828599   0.9727352   0.9754610   0.9788357   0.9884727   0.9884727   0.9884727   0.9884727   0.9884727
R 0 1  75  0  3  5    0.9885591   0.9885591   0.9961067   0.9816997   0.9747860   0.9730914   0.9747390   0.9747390   0.9747390   0.9747390   0.9747390   0.9747390
R 0 1  75  0  3  6    1.0626046   1.0626046   1.0626046   1.0042474   0.9911044   0.9514769   0.9838093   0.9868588   0.9868588   0.9868588   0.9868588   0.9868588
R 0 1  75  0  3  7    1.0577416   1.0577416   1.0577416   1.0577416   1.0240581   0.9961919   0.9918798   0.9852888   0.9884200   0.9860512   0.9860512   0.9860512
R 0 1  75  0  3  8    1.0251717   1.0251717   1.0251717   1.0251717   1.0251717   1.0251717   1.0251717   0.9985086   0.9836178   0.9835947   0.9860323   1.0161728
R 0 1  75  0  3  9    1.0130125   1.0130125   1.0130125   1.0130125   1.0130125   1.0130125   0.9832197   0.9788231   0.9746473   0.9846794   1.0097819   1.0097819
R 0 1  75  0  3 10    1.0621020   1.0323986   1.0411585   0.9890310   0.9712567   0.9713539   0.9651355   0.9689174   0.9974810   1.0156491   1.0156491   1.0156491
R 0 1  75  0  4  0    1.3923576   1.3923576   1.3932495   2.1420484   2.1886233   2.3140170   2.2594249   2.2619211   2.2619211   2.2619211   2.2619211   2.2619211
R 0 1  75  0  4  1    1.9435062   1.9435062   1.9435062   1.9435062   2.1367065   2.2303830   2.1935355   2.2275553   2.2275553   2.2275553   2.2275553   2.2275553
R 0 1  75  0  4  2    1.9587281   1.9587281   1.9587281   1.9587281   2.1818479   2.2178454   2.2192815   2.2297208   2.2297208   2.2297208   2.2297208   2.2297208
R 0 1  75  0  4  3    1.7155040   1.7155040   1.7155040   1.7155040   2.3638072   2.2848409   2.2483139   2.2385851   2.2385851   2.2385851   2.2385851   2.2385851
R 0 1  75  0  4  4    2.0598550   2.0598550   2.0598550   1.9625718   2.0425808   2.1138520   2.1833503   2.3446331   2.3446331   2.3446331   2.3446331   2.3446331
R 0 1  75  0  4  5    1.7104271   1.7104271   2.0881644   2.1637140   2.0989311   2.0903171   2.0464052   2.0464052   2.0464052   2.0464052   2.0464052   2.0464052
R 0 1  75  0  4  6    2.0368692   2.0368692   2.0368692   2.2602574   2.4041664   2.0044583   2.3367327   2.2743208   2.2743208   2.2743208   2.2743208   2.2743208
R 0 1  75  0  4  7    1.8076207   1.8076207   1.8076207   1.8076207   2.2459026   2.3127487   2.3595824   2.3423138   2.3924918   2.3471702   2.3471702   2.3471702
R 0 1  75  0  4  8    2.3066639   2.3066639   2.3066639   2.3066639   2.3066639   2.3066639   2.3066639   2.2477633   2.2378135   2.2715670   2.1059909   2.1986725
R 0 1  75  0  4  9    1.9762786   1.9762786   1.9762786   1.9762786   1.9762786   1.9762786   1.9532723   2.0966858   2.0674125   2.1909826   2.1826967   2.1826967
R 0 1  75  0  4 10    1.9935495   2.1553737   2.0544747   1.8927585   1.9287328   1.9730680   1.9216103   1.9382151   2.0321625   2.0292613   2.0292613   2.0292613
R 0 1  75  0  5  0   12.0309710  12.0309710   5.6528053   3.0405033   4.0576205   3.6960537   4.0368302   4.0451974   4.0451974   4.0451974   4.0451974   4.0451974
R 0 1  75  0  5  1    4.2588380   4.2588380   4.2588380   4.2588380   4.3075473   4.0161033   4.4281759   4.1727328   4.1727328   4.1727328   4.1727328   4.1727328
R 0 1  75  0  5  2    3.7248848   3.7248848   3.7248848   3.7248848   4.4002536   4.2328654   4.2241107   4.3740482   4.3740482   4.3740482   4.3740482   4.3740482
R 0 1  75  0  5  3    6.0226833   6.0226833   6.0226833   6.0226833   3.4273011   3.9447465   4.2247898   4.1797983   4.1797983   4.1797983   4.1797983   4.1797983
R 0 1  75  0  5  4    3.9936794   3.9936794   3.9936794   5.5135030   5.2574330   4.8095097   4.0909598   3.1997095   3.1997095   3.1997095   3.1997095   3.1997095
R 0 1  75  0  5  5    5.3671938   5.3671938   4.9885850   4.6583536   5.4240014   4.7004083   3.7878156   3.7878156   3.7878156   3.7878156   3.7878156   3.7878156
R 0 1  75  0  5  6    3.0667597   3.0667597   3.0667597   3.7490357   3.1474744   4.9717139   2.4151017   1.9952132   1.9952132   1.9952132   1.9952132   1.9952132
R 0 1  75  0  5  7    4.3596920   4.3596920   4.3596920   4.3596920   3.6011699   3.3026510   2.8455283   2.8296976   2.5662024   2.0744097   2.0744097   2.0744097
R 0 1  75  0  5  8    3.1154803   3.1154803   3.1154803   3.1154803   3.1154803   3.1154803   3.1154803   4.7164461   4.5378939   4.1401624   5.3678102   5.2424240
R 0 1  75  0  5  9    5.9291634   5.9291634   5.9291634   5.9291634   5.9291634   5.9291634   8.2908901   5.6908889   6.2446035   5.5459601   5.6180416   5.6180416
R 0 1  75  0  5 10    6.1288282   4.4888029   3.8807551   5.8220963   5.7615719   6.4780779   8.7008421   8.9828574   6.9311121   7.2078255   7.2078255   7.2078255
F  0  1  75  0  0  0    1.0270335   1.0013931   1.0067802   1.0230256   0.9667662   0.9972211   0.9854012   0.9915539   0.9858021   0.9867732   0.9840992
F  0  1  75  1  0  0    1.0666964   1.0649404   1.0700433   1.0681040   1.0450903   1.0786126   1.0834167   1.0658238   1.0381809   1.0645812   1.0882824
C  0  1  75  0  0  0  -0.3005943 -0.1306343 -0.1510774 -0.5161640 -0.2393461 -0.1451049 -0.1638667 -0.1725769 -0.2914040 -0.1736943 -0.3204299 -0.1609170 -0.2631686 -0.3058744 -0.3579771 -0.1573613
C  0  1  75  0  0  1  -0.1642323 -0.1882797 -0.0706873 -0.0510687 -0.1940155 -0.0841665 -0.3257504 -0.1786714 -0.1521394 -0.2362951 -0.1064553 -0.0791553 -0.1436441 -0.1558699 -0.3564960 -0.0307963
C  0  1  75  0  0  2  -0.0859606 -0.1322907 -0.1616331 -0.1199284  0.0287746  0.0050471 -0.0538888 -0.1068039  0.0172452 -0.0617370 -0.0773296 -0.0595360 -0.1323530 -0.0760067 -0.0171523  0.0593713
C  0  1  75  0  0  3  -0.1171090 -0.0505620 -0.0375822 -0.0803242  0.1921784 -0.0682081 -0.0352565 -0.1258276 -0.0507206 -0.0310884 -0.1783320 -0.0564294 -0.1902003 -0.0869736 -0.0132532 -0.0105557
C  0  1  75  0  0  4  -0.0398882 -0.0024850 -0.1144220 -0.1648591 -0.0842929 -0.1091496 -0.0225434 -0.0722454 -0.0368428 -0.0644866 -0.0207848 -0.0586183 -0.1287248 -0.1239615 -0.0511219 -0.0369097
C  0  1  75  0  0  5  -0.0554106  0.0109814 -0.1065824  0.0808880 -0.0747535  0.0098724  0.0340194 -0.0258350  0.0709192 -0.0034829  0.0125300 -0.0791309 -0.0137493 -0.0141131  0.0812186 -0.0178686
C  0  1  75  0  0  6  -0.0394063  0.0337471  0.0697399  0.0618892 -0.0291453  0.0771577 -0.0329670 -0.1423959 -0.0009186 -0.0946256 -0.0016218  0.0461631 -0.0511013  0.0384222 -0.0369796  0.1277441
C  0  1  75  0  0  7  -0.0209204 -0.0491552  0.0447421  0.0473521  0.0134685 -0.0290418 -0.0313513 -0.0687931 -0.0441256 -0.0257801  0.0046228  0.0034673  0.0037543 -0.0179604 -0.0207318  0.0266862
C  0  1  75  0  0  8   0.0174279  0.0072403  0.0722116  0.0247303  0.0303638  0.1111527  0.0165004 -0.0395048 -0.0241748  0.0577526 -0.0702118  0.0311401 -0.0394120  0.0564270 -0.0361655  0.0125616
C  0  1  75  0  0  9  -0.0038924  0.0081665 -0.0535636 -0.0016140 -0.0670543  0.0961617  0.0244944  0.0310640 -0.0643278  0.0563703  0.0112893  0.0889511 -0.0198813  0.0590279 -0.0261273 -0.0009917
C  0  1  75  0  0 10   0.0581753  0.0480371  0.0579024  0.1082157  0.0415432 -0.0094669 -0.0189996 -0.0511580  0.0419295 -0.0683227 -0.0200652  0.0084504 -0.0550259  0.0572981 -0.0402264  0.0549310
C  0  1  75  0  0 11  -0.0332044  0.0335856 -0.0236177  0.1651862  0.0344103  0.0081848  0.0210388  0.0763917 -0.0268445 -0.0118223  0.0466478 -0.0261555  0.0461240 -0.0064401 -0.0128222 -0.0045204
C  0  1  75  0  0 12   0.1208195  0.0240914 -0.0082624  0.0042725  0.0244522 -0.0347576 -0.0513959 -0.0273840 -0.0126207  0.0068923 -0.0417277  0.0224521 -0.0511483  0.0438641  0.0371788  0.0374911
C  0  1  75  0  0 13  -0.0523733  0.0311637 -0.0003368  0.0126134  0.0194015  0.0048349  0.0343334 -0.0373533  0.0055003  0.0869699 -0.0056635  0.0714267 -0.0179015  0.0476160  0.0096802  0.0170815
C  0  1  75  0  0 14  -0.1170002  0.0036908 -0.0041339  0.0097819 -0.0649914 -0.0381681 -0.0383626 -0.0037624 -0.0189036 -0.0645785  0.0687254 -0.0904071 -0.0195158  0.0726792  0.0224551 -0.0189354
C  0  1  75  0  0 15  -0.0841281 -0.1455281  0.0991177  0.0717292  0.0814766 -0.0947774 -0.0208396  0.0247656 -0.0074857 -0.0454036 -0.0215111 -0.1142365 -0.0442054 -0.0157173 -0.0829550 -0.0548938
C  0  1  75  0  0 16   0.0526555  0.0474524  0.0550394  0.0926329 -0.0398466 -0.1047101 -0.0151803 -0.0643619 -0.1176417  0.0554725  0.0229874 -0.1113765 -0.0858590 -0.0281200 -0.1064404  0.0716675
C  0  1  75  0  0 17  -0.1010654 -0.0610107 -0.0980520 -0.1292018 -0.0698217 -0.0106277 -0.1134304 -0.0089870 -0.0078441 -0.1480949 -0.0204916  0.0519645 -0.0328787 -0.0939091 -0.1079437 -0.0122263
C  0  1  75  0  0 18  -0.0653211  0.0058772 -0.0411336  0.0314078 -0.1018085  0.0195215 -0.1557717  0.0178541 -0.0535269 -0.0094896  0.0203958 -0.1442360  0.0276792 -0.0539426 -0.0816777 -0.0675658
C  0  1  75  0  0 19   0.0779994 -0.0667420 -0.2164809 -0.0661324 -0.1739705 -0.0958280 -0.1522024 -0.0185707 -0.0832500 -0.0664327 -0.0471430 -0.1872125 -0.1207243 -0.0832088 -0.0466549 -0.0737782
C  0  1  75  0  0 20  -0.2014602 -0.0504352 -0.0585196 -0.1446793 -0.1989519 -0.1900004 -0.2147663 -0.1111567 -0.2125548 -0.2434565 -0.2137814 -0.1068284 -0.0824987 -0.2923544 -0.1165263 -0.2654883
C  0  1  75  0  0 21  -0.1302423 -0.1948588 -0.2997100 -0.1448519 -0.3607928 -0.2225297 -0.3103538  0.0911992 -0.1493500 -0.1396623 -0.2047287 -0.3653206 -0.3856416 -0.4110498 -0.2626861 -0.2764382
C  0  1  75  0  1  0  -0.0022613  0.0034316 -0.0009829 -0.0044250  0.0001300  0.0044029  0.0041875 -0.0004316  0.0035242  0.0013346 -0.0022391  0.0045432  0.0021164  0.0021384  0.0054536  0.0062593
C  0  1  75  0  1  1   0.0015445  0.0010901 -0.0007803 -0.0040485 -0.0016194 -0.0008279  0.0050798  0.0015963  0.0026458 -0.0002251  0.0009104 -0.0023818  0.0021860  0.0025120  0.0029502  0.0021886
C  0  1  75  0  1  2   0.0032108 -0.0011360 -0.0004203  0.0012605 -0.0018139  0.0011134 -0.0014282  0.0009409 -0.0026538  0.0012217 -0.0006695 -0.0035358  0.0020119 -0.0003846 -0.0014375  0.0003529
C  0  1  75  0  1  3   0.0032045  0.0012569  0.0018782 -0.0003176  0.0004932  0.0024554  0.0034642  0.0003347 -0.0018545  0.0006004  0.0002003 -0.0033586 -0.0008621 -0.0031355  0.0007135  0.0041355
C  0  1  75  0  1  4   0.0026774 -0.0003285 -0.0004025  0.0024063 -0.0003456 -0.0002017  0.0030187  0.0008716  0.0003133  0.0012230  0.0004793 -0.0016168  0.0021018 -0.0005092 -0.0004745 -0.0024853
C  0  1  75  0  1  5  -0.0000420  0.0017651 -0.0024385  0.0036430  0.0030573 -0.0025464 -0.0020961  0.0013506 -0.0003699  0.0026145  0.0026212 -0.0002284  0.0001338 -0.0019240 -0.0006807  0.0013266
C  0  1  75  0  1  6   0.0023105 -0.0008575 -0.0005202  0.0019396 -0.0002607 -0.0010226 -0.0020804 -0.0005233  0.0004725 -0.0009418 -0.0010029 -0.0003825 -0.0018982 -0.0016159  0.0027300 -0.0002513
C  0  1  75  0  1  7   0.0029746  0.0009637  0.0019248  0.0002504  0.0018847  0.0010605  0.0002533 -0.0001584 -0.0004174 -0.0020620  0.0010470  0.0002849 -0.0014874  0.0001054 -0.0002926 -0.0000866
C  0  1  75  0  1  8   0.0015210  0.0009441  0.0000498 -0.0001761  0.0031872  0.0016553  0.0003032  0.0001269  0.0021097  0.0001840 -0.0020473 -0.0016792 -0.0014534  0.0008132 -0.0007977  0.0012816
C  0  1  75  0  1  9  -0.0017575 -0.0002811  0.0011452  0.0006261 -0.0002177 -0.0005413  0.0002980  0.0019203  0.0004744 -0.0003550 -0.0023781  0.0008139 -0.0006005  0.0007672 -0.0013558  0.0033410
C  0  1  75  0  1 10   0.0008782  0.0009031  0.0028551  0.0029859  0.0017040 -0.0006778  0.0017830  0.0002120 -0.0025654 -0.0017694 -0.0012837  0.0001380 -0.0012453 -0.0001994  0.0010776 -0.0003192
C  0  1  75  0  1 11   0.0010125 -0.0007902  0.0004347  0.0006870 -0.0008244  0.0006608 -0.0022624 -0.0019933 -0.0025053  0.0007843  0.0011702 -0.0012362  0.0008899  0.0004330 -0.0006609 -0.0001072
C  0  1  75  0  1 12   0.0013816  0.0014095  0.0005653 -0.0002873  0.0017356  0.0016764  0.0001268  0.0006260  0.0006929  0.0011790  0.0001787  0.0021343  0.0022186  0.0006954 -0.0001650  0.0028682
C  0  1  75  0  1 13   0.0035333 -0.0014290 -0.0005586  0.0025360  0.0035649 -0.0000836 -0.0017760  0.0012824 -0.0001970 -0.0012601 -0.0005047 -0.0013098  0.0008290  0.0012504  0.0002977  0.0027638
C  0  1  75  0  1 14   0.0022146  0.0013945  0.0030979  0.0020187  0.0014713  0.0006735 -0.0009297  0.0012568  0.0009140  0.0005209 -0.0005972  0.0019100  0.0016300 -0.0002762 -0.0010563  0.0019772
C  0  1  75  0  1 15   0.0018460  0.0011939 -0.0009076  0.0007539  0.0006629  0.0010556  0.0000115 -0.0015976  0.0014561 -0.0020731 -0.0003129  0.0008925 -0.0007590  0.0005426 -0.0003028  0.0005951
C  0  1  75  0  1 16   0.0022232  0.0028485  0.0014256 -0.0003856 -0.0006196  0.0017803  0.0024535 -0.0012120 -0.0001240 -0.0005482  0.0021632 -0.0014068  0.0005459 -0.0000298  0.0018644  0.0023408
C  0  1  75  0  1 17  -0.0003031 -0.0004511  0.0012157  0.0025475  0.0022849  0.0027535  0.0037696 -0.0001081 -0.0014303  0.0030728  0.0020253  0.0021497  0.0005960 -0.0002327  0.0045199  0.0043764
C  0  1  75  0  1 18   0.0058036  0.0029883  0.0018731  0.0015232  0.0016484  0.0036896  0.0027723  0.0021157 -0.0006637  0.0020148  0.0043580  0.0016830  0.0012698 -0.0012689  0.0064598  0.0043528
C  0  1  75  0  1 19   0.0036336  0.0020549  0.0000531  0.0008398 -0.0007140 -0.0002252  0.0045108  0.0008972  0.0022795  0.0018620 -0.0003844 -0.0032936 -0.0003943  0.0009949  0.0017212  0.0044053
C  0  1  75  0  1 20   0.0049255  0.0039081  0.0029326  0.0018316  0.0015540  0.0019148  0.0034235  0.0028227  0.0032171  0.0013425  0.0014685 -0.0008980  0.0030576  0.0031446  0.0077608  0.0042200
C  0  1  75  0  1 21   0.0141152  0.0098744  0.0035275 -0.0001705 -0.0000999 -0.0066946 -0.0105783 -0.0021812 -0.0035845 -0.0056435 -0.0006498  0.0028764  0.0033351  0.0032780  0.0092915  0.0007972
C  0  1  75  1  0  0  -0.4930946 -0.3854104 -0.3574559 -0.4323290 -0.1078535 -0.3930034 -0.4226941 -0.3713230 -0.4014462 -0.3248502 -0.3746826 -0.4201363 -0.4635657 -0.4993858 -0.3277446 -0.4749014
C  0  1  75  1  0  1  -0.3766907 -0.3512269 -0.3575337 -0.3216829 -0.3777037 -0.3188007 -0.3320841 -0.2391084 -0.3311076 -0.2779090 -0.3566810 -0.2995274 -0.3488373 -0.4636654 -0.4334002 -0.3617871
C  0  1  75  1  0  2  -0.3187678 -0.2986172 -0.2531325 -0.2546059 -0.2755463 -0.2422696 -0.2787110 -0.2692359 -0.2097919 -0.1636299 -0.3205249 -0.3029883 -0.3410187 -0.3434871 -0.2589536 -0.3009795
C  0  1  75  1  0  3  -0.3350478 -0.2898671 -0.3132937 -0.2584630 -0.2397166 -0.2443592 -0.1605095 -0.1502534 -0.2011158 -0.2295646 -0.2295167 -0.2893721 -0.2199971 -0.2637312 -0.2702760 -0.2718832
C  0  1  75  1  0  4  -0.3025191 -0.2956133 -0.3092467 -0.2561476 -0.2847493 -0.1779899 -0.2904042 -0.3273983 -0.2411098 -0.2335189 -0.2250867 -0.2964937 -0.3133820 -0.2996599 -0.3061297 -0.2873340
C  0  1  75  1  0  5  -0.2177510 -0.1849792 -0.1887426 -0.2057349 -0.1796068 -0.1601577 -0.2306198 -0.1740925 -0.1605958 -0.1937299 -0.1717168 -0.2213883 -0.2252256 -0.1869936 -0.1995724 -0.2055967
C  0  1  75  1  0  6  -0.1385962 -0.1144626 -0.1729038 -0.1840498 -0.1265315 -0.1454708 -0.1338257 -0.1318847 -0.1179852 -0.0934734 -0.0997352 -0.1270798 -0.1264208 -0.1585118 -0.1383408 -0.1675639
C  0  1  75  1  0  7  -0.1584206 -0.1374274 -0.1467253 -0.1455094 -0.1764518 -0.1510757 -0.1500136 -0.1351232 -0.1499017 -0.1248173 -0.1036855 -0.1356561 -0.1768866 -0.1686104 -0.1666637 -0.1479063
C  0  1  75  1  0  8  -0.1367140 -0.0832977 -0.1134499 -0.1443960 -0.1677475 -0.1337521 -0.1446960 -0.1246619 -0.1200573 -0.0836414 -0.0821217 -0.1645132 -0.1029640 -0.1709182 -0.1303168 -0.1462016
C  0  1  75  1  0  9  -0.1289428 -0.1437456 -0.0903017 -0.1159704 -0.0998221 -0.1045949 -0.1161815 -0.1313575 -0.1176234 -0.1319917 -0.0912308 -0.1100023 -0.1292762 -0.1039567 -0.1243571 -0.1557832
C  0  1  75  1  0 10  -0.1250512 -0.1072177 -0.1297192 -0.1563191 -0.1767488 -0.1302420 -0.1401788 -0.1067130 -0.1108288 -0.1098089 -0.1449791 -0.1196103 -0.1221484 -0.1215615 -0.1242640 -0.1417739
C  0  1  75  1  0 11  -0.1334719 -0.1050226 -0.1371643 -0.1030737 -0.1241582 -0.1183664 -0.1276598 -0.1538638 -0.1559493 -0.0764902 -0.1155326 -0.1379558 -0.1158147 -0.1464981 -0.0837919 -0.0690265
C  0  1  75  1  0 12  -0.1127748 -0.1160143 -0.1215845 -0.0809483 -0.1622326 -0.1137499 -0.1520038 -0.1445918 -0.1277922 -0.1223246 -0.1204922 -0.1081778 -0.1012427 -0.1157495 -0.1263825 -0.1088249
C  0  1  75  1  0 13  -0.0962209 -0.1356724 -0.1724528 -0.1180645 -0.1266050 -0.1424327 -0.1548900 -0.1409610 -0.0646228 -0.1198644 -0.1351193 -0.1476923 -0.1520263 -0.1306724 -0.1457248 -0.1145291
C  0  1  75  1  0 14  -0.1360664 -0.1875536 -0.1137479 -0.1489678 -0.1517087 -0.1514622 -0.1415892 -0.2168825 -0.1224312 -0.1435255 -0.1783520 -0.1382636 -0.1265583 -0.0783837 -0.1284478 -0.2048184
C  0  1  75  1  0 15  -0.1025342 -0.1869283 -0.1605165 -0.1297956 -0.1541879 -0.0953091 -0.1444722 -0.1352541 -0.1819587 -0.1048040 -0.1095920 -0.1532177 -0.1384096 -0.0977116 -0.1226257 -0.1454606
C  0  1  75  1  0 16  -0.2015090 -0.1563880 -0.1300971 -0.1675158 -0.1115558 -0.1404787 -0.2021989 -0.2712585 -0.1431790 -0.1753103 -0.1428306 -0.1503881 -0.1684886 -0.1377719 -0.1343128 -0.1526874
C  0  1  75  1  0 17  -0.2359274 -0.3144800 -0.2258909 -0.3167343 -0.2217192 -0.2891458 -0.2895577 -0.2453005 -0.2573896 -0.2919800 -0.3081196 -0.2293318 -0.2084510 -0.3001877 -0.2297098 -0.2659673
C  0  1  75  1  0 18  -0.2818662 -0.2730471 -0.2494684 -0.2272858 -0.2289868 -0.2330043 -0.2733932 -0.2620555 -0.2740586 -0.2177414 -0.2679778 -0.3029782 -0.2487512 -0.2307902 -0.1957999 -0.2605103
C  0  1  75  1  0 19  -0.2489259 -0.2727903 -0.2808684 -0.2835891 -0.2867593 -0.2746549 -0.2546663 -0.2408250 -0.2304643 -0.2786848 -0.2196854 -0.2798865 -0.2391084 -0.2571383 -0.2875269 -0.2780984
C  0  1  75  1  0 20  -0.2751971 -0.3232559 -0.3533298 -0.4084515 -0.3866290 -0.2008810 -0.3758306 -0.4033708 -0.3680802 -0.3378689 -0.3459980 -0.3324944 -0.4131269 -0.3528713 -0.2813710 -0.3198918
C  0  1  75  1  0 21  -0.4649327 -0.4722358 -0.3920971 -0.3924131 -0.3103029 -0.2937238 -0.3567675 -0.3919287 -0.4092063 -0.4044638 -0.4295698 -0.3745390 -0.3156189 -0.3775723 -0.4000771 -0.5149303
C  0  1  75  1  1  0   0.0465282  0.0502928  0.0415080  0.0245186  0.0028603 -0.0192363 -0.0330038 -0.0411690 -0.0472358 -0.0357509 -0.0323533 -0.0180219  0.0025137  0.0049249  0.0258803  0.0381905
C  0  1  75  1  1  1   0.0242858  0.0227318  0.0165116  0.0086070  0.0018165 -0.0072991 -0.0128021 -0.0187123 -0.0181212 -0.0146760 -0.0148988 -0.0071400  0.0053352  0.0077076  0.0119052  0.0235188
C  0  1  75  1  1  2   0.0116677  0.0123561  0.0087235  0.0055858  0.0014838 -0.0024766 -0.0078011 -0.0081769 -0.0096902 -0.0065155 -0.0052124 -0.0032895  0.0002346  0.0017585  0.0038522  0.0107839
C  0  1  75  1  1  3   0.0078992  0.0077817  0.0039297  0.0045019  0.0017860  0.0008289 -0.0022375 -0.0014450  0.0009060  0.0014886 -0.0011162 -0.0004978  0.0029887  0.0027922  0.0027681  0.0064497
C  0  1  75  1  1  4   0.0028778  0.0020691  0.0011807  0.0011001  0.0042826  0.0024197  0.0009134  0.0018522  0.0041871  0.0026509  0.0005673 -0.0004033  0.0027235  0.0016940  0.0051048  0.0025591
C  0  1  75  1  1  5   0.0008667  0.0001363 -0.0000186  0.0035140  0.0033077  0.0030498  0.0028687  0.0031745  0.0050618  0.0016644 -0.0008917 -0.0002131  0.0022845  0.0018800  0.0029078 -0.0008757
C  0  1  75  1  1  6   0.0009138  0.0003488  0.0016660  0.0034939  0.0045423  0.0045115  0.0045432  0.0040148  0.0032807  0.0012457  0.0002412  0.0000979  0.0008526  0.0011608  0.0005264 -0.0003303
C  0  1  75  1  1  7  -0.0006904  0.0019204  0.0023297  0.0043106  0.0049894  0.0039077  0.0056049  0.0041424  0.0034356  0.0008250  0.0005332 -0.0001330  0.0013852  0.0012143  0.0020511 -0.0021328
C  0  1  75  1  1  8  -0.0005624  0.0009507  0.0017957  0.0021584  0.0041158  0.0038874  0.0044990  0.0045819  0.0049207  0.0007209  0.0002552 -0.0006397  0.0016190  0.0013744  0.0015830 -0.0012783
C  0  1  75  1  1  9   0.0017943  0.0024763  0.0020455  0.0043069  0.0031300  0.0031629  0.0047799  0.0034748  0.0028141  0.0003048  0.0021851  0.0012937  0.0013001  0.0003264  0.0002375 -0.0012463
C  0  1  75  1  1 10  -0.0003155  0.0017512  0.0021860  0.0021848  0.0018401  0.0018495  0.0023932  0.0026919  0.0029777 -0.0001911 -0.0003849  0.0007748  0.0003498  0.0001467  0.0020965 -0.0018669
C  0  1  75  1  1 11  -0.0006302  0.0019849  0.0014015  0.0021623  0.0032178 -0.0001462  0.0018249  0.0025577  0.0021929  0.0015831 -0.0017528 -0.0000757  0.0003734  0.0001225 -0.0001630 -0.0022549
C  0  1  75  1  1 12   0.0006088  0.0025199  0.0026153  0.0044391  0.0031305  0.0008521  0.0010030  0.0034404  0.0042755  0.0009525  0.0016641  0.0011914  0.0016105 -0.0000912  0.0007702  0.0000062
C  0  1  75  1  1 13  -0.0003108  0.0019632  0.0019649  0.0036792  0.0031030  0.0027700  0.0037474  0.0053844  0.0046733  0.0012355  0.0005144 -0.0006686 -0.0008059 -0.0020362  0.0003928 -0.0012323
C  0  1  75  1  1 14  -0.0006175  0.0008979  0.0022258  0.0030726  0.0040322  0.0024716  0.0042068  0.0063915  0.0064597  0.0017935  0.0010573 -0.0000730 -0.0016037 -0.0016371 -0.0008117 -0.0025870
C  0  1  75  1  1 15  -0.0021918 -0.0004113  0.0022265  0.0034023  0.0027917 -0.0009572  0.0034342  0.0039804  0.0059093  0.0031571  0.0021591  0.0000444 -0.0024181 -0.0062341 -0.0056407 -0.0063293
C  0  1  75  1  1 16  -0.0009514  0.0013229  0.0029033  0.0046051  0.0035900 -0.0001246  0.0039300  0.0040300  0.0045962  0.0067430  0.0013331  0.0024525 -0.0017170 -0.0015807 -0.0054562 -0.0045121
C  0  1  75  1  1 17  -0.0026057  0.0029203  0.0020826  0.0064680  0.0021220 -0.0010886  0.0015587  0.0041247  0.0050002  0.0045773  0.0051683  0.0007421 -0.0009709 -0.0040377 -0.0047596 -0.0053024
C  0  1  75  1  1 18   0.0011961  0.0077504  0.0053002  0.0072620  0.0051119 -0.0007574 -0.0014511 -0.0008301  0.0034239  0.0030292  0.0032024  0.0020466 -0.0014212 -0.0037296 -0.0040025 -0.0026307
C  0  1  75  1  1 19   0.0024789  0.0071559  0.0114173  0.0094796  0.0060515  0.0015552 -0.0022581 -0.0008312  0.0037328  0.0050294  0.0021316  0.0003165 -0.0027752 -0.0040107 -0.0051860 -0.0032415
C  0  1  75  1  1 20   0.0012692  0.0149519  0.0175874  0.0136407  0.0062604  0.0035861 -0.0023539 -0.0002962  0.0002667  0.0043837  0.0011277 -0.0040208 -0.0071155 -0.0090036 -0.0074387 -0.0039466
C  0  1  75  1  1 21   0.0096864  0.0218116  0.0307149  0.0234722  0.0175550  0.0156682  0.0100837  0.0103163  0.0109796  0.0102247  0.0034173 -0.0030072 -0.0086339 -0.0174757 -0.0065361  0.0003072
