CPHI 16 
CETA 22 -2.40 -2.10 -1.85 -1.60 -1.40 -1.20 -1.00 -0.80 -0.60 -0.40 -0.20  0.00  0.20  0.40  0.60  0.80  1.00  1.20  1.40  1.60  1.85  2.10  2.40 
RMIN  6 
RTRK 12 
RETA 11  0.00  0.20  0.40  0.60  0.80  1.00  1.20  1.40  1.60  1.85  2.10  2.40 
T 0 1  76  0  0  0    0.0000000   0.0006267   0.0016538   0.0031181   0.0121712   0.0689759   0.2779515   0.6533277   1.0000000   1.0000000   1.0000000   1.0000000   1.0000000
T 0 1  76  0  0  1    0.0000000   0.0001252   0.0005141   0.0023379   0.0124712   0.0595783   0.2270166   0.5896034   1.0000000   1.0000000   1.0000000   1.0000000   1.0000000
T 0 1  76  0  0  2    0.0000000   0.0001406   0.0005509   0.0017762   0.0108367   0.0556670   0.2101152   0.5740951   1.0000000   1.0000000   1.0000000   1.0000000   1.0000000
T 0 1  76  0  0  3    0.0000000   0.0002103   0.0006077   0.0017451   0.0115686   0.0625182   0.2267359   0.5875032   1.0000000   1.0000000   1.0000000   1.0000000   1.0000000
T 0 1  76  0  0  4    0.0000000   0.0004171   0.0025210   0.0143116   0.0632706   0.2042463   0.4890861   0.8227675   1.0000000   1.0000000   1.0000000   1.0000000   1.0000000
T 0 1  76  0  0  5    0.0000000   0.0009702   0.0073809   0.0512644   0.2046812   0.5323975   0.8756690   0.9994087   1.0000000   1.0000000   1.0000000   1.0000000   1.0000000
T 0 1  76  0  0  6    0.0000000   0.0003056   0.0012418   0.0106309   0.0676774   0.2770885   0.6633315   0.9311708   0.9982193   0.9999982   1.0000000   1.0000000   1.0000000
T 0 1  76  0  0  7    0.0000000   0.0000548   0.0003855   0.0008952   0.0046436   0.0304137   0.1183255   0.2963018   0.5811809   0.8694323   0.9843461   0.9998825   1.0000000
T 0 1  76  0  0  8    0.0000000   0.0000058   0.0000320   0.0001254   0.0003851   0.0009772   0.0042077   0.0248410   0.1198594   0.3937991   0.7889671   0.9691467   1.0000000
T 0 1  76  0  0  9    0.0000000   0.0000034   0.0000087   0.0000367   0.0005534   0.0036358   0.0182014   0.0862011   0.3020976   0.6586551   0.9382989   0.9999255   1.0000000
T 0 1  76  0  0 10    0.0000000   0.0067705   0.0293075   0.0466337   0.0799411   0.1696585   0.3387057   0.6895746   0.9107199   0.9702476   0.9998449   1.0000000   1.0000000
T 0 1  76  1  0  0    0.0000000   0.0005148   0.0016399   0.0047460   0.0213440   0.1017716   0.3374237   0.6994022   1.0000000   1.0000000   1.0000000   1.0000000   1.0000000
T 0 1  76  1  0  1    0.0000000   0.0002633   0.0010891   0.0042307   0.0181163   0.0752157   0.2537985   0.6193956   1.0000000   1.0000000   1.0000000   1.0000000   1.0000000
T 0 1  76  1  0  2    0.0000000   0.0002194   0.0008486   0.0027728   0.0124455   0.0616642   0.2339277   0.6064318   1.0000000   1.0000000   1.0000000   1.0000000   1.0000000
T 0 1  76  1  0  3    0.0000000   0.0002283   0.0008669   0.0027852   0.0140251   0.0700545   0.2491207   0.6198491   1.0000000   1.0000000   1.0000000   1.0000000   1.0000000
T 0 1  76  1  0  4    0.0000000   0.0004356   0.0027620   0.0153929   0.0663357   0.2155446   0.5058694   0.8320271   1.0000000   1.0000000   1.0000000   1.0000000   1.0000000
T 0 1  76  1  0  5    0.0000000   0.0011873   0.0094478   0.0577925   0.2246261   0.5586818   0.8900123   0.9996500   1.0000000   1.0000000   1.0000000   1.0000000   1.0000000
T 0 1  76  1  0  6    0.0000000   0.0004626   0.0026649   0.0180020   0.0942133   0.3329130   0.7236541   0.9536823   0.9988141   0.9999984   1.0000000   1.0000000   1.0000000
T 0 1  76  1  0  7    0.0000000   0.0002246   0.0006446   0.0024765   0.0123245   0.0526267   0.1570011   0.3413836   0.6074237   0.8728054   0.9849908   0.9998878   1.0000000
T 0 1  76  1  0  8    0.0000000   0.0009562   0.0014955   0.0017998   0.0022382   0.0036136   0.0107994   0.0452511   0.1686405   0.4573475   0.8251665   0.9710661   1.0000000
T 0 1  76  1  0  9    0.0000000   0.0021003   0.0074838   0.0131257   0.0159362   0.0198461   0.0401951   0.1288935   0.3661962   0.7154288   0.9583841   0.9999941   1.0000000
T 0 1  76  1  0 10    0.0000000   0.0032254   0.0170235   0.0428863   0.0843736   0.1746921   0.3942474   0.7474223   0.9511020   0.9856143   0.9999985   1.0000000   1.0000000
R 0 1  76  0  0  0    0.0238316   0.0238316   0.0111303   0.0106695   0.0103693   0.0101538   0.0100070   0.0098656   0.0098656   0.0098656   0.0098656   0.0098656
R 0 1  76  0  0  1    0.0118932   0.0118932   0.0118932   0.0118932   0.0110486   0.0109240   0.0109854   0.0108288   0.0108288   0.0108288   0.0108288   0.0108288
R 0 1  76  0  0  2    0.0122530   0.0122530   0.0122530   0.0122530   0.0120041   0.0120295   0.0118287   0.0116663   0.0116663   0.0116663   0.0116663   0.0116663
R 0 1  76  0  0  3    0.0134680   0.0134680   0.0134680   0.0134680   0.0127362   0.0126034   0.0123822   0.0122335   0.0122335   0.0122335   0.0122335   0.0122335
R 0 1  76  0  0  4    0.0191018   0.0191018   0.0191018   0.0173667   0.0168745   0.0158731   0.0144194   0.0131077   0.0131077   0.0131077   0.0131077   0.0131077
R 0 1  76  0  0  5    0.0206365   0.0206365   0.0193902   0.0190788   0.0187559   0.0180694   0.0168985   0.0168985   0.0168985   0.0168985   0.0168985   0.0168985
R 0 1  76  0  0  6    0.0204062   0.0204062   0.0204062   0.0206382   0.0207950   0.0207715   0.0207999   0.0205641   0.0205641   0.0205641   0.0205641   0.0205641
R 0 1  76  0  0  7    0.0226398   0.0226398   0.0226398   0.0226398   0.0207181   0.0211352   0.0211139   0.0209352   0.0205828   0.0197592   0.0197592   0.0197592
R 0 1  76  0  0  8    0.0216618   0.0216618   0.0216618   0.0216618   0.0216618   0.0216618   0.0216618   0.0210273   0.0209815   0.0210097   0.0200867   0.0186801
R 0 1  76  0  0  9    0.0314508   0.0314508   0.0314508   0.0314508   0.0314508   0.0314508   0.0298952   0.0288902   0.0275507   0.0263311   0.0250653   0.0250653
R 0 1  76  0  0 10    0.0769494   0.0709378   0.0611351   0.0534003   0.0471896   0.0439073   0.0409627   0.0356364   0.0337271   0.0309007   0.0309007   0.0309007
R 0 1  76  0  1  0    0.0000000   0.0000000   0.0000000   0.0000815   0.0000807   0.0000775   0.0000716   0.0000655   0.0000655   0.0000655   0.0000655   0.0000655
R 0 1  76  0  1  1    0.0000779   0.0000779   0.0000779   0.0000779   0.0000623   0.0000733   0.0000614   0.0000560   0.0000560   0.0000560   0.0000560   0.0000560
R 0 1  76  0  1  2    0.0000273   0.0000273   0.0000273   0.0000273   0.0000628   0.0000637   0.0000605   0.0000514   0.0000514   0.0000514   0.0000514   0.0000514
R 0 1  76  0  1  3    0.0000879   0.0000879   0.0000879   0.0000879   0.0000679   0.0000614   0.0000575   0.0000504   0.0000504   0.0000504   0.0000504   0.0000504
R 0 1  76  0  1  4    0.0001530   0.0001530   0.0001530   0.0000891   0.0000915   0.0000701   0.0000512   0.0000461   0.0000461   0.0000461   0.0000461   0.0000461
R 0 1  76  0  1  5    0.0001212   0.0001212   0.0000803   0.0000734   0.0000705   0.0000575   0.0000419   0.0000419   0.0000419   0.0000419   0.0000419   0.0000419
R 0 1  76  0  1  6    0.0000875   0.0000875   0.0000875   0.0000673   0.0000568   0.0000569   0.0000525   0.0000439   0.0000439   0.0000439   0.0000439   0.0000439
R 0 1  76  0  1  7    0.0001560   0.0001560   0.0001560   0.0001560   0.0000987   0.0000650   0.0000698   0.0000742   0.0000725   0.0000565   0.0000565   0.0000565
R 0 1  76  0  1  8    0.0001304   0.0001304   0.0001304   0.0001304   0.0001304   0.0001304   0.0001304   0.0001064   0.0001067   0.0001002   0.0000760   0.0000690
R 0 1  76  0  1  9    0.0003101   0.0003101   0.0003101   0.0003101   0.0003101   0.0003101   0.0002138   0.0001998   0.0001845   0.0001479   0.0001339   0.0001339
R 0 1  76  0  1 10    0.0012866   0.0011701   0.0007709   0.0007559   0.0005678   0.0004843   0.0003851   0.0002640   0.0001950   0.0001817   0.0001817   0.0001817
R 0 1  76  0  2  0    0.0000000   0.0000000   0.0000000   0.0000000   0.0000000   0.0000000   0.0000110   0.0000000   0.0000000   0.0000000   0.0000000   0.0000000
R 0 1  76  0  2  1    0.0000000   0.0000000   0.0000000   0.0000000   0.0000000   0.0000182   0.0000082   0.0000154   0.0000154   0.0000154   0.0000154   0.0000154
R 0 1  76  0  2  2    0.0000000   0.0000000   0.0000000   0.0000000   0.0000463   0.0000000   0.0000097   0.0000121   0.0000121   0.0000121   0.0000121   0.0000121
R 0 1  76  0  2  3    0.0000000   0.0000000   0.0000000   0.0000000   0.0000000   0.0000000   0.0000051   0.0000094   0.0000094   0.0000094   0.0000094   0.0000094
R 0 1  76  0  2  4    0.0000000   0.0000000   0.0000000   0.0000352   0.0000168   0.0000170   0.0000122   0.0000000   0.0000000   0.0000000   0.0000000   0.0000000
R 0 1  76  0  2  5    0.0000000   0.0000000   0.0000000   0.0000000   0.0000163   0.0000114   0.0000000   0.0000000   0.0000000   0.0000000   0.0000000   0.0000000
R 0 1  76  0  2  6    0.0000000   0.0000000   0.0000000   0.0000000   0.0000000   0.0000101   0.0000000   0.0000000   0.0000000   0.0000000   0.0000000   0.0000000
R 0 1  76  0  2  7    0.0000000   0.0000000   0.0000000   0.0000000   0.0000000   0.0000000   0.0000000   0.0000106   0.0000000   0.0000197   0.0000197   0.0000197
R 0 1  76  0  2  8    0.0000000   0.0000000   0.0000000   0.0000000   0.0000000   0.0000000   0.0000000   0.0000000   0.0000000   0.0000000   0.0000000   0.0000000
R 0 1  76  0  2  9    0.0000000   0.0000000   0.0000000   0.0000000   0.0000000   0.0000000   0.0000000   0.0000000   0.0000000   0.0000284   0.0000460   0.0000460
R 0 1  76  0  2 10    0.0000000   0.0000000   0.0000000   0.0000000   0.0000000   0.0000894   0.0000000   0.0000415   0.0000000   0.0000000   0.0000000   0.0000000
R 0 1  76  0  3  0    1.0613398   1.0613398   1.0671144   1.0135098   0.9964670   0.9871666   0.9800392   0.9832014   0.9832014   0.9832014   0.9832014   0.9832014
R 0 1  76  0  3  1    1.0210681   1.0210681   1.0210681   1.0210681   0.9953900   0.9827243   0.9802557   0.9780735   0.9780735   0.9780735   0.9780735   0.9780735
R 0 1  76  0  3  2    1.0313398   1.0313398   1.0313398   1.0313398   1.0032121   0.9886844   0.9795729   0.9802071   0.9802071   0.9802071   0.9802071   0.9802071
R 0 1  76  0  3  3    0.9997092   0.9997092   0.9997092   0.9997092   1.0007080   0.9868436   0.9814411   0.9801441   0.9801441   0.9801441   0.9801441   0.9801441
R 0 1  76  0  3  4    1.0152280   1.0152280   1.0152280   0.9899324   0.9807080   0.9729375   0.9782315   0.9909620   0.9909620   0.9909620   0.9909620   0.9909620
R 0 1  76  0  3  5    1.0172484   1.0172484   0.9942175   0.9816836   0.9737411   0.9746503   0.9743920   0.9743920   0.9743920   0.9743920   0.9743920   0.9743920
R 0 1  76  0  3  6    1.0110855   1.0110855   1.0110855   0.9953314   0.9872001   0.9831853   0.9828982   0.9813429   0.9813429   0.9813429   0.9813429   0.9813429
R 0 1  76  0  3  7    0.9955439   0.9955439   0.9955439   0.9955439   1.0303478   0.9992771   0.9925784   0.9841240   0.9870097   0.9868692   0.9868692   0.9868692
R 0 1  76  0  3  8    1.0090286   1.0090286   1.0090286   1.0090286   1.0090286   1.0090286   1.0090286   0.9952091   0.9836400   0.9836373   0.9913718   1.0246257
R 0 1  76  0  3  9    1.0351181   1.0351181   1.0351181   1.0351181   1.0351181   1.0351181   0.9936314   0.9771078   0.9734690   0.9832079   1.0038053   1.0038053
R 0 1  76  0  3 10    1.0657966   1.0407039   1.0225495   1.0005171   0.9754039   0.9701904   0.9683328   0.9638894   0.9914681   1.0108784   1.0108784   1.0108784
R 0 1  76  0  4  0    1.3990930   1.3990930   1.2596273   2.0772181   2.2558332   2.2696359   2.2333770   2.2955036   2.2955036   2.2955036   2.2955036   2.2955036
R 0 1  76  0  4  1    1.9445307   1.9445307   1.9445307   1.9445307   2.1394351   2.2154137   2.2245995   2.1729355   2.1729355   2.1729355   2.1729355   2.1729355
R 0 1  76  0  4  2    1.9517351   1.9517351   1.9517351   1.9517351   2.2175824   2.2857922   2.2052919   2.2147221   2.2147221   2.2147221   2.2147221   2.2147221
R 0 1  76  0  4  3    1.6654958   1.6654958   1.6654958   1.6654958   2.2150210   2.2600499   2.2221943   2.2048228   2.2048228   2.2048228   2.2048228   2.2048228
R 0 1  76  0  4  4    1.8410983   1.8410983   1.8410983   2.0543917   2.1226731   2.0458245   2.2188808   2.4025301   2.4025301   2.4025301   2.4025301   2.4025301
R 0 1  76  0  4  5    1.7947304   1.7947304   2.0348603   2.1170103   2.0668258   2.1135113   2.0280021   2.0280021   2.0280021   2.0280021   2.0280021   2.0280021
R 0 1  76  0  4  6    1.9001808   1.9001808   1.9001808   2.1681265   2.3017709   2.3176226   2.3319201   2.2361509   2.2361509   2.2361509   2.2361509   2.2361509
R 0 1  76  0  4  7    1.6753727   1.6753727   1.6753727   1.6753727   2.2307194   2.4028064   2.3360136   2.3301512   2.3894466   2.3636453   2.3636453   2.3636453
R 0 1  76  0  4  8    2.2190624   2.2190624   2.2190624   2.2190624   2.2190624   2.2190624   2.2190624   2.2326286   2.2161031   2.2794355   2.3197786   2.2780666
R 0 1  76  0  4  9    2.2035739   2.2035739   2.2035739   2.2035739   2.2035739   2.2035739   2.1448411   2.0867410   2.0506579   2.1734926   2.2321683   2.2321683
R 0 1  76  0  4 10    1.9843390   2.2081758   2.0213484   1.9000913   1.9712678   1.9643046   1.9497030   1.8826296   2.0254636   2.1614434   2.1614434   2.1614434
R 0 1  76  0  5  0   11.8619766  11.8619766   8.9042973   3.5469989   3.5914044   3.8815283   4.2791602   3.8282110   3.8282110   3.8282110   3.8282110   3.8282110
R 0 1  76  0  5  1    4.0454114   4.0454114   4.0454114   4.0454114   4.2912577   4.1551131   4.3034956   4.6166829   4.6166829   4.6166829   4.6166829   4.6166829
R 0 1  76  0  5  2    3.6768142   3.6768142   3.6768142   3.6768142   3.9031081   3.9148718   4.3220557   4.4603144   4.4603144   4.4603144   4.4603144   4.4603144
R 0 1  76  0  5  3    6.5052053   6.5052053   6.5052053   6.5052053   4.3215134   4.0560146   4.4344523   4.5171555   4.5171555   4.5171555   4.5171555   4.5171555
R 0 1  76  0  5  4    5.3722878   5.3722878   5.3722878   4.7446506   4.7753829   5.4471582   3.7804229   2.9695021   2.9695021   2.9695021   2.9695021   2.9695021
R 0 1  76  0  5  5    4.1653144   4.1653144   4.9244571   4.7714647   5.4073566   4.5481093   4.0035457   4.0035457   4.0035457   4.0035457   4.0035457   4.0035457
R 0 1  76  0  5  6    3.6309203   3.6309203   3.6309203   4.4047204   3.5711134   3.0939960   2.4113039   2.0863437   2.0863437   2.0863437   2.0863437   2.0863437
R 0 1  76  0  5  7    4.8531150   4.8531150   4.8531150   4.8531150   4.0552457   2.8201076   2.9164788   2.9286841   2.6094150   2.0613377   2.0613377   2.0613377
R 0 1  76  0  5  8    4.2940930   4.2940930   4.2940930   4.2940930   4.2940930   4.2940930   4.2940930   4.5448422   4.7001064   4.2438046   3.4653348   4.1906998
R 0 1  76  0  5  9    4.1838182   4.1838182   4.1838182   4.1838182   4.1838182   4.1838182   5.2536128   5.5776808   6.7706510   5.5234127   5.5066947   5.5066947
R 0 1  76  0  5 10    5.7535800   4.1461153   4.2454104   6.0461071   5.4102792   6.8081883   8.1089380   9.8401377   6.4693245   4.8311323   4.8311323   4.8311323
F  0  1  76  0  0  0    0.9852944   1.0432346   0.9859118   1.0043802   0.9759191   0.9899055   0.9852164   1.0008961   0.9890503   0.9846821   0.9738726
F  0  1  76  1  0  0    1.0534781   1.1133108   1.0563673   1.0705101   1.0553383   1.0664384   1.0648900   1.0626352   1.0319517   1.0667232   1.0764625
C  0  1  76  0  0  0  -0.1879103 -0.0921787 -0.1978804 -0.4641874 -0.2427664 -0.0971666 -0.0352920 -0.2991221 -0.2001469 -0.0436037 -0.2626112 -0.1943789 -0.2101649 -0.3189903 -0.2640992 -0.1038909
C  0  1  76  0  0  1  -0.0323407 -0.1853098 -0.0872253 -0.1435922 -0.0132264 -0.1896646 -0.1543075 -0.1348059  0.0054478 -0.2384953 -0.1348682 -0.0815387 -0.0938016 -0.1266476 -0.2455197  0.0023147
C  0  1  76  0  0  2  -0.1051498 -0.1838997 -0.2147668 -0.1986737 -0.0212499 -0.0764711 -0.0802547 -0.0882445  0.0173468 -0.0748191  0.0059387 -0.0389080 -0.2002667 -0.0993352 -0.1038855 -0.1381251
C  0  1  76  0  0  3  -0.0672291 -0.0683539 -0.1508924 -0.0550820  0.0309477 -0.0582283 -0.0594472 -0.0699683 -0.0465821 -0.0084508 -0.1253723 -0.0410446 -0.1653429 -0.2453321 -0.2060530 -0.0572986
C  0  1  76  0  0  4  -0.1115474 -0.1011174 -0.0922994  0.0433906 -0.0547145 -0.0808157 -0.0795448 -0.0005697 -0.0770347 -0.0259936 -0.0603662  0.0448630 -0.1887994 -0.0979088  0.0089120 -0.1224408
C  0  1  76  0  0  5  -0.0658466  0.0690655 -0.0317765  0.0388002  0.0093941 -0.0230015 -0.0391433 -0.0551679  0.0618968 -0.0200200 -0.0135623 -0.0315556 -0.0356090  0.0275597  0.1114304  0.0360379
C  0  1  76  0  0  6  -0.0129160  0.0634588 -0.0380300  0.0505523 -0.0345981  0.0646779 -0.0021097 -0.0576572 -0.0343624 -0.1360656  0.0354415  0.0526995 -0.0439603  0.0162781 -0.0568366  0.0919015
C  0  1  76  0  0  7  -0.1007769 -0.0259560  0.0329668 -0.0182440  0.0415362  0.0502264  0.0256448  0.0153456 -0.0201025 -0.0268658  0.0785067 -0.0789720  0.0214933 -0.0394434  0.0039529 -0.0064539
C  0  1  76  0  0  8   0.0186807  0.0007108  0.0622550  0.0191037 -0.0476859  0.1107846  0.0532519 -0.0428019  0.0010174  0.0255450  0.0205146 -0.0138342 -0.0384649  0.0055679 -0.0954103 -0.0087997
C  0  1  76  0  0  9  -0.0632440  0.0333703 -0.0723740  0.0198122  0.0538773  0.0255334  0.0362856  0.0927737  0.0188952  0.0077856  0.0242609  0.0336033 -0.0170442  0.0070389 -0.0191637  0.0538131
C  0  1  76  0  0 10   0.0163998  0.0228778  0.0555465  0.0208078 -0.0010397  0.0588253  0.0411189 -0.0212177  0.0102334 -0.0945522  0.0543903 -0.0481176 -0.0416901  0.0433176 -0.0485612 -0.0229035
C  0  1  76  0  0 11  -0.0713301  0.0354749 -0.0727114  0.0063430  0.0442305  0.0614288  0.0330431  0.0306199  0.0403255  0.0979568  0.0441675 -0.0694368 -0.1238590 -0.0210611 -0.0265230  0.0582372
C  0  1  76  0  0 12   0.1189035 -0.0193238  0.0005368 -0.0646988  0.0126638  0.0247385 -0.0217601  0.0062600 -0.0055159  0.0679335 -0.0134772  0.0241957 -0.1246202 -0.0421380 -0.0020251 -0.0644390
C  0  1  76  0  0 13  -0.0298765 -0.0024939  0.0056154  0.0755967  0.0900918  0.0362306 -0.0226802 -0.0123931 -0.0033711  0.0215197 -0.0295170 -0.0503336 -0.0137044  0.0173798 -0.0354164 -0.0423174
C  0  1  76  0  0 14  -0.0299824 -0.0233538 -0.0256044  0.0568071 -0.0538597  0.0359003 -0.0090792  0.0526016 -0.0484064 -0.0828491  0.0663699 -0.0522675  0.0685616  0.0126285  0.0692140 -0.1120334
C  0  1  76  0  0 15  -0.1152834 -0.0385565 -0.0388901  0.0412255  0.0786714 -0.0522950  0.0342738  0.0377018  0.0364762  0.0002209 -0.0197705 -0.1387288 -0.0144063 -0.0179219 -0.1654412 -0.0119505
C  0  1  76  0  0 16   0.0709078 -0.0195017 -0.0789878  0.0355106 -0.0093661  0.0085748  0.0063252  0.0323337 -0.1207828  0.1532173  0.0070031 -0.0781235 -0.0502230  0.0091910 -0.1605979 -0.0857690
C  0  1  76  0  0 17  -0.1004426 -0.1186796 -0.1863090 -0.0122629 -0.1184759 -0.0802774 -0.1310995  0.0464473 -0.1174993 -0.0607272  0.0224028 -0.0816171 -0.0520736 -0.2087935 -0.0981626 -0.0468012
C  0  1  76  0  0 18  -0.1646986  0.0082603 -0.0762867 -0.0780472 -0.1719161  0.0602771 -0.0002571 -0.0359617 -0.0765589  0.0238036 -0.0637097 -0.1051591 -0.1195098 -0.1007163 -0.1686746 -0.0349974
C  0  1  76  0  0 19  -0.0250755 -0.0611839 -0.1234341 -0.0338394 -0.1155415 -0.0788899 -0.1382544 -0.0045035 -0.2022669 -0.0710339 -0.0752944 -0.1106743 -0.1210877 -0.1011637 -0.0053642 -0.1120811
C  0  1  76  0  0 20  -0.0967881 -0.0810546 -0.0845777  0.0016520 -0.0757102 -0.0399036 -0.1059824  0.0020716 -0.1953867 -0.2123200 -0.1168669 -0.0610996 -0.0176335 -0.2303789 -0.2162440 -0.2700593
C  0  1  76  0  0 21  -0.0423085 -0.2893599 -0.2698032 -0.0823832 -0.2134806 -0.1534286 -0.2402860 -0.0754828 -0.0888377 -0.1313811 -0.1005057 -0.3425688 -0.3371019 -0.2670049 -0.1969559 -0.2275979
C  0  1  76  0  1  0  -0.0002123  0.0002835 -0.0049216 -0.0020773 -0.0024070  0.0035396  0.0045580  0.0015456  0.0042360 -0.0009538 -0.0055741  0.0040727  0.0055920  0.0054863  0.0074227  0.0069893
C  0  1  76  0  1  1  -0.0004742 -0.0003553 -0.0039092 -0.0060828 -0.0030567 -0.0015452  0.0074116  0.0015776  0.0015698  0.0010714 -0.0004259 -0.0022874 -0.0004880  0.0044568  0.0040612  0.0043699
C  0  1  76  0  1  2   0.0025341 -0.0002398  0.0009531 -0.0003973 -0.0005952  0.0014301 -0.0016435  0.0019860  0.0005005 -0.0001598 -0.0035292 -0.0016667  0.0003196 -0.0022521 -0.0038207  0.0000772
C  0  1  76  0  1  3   0.0016051 -0.0015150 -0.0009688 -0.0009453 -0.0021908  0.0012256  0.0025432 -0.0020223 -0.0010024 -0.0023081 -0.0052628 -0.0019929  0.0005713  0.0011233  0.0008868  0.0024113
C  0  1  76  0  1  4   0.0016750 -0.0018083  0.0007726  0.0015612  0.0003651 -0.0002665  0.0018711  0.0002203  0.0002619  0.0007339 -0.0015335 -0.0023075  0.0027571 -0.0001655  0.0027648 -0.0023202
C  0  1  76  0  1  5  -0.0008662  0.0017825 -0.0031103  0.0015758 -0.0004934  0.0000188  0.0000622 -0.0025712 -0.0001567  0.0003842  0.0004119 -0.0018910 -0.0020094  0.0018282 -0.0008717 -0.0005752
C  0  1  76  0  1  6   0.0016797 -0.0015621 -0.0004208  0.0001280  0.0008890 -0.0019367  0.0003322 -0.0010610  0.0006668 -0.0006227  0.0003046 -0.0011998 -0.0005139 -0.0019694  0.0006368 -0.0004678
C  0  1  76  0  1  7  -0.0002951  0.0000102  0.0004807  0.0007055  0.0011317 -0.0009591 -0.0008564 -0.0008368  0.0012436 -0.0022730  0.0008526 -0.0033550 -0.0023204 -0.0003794 -0.0017794 -0.0002323
C  0  1  76  0  1  8   0.0012856 -0.0006986 -0.0001688 -0.0012496  0.0023271  0.0007690  0.0010399  0.0011369  0.0014127 -0.0015916 -0.0004997 -0.0016753  0.0002881  0.0009886 -0.0007123  0.0007400
C  0  1  76  0  1  9  -0.0016912  0.0016673  0.0018128 -0.0001647  0.0001303  0.0014075 -0.0007423 -0.0007272 -0.0010432 -0.0022207 -0.0018475 -0.0005601 -0.0011482 -0.0015683 -0.0017731  0.0004239
C  0  1  76  0  1 10  -0.0003776 -0.0007821  0.0007451  0.0014772  0.0011102  0.0007653  0.0007356 -0.0006658 -0.0022650 -0.0021182 -0.0024075 -0.0012136 -0.0005940 -0.0017442  0.0002283 -0.0004881
C  0  1  76  0  1 11  -0.0009164  0.0008349  0.0009939 -0.0009822  0.0014291  0.0002253 -0.0027553 -0.0042849 -0.0032812  0.0008464 -0.0006868 -0.0007325  0.0011215  0.0014158 -0.0008669  0.0002851
C  0  1  76  0  1 12   0.0004408  0.0000753  0.0006640  0.0005324  0.0009689 -0.0000175  0.0012605 -0.0012705 -0.0005564  0.0002594  0.0000619 -0.0007347 -0.0007374  0.0002035 -0.0000433 -0.0011461
C  0  1  76  0  1 13   0.0030734 -0.0012577  0.0003503  0.0006472  0.0017258  0.0000242 -0.0004451  0.0012733  0.0002618 -0.0008930 -0.0005026 -0.0036286 -0.0003390  0.0006545  0.0003828 -0.0003634
C  0  1  76  0  1 14   0.0001577  0.0019832  0.0016589  0.0007983  0.0008453  0.0013351 -0.0001968  0.0015458 -0.0004246  0.0011583 -0.0000100  0.0005224 -0.0006332 -0.0009150 -0.0006509  0.0017375
C  0  1  76  0  1 15   0.0035139  0.0008110 -0.0023200  0.0011678  0.0004276  0.0003850  0.0011799 -0.0025870  0.0000614  0.0008104  0.0003650  0.0018189  0.0001539 -0.0009584 -0.0010213  0.0021506
C  0  1  76  0  1 16   0.0022554  0.0016393  0.0019714 -0.0000831 -0.0008667 -0.0003702  0.0001406 -0.0024866  0.0006042 -0.0001290  0.0010182 -0.0007033  0.0004446  0.0025469  0.0030018  0.0014489
C  0  1  76  0  1 17   0.0015075 -0.0007856 -0.0005706  0.0021680  0.0019772  0.0023350  0.0006462  0.0000220 -0.0005752  0.0047410  0.0030308 -0.0004720  0.0013884  0.0009070  0.0058035  0.0068768
C  0  1  76  0  1 18   0.0045840  0.0047274  0.0026816  0.0010186 -0.0001531  0.0022580  0.0028800  0.0015397 -0.0036721  0.0036544  0.0051349  0.0001072 -0.0002208  0.0023055  0.0065575  0.0055489
C  0  1  76  0  1 19   0.0032465  0.0025547  0.0007678  0.0031001 -0.0003262  0.0008540  0.0030576  0.0021377  0.0040584  0.0044563 -0.0015743  0.0006910 -0.0010005  0.0002034  0.0046583  0.0030391
C  0  1  76  0  1 20   0.0060164  0.0080916  0.0040864  0.0051888  0.0008740  0.0029176  0.0028573 -0.0000202  0.0056768  0.0025926  0.0003089  0.0002859  0.0018469  0.0049615  0.0061106  0.0052028
C  0  1  76  0  1 21   0.0133012  0.0120793  0.0059988  0.0037685 -0.0059519 -0.0056410 -0.0040983 -0.0004255 -0.0032296 -0.0030179  0.0012073  0.0079831  0.0014693  0.0055435  0.0105144  0.0079483
C  0  1  76  1  0  0  -0.4416716 -0.3746041 -0.3533604 -0.3545008 -0.2244993 -0.3722055 -0.3067440 -0.3118250 -0.3070830 -0.2826214 -0.4113329 -0.5186231 -0.4292383 -0.4784755 -0.4160454 -0.4735297
C  0  1  76  1  0  1  -0.2394305 -0.3391286 -0.2782262 -0.2311282 -0.3270111 -0.2900494 -0.2950272 -0.2543380 -0.3182984 -0.2130784 -0.3179586 -0.3393364 -0.3502711 -0.3312190 -0.2972211 -0.3790236
C  0  1  76  1  0  2  -0.3334314 -0.3041417 -0.2415557 -0.2674847 -0.2730311 -0.2785577 -0.2352132 -0.2405379 -0.2397571 -0.2415590 -0.2840638 -0.3303132 -0.3230479 -0.3743363 -0.2806692 -0.3372831
C  0  1  76  1  0  3  -0.2757865 -0.2821645 -0.3043537 -0.3090215 -0.2436555 -0.2223100 -0.1683635 -0.1785889 -0.1821743 -0.2367272 -0.2127986 -0.2772012 -0.2841241 -0.3033002 -0.3153740 -0.2822852
C  0  1  76  1  0  4  -0.2803597 -0.2248328 -0.2839956 -0.2328649 -0.2362599 -0.1652489 -0.2501930 -0.2199710 -0.2052222 -0.2044448 -0.1658763 -0.2733726 -0.3321722 -0.2700052 -0.3349855 -0.3447145
C  0  1  76  1  0  5  -0.2077963 -0.1782369 -0.1695981 -0.1388759 -0.1640926 -0.1628057 -0.1578818 -0.1434704 -0.1655941 -0.1441316 -0.1395856 -0.1868142 -0.2226852 -0.1655905 -0.1809539 -0.2026008
C  0  1  76  1  0  6  -0.1388463 -0.1316292 -0.2086748 -0.1839844 -0.1180167 -0.1307643 -0.1427676 -0.1208539 -0.1549890 -0.1314043 -0.0723512 -0.0602521 -0.0988575 -0.1459114 -0.1467015 -0.1842287
C  0  1  76  1  0  7  -0.1214624 -0.1447280 -0.1489975 -0.1169991 -0.1698942 -0.1579586 -0.2050825 -0.1331933 -0.1316976 -0.0954212 -0.0973134 -0.1554089 -0.1619610 -0.1274785 -0.1447452 -0.1326306
C  0  1  76  1  0  8  -0.1764233 -0.1454096 -0.1505902 -0.1283155 -0.1822293 -0.1514060 -0.1347811 -0.1519198 -0.1715429 -0.1314759 -0.1094569 -0.1838758 -0.1263459 -0.1730996 -0.1327693 -0.1788420
C  0  1  76  1  0  9  -0.1551138 -0.1436352 -0.0751988 -0.1300466 -0.1093939 -0.1775980 -0.1128276 -0.1537629 -0.1355911 -0.1358786 -0.0954512 -0.1642959 -0.1735363 -0.1222094 -0.1595176 -0.1152475
C  0  1  76  1  0 10  -0.1345238 -0.1051145 -0.1472855 -0.1255235 -0.1343131 -0.1384876 -0.1470045 -0.1239997 -0.0835685 -0.1248800 -0.1496007 -0.1357019 -0.0926431 -0.1299583 -0.1137729 -0.1293983
C  0  1  76  1  0 11  -0.1296933 -0.1383591 -0.1593281 -0.1066891 -0.1030131 -0.1367323 -0.1277948 -0.1126554 -0.1445619 -0.1068768 -0.1541433 -0.1449572 -0.1202757 -0.1787200 -0.0750670 -0.1130001
C  0  1  76  1  0 12  -0.0859541 -0.1241605 -0.1712461 -0.1136422 -0.1608283 -0.1290052 -0.1599991 -0.1822878 -0.1692954 -0.1379474 -0.1638641 -0.0970966 -0.1119907 -0.1609282 -0.1018007 -0.1343917
C  0  1  76  1  0 13  -0.1372190 -0.1786062 -0.1713827 -0.0988993 -0.1092375 -0.1642477 -0.1576741 -0.1486710 -0.0847171 -0.1107225 -0.1772191 -0.1562490 -0.1488694 -0.1519189 -0.1379972 -0.1419291
C  0  1  76  1  0 14  -0.1279387 -0.1504413 -0.1267784 -0.1065476 -0.1571782 -0.0839758 -0.1247074 -0.2186204 -0.1364381 -0.1439236 -0.1332992 -0.1175614 -0.1658557 -0.0690835 -0.1035407 -0.1848440
C  0  1  76  1  0 15  -0.1276004 -0.1935405 -0.1812244 -0.1721671 -0.1591651 -0.1289173 -0.1406595 -0.1614645 -0.1803325 -0.1451273 -0.0944293 -0.1663264 -0.1803796 -0.0738870 -0.1132856 -0.1608339
C  0  1  76  1  0 16  -0.1803398 -0.1592860 -0.1663154 -0.1669731 -0.1780571 -0.1485220 -0.1715086 -0.2082571 -0.1400031 -0.1824178 -0.1345948 -0.1690485 -0.1521898 -0.1449464 -0.1455047 -0.1351590
C  0  1  76  1  0 17  -0.2637109 -0.3088105 -0.1794663 -0.2672157 -0.2530492 -0.2458849 -0.2816093 -0.2481322 -0.2624976 -0.2356001 -0.2289693 -0.2214887 -0.1904399 -0.2956709 -0.1969353 -0.2697485
C  0  1  76  1  0 18  -0.2448232 -0.2276757 -0.2407784 -0.2734932 -0.2074050 -0.2390064 -0.3162259 -0.2315648 -0.2862663 -0.2108226 -0.2712158 -0.2891223 -0.2468708 -0.2311807 -0.1888912 -0.2466522
C  0  1  76  1  0 19  -0.2526491 -0.2719341 -0.2831753 -0.2888431 -0.2657989 -0.2542324 -0.2527249 -0.2046206 -0.2948580 -0.2841082 -0.2007724 -0.2423244 -0.2216412 -0.2874540 -0.2809301 -0.2537573
C  0  1  76  1  0 20  -0.2966939 -0.2659241 -0.3633112 -0.3146604 -0.2719690 -0.2353604 -0.2949811 -0.3624330 -0.3294081 -0.2657664 -0.3169753 -0.3012852 -0.3670721 -0.3331763 -0.2938233 -0.2624672
C  0  1  76  1  0 21  -0.3773351 -0.3862233 -0.3965815 -0.3414828 -0.2938914 -0.2222757 -0.3217120 -0.2770144 -0.3645509 -0.3124998 -0.2517830 -0.2358829 -0.2695188 -0.4231460 -0.3660292 -0.3999063
C  0  1  76  1  1  0   0.0479872  0.0503123  0.0428700  0.0274961  0.0032320 -0.0209654 -0.0314929 -0.0399920 -0.0441469 -0.0369614 -0.0325486 -0.0156255  0.0055695  0.0083257  0.0253949  0.0413844
C  0  1  76  1  1  1   0.0250758  0.0225935  0.0190016  0.0115934  0.0045627 -0.0070903 -0.0131586 -0.0171604 -0.0172019 -0.0149817 -0.0122910 -0.0079785  0.0051998  0.0083057  0.0122986  0.0256877
C  0  1  76  1  1  2   0.0120706  0.0131398  0.0088455  0.0062122  0.0017484 -0.0027058 -0.0080808 -0.0080549 -0.0101972 -0.0057861 -0.0062913 -0.0039799 -0.0001712  0.0031825  0.0044057  0.0119708
C  0  1  76  1  1  3   0.0087939  0.0065196  0.0010233  0.0040198  0.0015559  0.0006153 -0.0026638 -0.0010572  0.0003782  0.0002009 -0.0026901 -0.0007205  0.0030201  0.0039359  0.0032746  0.0077091
C  0  1  76  1  1  4   0.0031147  0.0027184  0.0023415  0.0005670  0.0038377  0.0029352  0.0015809  0.0027068  0.0056173  0.0032639 -0.0001092  0.0001839  0.0023092  0.0024439  0.0056371  0.0033788
C  0  1  76  1  1  5   0.0017783  0.0005733 -0.0001421  0.0026689  0.0033228  0.0038595  0.0035745  0.0045397  0.0045234  0.0024074 -0.0002237 -0.0000690  0.0022596  0.0029345  0.0024095 -0.0004565
C  0  1  76  1  1  6   0.0014679  0.0024005  0.0012934  0.0040946  0.0052148  0.0056479  0.0057842  0.0051260  0.0043318  0.0011200  0.0001909  0.0005244  0.0016556  0.0012950  0.0007432  0.0009683
C  0  1  76  1  1  7  -0.0013991  0.0017438  0.0024496  0.0045168  0.0039055  0.0039085  0.0061779  0.0033871  0.0032273  0.0005521 -0.0006772 -0.0000181  0.0017266  0.0009902  0.0014153 -0.0010352
C  0  1  76  1  1  8  -0.0007653  0.0010226  0.0027586  0.0023240  0.0046211  0.0039248  0.0052133  0.0056117  0.0063398  0.0014360  0.0011976  0.0005590  0.0027095  0.0017563  0.0017393 -0.0008899
C  0  1  76  1  1  9   0.0011737  0.0024707  0.0018133  0.0037534  0.0024578  0.0030231  0.0042309  0.0039833  0.0031647 -0.0004093  0.0016198  0.0012007  0.0006917  0.0006677  0.0006531 -0.0012221
C  0  1  76  1  1 10   0.0003088  0.0029329  0.0014896  0.0017369  0.0027141  0.0014760  0.0024936  0.0033749  0.0033512  0.0006219  0.0004992 -0.0001084 -0.0006949  0.0014596  0.0018710 -0.0007348
C  0  1  76  1  1 11   0.0001419  0.0023405  0.0014068  0.0024625  0.0040001  0.0007347  0.0020952  0.0019247  0.0021640  0.0016599 -0.0018429 -0.0004335  0.0008327 -0.0001033  0.0011728 -0.0019696
C  0  1  76  1  1 12   0.0007113  0.0017870  0.0013443  0.0042168  0.0026445  0.0009795  0.0022988  0.0026217  0.0045635  0.0009996  0.0017548  0.0014938  0.0006542 -0.0002857  0.0014748 -0.0006428
C  0  1  76  1  1 13   0.0000025  0.0023228  0.0030185  0.0037867  0.0035184  0.0029245  0.0039695  0.0062209  0.0056527  0.0018754  0.0016672  0.0002057 -0.0003063 -0.0015545  0.0011976 -0.0009699
C  0  1  76  1  1 14  -0.0001043  0.0009980  0.0027071  0.0042416  0.0044246  0.0032429  0.0040597  0.0069673  0.0061121  0.0015947  0.0017483  0.0002012 -0.0018992 -0.0017091 -0.0009200 -0.0022827
C  0  1  76  1  1 15  -0.0011504  0.0006967  0.0029931  0.0035199  0.0029129 -0.0001417  0.0035023  0.0029040  0.0067454  0.0030935  0.0027932  0.0009472 -0.0022549 -0.0052070 -0.0042525 -0.0044604
C  0  1  76  1  1 16  -0.0026277  0.0012133  0.0027221  0.0049340  0.0029305  0.0010848  0.0038527  0.0044204  0.0038534  0.0060367  0.0026311  0.0021266 -0.0010233 -0.0004138 -0.0037047 -0.0048846
C  0  1  76  1  1 17  -0.0030569  0.0031111  0.0022985  0.0067889  0.0013591 -0.0002883  0.0019242  0.0037748  0.0049923  0.0057280  0.0057648  0.0014873  0.0004730 -0.0033742 -0.0038435 -0.0049324
C  0  1  76  1  1 18   0.0007555  0.0073696  0.0063052  0.0065819  0.0049277 -0.0001665 -0.0003134 -0.0003414  0.0041346  0.0048543  0.0026996  0.0005776 -0.0015418 -0.0033820 -0.0058865 -0.0033630
C  0  1  76  1  1 19   0.0021785  0.0091648  0.0122103  0.0093737  0.0060356  0.0013919 -0.0027900 -0.0018779  0.0039238  0.0048945  0.0027585 -0.0002435 -0.0019638 -0.0043900 -0.0064835 -0.0025523
C  0  1  76  1  1 20   0.0017808  0.0148085  0.0201242  0.0147692  0.0072422  0.0039746 -0.0017676 -0.0001894  0.0014317  0.0070842  0.0017883 -0.0027487 -0.0062223 -0.0087254 -0.0057513 -0.0044584
C  0  1  76  1  1 21   0.0096132  0.0227124  0.0323609  0.0222695  0.0178012  0.0143881  0.0123817  0.0125640  0.0128124  0.0154892  0.0053516 -0.0009871 -0.0071142 -0.0163921 -0.0062525  0.0009954
