CPHI 16 
CETA 22 -2.40 -2.10 -1.85 -1.60 -1.40 -1.20 -1.00 -0.80 -0.60 -0.40 -0.20  0.00  0.20  0.40  0.60  0.80  1.00  1.20  1.40  1.60  1.85  2.10  2.40 
RMIN  6 
RTRK 12 
RETA 11  0.00  0.20  0.40  0.60  0.80  1.00  1.20  1.40  1.60  1.85  2.10  2.40 
T 0 1  77  0  0  0    0.0000000   0.0006007   0.0016408   0.0031502   0.0124984   0.0692503   0.2780135   0.6536110   1.0000000   1.0000000   1.0000000   1.0000000   1.0000000
T 0 1  77  0  0  1    0.0000000   0.0001368   0.0005637   0.0023932   0.0125494   0.0588548   0.2266286   0.5884911   1.0000000   1.0000000   1.0000000   1.0000000   1.0000000
T 0 1  77  0  0  2    0.0000000   0.0001317   0.0005374   0.0017545   0.0109339   0.0558580   0.2095980   0.5740296   1.0000000   1.0000000   1.0000000   1.0000000   1.0000000
T 0 1  77  0  0  3    0.0000000   0.0001944   0.0005501   0.0017042   0.0114327   0.0631000   0.2264148   0.5868452   1.0000000   1.0000000   1.0000000   1.0000000   1.0000000
T 0 1  77  0  0  4    0.0000000   0.0003760   0.0025297   0.0143656   0.0636007   0.2047082   0.4894340   0.8231959   1.0000000   1.0000000   1.0000000   1.0000000   1.0000000
T 0 1  77  0  0  5    0.0000000   0.0009480   0.0073377   0.0508156   0.2046989   0.5329403   0.8761038   0.9994142   1.0000000   1.0000000   1.0000000   1.0000000   1.0000000
T 0 1  77  0  0  6    0.0000000   0.0002448   0.0010954   0.0101982   0.0666801   0.2764476   0.6634938   0.9314340   0.9981977   1.0000000   1.0000000   1.0000000   1.0000000
T 0 1  77  0  0  7    0.0000000   0.0000755   0.0004309   0.0009392   0.0047375   0.0310166   0.1193748   0.2977000   0.5812942   0.8698688   0.9844053   0.9998575   1.0000000
T 0 1  77  0  0  8    0.0000000   0.0000030   0.0000485   0.0001247   0.0003964   0.0010461   0.0043632   0.0252710   0.1199153   0.3943394   0.7896873   0.9698031   1.0000000
T 0 1  77  0  0  9    0.0000000   0.0000030   0.0000044   0.0000238   0.0005385   0.0035709   0.0184766   0.0865132   0.3024067   0.6585730   0.9386368   0.9999415   1.0000000
T 0 1  77  0  0 10    0.0000000   0.0065635   0.0288550   0.0461269   0.0790087   0.1684819   0.3380594   0.6899484   0.9103601   0.9698489   0.9998398   1.0000000   1.0000000
T 0 1  77  1  0  0    0.0000000   0.0005148   0.0016399   0.0047460   0.0213440   0.1017716   0.3374237   0.6994022   1.0000000   1.0000000   1.0000000   1.0000000   1.0000000
T 0 1  77  1  0  1    0.0000000   0.0002633   0.0010891   0.0042307   0.0181163   0.0752157   0.2537985   0.6193956   1.0000000   1.0000000   1.0000000   1.0000000   1.0000000
T 0 1  77  1  0  2    0.0000000   0.0002194   0.0008486   0.0027728   0.0124455   0.0616642   0.2339277   0.6064318   1.0000000   1.0000000   1.0000000   1.0000000   1.0000000
T 0 1  77  1  0  3    0.0000000   0.0002283   0.0008669   0.0027852   0.0140251   0.0700545   0.2491207   0.6198491   1.0000000   1.0000000   1.0000000   1.0000000   1.0000000
T 0 1  77  1  0  4    0.0000000   0.0004356   0.0027620   0.0153929   0.0663357   0.2155446   0.5058694   0.8320271   1.0000000   1.0000000   1.0000000   1.0000000   1.0000000
T 0 1  77  1  0  5    0.0000000   0.0011873   0.0094478   0.0577925   0.2246261   0.5586818   0.8900123   0.9996500   1.0000000   1.0000000   1.0000000   1.0000000   1.0000000
T 0 1  77  1  0  6    0.0000000   0.0004626   0.0026649   0.0180020   0.0942133   0.3329130   0.7236541   0.9536823   0.9988141   0.9999984   1.0000000   1.0000000   1.0000000
T 0 1  77  1  0  7    0.0000000   0.0002246   0.0006446   0.0024765   0.0123245   0.0526267   0.1570011   0.3413836   0.6074237   0.8728054   0.9849908   0.9998878   1.0000000
T 0 1  77  1  0  8    0.0000000   0.0009562   0.0014955   0.0017998   0.0022382   0.0036136   0.0107994   0.0452511   0.1686405   0.4573475   0.8251665   0.9710661   1.0000000
T 0 1  77  1  0  9    0.0000000   0.0021003   0.0074838   0.0131257   0.0159362   0.0198461   0.0401951   0.1288935   0.3661962   0.7154288   0.9583841   0.9999941   1.0000000
T 0 1  77  1  0 10    0.0000000   0.0032254   0.0170235   0.0428863   0.0843736   0.1746921   0.3942474   0.7474223   0.9511020   0.9856143   0.9999985   1.0000000   1.0000000
R 0 1  77  0  0  0    0.0230207   0.0230207   0.0108622   0.0105417   0.0103892   0.0101858   0.0099982   0.0098360   0.0098360   0.0098360   0.0098360   0.0098360
R 0 1  77  0  0  1    0.0116863   0.0116863   0.0116863   0.0116863   0.0110069   0.0109751   0.0109719   0.0108615   0.0108615   0.0108615   0.0108615   0.0108615
R 0 1  77  0  0  2    0.0127053   0.0127053   0.0127053   0.0127053   0.0120447   0.0119403   0.0118553   0.0117238   0.0117238   0.0117238   0.0117238   0.0117238
R 0 1  77  0  0  3    0.0134979   0.0134979   0.0134979   0.0134979   0.0127102   0.0125693   0.0123759   0.0122283   0.0122283   0.0122283   0.0122283   0.0122283
R 0 1  77  0  0  4    0.0190253   0.0190253   0.0190253   0.0174394   0.0169336   0.0158648   0.0145352   0.0130657   0.0130657   0.0130657   0.0130657   0.0130657
R 0 1  77  0  0  5    0.0201857   0.0201857   0.0192441   0.0191640   0.0187552   0.0180876   0.0168422   0.0168422   0.0168422   0.0168422   0.0168422   0.0168422
R 0 1  77  0  0  6    0.0201896   0.0201896   0.0201896   0.0203983   0.0209447   0.0207192   0.0207830   0.0205990   0.0205990   0.0205990   0.0205990   0.0205990
R 0 1  77  0  0  7    0.0217802   0.0217802   0.0217802   0.0217802   0.0206719   0.0212696   0.0212079   0.0209457   0.0205692   0.0196517   0.0196517   0.0196517
R 0 1  77  0  0  8    0.0211636   0.0211636   0.0211636   0.0211636   0.0211636   0.0211636   0.0211636   0.0209718   0.0209989   0.0209247   0.0202200   0.0188788
R 0 1  77  0  0  9    0.0309082   0.0309082   0.0309082   0.0309082   0.0309082   0.0309082   0.0295583   0.0289525   0.0274548   0.0265076   0.0248817   0.0248817
R 0 1  77  0  0 10    0.0792854   0.0709476   0.0606460   0.0535078   0.0469332   0.0441263   0.0409417   0.0355325   0.0337802   0.0308209   0.0308209   0.0308209
R 0 1  77  0  1  0    0.0000000   0.0000000   0.0000000   0.0000708   0.0000864   0.0000789   0.0000728   0.0000648   0.0000648   0.0000648   0.0000648   0.0000648
R 0 1  77  0  1  1    0.0000455   0.0000455   0.0000455   0.0000455   0.0000633   0.0000707   0.0000605   0.0000565   0.0000565   0.0000565   0.0000565   0.0000565
R 0 1  77  0  1  2    0.0000821   0.0000821   0.0000821   0.0000821   0.0000674   0.0000610   0.0000593   0.0000533   0.0000533   0.0000533   0.0000533   0.0000533
R 0 1  77  0  1  3    0.0000791   0.0000791   0.0000791   0.0000791   0.0000630   0.0000592   0.0000552   0.0000489   0.0000489   0.0000489   0.0000489   0.0000489
R 0 1  77  0  1  4    0.0001401   0.0001401   0.0001401   0.0000928   0.0000907   0.0000753   0.0000553   0.0000437   0.0000437   0.0000437   0.0000437   0.0000437
R 0 1  77  0  1  5    0.0001601   0.0001601   0.0000732   0.0000732   0.0000645   0.0000616   0.0000438   0.0000438   0.0000438   0.0000438   0.0000438   0.0000438
R 0 1  77  0  1  6    0.0000635   0.0000635   0.0000635   0.0000591   0.0000675   0.0000583   0.0000506   0.0000228   0.0000228   0.0000228   0.0000228   0.0000228
R 0 1  77  0  1  7    0.0000364   0.0000364   0.0000364   0.0000364   0.0000600   0.0000702   0.0000701   0.0000775   0.0000739   0.0000567   0.0000567   0.0000567
R 0 1  77  0  1  8    0.0000825   0.0000825   0.0000825   0.0000825   0.0000825   0.0000825   0.0000825   0.0001041   0.0001051   0.0001006   0.0000746   0.0000696
R 0 1  77  0  1  9    0.0002697   0.0002697   0.0002697   0.0002697   0.0002697   0.0002697   0.0001952   0.0002004   0.0001822   0.0001588   0.0001403   0.0001403
R 0 1  77  0  1 10    0.0014141   0.0011167   0.0008248   0.0007360   0.0005410   0.0004836   0.0003899   0.0002529   0.0002088   0.0001782   0.0001782   0.0001782
R 0 1  77  0  2  0    0.0000000   0.0000000   0.0000000   0.0000000   0.0000000   0.0000094   0.0000151   0.0000075   0.0000075   0.0000075   0.0000075   0.0000075
R 0 1  77  0  2  1    0.0000000   0.0000000   0.0000000   0.0000000   0.0000000   0.0000000   0.0000069   0.0000095   0.0000095   0.0000095   0.0000095   0.0000095
R 0 1  77  0  2  2    0.0000000   0.0000000   0.0000000   0.0000000   0.0000315   0.0000262   0.0000113   0.0000091   0.0000091   0.0000091   0.0000091   0.0000091
R 0 1  77  0  2  3    0.0001232   0.0001232   0.0001232   0.0001232   0.0000330   0.0000000   0.0000097   0.0000065   0.0000065   0.0000065   0.0000065   0.0000065
R 0 1  77  0  2  4    0.0000000   0.0000000   0.0000000   0.0000000   0.0000000   0.0000102   0.0000116   0.0000000   0.0000000   0.0000000   0.0000000   0.0000000
R 0 1  77  0  2  5    0.0000000   0.0000000   0.0000000   0.0000000   0.0000203   0.0000000   0.0000000   0.0000000   0.0000000   0.0000000   0.0000000   0.0000000
R 0 1  77  0  2  6    0.0000000   0.0000000   0.0000000   0.0000000   0.0000000   0.0000000   0.0000000   0.0000000   0.0000000   0.0000000   0.0000000   0.0000000
R 0 1  77  0  2  7    0.0000000   0.0000000   0.0000000   0.0000000   0.0000000   0.0000000   0.0000000   0.0000000   0.0000000   0.0000000   0.0000000   0.0000000
R 0 1  77  0  2  8    0.0000000   0.0000000   0.0000000   0.0000000   0.0000000   0.0000000   0.0000000   0.0000000   0.0000158   0.0000209   0.0000000   0.0000000
R 0 1  77  0  2  9    0.0000000   0.0000000   0.0000000   0.0000000   0.0000000   0.0000000   0.0000000   0.0000429   0.0000150   0.0000000   0.0000000   0.0000000
R 0 1  77  0  2 10    0.0000000   0.0000000   0.0000000   0.0000000   0.0000000   0.0000000   0.0000319   0.0000000   0.0000000   0.0000000   0.0000000   0.0000000
R 0 1  77  0  3  0    1.1422564   1.1422564   1.1185412   1.0228203   0.9914491   0.9867116   0.9818591   0.9766430   0.9766430   0.9766430   0.9766430   0.9766430
R 0 1  77  0  3  1    1.0161726   1.0161726   1.0161726   1.0161726   0.9920391   0.9836531   0.9785432   0.9795756   0.9795756   0.9795756   0.9795756   0.9795756
R 0 1  77  0  3  2    1.0088436   1.0088436   1.0088436   1.0088436   1.0001988   0.9885214   0.9807731   0.9820604   0.9820604   0.9820604   0.9820604   0.9820604
R 0 1  77  0  3  3    0.9962410   0.9962410   0.9962410   0.9962410   0.9965588   0.9865570   0.9833786   0.9806948   0.9806948   0.9806948   0.9806948   0.9806948
R 0 1  77  0  3  4    1.0247318   1.0247318   1.0247318   0.9854378   0.9761614   0.9736003   0.9770751   0.9922290   0.9922290   0.9922290   0.9922290   0.9922290
R 0 1  77  0  3  5    1.0257754   1.0257754   1.0036111   0.9832359   0.9726137   0.9709930   0.9763072   0.9763072   0.9763072   0.9763072   0.9763072   0.9763072
R 0 1  77  0  3  6    1.0063053   1.0063053   1.0063053   1.0014857   0.9863074   0.9844391   0.9842467   0.9863180   0.9863180   0.9863180   0.9863180   0.9863180
R 0 1  77  0  3  7    1.0466587   1.0466587   1.0466587   1.0466587   1.0321573   0.9977846   0.9887592   0.9860345   0.9884942   0.9867270   0.9867270   0.9867270
R 0 1  77  0  3  8    1.0192873   1.0192873   1.0192873   1.0192873   1.0192873   1.0192873   1.0192873   0.9958651   0.9861812   0.9840253   0.9863238   1.0179053
R 0 1  77  0  3  9    1.0244595   1.0244595   1.0244595   1.0244595   1.0244595   1.0244595   0.9915704   0.9771759   0.9711659   0.9841432   1.0053570   1.0053570
R 0 1  77  0  3 10    1.0291866   1.0420028   1.0400214   0.9898136   0.9787936   0.9731719   0.9666889   0.9657237   0.9970885   1.0042694   1.0042694   1.0042694
R 0 1  77  0  4  0    1.2997067   1.2997067   1.2618046   2.1041494   2.1983484   2.2985393   2.2324603   2.1176507   2.1176507   2.1176507   2.1176507   2.1176507
R 0 1  77  0  4  1    1.9093281   1.9093281   1.9093281   1.9093281   2.2105307   2.2164694   2.2017126   2.2128879   2.2128879   2.2128879   2.2128879   2.2128879
R 0 1  77  0  4  2    1.8987599   1.8987599   1.8987599   1.8987599   2.2402028   2.2734178   2.2232623   2.2439087   2.2439087   2.2439087   2.2439087   2.2439087
R 0 1  77  0  4  3    1.7528949   1.7528949   1.7528949   1.7528949   2.2654476   2.2640493   2.2495200   2.2197742   2.2197742   2.2197742   2.2197742   2.2197742
R 0 1  77  0  4  4    1.8823503   1.8823503   1.8823503   1.9934708   2.0532205   2.0770122   2.1833912   2.3660572   2.3660572   2.3660572   2.3660572   2.3660572
R 0 1  77  0  4  5    1.7513890   1.7513890   2.0984906   2.1583922   2.0657886   2.0599472   2.0093820   2.0093820   2.0093820   2.0093820   2.0093820   2.0093820
R 0 1  77  0  4  6    1.9451429   1.9451429   1.9451429   2.1988783   2.2954102   2.3438833   2.3509603   2.2782712   2.2782712   2.2782712   2.2782712   2.2782712
R 0 1  77  0  4  7    1.8105887   1.8105887   1.8105887   1.8105887   2.2379389   2.3602147   2.3377244   2.3588381   2.4086011   2.3361395   2.3361395   2.3361395
R 0 1  77  0  4  8    2.1988052   2.1988052   2.1988052   2.1988052   2.1988052   2.1988052   2.1988052   2.2941311   2.2878224   2.2782105   2.2867157   2.3432162
R 0 1  77  0  4  9    2.0300982   2.0300982   2.0300982   2.0300982   2.0300982   2.0300982   1.9987632   2.0909650   2.0231150   2.1814285   2.1847942   2.1847942
R 0 1  77  0  4 10    1.9649891   2.2488369   2.1034788   1.8807019   1.9312975   1.9759608   1.9542102   1.8932265   1.9793608   2.0695613   2.0695613   2.0695613
R 0 1  77  0  5  0  148.3837861 148.3837861   8.4693934   3.6101448   3.9673511   3.8527185   4.2888580   5.5357669   5.5357669   5.5357669   5.5357669   5.5357669
R 0 1  77  0  5  1    4.2178683   4.2178683   4.2178683   4.2178683   3.8456709   4.1502989   4.3731512   4.2205691   4.2205691   4.2205691   4.2205691   4.2205691
R 0 1  77  0  5  2    4.2608926   4.2608926   4.2608926   4.2608926   3.9203346   3.9733853   4.2400857   4.2748357   4.2748357   4.2748357   4.2748357   4.2748357
R 0 1  77  0  5  3    5.4617513   5.4617513   5.4617513   5.4617513   3.9993101   3.9558408   4.2536275   4.4969380   4.4969380   4.4969380   4.4969380   4.4969380
R 0 1  77  0  5  4    4.6586358   4.6586358   4.6586358   5.1927702   5.5324226   5.1353835   4.0835069   3.1007483   3.1007483   3.1007483   3.1007483   3.1007483
R 0 1  77  0  5  5    4.1343184   4.1343184   4.6248777   4.6659584   5.6205763   4.9130689   4.2152498   4.2152498   4.2152498   4.2152498   4.2152498   4.2152498
R 0 1  77  0  5  6    3.1813157   3.1813157   3.1813157   4.3332094   3.5993778   2.9728571   2.3604604   2.0252299   2.0252299   2.0252299   2.0252299   2.0252299
R 0 1  77  0  5  7    3.7209113   3.7209113   3.7209113   3.7209113   3.6901920   3.1077422   2.9471400   2.8501608   2.5024910   2.1197601   2.1197601   2.1197601
R 0 1  77  0  5  8    4.1564035   4.1564035   4.1564035   4.1564035   4.1564035   4.1564035   4.1564035   4.0815832   4.3194766   4.2605348   3.5871048   3.9729271
R 0 1  77  0  5  9    5.2563915   5.2563915   5.2563915   5.2563915   5.2563915   5.2563915   6.5680270   5.7037299   6.8106345   5.7354749   5.5268668   5.5268668
R 0 1  77  0  5 10    5.3083983   3.9658001   3.8902739   5.5573749   5.9123901   6.7745802   7.7356596   9.4569463   9.0307521   6.5262374   6.5262374   6.5262374
F  0  1  77  0  0  0    1.0094142   1.0563953   0.9903722   0.9893753   0.9764211   0.9969452   0.9786834   0.9960640   0.9974523   0.9824247   0.9846384
F  0  1  77  1  0  0    1.0555091   1.0935742   1.0678051   1.0815699   1.0593066   1.0675957   1.0639110   1.0609972   1.0570270   1.0703517   1.0804812
C  0  1  77  0  0  0  -0.3221116 -0.1526346 -0.1621083 -0.5263179 -0.3775531 -0.1777643 -0.1445291 -0.3696434 -0.3107589 -0.0936415 -0.2404344 -0.2410576 -0.1053090 -0.1495414 -0.4708121 -0.0755631
C  0  1  77  0  0  1  -0.0750863 -0.1625573 -0.1446384  0.0245943 -0.2001993 -0.0887540 -0.1333461 -0.1720069 -0.0713796 -0.2021096  0.0154063 -0.0722357 -0.1270859 -0.1043278 -0.2558781  0.0661971
C  0  1  77  0  0  2  -0.1068953 -0.1021680 -0.1007775 -0.0934522 -0.0267310  0.0051327 -0.1759417 -0.1042611  0.0189490 -0.0446507 -0.0658666 -0.0449899 -0.1668698 -0.0458142 -0.0242738 -0.1314661
C  0  1  77  0  0  3   0.0796924 -0.1076221 -0.1894519 -0.0755286  0.0562974 -0.1511007 -0.0896275  0.0057251 -0.0699219 -0.1623118 -0.1294956 -0.0262939 -0.1877034 -0.0535925 -0.1333309  0.0219743
C  0  1  77  0  0  4  -0.1077795 -0.0630128 -0.0472346 -0.0817164 -0.1068737 -0.0760176 -0.0462619  0.0117546 -0.1185728 -0.0485062 -0.0318060 -0.0102753 -0.0914667 -0.1021919  0.0406301 -0.0342832
C  0  1  77  0  0  5  -0.0363934 -0.0349805 -0.1041464  0.0710559  0.0526911 -0.0777951 -0.1451408  0.0090756 -0.0004055 -0.0799990  0.0385390 -0.0403084 -0.0642034  0.0362212  0.1013211 -0.1017171
C  0  1  77  0  0  6   0.0669687  0.1386186  0.0298848  0.0011854  0.0355873 -0.0068499 -0.0588798 -0.0567688 -0.0820510 -0.0094097  0.0255663  0.0026260 -0.0576937 -0.0095093 -0.0393521  0.0985390
C  0  1  77  0  0  7   0.0045747 -0.0417717  0.0118122  0.0003446  0.0258536  0.0488986 -0.0409670 -0.0319407 -0.0313553  0.0024679 -0.0348230 -0.0288312 -0.0313095  0.0091058  0.0056697  0.0148764
C  0  1  77  0  0  8  -0.0123834 -0.0257672  0.0297395  0.0581102 -0.0373765  0.0331942 -0.0062111 -0.0553203 -0.0200907  0.0677786  0.0186381 -0.0064989  0.0136536  0.1344379 -0.0653672 -0.0062941
C  0  1  77  0  0  9  -0.0052809 -0.0013297  0.0091773  0.0514223  0.0152434 -0.0098681 -0.0131387 -0.0343317 -0.0300882  0.0098336  0.0782006  0.0994510 -0.0041160  0.0053866  0.0070452  0.0604652
C  0  1  77  0  0 10  -0.0674532 -0.0091911  0.0624344  0.0692977  0.0000798  0.0371713  0.0142962 -0.0444726 -0.0281022 -0.0118483  0.0378327 -0.0355890 -0.0392043  0.0533908  0.0599293  0.0763852
C  0  1  77  0  0 11   0.0077178 -0.0330624 -0.0733074  0.0282601  0.0477774 -0.0090036  0.0815157  0.0058539 -0.0123418 -0.0147876  0.0383718 -0.0134202  0.0332576  0.0611347 -0.0265468 -0.0055629
C  0  1  77  0  0 12   0.1323842 -0.0221250 -0.0221857 -0.0487869  0.0082501 -0.0252874  0.0420217 -0.0060319 -0.0590959  0.0508203 -0.0091180  0.0054589 -0.0233661  0.0242186  0.0327752 -0.0543380
C  0  1  77  0  0 13  -0.0156240 -0.0294989  0.0656472  0.0633880 -0.0569207 -0.0758223  0.0017659 -0.0093232  0.1156661  0.0250788  0.1072315 -0.0210045  0.0447024  0.0127518 -0.0486140  0.0259588
C  0  1  77  0  0 14   0.0112453  0.0174790 -0.0204499 -0.0190442 -0.0440086 -0.0059282 -0.0323262 -0.0269127 -0.0178219 -0.0425110  0.0724197 -0.0621431 -0.0390045  0.0228558 -0.0076510 -0.0013808
C  0  1  77  0  0 15   0.0112442 -0.0623293 -0.0644558  0.0476701  0.0779877 -0.0002180  0.0089005 -0.0385497 -0.0633970 -0.0251850  0.0094391 -0.0952825 -0.0244853  0.0121926 -0.0847570  0.0506065
C  0  1  77  0  0 16   0.0807644 -0.0772747 -0.0477582  0.0749346 -0.0988191 -0.1077386  0.0078263  0.0221995 -0.0892571  0.0978230 -0.0091806 -0.0446514 -0.1106031  0.0168119 -0.0375604  0.0468230
C  0  1  77  0  0 17  -0.0090150 -0.0009440 -0.0681100 -0.1841584 -0.0797859 -0.0701852 -0.0137427 -0.0253622 -0.0228290 -0.1121449  0.0142496  0.0078273 -0.1207793 -0.1095731 -0.0428089 -0.0383282
C  0  1  77  0  0 18  -0.1407902 -0.0638462 -0.0500227 -0.0327054 -0.1857045 -0.0333599 -0.0736497 -0.1338317 -0.1236625 -0.0446655 -0.0226005 -0.1681508  0.0231740  0.0078460 -0.1284451  0.0265664
C  0  1  77  0  0 19  -0.0714843 -0.0081080 -0.1841920 -0.0352647 -0.0952965 -0.0393652 -0.1503956 -0.0502330 -0.1222808 -0.0310736 -0.1547529 -0.1002399  0.0181256  0.0085005 -0.0262827 -0.1405213
C  0  1  77  0  0 20  -0.0940650 -0.0813335  0.0655799 -0.0700308 -0.1748264 -0.1783298 -0.2639947 -0.1371166 -0.2247510 -0.1750200 -0.1970657  0.0658828  0.0501642 -0.1951418 -0.0759022 -0.1642957
C  0  1  77  0  0 21  -0.0705392 -0.1012332 -0.3317615 -0.1140619 -0.1600012 -0.1127781 -0.3596584 -0.3795217 -0.1414872 -0.2049782 -0.1718403 -0.1048685 -0.3439145 -0.4313744 -0.3891338 -0.2584364
C  0  1  77  0  1  0   0.0005689 -0.0005427 -0.0041685 -0.0013845 -0.0038747 -0.0005539  0.0026164  0.0024779 -0.0025544 -0.0023623 -0.0045831  0.0007095  0.0087261  0.0023095  0.0052842  0.0065300
C  0  1  77  0  1  1  -0.0000754 -0.0001595 -0.0029312 -0.0041517 -0.0011723 -0.0042329  0.0045904 -0.0001242  0.0010277  0.0005592 -0.0017085 -0.0037265  0.0051948  0.0071056  0.0017276  0.0038423
C  0  1  77  0  1  2   0.0020221  0.0000830  0.0014475  0.0001557 -0.0021360  0.0015913  0.0011258  0.0030861 -0.0016366  0.0008878 -0.0023507 -0.0001883 -0.0003716 -0.0013382  0.0008133  0.0007685
C  0  1  77  0  1  3   0.0001667  0.0007836  0.0002377 -0.0009658 -0.0022727  0.0006426  0.0025767 -0.0025866 -0.0005874 -0.0022345 -0.0016726 -0.0003472  0.0013166 -0.0013673  0.0010993  0.0027149
C  0  1  77  0  1  4   0.0031684 -0.0012224 -0.0001559  0.0022682  0.0007820 -0.0006548  0.0020493 -0.0017217  0.0023996 -0.0000116 -0.0004505 -0.0023241  0.0018560  0.0000192  0.0001664 -0.0030409
C  0  1  77  0  1  5  -0.0005423  0.0006968 -0.0016190  0.0020419 -0.0021295 -0.0011369 -0.0013353  0.0008861  0.0004433  0.0012666 -0.0000024 -0.0006780 -0.0004568  0.0000055  0.0021982 -0.0006775
C  0  1  77  0  1  6   0.0030086 -0.0021629 -0.0004952  0.0035213 -0.0006648  0.0017978 -0.0017816 -0.0008892  0.0007614 -0.0010118 -0.0010480  0.0008207 -0.0007211 -0.0014631 -0.0002208 -0.0018233
C  0  1  77  0  1  7   0.0024096 -0.0007580  0.0003282  0.0004279  0.0034445  0.0004900 -0.0008380 -0.0016152  0.0013682 -0.0019614  0.0031249 -0.0015586 -0.0012336 -0.0011429  0.0021180 -0.0007019
C  0  1  77  0  1  8   0.0016011  0.0015745 -0.0001929 -0.0011417  0.0009464  0.0023223  0.0007130 -0.0008944  0.0008521 -0.0004158 -0.0001465 -0.0031258 -0.0018147  0.0000399  0.0004015  0.0011652
C  0  1  77  0  1  9  -0.0000178  0.0013675  0.0017992 -0.0000822  0.0010489  0.0011870  0.0011344  0.0000136 -0.0011734 -0.0010826 -0.0041174 -0.0007971 -0.0014009 -0.0000534 -0.0010817  0.0009954
C  0  1  77  0  1 10  -0.0000557  0.0010695 -0.0015601  0.0008978  0.0025975  0.0004135  0.0012858  0.0004844 -0.0012735 -0.0019258 -0.0019753  0.0006607 -0.0004870 -0.0001318  0.0000203  0.0009903
C  0  1  77  0  1 11   0.0001114  0.0010278 -0.0002993  0.0017183  0.0021455  0.0014954 -0.0014837 -0.0036480 -0.0022926 -0.0014298  0.0005732 -0.0023034  0.0000426 -0.0003103 -0.0009444 -0.0003377
C  0  1  77  0  1 12   0.0024591  0.0004606 -0.0002328 -0.0007402  0.0020649  0.0013157  0.0023003  0.0001921 -0.0001218  0.0005851  0.0006052  0.0021254 -0.0004867  0.0005000  0.0021090  0.0005245
C  0  1  77  0  1 13   0.0023275 -0.0000976 -0.0016330  0.0025301  0.0032006  0.0012248 -0.0007734  0.0018307 -0.0018840 -0.0006555 -0.0025974 -0.0034805 -0.0008502 -0.0004923  0.0008361  0.0028696
C  0  1  77  0  1 14   0.0025256 -0.0001595  0.0025238  0.0029150  0.0014967  0.0007759 -0.0020965  0.0014128 -0.0008426  0.0006809 -0.0006345  0.0010352  0.0018235  0.0006314 -0.0009501  0.0017402
C  0  1  77  0  1 15   0.0000963  0.0002107  0.0000796 -0.0009029  0.0000799  0.0038470  0.0022907 -0.0012064  0.0013806  0.0003647 -0.0007265  0.0014501  0.0001070 -0.0012577  0.0004143 -0.0004955
C  0  1  77  0  1 16   0.0029300  0.0043671  0.0023896  0.0023505  0.0008912  0.0049435  0.0009179  0.0013673 -0.0001076  0.0002277  0.0016867  0.0002026  0.0020461  0.0012438  0.0034867  0.0019696
C  0  1  77  0  1 17   0.0014847 -0.0021126 -0.0006470  0.0036905  0.0008708  0.0027949  0.0025421  0.0021566 -0.0016538  0.0065542  0.0032886  0.0013756  0.0017157 -0.0003502  0.0039260  0.0068868
C  0  1  77  0  1 18   0.0047116  0.0045718  0.0039527  0.0026098 -0.0006455  0.0018222  0.0034829  0.0030265  0.0001763  0.0015964  0.0067410  0.0023539  0.0016928 -0.0016776  0.0079496  0.0052348
C  0  1  77  0  1 19   0.0022500  0.0040086  0.0012023  0.0019579  0.0016728  0.0013688  0.0036487  0.0018164  0.0030889  0.0028010 -0.0007736  0.0003621  0.0031821  0.0054274  0.0040290  0.0060640
C  0  1  77  0  1 20   0.0026546  0.0048054  0.0046149  0.0046543  0.0009390  0.0018786  0.0032404  0.0059743  0.0032195  0.0051536  0.0010478 -0.0020192  0.0043957  0.0060455  0.0054623  0.0052533
C  0  1  77  0  1 21   0.0139579  0.0136548  0.0040702  0.0023162 -0.0031798 -0.0050890 -0.0089311  0.0003092 -0.0035195 -0.0038976  0.0015326  0.0077103  0.0004843  0.0061704  0.0091505  0.0031326
C  0  1  77  1  0  0  -0.2731446 -0.3559321 -0.2579399 -0.3844617 -0.1955597 -0.3957633 -0.2854573 -0.3077870 -0.3269043 -0.2951182 -0.3206096 -0.4171272 -0.3378632 -0.4152698 -0.3534198 -0.4833809
C  0  1  77  1  0  1  -0.3269775 -0.3227094 -0.2567390 -0.2259054 -0.3475785 -0.3408642 -0.2879947 -0.2629177 -0.2969446 -0.2719778 -0.3346981 -0.3193005 -0.3607593 -0.3763760 -0.3352812 -0.3332114
C  0  1  77  1  0  2  -0.3660220 -0.2953597 -0.2478351 -0.2783834 -0.3057857 -0.2061428 -0.2714578 -0.2804025 -0.2525135 -0.2385460 -0.2618384 -0.3097894 -0.3331696 -0.3545156 -0.2554470 -0.3301836
C  0  1  77  1  0  3  -0.2881224 -0.2773547 -0.2898166 -0.2882192 -0.3180446 -0.2309858 -0.1823931 -0.1351562 -0.2039218 -0.2390360 -0.2361430 -0.2704385 -0.2559108 -0.2930269 -0.2967425 -0.2667010
C  0  1  77  1  0  4  -0.2992802 -0.2397692 -0.2705851 -0.2493413 -0.2634200 -0.1925140 -0.2580887 -0.2012648 -0.2100738 -0.2125618 -0.1728136 -0.2504587 -0.2919480 -0.2371150 -0.3171043 -0.2937238
C  0  1  77  1  0  5  -0.2260335 -0.1792265 -0.1835740 -0.1629658 -0.1850988 -0.1644028 -0.2271052 -0.1544436 -0.1664885 -0.1669069 -0.1994222 -0.2307649 -0.2049531 -0.1773977 -0.1920729 -0.1978748
C  0  1  77  1  0  6  -0.1513822 -0.1219690 -0.2122613 -0.1849791 -0.1520324 -0.1108835 -0.1369202 -0.1282708 -0.1233864 -0.1005293 -0.0890232 -0.0903464 -0.1083855 -0.1230260 -0.1432792 -0.1972487
C  0  1  77  1  0  7  -0.1850138 -0.2015371 -0.1916518 -0.1181848 -0.1842966 -0.1518454 -0.1505857 -0.1505777 -0.1360574 -0.0850765 -0.1316931 -0.1449443 -0.1813391 -0.1594144 -0.1408168 -0.1766003
C  0  1  77  1  0  8  -0.1681626 -0.0938704 -0.1496623 -0.1577214 -0.1535788 -0.1288260 -0.1610206 -0.1360487 -0.1362532 -0.1268053 -0.1081460 -0.1372791 -0.0848029 -0.1584354 -0.1150785 -0.1407854
C  0  1  77  1  0  9  -0.1367402 -0.1113183 -0.1112994 -0.1574756 -0.1374577 -0.1533699 -0.1273549 -0.1607923 -0.1106155 -0.1289708 -0.0649698 -0.1364197 -0.1534595 -0.1190424 -0.1404304 -0.1416939
C  0  1  77  1  0 10  -0.1716053 -0.1385591 -0.1360820 -0.1445282 -0.1615087 -0.1303704 -0.1632280 -0.1514140 -0.0750994 -0.1007988 -0.1287405 -0.1487794 -0.1599202 -0.1454317 -0.1497413 -0.1446119
C  0  1  77  1  0 11  -0.1627433 -0.1543286 -0.1528225 -0.0801834 -0.1221362 -0.1288219 -0.1323096 -0.1610087 -0.1406941 -0.0595261 -0.1130139 -0.0990194 -0.1132264 -0.1495395 -0.0750927 -0.1626752
C  0  1  77  1  0 12  -0.0890057 -0.1076434 -0.1698676 -0.0910163 -0.1587454 -0.1467547 -0.1224100 -0.1470137 -0.1314817 -0.0981242 -0.1279526 -0.0944205 -0.0763474 -0.1154711 -0.0929590 -0.1305572
C  0  1  77  1  0 13  -0.1225978 -0.1351026 -0.1796683 -0.1149410 -0.1259350 -0.1278616 -0.1749730 -0.1352126 -0.1119336 -0.0985413 -0.1456203 -0.1094541 -0.1613092 -0.1238583 -0.1285587 -0.1211029
C  0  1  77  1  0 14  -0.1540947 -0.2120628 -0.1719005 -0.1680306 -0.2127851 -0.1560584 -0.1811115 -0.1904107 -0.1061253 -0.1462766 -0.1240031 -0.1221701 -0.1758833 -0.1182963 -0.1439569 -0.1910500
C  0  1  77  1  0 15  -0.0821442 -0.2014264 -0.1509809 -0.1245970 -0.1302035 -0.1234243 -0.1823023 -0.1658730 -0.1235214 -0.1363019 -0.0889363 -0.1470957 -0.1210623 -0.0865110 -0.0408240 -0.1420788
C  0  1  77  1  0 16  -0.1897287 -0.1646739 -0.1707358 -0.1493250 -0.1274628 -0.1886658 -0.1850688 -0.2269810 -0.2021059 -0.1899160 -0.1042048 -0.0690946 -0.1276506 -0.1423438 -0.1399984 -0.1432794
C  0  1  77  1  0 17  -0.2391132 -0.3211001 -0.2190276 -0.3178967 -0.1782574 -0.2972980 -0.2403715 -0.2283628 -0.2608294 -0.2156707 -0.2313037 -0.1360033 -0.1573623 -0.2392767 -0.1994069 -0.3020011
C  0  1  77  1  0 18  -0.2269960 -0.2776030 -0.3539109 -0.2582431 -0.2412105 -0.1970119 -0.3183731 -0.2858716 -0.2607449 -0.2447701 -0.2497926 -0.2426242 -0.2594592 -0.2213801 -0.1949246 -0.1595330
C  0  1  77  1  0 19  -0.2576703 -0.2531777 -0.2477496 -0.3468171 -0.3199862 -0.2718157 -0.3036177 -0.2336246 -0.2604843 -0.3246451 -0.2150630 -0.2765830 -0.1997379 -0.2516165 -0.2774673 -0.2246790
C  0  1  77  1  0 20  -0.2851069 -0.2964498 -0.4003720 -0.3425311 -0.2451463 -0.2670335 -0.3471576 -0.3762329 -0.3680879 -0.3001305 -0.2899035 -0.2200297 -0.4137853 -0.2702676 -0.2252197 -0.3050979
C  0  1  77  1  0 21  -0.3406131 -0.3002342 -0.3481196 -0.3482648 -0.2014996 -0.2019133 -0.3605294 -0.3511481 -0.3631267 -0.2757171 -0.2981478 -0.3013004 -0.2216971 -0.2788510 -0.3241892 -0.2941991
C  0  1  77  1  1  0   0.0449583  0.0489384  0.0393391  0.0218531 -0.0007402 -0.0235151 -0.0360991 -0.0416088 -0.0481973 -0.0368062 -0.0335613 -0.0183882  0.0014759  0.0058524  0.0235088  0.0366329
C  0  1  77  1  1  1   0.0233316  0.0213480  0.0164550  0.0118745  0.0014996 -0.0091748 -0.0172794 -0.0195460 -0.0189625 -0.0162841 -0.0172919 -0.0089702  0.0019244  0.0078515  0.0116517  0.0230357
C  0  1  77  1  1  2   0.0127572  0.0121123  0.0087692  0.0047567  0.0008340 -0.0032409 -0.0090688 -0.0088837 -0.0096430 -0.0061839 -0.0046098 -0.0034724 -0.0007905  0.0020561  0.0047596  0.0104250
C  0  1  77  1  1  3   0.0075230  0.0067641  0.0019909  0.0040451 -0.0000007  0.0009240 -0.0043527 -0.0012422 -0.0003911 -0.0007007 -0.0039463 -0.0008618  0.0011339  0.0017687  0.0004183  0.0066701
C  0  1  77  1  1  4   0.0014548  0.0023436 -0.0003930 -0.0001334  0.0022060  0.0023408 -0.0003893  0.0016658  0.0026524  0.0016874 -0.0011203 -0.0006858  0.0019132  0.0017385  0.0029193  0.0016175
C  0  1  77  1  1  5   0.0011357  0.0015828  0.0001257  0.0028869  0.0018789  0.0034653  0.0029620  0.0035444  0.0045123  0.0029909 -0.0014062 -0.0004877  0.0019653  0.0030071  0.0011007 -0.0013535
C  0  1  77  1  1  6   0.0006438  0.0000829  0.0005215  0.0038031  0.0041126  0.0040401  0.0047467  0.0046109  0.0041924  0.0010689  0.0002042  0.0000841  0.0009959  0.0007107  0.0000222 -0.0006514
C  0  1  77  1  1  7  -0.0006360  0.0018873  0.0018292  0.0045252  0.0038095  0.0030785  0.0052256  0.0033300  0.0035542  0.0006427 -0.0000971 -0.0014041  0.0006774  0.0001841  0.0012135 -0.0018695
C  0  1  77  1  1  8  -0.0010238 -0.0001094  0.0014615  0.0004910  0.0041853  0.0035776  0.0044177  0.0043317  0.0047538  0.0003552 -0.0004594 -0.0020751  0.0007990  0.0007666  0.0010117 -0.0014811
C  0  1  77  1  1  9   0.0008726  0.0018206  0.0015217  0.0020435  0.0017103  0.0014980  0.0026477  0.0039422  0.0012796  0.0000556  0.0009649  0.0008008  0.0009867 -0.0000773 -0.0015826 -0.0022346
C  0  1  77  1  1 10  -0.0014897  0.0010473  0.0012194  0.0002803  0.0021036  0.0006725  0.0008868  0.0014080  0.0018296 -0.0018507 -0.0013809 -0.0010439 -0.0013872 -0.0001005  0.0006466 -0.0019259
C  0  1  77  1  1 11  -0.0009836  0.0017306  0.0003554  0.0018225  0.0021600 -0.0015399  0.0005808  0.0011551  0.0019005  0.0006890 -0.0020216 -0.0009014 -0.0003173 -0.0013913 -0.0005321 -0.0023361
C  0  1  77  1  1 12  -0.0000327  0.0014564  0.0023804  0.0029513  0.0013280  0.0007757  0.0001379  0.0021650  0.0045438  0.0010839  0.0006567  0.0010324  0.0006109 -0.0013306  0.0002222 -0.0011978
C  0  1  77  1  1 13  -0.0014580  0.0006168  0.0019467  0.0019760  0.0028543  0.0017951  0.0034158  0.0053656  0.0037623  0.0003008 -0.0001739 -0.0018174 -0.0012206 -0.0037254 -0.0007812 -0.0025497
C  0  1  77  1  1 14  -0.0020826  0.0000192  0.0017958  0.0030541  0.0032595  0.0019732  0.0031990  0.0051279  0.0051178  0.0007636  0.0015466 -0.0009970 -0.0019671 -0.0020834 -0.0026673 -0.0031172
C  0  1  77  1  1 15  -0.0024539  0.0000687  0.0021972  0.0033259  0.0025201 -0.0022488  0.0024022  0.0020592  0.0054278  0.0027660  0.0017137 -0.0006268 -0.0032673 -0.0059014 -0.0059338 -0.0040745
C  0  1  77  1  1 16  -0.0011764  0.0004754  0.0026157  0.0047021  0.0026847  0.0013234  0.0033644  0.0031465  0.0032096  0.0065076  0.0028536  0.0022754 -0.0010004 -0.0018662 -0.0042951 -0.0050246
C  0  1  77  1  1 17  -0.0039330  0.0008255  0.0008890  0.0052891  0.0017392 -0.0023863 -0.0003303  0.0040986  0.0032255  0.0044360  0.0036409 -0.0001960 -0.0021825 -0.0044585 -0.0054447 -0.0049033
C  0  1  77  1  1 18  -0.0001921  0.0063961  0.0055579  0.0057118  0.0040168 -0.0002863 -0.0026713 -0.0013249  0.0034678  0.0047124  0.0014317 -0.0008226 -0.0008913 -0.0032626 -0.0062106 -0.0037615
C  0  1  77  1  1 19   0.0016926  0.0071824  0.0123273  0.0094657  0.0055340  0.0020535 -0.0038141 -0.0004906  0.0031845  0.0056734  0.0011113  0.0005455 -0.0035139 -0.0050506 -0.0062681 -0.0030153
C  0  1  77  1  1 20  -0.0003478  0.0144443  0.0171117  0.0121657  0.0060137  0.0024100 -0.0016490 -0.0027104  0.0004066  0.0042847  0.0012083 -0.0031544 -0.0072669 -0.0091765 -0.0070810 -0.0062233
C  0  1  77  1  1 21   0.0084845  0.0216111  0.0303508  0.0219319  0.0124355  0.0152544  0.0064888  0.0086902  0.0114532  0.0123057  0.0002414 -0.0046015 -0.0098502 -0.0180503 -0.0080902  0.0009752
