CPHI 16 
CETA 22 -2.40 -2.10 -1.85 -1.60 -1.40 -1.20 -1.00 -0.80 -0.60 -0.40 -0.20  0.00  0.20  0.40  0.60  0.80  1.00  1.20  1.40  1.60  1.85  2.10  2.40 
RMIN  6 
RTRK 12 
RETA 11  0.00  0.20  0.40  0.60  0.80  1.00  1.20  1.40  1.60  1.85  2.10  2.40 
T 0 1  78  0  0  0    0.0000000   0.0005826   0.0016443   0.0031248   0.0121702   0.0690061   0.2778210   0.6530408   1.0000000   1.0000000   1.0000000   1.0000000   1.0000000
T 0 1  78  0  0  1    0.0000000   0.0001584   0.0005788   0.0023675   0.0123917   0.0595015   0.2270376   0.5900466   1.0000000   1.0000000   1.0000000   1.0000000   1.0000000
T 0 1  78  0  0  2    0.0000000   0.0001129   0.0005360   0.0018221   0.0109752   0.0558116   0.2099207   0.5744303   1.0000000   1.0000000   1.0000000   1.0000000   1.0000000
T 0 1  78  0  0  3    0.0000000   0.0002015   0.0005916   0.0016629   0.0115083   0.0627058   0.2260035   0.5872607   1.0000000   1.0000000   1.0000000   1.0000000   1.0000000
T 0 1  78  0  0  4    0.0000000   0.0003819   0.0026273   0.0142425   0.0626616   0.2046247   0.4895840   0.8226669   1.0000000   1.0000000   1.0000000   1.0000000   1.0000000
T 0 1  78  0  0  5    0.0000000   0.0009600   0.0073153   0.0512420   0.2050071   0.5319903   0.8757420   0.9994133   1.0000000   1.0000000   1.0000000   1.0000000   1.0000000
T 0 1  78  0  0  6    0.0000000   0.0003221   0.0012195   0.0102288   0.0675707   0.2778907   0.6643988   0.9310237   0.9981626   0.9999988   1.0000000   1.0000000   1.0000000
T 0 1  78  0  0  7    0.0000000   0.0000571   0.0003730   0.0009150   0.0047959   0.0308619   0.1185248   0.2971315   0.5810668   0.8696776   0.9842277   0.9998733   1.0000000
T 0 1  78  0  0  8    0.0000000   0.0000049   0.0000341   0.0001244   0.0003885   0.0009903   0.0043144   0.0250493   0.1192573   0.3947487   0.7895811   0.9691739   1.0000000
T 0 1  78  0  0  9    0.0000000   0.0000138   0.0000196   0.0000397   0.0005398   0.0036383   0.0186463   0.0859040   0.3021707   0.6582916   0.9386377   0.9999246   1.0000000
T 0 1  78  0  0 10    0.0000000   0.0067400   0.0287622   0.0460417   0.0789624   0.1679215   0.3367718   0.6887434   0.9096702   0.9700830   0.9998403   1.0000000   1.0000000
T 0 1  78  1  0  0    0.0000000   0.0005148   0.0016399   0.0047460   0.0213440   0.1017716   0.3374237   0.6994022   1.0000000   1.0000000   1.0000000   1.0000000   1.0000000
T 0 1  78  1  0  1    0.0000000   0.0002633   0.0010891   0.0042307   0.0181163   0.0752157   0.2537985   0.6193956   1.0000000   1.0000000   1.0000000   1.0000000   1.0000000
T 0 1  78  1  0  2    0.0000000   0.0002194   0.0008486   0.0027728   0.0124455   0.0616642   0.2339277   0.6064318   1.0000000   1.0000000   1.0000000   1.0000000   1.0000000
T 0 1  78  1  0  3    0.0000000   0.0002283   0.0008669   0.0027852   0.0140251   0.0700545   0.2491207   0.6198491   1.0000000   1.0000000   1.0000000   1.0000000   1.0000000
T 0 1  78  1  0  4    0.0000000   0.0004356   0.0027620   0.0153929   0.0663357   0.2155446   0.5058694   0.8320271   1.0000000   1.0000000   1.0000000   1.0000000   1.0000000
T 0 1  78  1  0  5    0.0000000   0.0011873   0.0094478   0.0577925   0.2246261   0.5586818   0.8900123   0.9996500   1.0000000   1.0000000   1.0000000   1.0000000   1.0000000
T 0 1  78  1  0  6    0.0000000   0.0004626   0.0026649   0.0180020   0.0942133   0.3329130   0.7236541   0.9536823   0.9988141   0.9999984   1.0000000   1.0000000   1.0000000
T 0 1  78  1  0  7    0.0000000   0.0002246   0.0006446   0.0024765   0.0123245   0.0526267   0.1570011   0.3413836   0.6074237   0.8728054   0.9849908   0.9998878   1.0000000
T 0 1  78  1  0  8    0.0000000   0.0009562   0.0014955   0.0017998   0.0022382   0.0036136   0.0107994   0.0452511   0.1686405   0.4573475   0.8251665   0.9710661   1.0000000
T 0 1  78  1  0  9    0.0000000   0.0021003   0.0074838   0.0131257   0.0159362   0.0198461   0.0401951   0.1288935   0.3661962   0.7154288   0.9583841   0.9999941   1.0000000
T 0 1  78  1  0 10    0.0000000   0.0032254   0.0170235   0.0428863   0.0843736   0.1746921   0.3942474   0.7474223   0.9511020   0.9856143   0.9999985   1.0000000   1.0000000
R 0 1  78  0  0  0    0.0211970   0.0211970   0.0122171   0.0104037   0.0103579   0.0102035   0.0100165   0.0098525   0.0098525   0.0098525   0.0098525   0.0098525
R 0 1  78  0  0  1    0.0121883   0.0121883   0.0121883   0.0121883   0.0110718   0.0109189   0.0109829   0.0108482   0.0108482   0.0108482   0.0108482   0.0108482
R 0 1  78  0  0  2    0.0124014   0.0124014   0.0124014   0.0124014   0.0120173   0.0119800   0.0118350   0.0116974   0.0116974   0.0116974   0.0116974   0.0116974
R 0 1  78  0  0  3    0.0134188   0.0134188   0.0134188   0.0134188   0.0127249   0.0125429   0.0123671   0.0122358   0.0122358   0.0122358   0.0122358   0.0122358
R 0 1  78  0  0  4    0.0187991   0.0187991   0.0187991   0.0176009   0.0169294   0.0158466   0.0144612   0.0130919   0.0130919   0.0130919   0.0130919   0.0130919
R 0 1  78  0  0  5    0.0209298   0.0209298   0.0193943   0.0191855   0.0187874   0.0181467   0.0168900   0.0168900   0.0168900   0.0168900   0.0168900   0.0168900
R 0 1  78  0  0  6    0.0201952   0.0201952   0.0201952   0.0203545   0.0207498   0.0207844   0.0207437   0.0206915   0.0206915   0.0206915   0.0206915   0.0206915
R 0 1  78  0  0  7    0.0226284   0.0226284   0.0226284   0.0226284   0.0206908   0.0211951   0.0210223   0.0209283   0.0205569   0.0195945   0.0195945   0.0195945
R 0 1  78  0  0  8    0.0210577   0.0210577   0.0210577   0.0210577   0.0210577   0.0210577   0.0210577   0.0209385   0.0209521   0.0209643   0.0202527   0.0187317
R 0 1  78  0  0  9    0.0308910   0.0308910   0.0308910   0.0308910   0.0308910   0.0308910   0.0300916   0.0287444   0.0275319   0.0263718   0.0251099   0.0251099
R 0 1  78  0  0 10    0.0744465   0.0707927   0.0609077   0.0532558   0.0472804   0.0441553   0.0409528   0.0355263   0.0334123   0.0303398   0.0303398   0.0303398
R 0 1  78  0  1  0    0.0000000   0.0000000   0.0000000   0.0000656   0.0000888   0.0000791   0.0000722   0.0000646   0.0000646   0.0000646   0.0000646   0.0000646
R 0 1  78  0  1  1    0.0000972   0.0000972   0.0000972   0.0000972   0.0000727   0.0000712   0.0000644   0.0000573   0.0000573   0.0000573   0.0000573   0.0000573
R 0 1  78  0  1  2    0.0000615   0.0000615   0.0000615   0.0000615   0.0000686   0.0000661   0.0000599   0.0000524   0.0000524   0.0000524   0.0000524   0.0000524
R 0 1  78  0  1  3    0.0000635   0.0000635   0.0000635   0.0000635   0.0000666   0.0000579   0.0000540   0.0000491   0.0000491   0.0000491   0.0000491   0.0000491
R 0 1  78  0  1  4    0.0001015   0.0001015   0.0001015   0.0001035   0.0000945   0.0000738   0.0000555   0.0000477   0.0000477   0.0000477   0.0000477   0.0000477
R 0 1  78  0  1  5    0.0001938   0.0001938   0.0001049   0.0000764   0.0000689   0.0000641   0.0000435   0.0000435   0.0000435   0.0000435   0.0000435   0.0000435
R 0 1  78  0  1  6    0.0001010   0.0001010   0.0001010   0.0000423   0.0000548   0.0000580   0.0000595   0.0000267   0.0000267   0.0000267   0.0000267   0.0000267
R 0 1  78  0  1  7    0.0001871   0.0001871   0.0001871   0.0001871   0.0001007   0.0000686   0.0000657   0.0000773   0.0000758   0.0000547   0.0000547   0.0000547
R 0 1  78  0  1  8    0.0000994   0.0000994   0.0000994   0.0000994   0.0000994   0.0000994   0.0000994   0.0001051   0.0001007   0.0001033   0.0000874   0.0000702
R 0 1  78  0  1  9    0.0002050   0.0002050   0.0002050   0.0002050   0.0002050   0.0002050   0.0002263   0.0001863   0.0001860   0.0001525   0.0001351   0.0001351
R 0 1  78  0  1 10    0.0011671   0.0010546   0.0008582   0.0006881   0.0005664   0.0004792   0.0003920   0.0002557   0.0001877   0.0001327   0.0001327   0.0001327
R 0 1  78  0  2  0    0.0000000   0.0000000   0.0000000   0.0000000   0.0000000   0.0000000   0.0000094   0.0000000   0.0000000   0.0000000   0.0000000   0.0000000
R 0 1  78  0  2  1    0.0000000   0.0000000   0.0000000   0.0000000   0.0000000   0.0000172   0.0000000   0.0000118   0.0000118   0.0000118   0.0000118   0.0000118
R 0 1  78  0  2  2    0.0000000   0.0000000   0.0000000   0.0000000   0.0000782   0.0000187   0.0000132   0.0000214   0.0000214   0.0000214   0.0000214   0.0000214
R 0 1  78  0  2  3    0.0000000   0.0000000   0.0000000   0.0000000   0.0000000   0.0000000   0.0000127   0.0000089   0.0000089   0.0000089   0.0000089   0.0000089
R 0 1  78  0  2  4    0.0000000   0.0000000   0.0000000   0.0000000   0.0000000   0.0000299   0.0000144   0.0000283   0.0000283   0.0000283   0.0000283   0.0000283
R 0 1  78  0  2  5    0.0000000   0.0000000   0.0000000   0.0000000   0.0000163   0.0000072   0.0000000   0.0000000   0.0000000   0.0000000   0.0000000   0.0000000
R 0 1  78  0  2  6    0.0000000   0.0000000   0.0000000   0.0000000   0.0000000   0.0000077   0.0000132   0.0000000   0.0000000   0.0000000   0.0000000   0.0000000
R 0 1  78  0  2  7    0.0000000   0.0000000   0.0000000   0.0000000   0.0000000   0.0000000   0.0000000   0.0000000   0.0000000   0.0000204   0.0000204   0.0000204
R 0 1  78  0  2  8    0.0000000   0.0000000   0.0000000   0.0000000   0.0000000   0.0000000   0.0000000   0.0000000   0.0000000   0.0000000   0.0000000   0.0000000
R 0 1  78  0  2  9    0.0000000   0.0000000   0.0000000   0.0000000   0.0000000   0.0000000   0.0000000   0.0000000   0.0000000   0.0000000   0.0000000   0.0000000
R 0 1  78  0  2 10    0.0000000   0.0000000   0.0000000   0.0000000   0.0000000   0.0000000   0.0000423   0.0000306   0.0000000   0.0000000   0.0000000   0.0000000
R 0 1  78  0  3  0    1.1755344   1.1755344   0.9918378   1.0194130   0.9951447   0.9852953   0.9809654   0.9810732   0.9810732   0.9810732   0.9810732   0.9810732
R 0 1  78  0  3  1    1.0061068   1.0061068   1.0061068   1.0061068   0.9944712   0.9858895   0.9780052   0.9776124   0.9776124   0.9776124   0.9776124   0.9776124
R 0 1  78  0  3  2    1.0063527   1.0063527   1.0063527   1.0063527   0.9954299   0.9837238   0.9814294   0.9807613   0.9807613   0.9807613   0.9807613   0.9807613
R 0 1  78  0  3  3    0.9878543   0.9878543   0.9878543   0.9878543   1.0032088   0.9898738   0.9824244   0.9800537   0.9800537   0.9800537   0.9800537   0.9800537
R 0 1  78  0  3  4    1.0115125   1.0115125   1.0115125   0.9828456   0.9777158   0.9772093   0.9791650   0.9877012   0.9877012   0.9877012   0.9877012   0.9877012
R 0 1  78  0  3  5    1.0288416   1.0288416   0.9964101   0.9828451   0.9749477   0.9729754   0.9753058   0.9753058   0.9753058   0.9753058   0.9753058   0.9753058
R 0 1  78  0  3  6    1.0359911   1.0359911   1.0359911   1.0005604   0.9895843   0.9854976   0.9828015   0.9855968   0.9855968   0.9855968   0.9855968   0.9855968
R 0 1  78  0  3  7    1.0230167   1.0230167   1.0230167   1.0230167   1.0283579   1.0007228   0.9900064   0.9854050   0.9860314   0.9856991   0.9856991   0.9856991
R 0 1  78  0  3  8    1.0259901   1.0259901   1.0259901   1.0259901   1.0259901   1.0259901   1.0259901   0.9973191   0.9818566   0.9830215   0.9855006   1.0240720
R 0 1  78  0  3  9    1.0213576   1.0213576   1.0213576   1.0213576   1.0213576   1.0213576   0.9859480   0.9751718   0.9738216   0.9825875   1.0027569   1.0027569
R 0 1  78  0  3 10    1.0916893   1.0418267   1.0362219   0.9824489   0.9735028   0.9690809   0.9690292   0.9646615   0.9992191   1.0165313   1.0165313   1.0165313
R 0 1  78  0  4  0    1.3354990   1.3354990   1.2458564   1.9925896   2.2366580   2.2643834   2.2398217   2.2417063   2.2417063   2.2417063   2.2417063   2.2417063
R 0 1  78  0  4  1    1.9028406   1.9028406   1.9028406   1.9028406   2.1992541   2.2711352   2.1815338   2.1808008   2.1808008   2.1808008   2.1808008   2.1808008
R 0 1  78  0  4  2    1.8208908   1.8208908   1.8208908   1.8208908   2.1936640   2.2352096   2.2480619   2.2443291   2.2443291   2.2443291   2.2443291   2.2443291
R 0 1  78  0  4  3    1.6047047   1.6047047   1.6047047   1.6047047   2.2708745   2.2716563   2.2512742   2.1985094   2.1985094   2.1985094   2.1985094   2.1985094
R 0 1  78  0  4  4    1.7283241   1.7283241   1.7283241   2.0337175   2.0662562   2.1247806   2.2087343   2.2913833   2.2913833   2.2913833   2.2913833   2.2913833
R 0 1  78  0  4  5    1.8452593   1.8452593   2.0479082   2.1303307   2.0864698   2.1016853   2.0124439   2.0124439   2.0124439   2.0124439   2.0124439   2.0124439
R 0 1  78  0  4  6    2.0709496   2.0709496   2.0709496   2.1565656   2.3097235   2.3717339   2.3506693   2.3103554   2.3103554   2.3103554   2.3103554   2.3103554
R 0 1  78  0  4  7    1.9286530   1.9286530   1.9286530   1.9286530   2.2957716   2.3885664   2.3185757   2.3562267   2.3613546   2.3350724   2.3350724   2.3350724
R 0 1  78  0  4  8    2.2116597   2.2116597   2.2116597   2.2116597   2.2116597   2.2116597   2.2116597   2.2672275   2.1844077   2.2475973   2.2663968   2.4044832
R 0 1  78  0  4  9    2.0758041   2.0758041   2.0758041   2.0758041   2.0758041   2.0758041   1.9714713   2.0352438   2.0537344   2.1419189   2.2359117   2.2359117
R 0 1  78  0  4 10    1.9613188   2.2754358   1.9661503   1.8489618   1.9264447   1.9470700   1.9775517   1.8852035   2.0388512   2.1169360   2.1169360   2.1169360
R 0 1  78  0  5  0   18.8655963  18.8655963   9.3535503   4.4014079   3.7270217   3.8314258   4.1652067   4.0542634   4.0542634   4.0542634   4.0542634   4.0542634
R 0 1  78  0  5  1    4.8217183   4.8217183   4.8217183   4.8217183   3.9749847   3.7812509   4.4803033   4.3985912   4.3985912   4.3985912   4.3985912   4.3985912
R 0 1  78  0  5  2    4.1002964   4.1002964   4.1002964   4.1002964   4.3167741   4.1218682   4.0500234   4.2610528   4.2610528   4.2610528   4.2610528   4.2610528
R 0 1  78  0  5  3    7.0187477   7.0187477   7.0187477   7.0187477   3.7314288   3.9826865   4.1475563   4.7199777   4.7199777   4.7199777   4.7199777   4.7199777
R 0 1  78  0  5  4    7.3727472   7.3727472   7.3727472   5.1983525   5.2241785   4.7749167   3.8619776   3.5168770   3.5168770   3.5168770   3.5168770   3.5168770
R 0 1  78  0  5  5    4.5209626   4.5209626   5.0057086   4.8196752   5.3717615   4.5825699   4.0872226   4.0872226   4.0872226   4.0872226   4.0872226   4.0872226
R 0 1  78  0  5  6    2.8849903   2.8849903   2.8849903   4.4600569   3.4920677   2.9566026   2.3912488   1.9115798   1.9115798   1.9115798   1.9115798   1.9115798
R 0 1  78  0  5  7    3.4432482   3.4432482   3.4432482   3.4432482   3.3720102   2.9016153   2.9963170   2.7794081   2.6843039   2.1133466   2.1133466   2.1133466
R 0 1  78  0  5  8    4.1846123   4.1846123   4.1846123   4.1846123   4.1846123   4.1846123   4.1846123   4.4726812   5.0155634   4.3993431   3.7124574   3.3783474
R 0 1  78  0  5  9    5.4096548   5.4096548   5.4096548   5.4096548   5.4096548   5.4096548   7.4378639   6.3511184   6.5955476   6.1523594   5.0912534   5.0912534
R 0 1  78  0  5 10    7.2223879   3.7525891   4.5332921   5.6377226   5.6097723   7.1079862   7.7359817  10.2069394   7.1624303   6.0441519   6.0441519   6.0441519
F  0  1  78  0  0  0    1.0288538   1.0132543   1.0121680   1.0100372   0.9757593   0.9928780   1.0007239   0.9895021   0.9831213   0.9837698   0.9856778
F  0  1  78  1  0  0    1.1004203   1.0686571   1.0663049   1.0818723   1.0320917   1.0770644   1.0704631   1.0623439   1.0446242   1.0624421   1.0875703
C  0  1  78  0  0  0  -0.2034988 -0.0353643 -0.1003506 -0.3055410 -0.2724157 -0.2363795 -0.3073845 -0.0920719 -0.2179469 -0.1180830 -0.2329321 -0.1065183 -0.2368072 -0.3052502 -0.2149430 -0.0924392
C  0  1  78  0  0  1   0.0035194 -0.1559672 -0.1363345 -0.1056397 -0.1145307 -0.0571447 -0.1821293 -0.1369707 -0.0728099 -0.0240866 -0.0186089 -0.0764442 -0.1174525 -0.1963031 -0.0600800 -0.0517794
C  0  1  78  0  0  2  -0.1069875 -0.1429537 -0.0657589 -0.1146200 -0.0169429 -0.0903368 -0.0484466 -0.0949865 -0.0608910 -0.0600595 -0.0127769 -0.1019865 -0.2189466 -0.0666521 -0.0513681 -0.1846051
C  0  1  78  0  0  3  -0.0287271 -0.0397016 -0.1141007 -0.0322645  0.0398605 -0.1088752 -0.1452505 -0.0125246 -0.1229857 -0.0447327 -0.1074937 -0.1304869 -0.1744430 -0.1901658 -0.1018490 -0.0375568
C  0  1  78  0  0  4  -0.1734193 -0.1117612 -0.0140601 -0.1293105 -0.1162244 -0.0607470 -0.1051746  0.0217419 -0.0621251 -0.0177498 -0.0668644 -0.0252224 -0.0354469 -0.1345753  0.0371843 -0.1371323
C  0  1  78  0  0  5   0.0142104 -0.0099629 -0.0225869  0.0114154  0.0046250 -0.0627961 -0.0238332 -0.0594830 -0.0097179 -0.0403971 -0.0266010  0.0012112 -0.0374016  0.0336345  0.1004498 -0.0932378
C  0  1  78  0  0  6  -0.0137273  0.0889394  0.0014022 -0.0883157  0.0316072  0.0351377 -0.0075992 -0.0494223  0.0295696  0.0300375 -0.0532481 -0.0262958 -0.0688626 -0.0282740 -0.0718614  0.0716853
C  0  1  78  0  0  7  -0.0376811  0.0332481 -0.0004715 -0.0863806 -0.0380786  0.0389278  0.0094456 -0.0181052 -0.0578119 -0.0599399  0.0422277 -0.0663455  0.0287004 -0.0224674 -0.0710084  0.0176786
C  0  1  78  0  0  8  -0.0427702 -0.0639360  0.0145222  0.0030017  0.0367588  0.0648462 -0.0763902  0.0081654 -0.0103994  0.0075961 -0.0695147 -0.0566137 -0.0112667 -0.0006382 -0.0067687  0.0524192
C  0  1  78  0  0  9  -0.0389321  0.0558736  0.0164827  0.0554211  0.0241337  0.0452819 -0.0073572  0.0430359 -0.0343358 -0.0429116  0.0590884  0.0300289 -0.0362993  0.0644134  0.0047352  0.0663332
C  0  1  78  0  0 10   0.0616693  0.0160892  0.0431363 -0.0206358 -0.0235374 -0.0056075 -0.0745213 -0.0560872  0.0383671 -0.0723657  0.0431161  0.0394786 -0.0465498  0.0753824  0.0311359  0.0946121
C  0  1  78  0  0 11  -0.0168661  0.0170499 -0.0648147  0.0455154  0.0118971  0.0913516  0.0416626 -0.0125793  0.0287142  0.0188922  0.0089790  0.0228291 -0.0079585  0.0558526  0.0257599 -0.0148505
C  0  1  78  0  0 12   0.0693055  0.0442665 -0.0017729  0.0095886  0.0211205 -0.0008308 -0.0211883  0.0312645 -0.0027091  0.0983407  0.0284786  0.1327681 -0.0601192  0.0527652  0.0376207  0.0021135
C  0  1  78  0  0 13   0.0084871 -0.0024573  0.0527723 -0.0293448 -0.0682404 -0.0576007  0.0193451  0.0176730  0.0406936 -0.0028645 -0.1045599  0.0618951 -0.0078671  0.0182151 -0.0206882  0.0158234
C  0  1  78  0  0 14  -0.1013292  0.0265332 -0.0058549  0.0037190 -0.0403465 -0.0134151 -0.0338768 -0.0323608 -0.0347916 -0.0179931  0.0449701 -0.0540540  0.0235978  0.0219669  0.0026503 -0.1021174
C  0  1  78  0  0 15  -0.0668780 -0.0919906 -0.0048797 -0.0217849  0.0040568 -0.0949826  0.0031620 -0.0357259 -0.0054248 -0.0551568 -0.0236785 -0.1378434  0.0044525 -0.0706893 -0.1607249 -0.0304841
C  0  1  78  0  0 16   0.0212721  0.0491928 -0.0323902 -0.0188735 -0.0934691 -0.1222955 -0.0143622  0.0780959 -0.0910183  0.1086860 -0.0617520 -0.0411709 -0.0883541  0.0329443 -0.0644987 -0.1116533
C  0  1  78  0  0 17  -0.1671117 -0.1092718 -0.0799849 -0.0831772 -0.2337170 -0.1362204 -0.0519261  0.0367233 -0.0821063 -0.1055978  0.0045267  0.0705805 -0.0279176 -0.1212823 -0.0689481  0.0194398
C  0  1  78  0  0 18  -0.1946097 -0.0659635 -0.0157345 -0.0440495 -0.2099420 -0.0465341 -0.0865350 -0.0395470 -0.0604284 -0.1407256 -0.0319982 -0.1374685 -0.0059882 -0.0737930 -0.1783574  0.0224923
C  0  1  78  0  0 19   0.0198129 -0.0343131 -0.1527956 -0.0386172 -0.0508348 -0.0951508 -0.1783420 -0.0832286 -0.0849282 -0.0493465 -0.0924271 -0.0622936  0.0093688 -0.0407495 -0.0020719 -0.0658602
C  0  1  78  0  0 20  -0.0356752  0.0554522  0.0664101 -0.1261164 -0.1698707 -0.2146414 -0.1100058 -0.0772367 -0.1815858 -0.2562260 -0.1110508 -0.0012612 -0.0049661 -0.1791017 -0.1680700 -0.0810861
C  0  1  78  0  0 21  -0.2094247 -0.2096380 -0.2640947 -0.2457893 -0.2794652 -0.1723800 -0.2315934 -0.0448552 -0.2359190 -0.1390610 -0.2962996 -0.2790451 -0.4014907 -0.4267641 -0.2290330 -0.2118778
C  0  1  78  0  1  0  -0.0057540 -0.0014721  0.0011449 -0.0052233 -0.0091627 -0.0008510  0.0023458 -0.0000392  0.0052866 -0.0019092 -0.0035947 -0.0002865  0.0070571  0.0053505  0.0070650  0.0026095
C  0  1  78  0  1  1   0.0006240  0.0012981 -0.0033712 -0.0048450  0.0012236 -0.0020095  0.0046043  0.0014147  0.0002902 -0.0005628 -0.0033945 -0.0028695  0.0033940  0.0003731  0.0016084  0.0000258
C  0  1  78  0  1  2   0.0039338 -0.0015449  0.0019158 -0.0007810 -0.0005956  0.0008131 -0.0024834  0.0020888 -0.0017483 -0.0008693 -0.0016269 -0.0012866  0.0036178 -0.0008085  0.0002556 -0.0005845
C  0  1  78  0  1  3   0.0035642  0.0006307  0.0008859 -0.0027903  0.0009429  0.0004243  0.0052771 -0.0020145 -0.0021985 -0.0004890 -0.0019376 -0.0013419  0.0008641 -0.0005771 -0.0003744  0.0011643
C  0  1  78  0  1  4   0.0029509  0.0008597 -0.0005075  0.0020193  0.0021222 -0.0007266  0.0026134 -0.0002241  0.0001256 -0.0007227 -0.0002681 -0.0026067  0.0004322  0.0006260  0.0010750 -0.0028995
C  0  1  78  0  1  5   0.0013980  0.0019355 -0.0012580  0.0030470  0.0010132 -0.0010577 -0.0013897 -0.0002529 -0.0017848  0.0021226  0.0030045 -0.0002985 -0.0012323 -0.0012031  0.0017827 -0.0004590
C  0  1  78  0  1  6   0.0023407 -0.0006412 -0.0015098  0.0004508  0.0013309  0.0002535 -0.0009490 -0.0010299  0.0027810 -0.0013492  0.0002509 -0.0003721  0.0003885 -0.0019373  0.0007053  0.0005094
C  0  1  78  0  1  7   0.0023085 -0.0004972 -0.0013061  0.0008200  0.0029148  0.0016448 -0.0025037 -0.0003316  0.0014920 -0.0005459  0.0014327 -0.0024293 -0.0012621 -0.0003468  0.0012184 -0.0008169
C  0  1  78  0  1  8   0.0014306  0.0002254  0.0001473 -0.0008415  0.0003354  0.0018284  0.0004681  0.0007546  0.0025841 -0.0002738 -0.0008595 -0.0012306 -0.0022073  0.0020043 -0.0007181  0.0019271
C  0  1  78  0  1  9  -0.0005569  0.0020917  0.0020780 -0.0009504  0.0012537 -0.0007834  0.0005481  0.0011730 -0.0013640 -0.0006822 -0.0034542 -0.0022311 -0.0011911 -0.0003395 -0.0005473  0.0014016
C  0  1  78  0  1 10   0.0006100  0.0006049  0.0010223  0.0011527  0.0017023 -0.0007985  0.0015235 -0.0009305 -0.0014276 -0.0010257 -0.0002115 -0.0020279 -0.0008836 -0.0004221 -0.0002492  0.0016479
C  0  1  78  0  1 11   0.0007229 -0.0001566  0.0017995  0.0012715 -0.0019439  0.0010826 -0.0014522 -0.0017157 -0.0034963  0.0016320  0.0003724 -0.0008302 -0.0000985 -0.0013238 -0.0002081 -0.0021774
C  0  1  78  0  1 12   0.0000015  0.0005148  0.0015412  0.0000764 -0.0013990 -0.0011322  0.0008992  0.0010232  0.0003208 -0.0003084  0.0004684  0.0015671 -0.0009813 -0.0011409  0.0001218  0.0000240
C  0  1  78  0  1 13   0.0041047 -0.0023971  0.0006719  0.0026993  0.0028298  0.0012429 -0.0005097  0.0007385 -0.0004917 -0.0001330 -0.0017438 -0.0035859 -0.0009605  0.0007223  0.0007702  0.0009607
C  0  1  78  0  1 14   0.0022112  0.0003729  0.0022525  0.0004700 -0.0000447  0.0018018 -0.0016129  0.0009673 -0.0010205 -0.0001020  0.0007032  0.0005478  0.0012872 -0.0005768 -0.0011402  0.0027024
C  0  1  78  0  1 15   0.0021314  0.0032532 -0.0018518  0.0001081 -0.0004490  0.0024501 -0.0001598 -0.0010138  0.0003461 -0.0011041 -0.0012025  0.0024360 -0.0004803  0.0012763  0.0011522  0.0019847
C  0  1  78  0  1 16   0.0020784  0.0017267  0.0015421  0.0015677 -0.0008727  0.0028341  0.0002662  0.0011073  0.0013847  0.0002168  0.0000810  0.0012794 -0.0006233 -0.0001135  0.0033016  0.0020969
C  0  1  78  0  1 17   0.0023381 -0.0017410  0.0012513  0.0032405  0.0032877  0.0017099  0.0032390  0.0011254 -0.0024451  0.0015680  0.0012992 -0.0007655  0.0020985 -0.0014635  0.0043510  0.0050895
C  0  1  78  0  1 18   0.0066048  0.0034132  0.0018992  0.0015765 -0.0014996  0.0005017  0.0039912  0.0024725 -0.0002976  0.0034024  0.0033552  0.0023383  0.0000494 -0.0040192  0.0075334  0.0050275
C  0  1  78  0  1 19   0.0038255  0.0035051  0.0004900  0.0018312  0.0017069  0.0012746  0.0035425  0.0024123  0.0010658  0.0051755 -0.0002213  0.0021903  0.0005163  0.0024288  0.0017789  0.0047706
C  0  1  78  0  1 20   0.0091545  0.0060119  0.0038049  0.0034819  0.0014749  0.0049808  0.0024133  0.0044072  0.0043112  0.0034106 -0.0003951 -0.0024533  0.0022001  0.0040804  0.0056183  0.0049979
C  0  1  78  0  1 21   0.0095555  0.0122810  0.0040891  0.0051068 -0.0060562 -0.0013993 -0.0105402  0.0030773 -0.0038602 -0.0027134  0.0008840  0.0044510  0.0000117  0.0057303  0.0111002  0.0020277
C  0  1  78  1  0  0  -0.4622137 -0.3935541 -0.4013323 -0.3757689 -0.2462287 -0.4474015 -0.3185352 -0.3103637 -0.3313314 -0.3060042 -0.3828911 -0.5255597 -0.4281179 -0.5026899 -0.3897485 -0.4780867
C  0  1  78  1  0  1  -0.2625488 -0.3212811 -0.2544396 -0.2647739 -0.3222347 -0.2722131 -0.2124604 -0.2192505 -0.2613147 -0.2971224 -0.3105637 -0.3610416 -0.3547406 -0.4023568 -0.3720303 -0.3512154
C  0  1  78  1  0  2  -0.3309201 -0.3034906 -0.2828764 -0.2506352 -0.2732296 -0.2458904 -0.2056064 -0.2477849 -0.2232233 -0.2231675 -0.3161822 -0.2843544 -0.3023720 -0.3498248 -0.3171587 -0.3398184
C  0  1  78  1  0  3  -0.2629807 -0.3299016 -0.3132984 -0.2440703 -0.2946364 -0.2381398 -0.2434413 -0.1514135 -0.1432510 -0.1917659 -0.2294556 -0.2889586 -0.2769603 -0.2212323 -0.3221768 -0.2596072
C  0  1  78  1  0  4  -0.2787008 -0.2685174 -0.2571741 -0.2643855 -0.2397892 -0.2244090 -0.2299332 -0.2445940 -0.2395395 -0.2348788 -0.2102448 -0.3188316 -0.2940720 -0.2536212 -0.3011401 -0.3393501
C  0  1  78  1  0  5  -0.2035891 -0.1635251 -0.2272161 -0.1421592 -0.2241728 -0.1904799 -0.1745659 -0.1773695 -0.1592310 -0.1420566 -0.1882863 -0.2333900 -0.2598375 -0.2156586 -0.1968339 -0.2266306
C  0  1  78  1  0  6  -0.1416596 -0.1352157 -0.1655613 -0.1349264 -0.1300819 -0.0631474 -0.1213713 -0.1155768 -0.1370723 -0.1120698 -0.1184332 -0.1092372 -0.1114331 -0.1280933 -0.1364821 -0.2037309
C  0  1  78  1  0  7  -0.1638313 -0.1557171 -0.1678580 -0.1091867 -0.1757347 -0.1748472 -0.2170698 -0.1592511 -0.1376763 -0.1211043 -0.1105509 -0.1570151 -0.1592508 -0.1493825 -0.1393244 -0.1619962
C  0  1  78  1  0  8  -0.1550221 -0.0865538 -0.1066734 -0.1148060 -0.1737748 -0.1411494 -0.1603280 -0.1462318 -0.1357031 -0.1694341 -0.0930349 -0.1436645 -0.1318530 -0.1433367 -0.1222153 -0.1167054
C  0  1  78  1  0  9  -0.1085878 -0.0769754 -0.0565384 -0.1598981 -0.1106471 -0.1025933 -0.1018197 -0.1514928 -0.1113672 -0.1244901 -0.0974793 -0.1507986 -0.1081234 -0.0707878 -0.1154504 -0.1121491
C  0  1  78  1  0 10  -0.1045704 -0.0731663 -0.1150650 -0.1290215 -0.1352618 -0.1052538 -0.1541526 -0.0914855 -0.0968230 -0.1393260 -0.1707942 -0.1061015 -0.1191340 -0.1280139 -0.1314502 -0.1243757
C  0  1  78  1  0 11  -0.1347812 -0.1256865 -0.1709435 -0.0955884 -0.0831399 -0.1485135 -0.1411360 -0.1141140 -0.1687442 -0.1162023 -0.1020974 -0.1192590 -0.0982253 -0.1276060 -0.0991042 -0.1144865
C  0  1  78  1  0 12  -0.0959985 -0.1161485 -0.1038595 -0.0990184 -0.1359093 -0.0980029 -0.1242553 -0.1729891 -0.1273131 -0.1207782 -0.1522784 -0.1064423 -0.1011725 -0.0912430 -0.0658591 -0.1076850
C  0  1  78  1  0 13  -0.1397474 -0.1502906 -0.1317357 -0.1253584 -0.1363733 -0.1858235 -0.1747505 -0.1157244 -0.1281364 -0.1375055 -0.1415044 -0.1525518 -0.1459693 -0.1092406 -0.1211496 -0.1606763
C  0  1  78  1  0 14  -0.1185683 -0.1230702 -0.1317975 -0.1530299 -0.1202445 -0.1220505 -0.1744621 -0.2132957 -0.1716583 -0.1390635 -0.1351383 -0.1550146 -0.1537399 -0.1091918 -0.1285038 -0.1822446
C  0  1  78  1  0 15  -0.0706057 -0.1795697 -0.1189048 -0.1048082 -0.1628741 -0.1641028 -0.1343285 -0.1622324 -0.1508777 -0.1413718 -0.0774707 -0.1705628 -0.1412847 -0.0923944 -0.0941731 -0.1399462
C  0  1  78  1  0 16  -0.2115944 -0.1364868 -0.1442755 -0.1813794 -0.1523029 -0.1556497 -0.1728458 -0.2284740 -0.1557831 -0.2302749 -0.1598302 -0.1962693 -0.1453932 -0.1833222 -0.1898819 -0.1713513
C  0  1  78  1  0 17  -0.2668753 -0.2723257 -0.1858287 -0.2590783 -0.2266647 -0.3062438 -0.2620759 -0.2599020 -0.2926046 -0.3138287 -0.2672229 -0.2209655 -0.1905244 -0.2919072 -0.2236019 -0.2740599
C  0  1  78  1  0 18  -0.2257576 -0.2728812 -0.2562378 -0.2229416 -0.3099088 -0.2383703 -0.2737300 -0.2980906 -0.2028953 -0.2241613 -0.2961224 -0.2651789 -0.2451049 -0.1878920 -0.1937453 -0.2342404
C  0  1  78  1  0 19  -0.2793865 -0.2363144 -0.2517676 -0.2761717 -0.2661179 -0.2386617 -0.2987708 -0.2170147 -0.2327797 -0.3001888 -0.2190529 -0.2746753 -0.2199301 -0.2469403 -0.2670533 -0.2329461
C  0  1  78  1  0 20  -0.2350213 -0.2718552 -0.3520410 -0.3241521 -0.3174699 -0.2487326 -0.2643091 -0.3262303 -0.3419741 -0.3252094 -0.2852317 -0.3065376 -0.3402265 -0.3048658 -0.2712199 -0.3428781
C  0  1  78  1  0 21  -0.4441348 -0.3112254 -0.3245291 -0.3900827 -0.3309662 -0.2983426 -0.3478656 -0.3603521 -0.3968343 -0.3779099 -0.3457383 -0.3651301 -0.2758574 -0.3552923 -0.3008654 -0.4779816
C  0  1  78  1  1  0   0.0449668  0.0457558  0.0396677  0.0234913  0.0026330 -0.0218655 -0.0348753 -0.0421346 -0.0463214 -0.0372202 -0.0314902 -0.0202276  0.0018544  0.0076254  0.0251656  0.0374866
C  0  1  78  1  1  1   0.0258851  0.0240782  0.0176600  0.0125984  0.0029637 -0.0073316 -0.0139137 -0.0169467 -0.0170856 -0.0144079 -0.0157587 -0.0066669  0.0030675  0.0096485  0.0127957  0.0248780
C  0  1  78  1  1  2   0.0130010  0.0135166  0.0099504  0.0064240  0.0019299 -0.0011367 -0.0063390 -0.0069226 -0.0081905 -0.0048008 -0.0043498 -0.0026602  0.0014667  0.0048869  0.0052883  0.0116880
C  0  1  78  1  1  3   0.0085551  0.0080108  0.0037103  0.0035497  0.0013452  0.0016708 -0.0033647 -0.0001808  0.0010467 -0.0005716 -0.0017964  0.0002697  0.0014130  0.0033540  0.0042976  0.0067540
C  0  1  78  1  1  4   0.0014423  0.0029927  0.0007200  0.0004342  0.0025485  0.0018095  0.0004620  0.0015130  0.0038519  0.0019566 -0.0003305  0.0002586  0.0027243  0.0018556  0.0040576  0.0026049
C  0  1  78  1  1  5   0.0034246  0.0013095 -0.0000967  0.0042885  0.0032668  0.0038939  0.0029572  0.0045661  0.0053631  0.0029056 -0.0001376 -0.0006592  0.0024092  0.0031067  0.0021817  0.0006901
C  0  1  78  1  1  6   0.0015653  0.0015643  0.0013570  0.0048806  0.0053411  0.0048839  0.0057243  0.0058411  0.0053351  0.0014578  0.0009654  0.0004595  0.0023502  0.0015123  0.0007793  0.0004880
C  0  1  78  1  1  7  -0.0001318  0.0027213  0.0024463  0.0045064  0.0048701  0.0047915  0.0055258  0.0038895  0.0044713  0.0014242  0.0000992  0.0007310  0.0017929  0.0006802  0.0022631 -0.0014486
C  0  1  78  1  1  8  -0.0006912  0.0014844  0.0022516  0.0025588  0.0049444  0.0042807  0.0050044  0.0051883  0.0046351  0.0021524  0.0008421 -0.0001344  0.0019486  0.0009588  0.0011487 -0.0020050
C  0  1  78  1  1  9   0.0013583  0.0032819  0.0020813  0.0034065  0.0033285  0.0043000  0.0034724  0.0044079  0.0041321  0.0004285  0.0022157  0.0009489  0.0008569  0.0006425  0.0012991 -0.0010350
C  0  1  78  1  1 10  -0.0005234  0.0015390  0.0014313  0.0015602  0.0028664  0.0013851  0.0026722  0.0028953  0.0029318 -0.0000280 -0.0003802  0.0007933 -0.0004819  0.0007148  0.0030534 -0.0009247
C  0  1  78  1  1 11   0.0007298  0.0019619  0.0012113  0.0024841  0.0028120 -0.0005140  0.0015307  0.0021607  0.0031498  0.0019801 -0.0008112  0.0002705  0.0001814 -0.0006936  0.0007373 -0.0012216
C  0  1  78  1  1 12   0.0001283  0.0025068  0.0031972  0.0042420  0.0032301  0.0017653  0.0016654  0.0033592  0.0046853  0.0010231  0.0017077  0.0010508  0.0006211 -0.0000106  0.0012740 -0.0012910
C  0  1  78  1  1 13  -0.0002887  0.0024414  0.0016345  0.0033853  0.0037162  0.0032442  0.0039437  0.0051306  0.0053561  0.0014024  0.0011239  0.0001402 -0.0000366 -0.0020544  0.0003212 -0.0009972
C  0  1  78  1  1 14   0.0000192  0.0010393  0.0031878  0.0044445  0.0036622  0.0023256  0.0047478  0.0067706  0.0056098  0.0021661  0.0013238 -0.0011124 -0.0009400 -0.0016601 -0.0012323 -0.0012260
C  0  1  78  1  1 15  -0.0022885  0.0004546  0.0029466  0.0036463  0.0032431 -0.0003928  0.0030775  0.0039370  0.0069981  0.0032170  0.0029709  0.0009077 -0.0024156 -0.0049392 -0.0059745 -0.0047384
C  0  1  78  1  1 16  -0.0010967  0.0013266  0.0031440  0.0045169  0.0040931  0.0010290  0.0041360  0.0046679  0.0049329  0.0061463  0.0026260  0.0034890 -0.0003809 -0.0010452 -0.0040973 -0.0045467
C  0  1  78  1  1 17  -0.0039166  0.0019204  0.0024909  0.0056731  0.0020033 -0.0014444  0.0011664  0.0039783  0.0031865  0.0047437  0.0050863  0.0016622 -0.0003539 -0.0041111 -0.0057481 -0.0045723
C  0  1  78  1  1 18   0.0011625  0.0080913  0.0052297  0.0083378  0.0049707  0.0003749 -0.0012853  0.0012480  0.0030439  0.0053343  0.0022864  0.0022764 -0.0005731 -0.0037727 -0.0045806 -0.0045681
C  0  1  78  1  1 19   0.0033567  0.0082694  0.0131442  0.0111101  0.0076917  0.0035948 -0.0005117  0.0011748  0.0038778  0.0059517  0.0025690 -0.0005696 -0.0019450 -0.0033477 -0.0040494 -0.0015232
C  0  1  78  1  1 20   0.0018203  0.0155120  0.0181296  0.0136678  0.0069892  0.0029221 -0.0017930 -0.0008664  0.0019182  0.0050707  0.0028623 -0.0023169 -0.0064926 -0.0073133 -0.0055543 -0.0026674
C  0  1  78  1  1 21   0.0084472  0.0205882  0.0321760  0.0213330  0.0149115  0.0175443  0.0087057  0.0095391  0.0119177  0.0123750  0.0001301 -0.0049484 -0.0093926 -0.0178088 -0.0082920  0.0015082
