CPHI 16 
CETA 22 -2.40 -2.10 -1.85 -1.60 -1.40 -1.20 -1.00 -0.80 -0.60 -0.40 -0.20  0.00  0.20  0.40  0.60  0.80  1.00  1.20  1.40  1.60  1.85  2.10  2.40 
RMIN  6 
RTRK 12 
RETA 11  0.00  0.20  0.40  0.60  0.80  1.00  1.20  1.40  1.60  1.85  2.10  2.40 
T 0 1  79  0  0  0    0.0000000   0.0006037   0.0016827   0.0032068   0.0122697   0.0689936   0.2777721   0.6532576   1.0000000   1.0000000   1.0000000   1.0000000   1.0000000
T 0 1  79  0  0  1    0.0000000   0.0001325   0.0005076   0.0022725   0.0122397   0.0585593   0.2261380   0.5878466   1.0000000   1.0000000   1.0000000   1.0000000   1.0000000
T 0 1  79  0  0  2    0.0000000   0.0001458   0.0005712   0.0017840   0.0108299   0.0555132   0.2091279   0.5742601   1.0000000   1.0000000   1.0000000   1.0000000   1.0000000
T 0 1  79  0  0  3    0.0000000   0.0001896   0.0005831   0.0017188   0.0114751   0.0627205   0.2269955   0.5873101   1.0000000   1.0000000   1.0000000   1.0000000   1.0000000
T 0 1  79  0  0  4    0.0000000   0.0003751   0.0025202   0.0144744   0.0631779   0.2036970   0.4884580   0.8222971   1.0000000   1.0000000   1.0000000   1.0000000   1.0000000
T 0 1  79  0  0  5    0.0000000   0.0009723   0.0074612   0.0512846   0.2052914   0.5319740   0.8759844   0.9993569   1.0000000   1.0000000   1.0000000   1.0000000   1.0000000
T 0 1  79  0  0  6    0.0000000   0.0003207   0.0011481   0.0102279   0.0673146   0.2772750   0.6628620   0.9309684   0.9982819   0.9999988   1.0000000   1.0000000   1.0000000
T 0 1  79  0  0  7    0.0000000   0.0000462   0.0003950   0.0009117   0.0047861   0.0310133   0.1189254   0.2967906   0.5813680   0.8694695   0.9841902   0.9998698   1.0000000
T 0 1  79  0  0  8    0.0000000   0.0000038   0.0000441   0.0001159   0.0004186   0.0009963   0.0042632   0.0250575   0.1191413   0.3938974   0.7896721   0.9693540   1.0000000
T 0 1  79  0  0  9    0.0000000   0.0000067   0.0000122   0.0000353   0.0005372   0.0036111   0.0184761   0.0855414   0.3013912   0.6580694   0.9383637   0.9999388   1.0000000
T 0 1  79  0  0 10    0.0000000   0.0067632   0.0293752   0.0468974   0.0800785   0.1689288   0.3376159   0.6895658   0.9102150   0.9701350   0.9998370   1.0000000   1.0000000
T 0 1  79  1  0  0    0.0000000   0.0005148   0.0016399   0.0047460   0.0213440   0.1017716   0.3374237   0.6994022   1.0000000   1.0000000   1.0000000   1.0000000   1.0000000
T 0 1  79  1  0  1    0.0000000   0.0002633   0.0010891   0.0042307   0.0181163   0.0752157   0.2537985   0.6193956   1.0000000   1.0000000   1.0000000   1.0000000   1.0000000
T 0 1  79  1  0  2    0.0000000   0.0002194   0.0008486   0.0027728   0.0124455   0.0616642   0.2339277   0.6064318   1.0000000   1.0000000   1.0000000   1.0000000   1.0000000
T 0 1  79  1  0  3    0.0000000   0.0002283   0.0008669   0.0027852   0.0140251   0.0700545   0.2491207   0.6198491   1.0000000   1.0000000   1.0000000   1.0000000   1.0000000
T 0 1  79  1  0  4    0.0000000   0.0004356   0.0027620   0.0153929   0.0663357   0.2155446   0.5058694   0.8320271   1.0000000   1.0000000   1.0000000   1.0000000   1.0000000
T 0 1  79  1  0  5    0.0000000   0.0011873   0.0094478   0.0577925   0.2246261   0.5586818   0.8900123   0.9996500   1.0000000   1.0000000   1.0000000   1.0000000   1.0000000
T 0 1  79  1  0  6    0.0000000   0.0004626   0.0026649   0.0180020   0.0942133   0.3329130   0.7236541   0.9536823   0.9988141   0.9999984   1.0000000   1.0000000   1.0000000
T 0 1  79  1  0  7    0.0000000   0.0002246   0.0006446   0.0024765   0.0123245   0.0526267   0.1570011   0.3413836   0.6074237   0.8728054   0.9849908   0.9998878   1.0000000
T 0 1  79  1  0  8    0.0000000   0.0009562   0.0014955   0.0017998   0.0022382   0.0036136   0.0107994   0.0452511   0.1686405   0.4573475   0.8251665   0.9710661   1.0000000
T 0 1  79  1  0  9    0.0000000   0.0021003   0.0074838   0.0131257   0.0159362   0.0198461   0.0401951   0.1288935   0.3661962   0.7154288   0.9583841   0.9999941   1.0000000
T 0 1  79  1  0 10    0.0000000   0.0032254   0.0170235   0.0428863   0.0843736   0.1746921   0.3942474   0.7474223   0.9511020   0.9856143   0.9999985   1.0000000   1.0000000
R 0 1  79  0  0  0    0.0251388   0.0251388   0.0136255   0.0105030   0.0103968   0.0102114   0.0100142   0.0098292   0.0098292   0.0098292   0.0098292   0.0098292
R 0 1  79  0  0  1    0.0118526   0.0118526   0.0118526   0.0118526   0.0110823   0.0109058   0.0109624   0.0108508   0.0108508   0.0108508   0.0108508   0.0108508
R 0 1  79  0  0  2    0.0123149   0.0123149   0.0123149   0.0123149   0.0119805   0.0119136   0.0118467   0.0116861   0.0116861   0.0116861   0.0116861   0.0116861
R 0 1  79  0  0  3    0.0136762   0.0136762   0.0136762   0.0136762   0.0127727   0.0125664   0.0123514   0.0122627   0.0122627   0.0122627   0.0122627   0.0122627
R 0 1  79  0  0  4    0.0190615   0.0190615   0.0190615   0.0173208   0.0168783   0.0158760   0.0145112   0.0130952   0.0130952   0.0130952   0.0130952   0.0130952
R 0 1  79  0  0  5    0.0202627   0.0202627   0.0192426   0.0192110   0.0186928   0.0181612   0.0167705   0.0167705   0.0167705   0.0167705   0.0167705   0.0167705
R 0 1  79  0  0  6    0.0202457   0.0202457   0.0202457   0.0203799   0.0208211   0.0206491   0.0208130   0.0206875   0.0206875   0.0206875   0.0206875   0.0206875
R 0 1  79  0  0  7    0.0217855   0.0217855   0.0217855   0.0217855   0.0206015   0.0212961   0.0211696   0.0210002   0.0205325   0.0196320   0.0196320   0.0196320
R 0 1  79  0  0  8    0.0214692   0.0214692   0.0214692   0.0214692   0.0214692   0.0214692   0.0214692   0.0210181   0.0210424   0.0209185   0.0202484   0.0186408
R 0 1  79  0  0  9    0.0312117   0.0312117   0.0312117   0.0312117   0.0312117   0.0312117   0.0297849   0.0288891   0.0274941   0.0265189   0.0247858   0.0247858
R 0 1  79  0  0 10    0.0793194   0.0704201   0.0615238   0.0538102   0.0470934   0.0441368   0.0408701   0.0355967   0.0337070   0.0309342   0.0309342   0.0309342
R 0 1  79  0  1  0    0.0000000   0.0000000   0.0000000   0.0000920   0.0000863   0.0000819   0.0000713   0.0000648   0.0000648   0.0000648   0.0000648   0.0000648
R 0 1  79  0  1  1    0.0000679   0.0000679   0.0000679   0.0000679   0.0000696   0.0000696   0.0000627   0.0000535   0.0000535   0.0000535   0.0000535   0.0000535
R 0 1  79  0  1  2    0.0000424   0.0000424   0.0000424   0.0000424   0.0000702   0.0000618   0.0000606   0.0000541   0.0000541   0.0000541   0.0000541   0.0000541
R 0 1  79  0  1  3    0.0000821   0.0000821   0.0000821   0.0000821   0.0000760   0.0000589   0.0000558   0.0000481   0.0000481   0.0000481   0.0000481   0.0000481
R 0 1  79  0  1  4    0.0001076   0.0001076   0.0001076   0.0000716   0.0000895   0.0000738   0.0000558   0.0000512   0.0000512   0.0000512   0.0000512   0.0000512
R 0 1  79  0  1  5    0.0001066   0.0001066   0.0000652   0.0000766   0.0000652   0.0000629   0.0000433   0.0000433   0.0000433   0.0000433   0.0000433   0.0000433
R 0 1  79  0  1  6    0.0000506   0.0000506   0.0000506   0.0000475   0.0000637   0.0000552   0.0000491   0.0000266   0.0000266   0.0000266   0.0000266   0.0000266
R 0 1  79  0  1  7    0.0000178   0.0000178   0.0000178   0.0000178   0.0001010   0.0000687   0.0000747   0.0000752   0.0000755   0.0000463   0.0000463   0.0000463
R 0 1  79  0  1  8    0.0001410   0.0001410   0.0001410   0.0001410   0.0001410   0.0001410   0.0001410   0.0001070   0.0001053   0.0001003   0.0000858   0.0000560
R 0 1  79  0  1  9    0.0003228   0.0003228   0.0003228   0.0003228   0.0003228   0.0003228   0.0001963   0.0002013   0.0001824   0.0001599   0.0001319   0.0001319
R 0 1  79  0  1 10    0.0012731   0.0011057   0.0009064   0.0007837   0.0005479   0.0004761   0.0003836   0.0002706   0.0001939   0.0001482   0.0001482   0.0001482
R 0 1  79  0  2  0    0.0000000   0.0000000   0.0000000   0.0000929   0.0000000   0.0000150   0.0000192   0.0000059   0.0000059   0.0000059   0.0000059   0.0000059
R 0 1  79  0  2  1    0.0000000   0.0000000   0.0000000   0.0000000   0.0000000   0.0000094   0.0000054   0.0000133   0.0000133   0.0000133   0.0000133   0.0000133
R 0 1  79  0  2  2    0.0000000   0.0000000   0.0000000   0.0000000   0.0000475   0.0000296   0.0000115   0.0000148   0.0000148   0.0000148   0.0000148   0.0000148
R 0 1  79  0  2  3    0.0000000   0.0000000   0.0000000   0.0000000   0.0000257   0.0000120   0.0000172   0.0000000   0.0000000   0.0000000   0.0000000   0.0000000
R 0 1  79  0  2  4    0.0000000   0.0000000   0.0000000   0.0000000   0.0000000   0.0000172   0.0000121   0.0000000   0.0000000   0.0000000   0.0000000   0.0000000
R 0 1  79  0  2  5    0.0000000   0.0000000   0.0000000   0.0000000   0.0000183   0.0000130   0.0000218   0.0000218   0.0000218   0.0000218   0.0000218   0.0000218
R 0 1  79  0  2  6    0.0000000   0.0000000   0.0000000   0.0000000   0.0000000   0.0000208   0.0000000   0.0000000   0.0000000   0.0000000   0.0000000   0.0000000
R 0 1  79  0  2  7    0.0000000   0.0000000   0.0000000   0.0000000   0.0001128   0.0000000   0.0000000   0.0000098   0.0000000   0.0000000   0.0000000   0.0000000
R 0 1  79  0  2  8    0.0000000   0.0000000   0.0000000   0.0000000   0.0000000   0.0000000   0.0000000   0.0000000   0.0000000   0.0000154   0.0000000   0.0000000
R 0 1  79  0  2  9    0.0000000   0.0000000   0.0000000   0.0000000   0.0000000   0.0000000   0.0000000   0.0000000   0.0000000   0.0000000   0.0000000   0.0000000
R 0 1  79  0  2 10    0.0000000   0.0000000   0.0000000   0.0000000   0.0000000   0.0000000   0.0000509   0.0000444   0.0000000   0.0000000   0.0000000   0.0000000
R 0 1  79  0  3  0    0.8914624   0.8914624   0.8922563   1.0335508   1.0023745   0.9829474   0.9820913   0.9830780   0.9830780   0.9830780   0.9830780   0.9830780
R 0 1  79  0  3  1    1.0153975   1.0153975   1.0153975   1.0153975   0.9985071   0.9837815   0.9788577   0.9773772   0.9773772   0.9773772   0.9773772   0.9773772
R 0 1  79  0  3  2    1.0045120   1.0045120   1.0045120   1.0045120   0.9991712   0.9863462   0.9802114   0.9808644   0.9808644   0.9808644   0.9808644   0.9808644
R 0 1  79  0  3  3    1.0036559   1.0036559   1.0036559   1.0036559   0.9984382   0.9867286   0.9833481   0.9811096   0.9811096   0.9811096   0.9811096   0.9811096
R 0 1  79  0  3  4    1.0018203   1.0018203   1.0018203   0.9863854   0.9813993   0.9744018   0.9774960   0.9887871   0.9887871   0.9887871   0.9887871   0.9887871
R 0 1  79  0  3  5    1.0080210   1.0080210   0.9956091   0.9842244   0.9727473   0.9702731   0.9720433   0.9720433   0.9720433   0.9720433   0.9720433   0.9720433
R 0 1  79  0  3  6    1.0396329   1.0396329   1.0396329   1.0014454   0.9863631   0.9846026   0.9834022   0.9242319   0.9242319   0.9242319   0.9242319   0.9242319
R 0 1  79  0  3  7    1.0472568   1.0472568   1.0472568   1.0472568   1.0321267   0.9947356   0.9898585   0.9873866   0.9856581   0.9912598   0.9912598   0.9912598
R 0 1  79  0  3  8    1.0081212   1.0081212   1.0081212   1.0081212   1.0081212   1.0081212   1.0081212   0.9916938   0.9836657   0.9829136   0.9851172   1.0190951
R 0 1  79  0  3  9    1.0397536   1.0397536   1.0397536   1.0397536   1.0397536   1.0397536   0.9972075   0.9769805   0.9722960   0.9832631   1.0012376   1.0012376
R 0 1  79  0  3 10    1.0510108   1.0399108   1.0155618   0.9997810   0.9761370   0.9728481   0.9689936   0.9724433   1.0032151   1.0048214   1.0048214   1.0048214
R 0 1  79  0  4  0    1.0502058   1.0502058   1.1632418   2.1661556   2.3359397   2.2600050   2.2729446   2.2808896   2.2808896   2.2808896   2.2808896   2.2808896
R 0 1  79  0  4  1    2.0959573   2.0959573   2.0959573   2.0959573   2.2278825   2.2077750   2.2170527   2.1809120   2.1809120   2.1809120   2.1809120   2.1809120
R 0 1  79  0  4  2    1.8167703   1.8167703   1.8167703   1.8167703   2.1490732   2.2486942   2.2195714   2.2328532   2.2328532   2.2328532   2.2328532   2.2328532
R 0 1  79  0  4  3    1.8366791   1.8366791   1.8366791   1.8366791   2.3205819   2.2397924   2.2399759   2.2266304   2.2266304   2.2266304   2.2266304   2.2266304
R 0 1  79  0  4  4    1.7915896   1.7915896   1.7915896   1.9738122   2.1261791   2.0971662   2.1809270   2.3171787   2.3171787   2.3171787   2.3171787   2.3171787
R 0 1  79  0  4  5    1.6786031   1.6786031   2.0598470   2.1722634   2.0660777   2.0521576   1.9539079   1.9539079   1.9539079   1.9539079   1.9539079   1.9539079
R 0 1  79  0  4  6    2.0288224   2.0288224   2.0288224   2.2176893   2.2955408   2.3333408   2.3193959   1.9131434   1.9131434   1.9131434   1.9131434   1.9131434
R 0 1  79  0  4  7    1.9331929   1.9331929   1.9331929   1.9331929   2.2484742   2.3946709   2.3499285   2.3690696   2.3697498   2.3485197   2.3485197   2.3485197
R 0 1  79  0  4  8    2.1741700   2.1741700   2.1741700   2.1741700   2.1741700   2.1741700   2.1741700   2.2141378   2.2253008   2.2715741   2.2658390   2.3163609
R 0 1  79  0  4  9    2.1240777   2.1240777   2.1240777   2.1240777   2.1240777   2.1240777   2.1523759   2.0693705   2.0289636   2.1714486   2.1500311   2.1500311
R 0 1  79  0  4 10    2.0473215   2.1794070   1.9348140   1.8980524   1.9920281   1.9997980   1.9797818   1.9853007   2.0931559   2.0675885   2.0675885   2.0675885
R 0 1  79  0  5  0   30.0647847  30.0647847  11.0311542   3.5194540   3.2625991   4.0117949   4.0318087   3.9483352   3.9483352   3.9483352   3.9483352   3.9483352
R 0 1  79  0  5  1    3.2723308   3.2723308   3.2723308   3.2723308   3.6390484   4.2457617   4.3086054   4.5775308   4.5775308   4.5775308   4.5775308   4.5775308
R 0 1  79  0  5  2    4.1871537   4.1871537   4.1871537   4.1871537   4.3740602   4.0705290   4.2632720   4.2661871   4.2661871   4.2661871   4.2661871   4.2661871
R 0 1  79  0  5  3    4.5532374   4.5532374   4.5532374   4.5532374   3.5375206   4.1042142   4.1822126   4.2980246   4.2980246   4.2980246   4.2980246   4.2980246
R 0 1  79  0  5  4    5.9844374   5.9844374   5.9844374   5.6213168   4.6540650   4.8323690   4.0809887   3.3773695   3.3773695   3.3773695   3.3773695   3.3773695
R 0 1  79  0  5  5    5.8189993   5.8189993   4.7762817   4.6598665   5.3807905   5.0083069   4.3645206   4.3645206   4.3645206   4.3645206   4.3645206   4.3645206
R 0 1  79  0  5  6    2.9113847   2.9113847   2.9113847   3.8919350   3.6873724   3.0712849   2.4893550   3.0791153   3.0791153   3.0791153   3.0791153   3.0791153
R 0 1  79  0  5  7    3.3086785   3.3086785   3.3086785   3.3086785   3.8249683   2.8089395   2.8963715   2.8074553   2.6230988   2.0543280   2.0543280   2.0543280
R 0 1  79  0  5  8    4.1829173   4.1829173   4.1829173   4.1829173   4.1829173   4.1829173   4.1829173   4.6417192   4.7672958   4.2264784   3.7019596   3.8727617
R 0 1  79  0  5  9    5.0208567   5.0208567   5.0208567   5.0208567   5.0208567   5.0208567   5.4649820   6.0630489   6.8706871   5.7939813   6.1218073   6.1218073
R 0 1  79  0  5 10    7.2941208   4.4746495   4.5813746   6.1987339   5.1603311   5.9935204   7.6217294   8.2274247   6.1098726   6.6624096   6.6624096   6.6624096
F  0  1  79  0  0  0    1.0282894   1.0101920   0.9958050   1.0026229   0.9713090   0.9940821   0.9880722   0.9937530   0.9803503   0.9853045   0.9798276
F  0  1  79  1  0  0    1.0779520   1.0753498   1.0698121   1.0913954   1.0453295   1.0527750   1.0689755   1.0559148   1.0366911   1.0566320   1.0854453
C  0  1  79  0  0  0  -0.3222536  0.0031478 -0.3534824 -0.3172330 -0.3140378 -0.0967313 -0.1170594 -0.2197807 -0.1576725 -0.1643400 -0.1341145  0.0037032 -0.2844145 -0.2060327 -0.3470600 -0.0804454
C  0  1  79  0  0  1   0.0009445 -0.1860439 -0.2198141 -0.2317194 -0.1858443 -0.1981393 -0.1996670 -0.1275648 -0.0040477 -0.0827196 -0.0321027 -0.0201421 -0.1726109 -0.0699702 -0.1744694 -0.1473538
C  0  1  79  0  0  2  -0.1315447 -0.0743500 -0.1877038 -0.0759307 -0.0321167 -0.0892821 -0.0313687 -0.0845378  0.0006686 -0.0517174  0.0303301  0.0439352 -0.1326174 -0.1304691  0.0036035 -0.0816425
C  0  1  79  0  0  3  -0.0966419 -0.1050307 -0.1822368 -0.0261612 -0.0681420 -0.2190270 -0.1432681 -0.0949278  0.0783823 -0.0301584 -0.1569650 -0.0473680 -0.0871941 -0.1552923 -0.1211541 -0.0434856
C  0  1  79  0  0  4  -0.0705195 -0.0452342 -0.0632512 -0.0789152 -0.0801226 -0.1527656 -0.0709661 -0.0059742 -0.1428288 -0.0469559 -0.1499359  0.0762958 -0.1128318 -0.0767148 -0.0225936 -0.1179158
C  0  1  79  0  0  5  -0.0636738 -0.0073169 -0.0503432  0.0199151 -0.0170046 -0.0566172 -0.0317574 -0.0304516  0.0554141 -0.0279545 -0.1359673 -0.0186096  0.0516829  0.0703291  0.0556242 -0.1413557
C  0  1  79  0  0  6  -0.0355659  0.0756937  0.0511964  0.0108981 -0.0231347  0.0764481 -0.0564614 -0.2092724 -0.0413052 -0.0502293  0.0039951 -0.0311289 -0.0078963  0.0368456 -0.0316817  0.0770301
C  0  1  79  0  0  7   0.0082707  0.0507504  0.0029041  0.0068510 -0.0507333 -0.0087804  0.0160365 -0.0078651 -0.0090202  0.0188494  0.0750814  0.0094223  0.0147227 -0.0525220 -0.0421811  0.0555357
C  0  1  79  0  0  8   0.0156089 -0.0721120 -0.0341855  0.0300084 -0.0248335  0.0259996 -0.0465918  0.0124399 -0.0218549 -0.0500434  0.0184369 -0.0231595  0.0189731  0.0145547 -0.0238294 -0.0713232
C  0  1  79  0  0  9  -0.0884695  0.0144060  0.0132906  0.0363353 -0.0341994  0.0341988 -0.0604580  0.0696302 -0.0196269 -0.0445597  0.0938646  0.0522049  0.0013113 -0.0101902  0.0158066  0.1129681
C  0  1  79  0  0 10  -0.0121266 -0.0537068  0.0241792  0.0108773 -0.0274373  0.0255856  0.0150841 -0.0010390  0.0156961 -0.0584853  0.0397488  0.0279814 -0.0323958  0.0650827  0.0007293  0.1258261
C  0  1  79  0  0 11  -0.0849132  0.0332107 -0.0187434  0.0832261 -0.0224353  0.0900962  0.0436771  0.0746719  0.0053017 -0.0180126  0.0366403 -0.0562486  0.0004563  0.0440738 -0.0351304  0.0013757
C  0  1  79  0  0 12   0.0419459  0.0232699  0.0238496  0.0770858 -0.0119110  0.0461403 -0.0198573 -0.0432929  0.0299364  0.0466839 -0.0238715 -0.0135516 -0.1478627  0.0334143  0.0672186  0.0528460
C  0  1  79  0  0 13  -0.0701328 -0.0298464  0.0384495  0.0316895  0.0237856 -0.0439628 -0.0179117 -0.0134552  0.0798816  0.0378691  0.0105907 -0.0077290 -0.0363546 -0.0243718  0.0203098 -0.0509204
C  0  1  79  0  0 14  -0.0498802  0.0410411 -0.0842455 -0.0038836 -0.0731307 -0.0143552  0.0375416  0.0119815  0.0616911  0.0196968  0.0465233 -0.1220954  0.1163785  0.0389724 -0.0763563 -0.0950580
C  0  1  79  0  0 15  -0.0871841 -0.0578195  0.0056806 -0.0053315  0.0452307 -0.0309847  0.0214316  0.0364143  0.0758107 -0.0599763 -0.0173510 -0.1382928 -0.0361194  0.0226805 -0.0915733 -0.0306199
C  0  1  79  0  0 16   0.1318369 -0.0280761  0.0347568  0.0925905 -0.0329774 -0.0789354 -0.0111673 -0.0389754  0.0090279  0.0866234  0.0407953 -0.0685805 -0.0541631  0.0395281 -0.1319156 -0.0092560
C  0  1  79  0  0 17  -0.1047314 -0.0998884 -0.1638779 -0.0997268 -0.1336912 -0.0844257 -0.0453123  0.0266407 -0.0075324 -0.1150370 -0.0195930 -0.0245221 -0.0989459 -0.2072034 -0.0813948 -0.0199939
C  0  1  79  0  0 18  -0.2040742 -0.1291865  0.0354603 -0.1418300 -0.2009468  0.0210422 -0.1003170 -0.0086075 -0.0186965 -0.0527670 -0.0587969 -0.0552436 -0.0820793 -0.0019965 -0.1615906  0.0082674
C  0  1  79  0  0 19  -0.0082872 -0.0974403 -0.1680258  0.0103642 -0.1875033 -0.0820913 -0.1233177 -0.1162339 -0.1379803 -0.0683677 -0.0708904 -0.0849309 -0.1069894 -0.0792126 -0.0957223 -0.0934494
C  0  1  79  0  0 20  -0.1570765 -0.1151827  0.0554679 -0.0539146 -0.0979039 -0.1098272 -0.1835534 -0.1573122 -0.1121650 -0.2185879 -0.2056620  0.0298486  0.0178060 -0.1155071 -0.1967222 -0.2551942
C  0  1  79  0  0 21  -0.2580934 -0.1860018 -0.1720321 -0.1991806 -0.2396322 -0.2178582 -0.2151028 -0.0916564 -0.1263774 -0.0469918 -0.1111161 -0.2833159 -0.2342874 -0.3335695 -0.1377182 -0.2806725
C  0  1  79  0  1  0  -0.0001415 -0.0008299  0.0014123 -0.0042854 -0.0028642  0.0015388  0.0019935  0.0027591  0.0016997 -0.0009193  0.0006229 -0.0015662  0.0085457  0.0036299  0.0058068  0.0084369
C  0  1  79  0  1  1   0.0022054  0.0017249  0.0000030 -0.0046137  0.0004175 -0.0043257  0.0070196  0.0019016  0.0031323 -0.0004058  0.0012865 -0.0061490  0.0012354  0.0063621  0.0027122 -0.0006936
C  0  1  79  0  1  2   0.0041614 -0.0015999 -0.0006340  0.0009679 -0.0020035 -0.0006071 -0.0007343 -0.0002684 -0.0004711  0.0015082 -0.0011823 -0.0026718 -0.0005855 -0.0016501  0.0013965  0.0015300
C  0  1  79  0  1  3   0.0035863  0.0011554 -0.0003684 -0.0018389 -0.0018379  0.0019236  0.0025192 -0.0005435 -0.0003656 -0.0014701 -0.0030330 -0.0015212 -0.0010158 -0.0009525  0.0012723  0.0032505
C  0  1  79  0  1  4   0.0042928 -0.0004571 -0.0028289  0.0019493 -0.0009843 -0.0004811  0.0022163 -0.0003822 -0.0005471  0.0002929 -0.0033687 -0.0019166  0.0020307 -0.0008614 -0.0019757 -0.0007500
C  0  1  79  0  1  5   0.0008721  0.0007029 -0.0020941  0.0007121  0.0001378 -0.0005271 -0.0007103  0.0001419  0.0012627  0.0002460  0.0025715  0.0001053  0.0000052 -0.0006393  0.0007941 -0.0005208
C  0  1  79  0  1  6   0.0026371 -0.0005894 -0.0014481  0.0011316  0.0000830 -0.0001965 -0.0016146 -0.0014565  0.0004748 -0.0009904  0.0004035  0.0000322 -0.0019312 -0.0013715  0.0012908  0.0012071
C  0  1  79  0  1  7   0.0027021  0.0002158  0.0001781 -0.0002768  0.0011715  0.0012188 -0.0016370 -0.0000885  0.0006491 -0.0019341  0.0019895 -0.0019318  0.0001202 -0.0008740  0.0001266  0.0002167
C  0  1  79  0  1  8   0.0007654  0.0015965 -0.0007928  0.0003989  0.0013342  0.0013789  0.0016193  0.0014575  0.0011787 -0.0004814  0.0007330 -0.0009189 -0.0014800  0.0010063  0.0004145  0.0008524
C  0  1  79  0  1  9  -0.0022825  0.0007457  0.0026616  0.0010389  0.0008304 -0.0001417  0.0031471  0.0012454 -0.0004464 -0.0011709 -0.0035061 -0.0012885 -0.0005885 -0.0010920 -0.0001839  0.0012911
C  0  1  79  0  1 10   0.0003501  0.0016202  0.0011578  0.0019780  0.0021697 -0.0002127  0.0017028 -0.0013409  0.0004335 -0.0012070 -0.0012329 -0.0003150 -0.0014845  0.0005451 -0.0002019  0.0017821
C  0  1  79  0  1 11   0.0007358  0.0013623  0.0013596  0.0002957  0.0006879  0.0000569 -0.0005647 -0.0015778 -0.0018713  0.0012377 -0.0008514 -0.0008454  0.0015093  0.0001782  0.0007087 -0.0012564
C  0  1  79  0  1 12   0.0011911  0.0009258  0.0007713 -0.0013172 -0.0005470 -0.0011404  0.0010172 -0.0006200  0.0010110 -0.0004620 -0.0002258  0.0003970 -0.0008083  0.0007559  0.0002859  0.0023634
C  0  1  79  0  1 13   0.0034180 -0.0001805 -0.0002700  0.0027277  0.0028716  0.0000538  0.0003936  0.0019374  0.0002044 -0.0022729  0.0004121 -0.0021388 -0.0019054  0.0008430  0.0007894  0.0028723
C  0  1  79  0  1 14   0.0019116  0.0015301  0.0009900  0.0009726  0.0036881  0.0017135  0.0001536  0.0002628  0.0018414  0.0024714  0.0013695 -0.0000513  0.0007430 -0.0008331 -0.0007492  0.0012020
C  0  1  79  0  1 15   0.0020736  0.0002737 -0.0003827  0.0023294  0.0001204  0.0022689  0.0024317  0.0003763  0.0002679  0.0017558 -0.0003947  0.0025875  0.0015190 -0.0007784  0.0000000  0.0010708
C  0  1  79  0  1 16   0.0036703  0.0016798  0.0006315 -0.0000409 -0.0004280  0.0007411  0.0003300  0.0007264  0.0011346 -0.0015446  0.0010286 -0.0001602 -0.0008628  0.0011904  0.0036873  0.0011854
C  0  1  79  0  1 17   0.0006997  0.0023995  0.0022213  0.0035051  0.0015980  0.0018096  0.0030506  0.0026049  0.0003931  0.0016161  0.0010990 -0.0000235  0.0013087 -0.0006515  0.0052473  0.0048668
C  0  1  79  0  1 18   0.0039801  0.0051471  0.0006481  0.0046128 -0.0004513  0.0025006  0.0059971  0.0007513 -0.0014896  0.0023948  0.0035756  0.0025807  0.0006447  0.0004622  0.0065192  0.0044097
C  0  1  79  0  1 19   0.0022999  0.0041159  0.0001224  0.0008593  0.0009316  0.0017100  0.0021873  0.0015355  0.0050698  0.0029196 -0.0007002  0.0015914  0.0002781  0.0036616  0.0043464  0.0039387
C  0  1  79  0  1 20   0.0052634  0.0038011  0.0078770  0.0051123  0.0023734  0.0075254  0.0035410  0.0047144  0.0019860  0.0021997  0.0012911 -0.0038209  0.0026099  0.0042938  0.0065458  0.0027399
C  0  1  79  0  1 21   0.0132043  0.0129807  0.0069512  0.0025719 -0.0030325 -0.0055556 -0.0094533 -0.0007948 -0.0023359 -0.0051829  0.0016405  0.0047862  0.0035965  0.0075912  0.0132128  0.0043468
C  0  1  79  1  0  0  -0.4009874 -0.3016678 -0.3761788 -0.3630029 -0.2245933 -0.4299726 -0.3965261 -0.3056417 -0.3908046 -0.2547257 -0.3620637 -0.5033890 -0.4220942 -0.3905347 -0.4058121 -0.5471384
C  0  1  79  1  0  1  -0.3087989 -0.3996536 -0.3419358 -0.3024943 -0.3659486 -0.2975941 -0.2686115 -0.1836727 -0.2476738 -0.2106982 -0.3213921 -0.3075504 -0.3273104 -0.3730208 -0.3250938 -0.3619823
C  0  1  79  1  0  2  -0.3487105 -0.3382026 -0.2735625 -0.2673614 -0.2982982 -0.2404305 -0.2900449 -0.2438335 -0.2254404 -0.2076416 -0.3077734 -0.2861270 -0.3761470 -0.4005818 -0.2633872 -0.3683220
C  0  1  79  1  0  3  -0.3029221 -0.3098913 -0.3536027 -0.3229317 -0.2459704 -0.2131519 -0.2292323 -0.1566705 -0.1862927 -0.1750010 -0.2604090 -0.2620212 -0.3163213 -0.2827880 -0.2982037 -0.2754275
C  0  1  79  1  0  4  -0.3275382 -0.2752236 -0.2979666 -0.2453642 -0.2473176 -0.2403436 -0.2485585 -0.2768679 -0.2068772 -0.2344091 -0.1999156 -0.3175347 -0.3419015 -0.2502490 -0.2926661 -0.3354882
C  0  1  79  1  0  5  -0.2160058 -0.1981556 -0.2431267 -0.1912669 -0.1424720 -0.1383483 -0.1868367 -0.1731879 -0.1510345 -0.1117359 -0.1653515 -0.2031757 -0.2496869 -0.1327096 -0.1487374 -0.2143211
C  0  1  79  1  0  6  -0.1830583 -0.1470595 -0.1936840 -0.1752344 -0.1198359 -0.1391007 -0.1620838 -0.1404879 -0.1548128 -0.1326749 -0.0583079 -0.0943083 -0.1680895 -0.1771115 -0.1687518 -0.1885315
C  0  1  79  1  0  7  -0.1339752 -0.1666752 -0.1591331 -0.1383040 -0.1869065 -0.1987463 -0.1679210 -0.1172595 -0.1225603 -0.1180045 -0.0976703 -0.1666896 -0.1609146 -0.1692659 -0.1634783 -0.1557959
C  0  1  79  1  0  8  -0.1839470 -0.1225333 -0.1633692 -0.1543257 -0.1840607 -0.1084693 -0.1807876 -0.1723486 -0.1259100 -0.1238563 -0.1558399 -0.1530561 -0.1068484 -0.1893151 -0.1727227 -0.1734995
C  0  1  79  1  0  9  -0.1603147 -0.1650830 -0.1208741 -0.1671528 -0.1119661 -0.1333049 -0.1032077 -0.1469393 -0.0828116 -0.1345644 -0.0740363 -0.1352520 -0.1249005 -0.1180039 -0.1237856 -0.1309485
C  0  1  79  1  0 10  -0.1099902 -0.1102101 -0.1414183 -0.1349977 -0.0905437 -0.1279589 -0.1375066 -0.1003112 -0.0957928 -0.1042062 -0.1264479 -0.1022746 -0.0922555 -0.1214580 -0.1085207 -0.1138151
C  0  1  79  1  0 11  -0.1245785 -0.1126156 -0.1771689 -0.1098143 -0.1248523 -0.1067219 -0.1321547 -0.0845943 -0.1462878 -0.0672054 -0.1005961 -0.1013199 -0.1223983 -0.1127053 -0.0847608 -0.1471156
C  0  1  79  1  0 12  -0.1401914 -0.1403050 -0.1106112 -0.1439218 -0.1416530 -0.1411373 -0.1565586 -0.1595012 -0.1232938 -0.1235144 -0.1324066 -0.1180307 -0.0949879 -0.1172264 -0.1573601 -0.1286312
C  0  1  79  1  0 13  -0.1128551 -0.1668043 -0.1903766 -0.1469369 -0.1507288 -0.1714761 -0.1594073 -0.1629016 -0.1117546 -0.1000804 -0.1555939 -0.1602869 -0.2140041 -0.1624068 -0.1571421 -0.1505418
C  0  1  79  1  0 14  -0.1432813 -0.1609219 -0.1331415 -0.1435883 -0.1466863 -0.1411485 -0.1398933 -0.2090990 -0.1412815 -0.1224585 -0.1292871 -0.1360282 -0.1275632 -0.0791912 -0.1724802 -0.2094892
C  0  1  79  1  0 15  -0.1041729 -0.2072311 -0.1698060 -0.1790014 -0.1660202 -0.1266219 -0.1948818 -0.1565008 -0.1695026 -0.0763175 -0.1037091 -0.1935211 -0.1579545 -0.0930558 -0.0979444 -0.1707966
C  0  1  79  1  0 16  -0.1706402 -0.1825182 -0.1572985 -0.1694407 -0.1254725 -0.1757164 -0.1880132 -0.1793911 -0.1485693 -0.1707015 -0.1275575 -0.1325347 -0.0992885 -0.1639972 -0.1087034 -0.1028075
C  0  1  79  1  0 17  -0.3255312 -0.3173921 -0.1957953 -0.3158009 -0.2382234 -0.3018992 -0.2829265 -0.2809740 -0.2441152 -0.2663509 -0.2826396 -0.1825869 -0.2205940 -0.3076682 -0.2795072 -0.3217192
C  0  1  79  1  0 18  -0.2706919 -0.3225175 -0.2909775 -0.2216814 -0.2527073 -0.2758288 -0.2697553 -0.3153707 -0.2401480 -0.1822734 -0.2615348 -0.2826613 -0.2607842 -0.2000351 -0.2352032 -0.2187907
C  0  1  79  1  0 19  -0.2743754 -0.3027077 -0.2519412 -0.3117070 -0.2801959 -0.2762852 -0.2823635 -0.1630714 -0.2952011 -0.2688646 -0.1985374 -0.3017980 -0.2692258 -0.2568339 -0.2857369 -0.2418036
C  0  1  79  1  0 20  -0.2714827 -0.3369116 -0.4046460 -0.3512421 -0.3514693 -0.2236294 -0.3153304 -0.3382199 -0.3364231 -0.3085190 -0.3195778 -0.2941628 -0.3911024 -0.2633925 -0.2928727 -0.3560285
C  0  1  79  1  0 21  -0.4154126 -0.4618016 -0.3767149 -0.3761984 -0.3224649 -0.2991204 -0.3131105 -0.3563451 -0.3690552 -0.2549415 -0.2244453 -0.2903523 -0.2612072 -0.3437513 -0.2852258 -0.3506130
C  0  1  79  1  1  0   0.0457414  0.0507592  0.0416287  0.0256821  0.0010952 -0.0203275 -0.0321075 -0.0425737 -0.0476352 -0.0372445 -0.0334642 -0.0179728  0.0043596  0.0049232  0.0265244  0.0387314
C  0  1  79  1  1  1   0.0258683  0.0219486  0.0182258  0.0123043  0.0017521 -0.0073869 -0.0152091 -0.0177356 -0.0169450 -0.0143661 -0.0162188 -0.0063455  0.0038123  0.0105478  0.0128975  0.0237402
C  0  1  79  1  1  2   0.0131526  0.0124467  0.0097338  0.0050326  0.0019927 -0.0028617 -0.0081649 -0.0076846 -0.0080403 -0.0053661 -0.0047939 -0.0011649  0.0009426  0.0037870  0.0056882  0.0112740
C  0  1  79  1  1  3   0.0071239  0.0057262  0.0028702  0.0045190  0.0021172  0.0007923 -0.0047355 -0.0023872  0.0011349 -0.0007573 -0.0022135 -0.0008621  0.0018940  0.0018622  0.0007760  0.0063311
C  0  1  79  1  1  4   0.0018228  0.0029071  0.0011233  0.0011564  0.0033143  0.0017048 -0.0000505  0.0020444  0.0042606  0.0023809 -0.0006893 -0.0009508  0.0034596  0.0013192  0.0040410  0.0019869
C  0  1  79  1  1  5   0.0020748  0.0010219  0.0011003  0.0029908  0.0026655  0.0032399  0.0041260  0.0041711  0.0052614  0.0023054 -0.0012546 -0.0003787  0.0013377  0.0024864  0.0017169 -0.0002751
C  0  1  79  1  1  6   0.0005991  0.0017153  0.0016415  0.0042514  0.0051730  0.0042219  0.0049046  0.0048374  0.0047016  0.0019602 -0.0003399  0.0004508  0.0006876  0.0008330  0.0002045  0.0005508
C  0  1  79  1  1  7  -0.0007247  0.0020573  0.0020785  0.0036450  0.0041221  0.0038324  0.0059933  0.0034353  0.0036763  0.0008195  0.0005970 -0.0003711  0.0013498  0.0015604  0.0010740 -0.0014593
C  0  1  79  1  1  8   0.0001068  0.0012758  0.0015084  0.0020548  0.0050331  0.0031798  0.0041634  0.0057557  0.0042631  0.0017343  0.0011104  0.0002010  0.0015064  0.0008806  0.0015334 -0.0011437
C  0  1  79  1  1  9   0.0010490  0.0022955  0.0016136  0.0032100  0.0031712  0.0027078  0.0033780  0.0029409  0.0028720 -0.0007634  0.0006010  0.0012653  0.0021286 -0.0001395 -0.0002335 -0.0019532
C  0  1  79  1  1 10   0.0000075  0.0026987  0.0023309  0.0016988  0.0021824  0.0017935  0.0019410  0.0032975  0.0025559  0.0013142 -0.0004282  0.0001262 -0.0000142  0.0012324  0.0024400 -0.0012979
C  0  1  79  1  1 11   0.0002403  0.0023272  0.0013649  0.0024065  0.0017253  0.0003003  0.0007629  0.0033477  0.0028827  0.0021555 -0.0011137 -0.0002794 -0.0000176 -0.0000872  0.0007816 -0.0022315
C  0  1  79  1  1 12   0.0006260  0.0021251  0.0019600  0.0035605  0.0021222  0.0014053  0.0004116  0.0028952  0.0036992  0.0008573  0.0006076  0.0004310  0.0005209  0.0003138  0.0005197 -0.0011651
C  0  1  79  1  1 13  -0.0000915  0.0015794  0.0022288  0.0027363  0.0032001  0.0020347  0.0036901  0.0058158  0.0052482  0.0016975  0.0009276 -0.0004879 -0.0012249 -0.0019312  0.0000009 -0.0014818
C  0  1  79  1  1 14  -0.0012681  0.0011066  0.0020119  0.0034349  0.0045831  0.0022511  0.0034145  0.0060895  0.0055341  0.0016715  0.0014625 -0.0005199 -0.0015519 -0.0016866 -0.0010759 -0.0023632
C  0  1  79  1  1 15  -0.0010023  0.0011446  0.0027832  0.0032690  0.0033800 -0.0006606  0.0030679  0.0034277  0.0067753  0.0042196  0.0023716 -0.0004303 -0.0021936 -0.0059039 -0.0053439 -0.0045983
C  0  1  79  1  1 16  -0.0004408  0.0006004  0.0028939  0.0046753  0.0022990  0.0004669  0.0024329  0.0025034  0.0044427  0.0074305  0.0026876  0.0025092 -0.0015603 -0.0021225 -0.0049581 -0.0051295
C  0  1  79  1  1 17  -0.0040547  0.0014367  0.0008721  0.0061358  0.0011436 -0.0024097  0.0009013  0.0029389  0.0041101  0.0043130  0.0039984  0.0017120 -0.0009812 -0.0036063 -0.0042178 -0.0054021
C  0  1  79  1  1 18   0.0006867  0.0059284  0.0054592  0.0065325  0.0034473 -0.0002550 -0.0018078 -0.0006206  0.0021028  0.0030762  0.0015461  0.0017680 -0.0014780 -0.0042762 -0.0069068 -0.0038574
C  0  1  79  1  1 19   0.0021722  0.0085076  0.0128319  0.0104320  0.0070639  0.0013263 -0.0016044  0.0000687  0.0039046  0.0053614  0.0019946  0.0002271 -0.0026709 -0.0042449 -0.0043872 -0.0029933
C  0  1  79  1  1 20   0.0019441  0.0154108  0.0189811  0.0144302  0.0066194  0.0045840 -0.0010881  0.0004827  0.0004915  0.0074591  0.0022150 -0.0027601 -0.0066005 -0.0099753 -0.0058443 -0.0054838
C  0  1  79  1  1 21   0.0097902  0.0216124  0.0322052  0.0226868  0.0168338  0.0166577  0.0108049  0.0111668  0.0128407  0.0150821  0.0024994 -0.0030917 -0.0073425 -0.0154759 -0.0077358  0.0006838
