CPHI 16 
CETA 22 -2.40 -2.10 -1.85 -1.60 -1.40 -1.20 -1.00 -0.80 -0.60 -0.40 -0.20  0.00  0.20  0.40  0.60  0.80  1.00  1.20  1.40  1.60  1.85  2.10  2.40 
RMIN  6 
RTRK 12 
RETA 11  0.00  0.20  0.40  0.60  0.80  1.00  1.20  1.40  1.60  1.85  2.10  2.40 
T 0 1   8  0  0  0    0.0000000   0.0006349   0.0017463   0.0032012   0.0122778   0.0690001   0.2776864   0.6528947   1.0000000   1.0000000   1.0000000   1.0000000   1.0000000
T 0 1   8  0  0  1    0.0000000   0.0001122   0.0004980   0.0023327   0.0124102   0.0592642   0.2265220   0.5889160   1.0000000   1.0000000   1.0000000   1.0000000   1.0000000
T 0 1   8  0  0  2    0.0000000   0.0001347   0.0005269   0.0017214   0.0105641   0.0551225   0.2088460   0.5730516   1.0000000   1.0000000   1.0000000   1.0000000   1.0000000
T 0 1   8  0  0  3    0.0000000   0.0002117   0.0005916   0.0018028   0.0115812   0.0627463   0.2252898   0.5860714   1.0000000   1.0000000   1.0000000   1.0000000   1.0000000
T 0 1   8  0  0  4    0.0000000   0.0003505   0.0024489   0.0142114   0.0627418   0.2049027   0.4897499   0.8221963   1.0000000   1.0000000   1.0000000   1.0000000   1.0000000
T 0 1   8  0  0  5    0.0000000   0.0009968   0.0073964   0.0516550   0.2058628   0.5332449   0.8759966   0.9994157   1.0000000   1.0000000   1.0000000   1.0000000   1.0000000
T 0 1   8  0  0  6    0.0000000   0.0002865   0.0012037   0.0103289   0.0670238   0.2764977   0.6627523   0.9312497   0.9982874   0.9999994   1.0000000   1.0000000   1.0000000
T 0 1   8  0  0  7    0.0000000   0.0000620   0.0003774   0.0008719   0.0046700   0.0307386   0.1194988   0.2984397   0.5818288   0.8698307   0.9841212   0.9998696   1.0000000
T 0 1   8  0  0  8    0.0000000   0.0000007   0.0000281   0.0001262   0.0003873   0.0009990   0.0042296   0.0251922   0.1191233   0.3940291   0.7896211   0.9694230   1.0000000
T 0 1   8  0  0  9    0.0000000   0.0000158   0.0000158   0.0000402   0.0005127   0.0034504   0.0183666   0.0866388   0.3020765   0.6585858   0.9386797   0.9999377   1.0000000
T 0 1   8  0  0 10    0.0000000   0.0066320   0.0288469   0.0465400   0.0797871   0.1688631   0.3380412   0.6902233   0.9101481   0.9704401   0.9998299   1.0000000   1.0000000
T 0 1   8  1  0  0    0.0000000   0.0005148   0.0016399   0.0047460   0.0213440   0.1017716   0.3374237   0.6994022   1.0000000   1.0000000   1.0000000   1.0000000   1.0000000
T 0 1   8  1  0  1    0.0000000   0.0002633   0.0010891   0.0042307   0.0181163   0.0752157   0.2537985   0.6193956   1.0000000   1.0000000   1.0000000   1.0000000   1.0000000
T 0 1   8  1  0  2    0.0000000   0.0002194   0.0008486   0.0027728   0.0124455   0.0616642   0.2339277   0.6064318   1.0000000   1.0000000   1.0000000   1.0000000   1.0000000
T 0 1   8  1  0  3    0.0000000   0.0002283   0.0008669   0.0027852   0.0140251   0.0700545   0.2491207   0.6198491   1.0000000   1.0000000   1.0000000   1.0000000   1.0000000
T 0 1   8  1  0  4    0.0000000   0.0004356   0.0027620   0.0153929   0.0663357   0.2155446   0.5058694   0.8320271   1.0000000   1.0000000   1.0000000   1.0000000   1.0000000
T 0 1   8  1  0  5    0.0000000   0.0011873   0.0094478   0.0577925   0.2246261   0.5586818   0.8900123   0.9996500   1.0000000   1.0000000   1.0000000   1.0000000   1.0000000
T 0 1   8  1  0  6    0.0000000   0.0004626   0.0026649   0.0180020   0.0942133   0.3329130   0.7236541   0.9536823   0.9988141   0.9999984   1.0000000   1.0000000   1.0000000
T 0 1   8  1  0  7    0.0000000   0.0002246   0.0006446   0.0024765   0.0123245   0.0526267   0.1570011   0.3413836   0.6074237   0.8728054   0.9849908   0.9998878   1.0000000
T 0 1   8  1  0  8    0.0000000   0.0009562   0.0014955   0.0017998   0.0022382   0.0036136   0.0107994   0.0452511   0.1686405   0.4573475   0.8251665   0.9710661   1.0000000
T 0 1   8  1  0  9    0.0000000   0.0021003   0.0074838   0.0131257   0.0159362   0.0198461   0.0401951   0.1288935   0.3661962   0.7154288   0.9583841   0.9999941   1.0000000
T 0 1   8  1  0 10    0.0000000   0.0032254   0.0170235   0.0428863   0.0843736   0.1746921   0.3942474   0.7474223   0.9511020   0.9856143   0.9999985   1.0000000   1.0000000
R 0 1   8  0  0  0    0.0229615   0.0229615   0.0111683   0.0105256   0.0103259   0.0102069   0.0099931   0.0098354   0.0098354   0.0098354   0.0098354   0.0098354
R 0 1   8  0  0  1    0.0119107   0.0119107   0.0119107   0.0119107   0.0110438   0.0109176   0.0109663   0.0108385   0.0108385   0.0108385   0.0108385   0.0108385
R 0 1   8  0  0  2    0.0123146   0.0123146   0.0123146   0.0123146   0.0119825   0.0119807   0.0118563   0.0116896   0.0116896   0.0116896   0.0116896   0.0116896
R 0 1   8  0  0  3    0.0136407   0.0136407   0.0136407   0.0136407   0.0127565   0.0125650   0.0123793   0.0122495   0.0122495   0.0122495   0.0122495   0.0122495
R 0 1   8  0  0  4    0.0184386   0.0184386   0.0184386   0.0172713   0.0169423   0.0159577   0.0144918   0.0131343   0.0131343   0.0131343   0.0131343   0.0131343
R 0 1   8  0  0  5    0.0206179   0.0206179   0.0194600   0.0191388   0.0187684   0.0181312   0.0169278   0.0169278   0.0169278   0.0169278   0.0169278   0.0169278
R 0 1   8  0  0  6    0.0203046   0.0203046   0.0203046   0.0203999   0.0207775   0.0206780   0.0207629   0.0206788   0.0206788   0.0206788   0.0206788   0.0206788
R 0 1   8  0  0  7    0.0211329   0.0211329   0.0211329   0.0211329   0.0202285   0.0212290   0.0212180   0.0209985   0.0204914   0.0196630   0.0196630   0.0196630
R 0 1   8  0  0  8    0.0213035   0.0213035   0.0213035   0.0213035   0.0213035   0.0213035   0.0213035   0.0211410   0.0210154   0.0209437   0.0203006   0.0186548
R 0 1   8  0  0  9    0.0310245   0.0310245   0.0310245   0.0310245   0.0310245   0.0310245   0.0298203   0.0288810   0.0275150   0.0263682   0.0249812   0.0249812
R 0 1   8  0  0 10    0.0751453   0.0712064   0.0612195   0.0542363   0.0473827   0.0439802   0.0410434   0.0355677   0.0335779   0.0303754   0.0303754   0.0303754
R 0 1   8  0  1  0    0.0000000   0.0000000   0.0000000   0.0000754   0.0000774   0.0000819   0.0000733   0.0000659   0.0000659   0.0000659   0.0000659   0.0000659
R 0 1   8  0  1  1    0.0000843   0.0000843   0.0000843   0.0000843   0.0000655   0.0000704   0.0000641   0.0000564   0.0000564   0.0000564   0.0000564   0.0000564
R 0 1   8  0  1  2    0.0000174   0.0000174   0.0000174   0.0000174   0.0000577   0.0000606   0.0000605   0.0000510   0.0000510   0.0000510   0.0000510   0.0000510
R 0 1   8  0  1  3    0.0000647   0.0000647   0.0000647   0.0000647   0.0000614   0.0000573   0.0000557   0.0000495   0.0000495   0.0000495   0.0000495   0.0000495
R 0 1   8  0  1  4    0.0000765   0.0000765   0.0000765   0.0000912   0.0000928   0.0000803   0.0000562   0.0000475   0.0000475   0.0000475   0.0000475   0.0000475
R 0 1   8  0  1  5    0.0001132   0.0001132   0.0000779   0.0000660   0.0000662   0.0000598   0.0000467   0.0000467   0.0000467   0.0000467   0.0000467   0.0000467
R 0 1   8  0  1  6    0.0001090   0.0001090   0.0001090   0.0000477   0.0000614   0.0000570   0.0000498   0.0000295   0.0000295   0.0000295   0.0000295   0.0000295
R 0 1   8  0  1  7    0.0001681   0.0001681   0.0001681   0.0001681   0.0000689   0.0000650   0.0000729   0.0000736   0.0000712   0.0000570   0.0000570   0.0000570
R 0 1   8  0  1  8    0.0001283   0.0001283   0.0001283   0.0001283   0.0001283   0.0001283   0.0001283   0.0001111   0.0001060   0.0000986   0.0000891   0.0000625
R 0 1   8  0  1  9    0.0002681   0.0002681   0.0002681   0.0002681   0.0002681   0.0002681   0.0002222   0.0002035   0.0001786   0.0001531   0.0001240   0.0001240
R 0 1   8  0  1 10    0.0011287   0.0010823   0.0008417   0.0008237   0.0005803   0.0004722   0.0004032   0.0002500   0.0002038   0.0001381   0.0001381   0.0001381
R 0 1   8  0  2  0    0.0000000   0.0000000   0.0000000   0.0000000   0.0000000   0.0000130   0.0000172   0.0000146   0.0000146   0.0000146   0.0000146   0.0000146
R 0 1   8  0  2  1    0.0000000   0.0000000   0.0000000   0.0000000   0.0000000   0.0000076   0.0000000   0.0000135   0.0000135   0.0000135   0.0000135   0.0000135
R 0 1   8  0  2  2    0.0000000   0.0000000   0.0000000   0.0000000   0.0000696   0.0000133   0.0000191   0.0000145   0.0000145   0.0000145   0.0000145   0.0000145
R 0 1   8  0  2  3    0.0000000   0.0000000   0.0000000   0.0000000   0.0000000   0.0000000   0.0000140   0.0000132   0.0000132   0.0000132   0.0000132   0.0000132
R 0 1   8  0  2  4    0.0000000   0.0000000   0.0000000   0.0000000   0.0000000   0.0000000   0.0000178   0.0000000   0.0000000   0.0000000   0.0000000   0.0000000
R 0 1   8  0  2  5    0.0000000   0.0000000   0.0000000   0.0000000   0.0000112   0.0000098   0.0000000   0.0000000   0.0000000   0.0000000   0.0000000   0.0000000
R 0 1   8  0  2  6    0.0000000   0.0000000   0.0000000   0.0000000   0.0000000   0.0000112   0.0000000   0.0000000   0.0000000   0.0000000   0.0000000   0.0000000
R 0 1   8  0  2  7    0.0000000   0.0000000   0.0000000   0.0000000   0.0001425   0.0000000   0.0000000   0.0000000   0.0000185   0.0000000   0.0000000   0.0000000
R 0 1   8  0  2  8    0.0000000   0.0000000   0.0000000   0.0000000   0.0000000   0.0000000   0.0000000   0.0000000   0.0000000   0.0000098   0.0000000   0.0000000
R 0 1   8  0  2  9    0.0000000   0.0000000   0.0000000   0.0000000   0.0000000   0.0000000   0.0000000   0.0000353   0.0000000   0.0000349   0.0000000   0.0000000
R 0 1   8  0  2 10    0.0000000   0.0000000   0.0000000   0.0000000   0.0000000   0.0000000   0.0000492   0.0000250   0.0000000   0.0000000   0.0000000   0.0000000
R 0 1   8  0  3  0    1.0988010   1.0988010   1.1023596   1.0249277   0.9852012   0.9836556   0.9794828   0.9829756   0.9829756   0.9829756   0.9829756   0.9829756
R 0 1   8  0  3  1    1.0329839   1.0329839   1.0329839   1.0329839   0.9987685   0.9815982   0.9781865   0.9796935   0.9796935   0.9796935   0.9796935   0.9796935
R 0 1   8  0  3  2    1.0224174   1.0224174   1.0224174   1.0224174   0.9979814   0.9858159   0.9812008   0.9810704   0.9810704   0.9810704   0.9810704   0.9810704
R 0 1   8  0  3  3    1.0006603   1.0006603   1.0006603   1.0006603   0.9941158   0.9906398   0.9818766   0.9813600   0.9813600   0.9813600   0.9813600   0.9813600
R 0 1   8  0  3  4    1.0330208   1.0330208   1.0330208   0.9935372   0.9772298   0.9724384   0.9763739   0.9893253   0.9893253   0.9893253   0.9893253   0.9893253
R 0 1   8  0  3  5    0.9975045   0.9975045   0.9902193   0.9832764   0.9752090   0.9712741   0.9713229   0.9713229   0.9713229   0.9713229   0.9713229   0.9713229
R 0 1   8  0  3  6    1.0302224   1.0302224   1.0302224   1.0013667   0.9893410   0.9850796   0.9840369   0.9819799   0.9819799   0.9819799   0.9819799   0.9819799
R 0 1   8  0  3  7    1.1010376   1.1010376   1.1010376   1.1010376   1.0273116   1.0043344   0.9883084   0.9842119   0.9864538   0.9864521   0.9864521   0.9864521
R 0 1   8  0  3  8    1.0184475   1.0184475   1.0184475   1.0184475   1.0184475   1.0184475   1.0184475   0.9919988   0.9823038   0.9831069   0.9875000   1.0128110
R 0 1   8  0  3  9    1.0294760   1.0294760   1.0294760   1.0294760   1.0294760   1.0294760   0.9986985   0.9732283   0.9733097   0.9833465   1.0052033   1.0052033
R 0 1   8  0  3 10    1.0570577   1.0286465   1.0217297   0.9895007   0.9752369   0.9682753   0.9677921   0.9681174   1.0056161   1.0164662   1.0164662   1.0164662
R 0 1   8  0  4  0    1.2434178   1.2434178   1.2609736   2.1470647   2.1091038   2.2564941   2.2169025   2.2930005   2.2930005   2.2930005   2.2930005   2.2930005
R 0 1   8  0  4  1    2.0989503   2.0989503   2.0989503   2.0989503   2.2158433   2.1918541   2.1848059   2.2132173   2.2132173   2.2132173   2.2132173   2.2132173
R 0 1   8  0  4  2    1.9550136   1.9550136   1.9550136   1.9550136   2.1617867   2.2792999   2.2456545   2.2289547   2.2289547   2.2289547   2.2289547   2.2289547
R 0 1   8  0  4  3    1.7856121   1.7856121   1.7856121   1.7856121   2.2367288   2.3093900   2.2392408   2.2288073   2.2288073   2.2288073   2.2288073   2.2288073
R 0 1   8  0  4  4    1.8531358   1.8531358   1.8531358   1.9454354   2.0938105   2.0609576   2.1632060   2.3336640   2.3336640   2.3336640   2.3336640   2.3336640
R 0 1   8  0  4  5    1.8369318   1.8369318   2.0418292   2.1698121   2.1079789   2.0835710   1.9803933   1.9803933   1.9803933   1.9803933   1.9803933   1.9803933
R 0 1   8  0  4  6    2.0916101   2.0916101   2.0916101   2.2318132   2.3396701   2.3402488   2.3370605   2.2597711   2.2597711   2.2597711   2.2597711   2.2597711
R 0 1   8  0  4  7    1.8336518   1.8336518   1.8336518   1.8336518   2.1302737   2.4015229   2.3342441   2.3262001   2.3573791   2.3337012   2.3337012   2.3337012
R 0 1   8  0  4  8    2.1656646   2.1656646   2.1656646   2.1656646   2.1656646   2.1656646   2.1656646   2.2286555   2.2103321   2.2643591   2.2936809   2.1625750
R 0 1   8  0  4  9    2.1132957   2.1132957   2.1132957   2.1132957   2.1132957   2.1132957   2.1230025   2.0278671   2.0350667   2.2133539   2.1835568   2.1835568
R 0 1   8  0  4 10    2.0136885   2.1989962   1.9676624   1.8721702   1.9994026   1.9412502   1.9686911   1.9570461   2.0712331   2.1553000   2.1553000   2.1553000
R 0 1   8  0  5  0   18.7441729  18.7441729  12.2298374   3.4511642   4.8690353   3.8352475   4.3257773   3.8123280   3.8123280   3.8123280   3.8123280   3.8123280
R 0 1   8  0  5  1    3.4336033   3.4336033   3.4336033   3.4336033   3.9503882   4.1341336   4.4053093   4.2261320   4.2261320   4.2261320   4.2261320   4.2261320
R 0 1   8  0  5  2    3.6198130   3.6198130   3.6198130   3.6198130   4.7147475   3.9384998   4.0741121   4.3124526   4.3124526   4.3124526   4.3124526   4.3124526
R 0 1   8  0  5  3    5.0911916   5.0911916   5.0911916   5.0911916   3.9950613   3.8572740   4.2604552   4.2983286   4.2983286   4.2983286   4.2983286   4.2983286
R 0 1   8  0  5  4    5.1247535   5.1247535   5.1247535   5.8187212   4.9994701   5.3621071   4.1341668   3.2612867   3.2612867   3.2612867   3.2612867   3.2612867
R 0 1   8  0  5  5    3.8310687   3.8310687   4.8802099   4.4544794   5.2145851   4.7626528   4.3344971   4.3344971   4.3344971   4.3344971   4.3344971   4.3344971
R 0 1   8  0  5  6    2.8864425   2.8864425   2.8864425   3.8543408   3.3686082   3.0210108   2.4282513   2.0153600   2.0153600   2.0153600   2.0153600   2.0153600
R 0 1   8  0  5  7    3.8917540   3.8917540   3.8917540   3.8917540   4.3124981   3.0569331   2.9571379   3.0378517   2.7158058   2.1097561   2.1097561   2.1097561
R 0 1   8  0  5  8    4.0250943   4.0250943   4.0250943   4.0250943   4.0250943   4.0250943   4.0250943   4.3918840   4.8155091   4.2658416   3.5713696   5.1937626
R 0 1   8  0  5  9    5.3510599   5.3510599   5.3510599   5.3510599   5.3510599   5.3510599   5.7707960   6.5544646   6.9154372   5.1231712   5.2873684   5.2873684
R 0 1   8  0  5 10    5.4276504   4.4732904   4.1009705   6.0064089   5.1577273   6.9952671   7.9804002   8.5881770   6.0798290   4.7674602   4.7674602   4.7674602
F  0  1   8  0  0  0    1.0392024   1.0311706   0.9718321   1.0247607   0.9752297   0.9983139   0.9865219   0.9961884   0.9872572   0.9841257   0.9805072
F  0  1   8  1  0  0    1.0981532   1.0948871   1.0515126   1.1011335   1.0494175   1.0803396   1.0691986   1.0601510   1.0434317   1.0666541   1.0793931
C  0  1   8  0  0  0  -0.4021409 -0.1864868 -0.1397164 -0.3646078 -0.4307415 -0.2048484 -0.1546694 -0.1987292 -0.4238885 -0.1391020 -0.1591039 -0.2443319 -0.2071513 -0.2427429 -0.1908269 -0.0826410
C  0  1   8  0  0  1  -0.0362970 -0.1781617 -0.1606824 -0.1486849 -0.1067555 -0.0441483 -0.2602053 -0.1706356 -0.0528687 -0.1160716 -0.1014249 -0.0922157 -0.1520826 -0.0985129 -0.2461895 -0.1405632
C  0  1   8  0  0  2  -0.1137826 -0.1847703 -0.0752187 -0.1394462 -0.0764777 -0.0814406 -0.1040204 -0.1250348 -0.0251659 -0.0465632 -0.1105633 -0.0362972 -0.0832597 -0.0483756 -0.0555448 -0.0919421
C  0  1   8  0  0  3  -0.0995222 -0.0677834 -0.1189812 -0.0338121  0.0601856 -0.1925488 -0.0750007 -0.0176194 -0.0817258  0.0696529 -0.0648549 -0.0010795 -0.0962460 -0.0473742 -0.1104778  0.0320533
C  0  1   8  0  0  4  -0.1728179 -0.0110222  0.0320045 -0.0846902 -0.1372148 -0.0923692 -0.0298601  0.0113568 -0.0213821 -0.0216333 -0.0298423  0.0125170 -0.0063498 -0.1330512 -0.1086951 -0.0186768
C  0  1   8  0  0  5  -0.0651906  0.0357260 -0.1664275 -0.0075200 -0.0583754 -0.0181170 -0.1028317 -0.0313597 -0.0082376 -0.0146405  0.0150834 -0.0194264 -0.0082072  0.0720974  0.1468827 -0.0734351
C  0  1   8  0  0  6  -0.0676982  0.0904127  0.0622930 -0.0931513  0.0103098  0.0324640 -0.0235632  0.0266623  0.0203258 -0.0508020  0.0233484  0.0462455 -0.0542387 -0.0700843 -0.0442290  0.1263282
C  0  1   8  0  0  7  -0.0272258  0.0377575  0.0629285  0.0579405  0.0521825  0.0461351  0.0675794 -0.0001204  0.0333744 -0.0079961  0.0777225 -0.0604060  0.0297138 -0.0140674 -0.0434616  0.0434600
C  0  1   8  0  0  8   0.0543925  0.0101651  0.0377572 -0.0123336  0.0070549  0.0436443  0.0043040  0.0047205  0.0407170  0.0014664 -0.0087842 -0.0178552 -0.0387092  0.0697597 -0.0265524  0.0038261
C  0  1   8  0  0  9   0.0005751  0.0610701 -0.0207484 -0.0892190  0.0477346  0.0368709  0.0029304  0.0921908 -0.0553485 -0.0006455  0.0405999  0.0980219 -0.0287655  0.0461191 -0.0182202  0.0410098
C  0  1   8  0  0 10   0.0006772  0.0017901  0.0379422  0.0774084 -0.0393885 -0.0221772 -0.0719015 -0.1232472  0.0081437 -0.0636095  0.0229053 -0.0040810 -0.0294082  0.0702518 -0.0115907  0.0629938
C  0  1   8  0  0 11  -0.0968492 -0.0098926  0.0031524  0.0218412  0.0430375  0.0704528 -0.0196714  0.0678157  0.0165089  0.0138063 -0.0535489 -0.0200151 -0.0298188  0.0362478 -0.0125176 -0.0013850
C  0  1   8  0  0 12   0.0586688  0.0333631  0.0193563 -0.0001294 -0.0308400 -0.0249783 -0.0617678 -0.0369700 -0.0277703  0.0562304 -0.0162766  0.0525160 -0.0589221 -0.0065114 -0.0291699  0.0473919
C  0  1   8  0  0 13   0.0154641 -0.0076089 -0.0201270 -0.0374314 -0.0045552  0.0084864 -0.0224446 -0.0482751 -0.0215027  0.0528527 -0.0859060  0.0054505 -0.0820437  0.0184958 -0.0256677  0.0269161
C  0  1   8  0  0 14  -0.0573601 -0.0200725 -0.0719285 -0.0065249  0.0220840 -0.0222510  0.0043477  0.0184273 -0.1065394 -0.0024455  0.0585471 -0.0649501  0.0866236  0.0800912 -0.0119548  0.0348582
C  0  1   8  0  0 15  -0.0475752 -0.0343123 -0.0035508  0.0083507 -0.0661836 -0.0232735  0.0058005  0.0428472 -0.0317358 -0.0440493  0.0507252 -0.0883406  0.0323793 -0.0496020 -0.0388638 -0.0124721
C  0  1   8  0  0 16   0.0866117  0.0862172  0.0303713  0.0447045 -0.0118086 -0.0181105 -0.0068461 -0.0384849 -0.0201519  0.1841228  0.0267386 -0.0065443 -0.0548885  0.0339421 -0.0779321 -0.0277239
C  0  1   8  0  0 17  -0.1139604 -0.0967867 -0.0987160 -0.2052065 -0.0309317 -0.0685839 -0.0639737  0.0558914  0.0077898 -0.1524840  0.0481056 -0.0241660 -0.1333336 -0.0318628  0.0474817  0.0020246
C  0  1   8  0  0 18  -0.1191601 -0.0450754  0.0207621 -0.0028427 -0.1642541 -0.0671136 -0.0487232 -0.0040306 -0.0516584 -0.0658473 -0.0139742 -0.1249873 -0.0500546  0.0065173 -0.1918855 -0.0548821
C  0  1   8  0  0 19   0.0650845 -0.0787212 -0.1612129 -0.1381044 -0.1173885 -0.0839834 -0.1533318 -0.0492603 -0.1939184 -0.0890085 -0.0939662 -0.1041098 -0.1243583 -0.0026438 -0.0119099 -0.0565608
C  0  1   8  0  0 20  -0.0320678 -0.0492253  0.0666817 -0.0145186 -0.2077754 -0.1812816 -0.2253599 -0.1133169 -0.1634501 -0.2454848 -0.1827705 -0.0591328 -0.0318571 -0.1234594 -0.0892868 -0.2142085
C  0  1   8  0  0 21  -0.2558047 -0.3250699 -0.4530102 -0.2153954 -0.1490401 -0.2719135 -0.2100141 -0.1516868 -0.2108717 -0.1720647 -0.2156711 -0.2247838 -0.2999664 -0.3746841 -0.2167205 -0.2419527
C  0  1   8  0  1  0  -0.0052917 -0.0030787 -0.0022619  0.0006013 -0.0017707  0.0000400  0.0015364 -0.0003883  0.0011312 -0.0017881 -0.0058633  0.0042645  0.0043018  0.0058490  0.0028910  0.0057657
C  0  1   8  0  1  1   0.0039310 -0.0001316 -0.0017757 -0.0050658 -0.0033304 -0.0014684  0.0060641  0.0031624  0.0023481 -0.0023660 -0.0034836  0.0013532  0.0037726  0.0031713  0.0051590  0.0012355
C  0  1   8  0  1  2   0.0018101 -0.0021569 -0.0006990 -0.0010252 -0.0025029 -0.0015955 -0.0015063  0.0001815 -0.0008663  0.0021898 -0.0007215 -0.0039197  0.0006767 -0.0010267  0.0006461  0.0004736
C  0  1   8  0  1  3   0.0029579 -0.0005934 -0.0003642 -0.0018340  0.0013741  0.0026895  0.0018988 -0.0022819 -0.0008953 -0.0028918 -0.0037123 -0.0026868 -0.0002977 -0.0026271  0.0003401  0.0018061
C  0  1   8  0  1  4   0.0002985  0.0003773  0.0003527  0.0015057  0.0028424 -0.0018748  0.0005382 -0.0008970  0.0017098  0.0001361 -0.0015811 -0.0015569  0.0028063 -0.0023198  0.0013453 -0.0006755
C  0  1   8  0  1  5   0.0027835  0.0014584 -0.0031248  0.0005818 -0.0004379 -0.0026391  0.0010330  0.0008372 -0.0006171 -0.0008144  0.0032345 -0.0012724  0.0001728  0.0009299 -0.0011269 -0.0009364
C  0  1   8  0  1  6   0.0006751 -0.0030527 -0.0009986 -0.0004465  0.0012187 -0.0026217 -0.0023457 -0.0002028  0.0011551 -0.0007214 -0.0012906  0.0001907 -0.0009275 -0.0019628  0.0018699  0.0000469
C  0  1   8  0  1  7   0.0023262 -0.0005269 -0.0003360  0.0008282  0.0025836  0.0009825 -0.0012947  0.0002164  0.0001662 -0.0005346  0.0019290 -0.0024305 -0.0003064 -0.0006908  0.0001580  0.0007299
C  0  1   8  0  1  8   0.0014557 -0.0002682  0.0010852 -0.0017122  0.0030820  0.0020539  0.0020016  0.0012887  0.0014359  0.0002229 -0.0004564 -0.0026433 -0.0002471  0.0002293 -0.0013597  0.0035083
C  0  1   8  0  1  9  -0.0026243  0.0015562  0.0012353 -0.0005966  0.0000286 -0.0015988 -0.0007107 -0.0001299  0.0006321 -0.0026694 -0.0032710 -0.0018181 -0.0009637 -0.0001440 -0.0022834  0.0008423
C  0  1   8  0  1 10   0.0005811  0.0002875  0.0019758  0.0010023  0.0008277 -0.0010447  0.0005495  0.0005953 -0.0017968 -0.0012365 -0.0004939 -0.0001603 -0.0021526  0.0004672  0.0007999  0.0011490
C  0  1   8  0  1 11   0.0014898 -0.0000514  0.0009056  0.0003422 -0.0008786  0.0014260 -0.0017594 -0.0012997 -0.0011434 -0.0006798 -0.0009378 -0.0020044  0.0005139  0.0006822 -0.0001471  0.0006860
C  0  1   8  0  1 12  -0.0006521  0.0001630  0.0013197 -0.0003958  0.0006214 -0.0004912  0.0002784 -0.0003202  0.0003439  0.0004973 -0.0008373  0.0016356  0.0015918 -0.0001801  0.0009252  0.0004925
C  0  1   8  0  1 13   0.0023352 -0.0011612  0.0012889  0.0010405  0.0020189  0.0008621 -0.0014947  0.0012679 -0.0002512 -0.0007692  0.0005987 -0.0024598 -0.0013980  0.0024260 -0.0010203  0.0013053
C  0  1   8  0  1 14   0.0023560 -0.0009863  0.0014062  0.0023830  0.0020748  0.0035280  0.0011200  0.0016483 -0.0003031  0.0000114  0.0002664  0.0005492  0.0021421  0.0021338 -0.0004998  0.0019374
C  0  1   8  0  1 15   0.0025730  0.0008662  0.0003991  0.0002348  0.0013914  0.0018575  0.0010794 -0.0022327  0.0002695  0.0008077 -0.0013524  0.0015714  0.0012286  0.0014671  0.0014442  0.0001507
C  0  1   8  0  1 16   0.0021534  0.0036907  0.0024985  0.0008069 -0.0010995  0.0010273 -0.0003700  0.0005492 -0.0001963 -0.0034846  0.0008926  0.0014102  0.0007515  0.0008332  0.0029450  0.0012303
C  0  1   8  0  1 17   0.0030118 -0.0004531  0.0008057  0.0046300 -0.0004490  0.0045496  0.0003785  0.0032386 -0.0006846  0.0022784  0.0038765 -0.0010065  0.0021127 -0.0023066  0.0046768  0.0055296
C  0  1   8  0  1 18   0.0076920  0.0029549  0.0002823  0.0044801  0.0013469  0.0020641  0.0048381  0.0014614 -0.0013930  0.0028823  0.0037319  0.0024083  0.0011626  0.0018880  0.0050357  0.0050388
C  0  1   8  0  1 19   0.0021028  0.0045420 -0.0008489  0.0014528  0.0009334  0.0010647  0.0022163  0.0018044  0.0019051  0.0025040  0.0007361 -0.0011193 -0.0002265  0.0003157  0.0013643  0.0048936
C  0  1   8  0  1 20   0.0022538  0.0054365  0.0051365  0.0024158  0.0016879  0.0056492  0.0036955  0.0050603  0.0053602  0.0051386 -0.0001547  0.0017594  0.0011956  0.0052571  0.0059343  0.0063011
C  0  1   8  0  1 21   0.0163602  0.0080801  0.0083668  0.0000397 -0.0002073 -0.0031356 -0.0076529  0.0005303  0.0010044  0.0011862 -0.0006115  0.0058002  0.0021118  0.0026937  0.0086091  0.0036180
C  0  1   8  1  0  0  -0.5534571 -0.3441423 -0.3382784 -0.3550107 -0.2784504 -0.4503811 -0.3160069 -0.2430592 -0.3169451 -0.2612689 -0.3973961 -0.4678483 -0.4190341 -0.4385737 -0.3771487 -0.4739861
C  0  1   8  1  0  1  -0.3028888 -0.3665744 -0.2352320 -0.2309891 -0.3296661 -0.2982682 -0.2475127 -0.2401703 -0.2491554 -0.2359917 -0.3094396 -0.3059679 -0.3591962 -0.3740963 -0.3409396 -0.3870157
C  0  1   8  1  0  2  -0.3327268 -0.3454527 -0.2786970 -0.2952858 -0.3088517 -0.2743539 -0.2789422 -0.2402685 -0.2416926 -0.2205717 -0.3164491 -0.2817939 -0.3560780 -0.3792295 -0.3234648 -0.3100437
C  0  1   8  1  0  3  -0.3154704 -0.2892897 -0.3213115 -0.3266270 -0.2865320 -0.2227164 -0.1886654 -0.1331026 -0.1802299 -0.2586373 -0.2885080 -0.2894238 -0.2466456 -0.2619205 -0.3155898 -0.2920203
C  0  1   8  1  0  4  -0.2460863 -0.2484237 -0.2648158 -0.2427534 -0.2387827 -0.2253463 -0.2522504 -0.2362776 -0.2253476 -0.1977668 -0.1757251 -0.1981485 -0.2751954 -0.2551899 -0.3111011 -0.2927007
C  0  1   8  1  0  5  -0.1986106 -0.1894168 -0.1765012 -0.2169820 -0.1540602 -0.1705033 -0.2369335 -0.1502336 -0.1473179 -0.1555945 -0.1923798 -0.1906876 -0.1892703 -0.1438809 -0.1907221 -0.1389030
C  0  1   8  1  0  6  -0.1141572 -0.0862839 -0.1717983 -0.1763366 -0.1176627 -0.1156575 -0.1101793 -0.1245097 -0.1505096 -0.0937679 -0.0722984 -0.0833301 -0.0896219 -0.1274185 -0.1418005 -0.2108948
C  0  1   8  1  0  7  -0.1384105 -0.1452042 -0.1715048 -0.1378489 -0.1773794 -0.1371538 -0.1924778 -0.1268157 -0.1448810 -0.1112956 -0.0868025 -0.1164160 -0.1808406 -0.1431888 -0.1380130 -0.1271929
C  0  1   8  1  0  8  -0.1579537 -0.1113845 -0.1787165 -0.1585335 -0.1461338 -0.1736929 -0.1174153 -0.1427676 -0.1415906 -0.1040832 -0.1018027 -0.1745843 -0.1208737 -0.1487064 -0.1154690 -0.1212379
C  0  1   8  1  0  9  -0.1489437 -0.1223374 -0.1207329 -0.1493347 -0.1022494 -0.1777502 -0.1127720 -0.1733881 -0.0766262 -0.1136254 -0.0095929 -0.1131440 -0.1225590 -0.0724812 -0.1762119 -0.1259275
C  0  1   8  1  0 10  -0.1562442 -0.1141907 -0.1503310 -0.1363642 -0.1111479 -0.1458082 -0.1174983 -0.1222052 -0.0846287 -0.1340634 -0.1344684 -0.1189812 -0.1175497 -0.1280009 -0.1106143 -0.1194325
C  0  1   8  1  0 11  -0.1243429 -0.1126244 -0.1592297 -0.1227705 -0.1481927 -0.0990555 -0.1273372 -0.1458930 -0.1612597 -0.0897779 -0.1031147 -0.1580940 -0.0878472 -0.1166195 -0.1112202 -0.1174344
C  0  1   8  1  0 12  -0.1102907 -0.1080945 -0.0960895 -0.0924285 -0.1520092 -0.1251538 -0.1365443 -0.1525072 -0.1213623 -0.1215430 -0.1057353 -0.0966435 -0.0843539 -0.1034239 -0.0677840 -0.1342992
C  0  1   8  1  0 13  -0.0981096 -0.1424150 -0.1537076 -0.1097453 -0.1683914 -0.1669647 -0.1567262 -0.1595454 -0.1277169 -0.1085196 -0.1421618 -0.1062315 -0.1744791 -0.1155823 -0.1312040 -0.1292153
C  0  1   8  1  0 14  -0.1081464 -0.1688541 -0.1568906 -0.1479812 -0.1704819 -0.1567997 -0.1490720 -0.2383531 -0.1569947 -0.1644162 -0.1209040 -0.1427042 -0.1423419 -0.0783561 -0.1168082 -0.1841435
C  0  1   8  1  0 15  -0.1092737 -0.1436038 -0.1745452 -0.1364088 -0.1267887 -0.1258112 -0.1262386 -0.1892961 -0.1527361 -0.0953050 -0.0808505 -0.1337420 -0.1068912 -0.1055693 -0.0961507 -0.1163756
C  0  1   8  1  0 16  -0.1730232 -0.1483097 -0.1883033 -0.1697217 -0.2237946 -0.1721070 -0.2041375 -0.2342911 -0.1768357 -0.1804170 -0.0984779 -0.1168691 -0.1367907 -0.1573289 -0.1684382 -0.1381822
C  0  1   8  1  0 17  -0.2393660 -0.2358094 -0.2441843 -0.2407225 -0.2609371 -0.2772823 -0.2455746 -0.2705534 -0.2449521 -0.2522648 -0.2255129 -0.1983389 -0.1206641 -0.2300437 -0.2270547 -0.2479767
C  0  1   8  1  0 18  -0.2945078 -0.2873471 -0.2442233 -0.2439221 -0.2081440 -0.2472335 -0.2943553 -0.2871744 -0.2804026 -0.2146279 -0.2758591 -0.2586961 -0.2539394 -0.2436602 -0.1857654 -0.2095441
C  0  1   8  1  0 19  -0.2597242 -0.2764605 -0.2898801 -0.3124046 -0.3099563 -0.2740093 -0.2771566 -0.2371941 -0.3007236 -0.2838157 -0.2622097 -0.2868546 -0.1902282 -0.2018912 -0.2803667 -0.2854655
C  0  1   8  1  0 20  -0.2911940 -0.3077280 -0.3826817 -0.3517343 -0.3247527 -0.2355693 -0.2692414 -0.2872861 -0.4118086 -0.3199550 -0.3626012 -0.2512430 -0.3579276 -0.2824501 -0.2865435 -0.2942854
C  0  1   8  1  0 21  -0.3377051 -0.3610012 -0.3523924 -0.3877018 -0.2640964 -0.2323723 -0.3169470 -0.3554313 -0.3139763 -0.3688593 -0.3661895 -0.4060975 -0.3829514 -0.3601536 -0.3545258 -0.4232925
C  0  1   8  1  1  0   0.0467612  0.0517360  0.0410564  0.0247670  0.0008626 -0.0217160 -0.0347972 -0.0411444 -0.0483224 -0.0362440 -0.0317404 -0.0191035  0.0051912  0.0071119  0.0244020  0.0396411
C  0  1   8  1  1  1   0.0248912  0.0234971  0.0183615  0.0120145  0.0023662 -0.0071431 -0.0153572 -0.0182697 -0.0171642 -0.0146683 -0.0158251 -0.0065227  0.0036628  0.0100173  0.0118346  0.0247192
C  0  1   8  1  1  2   0.0115328  0.0143254  0.0083518  0.0047370  0.0017151 -0.0032439 -0.0075916 -0.0080510 -0.0101407 -0.0061803 -0.0054015 -0.0041117  0.0006100  0.0040652  0.0034395  0.0108951
C  0  1   8  1  1  3   0.0082620  0.0073890  0.0014675  0.0045183  0.0018940  0.0013947 -0.0034495 -0.0022904  0.0011780  0.0000694 -0.0007040 -0.0006129  0.0010497  0.0024234  0.0026310  0.0077111
C  0  1   8  1  1  4   0.0013461  0.0023318  0.0003758  0.0025154  0.0035912  0.0023722  0.0004868  0.0027147  0.0058969  0.0032923 -0.0010883 -0.0004204  0.0036348  0.0024044  0.0035748  0.0034829
C  0  1   8  1  1  5   0.0020006  0.0001750 -0.0009999  0.0025259  0.0029148  0.0040101  0.0033927  0.0040914  0.0045886  0.0026575 -0.0010461 -0.0005614  0.0019678  0.0027919  0.0018933 -0.0007494
C  0  1   8  1  1  6   0.0012184  0.0013744  0.0008786  0.0035258  0.0054395  0.0046567  0.0052969  0.0047551  0.0050540  0.0013935  0.0007025  0.0006872  0.0021543  0.0010780  0.0013728 -0.0004676
C  0  1   8  1  1  7  -0.0000305  0.0020417  0.0024855  0.0051551  0.0046918  0.0044993  0.0063295  0.0039696  0.0036785  0.0010793 -0.0003952  0.0001620  0.0018501  0.0012762  0.0014472 -0.0008525
C  0  1   8  1  1  8  -0.0007020  0.0018209  0.0023107  0.0020454  0.0054048  0.0038785  0.0035879  0.0056433  0.0052133  0.0013877  0.0014407  0.0004597  0.0024954  0.0016466  0.0020467 -0.0000801
C  0  1   8  1  1  9   0.0007525  0.0029111  0.0021589  0.0028171  0.0024368  0.0032147  0.0033902  0.0036635  0.0026749 -0.0003167  0.0014254  0.0003244  0.0011239 -0.0007008  0.0004317 -0.0010596
C  0  1   8  1  1 10  -0.0000380  0.0019805  0.0021613  0.0021844  0.0018043  0.0026257  0.0021755  0.0024128  0.0025464 -0.0000343 -0.0001628  0.0007148 -0.0007092  0.0011558  0.0019672 -0.0009593
C  0  1   8  1  1 11   0.0002933  0.0013897  0.0008428  0.0022768  0.0020222  0.0008718  0.0004659  0.0025965  0.0033607  0.0019463 -0.0012562 -0.0006683  0.0005365 -0.0003471  0.0008285 -0.0018707
C  0  1   8  1  1 12   0.0000409  0.0021452  0.0025901  0.0039033  0.0017982  0.0008532  0.0007063  0.0029912  0.0039284  0.0005884  0.0016399  0.0003244  0.0000578 -0.0003942  0.0010406 -0.0008671
C  0  1   8  1  1 13   0.0003137  0.0022279  0.0026106  0.0034371  0.0035141  0.0027608  0.0047670  0.0055777  0.0050523  0.0012283  0.0019572 -0.0004269  0.0001005 -0.0020914 -0.0003515 -0.0008723
C  0  1   8  1  1 14  -0.0004112  0.0015541  0.0028589  0.0042840  0.0029567  0.0027590  0.0041949  0.0063529  0.0051069  0.0023374  0.0019277 -0.0003000 -0.0018101 -0.0012242 -0.0008607 -0.0017696
C  0  1   8  1  1 15  -0.0021298  0.0010061  0.0041733  0.0046617  0.0032408  0.0001131  0.0036120  0.0041704  0.0060080  0.0036879  0.0018851 -0.0001973 -0.0030756 -0.0061733 -0.0045813 -0.0041513
C  0  1   8  1  1 16  -0.0019401  0.0017177  0.0040942  0.0041920  0.0030566  0.0003782  0.0036511  0.0042160  0.0048239  0.0060074  0.0032602  0.0026511 -0.0014091 -0.0009308 -0.0053987 -0.0047316
C  0  1   8  1  1 17  -0.0033559  0.0031314  0.0022387  0.0066399  0.0023814 -0.0009806  0.0012576  0.0029175  0.0051446  0.0044367  0.0042558  0.0025966  0.0005656 -0.0050907 -0.0042340 -0.0037823
C  0  1   8  1  1 18   0.0003806  0.0084218  0.0047497  0.0070143  0.0048083  0.0005125 -0.0013415 -0.0005632  0.0035626  0.0048345  0.0017138  0.0015627 -0.0011228 -0.0043768 -0.0051012 -0.0028008
C  0  1   8  1  1 19   0.0021531  0.0065148  0.0126844  0.0095736  0.0059215  0.0010660 -0.0027232 -0.0018093  0.0027428  0.0055683  0.0027493 -0.0003765 -0.0027952 -0.0048403 -0.0060339 -0.0015244
C  0  1   8  1  1 20   0.0021118  0.0160234  0.0170470  0.0154592  0.0063546  0.0037234 -0.0002473 -0.0007885  0.0014639  0.0070785  0.0023824 -0.0018958 -0.0072619 -0.0090656 -0.0056721 -0.0056455
C  0  1   8  1  1 21   0.0085121  0.0220204  0.0320254  0.0237014  0.0149369  0.0145823  0.0104656  0.0117394  0.0109498  0.0151527  0.0014299 -0.0029925 -0.0086643 -0.0198471 -0.0060125 -0.0015271
