CPHI 16 
CETA 22 -2.40 -2.10 -1.85 -1.60 -1.40 -1.20 -1.00 -0.80 -0.60 -0.40 -0.20  0.00  0.20  0.40  0.60  0.80  1.00  1.20  1.40  1.60  1.85  2.10  2.40 
RMIN  6 
RTRK 12 
RETA 11  0.00  0.20  0.40  0.60  0.80  1.00  1.20  1.40  1.60  1.85  2.10  2.40 
T 0 1  80  0  0  0    0.0000000   0.0006496   0.0016557   0.0032355   0.0123559   0.0694356   0.2779478   0.6530319   1.0000000   1.0000000   1.0000000   1.0000000   1.0000000
T 0 1  80  0  0  1    0.0000000   0.0001357   0.0005818   0.0024071   0.0123674   0.0590871   0.2261992   0.5890091   1.0000000   1.0000000   1.0000000   1.0000000   1.0000000
T 0 1  80  0  0  2    0.0000000   0.0001235   0.0005031   0.0017001   0.0104810   0.0552268   0.2091117   0.5732730   1.0000000   1.0000000   1.0000000   1.0000000   1.0000000
T 0 1  80  0  0  3    0.0000000   0.0001844   0.0005752   0.0016898   0.0116162   0.0626062   0.2262335   0.5869269   1.0000000   1.0000000   1.0000000   1.0000000   1.0000000
T 0 1  80  0  0  4    0.0000000   0.0003867   0.0025385   0.0142060   0.0624105   0.2043836   0.4895346   0.8224658   1.0000000   1.0000000   1.0000000   1.0000000   1.0000000
T 0 1  80  0  0  5    0.0000000   0.0009584   0.0073202   0.0515152   0.2055327   0.5330930   0.8754195   0.9993583   1.0000000   1.0000000   1.0000000   1.0000000   1.0000000
T 0 1  80  0  0  6    0.0000000   0.0003279   0.0012426   0.0102231   0.0670954   0.2768510   0.6631191   0.9311285   0.9981490   1.0000000   1.0000000   1.0000000   1.0000000
T 0 1  80  0  0  7    0.0000000   0.0000775   0.0004407   0.0009582   0.0047508   0.0307005   0.1190262   0.2972935   0.5820688   0.8698416   0.9843456   0.9998868   1.0000000
T 0 1  80  0  0  8    0.0000000   0.0000015   0.0000469   0.0001449   0.0004265   0.0010251   0.0042587   0.0252257   0.1196287   0.3939927   0.7892375   0.9692037   1.0000000
T 0 1  80  0  0  9    0.0000000   0.0000116   0.0000158   0.0000427   0.0005447   0.0035214   0.0184696   0.0861023   0.3030572   0.6590608   0.9389223   0.9999384   1.0000000
T 0 1  80  0  0 10    0.0000000   0.0069399   0.0291866   0.0464460   0.0796538   0.1686245   0.3382068   0.6904671   0.9105826   0.9702200   0.9998323   1.0000000   1.0000000
T 0 1  80  1  0  0    0.0000000   0.0005148   0.0016399   0.0047460   0.0213440   0.1017716   0.3374237   0.6994022   1.0000000   1.0000000   1.0000000   1.0000000   1.0000000
T 0 1  80  1  0  1    0.0000000   0.0002633   0.0010891   0.0042307   0.0181163   0.0752157   0.2537985   0.6193956   1.0000000   1.0000000   1.0000000   1.0000000   1.0000000
T 0 1  80  1  0  2    0.0000000   0.0002194   0.0008486   0.0027728   0.0124455   0.0616642   0.2339277   0.6064318   1.0000000   1.0000000   1.0000000   1.0000000   1.0000000
T 0 1  80  1  0  3    0.0000000   0.0002283   0.0008669   0.0027852   0.0140251   0.0700545   0.2491207   0.6198491   1.0000000   1.0000000   1.0000000   1.0000000   1.0000000
T 0 1  80  1  0  4    0.0000000   0.0004356   0.0027620   0.0153929   0.0663357   0.2155446   0.5058694   0.8320271   1.0000000   1.0000000   1.0000000   1.0000000   1.0000000
T 0 1  80  1  0  5    0.0000000   0.0011873   0.0094478   0.0577925   0.2246261   0.5586818   0.8900123   0.9996500   1.0000000   1.0000000   1.0000000   1.0000000   1.0000000
T 0 1  80  1  0  6    0.0000000   0.0004626   0.0026649   0.0180020   0.0942133   0.3329130   0.7236541   0.9536823   0.9988141   0.9999984   1.0000000   1.0000000   1.0000000
T 0 1  80  1  0  7    0.0000000   0.0002246   0.0006446   0.0024765   0.0123245   0.0526267   0.1570011   0.3413836   0.6074237   0.8728054   0.9849908   0.9998878   1.0000000
T 0 1  80  1  0  8    0.0000000   0.0009562   0.0014955   0.0017998   0.0022382   0.0036136   0.0107994   0.0452511   0.1686405   0.4573475   0.8251665   0.9710661   1.0000000
T 0 1  80  1  0  9    0.0000000   0.0021003   0.0074838   0.0131257   0.0159362   0.0198461   0.0401951   0.1288935   0.3661962   0.7154288   0.9583841   0.9999941   1.0000000
T 0 1  80  1  0 10    0.0000000   0.0032254   0.0170235   0.0428863   0.0843736   0.1746921   0.3942474   0.7474223   0.9511020   0.9856143   0.9999985   1.0000000   1.0000000
R 0 1  80  0  0  0    0.0238287   0.0238287   0.0118497   0.0102001   0.0103515   0.0102100   0.0099718   0.0098111   0.0098111   0.0098111   0.0098111   0.0098111
R 0 1  80  0  0  1    0.0120288   0.0120288   0.0120288   0.0120288   0.0110038   0.0109018   0.0109538   0.0108413   0.0108413   0.0108413   0.0108413   0.0108413
R 0 1  80  0  0  2    0.0127797   0.0127797   0.0127797   0.0127797   0.0120094   0.0120110   0.0118336   0.0116880   0.0116880   0.0116880   0.0116880   0.0116880
R 0 1  80  0  0  3    0.0135909   0.0135909   0.0135909   0.0135909   0.0125779   0.0126006   0.0123705   0.0122466   0.0122466   0.0122466   0.0122466   0.0122466
R 0 1  80  0  0  4    0.0190373   0.0190373   0.0190373   0.0174514   0.0169048   0.0158595   0.0145293   0.0131134   0.0131134   0.0131134   0.0131134   0.0131134
R 0 1  80  0  0  5    0.0203146   0.0203146   0.0196099   0.0190626   0.0187200   0.0180811   0.0169759   0.0169759   0.0169759   0.0169759   0.0169759   0.0169759
R 0 1  80  0  0  6    0.0204257   0.0204257   0.0204257   0.0204454   0.0207754   0.0206600   0.0208550   0.0206682   0.0206682   0.0206682   0.0206682   0.0206682
R 0 1  80  0  0  7    0.0219093   0.0219093   0.0219093   0.0219093   0.0205403   0.0211609   0.0211842   0.0210449   0.0205690   0.0196342   0.0196342   0.0196342
R 0 1  80  0  0  8    0.0212646   0.0212646   0.0212646   0.0212646   0.0212646   0.0212646   0.0212646   0.0209956   0.0209995   0.0209941   0.0202175   0.0188623
R 0 1  80  0  0  9    0.0312150   0.0312150   0.0312150   0.0312150   0.0312150   0.0312150   0.0300392   0.0289025   0.0274770   0.0265146   0.0248319   0.0248319
R 0 1  80  0  0 10    0.0761261   0.0706945   0.0610900   0.0536148   0.0468082   0.0440404   0.0410490   0.0356170   0.0334504   0.0302388   0.0302388   0.0302388
R 0 1  80  0  1  0    0.0000000   0.0000000   0.0000000   0.0000670   0.0000842   0.0000827   0.0000716   0.0000626   0.0000626   0.0000626   0.0000626   0.0000626
R 0 1  80  0  1  1    0.0000897   0.0000897   0.0000897   0.0000897   0.0000657   0.0000699   0.0000624   0.0000547   0.0000547   0.0000547   0.0000547   0.0000547
R 0 1  80  0  1  2    0.0000621   0.0000621   0.0000621   0.0000621   0.0000652   0.0000621   0.0000614   0.0000526   0.0000526   0.0000526   0.0000526   0.0000526
R 0 1  80  0  1  3    0.0000831   0.0000831   0.0000831   0.0000831   0.0000601   0.0000596   0.0000545   0.0000500   0.0000500   0.0000500   0.0000500   0.0000500
R 0 1  80  0  1  4    0.0001396   0.0001396   0.0001396   0.0000968   0.0000924   0.0000763   0.0000573   0.0000447   0.0000447   0.0000447   0.0000447   0.0000447
R 0 1  80  0  1  5    0.0000705   0.0000705   0.0000817   0.0000745   0.0000655   0.0000622   0.0000479   0.0000479   0.0000479   0.0000479   0.0000479   0.0000479
R 0 1  80  0  1  6    0.0000834   0.0000834   0.0000834   0.0000436   0.0000594   0.0000588   0.0000531   0.0000189   0.0000189   0.0000189   0.0000189   0.0000189
R 0 1  80  0  1  7    0.0002114   0.0002114   0.0002114   0.0002114   0.0000571   0.0000516   0.0000693   0.0000768   0.0000754   0.0000622   0.0000622   0.0000622
R 0 1  80  0  1  8    0.0001047   0.0001047   0.0001047   0.0001047   0.0001047   0.0001047   0.0001047   0.0001035   0.0000994   0.0001008   0.0000779   0.0000815
R 0 1  80  0  1  9    0.0002619   0.0002619   0.0002619   0.0002619   0.0002619   0.0002619   0.0002332   0.0001987   0.0001775   0.0001512   0.0001126   0.0001126
R 0 1  80  0  1 10    0.0013529   0.0011033   0.0009148   0.0007650   0.0005165   0.0004764   0.0003848   0.0002579   0.0001991   0.0001464   0.0001464   0.0001464
R 0 1  80  0  2  0    0.0000000   0.0000000   0.0000000   0.0000000   0.0000000   0.0000000   0.0000178   0.0000150   0.0000150   0.0000150   0.0000150   0.0000150
R 0 1  80  0  2  1    0.0000000   0.0000000   0.0000000   0.0000000   0.0000000   0.0000147   0.0000066   0.0000116   0.0000116   0.0000116   0.0000116   0.0000116
R 0 1  80  0  2  2    0.0000000   0.0000000   0.0000000   0.0000000   0.0000196   0.0000000   0.0000061   0.0000176   0.0000176   0.0000176   0.0000176   0.0000176
R 0 1  80  0  2  3    0.0000859   0.0000859   0.0000859   0.0000859   0.0000000   0.0000082   0.0000088   0.0000000   0.0000000   0.0000000   0.0000000   0.0000000
R 0 1  80  0  2  4    0.0000000   0.0000000   0.0000000   0.0000000   0.0000203   0.0000164   0.0000180   0.0000119   0.0000119   0.0000119   0.0000119   0.0000119
R 0 1  80  0  2  5    0.0000000   0.0000000   0.0000000   0.0000000   0.0000094   0.0000086   0.0000000   0.0000000   0.0000000   0.0000000   0.0000000   0.0000000
R 0 1  80  0  2  6    0.0000000   0.0000000   0.0000000   0.0000000   0.0000000   0.0000133   0.0000000   0.0000000   0.0000000   0.0000000   0.0000000   0.0000000
R 0 1  80  0  2  7    0.0000000   0.0000000   0.0000000   0.0000000   0.0000000   0.0000000   0.0000000   0.0000000   0.0000162   0.0000000   0.0000000   0.0000000
R 0 1  80  0  2  8    0.0000000   0.0000000   0.0000000   0.0000000   0.0000000   0.0000000   0.0000000   0.0000000   0.0000000   0.0000092   0.0000000   0.0000000
R 0 1  80  0  2  9    0.0000000   0.0000000   0.0000000   0.0000000   0.0000000   0.0000000   0.0000000   0.0000336   0.0000000   0.0000000   0.0000000   0.0000000
R 0 1  80  0  2 10    0.0000000   0.0000000   0.0000000   0.0000000   0.0000000   0.0000000   0.0000000   0.0000000   0.0000000   0.0000000   0.0000000   0.0000000
R 0 1  80  0  3  0    1.1447681   1.1447681   1.0678152   1.0557901   0.9939592   0.9848205   0.9810377   0.9771588   0.9771588   0.9771588   0.9771588   0.9771588
R 0 1  80  0  3  1    1.0177841   1.0177841   1.0177841   1.0177841   0.9946791   0.9874961   0.9803913   0.9787904   0.9787904   0.9787904   0.9787904   0.9787904
R 0 1  80  0  3  2    1.0162850   1.0162850   1.0162850   1.0162850   0.9957964   0.9869002   0.9806503   0.9812861   0.9812861   0.9812861   0.9812861   0.9812861
R 0 1  80  0  3  3    1.0053195   1.0053195   1.0053195   1.0053195   1.0034294   0.9873048   0.9819736   0.9813038   0.9813038   0.9813038   0.9813038   0.9813038
R 0 1  80  0  3  4    1.0207124   1.0207124   1.0207124   0.9941815   0.9788101   0.9722212   0.9789993   0.9744356   0.9744356   0.9744356   0.9744356   0.9744356
R 0 1  80  0  3  5    1.0248401   1.0248401   0.9983397   0.9846778   0.9729848   0.9714854   0.9701461   0.9701461   0.9701461   0.9701461   0.9701461   0.9701461
R 0 1  80  0  3  6    1.0421981   1.0421981   1.0421981   0.9956705   0.9866723   0.9867145   0.9864176   0.9854417   0.9854417   0.9854417   0.9854417   0.9854417
R 0 1  80  0  3  7    1.0619093   1.0619093   1.0619093   1.0619093   1.0267822   0.9964360   0.9875685   0.9847585   0.9858731   0.9885621   0.9885621   0.9885621
R 0 1  80  0  3  8    1.0173651   1.0173651   1.0173651   1.0173651   1.0173651   1.0173651   1.0173651   0.9947283   0.9871612   0.9832741   0.9870785   1.0150636
R 0 1  80  0  3  9    1.0266097   1.0266097   1.0266097   1.0266097   1.0266097   1.0266097   0.9881444   0.9726930   0.9716872   0.9854075   1.0103873   1.0103873
R 0 1  80  0  3 10    1.0938018   1.0280539   1.0353992   0.9964945   0.9815874   0.9706706   0.9672234   0.9731332   1.0115483   0.9987533   0.9987533   0.9987533
R 0 1  80  0  4  0    1.4160973   1.4160973   1.4382300   2.1812515   2.2467524   2.2791996   2.2460030   2.1198496   2.1198496   2.1198496   2.1198496   2.1198496
R 0 1  80  0  4  1    1.9885078   1.9885078   1.9885078   1.9885078   2.1261514   2.2522798   2.2110359   2.1984066   2.1984066   2.1984066   2.1984066   2.1984066
R 0 1  80  0  4  2    1.9567694   1.9567694   1.9567694   1.9567694   2.1713508   2.2660125   2.2301683   2.2492702   2.2492702   2.2492702   2.2492702   2.2492702
R 0 1  80  0  4  3    1.8317771   1.8317771   1.8317771   1.8317771   2.2773934   2.2845056   2.2358818   2.2153101   2.2153101   2.2153101   2.2153101   2.2153101
R 0 1  80  0  4  4    1.9068257   1.9068257   1.9068257   2.1703656   2.1143441   2.0571189   2.2166946   2.3470619   2.3470619   2.3470619   2.3470619   2.3470619
R 0 1  80  0  4  5    1.7885343   1.7885343   2.1527807   2.1471582   2.0639557   2.0740023   1.9992394   1.9992394   1.9992394   1.9992394   1.9992394   1.9992394
R 0 1  80  0  4  6    2.1397621   2.1397621   2.1397621   2.1843046   2.3012495   2.3970796   2.4078954   2.2575326   2.2575326   2.2575326   2.2575326   2.2575326
R 0 1  80  0  4  7    1.7402350   1.7402350   1.7402350   1.7402350   2.3269536   2.3417212   2.3067296   2.3333668   2.3892782   2.3060685   2.3060685   2.3060685
R 0 1  80  0  4  8    2.1877946   2.1877946   2.1877946   2.1877946   2.1877946   2.1877946   2.1877946   2.1977256   2.2683117   2.2646455   2.3062633   2.3824310
R 0 1  80  0  4  9    2.2018032   2.2018032   2.2018032   2.2018032   2.2018032   2.2018032   2.0766225   2.0362634   2.0173854   2.2302431   2.2435279   2.2435279
R 0 1  80  0  4 10    2.0735149   2.2274189   2.0140056   1.8886437   2.0041821   1.9589318   1.9426893   1.9956741   2.0809918   1.7986336   1.7986336   1.7986336
R 0 1  80  0  5  0   12.3732764  12.3732764   7.0190297   3.2219012   3.5972063   3.8219343   4.1749322   5.5686653   5.5686653   5.5686653   5.5686653   5.5686653
R 0 1  80  0  5  1    3.9334584   3.9334584   3.9334584   3.9334584   4.2981111   3.8323563   4.3338554   4.3161830   4.3161830   4.3161830   4.3161830   4.3161830
R 0 1  80  0  5  2    3.7559314   3.7559314   3.7559314   3.7559314   4.1022208   4.0295428   4.1621960   4.2478186   4.2478186   4.2478186   4.2478186   4.2478186
R 0 1  80  0  5  3    4.7111565   4.7111565   4.7111565   4.7111565   3.7596535   3.7358713   4.1090163   4.3982896   4.3982896   4.3982896   4.3982896   4.3982896
R 0 1  80  0  5  4    4.8535266   4.8535266   4.8535266   3.9473933   4.5749164   5.2272731   3.8894624   3.7847197   3.7847197   3.7847197   3.7847197   3.7847197
R 0 1  80  0  5  5    4.9385731   4.9385731   4.4384560   4.5665952   5.6488963   4.7630589   4.1179677   4.1179677   4.1179677   4.1179677   4.1179677   4.1179677
R 0 1  80  0  5  6    2.5830376   2.5830376   2.5830376   4.0911605   3.6429203   2.7992134   2.2365560   2.1187541   2.1187541   2.1187541   2.1187541   2.1187541
R 0 1  80  0  5  7    4.2412833   4.2412833   4.2412833   4.2412833   3.4558221   3.1062398   3.0722345   2.9502937   2.6041227   2.2187498   2.2187498   2.2187498
R 0 1  80  0  5  8    3.9407098   3.9407098   3.9407098   3.9407098   3.9407098   3.9407098   3.9407098   4.8808259   4.5303938   4.3376402   3.4211266   3.7360489
R 0 1  80  0  5  9    3.8931343   3.8931343   3.8931343   3.8931343   3.8931343   3.8931343   6.0381886   6.1925838   7.1869677   5.0281919   5.1128661   5.1128661
R 0 1  80  0  5 10    5.8430435   4.0266133   4.0791626   5.7442115   5.2133378   6.8864340   8.4461718   7.5996766   7.3342966  11.9963196  11.9963196  11.9963196
F  0  1  80  0  0  0    0.9918650   1.0440750   1.0028991   0.9820984   0.9656380   0.9989887   0.9984366   1.0061395   0.9905404   0.9872210   0.9781909
F  0  1  80  1  0  0    1.0606507   1.0929599   1.0809206   1.0750624   1.0570126   1.0819788   1.0734517   1.0518898   1.0409839   1.0594738   1.0837122
C  0  1  80  0  0  0  -0.2916404 -0.1612160 -0.2446819 -0.3762898 -0.3562939 -0.2084092 -0.2253502 -0.1588317 -0.2324910 -0.1209137 -0.2092677 -0.1317777 -0.1827214 -0.1943286 -0.4850038 -0.0474746
C  0  1  80  0  0  1  -0.0451408 -0.0551418 -0.0666589 -0.0893353 -0.1204285 -0.0313883 -0.0806074 -0.1569270 -0.0286981 -0.1822407 -0.0519564 -0.0268432 -0.0983114 -0.1430000 -0.3189541  0.0220342
C  0  1  80  0  0  2  -0.1263248 -0.1139996 -0.0929664 -0.0994121 -0.0264855  0.0119411 -0.0685526 -0.0856489  0.0115031 -0.0477056 -0.0574144 -0.0952747 -0.0869689 -0.0216616  0.0405071 -0.0483420
C  0  1  80  0  0  3  -0.0101574 -0.1086044 -0.0546885 -0.0863916 -0.0720276 -0.1539018 -0.0923258 -0.0483214 -0.0859640  0.0343431 -0.1837608 -0.0353744 -0.1771306 -0.1043615 -0.0742125 -0.0368574
C  0  1  80  0  0  4  -0.0335766 -0.1107064 -0.0520673 -0.0761352 -0.1535934 -0.1675191 -0.0103248 -0.0202574 -0.0327294 -0.0918477 -0.1070720 -0.0233316 -0.0793617 -0.1441625 -0.0380989 -0.0400225
C  0  1  80  0  0  5   0.0221396  0.0562374  0.0013671  0.0899480 -0.0752887 -0.0263688 -0.0433195 -0.0059878  0.0585704  0.0516042  0.0208829 -0.0264102 -0.0089998  0.0681040  0.0827922 -0.0235184
C  0  1  80  0  0  6  -0.0251302  0.0731154  0.0287218 -0.0077979  0.0185636  0.0050089 -0.0482360 -0.0959036 -0.0114073 -0.0827360  0.0051625  0.0234320 -0.1125950 -0.0532462 -0.0437577  0.0721224
C  0  1  80  0  0  7  -0.0747429  0.0343331  0.0145224 -0.0370522 -0.0319587  0.0316108  0.0439642  0.0034096 -0.0754744 -0.0109076  0.0407581 -0.0147647  0.0484589 -0.0308795 -0.0143856 -0.0318784
C  0  1  80  0  0  8  -0.0467816  0.0143652 -0.0009154  0.0558102 -0.0680993  0.0480973 -0.0589580 -0.0689627  0.0427925  0.0251328  0.0186385  0.0437707 -0.0823485  0.0454099 -0.0636393 -0.0137900
C  0  1  80  0  0  9  -0.0667087  0.0163189  0.0465426  0.0583640  0.0188595  0.0104505  0.0260609  0.0953607 -0.0318622  0.0400569  0.0455371  0.0363434 -0.0466514  0.0903001  0.0184662  0.0183818
C  0  1  80  0  0 10  -0.0578313  0.0249128  0.0186935  0.0813688  0.0106942 -0.0013627 -0.0066102  0.0099976  0.0701931 -0.0454632 -0.0610400  0.0097523 -0.0226656  0.0104983 -0.0232253  0.0686504
C  0  1  80  0  0 11  -0.0813244  0.0182266 -0.0523505  0.0528519 -0.0003753  0.1259911 -0.0379235  0.0456452  0.0594738  0.0123957 -0.0261978  0.0016993  0.0430837  0.0028512  0.0063115  0.0415151
C  0  1  80  0  0 12   0.0066249 -0.0512514 -0.0265251 -0.0360464  0.0170565  0.0789775  0.0429948  0.0231475 -0.0436019  0.0224205  0.0211051  0.0243201 -0.0811560 -0.0421256  0.0028965 -0.0038894
C  0  1  80  0  0 13  -0.0669110  0.0083590  0.0410762 -0.0063984  0.0684989  0.0381133 -0.0094565 -0.0077893  0.0072618 -0.0122184 -0.0055647 -0.0162631 -0.0039883 -0.0377634 -0.0393566  0.0196495
C  0  1  80  0  0 14   0.0206761 -0.0153791  0.0482331 -0.0958211 -0.0692334  0.0253153 -0.0296799 -0.0069738 -0.0250342 -0.0492839  0.1239860 -0.0704631 -0.0333815  0.0070875 -0.0703706 -0.0398529
C  0  1  80  0  0 15  -0.1171528 -0.0412955  0.0194453  0.0066529  0.0335109 -0.0319783  0.0285032  0.0655265  0.0319620  0.0152129 -0.0158031 -0.0711657  0.0004781 -0.0407979 -0.0723221 -0.0189211
C  0  1  80  0  0 16   0.0772871  0.0681367 -0.0363154 -0.0280684  0.0626941 -0.0919066 -0.0520303  0.0089722 -0.1189027  0.1424914  0.0814327 -0.0811411 -0.0752835  0.0061266 -0.0002121  0.0178724
C  0  1  80  0  0 17  -0.0616533 -0.0987480 -0.1141362 -0.1295603 -0.2222666 -0.0039960  0.0394965 -0.1192470 -0.0219330 -0.0506469  0.0415457  0.0314260 -0.1371011 -0.1823491 -0.0055173 -0.0563941
C  0  1  80  0  0 18  -0.1357840 -0.0507402 -0.0871186 -0.1430871 -0.0961859 -0.0077937 -0.0880703 -0.0989435 -0.0446019 -0.0622626  0.0295090 -0.1625466 -0.0256825 -0.0713000 -0.1155378 -0.0327345
C  0  1  80  0  0 19   0.0739780 -0.1246756 -0.1906084  0.0525618 -0.1005049 -0.0613624 -0.0991042 -0.0275395 -0.1422191 -0.0677013  0.0000168 -0.1457768 -0.0131360 -0.1367143 -0.0801868 -0.1280261
C  0  1  80  0  0 20  -0.0840712 -0.0945755 -0.1136988  0.0094295 -0.2267344 -0.1805529 -0.1968385 -0.1887243 -0.1561649 -0.1448800 -0.1999350 -0.0107446  0.0167972 -0.2489234 -0.1374331 -0.0688062
C  0  1  80  0  0 21  -0.1326056 -0.2341082 -0.3428428 -0.2288504 -0.3098982 -0.1932480 -0.2128396 -0.0762889 -0.2210081 -0.1096182 -0.2753320 -0.2264520 -0.3159079 -0.4036949 -0.3473052 -0.1161515
C  0  1  80  0  1  0  -0.0051787  0.0012493 -0.0001194 -0.0009483 -0.0012994  0.0015717  0.0024749 -0.0024701  0.0021523 -0.0002007 -0.0021898  0.0000389  0.0074667  0.0050803  0.0058715  0.0073617
C  0  1  80  0  1  1   0.0014999 -0.0003103 -0.0038634  0.0001989  0.0012630 -0.0019618  0.0037701  0.0029161  0.0032522 -0.0015497  0.0004917 -0.0008142  0.0043175  0.0040782  0.0025245  0.0019940
C  0  1  80  0  1  2   0.0013519  0.0013766  0.0000306  0.0028817 -0.0005422 -0.0000354 -0.0004711  0.0018861 -0.0016028  0.0000372 -0.0016474 -0.0027138  0.0021730 -0.0005220 -0.0001940 -0.0000493
C  0  1  80  0  1  3   0.0020092  0.0004444  0.0017091 -0.0024939  0.0020860  0.0020436  0.0024551 -0.0016683 -0.0035638 -0.0020450 -0.0013807 -0.0017172  0.0007671  0.0015068 -0.0001770  0.0028536
C  0  1  80  0  1  4   0.0037751  0.0008153 -0.0005179  0.0021523 -0.0004946 -0.0003782  0.0018250  0.0010164  0.0018339  0.0007557 -0.0010305 -0.0021373  0.0035870  0.0011969 -0.0004250 -0.0023551
C  0  1  80  0  1  5   0.0011668  0.0011308 -0.0020474  0.0016389  0.0009116 -0.0015788 -0.0007487  0.0019684  0.0011234 -0.0002055 -0.0002649 -0.0001289  0.0014863 -0.0004349 -0.0000668 -0.0020263
C  0  1  80  0  1  6   0.0026261  0.0018549 -0.0003437 -0.0017397  0.0008864 -0.0018583 -0.0018774 -0.0015181  0.0006334 -0.0015513 -0.0016647  0.0007926 -0.0011980 -0.0031918  0.0023838 -0.0002757
C  0  1  80  0  1  7   0.0018430  0.0015635  0.0017776 -0.0007431  0.0024211  0.0010627 -0.0009063  0.0008498 -0.0003277 -0.0003603  0.0014454 -0.0004353 -0.0008444  0.0001738 -0.0002098 -0.0011530
C  0  1  80  0  1  8   0.0025219  0.0010064 -0.0007500 -0.0001795  0.0020328  0.0018786  0.0020228  0.0013573  0.0015396  0.0021951  0.0004695 -0.0010776  0.0000020  0.0011780  0.0004220  0.0001216
C  0  1  80  0  1  9  -0.0008991  0.0003399  0.0019532  0.0004455  0.0007318 -0.0017687  0.0008468 -0.0006333 -0.0006121 -0.0026714 -0.0015663  0.0000743  0.0001034  0.0007263 -0.0007546  0.0023659
C  0  1  80  0  1 10   0.0011094  0.0008352  0.0026614  0.0017149  0.0018373 -0.0003326  0.0015462 -0.0003907 -0.0021135 -0.0008129  0.0001798 -0.0005402 -0.0018667 -0.0004724  0.0006962  0.0010875
C  0  1  80  0  1 11   0.0011320  0.0003216 -0.0003967  0.0006937 -0.0007655  0.0010978 -0.0019107 -0.0014518 -0.0022837  0.0007528 -0.0015793 -0.0013888  0.0013635 -0.0009894 -0.0012117 -0.0004013
C  0  1  80  0  1 12   0.0015913  0.0010958  0.0010971 -0.0002035  0.0003930 -0.0009019  0.0021894  0.0003224 -0.0001250  0.0010060  0.0001424  0.0024490  0.0007573 -0.0008804  0.0004417 -0.0000895
C  0  1  80  0  1 13   0.0031635 -0.0004103 -0.0001235  0.0020951  0.0017309  0.0006462 -0.0012536  0.0006322  0.0007688 -0.0012637 -0.0026530 -0.0009025 -0.0005141  0.0005725 -0.0012914  0.0013447
C  0  1  80  0  1 14   0.0018585  0.0004251  0.0031773  0.0012201  0.0011428  0.0002426 -0.0017242  0.0015701  0.0009113  0.0007109 -0.0002635 -0.0007311  0.0007602  0.0017449 -0.0011683  0.0033666
C  0  1  80  0  1 15   0.0025845  0.0013086  0.0009907 -0.0000493 -0.0003416  0.0028431  0.0008889 -0.0003763  0.0012082  0.0012342 -0.0006592  0.0022359 -0.0006886  0.0000276 -0.0007229  0.0005592
C  0  1  80  0  1 16   0.0018989  0.0025216  0.0002853  0.0019401  0.0033185  0.0034829  0.0006047 -0.0004056  0.0032865  0.0005119 -0.0003417  0.0013364  0.0006272  0.0008065  0.0026074  0.0031290
C  0  1  80  0  1 17   0.0020357 -0.0029476 -0.0001958  0.0035756  0.0028131  0.0042577  0.0032386  0.0031726  0.0004848  0.0028419  0.0012606 -0.0005637  0.0002260 -0.0008950  0.0059861  0.0040247
C  0  1  80  0  1 18   0.0057306  0.0060831  0.0005568  0.0005306 -0.0022177  0.0037132  0.0052929 -0.0010271  0.0003089  0.0004518  0.0040194 -0.0007074 -0.0002166 -0.0016548  0.0069115  0.0046500
C  0  1  80  0  1 19   0.0033715  0.0021008  0.0019058  0.0016549 -0.0013849  0.0030323  0.0022225  0.0038731  0.0030304  0.0046790 -0.0020892  0.0008056  0.0019045  0.0033921  0.0050246  0.0046363
C  0  1  80  0  1 20   0.0068547  0.0046851  0.0055998  0.0001035  0.0004450  0.0047390  0.0050377  0.0049209  0.0021867  0.0012620  0.0002136 -0.0006601  0.0026290  0.0017897  0.0055317  0.0043820
C  0  1  80  0  1 21   0.0095232  0.0144496  0.0083313  0.0052316 -0.0014965 -0.0067060 -0.0094983 -0.0033676 -0.0001415 -0.0031437  0.0021797  0.0064488  0.0023089  0.0058335  0.0110221  0.0042913
C  0  1  80  1  0  0  -0.4403447 -0.3733329 -0.2911012 -0.3604202 -0.2330140 -0.3656224 -0.3160473 -0.3073972 -0.3130901 -0.2213512 -0.3452209 -0.4408395 -0.3932626 -0.3829703 -0.4211381 -0.4546522
C  0  1  80  1  0  1  -0.3338731 -0.3406097 -0.3128913 -0.2297156 -0.3024542 -0.2582438 -0.2883718 -0.2722447 -0.2746345 -0.2244889 -0.3244405 -0.2899007 -0.3788538 -0.4118139 -0.3393331 -0.3510362
C  0  1  80  1  0  2  -0.3403449 -0.3146913 -0.2793283 -0.2935733 -0.2778392 -0.2740816 -0.2657135 -0.2581926 -0.2540393 -0.2619876 -0.2553451 -0.3164665 -0.3265938 -0.3795176 -0.2930005 -0.3537358
C  0  1  80  1  0  3  -0.3574279 -0.2532676 -0.3115992 -0.3114244 -0.2934120 -0.2559166 -0.2044976 -0.1724312 -0.1649606 -0.2207345 -0.2400952 -0.2941550 -0.2527133 -0.2795633 -0.3411263 -0.2400917
C  0  1  80  1  0  4  -0.2556337 -0.2568647 -0.2908679 -0.2790282 -0.2298042 -0.2429716 -0.2891682 -0.2350011 -0.2402857 -0.1756272 -0.1598000 -0.3177062 -0.3082295 -0.2685874 -0.3485793 -0.2675983
C  0  1  80  1  0  5  -0.1835509 -0.1953500 -0.1624952 -0.1437826 -0.1007721 -0.1246581 -0.2037340 -0.1338518 -0.1576924 -0.1460448 -0.1680740 -0.1903054 -0.1854297 -0.2079607 -0.1802023 -0.1743284
C  0  1  80  1  0  6  -0.1660543 -0.1028592 -0.1655427 -0.1361108 -0.1300609 -0.1441710 -0.1234738 -0.0951573 -0.0950099 -0.1047690 -0.0927560 -0.1158675 -0.1182137 -0.1371362 -0.1742904 -0.1853093
C  0  1  80  1  0  7  -0.1761768 -0.1738673 -0.1377175 -0.1372778 -0.1458413 -0.2092241 -0.1875934 -0.1425945 -0.1734147 -0.1144661 -0.1344046 -0.1395048 -0.1854396 -0.1632152 -0.1945951 -0.1776997
C  0  1  80  1  0  8  -0.1905419 -0.1075423 -0.1669066 -0.1263641 -0.1699424 -0.1192513 -0.1370771 -0.1717305 -0.1320002 -0.1370521 -0.1262346 -0.1774911 -0.1223932 -0.1479200 -0.1559493 -0.1373106
C  0  1  80  1  0  9  -0.1618441 -0.1481497 -0.0647908 -0.1548777 -0.0872200 -0.1168910 -0.1311070 -0.1801256 -0.1109560 -0.1418290 -0.0847995 -0.1359126 -0.1702543 -0.0977721 -0.1329508 -0.1472519
C  0  1  80  1  0 10  -0.1211618 -0.1129407 -0.1101800 -0.1112327 -0.1301540 -0.1722870 -0.1195605 -0.1016659 -0.0955366 -0.1451914 -0.1202076 -0.1529796 -0.1146632 -0.1557770 -0.1185638 -0.1308689
C  0  1  80  1  0 11  -0.1394554 -0.1112458 -0.1525288 -0.1398370 -0.1293155 -0.1241164 -0.1189452 -0.1500710 -0.1490617 -0.0640429 -0.1406395 -0.1417435 -0.0864669 -0.1406294 -0.0970102 -0.1143835
C  0  1  80  1  0 12  -0.0838935 -0.0965125 -0.1115694 -0.1038838 -0.1642880 -0.1193045 -0.1510920 -0.1838414 -0.1062890 -0.1263200 -0.1213594 -0.1140404 -0.0933342 -0.1100341 -0.1246751 -0.1311015
C  0  1  80  1  0 13  -0.1375344 -0.1646996 -0.1551432 -0.1284132 -0.1508241 -0.1727022 -0.1354177 -0.1683873 -0.1327425 -0.1219939 -0.2049557 -0.1191613 -0.1677850 -0.1258665 -0.1818564 -0.1385179
C  0  1  80  1  0 14  -0.1646119 -0.1766653 -0.1171858 -0.1546718 -0.1575632 -0.1382054 -0.1947040 -0.2176667 -0.1573630 -0.1532029 -0.1440790 -0.1533096 -0.1655882 -0.1059702 -0.1564174 -0.1965157
C  0  1  80  1  0 15  -0.1047088 -0.2001783 -0.1473708 -0.1151511 -0.1663206 -0.1036422 -0.1672810 -0.1575130 -0.1642850 -0.1514668 -0.1037059 -0.1456158 -0.1789891 -0.1103836 -0.0666555 -0.1123301
C  0  1  80  1  0 16  -0.1618483 -0.0919021 -0.1314440 -0.0948462 -0.1399154 -0.1279980 -0.1505775 -0.2104166 -0.1478634 -0.1664429 -0.1033169 -0.1351613 -0.1185282 -0.1328965 -0.1643600 -0.0595832
C  0  1  80  1  0 17  -0.2599128 -0.3130620 -0.2015035 -0.2639738 -0.2474489 -0.2784495 -0.2190167 -0.2446584 -0.2605079 -0.2409559 -0.2178123 -0.2951433 -0.2090947 -0.2397815 -0.2345422 -0.2441075
C  0  1  80  1  0 18  -0.2237158 -0.2441310 -0.2467281 -0.2587808 -0.2157158 -0.2389051 -0.3080139 -0.2940416 -0.2228628 -0.2364884 -0.2352858 -0.2680238 -0.2681774 -0.2064671 -0.1502942 -0.1830331
C  0  1  80  1  0 19  -0.2719425 -0.2587959 -0.2921601 -0.3399412 -0.2958439 -0.2618302 -0.2941375 -0.1945720 -0.2583329 -0.2522703 -0.2006878 -0.2540817 -0.2494751 -0.2596335 -0.2751554 -0.2503397
C  0  1  80  1  0 20  -0.2569289 -0.2903048 -0.3210114 -0.3127779 -0.2960616 -0.2682958 -0.2976737 -0.3111417 -0.3436641 -0.3134001 -0.3069413 -0.2909296 -0.3966083 -0.3073383 -0.2431611 -0.3715155
C  0  1  80  1  0 21  -0.3620851 -0.3879383 -0.3581712 -0.3849524 -0.2718970 -0.2306623 -0.2968141 -0.3069775 -0.3953184 -0.2769371 -0.3459091 -0.4552592 -0.2761325 -0.3483744 -0.3379047 -0.3331921
C  0  1  80  1  1  0   0.0488910  0.0503273  0.0441128  0.0256789  0.0023264 -0.0199187 -0.0313583 -0.0411598 -0.0470935 -0.0360570 -0.0322690 -0.0169744  0.0016468  0.0044075  0.0246726  0.0395587
C  0  1  80  1  1  1   0.0260981  0.0229543  0.0177411  0.0106365  0.0015584 -0.0076731 -0.0159650 -0.0197685 -0.0182045 -0.0156775 -0.0150999 -0.0077735  0.0046224  0.0088069  0.0127642  0.0245544
C  0  1  80  1  1  2   0.0126083  0.0136992  0.0082111  0.0072581  0.0018663 -0.0023578 -0.0075940 -0.0081440 -0.0094022 -0.0053074 -0.0041787 -0.0027632  0.0004334  0.0039147  0.0045941  0.0105727
C  0  1  80  1  1  3   0.0084358  0.0076272  0.0018158  0.0039819  0.0016271  0.0000771 -0.0030364 -0.0006940  0.0016843 -0.0002827 -0.0015258 -0.0011160  0.0016094  0.0025248  0.0018695  0.0074392
C  0  1  80  1  1  4   0.0012749  0.0020485  0.0004795  0.0013437  0.0018113  0.0014725  0.0000044  0.0023258  0.0049477  0.0033625  0.0004122 -0.0002592  0.0018776  0.0017342  0.0032825  0.0022526
C  0  1  80  1  1  5   0.0013016  0.0010908  0.0010253  0.0033387  0.0034934  0.0034323  0.0027083  0.0046095  0.0056209  0.0023715 -0.0012954  0.0001162  0.0014082  0.0029173  0.0015354 -0.0007597
C  0  1  80  1  1  6   0.0009034  0.0010391  0.0019246  0.0040924  0.0049236  0.0048382  0.0049573  0.0051836  0.0033375  0.0011972  0.0012019 -0.0003164  0.0006132  0.0003330  0.0009293 -0.0005975
C  0  1  80  1  1  7  -0.0019245  0.0013488  0.0023444  0.0047305  0.0045445  0.0033420  0.0052279  0.0039705  0.0042422  0.0009476 -0.0003163  0.0004557  0.0008169  0.0006427  0.0007476 -0.0006559
C  0  1  80  1  1  8  -0.0002575  0.0005106  0.0032256  0.0022266  0.0047813  0.0038467  0.0048177  0.0049910  0.0045043  0.0021201  0.0010462  0.0003384  0.0018689  0.0012534  0.0018526 -0.0012957
C  0  1  80  1  1  9   0.0011227  0.0022867  0.0019175  0.0031241  0.0023525  0.0030412  0.0038760  0.0041928  0.0024957  0.0006312  0.0013705  0.0013133  0.0013542  0.0001647 -0.0005748 -0.0018469
C  0  1  80  1  1 10   0.0005303  0.0019096  0.0020057  0.0016826  0.0025022  0.0020098  0.0027194  0.0031540  0.0020094  0.0004461 -0.0003093  0.0002154 -0.0002305  0.0003209  0.0018807 -0.0003723
C  0  1  80  1  1 11   0.0004951  0.0019876  0.0012979  0.0024734  0.0027607 -0.0001637  0.0010752  0.0020219  0.0026526  0.0014397 -0.0010302  0.0004076  0.0003590 -0.0006336  0.0000355 -0.0015890
C  0  1  80  1  1 12   0.0007321  0.0015176  0.0031458  0.0042819  0.0032361  0.0013869  0.0009246  0.0028466  0.0042220  0.0009459  0.0014652  0.0021222  0.0017058  0.0003519  0.0013954 -0.0008301
C  0  1  80  1  1 13  -0.0000904  0.0021977  0.0030042  0.0028996  0.0033983  0.0026856  0.0041223  0.0050709  0.0047502  0.0011761  0.0003290  0.0001474  0.0003290 -0.0022318  0.0008420 -0.0021789
C  0  1  80  1  1 14  -0.0001627  0.0005340  0.0024939  0.0033030  0.0041589  0.0019050  0.0042073  0.0057314  0.0049352  0.0013677  0.0028631 -0.0004185 -0.0016902 -0.0013870 -0.0012816 -0.0024823
C  0  1  80  1  1 15  -0.0014014  0.0006072  0.0029967  0.0043618  0.0025947 -0.0000744  0.0032692  0.0032539  0.0059133  0.0037515  0.0025678  0.0003958 -0.0020993 -0.0045928 -0.0055344 -0.0050108
C  0  1  80  1  1 16  -0.0023604  0.0013582  0.0027141  0.0055081  0.0041402  0.0018146  0.0035127  0.0040002  0.0045959  0.0060227  0.0028615  0.0031706 -0.0001538 -0.0014370 -0.0049217 -0.0042804
C  0  1  80  1  1 17  -0.0027928  0.0022413  0.0026089  0.0069756  0.0022494 -0.0009401  0.0016030  0.0039049  0.0049608  0.0049516  0.0049508  0.0014619 -0.0018541 -0.0046510 -0.0059131 -0.0046053
C  0  1  80  1  1 18   0.0015864  0.0078754  0.0060195  0.0068883  0.0044138  0.0003911 -0.0026446 -0.0006683  0.0024585  0.0046865  0.0025177  0.0001409 -0.0016403 -0.0034043 -0.0055469 -0.0042077
C  0  1  80  1  1 19   0.0022141  0.0083753  0.0123951  0.0112484  0.0066539  0.0024589 -0.0016920 -0.0002197  0.0037194  0.0056670  0.0018831  0.0001683 -0.0016724 -0.0047755 -0.0060069 -0.0026059
C  0  1  80  1  1 20   0.0020719  0.0148259  0.0173331  0.0144562  0.0072921  0.0044248 -0.0014570 -0.0005146  0.0012185  0.0077382  0.0023653 -0.0019084 -0.0065470 -0.0079049 -0.0050554 -0.0045289
C  0  1  80  1  1 21   0.0079839  0.0223660  0.0328077  0.0236438  0.0167181  0.0162044  0.0110355  0.0134687  0.0119367  0.0150296  0.0019055 -0.0010259 -0.0073714 -0.0167608 -0.0080519  0.0011209
