CPHI 16 
CETA 22 -2.40 -2.10 -1.85 -1.60 -1.40 -1.20 -1.00 -0.80 -0.60 -0.40 -0.20  0.00  0.20  0.40  0.60  0.80  1.00  1.20  1.40  1.60  1.85  2.10  2.40 
RMIN  6 
RTRK 12 
RETA 11  0.00  0.20  0.40  0.60  0.80  1.00  1.20  1.40  1.60  1.85  2.10  2.40 
T 0 1  81  0  0  0    0.0000000   0.0005855   0.0016936   0.0031688   0.0121755   0.0690969   0.2780028   0.6533001   1.0000000   1.0000000   1.0000000   1.0000000   1.0000000
T 0 1  81  0  0  1    0.0000000   0.0001569   0.0005584   0.0023895   0.0122854   0.0588316   0.2265905   0.5893141   1.0000000   1.0000000   1.0000000   1.0000000   1.0000000
T 0 1  81  0  0  2    0.0000000   0.0001230   0.0005527   0.0017564   0.0106386   0.0552621   0.2091881   0.5732540   1.0000000   1.0000000   1.0000000   1.0000000   1.0000000
T 0 1  81  0  0  3    0.0000000   0.0002243   0.0006297   0.0016986   0.0115120   0.0630296   0.2260934   0.5865719   1.0000000   1.0000000   1.0000000   1.0000000   1.0000000
T 0 1  81  0  0  4    0.0000000   0.0003945   0.0026114   0.0145610   0.0628459   0.2043129   0.4890838   0.8226464   1.0000000   1.0000000   1.0000000   1.0000000   1.0000000
T 0 1  81  0  0  5    0.0000000   0.0009616   0.0073123   0.0511962   0.2059419   0.5333234   0.8759766   0.9994267   1.0000000   1.0000000   1.0000000   1.0000000   1.0000000
T 0 1  81  0  0  6    0.0000000   0.0002741   0.0012441   0.0104880   0.0674275   0.2775280   0.6639004   0.9316567   0.9982475   1.0000000   1.0000000   1.0000000   1.0000000
T 0 1  81  0  0  7    0.0000000   0.0000546   0.0004458   0.0009849   0.0048320   0.0307908   0.1186008   0.2969631   0.5811558   0.8693931   0.9842599   0.9998772   1.0000000
T 0 1  81  0  0  8    0.0000000   0.0000065   0.0000409   0.0001248   0.0003826   0.0009591   0.0041435   0.0251803   0.1192499   0.3938368   0.7896782   0.9693425   1.0000000
T 0 1  81  0  0  9    0.0000000   0.0000167   0.0000181   0.0000420   0.0005390   0.0035181   0.0183314   0.0856141   0.3016791   0.6584330   0.9386048   0.9999320   1.0000000
T 0 1  81  0  0 10    0.0000000   0.0068632   0.0292461   0.0465659   0.0796343   0.1686723   0.3383921   0.6895162   0.9105846   0.9700604   0.9998205   1.0000000   1.0000000
T 0 1  81  1  0  0    0.0000000   0.0005148   0.0016399   0.0047460   0.0213440   0.1017716   0.3374237   0.6994022   1.0000000   1.0000000   1.0000000   1.0000000   1.0000000
T 0 1  81  1  0  1    0.0000000   0.0002633   0.0010891   0.0042307   0.0181163   0.0752157   0.2537985   0.6193956   1.0000000   1.0000000   1.0000000   1.0000000   1.0000000
T 0 1  81  1  0  2    0.0000000   0.0002194   0.0008486   0.0027728   0.0124455   0.0616642   0.2339277   0.6064318   1.0000000   1.0000000   1.0000000   1.0000000   1.0000000
T 0 1  81  1  0  3    0.0000000   0.0002283   0.0008669   0.0027852   0.0140251   0.0700545   0.2491207   0.6198491   1.0000000   1.0000000   1.0000000   1.0000000   1.0000000
T 0 1  81  1  0  4    0.0000000   0.0004356   0.0027620   0.0153929   0.0663357   0.2155446   0.5058694   0.8320271   1.0000000   1.0000000   1.0000000   1.0000000   1.0000000
T 0 1  81  1  0  5    0.0000000   0.0011873   0.0094478   0.0577925   0.2246261   0.5586818   0.8900123   0.9996500   1.0000000   1.0000000   1.0000000   1.0000000   1.0000000
T 0 1  81  1  0  6    0.0000000   0.0004626   0.0026649   0.0180020   0.0942133   0.3329130   0.7236541   0.9536823   0.9988141   0.9999984   1.0000000   1.0000000   1.0000000
T 0 1  81  1  0  7    0.0000000   0.0002246   0.0006446   0.0024765   0.0123245   0.0526267   0.1570011   0.3413836   0.6074237   0.8728054   0.9849908   0.9998878   1.0000000
T 0 1  81  1  0  8    0.0000000   0.0009562   0.0014955   0.0017998   0.0022382   0.0036136   0.0107994   0.0452511   0.1686405   0.4573475   0.8251665   0.9710661   1.0000000
T 0 1  81  1  0  9    0.0000000   0.0021003   0.0074838   0.0131257   0.0159362   0.0198461   0.0401951   0.1288935   0.3661962   0.7154288   0.9583841   0.9999941   1.0000000
T 0 1  81  1  0 10    0.0000000   0.0032254   0.0170235   0.0428863   0.0843736   0.1746921   0.3942474   0.7474223   0.9511020   0.9856143   0.9999985   1.0000000   1.0000000
R 0 1  81  0  0  0    0.0250787   0.0250787   0.0124759   0.0107155   0.0103445   0.0101988   0.0099923   0.0098501   0.0098501   0.0098501   0.0098501   0.0098501
R 0 1  81  0  0  1    0.0120132   0.0120132   0.0120132   0.0120132   0.0109818   0.0109071   0.0109782   0.0108718   0.0108718   0.0108718   0.0108718   0.0108718
R 0 1  81  0  0  2    0.0125512   0.0125512   0.0125512   0.0125512   0.0120251   0.0119849   0.0118193   0.0116968   0.0116968   0.0116968   0.0116968   0.0116968
R 0 1  81  0  0  3    0.0132220   0.0132220   0.0132220   0.0132220   0.0126313   0.0125490   0.0123519   0.0122194   0.0122194   0.0122194   0.0122194   0.0122194
R 0 1  81  0  0  4    0.0185358   0.0185358   0.0185358   0.0173551   0.0169007   0.0158945   0.0144905   0.0130545   0.0130545   0.0130545   0.0130545   0.0130545
R 0 1  81  0  0  5    0.0205377   0.0205377   0.0192726   0.0191538   0.0187454   0.0180328   0.0169597   0.0169597   0.0169597   0.0169597   0.0169597   0.0169597
R 0 1  81  0  0  6    0.0203421   0.0203421   0.0203421   0.0202713   0.0207593   0.0206868   0.0207971   0.0207255   0.0207255   0.0207255   0.0207255   0.0207255
R 0 1  81  0  0  7    0.0205333   0.0205333   0.0205333   0.0205333   0.0204885   0.0212279   0.0211802   0.0209231   0.0205558   0.0197412   0.0197412   0.0197412
R 0 1  81  0  0  8    0.0215250   0.0215250   0.0215250   0.0215250   0.0215250   0.0215250   0.0215250   0.0209980   0.0210141   0.0209820   0.0202733   0.0188043
R 0 1  81  0  0  9    0.0311223   0.0311223   0.0311223   0.0311223   0.0311223   0.0311223   0.0297961   0.0286985   0.0274912   0.0263987   0.0249774   0.0249774
R 0 1  81  0  0 10    0.0758376   0.0700880   0.0603750   0.0531406   0.0473998   0.0439393   0.0410082   0.0353979   0.0338867   0.0307122   0.0307122   0.0307122
R 0 1  81  0  1  0    0.0000000   0.0000000   0.0000000   0.0000842   0.0000859   0.0000795   0.0000718   0.0000651   0.0000651   0.0000651   0.0000651   0.0000651
R 0 1  81  0  1  1    0.0000718   0.0000718   0.0000718   0.0000718   0.0000665   0.0000686   0.0000651   0.0000572   0.0000572   0.0000572   0.0000572   0.0000572
R 0 1  81  0  1  2    0.0000734   0.0000734   0.0000734   0.0000734   0.0000688   0.0000644   0.0000595   0.0000517   0.0000517   0.0000517   0.0000517   0.0000517
R 0 1  81  0  1  3    0.0000652   0.0000652   0.0000652   0.0000652   0.0000640   0.0000546   0.0000547   0.0000498   0.0000498   0.0000498   0.0000498   0.0000498
R 0 1  81  0  1  4    0.0000862   0.0000862   0.0000862   0.0000929   0.0000905   0.0000744   0.0000585   0.0000425   0.0000425   0.0000425   0.0000425   0.0000425
R 0 1  81  0  1  5    0.0001881   0.0001881   0.0000554   0.0000671   0.0000619   0.0000577   0.0000492   0.0000492   0.0000492   0.0000492   0.0000492   0.0000492
R 0 1  81  0  1  6    0.0000980   0.0000980   0.0000980   0.0000384   0.0000612   0.0000565   0.0000533   0.0000367   0.0000367   0.0000367   0.0000367   0.0000367
R 0 1  81  0  1  7    0.0000000   0.0000000   0.0000000   0.0000000   0.0000502   0.0000605   0.0000719   0.0000626   0.0000791   0.0000532   0.0000532   0.0000532
R 0 1  81  0  1  8    0.0001161   0.0001161   0.0001161   0.0001161   0.0001161   0.0001161   0.0001161   0.0000974   0.0001054   0.0000992   0.0000784   0.0000665
R 0 1  81  0  1  9    0.0002629   0.0002629   0.0002629   0.0002629   0.0002629   0.0002629   0.0002223   0.0002005   0.0001833   0.0001519   0.0001386   0.0001386
R 0 1  81  0  1 10    0.0011872   0.0011205   0.0007953   0.0007450   0.0005807   0.0004695   0.0003851   0.0002605   0.0002129   0.0001534   0.0001534   0.0001534
R 0 1  81  0  2  0    0.0000000   0.0000000   0.0000000   0.0000000   0.0000000   0.0000000   0.0000150   0.0000000   0.0000000   0.0000000   0.0000000   0.0000000
R 0 1  81  0  2  1    0.0000000   0.0000000   0.0000000   0.0000000   0.0000000   0.0000101   0.0000072   0.0000135   0.0000135   0.0000135   0.0000135   0.0000135
R 0 1  81  0  2  2    0.0000000   0.0000000   0.0000000   0.0000000   0.0000434   0.0000000   0.0000193   0.0000114   0.0000114   0.0000114   0.0000114   0.0000114
R 0 1  81  0  2  3    0.0000721   0.0000721   0.0000721   0.0000721   0.0000000   0.0000000   0.0000103   0.0000071   0.0000071   0.0000071   0.0000071   0.0000071
R 0 1  81  0  2  4    0.0000000   0.0000000   0.0000000   0.0000000   0.0000000   0.0000202   0.0000077   0.0000164   0.0000164   0.0000164   0.0000164   0.0000164
R 0 1  81  0  2  5    0.0000000   0.0000000   0.0000000   0.0000000   0.0000086   0.0000256   0.0000000   0.0000000   0.0000000   0.0000000   0.0000000   0.0000000
R 0 1  81  0  2  6    0.0000000   0.0000000   0.0000000   0.0000000   0.0000000   0.0000000   0.0000000   0.0000000   0.0000000   0.0000000   0.0000000   0.0000000
R 0 1  81  0  2  7    0.0000000   0.0000000   0.0000000   0.0000000   0.0000000   0.0000000   0.0000000   0.0000000   0.0000000   0.0000000   0.0000000   0.0000000
R 0 1  81  0  2  8    0.0000000   0.0000000   0.0000000   0.0000000   0.0000000   0.0000000   0.0000000   0.0000000   0.0000000   0.0000000   0.0000000   0.0000000
R 0 1  81  0  2  9    0.0000000   0.0000000   0.0000000   0.0000000   0.0000000   0.0000000   0.0000681   0.0000565   0.0000000   0.0000274   0.0000589   0.0000589
R 0 1  81  0  2 10    0.0000000   0.0000000   0.0000000   0.0000000   0.0000000   0.0000000   0.0000859   0.0000828   0.0000000   0.0000000   0.0000000   0.0000000
R 0 1  81  0  3  0    1.0344558   1.0344558   0.9756863   1.0222133   0.9939885   0.9869989   0.9825804   0.9830675   0.9830675   0.9830675   0.9830675   0.9830675
R 0 1  81  0  3  1    1.0172122   1.0172122   1.0172122   1.0172122   1.0020737   0.9821921   0.9790741   0.9788571   0.9788571   0.9788571   0.9788571   0.9788571
R 0 1  81  0  3  2    1.0120523   1.0120523   1.0120523   1.0120523   0.9989557   0.9868580   0.9810499   0.9813950   0.9813950   0.9813950   0.9813950   0.9813950
R 0 1  81  0  3  3    1.0131731   1.0131731   1.0131731   1.0131731   1.0077755   0.9866162   0.9819460   0.9808663   0.9808663   0.9808663   0.9808663   0.9808663
R 0 1  81  0  3  4    1.0273011   1.0273011   1.0273011   0.9914579   0.9752681   0.9721616   0.9780060   0.9872714   0.9872714   0.9872714   0.9872714   0.9872714
R 0 1  81  0  3  5    1.0117337   1.0117337   0.9985817   0.9852778   0.9759781   0.9716898   0.9732809   0.9732809   0.9732809   0.9732809   0.9732809   0.9732809
R 0 1  81  0  3  6    1.0404691   1.0404691   1.0404691   1.0005316   0.9869820   0.9857372   0.9833385   0.9895696   0.9895696   0.9895696   0.9895696   0.9895696
R 0 1  81  0  3  7    1.0594855   1.0594855   1.0594855   1.0594855   1.0343867   0.9989688   0.9855000   0.9861543   0.9869031   0.9877565   0.9877565   0.9877565
R 0 1  81  0  3  8    1.0119630   1.0119630   1.0119630   1.0119630   1.0119630   1.0119630   1.0119630   0.9966927   0.9836138   0.9835181   0.9857712   1.0118070
R 0 1  81  0  3  9    1.0237486   1.0237486   1.0237486   1.0237486   1.0237486   1.0237486   0.9861005   0.9766220   0.9736979   0.9847046   1.0029736   1.0029736
R 0 1  81  0  3 10    1.0454404   1.0369418   1.0157312   0.9897266   0.9713933   0.9729129   0.9685737   0.9651953   0.9976526   1.0187098   1.0187098   1.0187098
R 0 1  81  0  4  0    1.3205459   1.3205459   1.2692407   2.1655373   2.2549391   2.3283494   2.2709927   2.2836557   2.2836557   2.2836557   2.2836557   2.2836557
R 0 1  81  0  4  1    2.0448387   2.0448387   2.0448387   2.0448387   2.2052798   2.1831685   2.1967525   2.1993972   2.1993972   2.1993972   2.1993972   2.1993972
R 0 1  81  0  4  2    1.8680693   1.8680693   1.8680693   1.8680693   2.1916109   2.2645986   2.2483257   2.2324213   2.2324213   2.2324213   2.2324213   2.2324213
R 0 1  81  0  4  3    1.7836206   1.7836206   1.7836206   1.7836206   2.3213384   2.2649396   2.1978755   2.2108481   2.2108481   2.2108481   2.2108481   2.2108481
R 0 1  81  0  4  4    1.9210583   1.9210583   1.9210583   2.0683650   2.0421093   2.0565463   2.1920275   2.2997208   2.2997208   2.2997208   2.2997208   2.2997208
R 0 1  81  0  4  5    1.6851061   1.6851061   2.0137893   2.1683181   2.1028478   2.0677937   2.0248818   2.0248818   2.0248818   2.0248818   2.0248818   2.0248818
R 0 1  81  0  4  6    2.0511382   2.0511382   2.0511382   2.2159542   2.3038516   2.3552869   2.3267960   2.2965055   2.2965055   2.2965055   2.2965055   2.2965055
R 0 1  81  0  4  7    1.5959230   1.5959230   1.5959230   1.5959230   2.2678266   2.3732949   2.2946066   2.3408265   2.3648943   2.3504522   2.3504522   2.3504522
R 0 1  81  0  4  8    2.1976244   2.1976244   2.1976244   2.1976244   2.1976244   2.1976244   2.1976244   2.2802905   2.2409312   2.2918080   2.3076214   2.2678365
R 0 1  81  0  4  9    1.9086628   1.9086628   1.9086628   1.9086628   1.9086628   1.9086628   2.0034165   2.0791221   2.0494536   2.2132749   2.1929791   2.1929791
R 0 1  81  0  4 10    2.0546501   2.1730261   1.9160501   1.8753391   1.9323535   1.9794419   1.9681916   1.8988537   2.0211789   2.2138160   2.2138160   2.2138160
R 0 1  81  0  5  0   28.3861008  28.3861008   8.9377799   3.1397893   3.4618257   3.5972693   3.9130461   3.8362206   3.8362206   3.8362206   3.8362206   3.8362206
R 0 1  81  0  5  1    3.4328131   3.4328131   3.4328131   3.4328131   3.7278599   4.2852520   4.4215578   4.3342472   4.3342472   4.3342472   4.3342472   4.3342472
R 0 1  81  0  5  2    3.9419656   3.9419656   3.9419656   3.9419656   4.2697059   3.9520164   4.0398158   4.3916715   4.3916715   4.3916715   4.3916715   4.3916715
R 0 1  81  0  5  3    4.9056147   4.9056147   4.9056147   4.9056147   3.7067215   3.8391233   4.6993867   4.4258357   4.4258357   4.4258357   4.4258357   4.4258357
R 0 1  81  0  5  4    4.9022792   4.9022792   4.9022792   4.6630009   5.4805797   5.4099275   3.9610893   3.4037576   3.4037576   3.4037576   3.4037576   3.4037576
R 0 1  81  0  5  5    5.4212547   5.4212547   5.6382266   4.7685757   5.2766651   4.9043918   3.9397862   3.9397862   3.9397862   3.9397862   3.9397862   3.9397862
R 0 1  81  0  5  6    2.8215610   2.8215610   2.8215610   3.8372975   3.4447837   2.9369178   2.4365991   1.9577800   1.9577800   1.9577800   1.9577800   1.9577800
R 0 1  81  0  5  7    6.7826060   6.7826060   6.7826060   6.7826060   3.6936780   3.1159579   3.1113546   2.9328638   2.6402023   2.0823493   2.0823493   2.0823493
R 0 1  81  0  5  8    4.3308760   4.3308760   4.3308760   4.3308760   4.3308760   4.3308760   4.3308760   4.3737706   4.4356916   3.9942843   3.4540418   4.2213317
R 0 1  81  0  5  9    7.0753271   7.0753271   7.0753271   7.0753271   7.0753271   7.0753271   6.9778880   5.8024779   6.3917338   5.3470510   5.8222477   5.8222477
R 0 1  81  0  5 10    5.2718162   4.2824307   4.6720993   5.6472088   5.6060951   6.7989635   8.1484987   9.8082649   7.2087160   5.3125299   5.3125299   5.3125299
F  0  1  81  0  0  0    1.0295511   1.0169628   1.0009604   1.0215678   0.9647220   0.9890424   0.9928388   0.9849099   0.9750155   0.9818049   0.9819395
F  0  1  81  1  0  0    1.0766300   1.0901974   1.0772020   1.0818559   1.0447899   1.0586895   1.0902557   1.0549945   1.0299908   1.0614442   1.0867889
C  0  1  81  0  0  0  -0.3059974 -0.2457948 -0.2978563 -0.4307815 -0.3489120 -0.1711798 -0.0674001 -0.0374975 -0.2850140 -0.2903422 -0.1363566 -0.0431473 -0.1675615 -0.3483744 -0.2527821 -0.0381937
C  0  1  81  0  0  1  -0.1224938 -0.1822422 -0.1666996 -0.0566318 -0.1008968 -0.0906721 -0.1256047 -0.1880141 -0.0866912 -0.1398960  0.0598373 -0.1414821 -0.2192811 -0.1384232 -0.2339541 -0.1224036
C  0  1  81  0  0  2  -0.0860223 -0.0918312 -0.1413346 -0.1500988 -0.0605028 -0.0587667 -0.0721563 -0.0989746 -0.0677442 -0.0291945 -0.1044365 -0.0681997 -0.1570364 -0.0299204 -0.0499814 -0.0884004
C  0  1  81  0  0  3  -0.0064106 -0.0668746 -0.0572008 -0.0523877  0.1188689 -0.0943657 -0.1195650 -0.0798428 -0.1053099  0.0034664 -0.1246955 -0.0386436 -0.1543912 -0.1013091 -0.0779302  0.0391435
C  0  1  81  0  0  4  -0.0186457 -0.0976204 -0.0465273 -0.1331431 -0.0981324 -0.1733424 -0.0053388 -0.0346090  0.0131846  0.0118819 -0.0470741 -0.1479856 -0.1256801 -0.0197679  0.0227806  0.0129783
C  0  1  81  0  0  5  -0.0639140  0.0599238 -0.0049049  0.0685662  0.0254838 -0.0546962 -0.0242422 -0.0869033  0.0165776 -0.0489362  0.0140195  0.0323695  0.0164636  0.0367424  0.1111853 -0.0160295
C  0  1  81  0  0  6   0.0385199  0.0596168  0.0800746  0.0100345 -0.0460046 -0.0238760 -0.0126203 -0.0695479 -0.0455160 -0.0677806  0.0534009 -0.0576180 -0.0530700 -0.0877996 -0.0452068  0.0847731
C  0  1  81  0  0  7  -0.0819923  0.0967408  0.0021345 -0.0124448 -0.0053523  0.0142702  0.0709114 -0.0102607 -0.0072310  0.0124661  0.0986185  0.0044369  0.0892499 -0.0411214 -0.0342119  0.0461799
C  0  1  81  0  0  8  -0.0432297  0.0661420 -0.0170450  0.0243261 -0.0177732  0.0034392 -0.0244048 -0.0544073 -0.0241266  0.0547790 -0.0101839  0.0406733 -0.0336866  0.0500549 -0.0472420 -0.0318096
C  0  1  81  0  0  9  -0.0213321  0.0905053  0.0609330  0.0579206  0.0257414 -0.0235418 -0.0169500  0.0169527 -0.0326889 -0.0467613  0.0075066  0.0295255  0.0684365  0.0488380  0.0229449  0.0358946
C  0  1  81  0  0 10  -0.0205088  0.0322668  0.0339094  0.0672199 -0.0514989 -0.0201543 -0.0873315 -0.0516687 -0.0159811 -0.0665021  0.0084697 -0.0404259 -0.0424896  0.0258698  0.0088294  0.0321409
C  0  1  81  0  0 11  -0.0808571  0.0106648 -0.0209516  0.0675293 -0.0021712  0.0326180  0.0580002  0.0450435  0.0624977  0.0450464  0.0001751 -0.0187178  0.0372482  0.0089940 -0.0829325 -0.0561672
C  0  1  81  0  0 12   0.0623746 -0.0126685  0.0580903 -0.0240414 -0.0303215 -0.0080476 -0.0766559 -0.0295172 -0.0204998  0.0667999 -0.0271036  0.0010562 -0.0123974  0.0152883  0.0508057  0.0607728
C  0  1  81  0  0 13  -0.0414019  0.0228208  0.0206865 -0.0304541 -0.0435381 -0.0553413 -0.0216587 -0.0736892  0.0439954  0.0256189  0.0137668  0.0212741  0.0122831  0.0353729  0.0430800  0.0129749
C  0  1  81  0  0 14   0.0081300  0.0079250 -0.0672657 -0.0285741  0.0265717  0.0073655 -0.0106826 -0.0557761 -0.0532123  0.0133487  0.0282390  0.0004281  0.0036779  0.0069762 -0.0006996 -0.0303083
C  0  1  81  0  0 15  -0.0562699 -0.0130970  0.0484597  0.0376304  0.0726278 -0.0973483 -0.0310868  0.0364426 -0.0496349 -0.0261663 -0.0015269 -0.1541832  0.0687010  0.1000105 -0.0330123  0.0135112
C  0  1  81  0  0 16   0.1665978  0.0108683  0.0475198 -0.0626078 -0.0073971 -0.0987397 -0.0304797 -0.0655733 -0.1367942  0.1474876  0.0076932 -0.1465838 -0.0183347  0.0026606 -0.0325809 -0.0837418
C  0  1  81  0  0 17  -0.0880807 -0.1426345 -0.0960707 -0.0864392 -0.0264629 -0.1032485 -0.0538817  0.0010159  0.0260528 -0.0258721 -0.0586394 -0.0309870 -0.1869701 -0.1583904 -0.0199484  0.0177573
C  0  1  81  0  0 18  -0.1447879 -0.0901212  0.0004678 -0.0500604 -0.1403801  0.0018057 -0.0703768 -0.0395437 -0.0646554 -0.0628962 -0.0464457 -0.1206456 -0.0771538 -0.0075330 -0.1201746  0.0506357
C  0  1  81  0  0 19   0.0451535 -0.1641536 -0.1661911 -0.0860466 -0.0929831 -0.0690734 -0.2044789 -0.1158380 -0.1314572 -0.1089800 -0.0118199 -0.0357558 -0.0888035 -0.1276757 -0.0390722 -0.0974925
C  0  1  81  0  0 20  -0.1342789 -0.0920516  0.0115744 -0.0602468 -0.0483878 -0.0504464 -0.1872452 -0.1704178 -0.1789766 -0.1794874 -0.1464990  0.0754679  0.0047802 -0.1608823 -0.2214997 -0.0962816
C  0  1  81  0  0 21  -0.2349466 -0.1621305 -0.2678610 -0.3339479 -0.0641755 -0.1300681 -0.4116732 -0.0770579 -0.2789283 -0.0520197 -0.2473537 -0.2785152 -0.4561870 -0.3243281 -0.1978517 -0.2503980
C  0  1  81  0  1  0   0.0013887  0.0020718 -0.0007049  0.0006070 -0.0037267  0.0016417 -0.0005337 -0.0010327  0.0056420 -0.0029849 -0.0041857  0.0024206  0.0080026  0.0012626  0.0048339  0.0052955
C  0  1  81  0  1  1  -0.0001522  0.0018544 -0.0011783  0.0003963  0.0010040 -0.0010510  0.0037272  0.0023691  0.0033532 -0.0022849 -0.0017635 -0.0025858  0.0017799  0.0032865  0.0015979  0.0012835
C  0  1  81  0  1  2   0.0050175 -0.0008512 -0.0012267  0.0019760 -0.0008361  0.0005320  0.0012389  0.0000964 -0.0010799  0.0004617 -0.0032436 -0.0015242 -0.0001187 -0.0011459 -0.0001382 -0.0009912
C  0  1  81  0  1  3   0.0033735 -0.0006774  0.0016300 -0.0010794 -0.0009746  0.0002963  0.0000369 -0.0007177 -0.0019551 -0.0018250 -0.0005420  0.0001522  0.0021857 -0.0006459  0.0012365  0.0020922
C  0  1  81  0  1  4   0.0028670 -0.0003391 -0.0006781  0.0015973  0.0023354 -0.0043924  0.0003844  0.0010681  0.0021512 -0.0012458 -0.0009395 -0.0026979  0.0015114 -0.0005340  0.0008858 -0.0038246
C  0  1  81  0  1  5   0.0021297  0.0025768 -0.0011221  0.0017849 -0.0005301 -0.0028650 -0.0003212  0.0019186 -0.0008270  0.0015774  0.0026654 -0.0004980  0.0017705  0.0003752 -0.0001988 -0.0018687
C  0  1  81  0  1  6   0.0031239  0.0007257 -0.0000915 -0.0001030  0.0009436 -0.0004101 -0.0026560 -0.0015597  0.0017927 -0.0003976  0.0005082 -0.0010626  0.0009690 -0.0002610  0.0007005 -0.0014771
C  0  1  81  0  1  7   0.0029338 -0.0006848  0.0014446  0.0005014  0.0007053  0.0008924 -0.0004823 -0.0002886  0.0009129 -0.0017592 -0.0000751 -0.0005476 -0.0008015 -0.0009954 -0.0019705 -0.0011622
C  0  1  81  0  1  8   0.0013713  0.0012388 -0.0009135 -0.0020766  0.0016349  0.0011175  0.0008784  0.0003408  0.0029702 -0.0003606  0.0000235 -0.0016516  0.0007373  0.0001544 -0.0001658  0.0018065
C  0  1  81  0  1  9  -0.0021211  0.0006463  0.0017530  0.0003503  0.0002453  0.0001907  0.0011024  0.0000999 -0.0003419 -0.0018536 -0.0019624 -0.0006240 -0.0011692  0.0000712 -0.0014926  0.0001249
C  0  1  81  0  1 10   0.0005474  0.0021442  0.0016371  0.0008701  0.0025827  0.0010661  0.0007651 -0.0019653 -0.0010121 -0.0008298 -0.0001721 -0.0001136  0.0001954 -0.0006378  0.0007739  0.0014691
C  0  1  81  0  1 11   0.0009785  0.0000945 -0.0002577  0.0003817  0.0013366  0.0000334 -0.0017345 -0.0013165 -0.0018037  0.0009826  0.0002652 -0.0010920  0.0005509 -0.0002362  0.0010274 -0.0004841
C  0  1  81  0  1 12   0.0014351 -0.0002148 -0.0001109 -0.0002000  0.0000520 -0.0010941  0.0013277  0.0005173  0.0013963  0.0004830  0.0001772  0.0014007  0.0015564 -0.0003923  0.0001803  0.0023489
C  0  1  81  0  1 13   0.0028400 -0.0016805  0.0008610  0.0029582  0.0034775  0.0006936 -0.0018771  0.0006475  0.0011060 -0.0013484 -0.0006597 -0.0015677 -0.0000019  0.0010963 -0.0003875  0.0026825
C  0  1  81  0  1 14   0.0016943 -0.0003021  0.0011028  0.0016474  0.0029286  0.0012499  0.0005549  0.0004232  0.0015996  0.0003191  0.0002289 -0.0009872 -0.0000310 -0.0010047 -0.0010050  0.0027654
C  0  1  81  0  1 15   0.0023712  0.0012623 -0.0015028  0.0006746  0.0020402  0.0020759  0.0032683 -0.0005892  0.0000878 -0.0007578 -0.0000499 -0.0010314 -0.0000480  0.0009636  0.0004899  0.0001500
C  0  1  81  0  1 16   0.0023312  0.0028885  0.0022665  0.0005423  0.0000677  0.0016493  0.0026400  0.0004028  0.0021395  0.0006741  0.0008027 -0.0013295 -0.0005784  0.0000182  0.0025357  0.0023088
C  0  1  81  0  1 17   0.0006418 -0.0003257  0.0010133  0.0015588  0.0015098  0.0041165  0.0028730  0.0009636 -0.0005869  0.0032759  0.0038002 -0.0001498 -0.0006144  0.0002308  0.0083607  0.0036754
C  0  1  81  0  1 18   0.0084311  0.0038713  0.0015915  0.0001529  0.0002716  0.0034901  0.0039647  0.0028785 -0.0011146  0.0010085  0.0016012  0.0030670  0.0027045  0.0009609  0.0075205  0.0039688
C  0  1  81  0  1 19   0.0019944  0.0023367  0.0027956  0.0019158  0.0026514  0.0008781  0.0029428  0.0009296  0.0018778  0.0029593  0.0002336 -0.0019224  0.0022347  0.0011754  0.0046513  0.0035733
C  0  1  81  0  1 20   0.0079889  0.0056597  0.0058427  0.0042593  0.0003027  0.0022786  0.0029113  0.0039448  0.0038469  0.0025691 -0.0004650 -0.0033630  0.0005798  0.0022431  0.0057495  0.0081731
C  0  1  81  0  1 21   0.0140267  0.0145928  0.0036716  0.0009081 -0.0009784 -0.0055892 -0.0100471 -0.0028639 -0.0016475 -0.0055687 -0.0019225  0.0078263  0.0013928  0.0054460  0.0106410  0.0072975
C  0  1  81  1  0  0  -0.3976247 -0.3404825 -0.4361096 -0.4051007 -0.2502123 -0.4306862 -0.3602821 -0.2658825 -0.3375349 -0.2717747 -0.4601275 -0.4544912 -0.4011295 -0.4140698 -0.4820156 -0.4796964
C  0  1  81  1  0  1  -0.3256136 -0.3435126 -0.3123518 -0.2863525 -0.3296946 -0.3354706 -0.2626450 -0.2261065 -0.2833065 -0.2114598 -0.2621413 -0.2751027 -0.3955471 -0.3774584 -0.3344413 -0.2974494
C  0  1  81  1  0  2  -0.3932759 -0.3009628 -0.2471755 -0.3055794 -0.2885768 -0.2533046 -0.2640995 -0.2357795 -0.1878538 -0.2392312 -0.2296585 -0.3031458 -0.2953328 -0.3631809 -0.2734222 -0.3723997
C  0  1  81  1  0  3  -0.2799118 -0.2979734 -0.2772683 -0.2602372 -0.2917246 -0.2352482 -0.1815481 -0.1345965 -0.1926273 -0.2154203 -0.2321373 -0.2243656 -0.2282049 -0.2473743 -0.2929622 -0.2586490
C  0  1  81  1  0  4  -0.2755332 -0.2751816 -0.2465914 -0.2385600 -0.2787348 -0.2363597 -0.2498043 -0.2006951 -0.2377376 -0.1766633 -0.2046063 -0.2912864 -0.3194790 -0.2643674 -0.3211876 -0.2871084
C  0  1  81  1  0  5  -0.1647442 -0.1729126 -0.1988853 -0.1981286 -0.1487089 -0.1422636 -0.1687099 -0.1090548 -0.1636517 -0.1235956 -0.1645833 -0.2136033 -0.2288565 -0.1580921 -0.1807432 -0.2175770
C  0  1  81  1  0  6  -0.1512276 -0.1446770 -0.1761536 -0.2027610 -0.1141221 -0.1204621 -0.1234300 -0.1129511 -0.1367101 -0.1330241 -0.0630479 -0.1251226 -0.1229055 -0.1456701 -0.1280612 -0.1783153
C  0  1  81  1  0  7  -0.1187514 -0.1201862 -0.1412256 -0.1398019 -0.1631061 -0.1413019 -0.1567902 -0.1241252 -0.1353705 -0.0656539 -0.0821149 -0.1139408 -0.1362108 -0.1427560 -0.1341253 -0.1251609
C  0  1  81  1  0  8  -0.1628877 -0.0657423 -0.1580888 -0.1417003 -0.1636181 -0.1748245 -0.1767870 -0.1699611 -0.1220995 -0.1411698 -0.1257548 -0.1406989 -0.0838182 -0.1297979 -0.1223378 -0.1545144
C  0  1  81  1  0  9  -0.1410991 -0.1350956 -0.0947243 -0.1563624 -0.0977848 -0.1431920 -0.1095412 -0.1519288 -0.1207438 -0.1070212 -0.0783000 -0.1603585 -0.1411566 -0.0814100 -0.1254425 -0.1282525
C  0  1  81  1  0 10  -0.1442288 -0.1156959 -0.1322016 -0.1562227 -0.1505453 -0.1390439 -0.1540651 -0.1189232 -0.0825256 -0.1456770 -0.1530389 -0.1444328 -0.1348995 -0.1451243 -0.1203181 -0.1481837
C  0  1  81  1  0 11  -0.1569326 -0.1357542 -0.1443047 -0.0884974 -0.1211913 -0.1191059 -0.1156747 -0.1364042 -0.1501373 -0.0632809 -0.1040788 -0.1128929 -0.1126623 -0.1458958 -0.0857491 -0.1226704
C  0  1  81  1  0 12  -0.0996894 -0.1291900 -0.1348513 -0.1148787 -0.1773229 -0.1425470 -0.1552615 -0.1506418 -0.1237139 -0.1499274 -0.1088246 -0.1395935 -0.1103126 -0.1001912 -0.0988363 -0.1574094
C  0  1  81  1  0 13  -0.1385087 -0.1664602 -0.1643593 -0.1458448 -0.0982637 -0.1694155 -0.1326752 -0.1211638 -0.0974017 -0.1505335 -0.1479125 -0.1505813 -0.1364288 -0.1251154 -0.1390886 -0.1330790
C  0  1  81  1  0 14  -0.1335563 -0.1611746 -0.1046521 -0.1217973 -0.1797967 -0.1039960 -0.1438695 -0.1919513 -0.1276237 -0.1621470 -0.1026275 -0.1402464 -0.1678092 -0.0905149 -0.1501060 -0.1771213
C  0  1  81  1  0 15  -0.1346813 -0.1953262 -0.1344936 -0.1534468 -0.1484173 -0.1045873 -0.1727044 -0.1842905 -0.1864046 -0.1155128 -0.0801533 -0.1198044 -0.1476157 -0.0709214 -0.0424462 -0.1438191
C  0  1  81  1  0 16  -0.1636984 -0.1539753 -0.1444182 -0.1285060 -0.1544813 -0.1412209 -0.1662117 -0.1892999 -0.1007557 -0.1683363 -0.1079428 -0.1408734 -0.1516349 -0.1445878 -0.1143720 -0.1049080
C  0  1  81  1  0 17  -0.2775747 -0.3115971 -0.2497129 -0.2704039 -0.2483566 -0.2636196 -0.2516924 -0.3135548 -0.2594370 -0.1954495 -0.2223898 -0.2137342 -0.2349454 -0.3378774 -0.2347200 -0.2562233
C  0  1  81  1  0 18  -0.2925134 -0.1848310 -0.2584331 -0.2402435 -0.2450373 -0.2244308 -0.2989463 -0.2842796 -0.2184248 -0.1859492 -0.2696295 -0.2687868 -0.2232542 -0.1917692 -0.1391273 -0.1995589
C  0  1  81  1  0 19  -0.2844510 -0.2471082 -0.3197299 -0.3589204 -0.3111531 -0.2821437 -0.3056604 -0.1765752 -0.2596649 -0.2875338 -0.2511431 -0.2599842 -0.2484314 -0.2514304 -0.3002994 -0.2234074
C  0  1  81  1  0 20  -0.2435996 -0.2410642 -0.3047806 -0.2911952 -0.2704978 -0.2415548 -0.2398347 -0.2628301 -0.2979373 -0.3149077 -0.3432389 -0.2304238 -0.3461239 -0.2751113 -0.2367525 -0.3138945
C  0  1  81  1  0 21  -0.4646985 -0.4537404 -0.4057508 -0.3615935 -0.3501989 -0.2469838 -0.2719112 -0.4018075 -0.4051577 -0.3585190 -0.3370278 -0.3701905 -0.3014232 -0.4397093 -0.3168857 -0.3875738
C  0  1  81  1  1  0   0.0465647  0.0469535  0.0398018  0.0264337  0.0031914 -0.0202911 -0.0326877 -0.0439251 -0.0454874 -0.0366526 -0.0346262 -0.0181973  0.0023953  0.0063035  0.0259428  0.0395150
C  0  1  81  1  1  1   0.0251381  0.0219588  0.0181182  0.0112294  0.0033135 -0.0077931 -0.0149011 -0.0178428 -0.0170345 -0.0133352 -0.0150549 -0.0058858  0.0034358  0.0102370  0.0114638  0.0237837
C  0  1  81  1  1  2   0.0124998  0.0132042  0.0099364  0.0050324  0.0019820 -0.0018556 -0.0072837 -0.0079652 -0.0084875 -0.0062215 -0.0058341 -0.0032115  0.0004652  0.0034210  0.0049625  0.0109793
C  0  1  81  1  1  3   0.0079682  0.0078978  0.0023420  0.0044644  0.0021012  0.0012801 -0.0036383 -0.0015063  0.0011851  0.0003845 -0.0027136 -0.0004512  0.0037980  0.0025809  0.0024510  0.0068650
C  0  1  81  1  1  4   0.0014373  0.0026725  0.0000256  0.0004828  0.0035680  0.0019810  0.0005237  0.0010682  0.0045825  0.0034329  0.0001079 -0.0001152  0.0021423  0.0030158  0.0045492  0.0034554
C  0  1  81  1  1  5   0.0022626  0.0013653  0.0001742  0.0037616  0.0033064  0.0046178  0.0041203  0.0047045  0.0056286  0.0029125 -0.0008615 -0.0007509  0.0026429  0.0029418  0.0017385 -0.0003696
C  0  1  81  1  1  6   0.0011215  0.0011513  0.0010137  0.0033053  0.0043865  0.0045679  0.0054223  0.0053583  0.0041773  0.0008909 -0.0000921  0.0004004  0.0007736  0.0019045  0.0006539  0.0002990
C  0  1  81  1  1  7  -0.0008983  0.0016738  0.0010851  0.0042005  0.0043367  0.0034739  0.0051935  0.0036080  0.0034067  0.0004391  0.0000341 -0.0002019  0.0015057  0.0006863  0.0014250 -0.0018203
C  0  1  81  1  1  8  -0.0001947  0.0018748  0.0027139  0.0015027  0.0050283  0.0038778  0.0055584  0.0054326  0.0060482  0.0017339  0.0002400  0.0002662  0.0018609  0.0016962  0.0021685 -0.0010027
C  0  1  81  1  1  9   0.0010590  0.0029764  0.0015543  0.0024892  0.0031819  0.0024395  0.0043599  0.0040279  0.0020799 -0.0000130  0.0018422  0.0002597  0.0012568  0.0004027  0.0002711 -0.0015874
C  0  1  81  1  1 10   0.0000005  0.0027058  0.0021624  0.0021331  0.0031710  0.0024467  0.0031077  0.0027249  0.0039584  0.0000912  0.0005040 -0.0000811 -0.0007878  0.0013487  0.0022190 -0.0007222
C  0  1  81  1  1 11  -0.0000774  0.0018259  0.0011237  0.0023194  0.0031904  0.0011156  0.0017540  0.0028783  0.0029092  0.0017631 -0.0012317 -0.0000914 -0.0000862  0.0003330  0.0004388 -0.0010007
C  0  1  81  1  1 12  -0.0001963  0.0018467  0.0024889  0.0040740  0.0026859  0.0014155  0.0011219  0.0026118  0.0049010  0.0021763  0.0022550  0.0011024  0.0007585  0.0000822  0.0017587 -0.0006958
C  0  1  81  1  1 13  -0.0003950  0.0018263  0.0032559  0.0019815  0.0033173  0.0035403  0.0047395  0.0068595  0.0042677  0.0017481  0.0002422 -0.0000372 -0.0002023 -0.0019559  0.0005883 -0.0009860
C  0  1  81  1  1 14  -0.0014477  0.0004612  0.0024186  0.0025336  0.0035863  0.0014502  0.0035781  0.0059945  0.0048680  0.0018916  0.0011818 -0.0006856 -0.0016880 -0.0020970 -0.0015447 -0.0025379
C  0  1  81  1  1 15  -0.0018673  0.0008532  0.0018869  0.0039769  0.0028725 -0.0008380  0.0028484  0.0045863  0.0066733  0.0030123  0.0010092 -0.0004027 -0.0022575 -0.0056072 -0.0051281 -0.0045549
C  0  1  81  1  1 16  -0.0012654  0.0014674  0.0037508  0.0049600  0.0047602  0.0018171  0.0036933  0.0027513  0.0045371  0.0068860  0.0031716  0.0026375 -0.0011539 -0.0005933 -0.0047959 -0.0053422
C  0  1  81  1  1 17  -0.0027074  0.0019379  0.0025716  0.0066139  0.0026903 -0.0014885  0.0015330  0.0043961  0.0033441  0.0054192  0.0045205  0.0013371 -0.0005397 -0.0041892 -0.0044349 -0.0049278
C  0  1  81  1  1 18   0.0005817  0.0067156  0.0049015  0.0061781  0.0038621 -0.0001070 -0.0005587 -0.0002392  0.0034420  0.0041528  0.0022977  0.0010424 -0.0016039 -0.0024661 -0.0042233 -0.0036675
C  0  1  81  1  1 19   0.0020543  0.0083363  0.0118535  0.0098906  0.0072651  0.0014772 -0.0016282 -0.0006821  0.0026771  0.0055242  0.0026062 -0.0002813 -0.0034470 -0.0047340 -0.0067507 -0.0024067
C  0  1  81  1  1 20   0.0021752  0.0145279  0.0172153  0.0136674  0.0074477  0.0037070 -0.0022085 -0.0000908  0.0012602  0.0072184  0.0005974 -0.0010829 -0.0075579 -0.0076643 -0.0053770 -0.0040088
C  0  1  81  1  1 21   0.0092321  0.0223078  0.0292738  0.0217032  0.0157304  0.0165238  0.0107812  0.0111726  0.0132204  0.0143809 -0.0007273 -0.0048594 -0.0092340 -0.0168626 -0.0075826  0.0005055
