CPHI 16 
CETA 22 -2.40 -2.10 -1.85 -1.60 -1.40 -1.20 -1.00 -0.80 -0.60 -0.40 -0.20  0.00  0.20  0.40  0.60  0.80  1.00  1.20  1.40  1.60  1.85  2.10  2.40 
RMIN  6 
RTRK 12 
RETA 11  0.00  0.20  0.40  0.60  0.80  1.00  1.20  1.40  1.60  1.85  2.10  2.40 
T 0 1  82  0  0  0    0.0000000   0.0006102   0.0016528   0.0031466   0.0123370   0.0690744   0.2779101   0.6526623   1.0000000   1.0000000   1.0000000   1.0000000   1.0000000
T 0 1  82  0  0  1    0.0000000   0.0001696   0.0005781   0.0023589   0.0123682   0.0589050   0.2264292   0.5891802   1.0000000   1.0000000   1.0000000   1.0000000   1.0000000
T 0 1  82  0  0  2    0.0000000   0.0001290   0.0005689   0.0017852   0.0109257   0.0554834   0.2102850   0.5738617   1.0000000   1.0000000   1.0000000   1.0000000   1.0000000
T 0 1  82  0  0  3    0.0000000   0.0002067   0.0006300   0.0017719   0.0115875   0.0626217   0.2256416   0.5863435   1.0000000   1.0000000   1.0000000   1.0000000   1.0000000
T 0 1  82  0  0  4    0.0000000   0.0003960   0.0026401   0.0144100   0.0627964   0.2043195   0.4892791   0.8228167   1.0000000   1.0000000   1.0000000   1.0000000   1.0000000
T 0 1  82  0  0  5    0.0000000   0.0009804   0.0075411   0.0513076   0.2046568   0.5322095   0.8753597   0.9993922   1.0000000   1.0000000   1.0000000   1.0000000   1.0000000
T 0 1  82  0  0  6    0.0000000   0.0002539   0.0011517   0.0101887   0.0673858   0.2775123   0.6638394   0.9314210   0.9982465   1.0000000   1.0000000   1.0000000   1.0000000
T 0 1  82  0  0  7    0.0000000   0.0000578   0.0004115   0.0009363   0.0049205   0.0306416   0.1186305   0.2978125   0.5823305   0.8697711   0.9843722   0.9998576   1.0000000
T 0 1  82  0  0  8    0.0000000   0.0000030   0.0000338   0.0001154   0.0003885   0.0009995   0.0041584   0.0252510   0.1191588   0.3929798   0.7893922   0.9689668   1.0000000
T 0 1  82  0  0  9    0.0000000   0.0000052   0.0000107   0.0000384   0.0005640   0.0035379   0.0179697   0.0855389   0.3020091   0.6585370   0.9388995   0.9999306   1.0000000
T 0 1  82  0  0 10    0.0000000   0.0067082   0.0290555   0.0463787   0.0796335   0.1690660   0.3380115   0.6908340   0.9104553   0.9703131   0.9998001   1.0000000   1.0000000
T 0 1  82  1  0  0    0.0000000   0.0005148   0.0016399   0.0047460   0.0213440   0.1017716   0.3374237   0.6994022   1.0000000   1.0000000   1.0000000   1.0000000   1.0000000
T 0 1  82  1  0  1    0.0000000   0.0002633   0.0010891   0.0042307   0.0181163   0.0752157   0.2537985   0.6193956   1.0000000   1.0000000   1.0000000   1.0000000   1.0000000
T 0 1  82  1  0  2    0.0000000   0.0002194   0.0008486   0.0027728   0.0124455   0.0616642   0.2339277   0.6064318   1.0000000   1.0000000   1.0000000   1.0000000   1.0000000
T 0 1  82  1  0  3    0.0000000   0.0002283   0.0008669   0.0027852   0.0140251   0.0700545   0.2491207   0.6198491   1.0000000   1.0000000   1.0000000   1.0000000   1.0000000
T 0 1  82  1  0  4    0.0000000   0.0004356   0.0027620   0.0153929   0.0663357   0.2155446   0.5058694   0.8320271   1.0000000   1.0000000   1.0000000   1.0000000   1.0000000
T 0 1  82  1  0  5    0.0000000   0.0011873   0.0094478   0.0577925   0.2246261   0.5586818   0.8900123   0.9996500   1.0000000   1.0000000   1.0000000   1.0000000   1.0000000
T 0 1  82  1  0  6    0.0000000   0.0004626   0.0026649   0.0180020   0.0942133   0.3329130   0.7236541   0.9536823   0.9988141   0.9999984   1.0000000   1.0000000   1.0000000
T 0 1  82  1  0  7    0.0000000   0.0002246   0.0006446   0.0024765   0.0123245   0.0526267   0.1570011   0.3413836   0.6074237   0.8728054   0.9849908   0.9998878   1.0000000
T 0 1  82  1  0  8    0.0000000   0.0009562   0.0014955   0.0017998   0.0022382   0.0036136   0.0107994   0.0452511   0.1686405   0.4573475   0.8251665   0.9710661   1.0000000
T 0 1  82  1  0  9    0.0000000   0.0021003   0.0074838   0.0131257   0.0159362   0.0198461   0.0401951   0.1288935   0.3661962   0.7154288   0.9583841   0.9999941   1.0000000
T 0 1  82  1  0 10    0.0000000   0.0032254   0.0170235   0.0428863   0.0843736   0.1746921   0.3942474   0.7474223   0.9511020   0.9856143   0.9999985   1.0000000   1.0000000
R 0 1  82  0  0  0    0.0252119   0.0252119   0.0103572   0.0106517   0.0103087   0.0101687   0.0099837   0.0098412   0.0098412   0.0098412   0.0098412   0.0098412
R 0 1  82  0  0  1    0.0121813   0.0121813   0.0121813   0.0121813   0.0109206   0.0109512   0.0109750   0.0108867   0.0108867   0.0108867   0.0108867   0.0108867
R 0 1  82  0  0  2    0.0122841   0.0122841   0.0122841   0.0122841   0.0121017   0.0119039   0.0118488   0.0116779   0.0116779   0.0116779   0.0116779   0.0116779
R 0 1  82  0  0  3    0.0134790   0.0134790   0.0134790   0.0134790   0.0127776   0.0125955   0.0123912   0.0122534   0.0122534   0.0122534   0.0122534   0.0122534
R 0 1  82  0  0  4    0.0186644   0.0186644   0.0186644   0.0174587   0.0169020   0.0158731   0.0144811   0.0131324   0.0131324   0.0131324   0.0131324   0.0131324
R 0 1  82  0  0  5    0.0204196   0.0204196   0.0194291   0.0192043   0.0188216   0.0180373   0.0168932   0.0168932   0.0168932   0.0168932   0.0168932   0.0168932
R 0 1  82  0  0  6    0.0196979   0.0196979   0.0196979   0.0204329   0.0207812   0.0207114   0.0207801   0.0205760   0.0205760   0.0205760   0.0205760   0.0205760
R 0 1  82  0  0  7    0.0208837   0.0208837   0.0208837   0.0208837   0.0207490   0.0212520   0.0210975   0.0210040   0.0206138   0.0195928   0.0195928   0.0195928
R 0 1  82  0  0  8    0.0212667   0.0212667   0.0212667   0.0212667   0.0212667   0.0212667   0.0212667   0.0209667   0.0210754   0.0210048   0.0201558   0.0186448
R 0 1  82  0  0  9    0.0303803   0.0303803   0.0303803   0.0303803   0.0303803   0.0303803   0.0300246   0.0289217   0.0274699   0.0264856   0.0246622   0.0246622
R 0 1  82  0  0 10    0.0799726   0.0711895   0.0604621   0.0533156   0.0470480   0.0441775   0.0408210   0.0356145   0.0337650   0.0305242   0.0305242   0.0305242
R 0 1  82  0  1  0    0.0000000   0.0000000   0.0000000   0.0000781   0.0000803   0.0000788   0.0000724   0.0000659   0.0000659   0.0000659   0.0000659   0.0000659
R 0 1  82  0  1  1    0.0000946   0.0000946   0.0000946   0.0000946   0.0000610   0.0000697   0.0000645   0.0000593   0.0000593   0.0000593   0.0000593   0.0000593
R 0 1  82  0  1  2    0.0000215   0.0000215   0.0000215   0.0000215   0.0000628   0.0000602   0.0000607   0.0000539   0.0000539   0.0000539   0.0000539   0.0000539
R 0 1  82  0  1  3    0.0000523   0.0000523   0.0000523   0.0000523   0.0000631   0.0000572   0.0000550   0.0000508   0.0000508   0.0000508   0.0000508   0.0000508
R 0 1  82  0  1  4    0.0001331   0.0001331   0.0001331   0.0001003   0.0000891   0.0000721   0.0000512   0.0000446   0.0000446   0.0000446   0.0000446   0.0000446
R 0 1  82  0  1  5    0.0001903   0.0001903   0.0000858   0.0000757   0.0000704   0.0000618   0.0000452   0.0000452   0.0000452   0.0000452   0.0000452   0.0000452
R 0 1  82  0  1  6    0.0000196   0.0000196   0.0000196   0.0000541   0.0000603   0.0000571   0.0000456   0.0000250   0.0000250   0.0000250   0.0000250   0.0000250
R 0 1  82  0  1  7    0.0000268   0.0000268   0.0000268   0.0000268   0.0000881   0.0000727   0.0000699   0.0000762   0.0000717   0.0000706   0.0000706   0.0000706
R 0 1  82  0  1  8    0.0001081   0.0001081   0.0001081   0.0001081   0.0001081   0.0001081   0.0001081   0.0001045   0.0001066   0.0001015   0.0000827   0.0000547
R 0 1  82  0  1  9    0.0002515   0.0002515   0.0002515   0.0002515   0.0002515   0.0002515   0.0002367   0.0001912   0.0001785   0.0001530   0.0001249   0.0001249
R 0 1  82  0  1 10    0.0014998   0.0011391   0.0009191   0.0007455   0.0005487   0.0004729   0.0003899   0.0002602   0.0001939   0.0001608   0.0001608   0.0001608
R 0 1  82  0  2  0    0.0000000   0.0000000   0.0000000   0.0000000   0.0000000   0.0000073   0.0000206   0.0000047   0.0000047   0.0000047   0.0000047   0.0000047
R 0 1  82  0  2  1    0.0000000   0.0000000   0.0000000   0.0000000   0.0000000   0.0000000   0.0000000   0.0000167   0.0000167   0.0000167   0.0000167   0.0000167
R 0 1  82  0  2  2    0.0000000   0.0000000   0.0000000   0.0000000   0.0000331   0.0000154   0.0000059   0.0000139   0.0000139   0.0000139   0.0000139   0.0000139
R 0 1  82  0  2  3    0.0000000   0.0000000   0.0000000   0.0000000   0.0000000   0.0000000   0.0000094   0.0000078   0.0000078   0.0000078   0.0000078   0.0000078
R 0 1  82  0  2  4    0.0000000   0.0000000   0.0000000   0.0000000   0.0000000   0.0000106   0.0000000   0.0000093   0.0000093   0.0000093   0.0000093   0.0000093
R 0 1  82  0  2  5    0.0000000   0.0000000   0.0000000   0.0000000   0.0000143   0.0000175   0.0000000   0.0000000   0.0000000   0.0000000   0.0000000   0.0000000
R 0 1  82  0  2  6    0.0000000   0.0000000   0.0000000   0.0000000   0.0000000   0.0000000   0.0000000   0.0000000   0.0000000   0.0000000   0.0000000   0.0000000
R 0 1  82  0  2  7    0.0000000   0.0000000   0.0000000   0.0000000   0.0001105   0.0000000   0.0000000   0.0000000   0.0000000   0.0000000   0.0000000   0.0000000
R 0 1  82  0  2  8    0.0000000   0.0000000   0.0000000   0.0000000   0.0000000   0.0000000   0.0000000   0.0000000   0.0000000   0.0000119   0.0000000   0.0000000
R 0 1  82  0  2  9    0.0000000   0.0000000   0.0000000   0.0000000   0.0000000   0.0000000   0.0000000   0.0000000   0.0000000   0.0000000   0.0000000   0.0000000
R 0 1  82  0  2 10    0.0000000   0.0000000   0.0000000   0.0000000   0.0000000   0.0000000   0.0000921   0.0000000   0.0000000   0.0000000   0.0000000   0.0000000
R 0 1  82  0  3  0    1.0421384   1.0421384   1.1417979   1.0230505   0.9816591   0.9870030   0.9801810   0.9826562   0.9826562   0.9826562   0.9826562   0.9826562
R 0 1  82  0  3  1    1.0122612   1.0122612   1.0122612   1.0122612   0.9931858   0.9834214   0.9778817   0.9798170   0.9798170   0.9798170   0.9798170   0.9798170
R 0 1  82  0  3  2    1.0296382   1.0296382   1.0296382   1.0296382   0.9962222   0.9854366   0.9815688   0.9801210   0.9801210   0.9801210   0.9801210   0.9801210
R 0 1  82  0  3  3    1.0091410   1.0091410   1.0091410   1.0091410   1.0026244   0.9892684   0.9802542   0.9789470   0.9789470   0.9789470   0.9789470   0.9789470
R 0 1  82  0  3  4    1.0344250   1.0344250   1.0344250   0.9923927   0.9772013   0.9729711   0.9791346   0.9874824   0.9874824   0.9874824   0.9874824   0.9874824
R 0 1  82  0  3  5    1.0099961   1.0099961   0.9942720   0.9838198   0.9751798   0.9719011   0.9700598   0.9700598   0.9700598   0.9700598   0.9700598   0.9700598
R 0 1  82  0  3  6    1.0425535   1.0425535   1.0425535   1.0050526   0.9875834   0.9834088   0.9864672   0.9889629   0.9889629   0.9889629   0.9889629   0.9889629
R 0 1  82  0  3  7    1.0724627   1.0724627   1.0724627   1.0724627   1.0300033   1.0004471   0.9871701   0.9852304   0.9881198   0.9884376   0.9884376   0.9884376
R 0 1  82  0  3  8    1.0307253   1.0307253   1.0307253   1.0307253   1.0307253   1.0307253   1.0307253   0.9915320   0.9829266   0.9842333   0.9927219   1.0180364
R 0 1  82  0  3  9    1.0257862   1.0257862   1.0257862   1.0257862   1.0257862   1.0257862   0.9926455   0.9724415   0.9763151   0.9855052   1.0012426   1.0012426
R 0 1  82  0  3 10    1.0535732   1.0297075   1.0382715   0.9845693   0.9775791   0.9692794   0.9662553   0.9691815   1.0012986   1.0256452   1.0256452   1.0256452
R 0 1  82  0  4  0    1.2766913   1.2766913   1.2264451   2.0559946   2.1303949   2.2972322   2.2196693   2.2632326   2.2632326   2.2632326   2.2632326   2.2632326
R 0 1  82  0  4  1    2.0510326   2.0510326   2.0510326   2.0510326   2.0984795   2.1989539   2.1626750   2.2231182   2.2231182   2.2231182   2.2231182   2.2231182
R 0 1  82  0  4  2    1.8543132   1.8543132   1.8543132   1.8543132   2.2197502   2.2131226   2.2325048   2.2247595   2.2247595   2.2247595   2.2247595   2.2247595
R 0 1  82  0  4  3    1.7960976   1.7960976   1.7960976   1.7960976   2.1089228   2.3025700   2.1956696   2.1947758   2.1947758   2.1947758   2.1947758   2.1947758
R 0 1  82  0  4  4    1.8697155   1.8697155   1.8697155   2.0333754   2.0796411   2.0792739   2.1908740   2.3464694   2.3464694   2.3464694   2.3464694   2.3464694
R 0 1  82  0  4  5    1.6140857   1.6140857   2.0512989   2.1757389   2.1168379   2.0835576   1.9993056   1.9993056   1.9993056   1.9993056   1.9993056   1.9993056
R 0 1  82  0  4  6    2.0153491   2.0153491   2.0153491   2.2802396   2.3118572   2.3376541   2.3760936   2.2819474   2.2819474   2.2819474   2.2819474   2.2819474
R 0 1  82  0  4  7    1.8720800   1.8720800   1.8720800   1.8720800   2.2598144   2.4049325   2.3104401   2.3313406   2.4175376   2.3458114   2.3458114   2.3458114
R 0 1  82  0  4  8    2.3029771   2.3029771   2.3029771   2.3029771   2.3029771   2.3029771   2.3029771   2.2101481   2.2233931   2.2875256   2.3303717   2.2424045
R 0 1  82  0  4  9    2.0291114   2.0291114   2.0291114   2.0291114   2.0291114   2.0291114   2.0593541   2.0017547   2.0803840   2.2092772   2.0649604   2.0649604
R 0 1  82  0  4 10    2.1161866   2.1378724   1.8899664   1.7965285   1.9497415   1.9455630   1.9357331   1.9355675   2.1299151   2.2314565   2.2314565   2.2314565
R 0 1  82  0  5  0   17.5986155  17.5986155  12.9402882   4.0582554   4.8080466   3.7307359   4.2241259   3.9992333   3.9992333   3.9992333   3.9992333   3.9992333
R 0 1  82  0  5  1    3.4416315   3.4416315   3.4416315   3.4416315   4.3788304   4.0727868   4.6349305   4.2493244   4.2493244   4.2493244   4.2493244   4.2493244
R 0 1  82  0  5  2    4.3001762   4.3001762   4.3001762   4.3001762   3.9638660   4.2375316   4.1458603   4.2667470   4.2667470   4.2667470   4.2667470   4.2667470
R 0 1  82  0  5  3    4.7672130   4.7672130   4.7672130   4.7672130   5.3249568   3.8086747   4.5606074   4.5652273   4.5652273   4.5652273   4.5652273   4.5652273
R 0 1  82  0  5  4    4.8915585   4.8915585   4.8915585   5.2574802   5.2915294   5.0636330   3.9782528   3.2061868   3.2061868   3.2061868   3.2061868   3.2061868
R 0 1  82  0  5  5    5.8703036   5.8703036   5.1214901   4.5660996   5.1347449   4.7200820   4.1100673   4.1100673   4.1100673   4.1100673   4.1100673   4.1100673
R 0 1  82  0  5  6    3.0003465   3.0003465   3.0003465   3.5012232   3.4735371   2.9997477   2.3173923   1.9785338   1.9785338   1.9785338   1.9785338   1.9785338
R 0 1  82  0  5  7    3.9898417   3.9898417   3.9898417   3.9898417   3.7435256   3.0044980   2.9744665   2.9548322   2.4752455   2.0661175   2.0661175   2.0661175
R 0 1  82  0  5  8    3.4143723   3.4143723   3.4143723   3.4143723   3.4143723   3.4143723   3.4143723   4.4856951   4.6504982   4.1866097   3.4960601   3.9195467
R 0 1  82  0  5  9    5.1178700   5.1178700   5.1178700   5.1178700   5.1178700   5.1178700   6.7452064   6.5750302   6.3448391   5.4830394   7.3026743   7.3026743
R 0 1  82  0  5 10    4.9844971   4.9353655   4.6962064   6.4915342   5.9203565   6.7245892   8.2860326   8.9012494   5.9449455   5.0080738   5.0080738   5.0080738
F  0  1  82  0  0  0    1.0004546   1.0329328   0.9867541   1.0086626   0.9722880   0.9870208   0.9890945   0.9827536   1.0026159   0.9867174   0.9840162
F  0  1  82  1  0  0    1.0672518   1.0935735   1.0575393   1.0617818   1.0656854   1.0805392   1.0710308   1.0524647   1.0470932   1.0617536   1.0921434
C  0  1  82  0  0  0  -0.1289325 -0.0459987 -0.3011618 -0.3216923 -0.3499222 -0.1172094 -0.2145390 -0.0813259 -0.2341244 -0.1905269 -0.2028557 -0.3022165 -0.3477953 -0.3802189 -0.3361521 -0.0740759
C  0  1  82  0  0  1  -0.1333108 -0.2071403 -0.1768841 -0.0978251 -0.0626781 -0.1627907 -0.1374732 -0.0990574 -0.0436255 -0.1310432 -0.0255403 -0.0311790 -0.2651904 -0.1125193 -0.1685562 -0.0097688
C  0  1  82  0  0  2  -0.0963678 -0.0835955 -0.0913687 -0.0642373 -0.0039474 -0.0658923 -0.1831821 -0.0750001  0.0139118 -0.0023710 -0.0889363 -0.0671339 -0.1603977 -0.0418122 -0.0494095 -0.0971435
C  0  1  82  0  0  3  -0.1279765 -0.1416877 -0.0985359 -0.1072759  0.0247675 -0.1059014 -0.0699945 -0.0248249 -0.0435910  0.0292651 -0.1121560  0.0296369 -0.1481559 -0.1016731 -0.0854005 -0.0011725
C  0  1  82  0  0  4  -0.1528102 -0.1398714 -0.1373734 -0.0812824 -0.0077444 -0.0496022 -0.0657338  0.0045080  0.0351486  0.0545272  0.0261607 -0.0267195 -0.1823569 -0.0678733  0.0234855 -0.0308333
C  0  1  82  0  0  5  -0.0026763  0.0144265 -0.0291275  0.0420329 -0.0328343 -0.0922389 -0.0307444 -0.0246639  0.0544349 -0.0001684  0.0468609  0.0252593 -0.0459029  0.0062207  0.1182930 -0.0457848
C  0  1  82  0  0  6  -0.0014528  0.0452387  0.0474719 -0.0246412 -0.0098901  0.0387279 -0.0809861 -0.0394031 -0.0939157 -0.0065013 -0.0295852 -0.0143313 -0.1117858  0.0036468 -0.0804330  0.0490054
C  0  1  82  0  0  7  -0.0513149  0.0353682  0.0325137 -0.0055465  0.0357115  0.0179965  0.0481715  0.0070178 -0.0469539  0.0377794  0.0823526 -0.1503951 -0.0108153 -0.0471449 -0.0048379  0.0062510
C  0  1  82  0  0  8  -0.0553970 -0.0541854  0.0309976 -0.0067006 -0.0374214  0.1000277 -0.0088766 -0.0499335  0.0157874  0.0545727 -0.0324514 -0.0248472 -0.0469678  0.0558256 -0.0504619 -0.0325857
C  0  1  82  0  0  9  -0.0812523  0.0365389 -0.0807647  0.0250692  0.0582124  0.0369231 -0.0054338  0.0386672  0.0307866  0.0454361  0.0619511  0.0341487 -0.0306215  0.0254135 -0.0197515  0.0920625
C  0  1  82  0  0 10   0.0207102 -0.0014521  0.0725516  0.0399899 -0.0061551 -0.0280087 -0.0884400 -0.0231376  0.0321643 -0.0239357  0.0705629 -0.0343387 -0.0502475  0.0949248 -0.0160205  0.0352586
C  0  1  82  0  0 11  -0.0893055  0.0042162 -0.0138709  0.0500425 -0.0067124  0.0519909  0.0772480  0.0536854  0.0941113  0.0715562  0.1266193 -0.0605460  0.0078388  0.0261679  0.0261022  0.0049877
C  0  1  82  0  0 12   0.0757744 -0.0373305 -0.0074939  0.0074621 -0.0421246 -0.0041888 -0.0235257 -0.0374949  0.0373078  0.0945434 -0.0210893  0.0341319 -0.0249790  0.0682248  0.0340388  0.0386610
C  0  1  82  0  0 13   0.0095589  0.0556881  0.0364856  0.0206444 -0.0339162  0.0286016  0.0158841 -0.0500537  0.0326270  0.0281011 -0.0333291 -0.0492764  0.0085316 -0.0257964 -0.0370481 -0.0269326
C  0  1  82  0  0 14  -0.0789266  0.0001688 -0.0136889 -0.0165679  0.0392079  0.0306131  0.0267546  0.0209262 -0.0029855 -0.0314714  0.1518990  0.0459473 -0.0205777  0.0242702 -0.0137686 -0.0780818
C  0  1  82  0  0 15  -0.0319068 -0.1125156 -0.0300990  0.0090892  0.0481896 -0.0100105 -0.0015435  0.0133438  0.0520451 -0.0571773  0.0127848 -0.0602079 -0.0522717  0.0132400 -0.0755317 -0.0362443
C  0  1  82  0  0 16   0.1300079  0.0255765 -0.0616119 -0.0614328 -0.0840984 -0.0746570 -0.0868535  0.0411849  0.0022272  0.1341566 -0.0161637 -0.0879383 -0.0743856  0.0385204 -0.0742293  0.0223313
C  0  1  82  0  0 17  -0.0412880 -0.1139320 -0.1264329 -0.0959471 -0.0700148  0.0693593 -0.0748518  0.0960318 -0.0120236 -0.0586346  0.0832080  0.0586324 -0.1071236 -0.1482024 -0.0278820 -0.0166891
C  0  1  82  0  0 18  -0.2217081 -0.0435121 -0.0331871 -0.0709546 -0.0732889 -0.0801725  0.0020170 -0.0965766 -0.0405273  0.0010434  0.0112996 -0.0600084 -0.0374769 -0.0104044 -0.1283577 -0.0333319
C  0  1  82  0  0 19   0.0162489 -0.1400055 -0.2575850  0.0393868 -0.1455020 -0.0490382 -0.1312640 -0.0357468 -0.1833303 -0.0053908 -0.0222595 -0.0291623 -0.0339520 -0.1454117 -0.0064979 -0.1570974
C  0  1  82  0  0 20  -0.1857441 -0.0427424 -0.0652553 -0.1222952 -0.0667200 -0.2406602 -0.2184716 -0.0791968 -0.2339906 -0.1982781 -0.0908485 -0.0501922 -0.0670269 -0.1784989 -0.1133951 -0.1784357
C  0  1  82  0  0 21  -0.2562504 -0.2923317 -0.5226464 -0.2652307 -0.1108612 -0.2599276 -0.1265089 -0.1960433 -0.0863239 -0.1461806 -0.1110348 -0.1551207 -0.4648270 -0.3629578 -0.1420677 -0.1626342
C  0  1  82  0  1  0  -0.0006266  0.0017446 -0.0008803 -0.0052621 -0.0001264  0.0018193  0.0024236 -0.0004119  0.0050195  0.0007279 -0.0028889  0.0071434  0.0023527  0.0077873  0.0081372  0.0047893
C  0  1  82  0  1  1   0.0008794 -0.0008631 -0.0001310 -0.0018662  0.0020273 -0.0035036  0.0050243  0.0001367  0.0011598 -0.0024509  0.0008131 -0.0030460  0.0038863  0.0025453  0.0014162  0.0011371
C  0  1  82  0  1  2   0.0029739 -0.0018485 -0.0007457  0.0004939 -0.0015279  0.0022788 -0.0013603 -0.0008850 -0.0023256  0.0011128 -0.0054418 -0.0000997  0.0026126 -0.0001815 -0.0003204 -0.0015995
C  0  1  82  0  1  3   0.0041343 -0.0011242  0.0010188 -0.0010303 -0.0023749  0.0006654  0.0008544 -0.0022861 -0.0011044 -0.0026132 -0.0005712 -0.0003924  0.0016525  0.0005722 -0.0003234 -0.0001796
C  0  1  82  0  1  4   0.0028210  0.0009977 -0.0000446  0.0028401  0.0002197 -0.0020500  0.0022962 -0.0011751 -0.0003545 -0.0007335 -0.0031222 -0.0010559  0.0019547  0.0004476  0.0000572 -0.0029108
C  0  1  82  0  1  5  -0.0003480  0.0003084 -0.0035233  0.0014280  0.0002372 -0.0000605  0.0013625 -0.0000678  0.0009243  0.0014953  0.0012241 -0.0000586  0.0007190  0.0011215 -0.0006288  0.0000157
C  0  1  82  0  1  6   0.0040146 -0.0005392 -0.0004200  0.0008690 -0.0002638 -0.0003573 -0.0016858 -0.0000993  0.0009500 -0.0005961  0.0012791  0.0019742  0.0009710 -0.0030736  0.0030191 -0.0011122
C  0  1  82  0  1  7   0.0009787 -0.0000950  0.0013901  0.0005277  0.0023306  0.0018936 -0.0032629 -0.0001316  0.0011284 -0.0015771  0.0010292 -0.0019157 -0.0009146  0.0005489  0.0017414 -0.0000817
C  0  1  82  0  1  8   0.0014180  0.0008032  0.0002120  0.0003349  0.0014286  0.0002063  0.0014887  0.0017809  0.0000371  0.0003719  0.0013700 -0.0013640 -0.0001841  0.0003749  0.0002453 -0.0008229
C  0  1  82  0  1  9  -0.0014610 -0.0008466  0.0013942  0.0004819  0.0004353 -0.0007478  0.0012516 -0.0003835 -0.0019086 -0.0001854 -0.0030099 -0.0016333 -0.0017835 -0.0004815 -0.0021052  0.0002623
C  0  1  82  0  1 10   0.0021970 -0.0007530  0.0020413  0.0020719  0.0022061 -0.0000480  0.0013032  0.0001878 -0.0027716 -0.0025499 -0.0002216 -0.0015718 -0.0019272 -0.0012459  0.0007470  0.0005100
C  0  1  82  0  1 11   0.0009630 -0.0001199  0.0003045  0.0009554  0.0017893  0.0000633 -0.0027847 -0.0007813 -0.0022274  0.0003043 -0.0001845 -0.0012083  0.0007623 -0.0013605 -0.0003685  0.0002211
C  0  1  82  0  1 12  -0.0015209 -0.0002986  0.0019468  0.0000015  0.0006503 -0.0014452  0.0011426 -0.0008987  0.0010017 -0.0015706 -0.0002310  0.0014733  0.0005178  0.0001213 -0.0008865  0.0016643
C  0  1  82  0  1 13   0.0029082 -0.0000540  0.0018325  0.0011702  0.0015585  0.0024328  0.0000694  0.0017372 -0.0005362 -0.0007020  0.0001742 -0.0029848 -0.0015413  0.0021296 -0.0001506  0.0011191
C  0  1  82  0  1 14   0.0025518  0.0009165  0.0027811  0.0006706  0.0025793 -0.0003584 -0.0003760  0.0017199  0.0002824  0.0012669  0.0008698  0.0008626  0.0021554  0.0007135  0.0004336  0.0028405
C  0  1  82  0  1 15  -0.0009053  0.0000698 -0.0000406  0.0021235  0.0005439  0.0031289  0.0007400 -0.0008784  0.0024966 -0.0003241  0.0003698  0.0000760  0.0011758  0.0004102  0.0016337  0.0001905
C  0  1  82  0  1 16   0.0008311  0.0028024  0.0017837  0.0007298  0.0002720  0.0020718  0.0004043  0.0004249  0.0002601 -0.0001925 -0.0002468 -0.0008652 -0.0015055  0.0036728  0.0033757  0.0017322
C  0  1  82  0  1 17   0.0021156 -0.0015792  0.0002738  0.0022130  0.0039691  0.0017990  0.0027716  0.0020091  0.0006036  0.0024698  0.0019910 -0.0010127  0.0008215  0.0014177  0.0062419  0.0049301
C  0  1  82  0  1 18   0.0050615  0.0059264  0.0019659  0.0020190  0.0017139  0.0021659  0.0050943  0.0013701  0.0007036  0.0028538  0.0044182  0.0015158 -0.0010285  0.0002762  0.0062828  0.0035626
C  0  1  82  0  1 19   0.0012520  0.0028281  0.0022420  0.0003282  0.0002749  0.0020933  0.0061283  0.0020462  0.0027074  0.0030842  0.0004388 -0.0020785  0.0022138  0.0008944  0.0033881  0.0058643
C  0  1  82  0  1 20   0.0050844  0.0074095  0.0045451  0.0047450  0.0017947  0.0028303  0.0036741  0.0048625  0.0039667  0.0010887 -0.0033816 -0.0016357  0.0008532  0.0056902  0.0073391  0.0045431
C  0  1  82  0  1 21   0.0161415  0.0142447  0.0069044  0.0033763 -0.0065394 -0.0042686 -0.0036982  0.0001834 -0.0016163 -0.0035841  0.0010863  0.0087010  0.0051504  0.0060269  0.0093674  0.0019653
C  0  1  82  1  0  0  -0.4156164 -0.3702044 -0.3618225 -0.3770398 -0.2208690 -0.4374773 -0.3249027 -0.2692636 -0.3537767 -0.2863157 -0.3360695 -0.4761072 -0.4323125 -0.3047328 -0.4576251 -0.5127440
C  0  1  82  1  0  1  -0.3168022 -0.3344531 -0.3467149 -0.2727686 -0.2986852 -0.3263955 -0.3043193 -0.2683660 -0.3428886 -0.2064485 -0.2712666 -0.3160810 -0.3651911 -0.4426466 -0.3404524 -0.3702869
C  0  1  82  1  0  2  -0.3275986 -0.2957313 -0.2684821 -0.3128936 -0.3100519 -0.2734977 -0.1939841 -0.2376343 -0.2191550 -0.1986233 -0.2676772 -0.2821120 -0.3237523 -0.3195838 -0.2682933 -0.2946625
C  0  1  82  1  0  3  -0.2533744 -0.2832228 -0.2606752 -0.2269635 -0.2913393 -0.2309432 -0.1782604 -0.1575729 -0.1279710 -0.2278167 -0.1979266 -0.2535843 -0.2416331 -0.2614653 -0.3038592 -0.2485068
C  0  1  82  1  0  4  -0.3248213 -0.2229739 -0.2779148 -0.3020623 -0.2518574 -0.1830381 -0.2649441 -0.2428402 -0.2389898 -0.2377354 -0.1420496 -0.2328148 -0.3297980 -0.2475086 -0.3150799 -0.2341363
C  0  1  82  1  0  5  -0.1660080 -0.1856897 -0.1744818 -0.1130347 -0.1573603 -0.1357914 -0.1896495 -0.1493610 -0.1696204 -0.1371654 -0.2141622 -0.2174866 -0.2211705 -0.1211407 -0.1473581 -0.2174087
C  0  1  82  1  0  6  -0.1496020 -0.1588867 -0.2032665 -0.1915717 -0.1139250 -0.1527001 -0.1388367 -0.1255390 -0.1385023 -0.0847045 -0.0869361 -0.1379708 -0.1103469 -0.1387478 -0.1383636 -0.1898503
C  0  1  82  1  0  7  -0.1417059 -0.1481310 -0.1672921 -0.1321998 -0.1327984 -0.1651394 -0.1849927 -0.1336916 -0.1022410 -0.0975107 -0.0565057 -0.1389285 -0.1565359 -0.1440211 -0.1276722 -0.1113094
C  0  1  82  1  0  8  -0.1854512 -0.1156582 -0.1717644 -0.1635837 -0.1834084 -0.1872814 -0.1973405 -0.1953119 -0.1665082 -0.1365528 -0.1556015 -0.1545481 -0.1207311 -0.1973826 -0.1516882 -0.1755138
C  0  1  82  1  0  9  -0.1248048 -0.1331071 -0.1207673 -0.1363804 -0.0954560 -0.1424280 -0.0730872 -0.1734379 -0.1066154 -0.1105495 -0.0784655 -0.1168992 -0.1270490 -0.0703503 -0.1298087 -0.1513186
C  0  1  82  1  0 10  -0.1511158 -0.1139339 -0.1610039 -0.1554650 -0.1675478 -0.1308362 -0.1228599 -0.1462928 -0.0757170 -0.1431749 -0.1387432 -0.1354121 -0.1307660 -0.1500098 -0.1121698 -0.1374469
C  0  1  82  1  0 11  -0.1538637 -0.1074146 -0.2031922 -0.1179875 -0.1408518 -0.1163725 -0.1157035 -0.0862167 -0.1367744 -0.1025704 -0.1160089 -0.0985365 -0.0932622 -0.1085981 -0.0988113 -0.1282238
C  0  1  82  1  0 12  -0.1157980 -0.1376140 -0.1167373 -0.0880359 -0.1494539 -0.1214549 -0.1132383 -0.1724624 -0.1635588 -0.1427528 -0.1047175 -0.0795244 -0.1042013 -0.1371363 -0.1137695 -0.1173726
C  0  1  82  1  0 13  -0.1159748 -0.1631839 -0.1885665 -0.1714034 -0.1391817 -0.1703920 -0.1819856 -0.1562023 -0.1248561 -0.1156283 -0.1618713 -0.1001734 -0.1964098 -0.1304153 -0.1857930 -0.1589040
C  0  1  82  1  0 14  -0.1492171 -0.1855036 -0.1309351 -0.1314628 -0.1886048 -0.1522969 -0.1482117 -0.2469107 -0.1797888 -0.1481739 -0.1300958 -0.1141270 -0.1074824 -0.1047721 -0.1738482 -0.1594897
C  0  1  82  1  0 15  -0.1215739 -0.1827779 -0.1647708 -0.1015882 -0.2189893 -0.1345962 -0.2038110 -0.1687133 -0.1848087 -0.1278288 -0.1117163 -0.1616362 -0.0998675 -0.1064987 -0.1036052 -0.1565318
C  0  1  82  1  0 16  -0.1824163 -0.1694111 -0.1303497 -0.1275288 -0.1659332 -0.1659474 -0.1594212 -0.2242468 -0.1844608 -0.2207435 -0.1340761 -0.1541879 -0.1271028 -0.1708137 -0.1565327 -0.1205198
C  0  1  82  1  0 17  -0.2341005 -0.2082901 -0.2038237 -0.2216142 -0.2869574 -0.2951518 -0.2647756 -0.2054095 -0.1985995 -0.2369499 -0.2508784 -0.2058924 -0.1853307 -0.2652803 -0.2164363 -0.2592873
C  0  1  82  1  0 18  -0.2105163 -0.2511350 -0.2175826 -0.2390946 -0.2287817 -0.2509762 -0.2519010 -0.2375719 -0.2330995 -0.2442433 -0.2411247 -0.2629955 -0.2329374 -0.1790517 -0.1548131 -0.2099063
C  0  1  82  1  0 19  -0.2211016 -0.2801676 -0.2441964 -0.3308239 -0.2763591 -0.3202107 -0.2506452 -0.2273463 -0.2441445 -0.2186110 -0.1889340 -0.2452806 -0.2659067 -0.2186839 -0.2655614 -0.2455931
C  0  1  82  1  0 20  -0.3096935 -0.2870823 -0.3162128 -0.2985811 -0.3126763 -0.2586958 -0.2785501 -0.3267653 -0.3017009 -0.3242826 -0.3082321 -0.2952157 -0.3683458 -0.3459501 -0.2567675 -0.3163582
C  0  1  82  1  0 21  -0.4563493 -0.3243233 -0.3819281 -0.3188990 -0.2916003 -0.2683897 -0.4405254 -0.3164250 -0.3875971 -0.3396399 -0.3394064 -0.3311748 -0.3056924 -0.3632749 -0.3962502 -0.3200175
C  0  1  82  1  1  0   0.0474042  0.0505977  0.0431075  0.0277093  0.0021838 -0.0205357 -0.0325897 -0.0431837 -0.0464958 -0.0362192 -0.0320216 -0.0178368  0.0027216  0.0053398  0.0254660  0.0388017
C  0  1  82  1  1  1   0.0262679  0.0225376  0.0183806  0.0107535  0.0017857 -0.0073420 -0.0143766 -0.0190352 -0.0177895 -0.0142957 -0.0143302 -0.0079880  0.0022025  0.0091289  0.0127074  0.0239839
C  0  1  82  1  1  2   0.0120733  0.0133136  0.0096833  0.0042368  0.0019895 -0.0018266 -0.0076486 -0.0081672 -0.0084495 -0.0053321 -0.0046748 -0.0025396 -0.0004321  0.0032539  0.0056299  0.0115521
C  0  1  82  1  1  3   0.0077174  0.0081417  0.0023290  0.0033236  0.0016867  0.0007249 -0.0037828 -0.0004922  0.0011389 -0.0002174 -0.0012500 -0.0004053  0.0021982  0.0031207  0.0024437  0.0080860
C  0  1  82  1  1  4   0.0031855  0.0036428  0.0015177  0.0010831  0.0032777  0.0024838  0.0010917  0.0031332  0.0045039  0.0031221 -0.0004680  0.0000689  0.0026630  0.0021920  0.0043335  0.0032409
C  0  1  82  1  1  5   0.0018737  0.0011346 -0.0001974  0.0031701  0.0030877  0.0037155  0.0034572  0.0044273  0.0054134  0.0028306  0.0002437 -0.0003381  0.0033687  0.0028453  0.0021010  0.0000046
C  0  1  82  1  1  6   0.0019596  0.0023364  0.0020099  0.0046255  0.0052237  0.0048626  0.0050478  0.0053671  0.0044935  0.0023933  0.0014081  0.0011373  0.0015950  0.0018690  0.0011540  0.0000280
C  0  1  82  1  1  7  -0.0012268  0.0025876  0.0021622  0.0044995  0.0045816  0.0037968  0.0051221  0.0037048  0.0039585  0.0011453 -0.0003262 -0.0009446  0.0020375  0.0015682  0.0015913 -0.0012477
C  0  1  82  1  1  8  -0.0005878  0.0010038  0.0026061  0.0024742  0.0053541  0.0046228  0.0044778  0.0069910  0.0059763  0.0024462  0.0015486  0.0002206  0.0016353  0.0019109  0.0011648 -0.0003741
C  0  1  82  1  1  9   0.0011268  0.0030863  0.0019581  0.0039200  0.0022804  0.0032502  0.0041550  0.0047464  0.0036108 -0.0000325  0.0010031  0.0006739  0.0015982  0.0000194  0.0010655 -0.0016109
C  0  1  82  1  1 10  -0.0003643  0.0024405  0.0022925  0.0024910  0.0021801  0.0017522  0.0027849  0.0026512  0.0025199  0.0003904 -0.0015155  0.0003527 -0.0006349  0.0012183  0.0013971 -0.0011618
C  0  1  82  1  1 11   0.0000015  0.0019840  0.0003198  0.0019328  0.0029211  0.0001198  0.0012206  0.0013573  0.0021556  0.0006708 -0.0017303  0.0001647 -0.0003704 -0.0001311  0.0004978 -0.0012389
C  0  1  82  1  1 12  -0.0003027  0.0020220  0.0019002  0.0039165  0.0025153  0.0016766  0.0014545  0.0032640  0.0051086  0.0014634  0.0013815  0.0014358  0.0019105  0.0003356  0.0010568  0.0002519
C  0  1  82  1  1 13   0.0004707  0.0023422  0.0020452  0.0039954  0.0033966  0.0031243  0.0042301  0.0061390  0.0054012  0.0009888  0.0013007 -0.0000796 -0.0000974 -0.0008512  0.0005804 -0.0011133
C  0  1  82  1  1 14  -0.0011831  0.0002036  0.0026640  0.0040641  0.0038610  0.0016342  0.0033302  0.0059847  0.0056555  0.0018996  0.0019146 -0.0009085 -0.0026363 -0.0010892 -0.0017185 -0.0007552
C  0  1  82  1  1 15  -0.0010168 -0.0003765  0.0031490  0.0048367  0.0034566 -0.0010196  0.0038021  0.0039115  0.0069064  0.0044721  0.0021593  0.0007127 -0.0020543 -0.0051273 -0.0052579 -0.0043494
C  0  1  82  1  1 16  -0.0019870  0.0013547  0.0024028  0.0048169  0.0042227  0.0007245  0.0037618  0.0041853  0.0040855  0.0056654  0.0029034  0.0028572 -0.0011437 -0.0011257 -0.0048885 -0.0052385
C  0  1  82  1  1 17  -0.0028878  0.0011050  0.0009249  0.0057945  0.0025013 -0.0015788  0.0010414  0.0043146  0.0040177  0.0042807  0.0042648  0.0022293 -0.0016417 -0.0035970 -0.0051706 -0.0044353
C  0  1  82  1  1 18   0.0011272  0.0078039  0.0056090  0.0071950  0.0039037  0.0006482 -0.0019005 -0.0009236  0.0028422  0.0042832  0.0014317  0.0008152 -0.0004006 -0.0028532 -0.0054549 -0.0037630
C  0  1  82  1  1 19   0.0024924  0.0076464  0.0119673  0.0104510  0.0060624  0.0018598 -0.0024664 -0.0002820  0.0031161  0.0051906  0.0012318 -0.0013572 -0.0027026 -0.0047006 -0.0068474 -0.0018481
C  0  1  82  1  1 20   0.0011159  0.0138318  0.0161411  0.0133912  0.0058582  0.0031726 -0.0035463 -0.0011831  0.0027597  0.0057409  0.0015772 -0.0015488 -0.0074593 -0.0085414 -0.0068965 -0.0041868
C  0  1  82  1  1 21   0.0091259  0.0224590  0.0293313  0.0236557  0.0150013  0.0170048  0.0139989  0.0109725  0.0134811  0.0141725  0.0011964 -0.0031040 -0.0090033 -0.0177827 -0.0066573  0.0018717
