CPHI 16 
CETA 22 -2.40 -2.10 -1.85 -1.60 -1.40 -1.20 -1.00 -0.80 -0.60 -0.40 -0.20  0.00  0.20  0.40  0.60  0.80  1.00  1.20  1.40  1.60  1.85  2.10  2.40 
RMIN  6 
RTRK 12 
RETA 11  0.00  0.20  0.40  0.60  0.80  1.00  1.20  1.40  1.60  1.85  2.10  2.40 
T 0 1  83  0  0  0    0.0000000   0.0006526   0.0016652   0.0031815   0.0122840   0.0693083   0.2778511   0.6532670   1.0000000   1.0000000   1.0000000   1.0000000   1.0000000
T 0 1  83  0  0  1    0.0000000   0.0001226   0.0005683   0.0024315   0.0124827   0.0591027   0.2267852   0.5888999   1.0000000   1.0000000   1.0000000   1.0000000   1.0000000
T 0 1  83  0  0  2    0.0000000   0.0001316   0.0005579   0.0017661   0.0107687   0.0556922   0.2098836   0.5727946   1.0000000   1.0000000   1.0000000   1.0000000   1.0000000
T 0 1  83  0  0  3    0.0000000   0.0001795   0.0005597   0.0016754   0.0116762   0.0626192   0.2255774   0.5867788   1.0000000   1.0000000   1.0000000   1.0000000   1.0000000
T 0 1  83  0  0  4    0.0000000   0.0004107   0.0025616   0.0143543   0.0629764   0.2047647   0.4901642   0.8226116   1.0000000   1.0000000   1.0000000   1.0000000   1.0000000
T 0 1  83  0  0  5    0.0000000   0.0009491   0.0071830   0.0517095   0.2054527   0.5324669   0.8767264   0.9993970   1.0000000   1.0000000   1.0000000   1.0000000   1.0000000
T 0 1  83  0  0  6    0.0000000   0.0003185   0.0012650   0.0103698   0.0676339   0.2774078   0.6630522   0.9312155   0.9982062   0.9999994   1.0000000   1.0000000   1.0000000
T 0 1  83  0  0  7    0.0000000   0.0000528   0.0003930   0.0008984   0.0047437   0.0307043   0.1186539   0.2970567   0.5808349   0.8689225   0.9843772   0.9998826   1.0000000
T 0 1  83  0  0  8    0.0000000   0.0000012   0.0000462   0.0001367   0.0003910   0.0010013   0.0042716   0.0250942   0.1195249   0.3945036   0.7899487   0.9695066   1.0000000
T 0 1  83  0  0  9    0.0000000   0.0000060   0.0000073   0.0000305   0.0005168   0.0035886   0.0183077   0.0861009   0.3024150   0.6583659   0.9384625   0.9999335   1.0000000
T 0 1  83  0  0 10    0.0000000   0.0065478   0.0286908   0.0462246   0.0792518   0.1683761   0.3375607   0.6894166   0.9102713   0.9703236   0.9998319   1.0000000   1.0000000
T 0 1  83  1  0  0    0.0000000   0.0005148   0.0016399   0.0047460   0.0213440   0.1017716   0.3374237   0.6994022   1.0000000   1.0000000   1.0000000   1.0000000   1.0000000
T 0 1  83  1  0  1    0.0000000   0.0002633   0.0010891   0.0042307   0.0181163   0.0752157   0.2537985   0.6193956   1.0000000   1.0000000   1.0000000   1.0000000   1.0000000
T 0 1  83  1  0  2    0.0000000   0.0002194   0.0008486   0.0027728   0.0124455   0.0616642   0.2339277   0.6064318   1.0000000   1.0000000   1.0000000   1.0000000   1.0000000
T 0 1  83  1  0  3    0.0000000   0.0002283   0.0008669   0.0027852   0.0140251   0.0700545   0.2491207   0.6198491   1.0000000   1.0000000   1.0000000   1.0000000   1.0000000
T 0 1  83  1  0  4    0.0000000   0.0004356   0.0027620   0.0153929   0.0663357   0.2155446   0.5058694   0.8320271   1.0000000   1.0000000   1.0000000   1.0000000   1.0000000
T 0 1  83  1  0  5    0.0000000   0.0011873   0.0094478   0.0577925   0.2246261   0.5586818   0.8900123   0.9996500   1.0000000   1.0000000   1.0000000   1.0000000   1.0000000
T 0 1  83  1  0  6    0.0000000   0.0004626   0.0026649   0.0180020   0.0942133   0.3329130   0.7236541   0.9536823   0.9988141   0.9999984   1.0000000   1.0000000   1.0000000
T 0 1  83  1  0  7    0.0000000   0.0002246   0.0006446   0.0024765   0.0123245   0.0526267   0.1570011   0.3413836   0.6074237   0.8728054   0.9849908   0.9998878   1.0000000
T 0 1  83  1  0  8    0.0000000   0.0009562   0.0014955   0.0017998   0.0022382   0.0036136   0.0107994   0.0452511   0.1686405   0.4573475   0.8251665   0.9710661   1.0000000
T 0 1  83  1  0  9    0.0000000   0.0021003   0.0074838   0.0131257   0.0159362   0.0198461   0.0401951   0.1288935   0.3661962   0.7154288   0.9583841   0.9999941   1.0000000
T 0 1  83  1  0 10    0.0000000   0.0032254   0.0170235   0.0428863   0.0843736   0.1746921   0.3942474   0.7474223   0.9511020   0.9856143   0.9999985   1.0000000   1.0000000
R 0 1  83  0  0  0    0.0225591   0.0225591   0.0107930   0.0104795   0.0103608   0.0101571   0.0099895   0.0098326   0.0098326   0.0098326   0.0098326   0.0098326
R 0 1  83  0  0  1    0.0120208   0.0120208   0.0120208   0.0120208   0.0109897   0.0109338   0.0109721   0.0108598   0.0108598   0.0108598   0.0108598   0.0108598
R 0 1  83  0  0  2    0.0127548   0.0127548   0.0127548   0.0127548   0.0120655   0.0119939   0.0118344   0.0117165   0.0117165   0.0117165   0.0117165   0.0117165
R 0 1  83  0  0  3    0.0133939   0.0133939   0.0133939   0.0133939   0.0127445   0.0126276   0.0123687   0.0122350   0.0122350   0.0122350   0.0122350   0.0122350
R 0 1  83  0  0  4    0.0188467   0.0188467   0.0188467   0.0173434   0.0168965   0.0159165   0.0145068   0.0131359   0.0131359   0.0131359   0.0131359   0.0131359
R 0 1  83  0  0  5    0.0207689   0.0207689   0.0193944   0.0191837   0.0188148   0.0181084   0.0169922   0.0169922   0.0169922   0.0169922   0.0169922   0.0169922
R 0 1  83  0  0  6    0.0197564   0.0197564   0.0197564   0.0202769   0.0206906   0.0207504   0.0207680   0.0206663   0.0206663   0.0206663   0.0206663   0.0206663
R 0 1  83  0  0  7    0.0229433   0.0229433   0.0229433   0.0229433   0.0206474   0.0212514   0.0211345   0.0210243   0.0205478   0.0196456   0.0196456   0.0196456
R 0 1  83  0  0  8    0.0215516   0.0215516   0.0215516   0.0215516   0.0215516   0.0215516   0.0215516   0.0210637   0.0210209   0.0210061   0.0202502   0.0187421
R 0 1  83  0  0  9    0.0313057   0.0313057   0.0313057   0.0313057   0.0313057   0.0313057   0.0296332   0.0288462   0.0275226   0.0264027   0.0249712   0.0249712
R 0 1  83  0  0 10    0.0777348   0.0701156   0.0616378   0.0531794   0.0473099   0.0439026   0.0408172   0.0355517   0.0336329   0.0309994   0.0309994   0.0309994
R 0 1  83  0  1  0    0.0000000   0.0000000   0.0000000   0.0000837   0.0000786   0.0000797   0.0000724   0.0000632   0.0000632   0.0000632   0.0000632   0.0000632
R 0 1  83  0  1  1    0.0000790   0.0000790   0.0000790   0.0000790   0.0000631   0.0000704   0.0000639   0.0000554   0.0000554   0.0000554   0.0000554   0.0000554
R 0 1  83  0  1  2    0.0000680   0.0000680   0.0000680   0.0000680   0.0000635   0.0000664   0.0000592   0.0000528   0.0000528   0.0000528   0.0000528   0.0000528
R 0 1  83  0  1  3    0.0000560   0.0000560   0.0000560   0.0000560   0.0000648   0.0000601   0.0000543   0.0000516   0.0000516   0.0000516   0.0000516   0.0000516
R 0 1  83  0  1  4    0.0001047   0.0001047   0.0001047   0.0000705   0.0000869   0.0000758   0.0000557   0.0000492   0.0000492   0.0000492   0.0000492   0.0000492
R 0 1  83  0  1  5    0.0001775   0.0001775   0.0000694   0.0000710   0.0000698   0.0000578   0.0000530   0.0000530   0.0000530   0.0000530   0.0000530   0.0000530
R 0 1  83  0  1  6    0.0000719   0.0000719   0.0000719   0.0000416   0.0000589   0.0000598   0.0000527   0.0000280   0.0000280   0.0000280   0.0000280   0.0000280
R 0 1  83  0  1  7    0.0003037   0.0003037   0.0003037   0.0003037   0.0000742   0.0000643   0.0000739   0.0000727   0.0000707   0.0000505   0.0000505   0.0000505
R 0 1  83  0  1  8    0.0001215   0.0001215   0.0001215   0.0001215   0.0001215   0.0001215   0.0001215   0.0001135   0.0001033   0.0000970   0.0000898   0.0000569
R 0 1  83  0  1  9    0.0002356   0.0002356   0.0002356   0.0002356   0.0002356   0.0002356   0.0002213   0.0002031   0.0001829   0.0001541   0.0001233   0.0001233
R 0 1  83  0  1 10    0.0013626   0.0011693   0.0008057   0.0007453   0.0005980   0.0004736   0.0003942   0.0002560   0.0001992   0.0001968   0.0001968   0.0001968
R 0 1  83  0  2  0    0.0000000   0.0000000   0.0000000   0.0000000   0.0000000   0.0000172   0.0000225   0.0000084   0.0000084   0.0000084   0.0000084   0.0000084
R 0 1  83  0  2  1    0.0000000   0.0000000   0.0000000   0.0000000   0.0000000   0.0000087   0.0000118   0.0000106   0.0000106   0.0000106   0.0000106   0.0000106
R 0 1  83  0  2  2    0.0000000   0.0000000   0.0000000   0.0000000   0.0000569   0.0000077   0.0000119   0.0000071   0.0000071   0.0000071   0.0000071   0.0000071
R 0 1  83  0  2  3    0.0000000   0.0000000   0.0000000   0.0000000   0.0000000   0.0000000   0.0000140   0.0000000   0.0000000   0.0000000   0.0000000   0.0000000
R 0 1  83  0  2  4    0.0000000   0.0000000   0.0000000   0.0000000   0.0000000   0.0000000   0.0000000   0.0000128   0.0000128   0.0000128   0.0000128   0.0000128
R 0 1  83  0  2  5    0.0000000   0.0000000   0.0000000   0.0000000   0.0000138   0.0000121   0.0000000   0.0000000   0.0000000   0.0000000   0.0000000   0.0000000
R 0 1  83  0  2  6    0.0000000   0.0000000   0.0000000   0.0000000   0.0000000   0.0000000   0.0000000   0.0000000   0.0000000   0.0000000   0.0000000   0.0000000
R 0 1  83  0  2  7    0.0000000   0.0000000   0.0000000   0.0000000   0.0000000   0.0000000   0.0000000   0.0000000   0.0000126   0.0000217   0.0000217   0.0000217
R 0 1  83  0  2  8    0.0000000   0.0000000   0.0000000   0.0000000   0.0000000   0.0000000   0.0000000   0.0000000   0.0000000   0.0000000   0.0000000   0.0000465
R 0 1  83  0  2  9    0.0000000   0.0000000   0.0000000   0.0000000   0.0000000   0.0000000   0.0000932   0.0000000   0.0000000   0.0000171   0.0000000   0.0000000
R 0 1  83  0  2 10    0.0000000   0.0000000   0.0000000   0.0000000   0.0000000   0.0000000   0.0001046   0.0000353   0.0000000   0.0000000   0.0000000   0.0000000
R 0 1  83  0  3  0    1.1729902   1.1729902   1.0733871   1.0252067   1.0045265   0.9824792   0.9804698   0.9834081   0.9834081   0.9834081   0.9834081   0.9834081
R 0 1  83  0  3  1    1.0042806   1.0042806   1.0042806   1.0042806   0.9851046   0.9825225   0.9800732   0.9789971   0.9789971   0.9789971   0.9789971   0.9789971
R 0 1  83  0  3  2    1.0102332   1.0102332   1.0102332   1.0102332   0.9961190   0.9857203   0.9795410   0.9810579   0.9810579   0.9810579   0.9810579   0.9810579
R 0 1  83  0  3  3    0.9919540   0.9919540   0.9919540   0.9919540   1.0046377   0.9852702   0.9827750   0.9809692   0.9809692   0.9809692   0.9809692   0.9809692
R 0 1  83  0  3  4    1.0230481   1.0230481   1.0230481   0.9905425   0.9810751   0.9750667   0.9779082   0.9859876   0.9859876   0.9859876   0.9859876   0.9859876
R 0 1  83  0  3  5    1.0268988   1.0268988   0.9994320   0.9806579   0.9743160   0.9723877   0.9690171   0.9690171   0.9690171   0.9690171   0.9690171   0.9690171
R 0 1  83  0  3  6    1.0470029   1.0470029   1.0470029   0.9996444   0.9859135   0.9858699   0.9842016   0.9859886   0.9859886   0.9859886   0.9859886   0.9859886
R 0 1  83  0  3  7    1.0136946   1.0136946   1.0136946   1.0136946   1.0272256   0.9933109   0.9888339   0.9855060   0.9887586   0.9882489   0.9882489   0.9882489
R 0 1  83  0  3  8    1.0222907   1.0222907   1.0222907   1.0222907   1.0222907   1.0222907   1.0222907   0.9933942   0.9870155   0.9846824   0.9864268   1.0163508
R 0 1  83  0  3  9    1.0188971   1.0188971   1.0188971   1.0188971   1.0188971   1.0188971   0.9976781   0.9739591   0.9731122   0.9850803   1.0057450   1.0057450
R 0 1  83  0  3 10    1.0446294   1.0652589   1.0118606   0.9924477   0.9736049   0.9713362   0.9663662   0.9712896   1.0100408   1.0138507   1.0138507   1.0138507
R 0 1  83  0  4  0    1.3761980   1.3761980   1.1220706   2.2363026   2.3638962   2.2301686   2.2299229   2.2765399   2.2765399   2.2765399   2.2765399   2.2765399
R 0 1  83  0  4  1    1.9437622   1.9437622   1.9437622   1.9437622   2.0484955   2.2125545   2.2150013   2.1986971   2.1986971   2.1986971   2.1986971   2.1986971
R 0 1  83  0  4  2    1.9511771   1.9511771   1.9511771   1.9511771   2.1744045   2.2690983   2.2198479   2.2248335   2.2248335   2.2248335   2.2248335   2.2248335
R 0 1  83  0  4  3    1.7495362   1.7495362   1.7495362   1.7495362   2.3078993   2.2617722   2.2395464   2.2201277   2.2201277   2.2201277   2.2201277   2.2201277
R 0 1  83  0  4  4    1.9397903   1.9397903   1.9397903   2.0800758   2.1258384   2.1206675   2.1970229   2.3075855   2.3075855   2.3075855   2.3075855   2.3075855
R 0 1  83  0  4  5    1.8616363   1.8616363   2.1464823   2.1334981   2.0874494   2.0863549   1.9637165   1.9637165   1.9637165   1.9637165   1.9637165   1.9637165
R 0 1  83  0  4  6    1.9838782   1.9838782   1.9838782   2.1669622   2.2638922   2.3749388   2.3368730   2.2781901   2.2781901   2.2781901   2.2781901   2.2781901
R 0 1  83  0  4  7    1.7554880   1.7554880   1.7554880   1.7554880   2.3172691   2.3631792   2.3313381   2.3233085   2.4225160   2.3233303   2.3233303   2.3233303
R 0 1  83  0  4  8    2.3644117   2.3644117   2.3644117   2.3644117   2.3644117   2.3644117   2.3644117   2.2119424   2.2827582   2.2846374   2.2741844   2.3299749
R 0 1  83  0  4  9    2.0522778   2.0522778   2.0522778   2.0522778   2.0522778   2.0522778   2.0704265   2.0248746   2.0535344   2.1819461   2.3055136   2.3055136
R 0 1  83  0  4 10    1.9350860   2.2257965   1.9821780   1.9012555   1.9399790   1.9681847   1.9329890   1.9745689   2.1653605   2.1569300   2.1569300   2.1569300
R 0 1  83  0  5  0   15.6865626  15.6865626  12.6737244   2.9236241   3.1961762   4.1747809   4.2611074   3.9170086   3.9170086   3.9170086   3.9170086   3.9170086
R 0 1  83  0  5  1    3.8964159   3.8964159   3.8964159   3.8964159   4.6915015   4.1081090   4.2562089   4.3416261   4.3416261   4.3416261   4.3416261   4.3416261
R 0 1  83  0  5  2    3.5190346   3.5190346   3.5190346   3.5190346   4.3376904   3.8204190   4.1999124   4.4138831   4.4138831   4.4138831   4.4138831   4.4138831
R 0 1  83  0  5  3    5.1276449   5.1276449   5.1276449   5.1276449   3.5496386   4.0516388   4.2878995   4.4151654   4.4151654   4.4151654   4.4151654   4.4151654
R 0 1  83  0  5  4    5.0036893   5.0036893   5.0036893   4.5162547   4.7730072   4.6937640   3.8882815   3.4107512   3.4107512   3.4107512   3.4107512   3.4107512
R 0 1  83  0  5  5    3.8102159   3.8102159   4.3261367   4.6016186   5.3907871   4.6491086   4.4340123   4.4340123   4.4340123   4.4340123   4.4340123   4.4340123
R 0 1  83  0  5  6    3.1365566   3.1365566   3.1365566   4.4368862   3.6442949   2.9070251   2.3804321   2.0118035   2.0118035   2.0118035   2.0118035   2.0118035
R 0 1  83  0  5  7    3.9966990   3.9966990   3.9966990   3.9966990   3.7419094   2.9546361   2.9786009   3.0256321   2.4557169   2.1657443   2.1657443   2.1657443
R 0 1  83  0  5  8    3.2540020   3.2540020   3.2540020   3.2540020   3.2540020   3.2540020   3.2540020   4.6285078   4.3678951   4.1991287   3.5729671   3.7198360
R 0 1  83  0  5  9    4.8270099   4.8270099   4.8270099   4.8270099   4.8270099   4.8270099   7.2280022   6.3787220   6.4625931   5.7501908   4.7691828   4.7691828
R 0 1  83  0  5 10    6.0866440   4.0846239   4.3565452   5.6646795   5.5650790   6.4844571   8.4667804   8.4297181   5.5003300   5.3294436   5.3294436   5.3294436
F  0  1  83  0  0  0    0.9929692   1.0188723   0.9850500   0.9768950   0.9642281   1.0095707   0.9910747   1.0016916   0.9985074   0.9814615   0.9852562
F  0  1  83  1  0  0    1.0622959   1.0793097   1.0679925   1.0411870   1.0477607   1.0831105   1.0720653   1.0584524   1.0439264   1.0625974   1.0949874
C  0  1  83  0  0  0  -0.2149195 -0.0341882 -0.0902266 -0.4230151 -0.2833811 -0.0780637 -0.1556584 -0.0218027 -0.1634094 -0.1714648 -0.2252224  0.0146891 -0.1065780 -0.3220900 -0.3166218  0.0260675
C  0  1  83  0  0  1  -0.1083238 -0.0345298 -0.0959489 -0.1571527 -0.0979485 -0.1480401 -0.1185407 -0.1467327 -0.0460837 -0.1127689 -0.0611138 -0.1144872 -0.0556640 -0.1124386 -0.1826020  0.0168042
C  0  1  83  0  0  2  -0.1122286 -0.1468418 -0.0594697 -0.0074105 -0.0820074 -0.0045541 -0.0696042 -0.1590061  0.0146516 -0.0828160 -0.1164415 -0.1301900 -0.0856182 -0.0666099 -0.0082304 -0.0829011
C  0  1  83  0  0  3  -0.0871074 -0.0147871 -0.1540559 -0.0939280  0.0469956 -0.0870327 -0.1494087 -0.0338597 -0.0210744 -0.0959875 -0.1047897 -0.1800440 -0.2648198 -0.1525187 -0.0932824 -0.0288082
C  0  1  83  0  0  4  -0.1497391 -0.0170479 -0.0197007 -0.2305432 -0.0978832 -0.0710152  0.0143754 -0.1112540 -0.0915483  0.0475787 -0.0729832  0.0106536 -0.0563925 -0.1396220 -0.0825176 -0.1137360
C  0  1  83  0  0  5  -0.0307881 -0.0248488 -0.0691721  0.1516173 -0.0496336 -0.0035216  0.0101215  0.0104564  0.0182065 -0.0181903 -0.0108347 -0.0293045 -0.1000000  0.0545010  0.0328257 -0.0494854
C  0  1  83  0  0  6  -0.0176948  0.0940797  0.0544969  0.0753171 -0.0740143  0.0540984 -0.0857011 -0.0388768 -0.0444998 -0.1121987 -0.0452619  0.0625231 -0.0267628 -0.0385772 -0.0410145 -0.0155737
C  0  1  83  0  0  7  -0.0195377 -0.0189316  0.0296681 -0.0503438  0.0599980  0.0236651  0.0027895 -0.0121952  0.0183393  0.0066317  0.0893924 -0.0094077 -0.0079354 -0.0491986  0.0179126  0.0759978
C  0  1  83  0  0  8  -0.0375796  0.0536330  0.0896689  0.0633558 -0.0894250  0.0161821 -0.0433603 -0.0014615 -0.0176815 -0.0801286 -0.0026846  0.0028969  0.0183440  0.0442956 -0.0796650  0.0000085
C  0  1  83  0  0  9  -0.0706042  0.0318440  0.0507304  0.0156104 -0.0209615  0.0138716 -0.0143761  0.0060261 -0.1195858  0.0031551  0.0621099  0.0110858 -0.0442018  0.0880756  0.0183869  0.0248194
C  0  1  83  0  0 10  -0.0814031  0.1037228  0.0816510  0.0266427  0.0263767 -0.0271383  0.0075963  0.0134853 -0.0032897 -0.0271275  0.0393102  0.0550586 -0.0589290  0.0650827  0.0238911  0.0337148
C  0  1  83  0  0 11  -0.0425770  0.0348961 -0.0421247  0.0407480  0.0499279  0.0749715  0.0452898  0.0708476  0.0196104  0.0316103  0.0031117 -0.0268543  0.0137251  0.0449914  0.0086288 -0.0067682
C  0  1  83  0  0 12   0.1458321  0.0308738  0.0537010  0.0267278  0.0095074  0.0261096 -0.0218508  0.0338889 -0.0661010  0.0746114 -0.0161496 -0.0647272 -0.0750396 -0.0473885 -0.0013315 -0.0664016
C  0  1  83  0  0 13  -0.0210249  0.0344626  0.0497008 -0.0771473  0.0156728 -0.0476597  0.0019587  0.0483220  0.0762426  0.0339769 -0.0077784  0.0728922  0.0016279  0.0192234  0.0539924 -0.0044131
C  0  1  83  0  0 14   0.0144278 -0.0412731 -0.0105076 -0.0087122  0.0476378  0.0235885 -0.0016532  0.0341858 -0.0090925  0.0197999  0.0036257 -0.0524594  0.0216729 -0.0443394 -0.0085382 -0.0193808
C  0  1  83  0  0 15  -0.0382470 -0.0256792 -0.0061066  0.0641711  0.0110460 -0.0211064  0.0002014  0.0724054 -0.0605630  0.0675543 -0.0350374 -0.0565714 -0.0203806  0.0167765 -0.0645525  0.0290505
C  0  1  83  0  0 16   0.0563438  0.0582997 -0.0575298  0.0624754 -0.0091021 -0.1110582 -0.0724566 -0.0129072 -0.0431942  0.1207304  0.0576964 -0.1415701 -0.0924213 -0.0149274 -0.1433684  0.0000720
C  0  1  83  0  0 17  -0.0582104 -0.0820207 -0.0831472 -0.1556725 -0.2120923  0.0420491 -0.0688275 -0.0535756  0.0756117 -0.0029403  0.0188488 -0.0157625 -0.0331331 -0.1591761 -0.1070484 -0.0256937
C  0  1  83  0  0 18  -0.1760510 -0.0132013 -0.0468874 -0.0199635 -0.1816173 -0.0628705 -0.1098326 -0.0932832 -0.0337362 -0.0538851 -0.0856486 -0.0606691  0.0079605 -0.0577585 -0.1431194  0.0371193
C  0  1  83  0  0 19   0.0230188 -0.0216771 -0.1884338  0.0692863 -0.1693486 -0.0752301 -0.1356235 -0.0229603 -0.1845974 -0.0309473 -0.0785211 -0.1115793 -0.1152714 -0.0664641 -0.1187473 -0.0545843
C  0  1  83  0  0 20  -0.1890216 -0.1303679 -0.1141328 -0.0257887 -0.1008510 -0.1151538 -0.2283007 -0.1675926 -0.1152013 -0.2527089 -0.1711242 -0.0240787 -0.0488035 -0.1821823 -0.1256389 -0.1655941
C  0  1  83  0  0 21  -0.1343358 -0.2378479 -0.2917168 -0.2582808 -0.2359537 -0.1962779 -0.1362736 -0.1247256 -0.0379563 -0.1137075 -0.2050178 -0.1822166 -0.3014553 -0.1820487 -0.2313751 -0.1331954
C  0  1  83  0  1  0  -0.0037378 -0.0016783 -0.0028221 -0.0014950 -0.0046867  0.0056449 -0.0013663 -0.0018671  0.0009632 -0.0005781 -0.0005816  0.0036459  0.0060176  0.0054046  0.0078686  0.0093828
C  0  1  83  0  1  1  -0.0006034 -0.0014274 -0.0008039 -0.0026246 -0.0010938 -0.0032419  0.0043185 -0.0000893  0.0015382 -0.0005456  0.0026168 -0.0016237  0.0055144  0.0047201  0.0022931  0.0015399
C  0  1  83  0  1  2   0.0022156  0.0007348  0.0011845  0.0000637 -0.0018507  0.0009993 -0.0023627 -0.0001048 -0.0023172  0.0002939 -0.0024724 -0.0023469  0.0013221 -0.0002327 -0.0004548  0.0006304
C  0  1  83  0  1  3   0.0004033 -0.0003922  0.0019954 -0.0027936 -0.0013800  0.0023711  0.0039274 -0.0006864 -0.0033887 -0.0026329 -0.0014400 -0.0004449 -0.0006815  0.0017995  0.0006232  0.0020588
C  0  1  83  0  1  4   0.0029209 -0.0003498 -0.0009024  0.0029659  0.0007483 -0.0005441  0.0003851 -0.0004290  0.0019121  0.0008911 -0.0013184 -0.0002783  0.0042676  0.0012330  0.0007772 -0.0015950
C  0  1  83  0  1  5   0.0034330  0.0001369 -0.0014667  0.0038623 -0.0011139 -0.0005587  0.0004962  0.0008941 -0.0011727 -0.0008544  0.0023854  0.0001889 -0.0008345 -0.0010356  0.0015562 -0.0021069
C  0  1  83  0  1  6   0.0003894 -0.0002868 -0.0010069 -0.0000729  0.0018255 -0.0008997 -0.0000505 -0.0006219 -0.0008346 -0.0023164  0.0000073 -0.0005766 -0.0008260 -0.0017681 -0.0000919 -0.0005295
C  0  1  83  0  1  7   0.0016516 -0.0017141  0.0013719 -0.0004548  0.0020502  0.0004309 -0.0020226 -0.0022028 -0.0000032 -0.0028687  0.0009903 -0.0008460  0.0012464 -0.0002474  0.0006258 -0.0004457
C  0  1  83  0  1  8   0.0016333  0.0006553  0.0005414 -0.0011805  0.0008094  0.0009180  0.0004660  0.0022149  0.0014570  0.0011269 -0.0003537 -0.0029290 -0.0012123  0.0003602 -0.0004808  0.0000766
C  0  1  83  0  1  9  -0.0006134 -0.0009385  0.0025608 -0.0000484  0.0008055  0.0018525  0.0010524 -0.0005846 -0.0004460 -0.0016164 -0.0034623 -0.0017815 -0.0010490  0.0001199 -0.0023428  0.0004463
C  0  1  83  0  1 10  -0.0000769 -0.0009355  0.0016146  0.0016386  0.0018858  0.0002633  0.0002239 -0.0004193 -0.0031678 -0.0015300  0.0005096  0.0003874 -0.0013774 -0.0011274  0.0006657  0.0006943
C  0  1  83  0  1 11   0.0009205  0.0011490 -0.0000045  0.0018512  0.0000994  0.0010014 -0.0023965 -0.0017627 -0.0036063  0.0004366 -0.0012732 -0.0026906  0.0013627  0.0005694 -0.0006050 -0.0003474
C  0  1  83  0  1 12   0.0000340 -0.0011935 -0.0029678 -0.0011870  0.0002193  0.0001240  0.0002463  0.0001583  0.0006643  0.0011492 -0.0010659  0.0021671 -0.0000399  0.0000780 -0.0010947  0.0001988
C  0  1  83  0  1 13   0.0018725 -0.0016202 -0.0005883  0.0026438  0.0035597  0.0012608 -0.0015441 -0.0005089 -0.0008483 -0.0011183 -0.0010799 -0.0012501 -0.0014001  0.0002957  0.0009698  0.0014620
C  0  1  83  0  1 14   0.0017732 -0.0002925  0.0024099  0.0021935  0.0009543  0.0020888 -0.0012324  0.0008688 -0.0012654  0.0000648 -0.0009409  0.0000962  0.0005422  0.0006404  0.0014196  0.0001780
C  0  1  83  0  1 15   0.0009394 -0.0018717 -0.0015014 -0.0001942 -0.0001354  0.0006649  0.0003947 -0.0012447  0.0016885 -0.0021365 -0.0005397  0.0009849  0.0014057  0.0006993 -0.0003354  0.0031962
C  0  1  83  0  1 16   0.0016045  0.0018200 -0.0008530  0.0009825  0.0009247  0.0023458  0.0016266 -0.0000707  0.0001860 -0.0020789 -0.0014820 -0.0010485 -0.0013729  0.0001438  0.0019357  0.0038064
C  0  1  83  0  1 17  -0.0002959 -0.0007175 -0.0012276  0.0040693 -0.0002275  0.0029825  0.0018570  0.0036202 -0.0004346 -0.0000748  0.0015327  0.0014571  0.0009650 -0.0017623  0.0048713  0.0021725
C  0  1  83  0  1 18   0.0083060  0.0061269  0.0025502  0.0017512  0.0008913  0.0039282  0.0054724  0.0027003 -0.0021452  0.0044775  0.0045160  0.0021777 -0.0002781 -0.0011076  0.0051792  0.0052401
C  0  1  83  0  1 19   0.0022067  0.0004916  0.0016822 -0.0005269  0.0019215  0.0018046  0.0047413  0.0006510  0.0029216  0.0055730 -0.0002326  0.0000777  0.0004571  0.0015289  0.0020914  0.0035344
C  0  1  83  0  1 20   0.0072681  0.0066041  0.0051118  0.0060493 -0.0002148  0.0046543  0.0030484  0.0017449  0.0018195  0.0011577 -0.0000417 -0.0044618  0.0047971  0.0024079  0.0025789  0.0059299
C  0  1  83  0  1 21   0.0141595  0.0076374  0.0020817 -0.0000577 -0.0023905 -0.0044112 -0.0062140  0.0023493 -0.0032067 -0.0055632  0.0010894  0.0042823  0.0030321  0.0089680  0.0083071  0.0029061
C  0  1  83  1  0  0  -0.3870738 -0.3587912 -0.3711341 -0.2771057 -0.2806088 -0.4216797 -0.2507454 -0.3052333 -0.2679842 -0.2733613 -0.3669515 -0.4379691 -0.4448068 -0.4566025 -0.4463644 -0.3798549
C  0  1  83  1  0  1  -0.2558714 -0.2956981 -0.2955497 -0.3034575 -0.2835427 -0.2863794 -0.2697364 -0.2678853 -0.2720084 -0.2246262 -0.3240372 -0.2944189 -0.3591165 -0.4343627 -0.4147839 -0.3828687
C  0  1  83  1  0  2  -0.3516541 -0.3474115 -0.2451013 -0.2968370 -0.2829770 -0.2796427 -0.2430933 -0.2470367 -0.2105549 -0.2214254 -0.2788300 -0.3162379 -0.3005139 -0.4083529 -0.3296514 -0.3534356
C  0  1  83  1  0  3  -0.3102362 -0.2885554 -0.3149458 -0.2941269 -0.2965240 -0.1921491 -0.1658378 -0.1461400 -0.2064296 -0.2119494 -0.3151636 -0.3329585 -0.2768540 -0.3331743 -0.3502397 -0.2836915
C  0  1  83  1  0  4  -0.2972639 -0.2298389 -0.2918583 -0.1867696 -0.2299320 -0.1780934 -0.2500291 -0.2251069 -0.2551715 -0.1869925 -0.2117111 -0.3058944 -0.3178235 -0.2820784 -0.3102384 -0.2768683
C  0  1  83  1  0  5  -0.2156790 -0.1873254 -0.1431853 -0.1973148 -0.1132094 -0.1307026 -0.1993881 -0.1265918 -0.1338310 -0.1386953 -0.1966196 -0.2285603 -0.2395487 -0.2077749 -0.1878494 -0.2244157
C  0  1  83  1  0  6  -0.1627975 -0.1554287 -0.1380353 -0.1628315 -0.0984494 -0.1236025 -0.1407086 -0.1078414 -0.1213829 -0.1205828 -0.1488189 -0.1514595 -0.1225132 -0.1844358 -0.1569810 -0.1850247
C  0  1  83  1  0  7  -0.1599770 -0.1625085 -0.1649308 -0.1250594 -0.1334760 -0.1293355 -0.1790790 -0.1234999 -0.1314465 -0.1260594 -0.0870601 -0.1231249 -0.1754452 -0.1550782 -0.1495963 -0.1232708
C  0  1  83  1  0  8  -0.1592064 -0.1175919 -0.1079413 -0.1334009 -0.1515793 -0.1451684 -0.1341733 -0.1581717 -0.1250524 -0.1173910 -0.1106212 -0.1823868 -0.1362208 -0.1669258 -0.1116819 -0.1155962
C  0  1  83  1  0  9  -0.1453802 -0.1274415 -0.0961776 -0.1119729 -0.1120524 -0.1191087 -0.1028711 -0.2119633 -0.1170939 -0.1359860 -0.0679347 -0.1111731 -0.1355571 -0.1070415 -0.1497004 -0.1066081
C  0  1  83  1  0 10  -0.1421602 -0.0785956 -0.1116483 -0.1446365 -0.1482407 -0.1480588 -0.1255980 -0.1126129 -0.1157105 -0.1191316 -0.1162564 -0.1302078 -0.0902803 -0.1571190 -0.1327728 -0.1097442
C  0  1  83  1  0 11  -0.1484486 -0.1015540 -0.1634002 -0.0956806 -0.0928553 -0.1071461 -0.1380483 -0.1450814 -0.1070572 -0.0696995 -0.1172792 -0.1473047 -0.0862137 -0.1546268 -0.0742634 -0.1249545
C  0  1  83  1  0 12  -0.0994911 -0.1418960 -0.1104350 -0.0944369 -0.1268351 -0.1021231 -0.1435801 -0.1747596 -0.1124467 -0.0866966 -0.1186485 -0.1061385 -0.1017356 -0.1720400 -0.0669773 -0.1377181
C  0  1  83  1  0 13  -0.0872739 -0.0958832 -0.1543581 -0.1152449 -0.1131648 -0.1562719 -0.1291546 -0.1308687 -0.0863353 -0.1282375 -0.1349528 -0.1324245 -0.1566627 -0.1433272 -0.1754664 -0.1058170
C  0  1  83  1  0 14  -0.1241993 -0.1655498 -0.1590008 -0.1331965 -0.1771767 -0.1247682 -0.1360099 -0.2334044 -0.1555472 -0.1347499 -0.1221413 -0.1321632 -0.1442049 -0.1054490 -0.1376853 -0.2044088
C  0  1  83  1  0 15  -0.1259748 -0.1729407 -0.1332799 -0.1129461 -0.1595154 -0.0798529 -0.1705201 -0.1518357 -0.1651345 -0.1055514 -0.0765921 -0.1633050 -0.1260921 -0.0870594 -0.1251973 -0.1063179
C  0  1  83  1  0 16  -0.2100092 -0.1771456 -0.1380027 -0.1825809 -0.1665647 -0.1400921 -0.1872662 -0.2245607 -0.1791140 -0.2342389 -0.1647292 -0.1738468 -0.1441178 -0.1580402 -0.1493831 -0.1249858
C  0  1  83  1  0 17  -0.2708816 -0.2745131 -0.2146328 -0.2841149 -0.2113328 -0.2755567 -0.2647872 -0.2320858 -0.2573449 -0.3025113 -0.2444327 -0.2037273 -0.1882233 -0.2842626 -0.2470503 -0.2447342
C  0  1  83  1  0 18  -0.2859590 -0.2945736 -0.3486230 -0.2593095 -0.1958441 -0.1960227 -0.3240114 -0.3017146 -0.2288491 -0.2445592 -0.2580841 -0.3012383 -0.2813065 -0.2037868 -0.2687814 -0.1993844
C  0  1  83  1  0 19  -0.3206825 -0.2457065 -0.3335489 -0.3409962 -0.2870708 -0.2717435 -0.2778006 -0.2173099 -0.2738515 -0.2742973 -0.2562667 -0.2953737 -0.2754443 -0.2538917 -0.2810853 -0.2914070
C  0  1  83  1  0 20  -0.2386923 -0.3101901 -0.4166498 -0.2725283 -0.3337386 -0.2016275 -0.3365817 -0.3309336 -0.3694772 -0.2512632 -0.3297613 -0.2486274 -0.3180648 -0.2776299 -0.2585158 -0.3159071
C  0  1  83  1  0 21  -0.3477624 -0.3391636 -0.3660005 -0.3067737 -0.2895134 -0.2535363 -0.3061352 -0.2624522 -0.3638554 -0.3730680 -0.2736126 -0.3674604 -0.3708641 -0.3531998 -0.3391434 -0.3488565
C  0  1  83  1  1  0   0.0447954  0.0485848  0.0379900  0.0249143 -0.0005132 -0.0215569 -0.0352415 -0.0424860 -0.0461981 -0.0369902 -0.0354648 -0.0199616  0.0005813  0.0027561  0.0223206  0.0392009
C  0  1  83  1  1  1   0.0247872  0.0199680  0.0173673  0.0100968  0.0016068 -0.0096102 -0.0154689 -0.0189962 -0.0172946 -0.0163748 -0.0163981 -0.0080954  0.0023469  0.0079117  0.0121949  0.0228461
C  0  1  83  1  1  2   0.0124308  0.0122860  0.0081231  0.0053032  0.0009391 -0.0039169 -0.0085268 -0.0091759 -0.0094804 -0.0067879 -0.0066987 -0.0039658  0.0005739  0.0023845  0.0041955  0.0097439
C  0  1  83  1  1  3   0.0076781  0.0061537  0.0024838  0.0019912  0.0002499 -0.0004628 -0.0041924 -0.0018280 -0.0014215 -0.0004244 -0.0036790 -0.0014693  0.0002900  0.0027680  0.0011868  0.0056215
C  0  1  83  1  1  4   0.0010227  0.0019141 -0.0002180 -0.0007423  0.0026644  0.0008861 -0.0009885  0.0017666  0.0029805  0.0018888 -0.0004757 -0.0010163  0.0018391  0.0008014  0.0030324  0.0008674
C  0  1  83  1  1  5   0.0001914 -0.0004305 -0.0011290  0.0026442  0.0024938  0.0030874  0.0023326  0.0029475  0.0037805  0.0019011 -0.0018961 -0.0027462  0.0017049  0.0014761  0.0011618 -0.0011927
C  0  1  83  1  1  6  -0.0001834  0.0000525 -0.0000160  0.0026714  0.0033058  0.0036348  0.0037097  0.0036286  0.0035166 -0.0006423 -0.0008948 -0.0005095  0.0013323  0.0004094 -0.0004741 -0.0011735
C  0  1  83  1  1  7  -0.0024732  0.0009632  0.0009473  0.0035439  0.0033895  0.0036698  0.0044772  0.0028122  0.0024749  0.0001243 -0.0012141 -0.0011674 -0.0002672  0.0005111  0.0003927 -0.0015680
C  0  1  83  1  1  8  -0.0023277  0.0003235  0.0017274  0.0012043  0.0042422  0.0024413  0.0041858  0.0032917  0.0043905  0.0002993 -0.0007079 -0.0004697  0.0004153  0.0002353 -0.0004207 -0.0016496
C  0  1  83  1  1  9   0.0001721  0.0012654  0.0013368  0.0024381  0.0021732  0.0019890  0.0026062  0.0028407  0.0009048 -0.0016858  0.0009917  0.0006018  0.0002517 -0.0005952 -0.0004886 -0.0029696
C  0  1  83  1  1 10  -0.0018585  0.0012273  0.0012892  0.0017368  0.0013287  0.0008461  0.0012281  0.0017460  0.0017420 -0.0010307 -0.0017743 -0.0004355 -0.0016070  0.0005495  0.0008865 -0.0022419
C  0  1  83  1  1 11  -0.0008565  0.0000640  0.0003456  0.0011055  0.0019281 -0.0006238 -0.0007832  0.0010109  0.0013496  0.0009535 -0.0020133 -0.0010606 -0.0015567 -0.0018622 -0.0001145 -0.0027076
C  0  1  83  1  1 12  -0.0016869  0.0003061  0.0009965  0.0028620  0.0009110 -0.0001743 -0.0001930  0.0019905  0.0028017  0.0003421  0.0001665 -0.0003550  0.0004353 -0.0010845 -0.0000470 -0.0018175
C  0  1  83  1  1 13  -0.0016706  0.0009199  0.0016066  0.0021265  0.0022987  0.0017354  0.0035016  0.0043212  0.0036031  0.0005761  0.0005523 -0.0009621 -0.0013065 -0.0031901 -0.0005321 -0.0018838
C  0  1  83  1  1 14  -0.0016134 -0.0000245  0.0016967  0.0035127  0.0037684  0.0012421  0.0027359  0.0050921  0.0041517  0.0011812  0.0008921 -0.0011896 -0.0022551 -0.0023265 -0.0033379 -0.0030955
C  0  1  83  1  1 15  -0.0038334 -0.0005238  0.0005685  0.0031196  0.0025598 -0.0011358  0.0022954  0.0025014  0.0046540  0.0027604  0.0014426 -0.0010888 -0.0041438 -0.0062872 -0.0063989 -0.0060792
C  0  1  83  1  1 16  -0.0022808  0.0001327  0.0025422  0.0036877  0.0019710  0.0005442  0.0024113  0.0027840  0.0042191  0.0050917  0.0010675  0.0017188 -0.0015474 -0.0023824 -0.0053329 -0.0062430
C  0  1  83  1  1 17  -0.0038573  0.0025188  0.0004673  0.0054239  0.0006846 -0.0032831  0.0007266  0.0034167  0.0033348  0.0052595  0.0029601  0.0003407 -0.0018376 -0.0049506 -0.0061304 -0.0077327
C  0  1  83  1  1 18  -0.0004598  0.0059969  0.0040326  0.0051837  0.0035291 -0.0004436 -0.0041220 -0.0028359  0.0015760  0.0031048  0.0012611 -0.0005380 -0.0024661 -0.0037992 -0.0067469 -0.0050308
C  0  1  83  1  1 19   0.0014999  0.0077055  0.0115512  0.0096286  0.0066152  0.0008475 -0.0028608 -0.0018574  0.0029809  0.0040549  0.0011908 -0.0009004 -0.0036144 -0.0052825 -0.0067374 -0.0025078
C  0  1  83  1  1 20  -0.0001785  0.0137656  0.0174741  0.0132334  0.0061975  0.0021642 -0.0023848 -0.0019346  0.0000763  0.0067496  0.0003220 -0.0045008 -0.0079381 -0.0104057 -0.0074688 -0.0054746
C  0  1  83  1  1 21   0.0075205  0.0194559  0.0298098  0.0215942  0.0158909  0.0145972  0.0092224  0.0100669  0.0105812  0.0126091  0.0020010 -0.0053838 -0.0075047 -0.0188261 -0.0075530 -0.0000891
