CPHI 16 
CETA 22 -2.40 -2.10 -1.85 -1.60 -1.40 -1.20 -1.00 -0.80 -0.60 -0.40 -0.20  0.00  0.20  0.40  0.60  0.80  1.00  1.20  1.40  1.60  1.85  2.10  2.40 
RMIN  6 
RTRK 12 
RETA 11  0.00  0.20  0.40  0.60  0.80  1.00  1.20  1.40  1.60  1.85  2.10  2.40 
T 0 1  84  0  0  0    0.0000000   0.0006292   0.0016690   0.0032225   0.0120910   0.0691650   0.2778119   0.6537102   1.0000000   1.0000000   1.0000000   1.0000000   1.0000000
T 0 1  84  0  0  1    0.0000000   0.0001359   0.0005439   0.0023947   0.0123288   0.0592030   0.2268986   0.5890449   1.0000000   1.0000000   1.0000000   1.0000000   1.0000000
T 0 1  84  0  0  2    0.0000000   0.0001197   0.0004968   0.0017037   0.0107346   0.0556494   0.2097612   0.5730489   1.0000000   1.0000000   1.0000000   1.0000000   1.0000000
T 0 1  84  0  0  3    0.0000000   0.0001901   0.0005814   0.0016773   0.0114673   0.0625748   0.2255035   0.5871248   1.0000000   1.0000000   1.0000000   1.0000000   1.0000000
T 0 1  84  0  0  4    0.0000000   0.0004202   0.0026098   0.0144577   0.0627306   0.2040547   0.4885738   0.8220274   1.0000000   1.0000000   1.0000000   1.0000000   1.0000000
T 0 1  84  0  0  5    0.0000000   0.0009833   0.0074675   0.0516520   0.2058171   0.5326465   0.8765416   0.9993673   1.0000000   1.0000000   1.0000000   1.0000000   1.0000000
T 0 1  84  0  0  6    0.0000000   0.0002776   0.0012294   0.0103835   0.0674831   0.2769706   0.6627618   0.9307367   0.9980968   0.9999982   1.0000000   1.0000000   1.0000000
T 0 1  84  0  0  7    0.0000000   0.0000604   0.0003889   0.0008818   0.0047568   0.0306353   0.1190610   0.2978683   0.5820971   0.8694351   0.9841204   0.9998815   1.0000000
T 0 1  84  0  0  8    0.0000000   0.0000026   0.0000304   0.0001246   0.0003936   0.0009930   0.0041902   0.0250981   0.1192841   0.3942975   0.7899653   0.9693753   1.0000000
T 0 1  84  0  0  9    0.0000000   0.0000078   0.0000133   0.0000445   0.0005631   0.0035234   0.0183881   0.0859795   0.3028661   0.6588930   0.9389145   0.9999326   1.0000000
T 0 1  84  0  0 10    0.0000000   0.0065710   0.0289812   0.0461947   0.0790331   0.1684828   0.3383189   0.6898965   0.9102072   0.9700487   0.9998382   1.0000000   1.0000000
T 0 1  84  1  0  0    0.0000000   0.0005148   0.0016399   0.0047460   0.0213440   0.1017716   0.3374237   0.6994022   1.0000000   1.0000000   1.0000000   1.0000000   1.0000000
T 0 1  84  1  0  1    0.0000000   0.0002633   0.0010891   0.0042307   0.0181163   0.0752157   0.2537985   0.6193956   1.0000000   1.0000000   1.0000000   1.0000000   1.0000000
T 0 1  84  1  0  2    0.0000000   0.0002194   0.0008486   0.0027728   0.0124455   0.0616642   0.2339277   0.6064318   1.0000000   1.0000000   1.0000000   1.0000000   1.0000000
T 0 1  84  1  0  3    0.0000000   0.0002283   0.0008669   0.0027852   0.0140251   0.0700545   0.2491207   0.6198491   1.0000000   1.0000000   1.0000000   1.0000000   1.0000000
T 0 1  84  1  0  4    0.0000000   0.0004356   0.0027620   0.0153929   0.0663357   0.2155446   0.5058694   0.8320271   1.0000000   1.0000000   1.0000000   1.0000000   1.0000000
T 0 1  84  1  0  5    0.0000000   0.0011873   0.0094478   0.0577925   0.2246261   0.5586818   0.8900123   0.9996500   1.0000000   1.0000000   1.0000000   1.0000000   1.0000000
T 0 1  84  1  0  6    0.0000000   0.0004626   0.0026649   0.0180020   0.0942133   0.3329130   0.7236541   0.9536823   0.9988141   0.9999984   1.0000000   1.0000000   1.0000000
T 0 1  84  1  0  7    0.0000000   0.0002246   0.0006446   0.0024765   0.0123245   0.0526267   0.1570011   0.3413836   0.6074237   0.8728054   0.9849908   0.9998878   1.0000000
T 0 1  84  1  0  8    0.0000000   0.0009562   0.0014955   0.0017998   0.0022382   0.0036136   0.0107994   0.0452511   0.1686405   0.4573475   0.8251665   0.9710661   1.0000000
T 0 1  84  1  0  9    0.0000000   0.0021003   0.0074838   0.0131257   0.0159362   0.0198461   0.0401951   0.1288935   0.3661962   0.7154288   0.9583841   0.9999941   1.0000000
T 0 1  84  1  0 10    0.0000000   0.0032254   0.0170235   0.0428863   0.0843736   0.1746921   0.3942474   0.7474223   0.9511020   0.9856143   0.9999985   1.0000000   1.0000000
R 0 1  84  0  0  0    0.0256541   0.0256541   0.0115220   0.0105316   0.0103003   0.0101862   0.0100300   0.0098389   0.0098389   0.0098389   0.0098389   0.0098389
R 0 1  84  0  0  1    0.0119405   0.0119405   0.0119405   0.0119405   0.0110379   0.0108933   0.0109644   0.0108586   0.0108586   0.0108586   0.0108586   0.0108586
R 0 1  84  0  0  2    0.0124236   0.0124236   0.0124236   0.0124236   0.0120490   0.0119775   0.0118330   0.0116768   0.0116768   0.0116768   0.0116768   0.0116768
R 0 1  84  0  0  3    0.0132556   0.0132556   0.0132556   0.0132556   0.0126619   0.0126556   0.0123260   0.0122533   0.0122533   0.0122533   0.0122533   0.0122533
R 0 1  84  0  0  4    0.0192362   0.0192362   0.0192362   0.0174290   0.0169019   0.0159141   0.0145115   0.0130662   0.0130662   0.0130662   0.0130662   0.0130662
R 0 1  84  0  0  5    0.0206936   0.0206936   0.0191957   0.0191875   0.0187594   0.0180477   0.0168382   0.0168382   0.0168382   0.0168382   0.0168382   0.0168382
R 0 1  84  0  0  6    0.0202832   0.0202832   0.0202832   0.0204110   0.0208063   0.0207318   0.0208268   0.0205514   0.0205514   0.0205514   0.0205514   0.0205514
R 0 1  84  0  0  7    0.0202780   0.0202780   0.0202780   0.0202780   0.0203788   0.0210615   0.0212320   0.0210118   0.0205909   0.0197333   0.0197333   0.0197333
R 0 1  84  0  0  8    0.0212264   0.0212264   0.0212264   0.0212264   0.0212264   0.0212264   0.0212264   0.0210631   0.0209774   0.0209592   0.0202377   0.0190676
R 0 1  84  0  0  9    0.0309230   0.0309230   0.0309230   0.0309230   0.0309230   0.0309230   0.0297243   0.0287995   0.0275353   0.0263037   0.0248703   0.0248703
R 0 1  84  0  0 10    0.0775530   0.0708322   0.0608795   0.0545937   0.0471674   0.0442057   0.0409998   0.0354901   0.0336449   0.0308961   0.0308961   0.0308961
R 0 1  84  0  1  0    0.0000000   0.0000000   0.0000000   0.0000711   0.0000772   0.0000826   0.0000734   0.0000642   0.0000642   0.0000642   0.0000642   0.0000642
R 0 1  84  0  1  1    0.0000821   0.0000821   0.0000821   0.0000821   0.0000687   0.0000679   0.0000636   0.0000566   0.0000566   0.0000566   0.0000566   0.0000566
R 0 1  84  0  1  2    0.0000573   0.0000573   0.0000573   0.0000573   0.0000589   0.0000614   0.0000585   0.0000539   0.0000539   0.0000539   0.0000539   0.0000539
R 0 1  84  0  1  3    0.0000736   0.0000736   0.0000736   0.0000736   0.0000574   0.0000602   0.0000500   0.0000495   0.0000495   0.0000495   0.0000495   0.0000495
R 0 1  84  0  1  4    0.0001599   0.0001599   0.0001599   0.0000945   0.0000888   0.0000760   0.0000557   0.0000412   0.0000412   0.0000412   0.0000412   0.0000412
R 0 1  84  0  1  5    0.0001475   0.0001475   0.0000607   0.0000714   0.0000708   0.0000601   0.0000426   0.0000426   0.0000426   0.0000426   0.0000426   0.0000426
R 0 1  84  0  1  6    0.0000000   0.0000000   0.0000000   0.0000513   0.0000611   0.0000569   0.0000528   0.0000194   0.0000194   0.0000194   0.0000194   0.0000194
R 0 1  84  0  1  7    0.0000000   0.0000000   0.0000000   0.0000000   0.0000439   0.0000716   0.0000656   0.0000801   0.0000694   0.0000617   0.0000617   0.0000617
R 0 1  84  0  1  8    0.0000868   0.0000868   0.0000868   0.0000868   0.0000868   0.0000868   0.0000868   0.0001094   0.0001020   0.0000963   0.0000772   0.0000809
R 0 1  84  0  1  9    0.0002466   0.0002466   0.0002466   0.0002466   0.0002466   0.0002466   0.0002164   0.0001917   0.0001889   0.0001469   0.0001289   0.0001289
R 0 1  84  0  1 10    0.0013763   0.0010749   0.0008549   0.0007688   0.0005590   0.0004933   0.0004001   0.0002597   0.0001999   0.0001659   0.0001659   0.0001659
R 0 1  84  0  2  0    0.0000000   0.0000000   0.0000000   0.0000000   0.0000000   0.0000000   0.0000097   0.0000065   0.0000065   0.0000065   0.0000065   0.0000065
R 0 1  84  0  2  1    0.0000000   0.0000000   0.0000000   0.0000000   0.0000000   0.0000252   0.0000095   0.0000076   0.0000076   0.0000076   0.0000076   0.0000076
R 0 1  84  0  2  2    0.0000000   0.0000000   0.0000000   0.0000000   0.0000364   0.0000117   0.0000127   0.0000131   0.0000131   0.0000131   0.0000131   0.0000131
R 0 1  84  0  2  3    0.0000000   0.0000000   0.0000000   0.0000000   0.0000000   0.0000000   0.0000195   0.0000122   0.0000122   0.0000122   0.0000122   0.0000122
R 0 1  84  0  2  4    0.0000000   0.0000000   0.0000000   0.0000000   0.0000000   0.0000000   0.0000000   0.0000110   0.0000110   0.0000110   0.0000110   0.0000110
R 0 1  84  0  2  5    0.0000000   0.0000000   0.0000000   0.0000000   0.0000199   0.0000216   0.0000000   0.0000000   0.0000000   0.0000000   0.0000000   0.0000000
R 0 1  84  0  2  6    0.0000000   0.0000000   0.0000000   0.0000000   0.0000000   0.0000000   0.0000000   0.0000000   0.0000000   0.0000000   0.0000000   0.0000000
R 0 1  84  0  2  7    0.0000000   0.0000000   0.0000000   0.0000000   0.0000000   0.0000000   0.0000000   0.0000000   0.0000000   0.0000000   0.0000000   0.0000000
R 0 1  84  0  2  8    0.0000000   0.0000000   0.0000000   0.0000000   0.0000000   0.0000000   0.0000000   0.0000000   0.0000114   0.0000132   0.0000000   0.0000000
R 0 1  84  0  2  9    0.0000000   0.0000000   0.0000000   0.0000000   0.0000000   0.0000000   0.0000000   0.0000000   0.0000000   0.0000152   0.0000000   0.0000000
R 0 1  84  0  2 10    0.0000000   0.0000000   0.0000000   0.0000000   0.0000000   0.0000000   0.0001111   0.0000539   0.0000000   0.0000000   0.0000000   0.0000000
R 0 1  84  0  3  0    0.9844707   0.9844707   1.0886956   1.0368863   0.9994628   0.9846907   0.9813760   0.9852278   0.9852278   0.9852278   0.9852278   0.9852278
R 0 1  84  0  3  1    1.0062745   1.0062745   1.0062745   1.0062745   0.9907972   0.9843989   0.9805821   0.9792611   0.9792611   0.9792611   0.9792611   0.9792611
R 0 1  84  0  3  2    1.0250552   1.0250552   1.0250552   1.0250552   0.9978906   0.9854450   0.9812131   0.9803319   0.9803319   0.9803319   0.9803319   0.9803319
R 0 1  84  0  3  3    1.0106343   1.0106343   1.0106343   1.0106343   1.0028635   0.9922688   0.9827937   0.9808655   0.9808655   0.9808655   0.9808655   0.9808655
R 0 1  84  0  3  4    1.0208084   1.0208084   1.0208084   0.9817539   0.9783084   0.9738557   0.9781018   0.9904718   0.9904718   0.9904718   0.9904718   0.9904718
R 0 1  84  0  3  5    1.0226436   1.0226436   1.0031397   0.9832809   0.9720822   0.9739744   0.9734553   0.9734553   0.9734553   0.9734553   0.9734553   0.9734553
R 0 1  84  0  3  6    1.0345533   1.0345533   1.0345533   1.0053672   0.9869809   0.9857684   0.9855766   0.9848703   0.9848703   0.9848703   0.9848703   0.9848703
R 0 1  84  0  3  7    1.0731143   1.0731143   1.0731143   1.0731143   1.0327763   1.0020777   0.9910208   0.9851447   0.9889035   0.9869524   0.9869524   0.9869524
R 0 1  84  0  3  8    1.0223219   1.0223219   1.0223219   1.0223219   1.0223219   1.0223219   1.0223219   0.9931191   0.9830714   0.9832484   0.9897317   1.0112308
R 0 1  84  0  3  9    1.0233560   1.0233560   1.0233560   1.0233560   1.0233560   1.0233560   0.9921820   0.9722622   0.9729025   0.9869649   1.0060006   1.0060006
R 0 1  84  0  3 10    1.0632869   1.0365155   1.0196669   0.9887466   0.9755010   0.9688662   0.9677029   0.9711882   1.0037847   1.0009703   1.0009703   1.0009703
R 0 1  84  0  4  0    1.3036173   1.3036173   1.3276787   2.1818800   2.2754930   2.2665870   2.2338936   2.3159709   2.3159709   2.3159709   2.3159709   2.3159709
R 0 1  84  0  4  1    1.8706609   1.8706609   1.8706609   1.8706609   2.0734661   2.2311083   2.2242568   2.2078482   2.2078482   2.2078482   2.2078482   2.2078482
R 0 1  84  0  4  2    1.8799147   1.8799147   1.8799147   1.8799147   2.1546874   2.2500194   2.2460527   2.2282670   2.2282670   2.2282670   2.2282670   2.2282670
R 0 1  84  0  4  3    1.7873258   1.7873258   1.7873258   1.7873258   2.2690562   2.3113253   2.2275616   2.2155204   2.2155204   2.2155204   2.2155204   2.2155204
R 0 1  84  0  4  4    1.9403971   1.9403971   1.9403971   1.9922781   2.1007932   2.0846273   2.1876089   2.3660620   2.3660620   2.3660620   2.3660620   2.3660620
R 0 1  84  0  4  5    1.8259738   1.8259738   2.1256031   2.1624876   2.0560745   2.0921737   1.9963947   1.9963947   1.9963947   1.9963947   1.9963947   1.9963947
R 0 1  84  0  4  6    2.0273859   2.0273859   2.0273859   2.2422890   2.2776133   2.3753464   2.3694304   2.2613615   2.2613615   2.2613615   2.2613615   2.2613615
R 0 1  84  0  4  7    1.7063942   1.7063942   1.7063942   1.7063942   2.2593438   2.3792607   2.3687977   2.3542387   2.4237339   2.3246878   2.3246878   2.3246878
R 0 1  84  0  4  8    2.1525892   2.1525892   2.1525892   2.1525892   2.1525892   2.1525892   2.1525892   2.2152968   2.2476583   2.2571172   2.3086319   2.3069546
R 0 1  84  0  4  9    2.0358171   2.0358171   2.0358171   2.0358171   2.0358171   2.0358171   2.0216740   2.0032927   2.0469886   2.2166215   2.2096517   2.2096517
R 0 1  84  0  4 10    1.8050833   2.1812153   1.9889693   1.9288589   1.9615204   1.9649651   1.9604338   1.9780726   2.0417748   2.0315002   2.0315002   2.0315002
R 0 1  84  0  5  0   13.9470111  13.9470111   7.7143355   3.1899553   3.4703710   3.8521571   4.3360337   3.6862864   3.6862864   3.6862864   3.6862864   3.6862864
R 0 1  84  0  5  1    4.6683962   4.6683962   4.6683962   4.6683962   4.4095916   4.0197280   4.3774142   4.3163253   4.3163253   4.3163253   4.3163253   4.3163253
R 0 1  84  0  5  2    4.3361449   4.3361449   4.3361449   4.3361449   4.4618434   4.0350271   4.0311237   4.3934860   4.3934860   4.3934860   4.3934860   4.3934860
R 0 1  84  0  5  3    5.0283433   5.0283433   5.0283433   5.0283433   3.8534337   3.9797147   4.4443811   4.4419519   4.4419519   4.4419519   4.4419519   4.4419519
R 0 1  84  0  5  4    4.7510848   4.7510848   4.7510848   5.2953519   4.8241796   4.9889707   4.0410042   3.1436197   3.1436197   3.1436197   3.1436197   3.1436197
R 0 1  84  0  5  5    4.3572854   4.3572854   3.7110288   4.7215345   5.3417771   4.6544191   4.2002277   4.2002277   4.2002277   4.2002277   4.2002277   4.2002277
R 0 1  84  0  5  6    3.0083359   3.0083359   3.0083359   3.6290559   3.7508782   2.8415606   2.3343179   2.0340346   2.0340346   2.0340346   2.0340346   2.0340346
R 0 1  84  0  5  7    4.3227085   4.3227085   4.3227085   4.3227085   3.6421505   2.9590708   2.8576466   2.8529684   2.4763980   2.1616604   2.1616604   2.1616604
R 0 1  84  0  5  8    4.3059364   4.3059364   4.3059364   4.3059364   4.3059364   4.3059364   4.3059364   4.7952412   4.4177522   4.3981836   3.5549564   4.3406882
R 0 1  84  0  5  9    5.8042777   5.8042777   5.8042777   5.8042777   5.8042777   5.8042777   6.7414913   6.6845475   6.6972211   5.1466665   5.6125670   5.6125670
R 0 1  84  0  5 10    8.0643427   4.4123663   4.4315833   5.5295193   5.5199856   6.6630156   8.0206250   7.9086115   7.0912867   6.4734856   6.4734856   6.4734856
F  0  1  84  0  0  0    1.0107917   1.0401604   1.0086453   0.9918716   0.9594228   0.9978344   1.0037427   1.0017336   0.9833289   0.9750701   0.9832913
F  0  1  84  1  0  0    1.0767601   1.1060285   1.0820759   1.0558810   1.0427585   1.0796621   1.0681564   1.0609264   1.0429391   1.0594323   1.0837928
C  0  1  84  0  0  0  -0.1256637 -0.1504263 -0.2069959 -0.2962779 -0.3076387 -0.2087538 -0.1714563 -0.2408114 -0.3801023 -0.2173201 -0.2920985 -0.1884276 -0.1992739 -0.3085513 -0.2963135 -0.1702665
C  0  1  84  0  0  1   0.0146107 -0.1636007 -0.1810420 -0.0481310 -0.1989248 -0.0404399 -0.1151308 -0.1107871 -0.0175376 -0.1649298 -0.0143866 -0.1782065 -0.2083322 -0.1428859 -0.1598971 -0.0692007
C  0  1  84  0  0  2  -0.0986891 -0.1756861 -0.1875129 -0.0779265 -0.0539253 -0.1296852 -0.0470091 -0.0500158 -0.0893823 -0.1383301 -0.0248070 -0.1524323 -0.1956329 -0.0739787 -0.0125282 -0.1310640
C  0  1  84  0  0  3  -0.0636982 -0.0658692 -0.0358761 -0.0481119 -0.0069403 -0.1718646 -0.0605367 -0.1126968 -0.0575071  0.0221513 -0.1021210 -0.0455250 -0.1157219 -0.1240851 -0.1603624 -0.0545616
C  0  1  84  0  0  4  -0.1472132 -0.2176688 -0.0842041 -0.0915199 -0.0522285 -0.1162074  0.0494780 -0.0511032 -0.0994487 -0.0515020 -0.0374405 -0.0392432 -0.0651528 -0.0837804 -0.0655055 -0.1688991
C  0  1  84  0  0  5   0.0456077  0.0371646 -0.1024329  0.0393867 -0.0524387  0.0766630 -0.0381585 -0.0981756  0.0165105  0.0104333 -0.0709230 -0.0297447 -0.1162263  0.0846614  0.1142040 -0.1034325
C  0  1  84  0  0  6  -0.0552982  0.1009784  0.0532386 -0.0653648 -0.0578913  0.0772896 -0.0231133 -0.1313493  0.0005957 -0.0576456  0.0017403  0.0451776 -0.0355813  0.0060134 -0.0786886  0.0762533
C  0  1  84  0  0  7  -0.0098991  0.0089862  0.0866538  0.0099405 -0.0618185  0.0721318 -0.0413935 -0.0860288 -0.0840804 -0.0368871  0.1128298 -0.0100009  0.0082308 -0.0375792 -0.0557714  0.0427494
C  0  1  84  0  0  8  -0.0186002 -0.0169953  0.0782896  0.0598128 -0.0213606  0.0824659 -0.0244887 -0.0518106 -0.0243684 -0.0123143 -0.0696775 -0.0285079 -0.0638847  0.0638570 -0.0528723 -0.0084055
C  0  1  84  0  0  9  -0.0755799  0.1081108  0.0346449  0.0318695  0.0588884  0.0608112 -0.0298872  0.0347015 -0.0460385  0.0356274  0.0685574  0.1124973 -0.0864207  0.0820969 -0.0712419 -0.0340710
C  0  1  84  0  0 10  -0.0490716  0.0238973  0.0905933  0.0416862  0.0504721 -0.0311547 -0.0252056 -0.0207260  0.0417606 -0.0326038 -0.0304726  0.0159734 -0.0461155  0.0172800 -0.0033483  0.0280624
C  0  1  84  0  0 11  -0.0502217  0.0232278 -0.0727139  0.0747103 -0.0372722  0.0475231  0.0863341  0.1522142  0.0254189  0.0614532  0.0134137  0.0103261  0.0659941 -0.0323995  0.0302479  0.0051472
C  0  1  84  0  0 12   0.0246750  0.0325097  0.0444050 -0.0104699  0.0791031 -0.0248710 -0.0116493 -0.0200070  0.0067270  0.0403307 -0.0117215  0.0367953 -0.0357602  0.0330138  0.0005669  0.0617224
C  0  1  84  0  0 13  -0.0130533  0.0630726  0.1059720 -0.0334079  0.0297987  0.0592364  0.0421111 -0.0068103  0.0541324 -0.0125272  0.0322555  0.0093289 -0.0147334 -0.0574203 -0.0497538 -0.0039611
C  0  1  84  0  0 14  -0.0403271 -0.0442909 -0.0186092 -0.0594815 -0.0304241  0.0231334 -0.0074594  0.0118525  0.0072412 -0.0183250  0.0528569 -0.0633814  0.0054343  0.0470924 -0.0577252 -0.0843000
C  0  1  84  0  0 15  -0.0849401 -0.0368591  0.0201674  0.0532076  0.0076765 -0.0263634  0.0182264  0.0334438  0.0189265 -0.0468234 -0.0849660 -0.1197131 -0.0417543  0.0050152 -0.0600828  0.0166710
C  0  1  84  0  0 16   0.0458022  0.0306066 -0.0010783 -0.0140287 -0.0176159 -0.0391651 -0.1330848  0.0120373 -0.0621321  0.1211136 -0.0381741 -0.0518444 -0.0740797 -0.0110188 -0.0541732  0.0430395
C  0  1  84  0  0 17  -0.1419572 -0.0462011 -0.1142511 -0.1019339 -0.2189301 -0.1188542 -0.0085590 -0.0551738 -0.0438393 -0.1179674  0.0240885 -0.0842178 -0.1717394 -0.1490962  0.0208752 -0.1025692
C  0  1  84  0  0 18  -0.1132759 -0.1455238  0.0596858 -0.0826813 -0.2064097 -0.0152237 -0.0600214  0.0005122 -0.0986926 -0.0630365 -0.0948496 -0.0677679 -0.0868883 -0.0152948 -0.0749460  0.0361465
C  0  1  84  0  0 19   0.0225703 -0.0153940 -0.2365276 -0.0699469 -0.1524619 -0.0492265 -0.1849734 -0.0283617 -0.1306100 -0.0245289  0.0108635 -0.1117719 -0.0423670 -0.0702072 -0.0322262 -0.0622765
C  0  1  84  0  0 20  -0.1513547  0.0522847 -0.1223657 -0.0643243 -0.1196719 -0.0554507 -0.0071999 -0.0880886 -0.2053583 -0.1878602 -0.1711405  0.0162774 -0.0582664 -0.1427174 -0.1358737 -0.1405591
C  0  1  84  0  0 21  -0.2377259 -0.1484005 -0.2821241 -0.1232759 -0.2353097 -0.1078677 -0.0794725  0.0063826 -0.0759676 -0.1661065 -0.2294988 -0.2585827 -0.3024389 -0.3443170 -0.2114316 -0.2796608
C  0  1  84  0  1  0  -0.0000464 -0.0023371 -0.0007559 -0.0045609 -0.0064131  0.0061442 -0.0007714  0.0027820  0.0032333 -0.0005040 -0.0028369  0.0013360  0.0071993  0.0104264  0.0064446  0.0117449
C  0  1  84  0  1  1   0.0010853  0.0005922 -0.0013877 -0.0023932 -0.0004838 -0.0018478  0.0047393 -0.0002638  0.0038980 -0.0007157  0.0002215 -0.0008516  0.0004466  0.0037712  0.0045060  0.0027494
C  0  1  84  0  1  2   0.0018783 -0.0014850 -0.0004556  0.0015482 -0.0025711  0.0018746  0.0004710  0.0012143 -0.0005180  0.0004945 -0.0010930 -0.0010891  0.0034978  0.0023379 -0.0019236 -0.0002185
C  0  1  84  0  1  3   0.0012115  0.0002368  0.0020947 -0.0015482  0.0008855  0.0059351  0.0024174 -0.0012317 -0.0029162 -0.0024859  0.0004536 -0.0039282 -0.0004748  0.0030936  0.0037652  0.0029435
C  0  1  84  0  1  4   0.0027506  0.0028446 -0.0024915  0.0010962 -0.0010304 -0.0001919  0.0020152  0.0004752  0.0005902  0.0014725 -0.0016084 -0.0015505  0.0026919  0.0006032 -0.0006044  0.0000936
C  0  1  84  0  1  5   0.0014398 -0.0004820 -0.0016543  0.0025111  0.0006809  0.0011403 -0.0008363 -0.0020397 -0.0018613  0.0020054  0.0005975  0.0001071  0.0010052 -0.0002228 -0.0004097 -0.0017619
C  0  1  84  0  1  6   0.0028167 -0.0011553 -0.0011804  0.0000532  0.0021440  0.0000832  0.0008482 -0.0021399  0.0012350  0.0004145 -0.0007579  0.0009067 -0.0006323 -0.0015979  0.0041014 -0.0008637
C  0  1  84  0  1  7   0.0036961 -0.0000954  0.0019481  0.0000007  0.0016927  0.0010788 -0.0011983  0.0009817  0.0022001  0.0004161  0.0015035 -0.0015784 -0.0002790  0.0010293  0.0010463 -0.0006824
C  0  1  84  0  1  8   0.0016632  0.0019717  0.0002593  0.0007686  0.0011873  0.0037718  0.0012304  0.0000330  0.0019794  0.0002239  0.0006945 -0.0019021 -0.0006832  0.0003691 -0.0000916  0.0003402
C  0  1  84  0  1  9  -0.0025106  0.0005723  0.0007058 -0.0002581  0.0017440 -0.0000360  0.0017783  0.0011704 -0.0003164 -0.0006697 -0.0032722  0.0003468  0.0001393 -0.0005205 -0.0026178 -0.0007206
C  0  1  84  0  1 10   0.0019869  0.0000235  0.0016782  0.0023546  0.0020634 -0.0006742 -0.0001466  0.0006534 -0.0012102 -0.0013160  0.0005510  0.0002740 -0.0009598 -0.0014673 -0.0009827  0.0013180
C  0  1  84  0  1 11   0.0003453 -0.0009524 -0.0001574  0.0000600  0.0012136  0.0010732  0.0000082 -0.0001660 -0.0027016  0.0004823 -0.0007679 -0.0004584  0.0003033 -0.0007623 -0.0001807 -0.0001951
C  0  1  84  0  1 12   0.0005256  0.0003054 -0.0002966 -0.0009221  0.0000386 -0.0003703  0.0017113 -0.0011758 -0.0005881  0.0004944  0.0002990  0.0030892  0.0015222 -0.0000933  0.0003441  0.0012946
C  0  1  84  0  1 13   0.0018597  0.0001751  0.0014432  0.0031606  0.0038312  0.0009494 -0.0003482  0.0011160  0.0002943 -0.0023489  0.0006656 -0.0019675 -0.0009579  0.0023195 -0.0001901  0.0008231
C  0  1  84  0  1 14   0.0033335  0.0006961  0.0021181  0.0020117  0.0024634  0.0022299 -0.0005863  0.0003821  0.0011706  0.0014338 -0.0004025 -0.0001778  0.0009801  0.0000638 -0.0010768  0.0034507
C  0  1  84  0  1 15   0.0029384 -0.0002540 -0.0012126 -0.0020786  0.0008117  0.0033217  0.0019224 -0.0013751  0.0008424 -0.0031727 -0.0026543  0.0033125  0.0005042  0.0005423  0.0013834  0.0020562
C  0  1  84  0  1 16   0.0016496  0.0004494  0.0017734  0.0020155  0.0011478  0.0013877  0.0005816 -0.0008106  0.0001489 -0.0008096 -0.0007575 -0.0002393  0.0003965 -0.0001916  0.0024643  0.0014455
C  0  1  84  0  1 17   0.0002718 -0.0010150 -0.0004261  0.0032073  0.0025029  0.0045872  0.0013529  0.0019889  0.0019755  0.0045246  0.0012396 -0.0007067  0.0044121 -0.0008648  0.0056080  0.0048243
C  0  1  84  0  1 18   0.0066673  0.0049815 -0.0006044  0.0019228  0.0015761  0.0016965  0.0050793  0.0001311 -0.0008081  0.0022155  0.0017317  0.0018710  0.0022069  0.0008614  0.0084422  0.0052288
C  0  1  84  0  1 19   0.0017883  0.0036103  0.0007287  0.0029640  0.0015597  0.0004755  0.0028142  0.0016237  0.0038136  0.0035271  0.0002910  0.0008754  0.0015277 -0.0005984  0.0019331  0.0056250
C  0  1  84  0  1 20   0.0051631  0.0054752  0.0035979  0.0047213  0.0028542  0.0028663  0.0049379  0.0013350  0.0025810  0.0022119 -0.0025808 -0.0040416  0.0021315  0.0040676  0.0062802  0.0059971
C  0  1  84  0  1 21   0.0113211  0.0154309  0.0059991  0.0012650 -0.0019980 -0.0040929 -0.0102123 -0.0003876  0.0001432 -0.0007167 -0.0018337  0.0084422  0.0018797  0.0070344  0.0113409  0.0043318
C  0  1  84  1  0  0  -0.4382778 -0.2863322 -0.3278809 -0.3935697 -0.2789808 -0.3825577 -0.3186441 -0.2370168 -0.2742853 -0.2822170 -0.3385382 -0.4847207 -0.3862004 -0.4378993 -0.3619266 -0.4303420
C  0  1  84  1  0  1  -0.2701601 -0.3565827 -0.2656500 -0.2679722 -0.2601150 -0.2918295 -0.2892244 -0.2884724 -0.2853989 -0.2736349 -0.2177808 -0.3196366 -0.4195340 -0.4188821 -0.3536752 -0.3062642
C  0  1  84  1  0  2  -0.3154419 -0.3280059 -0.2853345 -0.2953356 -0.2615063 -0.2841753 -0.2948961 -0.2404129 -0.2752119 -0.2542399 -0.2695767 -0.2873235 -0.3323640 -0.3476335 -0.3115567 -0.3441568
C  0  1  84  1  0  3  -0.2722790 -0.3140041 -0.3065581 -0.3282184 -0.2315138 -0.2061120 -0.1985129 -0.1741423 -0.2212404 -0.1751179 -0.2434881 -0.2734636 -0.2719289 -0.2526681 -0.3198565 -0.2653056
C  0  1  84  1  0  4  -0.3125788 -0.2450630 -0.3474018 -0.2780326 -0.2514955 -0.2550579 -0.2820604 -0.2446101 -0.2741491 -0.2272880 -0.1687703 -0.3185014 -0.3091407 -0.2834319 -0.3356107 -0.3171802
C  0  1  84  1  0  5  -0.2165462 -0.1526515 -0.1721655 -0.1840734 -0.1462301 -0.1505751 -0.2398884 -0.1845778 -0.1681118 -0.1222997 -0.1675153 -0.2396529 -0.2421981 -0.1627588 -0.1600978 -0.2002588
C  0  1  84  1  0  6  -0.1033563 -0.1368557 -0.1988860 -0.1741803 -0.1263149 -0.1335242 -0.1364359 -0.1208950 -0.1581153 -0.1185630 -0.1166558 -0.0916680 -0.0987813 -0.1532856 -0.1349940 -0.1764650
C  0  1  84  1  0  7  -0.1553833 -0.1558229 -0.1441450 -0.1548732 -0.1506375 -0.1970040 -0.1493195 -0.1718545 -0.1465555 -0.1152190 -0.0726965 -0.1249459 -0.1632757 -0.1640590 -0.1306398 -0.1091253
C  0  1  84  1  0  8  -0.1555594 -0.0944210 -0.1168379 -0.1690474 -0.1569563 -0.1719322 -0.1527313 -0.1347221 -0.1359199 -0.0951390 -0.1279092 -0.1413851 -0.1136441 -0.1751577 -0.1587504 -0.1227518
C  0  1  84  1  0  9  -0.1398055 -0.1164327 -0.0926630 -0.1438206 -0.0917833 -0.1254583 -0.1244986 -0.1801278 -0.0804954 -0.1444592 -0.1058438 -0.1158401 -0.1189071 -0.0610315 -0.1214633 -0.0988030
C  0  1  84  1  0 10  -0.1278890 -0.0719262 -0.1506181 -0.1438260 -0.1346411 -0.1111435 -0.1464148 -0.1022389 -0.0843781 -0.1266093 -0.1031180 -0.0854153 -0.0789800 -0.1195191 -0.1083982 -0.1042661
C  0  1  84  1  0 11  -0.1328452 -0.1388518 -0.1477167 -0.0701988 -0.1203226 -0.1178037 -0.1315112 -0.1024163 -0.1514152 -0.1098834 -0.1089228 -0.1245572 -0.1211393 -0.0960461 -0.0874625 -0.1243571
C  0  1  84  1  0 12  -0.0802918 -0.0921192 -0.1622357 -0.0639774 -0.1488836 -0.1608970 -0.1611745 -0.1744506 -0.1210173 -0.1003171 -0.1268912 -0.0771162 -0.1004029 -0.1219077 -0.0984646 -0.1145410
C  0  1  84  1  0 13  -0.1037225 -0.1243690 -0.1460033 -0.1289989 -0.1483074 -0.1624805 -0.1365023 -0.1456611 -0.0734069 -0.0949844 -0.1494976 -0.1321065 -0.1730700 -0.0980391 -0.1521914 -0.0947725
C  0  1  84  1  0 14  -0.1114758 -0.1565713 -0.1647350 -0.1601424 -0.2113072 -0.1661849 -0.1808322 -0.2668036 -0.1794207 -0.1512967 -0.1032412 -0.1168880 -0.1368210 -0.0753457 -0.1088405 -0.1941521
C  0  1  84  1  0 15  -0.1062371 -0.1882829 -0.1398495 -0.1179664 -0.1633227 -0.1521846 -0.1306318 -0.1588658 -0.1809292 -0.1259838 -0.1196828 -0.1503134 -0.1398466 -0.0942531 -0.0841247 -0.1427237
C  0  1  84  1  0 16  -0.1542306 -0.1750375 -0.1931809 -0.1462859 -0.1611900 -0.1608853 -0.2193728 -0.1980396 -0.2114538 -0.1938268 -0.1490503 -0.1373222 -0.1457477 -0.1722374 -0.1347436 -0.0901427
C  0  1  84  1  0 17  -0.2635048 -0.2928376 -0.2671642 -0.2895512 -0.2422826 -0.3151761 -0.2746654 -0.2744257 -0.2853367 -0.2732566 -0.2456601 -0.1815339 -0.1787930 -0.2783757 -0.2655616 -0.3022306
C  0  1  84  1  0 18  -0.2440536 -0.2409427 -0.2244123 -0.3042721 -0.2651880 -0.2860935 -0.2892210 -0.2610858 -0.2733504 -0.2131595 -0.2601563 -0.2928063 -0.2328745 -0.2562373 -0.1951805 -0.2207730
C  0  1  84  1  0 19  -0.2597340 -0.2430062 -0.2684374 -0.3268485 -0.2780920 -0.2770983 -0.3269299 -0.2040225 -0.2975337 -0.2504884 -0.2379964 -0.2302367 -0.2342942 -0.2394602 -0.2873940 -0.2298954
C  0  1  84  1  0 20  -0.3076080 -0.2773262 -0.2811689 -0.3178941 -0.3161555 -0.2242236 -0.2872747 -0.2921061 -0.4022081 -0.2977848 -0.3358979 -0.2142105 -0.3528970 -0.2584187 -0.2685500 -0.2710516
C  0  1  84  1  0 21  -0.4838908 -0.3076088 -0.2796110 -0.3635367 -0.2320494 -0.3038435 -0.3634100 -0.3959436 -0.3699876 -0.3202938 -0.3354773 -0.3028037 -0.2337751 -0.2982403 -0.3230441 -0.3815371
C  0  1  84  1  1  0   0.0464715  0.0489188  0.0427798  0.0271111  0.0020794 -0.0223748 -0.0322071 -0.0411164 -0.0457639 -0.0366885 -0.0299341 -0.0177570  0.0032177  0.0060955  0.0282850  0.0372006
C  0  1  84  1  1  1   0.0240319  0.0236033  0.0192077  0.0109518  0.0026811 -0.0066131 -0.0141492 -0.0188693 -0.0170079 -0.0140133 -0.0144694 -0.0062644  0.0044930  0.0087583  0.0125910  0.0250721
C  0  1  84  1  1  2   0.0130403  0.0143064  0.0100351  0.0067433  0.0024153 -0.0035876 -0.0064150 -0.0076802 -0.0097777 -0.0058556 -0.0041508 -0.0019364  0.0002278  0.0030615  0.0045584  0.0108614
C  0  1  84  1  1  3   0.0080194  0.0075896  0.0034495  0.0058467  0.0016046  0.0013164 -0.0022963 -0.0023968  0.0008544 -0.0000116 -0.0031995 -0.0009647  0.0037330  0.0035762  0.0027139  0.0076895
C  0  1  84  1  1  4   0.0027758  0.0036428  0.0016209  0.0010456  0.0033425  0.0023858  0.0006170  0.0013340  0.0046499  0.0037835 -0.0002128 -0.0003662  0.0022774  0.0021280  0.0044069  0.0026959
C  0  1  84  1  1  5   0.0019008  0.0016312 -0.0002373  0.0037002  0.0040870  0.0047594  0.0038110  0.0037028  0.0055939  0.0035583 -0.0003719  0.0000066  0.0029630  0.0030176  0.0020848 -0.0001583
C  0  1  84  1  1  6   0.0012969  0.0018215  0.0025753  0.0043292  0.0058457  0.0052123  0.0057633  0.0046809  0.0051103  0.0026741  0.0010595  0.0012236  0.0024284  0.0019759  0.0005736  0.0011286
C  0  1  84  1  1  7  -0.0004534  0.0023555  0.0026627  0.0054239  0.0055344  0.0038121  0.0060970  0.0043720  0.0043133  0.0017970  0.0009722  0.0009783  0.0026218  0.0026257  0.0017045 -0.0000592
C  0  1  84  1  1  8  -0.0001588  0.0021136  0.0028443  0.0019580  0.0050900  0.0048169  0.0049525  0.0050077  0.0053018  0.0023491  0.0012613  0.0003809  0.0032215  0.0024633  0.0028033 -0.0008389
C  0  1  84  1  1  9   0.0016559  0.0021145  0.0024511  0.0035694  0.0027896  0.0028882  0.0033413  0.0041726  0.0020152 -0.0006958  0.0008719  0.0007866  0.0020454  0.0002657 -0.0003311 -0.0012834
C  0  1  84  1  1 10  -0.0006898  0.0025901  0.0024747  0.0019429  0.0027512  0.0022049  0.0021915  0.0027118  0.0034351  0.0003316  0.0002919  0.0008670 -0.0010192  0.0008776  0.0020620 -0.0006449
C  0  1  84  1  1 11  -0.0006682  0.0020871  0.0021089  0.0025934  0.0040373  0.0000285  0.0018576  0.0027610  0.0019460  0.0020506 -0.0010266 -0.0006040 -0.0001364 -0.0006947  0.0013268 -0.0013790
C  0  1  84  1  1 12   0.0002251  0.0021740  0.0033539  0.0041911  0.0018215  0.0012417  0.0011972  0.0025865  0.0040208  0.0017422  0.0020526  0.0013994  0.0019118 -0.0005025  0.0013043 -0.0007394
C  0  1  84  1  1 13   0.0003426  0.0024131  0.0029711  0.0036975  0.0044145  0.0040771  0.0048921  0.0063600  0.0059908  0.0012839  0.0015843  0.0002060  0.0007256 -0.0010471  0.0010738 -0.0007390
C  0  1  84  1  1 14   0.0003260  0.0019203  0.0026396  0.0038757  0.0055035  0.0040001  0.0045748  0.0072477  0.0060598  0.0023159  0.0026619  0.0001851 -0.0006552 -0.0012847 -0.0003337 -0.0019175
C  0  1  84  1  1 15  -0.0014608  0.0006340  0.0032427  0.0046508  0.0025754  0.0001965  0.0033814  0.0041030  0.0058337  0.0039530  0.0023288  0.0006530 -0.0026830 -0.0042870 -0.0046194 -0.0034892
C  0  1  84  1  1 16  -0.0013565  0.0015973  0.0041952  0.0055451  0.0046752  0.0012925  0.0035034  0.0044342  0.0049510  0.0065997  0.0033129  0.0040283 -0.0013534 -0.0007097 -0.0043433 -0.0047865
C  0  1  84  1  1 17  -0.0037737  0.0035824  0.0019011  0.0067868  0.0035990 -0.0019201  0.0018573  0.0041209  0.0040315  0.0044140  0.0045771  0.0024629 -0.0007014 -0.0034421 -0.0045060 -0.0042743
C  0  1  84  1  1 18   0.0012716  0.0074597  0.0052579  0.0067559  0.0044798 -0.0000317 -0.0017042 -0.0006400  0.0025404  0.0053829  0.0020376  0.0003535 -0.0023991 -0.0042499 -0.0050502 -0.0036889
C  0  1  84  1  1 19   0.0018005  0.0086919  0.0119804  0.0101974  0.0071515  0.0017109 -0.0027024 -0.0002762  0.0038238  0.0066567  0.0036735  0.0001678 -0.0035223 -0.0041486 -0.0057343 -0.0021869
C  0  1  84  1  1 20   0.0010835  0.0147404  0.0191893  0.0134836  0.0078461  0.0030209 -0.0010768 -0.0031076 -0.0000156  0.0071692  0.0007032 -0.0010231 -0.0062481 -0.0084221 -0.0049977 -0.0049919
C  0  1  84  1  1 21   0.0100176  0.0243135  0.0331261  0.0238698  0.0159323  0.0181768  0.0119302  0.0132627  0.0116600  0.0106191  0.0029526 -0.0009251 -0.0090334 -0.0169330 -0.0078810  0.0021030
