CPHI 16 
CETA 22 -2.40 -2.10 -1.85 -1.60 -1.40 -1.20 -1.00 -0.80 -0.60 -0.40 -0.20  0.00  0.20  0.40  0.60  0.80  1.00  1.20  1.40  1.60  1.85  2.10  2.40 
RMIN  6 
RTRK 12 
RETA 11  0.00  0.20  0.40  0.60  0.80  1.00  1.20  1.40  1.60  1.85  2.10  2.40 
T 0 1  85  0  0  0    0.0000000   0.0006509   0.0017027   0.0032309   0.0121633   0.0690981   0.2783813   0.6534401   1.0000000   1.0000000   1.0000000   1.0000000   1.0000000
T 0 1  85  0  0  1    0.0000000   0.0001499   0.0005565   0.0024370   0.0123167   0.0590645   0.2261266   0.5883769   1.0000000   1.0000000   1.0000000   1.0000000   1.0000000
T 0 1  85  0  0  2    0.0000000   0.0001312   0.0005290   0.0017585   0.0105753   0.0555786   0.2095437   0.5741428   1.0000000   1.0000000   1.0000000   1.0000000   1.0000000
T 0 1  85  0  0  3    0.0000000   0.0001776   0.0006345   0.0017491   0.0117138   0.0631697   0.2265878   0.5871631   1.0000000   1.0000000   1.0000000   1.0000000   1.0000000
T 0 1  85  0  0  4    0.0000000   0.0003370   0.0025566   0.0145143   0.0631953   0.2044642   0.4892641   0.8226863   1.0000000   1.0000000   1.0000000   1.0000000   1.0000000
T 0 1  85  0  0  5    0.0000000   0.0009204   0.0071764   0.0507660   0.2045408   0.5316294   0.8764820   0.9993961   1.0000000   1.0000000   1.0000000   1.0000000   1.0000000
T 0 1  85  0  0  6    0.0000000   0.0003043   0.0012103   0.0104736   0.0676098   0.2770909   0.6636309   0.9315379   0.9982133   1.0000000   1.0000000   1.0000000   1.0000000
T 0 1  85  0  0  7    0.0000000   0.0000824   0.0004205   0.0009107   0.0047634   0.0307908   0.1186904   0.2970938   0.5807134   0.8689520   0.9845755   0.9998768   1.0000000
T 0 1  85  0  0  8    0.0000000   0.0000057   0.0000416   0.0001466   0.0004007   0.0010233   0.0043507   0.0250413   0.1202379   0.3940364   0.7893371   0.9695149   1.0000000
T 0 1  85  0  0  9    0.0000000   0.0000065   0.0000065   0.0000358   0.0004674   0.0034699   0.0182084   0.0862281   0.3020862   0.6585891   0.9382604   0.9999220   1.0000000
T 0 1  85  0  0 10    0.0000000   0.0068575   0.0291858   0.0465076   0.0797948   0.1690043   0.3381352   0.6904321   0.9107141   0.9705537   0.9998344   1.0000000   1.0000000
T 0 1  85  1  0  0    0.0000000   0.0005148   0.0016399   0.0047460   0.0213440   0.1017716   0.3374237   0.6994022   1.0000000   1.0000000   1.0000000   1.0000000   1.0000000
T 0 1  85  1  0  1    0.0000000   0.0002633   0.0010891   0.0042307   0.0181163   0.0752157   0.2537985   0.6193956   1.0000000   1.0000000   1.0000000   1.0000000   1.0000000
T 0 1  85  1  0  2    0.0000000   0.0002194   0.0008486   0.0027728   0.0124455   0.0616642   0.2339277   0.6064318   1.0000000   1.0000000   1.0000000   1.0000000   1.0000000
T 0 1  85  1  0  3    0.0000000   0.0002283   0.0008669   0.0027852   0.0140251   0.0700545   0.2491207   0.6198491   1.0000000   1.0000000   1.0000000   1.0000000   1.0000000
T 0 1  85  1  0  4    0.0000000   0.0004356   0.0027620   0.0153929   0.0663357   0.2155446   0.5058694   0.8320271   1.0000000   1.0000000   1.0000000   1.0000000   1.0000000
T 0 1  85  1  0  5    0.0000000   0.0011873   0.0094478   0.0577925   0.2246261   0.5586818   0.8900123   0.9996500   1.0000000   1.0000000   1.0000000   1.0000000   1.0000000
T 0 1  85  1  0  6    0.0000000   0.0004626   0.0026649   0.0180020   0.0942133   0.3329130   0.7236541   0.9536823   0.9988141   0.9999984   1.0000000   1.0000000   1.0000000
T 0 1  85  1  0  7    0.0000000   0.0002246   0.0006446   0.0024765   0.0123245   0.0526267   0.1570011   0.3413836   0.6074237   0.8728054   0.9849908   0.9998878   1.0000000
T 0 1  85  1  0  8    0.0000000   0.0009562   0.0014955   0.0017998   0.0022382   0.0036136   0.0107994   0.0452511   0.1686405   0.4573475   0.8251665   0.9710661   1.0000000
T 0 1  85  1  0  9    0.0000000   0.0021003   0.0074838   0.0131257   0.0159362   0.0198461   0.0401951   0.1288935   0.3661962   0.7154288   0.9583841   0.9999941   1.0000000
T 0 1  85  1  0 10    0.0000000   0.0032254   0.0170235   0.0428863   0.0843736   0.1746921   0.3942474   0.7474223   0.9511020   0.9856143   0.9999985   1.0000000   1.0000000
R 0 1  85  0  0  0    0.0216990   0.0216990   0.0124900   0.0101875   0.0103421   0.0102257   0.0099824   0.0098414   0.0098414   0.0098414   0.0098414   0.0098414
R 0 1  85  0  0  1    0.0120811   0.0120811   0.0120811   0.0120811   0.0108969   0.0109226   0.0109472   0.0109148   0.0109148   0.0109148   0.0109148   0.0109148
R 0 1  85  0  0  2    0.0127918   0.0127918   0.0127918   0.0127918   0.0120402   0.0119630   0.0118346   0.0117157   0.0117157   0.0117157   0.0117157   0.0117157
R 0 1  85  0  0  3    0.0132103   0.0132103   0.0132103   0.0132103   0.0125811   0.0126207   0.0123789   0.0122395   0.0122395   0.0122395   0.0122395   0.0122395
R 0 1  85  0  0  4    0.0189473   0.0189473   0.0189473   0.0174924   0.0169585   0.0158528   0.0144778   0.0130758   0.0130758   0.0130758   0.0130758   0.0130758
R 0 1  85  0  0  5    0.0207014   0.0207014   0.0193075   0.0191030   0.0187194   0.0180257   0.0169420   0.0169420   0.0169420   0.0169420   0.0169420   0.0169420
R 0 1  85  0  0  6    0.0197122   0.0197122   0.0197122   0.0204066   0.0208975   0.0206789   0.0208081   0.0205789   0.0205789   0.0205789   0.0205789   0.0205789
R 0 1  85  0  0  7    0.0211953   0.0211953   0.0211953   0.0211953   0.0208635   0.0213253   0.0211472   0.0209474   0.0204845   0.0197063   0.0197063   0.0197063
R 0 1  85  0  0  8    0.0211792   0.0211792   0.0211792   0.0211792   0.0211792   0.0211792   0.0211792   0.0208931   0.0209303   0.0210110   0.0201823   0.0188021
R 0 1  85  0  0  9    0.0310045   0.0310045   0.0310045   0.0310045   0.0310045   0.0310045   0.0296157   0.0289355   0.0274922   0.0264858   0.0248189   0.0248189
R 0 1  85  0  0 10    0.0744301   0.0704339   0.0612260   0.0535899   0.0470711   0.0440829   0.0409417   0.0355799   0.0337565   0.0308499   0.0308499   0.0308499
R 0 1  85  0  1  0    0.0000000   0.0000000   0.0000000   0.0000340   0.0000877   0.0000855   0.0000723   0.0000644   0.0000644   0.0000644   0.0000644   0.0000644
R 0 1  85  0  1  1    0.0000982   0.0000982   0.0000982   0.0000982   0.0000564   0.0000718   0.0000626   0.0000576   0.0000576   0.0000576   0.0000576   0.0000576
R 0 1  85  0  1  2    0.0000886   0.0000886   0.0000886   0.0000886   0.0000605   0.0000615   0.0000609   0.0000541   0.0000541   0.0000541   0.0000541   0.0000541
R 0 1  85  0  1  3    0.0000874   0.0000874   0.0000874   0.0000874   0.0000609   0.0000578   0.0000546   0.0000491   0.0000491   0.0000491   0.0000491   0.0000491
R 0 1  85  0  1  4    0.0001267   0.0001267   0.0001267   0.0000869   0.0000931   0.0000723   0.0000565   0.0000438   0.0000438   0.0000438   0.0000438   0.0000438
R 0 1  85  0  1  5    0.0002434   0.0002434   0.0000697   0.0000737   0.0000746   0.0000574   0.0000461   0.0000461   0.0000461   0.0000461   0.0000461   0.0000461
R 0 1  85  0  1  6    0.0000311   0.0000311   0.0000311   0.0000413   0.0000653   0.0000562   0.0000475   0.0000224   0.0000224   0.0000224   0.0000224   0.0000224
R 0 1  85  0  1  7    0.0000479   0.0000479   0.0000479   0.0000479   0.0000583   0.0000744   0.0000702   0.0000676   0.0000673   0.0000594   0.0000594   0.0000594
R 0 1  85  0  1  8    0.0000711   0.0000711   0.0000711   0.0000711   0.0000711   0.0000711   0.0000711   0.0001060   0.0001015   0.0001030   0.0000795   0.0000807
R 0 1  85  0  1  9    0.0002256   0.0002256   0.0002256   0.0002256   0.0002256   0.0002256   0.0002167   0.0002017   0.0001794   0.0001573   0.0001346   0.0001346
R 0 1  85  0  1 10    0.0010347   0.0010667   0.0008169   0.0007067   0.0005745   0.0004869   0.0003816   0.0002667   0.0002114   0.0001857   0.0001857   0.0001857
R 0 1  85  0  2  0    0.0000000   0.0000000   0.0000000   0.0000000   0.0000000   0.0000000   0.0000193   0.0000064   0.0000064   0.0000064   0.0000064   0.0000064
R 0 1  85  0  2  1    0.0000000   0.0000000   0.0000000   0.0000000   0.0000000   0.0000000   0.0000106   0.0000000   0.0000000   0.0000000   0.0000000   0.0000000
R 0 1  85  0  2  2    0.0000000   0.0000000   0.0000000   0.0000000   0.0000615   0.0000206   0.0000129   0.0000103   0.0000103   0.0000103   0.0000103   0.0000103
R 0 1  85  0  2  3    0.0000000   0.0000000   0.0000000   0.0000000   0.0000000   0.0000000   0.0000043   0.0000097   0.0000097   0.0000097   0.0000097   0.0000097
R 0 1  85  0  2  4    0.0000000   0.0000000   0.0000000   0.0000000   0.0000000   0.0000199   0.0000111   0.0000141   0.0000141   0.0000141   0.0000141   0.0000141
R 0 1  85  0  2  5    0.0000000   0.0000000   0.0000000   0.0000140   0.0000176   0.0000172   0.0000000   0.0000000   0.0000000   0.0000000   0.0000000   0.0000000
R 0 1  85  0  2  6    0.0000000   0.0000000   0.0000000   0.0000000   0.0000000   0.0000128   0.0000000   0.0000000   0.0000000   0.0000000   0.0000000   0.0000000
R 0 1  85  0  2  7    0.0000000   0.0000000   0.0000000   0.0000000   0.0000000   0.0000000   0.0000000   0.0000000   0.0000000   0.0000000   0.0000000   0.0000000
R 0 1  85  0  2  8    0.0000000   0.0000000   0.0000000   0.0000000   0.0000000   0.0000000   0.0000000   0.0000000   0.0000000   0.0000097   0.0000121   0.0000000
R 0 1  85  0  2  9    0.0000000   0.0000000   0.0000000   0.0000000   0.0000000   0.0000000   0.0000575   0.0000000   0.0000000   0.0000000   0.0000000   0.0000000
R 0 1  85  0  2 10    0.0000000   0.0000000   0.0000000   0.0000000   0.0000000   0.0000000   0.0000747   0.0000781   0.0000000   0.0000000   0.0000000   0.0000000
R 0 1  85  0  3  0    1.1920056   1.1920056   1.0573326   1.0394680   1.0017653   0.9863325   0.9836347   0.9831976   0.9831976   0.9831976   0.9831976   0.9831976
R 0 1  85  0  3  1    1.0061205   1.0061205   1.0061205   1.0061205   0.9978541   0.9832127   0.9771815   0.9795967   0.9795967   0.9795967   0.9795967   0.9795967
R 0 1  85  0  3  2    0.9943667   0.9943667   0.9943667   0.9943667   0.9995551   0.9833769   0.9815941   0.9804631   0.9804631   0.9804631   0.9804631   0.9804631
R 0 1  85  0  3  3    1.0138439   1.0138439   1.0138439   1.0138439   1.0028429   0.9871949   0.9815780   0.9811136   0.9811136   0.9811136   0.9811136   0.9811136
R 0 1  85  0  3  4    1.0248318   1.0248318   1.0248318   0.9843936   0.9758746   0.9717460   0.9787981   0.9879825   0.9879825   0.9879825   0.9879825   0.9879825
R 0 1  85  0  3  5    1.0029197   1.0029197   1.0064089   0.9825760   0.9717822   0.9710897   0.9738889   0.9738889   0.9738889   0.9738889   0.9738889   0.9738889
R 0 1  85  0  3  6    1.0081308   1.0081308   1.0081308   0.9985959   0.9880509   0.9828843   0.9851282   0.9903285   0.9903285   0.9903285   0.9903285   0.9903285
R 0 1  85  0  3  7    1.0657652   1.0657652   1.0657652   1.0657652   1.0281596   0.9975429   0.9898908   0.9857480   0.9871453   0.9884159   0.9884159   0.9884159
R 0 1  85  0  3  8    1.0251584   1.0251584   1.0251584   1.0251584   1.0251584   1.0251584   1.0251584   1.0001116   0.9850716   0.9839143   0.9880675   1.0173964
R 0 1  85  0  3  9    1.0206217   1.0206217   1.0206217   1.0206217   1.0206217   1.0206217   0.9940362   0.9754164   0.9738995   0.9875575   1.0070902   1.0070902
R 0 1  85  0  3 10    1.0658396   1.0427171   1.0296800   0.9930116   0.9839207   0.9722266   0.9627562   0.9659858   1.0027393   1.0011077   1.0011077   1.0011077
R 0 1  85  0  4  0    1.5054311   1.5054311   1.4697766   2.0918974   2.2741284   2.2806943   2.2843599   2.2638711   2.2638711   2.2638711   2.2638711   2.2638711
R 0 1  85  0  4  1    1.9961257   1.9961257   1.9961257   1.9961257   2.0916799   2.1831144   2.1570948   2.2281781   2.2281781   2.2281781   2.2281781   2.2281781
R 0 1  85  0  4  2    1.9333613   1.9333613   1.9333613   1.9333613   2.2116559   2.2438356   2.2412392   2.2245510   2.2245510   2.2245510   2.2245510   2.2245510
R 0 1  85  0  4  3    1.6766915   1.6766915   1.6766915   1.6766915   2.1690146   2.2638519   2.2233775   2.2252065   2.2252065   2.2252065   2.2252065   2.2252065
R 0 1  85  0  4  4    1.8403788   1.8403788   1.8403788   1.9962684   2.0556891   2.0415469   2.1979781   2.3055177   2.3055177   2.3055177   2.3055177   2.3055177
R 0 1  85  0  4  5    1.6727989   1.6727989   2.1613092   2.1192375   2.0606081   2.0668597   2.0321126   2.0321126   2.0321126   2.0321126   2.0321126   2.0321126
R 0 1  85  0  4  6    1.7870266   1.7870266   1.7870266   2.1529807   2.3381628   2.3378342   2.3532491   2.3465410   2.3465410   2.3465410   2.3465410   2.3465410
R 0 1  85  0  4  7    1.6667758   1.6667758   1.6667758   1.6667758   2.2862234   2.3951890   2.3499883   2.3287481   2.3818679   2.3341989   2.3341989   2.3341989
R 0 1  85  0  4  8    2.2370391   2.2370391   2.2370391   2.2370391   2.2370391   2.2370391   2.2370391   2.2520835   2.2487062   2.2931023   2.2886755   2.2411148
R 0 1  85  0  4  9    2.1302566   2.1302566   2.1302566   2.1302566   2.1302566   2.1302566   1.9944351   2.0509685   2.0573477   2.2457220   2.1416638   2.1416638
R 0 1  85  0  4 10    1.9303975   2.2657931   2.0196287   1.8858842   2.0355959   1.9881858   1.8768694   1.9099608   2.0787706   2.0087543   2.0087543   2.0087543
R 0 1  85  0  5  0   10.6603179  10.6603179   6.4890475   3.6835839   3.5411791   3.8303391   4.0233584   3.9501477   3.9501477   3.9501477   3.9501477   3.9501477
R 0 1  85  0  5  1    3.6869909   3.6869909   3.6869909   3.6869909   4.7914349   4.3632498   4.6663687   4.1705903   4.1705903   4.1705903   4.1705903   4.1705903
R 0 1  85  0  5  2    3.6750157   3.6750157   3.6750157   3.6750157   4.0906416   4.1876569   4.0618970   4.3400859   4.3400859   4.3400859   4.3400859   4.3400859
R 0 1  85  0  5  3    5.9247667   5.9247667   5.9247667   5.9247667   4.3628519   3.9325296   4.3433476   4.2857433   4.2857433   4.2857433   4.2857433   4.2857433
R 0 1  85  0  5  4    5.3260728   5.3260728   5.3260728   5.6711509   5.4137430   5.4108979   4.0206874   3.4365652   3.4365652   3.4365652   3.4365652   3.4365652
R 0 1  85  0  5  5    5.0212579   5.0212579   4.4427578   4.8940324   5.4071673   4.8844589   4.0283714   4.0283714   4.0283714   4.0283714   4.0283714   4.0283714
R 0 1  85  0  5  6    3.9027218   3.9027218   3.9027218   4.3740647   3.3362601   2.9948731   2.3942278   1.8265006   1.8265006   1.8265006   1.8265006   1.8265006
R 0 1  85  0  5  7    5.4230570   5.4230570   5.4230570   5.4230570   3.7433780   2.9281734   2.8879508   2.9875792   2.6151910   2.0910359   2.0910359   2.0910359
R 0 1  85  0  5  8    3.8588982   3.8588982   3.8588982   3.8588982   3.8588982   3.8588982   3.8588982   4.5583656   4.3784192   4.1136867   3.5771485   4.1933979
R 0 1  85  0  5  9    4.2104915   4.2104915   4.2104915   4.2104915   4.2104915   4.2104915   8.0570156   6.3725779   6.4736718   5.1060499   6.8296719   6.8296719
R 0 1  85  0  5 10    6.4807067   3.8375002   3.8769330   5.6441181   4.8260262   6.3317352  10.1339007   9.2239186   6.8104891   6.6965610   6.6965610   6.6965610
F  0  1  85  0  0  0    1.0176076   1.0309417   1.0064285   1.0133514   0.9604255   0.9909048   0.9992641   1.0009605   0.9935824   0.9938815   0.9794006
F  0  1  85  1  0  0    1.0550349   1.0920426   1.0716683   1.0716553   1.0587675   1.0781261   1.0721299   1.0690893   1.0483438   1.0701927   1.0831764
C  0  1  85  0  0  0  -0.1567190  0.0057971 -0.1341129 -0.3952027 -0.4114124 -0.2145285 -0.1826185 -0.2261347 -0.2380599 -0.1995405 -0.3385191 -0.1003482 -0.2245402 -0.2023181 -0.3105173  0.0223905
C  0  1  85  0  0  1   0.1112853 -0.1524230 -0.1154895 -0.1187777 -0.0823913 -0.1400487 -0.1299714 -0.2117587 -0.0035042 -0.0425061  0.0258488 -0.0104698 -0.1696018  0.0085689 -0.1741876  0.0058274
C  0  1  85  0  0  2  -0.0909654 -0.0725818 -0.0105354 -0.2107039 -0.0730928 -0.0811742 -0.0228355 -0.0883010 -0.0521915 -0.1178644 -0.0105701 -0.0187217 -0.0639625 -0.0717158  0.0128107 -0.1099058
C  0  1  85  0  0  3  -0.0010370 -0.0075807 -0.1158321 -0.0278302  0.1252603 -0.1351762 -0.0061700 -0.0857977 -0.0103412 -0.0710615 -0.1661845 -0.1221139 -0.1580427 -0.0357992 -0.1049080 -0.0236006
C  0  1  85  0  0  4   0.0071113 -0.0745686  0.0062152 -0.0127568 -0.1240087 -0.0811310 -0.1218052 -0.0900481 -0.0533114 -0.0731488 -0.1013376  0.0062462 -0.1180686 -0.1599304 -0.0179555 -0.1406069
C  0  1  85  0  0  5  -0.0790906  0.1164374 -0.0793474  0.0737902  0.0402258 -0.0554995  0.0311706 -0.0224571  0.1039766 -0.0415490 -0.0193409  0.0198927 -0.0467426  0.0433545  0.1298460 -0.0764107
C  0  1  85  0  0  6  -0.0211565  0.0626703  0.0940708 -0.0107895 -0.0672242  0.0653998 -0.0561593 -0.1836315 -0.0894806 -0.1029070  0.0244403  0.0115131 -0.0921506  0.0013902 -0.0956490  0.1613284
C  0  1  85  0  0  7  -0.0163273  0.0325242  0.0574829  0.0077653 -0.0071476  0.0182079  0.0453711 -0.0708320 -0.0076188 -0.0420242  0.0081482  0.0208587  0.0348459 -0.0487910 -0.1185094  0.0874011
C  0  1  85  0  0  8   0.0264422  0.0080432  0.0952413 -0.0035834 -0.0123665  0.0418963 -0.0125575  0.0006341 -0.0700535  0.0537303  0.0269893  0.0491270 -0.0410810  0.0816102 -0.0498550  0.0129576
C  0  1  85  0  0  9  -0.0304154  0.0153602  0.0666388  0.0649009  0.0617214  0.0387701  0.0375490  0.0661988 -0.0830838 -0.0100795 -0.0184831  0.0322219 -0.0001106  0.0715364  0.0485758  0.0289368
C  0  1  85  0  0 10  -0.0229263 -0.0171620  0.0741453  0.0280494  0.0240766  0.0257592 -0.0699426 -0.0671531 -0.0089799 -0.1085946 -0.0040778 -0.0318433 -0.0390553  0.0927564  0.0059642  0.0399602
C  0  1  85  0  0 11  -0.0171025  0.0442502 -0.0438227  0.0778419  0.0725989  0.0545962  0.0523402  0.1140382 -0.0304410 -0.0052204 -0.0110776 -0.1317466  0.0100038  0.0149215 -0.0079003  0.0216855
C  0  1  85  0  0 12   0.0928120  0.0595377  0.0585031  0.0414593  0.0142378  0.0295524 -0.0103814  0.0107727 -0.0148442  0.0448783 -0.0258442 -0.0147857 -0.0450543  0.0126391  0.0292704  0.0151893
C  0  1  85  0  0 13   0.0298936  0.0317961  0.0737246 -0.0319534 -0.0214225  0.0224610  0.0259155 -0.0606898  0.0403664  0.0170712 -0.0403344  0.0439460 -0.0400592 -0.0585487 -0.0263516 -0.0069991
C  0  1  85  0  0 14   0.0937638  0.0235323 -0.0198459  0.0068829 -0.0543772 -0.0049692  0.0055988  0.0168039  0.0554317 -0.0534708  0.0845954 -0.0958290  0.0403093  0.0978011 -0.0005793 -0.0892476
C  0  1  85  0  0 15  -0.0458568  0.0329715 -0.0138670  0.0385038  0.0098828  0.0007877  0.0025674 -0.0191002 -0.0550054 -0.0883524 -0.0653021 -0.1940716  0.0727652  0.0229900 -0.0983015  0.0246462
C  0  1  85  0  0 16   0.1582046  0.1151420  0.0200028  0.0250736 -0.0137058 -0.1297567  0.0230091  0.0722871 -0.0078418  0.0396531 -0.0173535 -0.1242566 -0.0296731 -0.0253649 -0.0797543  0.0110466
C  0  1  85  0  0 17  -0.0393290 -0.0972690 -0.0674704 -0.0756616 -0.0935067 -0.0010396  0.0275052  0.0472056 -0.0208159 -0.1297801 -0.0016734 -0.0023252 -0.1485789 -0.2057188 -0.1737457 -0.0234719
C  0  1  85  0  0 18  -0.1414288 -0.0876352 -0.0147114 -0.1986871 -0.0602630 -0.1029432 -0.0560065 -0.1398436 -0.0648508  0.0168912 -0.0989843 -0.1241892 -0.0780375 -0.0459943 -0.2452107 -0.0186521
C  0  1  85  0  0 19   0.0781514 -0.0619496 -0.1888265  0.0128214 -0.0845423 -0.0716243 -0.1443238 -0.0694684 -0.0563287 -0.0353797 -0.0843706 -0.0656827 -0.0928733 -0.1409523 -0.0160062 -0.1726341
C  0  1  85  0  0 20  -0.1239095  0.0041941 -0.1028577 -0.0427957 -0.1621526 -0.1526964 -0.1027697 -0.0750539 -0.1407779 -0.1239288 -0.1747120  0.0969900 -0.0460766 -0.1830809 -0.2335164 -0.1800746
C  0  1  85  0  0 21  -0.1678074 -0.2490901 -0.2393849 -0.1585468 -0.1895858 -0.2879761 -0.2747136 -0.0828417 -0.2450084  0.0144988 -0.1894345 -0.2492750 -0.2719887 -0.2131052 -0.5057429 -0.4029181
C  0  1  85  0  1  0   0.0001946  0.0037639 -0.0046533 -0.0036313 -0.0034607  0.0011145  0.0016921  0.0014329  0.0019932  0.0004846 -0.0038638  0.0029004  0.0041951  0.0042017  0.0058822  0.0054863
C  0  1  85  0  1  1   0.0014873  0.0020287 -0.0010385 -0.0042136  0.0014485 -0.0015073  0.0053794 -0.0001527  0.0037964 -0.0028974 -0.0032361 -0.0029615  0.0038545  0.0065331  0.0001000  0.0004988
C  0  1  85  0  1  2  -0.0001166 -0.0014523 -0.0009361  0.0019001 -0.0016513  0.0013383 -0.0016070 -0.0006635 -0.0003336  0.0022765 -0.0012648 -0.0004097  0.0017081 -0.0013479  0.0002798  0.0000698
C  0  1  85  0  1  3   0.0035192  0.0013346  0.0038302 -0.0004089 -0.0016251  0.0003221 -0.0013640 -0.0030430 -0.0006288  0.0004458 -0.0006967 -0.0019027 -0.0005102 -0.0004559  0.0030345  0.0003099
C  0  1  85  0  1  4   0.0018830 -0.0005789  0.0000995  0.0044374  0.0004834  0.0016860  0.0039092 -0.0006794  0.0004627  0.0005332 -0.0005425 -0.0020374  0.0041425 -0.0009833  0.0021300 -0.0032102
C  0  1  85  0  1  5   0.0002774  0.0011415 -0.0021430  0.0009653  0.0013572 -0.0003289 -0.0016868  0.0001060 -0.0000316  0.0009307  0.0004653 -0.0008547  0.0003746  0.0002350  0.0001974 -0.0022302
C  0  1  85  0  1  6   0.0036372  0.0023420 -0.0014117 -0.0015419 -0.0003173 -0.0005275  0.0000270 -0.0012509 -0.0012171 -0.0000961 -0.0020895 -0.0011178  0.0003480 -0.0011818  0.0015445 -0.0013328
C  0  1  85  0  1  7   0.0022475 -0.0011783  0.0032668  0.0005233  0.0016982  0.0024276 -0.0011268  0.0004343  0.0006915 -0.0015537  0.0014525 -0.0005798 -0.0013849  0.0011287 -0.0005470 -0.0006796
C  0  1  85  0  1  8   0.0026381  0.0021227  0.0008106 -0.0003535 -0.0003957  0.0006514 -0.0002235  0.0008234  0.0005890  0.0017319  0.0009619 -0.0017751 -0.0022437 -0.0000757 -0.0003879  0.0004773
C  0  1  85  0  1  9  -0.0024043  0.0013270  0.0017049 -0.0005785 -0.0002097 -0.0005831  0.0003164 -0.0002167  0.0004892 -0.0005762 -0.0015324 -0.0017122  0.0005449 -0.0001298 -0.0020196 -0.0013762
C  0  1  85  0  1 10  -0.0002757  0.0003301  0.0021672  0.0006166  0.0004609  0.0012894 -0.0006293 -0.0004571 -0.0031958 -0.0018244  0.0009581  0.0006005 -0.0014541 -0.0011238 -0.0002832  0.0008732
C  0  1  85  0  1 11   0.0003137 -0.0000860 -0.0013300 -0.0000483  0.0005533 -0.0000609 -0.0007557 -0.0025716 -0.0031693  0.0005869  0.0003142 -0.0014446  0.0005344  0.0012561 -0.0006395  0.0007649
C  0  1  85  0  1 12   0.0004475 -0.0008093  0.0010874 -0.0004105  0.0009841 -0.0009358 -0.0008670 -0.0012401  0.0013686 -0.0004974 -0.0004539  0.0026736 -0.0001199 -0.0008158  0.0003287 -0.0013124
C  0  1  85  0  1 13   0.0020150 -0.0011106  0.0010288  0.0027002  0.0008625  0.0003141 -0.0005906  0.0000135 -0.0010284 -0.0006539 -0.0003916 -0.0026689 -0.0017418 -0.0009163  0.0009359  0.0012832
C  0  1  85  0  1 14   0.0007233  0.0009768  0.0007910  0.0011268 -0.0003002  0.0017591  0.0003661  0.0009275  0.0005879  0.0012163  0.0008128 -0.0010367  0.0003785 -0.0002743 -0.0002435  0.0021357
C  0  1  85  0  1 15   0.0014000  0.0001084 -0.0003246  0.0002497  0.0003974  0.0020836 -0.0002035 -0.0029042  0.0005568 -0.0009053  0.0000001  0.0010065 -0.0003412 -0.0005564  0.0010165  0.0007690
C  0  1  85  0  1 16   0.0003219  0.0035169  0.0006840  0.0015093 -0.0003302  0.0030321  0.0002987 -0.0019310  0.0023587 -0.0007120 -0.0000424 -0.0011197 -0.0004731  0.0006205  0.0012300  0.0036536
C  0  1  85  0  1 17   0.0015156 -0.0006048 -0.0012467  0.0038458  0.0011984  0.0015944  0.0003677  0.0015956  0.0033090  0.0043129 -0.0006025  0.0008828  0.0021603 -0.0014355  0.0031510  0.0039886
C  0  1  85  0  1 18   0.0037819  0.0036372  0.0037198 -0.0003175 -0.0008507  0.0032005  0.0069420  0.0004899 -0.0028668  0.0017183  0.0026632 -0.0017178 -0.0031821 -0.0012182  0.0036255  0.0032559
C  0  1  85  0  1 19   0.0040850  0.0039797  0.0000847  0.0052680  0.0017946 -0.0004513  0.0024571 -0.0006324  0.0028316  0.0034072 -0.0011597  0.0001473  0.0020187  0.0031677  0.0058922  0.0049092
C  0  1  85  0  1 20   0.0070187  0.0063134  0.0054491  0.0046606  0.0010374  0.0060733  0.0019031  0.0028691  0.0014156  0.0050959 -0.0012503 -0.0019825  0.0028670  0.0024358  0.0042646  0.0049989
C  0  1  85  0  1 21   0.0124268  0.0134913  0.0058962 -0.0018486 -0.0029140 -0.0045608 -0.0091425  0.0001494 -0.0041920 -0.0013865  0.0010174  0.0028039  0.0016659  0.0086000  0.0110906  0.0021021
C  0  1  85  1  0  0  -0.4107523 -0.3383837 -0.3519709 -0.4191787 -0.1250713 -0.3168289 -0.3617129 -0.3066537 -0.3292660 -0.2543503 -0.3816170 -0.4557679 -0.4508793 -0.5013061 -0.3962620 -0.4008546
C  0  1  85  1  0  1  -0.3394197 -0.2877312 -0.2378980 -0.2144857 -0.3184858 -0.2928262 -0.2368247 -0.1990406 -0.2344209 -0.2707932 -0.2998796 -0.3209674 -0.2969163 -0.3777721 -0.3682325 -0.2671933
C  0  1  85  1  0  2  -0.3402793 -0.2981430 -0.3157528 -0.2526064 -0.2500584 -0.1912843 -0.2712552 -0.2854864 -0.2383508 -0.2426297 -0.3248005 -0.2575926 -0.3123916 -0.3842303 -0.3046037 -0.3625349
C  0  1  85  1  0  3  -0.3115527 -0.2950747 -0.2570089 -0.2666417 -0.3267231 -0.2268173 -0.1632362 -0.1543695 -0.0906989 -0.2029882 -0.2201989 -0.3182781 -0.3056736 -0.2862754 -0.2842868 -0.2974909
C  0  1  85  1  0  4  -0.2741638 -0.2322774 -0.2487282 -0.2718162 -0.1957826 -0.2081922 -0.2967499 -0.2413009 -0.2242986 -0.2247301 -0.2189591 -0.3079036 -0.3362172 -0.2697352 -0.2939266 -0.2966759
C  0  1  85  1  0  5  -0.1891284 -0.1177848 -0.2042722 -0.1361851 -0.1407067 -0.1022790 -0.1682490 -0.1484699 -0.1687196 -0.1529879 -0.1494565 -0.1994601 -0.2471909 -0.1563544 -0.1772341 -0.1974820
C  0  1  85  1  0  6  -0.1786120 -0.1470830 -0.1824575 -0.1553526 -0.1209866 -0.1001030 -0.1415237 -0.1637189 -0.1354427 -0.1265587 -0.1488203 -0.1369452 -0.1289411 -0.1747226 -0.1320038 -0.2111647
C  0  1  85  1  0  7  -0.1677125 -0.1509183 -0.1375853 -0.1252471 -0.1737213 -0.1560358 -0.1285654 -0.1723935 -0.1430991 -0.0868485 -0.1049788 -0.1757628 -0.1447726 -0.1788178 -0.1292214 -0.1215572
C  0  1  85  1  0  8  -0.1657946 -0.0588802 -0.1359359 -0.1470013 -0.1663106 -0.1921878 -0.1272938 -0.1454924 -0.1950434 -0.1265622 -0.1331644 -0.1571197 -0.1095692 -0.1347490 -0.1712950 -0.1331405
C  0  1  85  1  0  9  -0.1313481 -0.1152992 -0.0539501 -0.1226897 -0.0936887 -0.1111364 -0.0894858 -0.1919346 -0.1024682 -0.1447890 -0.1047694 -0.1388532 -0.1239087 -0.0944125 -0.1185744 -0.1537243
C  0  1  85  1  0 10  -0.1242827 -0.1025899 -0.1145669 -0.1271006 -0.1572668 -0.1077415 -0.1378990 -0.1205878 -0.1086077 -0.1520189 -0.1226632 -0.1235140 -0.1096221 -0.1123432 -0.1143685 -0.1383657
C  0  1  85  1  0 11  -0.1278271 -0.1098453 -0.1463677 -0.1040209 -0.1070771 -0.0936706 -0.1058508 -0.1225580 -0.1581096 -0.0888624 -0.0997244 -0.1146179 -0.1463891 -0.1321960 -0.0940823 -0.1320301
C  0  1  85  1  0 12  -0.1017657 -0.0944476 -0.1449206 -0.0897427 -0.1555362 -0.1251743 -0.1709891 -0.1975584 -0.1255408 -0.0953481 -0.1293745 -0.1004960 -0.1008387 -0.1139592 -0.1131123 -0.1468192
C  0  1  85  1  0 13  -0.1158690 -0.1340200 -0.1417629 -0.1226171 -0.1182682 -0.1265649 -0.1554170 -0.1354864 -0.1037329 -0.1508571 -0.1841996 -0.1500783 -0.1853002 -0.1317085 -0.1595889 -0.1293878
C  0  1  85  1  0 14  -0.1166521 -0.1463859 -0.1211948 -0.1552000 -0.1389691 -0.1114459 -0.1744155 -0.2140723 -0.1548747 -0.1533637 -0.1202776 -0.1522512 -0.1893287 -0.1225770 -0.1602514 -0.1778801
C  0  1  85  1  0 15  -0.1104951 -0.1705653 -0.1647924 -0.1506600 -0.1575931 -0.1390714 -0.1583663 -0.1540803 -0.1550780 -0.1575207 -0.1233263 -0.1902101 -0.1148065 -0.1323693 -0.1203351 -0.1350503
C  0  1  85  1  0 16  -0.1747951 -0.1333574 -0.1631095 -0.1292831 -0.1146480 -0.1602109 -0.2016642 -0.1728084 -0.1562511 -0.1857456 -0.1301630 -0.1474200 -0.1248479 -0.1500847 -0.1532182 -0.1214391
C  0  1  85  1  0 17  -0.2422484 -0.3008400 -0.2014066 -0.2617667 -0.2224049 -0.2685369 -0.2643600 -0.2410074 -0.2625446 -0.2668230 -0.2663080 -0.2491691 -0.2274305 -0.2725941 -0.2753799 -0.2312249
C  0  1  85  1  0 18  -0.2493733 -0.2337339 -0.2539902 -0.2602036 -0.2272078 -0.2206673 -0.3100244 -0.2648373 -0.3080652 -0.2498104 -0.2555197 -0.2835489 -0.2504409 -0.2065883 -0.1784415 -0.2006123
C  0  1  85  1  0 19  -0.2445108 -0.2344863 -0.2574478 -0.2992696 -0.3138368 -0.2661002 -0.2310034 -0.2201493 -0.2766114 -0.3505931 -0.2175303 -0.2807340 -0.2826000 -0.3280716 -0.3445152 -0.2575641
C  0  1  85  1  0 20  -0.1878304 -0.2695259 -0.3258878 -0.3002765 -0.2673200 -0.1981335 -0.2175855 -0.2875497 -0.3533995 -0.3263499 -0.2936253 -0.2718498 -0.3349253 -0.2890168 -0.2298213 -0.2670916
C  0  1  85  1  0 21  -0.3602900 -0.3235149 -0.3176470 -0.3652702 -0.2635800 -0.2523431 -0.3289891 -0.3404084 -0.3853923 -0.3671377 -0.3377284 -0.3811435 -0.2944169 -0.3669099 -0.3877255 -0.3438733
C  0  1  85  1  1  0   0.0459243  0.0495188  0.0425436  0.0240983  0.0006022 -0.0176531 -0.0328099 -0.0433054 -0.0435659 -0.0372887 -0.0327876 -0.0169012  0.0051495  0.0056373  0.0257829  0.0395354
C  0  1  85  1  1  1   0.0258539  0.0216312  0.0181953  0.0126606  0.0017721 -0.0079230 -0.0147298 -0.0179990 -0.0181883 -0.0158228 -0.0153937 -0.0079691  0.0035790  0.0081721  0.0121420  0.0252173
C  0  1  85  1  1  2   0.0132103  0.0134559  0.0093959  0.0055416  0.0018758 -0.0030110 -0.0081671 -0.0086704 -0.0088487 -0.0058277 -0.0060748 -0.0026766 -0.0003757  0.0045494  0.0048078  0.0109085
C  0  1  85  1  1  3   0.0072742  0.0071083  0.0024599  0.0038259  0.0006877  0.0009529 -0.0035459 -0.0025011 -0.0006961  0.0002402 -0.0027226 -0.0007455  0.0011201  0.0018852  0.0016873  0.0061321
C  0  1  85  1  1  4   0.0020699  0.0029124  0.0014363  0.0001155  0.0032723  0.0023596  0.0009497  0.0024519  0.0038879  0.0036716 -0.0009749 -0.0005914  0.0014989  0.0017656  0.0046672  0.0017439
C  0  1  85  1  1  5   0.0007416  0.0015717  0.0005583  0.0029363  0.0032466  0.0033698  0.0031449  0.0045633  0.0050288  0.0022685 -0.0013152 -0.0022085  0.0014933  0.0021694  0.0018610 -0.0006895
C  0  1  85  1  1  6   0.0006644  0.0011275  0.0011205  0.0040690  0.0042422  0.0041326  0.0043112  0.0043329  0.0044096  0.0010937 -0.0007060  0.0003827  0.0008801  0.0013167  0.0002815 -0.0000571
C  0  1  85  1  1  7  -0.0004903  0.0016931  0.0017852  0.0035074  0.0047603  0.0041399  0.0056440  0.0031968  0.0034988  0.0013810  0.0003261 -0.0007610  0.0008500  0.0015610  0.0015208 -0.0013394
C  0  1  85  1  1  8  -0.0005017  0.0014341  0.0021516  0.0016596  0.0047057  0.0035661  0.0052034  0.0054183  0.0052208  0.0017327  0.0015580 -0.0006586  0.0012081  0.0014838  0.0007274 -0.0012503
C  0  1  85  1  1  9   0.0006378  0.0017333  0.0019587  0.0023769  0.0025153  0.0032291  0.0034639  0.0035436  0.0025660 -0.0003928  0.0016169  0.0009766  0.0016578  0.0002585 -0.0003248 -0.0018870
C  0  1  85  1  1 10  -0.0003481  0.0025633  0.0017962  0.0013378  0.0013888  0.0024906  0.0023444  0.0031700  0.0027488  0.0000646 -0.0006591  0.0001616 -0.0006761  0.0006742  0.0021065 -0.0002632
C  0  1  85  1  1 11   0.0005744  0.0011034  0.0013160  0.0019285  0.0031694  0.0006813  0.0013355  0.0023384  0.0028036  0.0022613 -0.0019902 -0.0012108  0.0001609 -0.0004826  0.0004486 -0.0018128
C  0  1  85  1  1 12   0.0000243  0.0017145  0.0022465  0.0030707  0.0025471  0.0014926  0.0015671  0.0022061  0.0043933  0.0010748  0.0008320  0.0004814  0.0003510 -0.0004275  0.0003108 -0.0018532
C  0  1  85  1  1 13   0.0001658  0.0025163  0.0024686  0.0026545  0.0029221  0.0036250  0.0041778  0.0058441  0.0050972  0.0015340  0.0009839 -0.0005554 -0.0004243 -0.0014970 -0.0001577 -0.0020681
C  0  1  85  1  1 14  -0.0007416  0.0005274  0.0026309  0.0039733  0.0032687  0.0020195  0.0040320  0.0064788  0.0049975  0.0017860  0.0010122 -0.0005233 -0.0015759 -0.0010857 -0.0015291 -0.0022384
C  0  1  85  1  1 15  -0.0020977 -0.0002530  0.0030833  0.0033721  0.0024715 -0.0011051  0.0017652  0.0026795  0.0055824  0.0022891  0.0015028  0.0001426 -0.0034349 -0.0063552 -0.0060793 -0.0053752
C  0  1  85  1  1 16  -0.0006345  0.0012591  0.0032412  0.0044144  0.0029781  0.0005171  0.0038024  0.0029767  0.0052317  0.0068384  0.0022790  0.0013754 -0.0012576 -0.0016260 -0.0048189 -0.0052323
C  0  1  85  1  1 17  -0.0029230  0.0016887  0.0021184  0.0057682  0.0020724 -0.0016291  0.0014288  0.0035392  0.0042102  0.0043772  0.0043581  0.0020141 -0.0007690 -0.0032882 -0.0049760 -0.0050000
C  0  1  85  1  1 18  -0.0006997  0.0072555  0.0061492  0.0058423  0.0039586 -0.0008470 -0.0017555 -0.0020411  0.0035003  0.0033308  0.0019581  0.0014192 -0.0020853 -0.0049106 -0.0061543 -0.0048257
C  0  1  85  1  1 19   0.0005256  0.0083720  0.0118660  0.0102217  0.0064546  0.0021825 -0.0030427 -0.0014704  0.0030319  0.0051382  0.0013621 -0.0000894 -0.0022764 -0.0053390 -0.0051189 -0.0028652
C  0  1  85  1  1 20   0.0010613  0.0143347  0.0190055  0.0135212  0.0075185  0.0048833 -0.0015794 -0.0010513  0.0002642  0.0054816  0.0010831 -0.0029519 -0.0076933 -0.0087759 -0.0051741 -0.0064498
C  0  1  85  1  1 21   0.0089055  0.0214235  0.0326766  0.0205326  0.0182313  0.0162763  0.0115613  0.0127771  0.0124006  0.0163092  0.0020363 -0.0010713 -0.0092223 -0.0172878 -0.0055733  0.0042504
