CPHI 16 
CETA 22 -2.40 -2.10 -1.85 -1.60 -1.40 -1.20 -1.00 -0.80 -0.60 -0.40 -0.20  0.00  0.20  0.40  0.60  0.80  1.00  1.20  1.40  1.60  1.85  2.10  2.40 
RMIN  6 
RTRK 12 
RETA 11  0.00  0.20  0.40  0.60  0.80  1.00  1.20  1.40  1.60  1.85  2.10  2.40 
T 0 1  86  0  0  0    0.0000000   0.0005998   0.0016190   0.0030960   0.0121835   0.0688449   0.2781381   0.6541830   1.0000000   1.0000000   1.0000000   1.0000000   1.0000000
T 0 1  86  0  0  1    0.0000000   0.0001325   0.0005217   0.0023442   0.0124181   0.0589192   0.2258115   0.5888021   1.0000000   1.0000000   1.0000000   1.0000000   1.0000000
T 0 1  86  0  0  2    0.0000000   0.0001105   0.0004740   0.0016850   0.0105794   0.0551089   0.2091831   0.5738106   1.0000000   1.0000000   1.0000000   1.0000000   1.0000000
T 0 1  86  0  0  3    0.0000000   0.0002153   0.0006303   0.0017331   0.0116032   0.0626251   0.2255501   0.5856316   1.0000000   1.0000000   1.0000000   1.0000000   1.0000000
T 0 1  86  0  0  4    0.0000000   0.0003858   0.0025003   0.0143360   0.0631158   0.2036870   0.4885879   0.8220874   1.0000000   1.0000000   1.0000000   1.0000000   1.0000000
T 0 1  86  0  0  5    0.0000000   0.0009554   0.0074150   0.0516495   0.2052779   0.5331806   0.8758978   0.9993891   1.0000000   1.0000000   1.0000000   1.0000000   1.0000000
T 0 1  86  0  0  6    0.0000000   0.0002763   0.0011461   0.0101551   0.0669938   0.2766013   0.6636305   0.9310460   0.9981963   0.9999994   1.0000000   1.0000000   1.0000000
T 0 1  86  0  0  7    0.0000000   0.0000583   0.0003860   0.0008570   0.0048380   0.0309118   0.1191480   0.2970217   0.5813983   0.8692548   0.9840741   0.9998538   1.0000000
T 0 1  86  0  0  8    0.0000000   0.0000026   0.0000383   0.0001155   0.0003733   0.0009691   0.0042098   0.0248177   0.1190221   0.3931873   0.7894012   0.9693576   1.0000000
T 0 1  86  0  0  9    0.0000000   0.0000060   0.0000086   0.0000231   0.0004890   0.0035463   0.0185283   0.0863286   0.3013827   0.6578033   0.9380979   0.9999338   1.0000000
T 0 1  86  0  0 10    0.0000000   0.0065844   0.0288164   0.0459187   0.0785847   0.1685930   0.3377093   0.6891338   0.9101422   0.9701713   0.9998090   1.0000000   1.0000000
T 0 1  86  1  0  0    0.0000000   0.0005148   0.0016399   0.0047460   0.0213440   0.1017716   0.3374237   0.6994022   1.0000000   1.0000000   1.0000000   1.0000000   1.0000000
T 0 1  86  1  0  1    0.0000000   0.0002633   0.0010891   0.0042307   0.0181163   0.0752157   0.2537985   0.6193956   1.0000000   1.0000000   1.0000000   1.0000000   1.0000000
T 0 1  86  1  0  2    0.0000000   0.0002194   0.0008486   0.0027728   0.0124455   0.0616642   0.2339277   0.6064318   1.0000000   1.0000000   1.0000000   1.0000000   1.0000000
T 0 1  86  1  0  3    0.0000000   0.0002283   0.0008669   0.0027852   0.0140251   0.0700545   0.2491207   0.6198491   1.0000000   1.0000000   1.0000000   1.0000000   1.0000000
T 0 1  86  1  0  4    0.0000000   0.0004356   0.0027620   0.0153929   0.0663357   0.2155446   0.5058694   0.8320271   1.0000000   1.0000000   1.0000000   1.0000000   1.0000000
T 0 1  86  1  0  5    0.0000000   0.0011873   0.0094478   0.0577925   0.2246261   0.5586818   0.8900123   0.9996500   1.0000000   1.0000000   1.0000000   1.0000000   1.0000000
T 0 1  86  1  0  6    0.0000000   0.0004626   0.0026649   0.0180020   0.0942133   0.3329130   0.7236541   0.9536823   0.9988141   0.9999984   1.0000000   1.0000000   1.0000000
T 0 1  86  1  0  7    0.0000000   0.0002246   0.0006446   0.0024765   0.0123245   0.0526267   0.1570011   0.3413836   0.6074237   0.8728054   0.9849908   0.9998878   1.0000000
T 0 1  86  1  0  8    0.0000000   0.0009562   0.0014955   0.0017998   0.0022382   0.0036136   0.0107994   0.0452511   0.1686405   0.4573475   0.8251665   0.9710661   1.0000000
T 0 1  86  1  0  9    0.0000000   0.0021003   0.0074838   0.0131257   0.0159362   0.0198461   0.0401951   0.1288935   0.3661962   0.7154288   0.9583841   0.9999941   1.0000000
T 0 1  86  1  0 10    0.0000000   0.0032254   0.0170235   0.0428863   0.0843736   0.1746921   0.3942474   0.7474223   0.9511020   0.9856143   0.9999985   1.0000000   1.0000000
R 0 1  86  0  0  0    0.0232526   0.0232526   0.0109967   0.0104722   0.0103291   0.0101620   0.0099986   0.0098699   0.0098699   0.0098699   0.0098699   0.0098699
R 0 1  86  0  0  1    0.0119885   0.0119885   0.0119885   0.0119885   0.0109359   0.0109136   0.0109739   0.0108395   0.0108395   0.0108395   0.0108395   0.0108395
R 0 1  86  0  0  2    0.0123707   0.0123707   0.0123707   0.0123707   0.0119925   0.0119666   0.0118798   0.0116528   0.0116528   0.0116528   0.0116528   0.0116528
R 0 1  86  0  0  3    0.0137930   0.0137930   0.0137930   0.0137930   0.0128105   0.0125784   0.0123447   0.0122620   0.0122620   0.0122620   0.0122620   0.0122620
R 0 1  86  0  0  4    0.0191033   0.0191033   0.0191033   0.0174795   0.0168643   0.0159203   0.0144868   0.0130690   0.0130690   0.0130690   0.0130690   0.0130690
R 0 1  86  0  0  5    0.0206388   0.0206388   0.0193178   0.0190915   0.0187337   0.0180729   0.0168648   0.0168648   0.0168648   0.0168648   0.0168648   0.0168648
R 0 1  86  0  0  6    0.0200438   0.0200438   0.0200438   0.0204691   0.0207518   0.0206672   0.0208830   0.0206886   0.0206886   0.0206886   0.0206886   0.0206886
R 0 1  86  0  0  7    0.0208705   0.0208705   0.0208705   0.0208705   0.0205661   0.0211197   0.0211825   0.0210213   0.0205609   0.0196823   0.0196823   0.0196823
R 0 1  86  0  0  8    0.0211037   0.0211037   0.0211037   0.0211037   0.0211037   0.0211037   0.0211037   0.0210364   0.0209918   0.0209073   0.0202060   0.0188017
R 0 1  86  0  0  9    0.0317587   0.0317587   0.0317587   0.0317587   0.0317587   0.0317587   0.0300403   0.0289236   0.0274336   0.0264450   0.0249064   0.0249064
R 0 1  86  0  0 10    0.0780976   0.0711207   0.0628334   0.0542939   0.0474082   0.0442107   0.0409943   0.0356150   0.0336423   0.0304777   0.0304777   0.0304777
R 0 1  86  0  1  0    0.0000000   0.0000000   0.0000000   0.0000622   0.0000822   0.0000799   0.0000712   0.0000669   0.0000669   0.0000669   0.0000669   0.0000669
R 0 1  86  0  1  1    0.0001071   0.0001071   0.0001071   0.0001071   0.0000639   0.0000700   0.0000608   0.0000570   0.0000570   0.0000570   0.0000570   0.0000570
R 0 1  86  0  1  2    0.0000773   0.0000773   0.0000773   0.0000773   0.0000669   0.0000664   0.0000611   0.0000517   0.0000517   0.0000517   0.0000517   0.0000517
R 0 1  86  0  1  3    0.0000818   0.0000818   0.0000818   0.0000818   0.0000723   0.0000599   0.0000553   0.0000511   0.0000511   0.0000511   0.0000511   0.0000511
R 0 1  86  0  1  4    0.0001306   0.0001306   0.0001306   0.0000967   0.0000859   0.0000737   0.0000560   0.0000459   0.0000459   0.0000459   0.0000459   0.0000459
R 0 1  86  0  1  5    0.0001111   0.0001111   0.0000786   0.0000741   0.0000676   0.0000572   0.0000460   0.0000460   0.0000460   0.0000460   0.0000460   0.0000460
R 0 1  86  0  1  6    0.0000704   0.0000704   0.0000704   0.0000480   0.0000549   0.0000571   0.0000531   0.0000251   0.0000251   0.0000251   0.0000251   0.0000251
R 0 1  86  0  1  7    0.0000570   0.0000570   0.0000570   0.0000570   0.0000755   0.0000677   0.0000666   0.0000759   0.0000739   0.0000544   0.0000544   0.0000544
R 0 1  86  0  1  8    0.0001195   0.0001195   0.0001195   0.0001195   0.0001195   0.0001195   0.0001195   0.0001092   0.0000998   0.0000990   0.0000839   0.0000837
R 0 1  86  0  1  9    0.0003008   0.0003008   0.0003008   0.0003008   0.0003008   0.0003008   0.0002231   0.0002002   0.0001872   0.0001582   0.0001229   0.0001229
R 0 1  86  0  1 10    0.0013407   0.0010988   0.0009603   0.0008057   0.0005875   0.0004903   0.0003831   0.0002716   0.0001960   0.0001578   0.0001578   0.0001578
R 0 1  86  0  2  0    0.0000000   0.0000000   0.0000000   0.0000000   0.0000000   0.0000141   0.0000181   0.0000000   0.0000000   0.0000000   0.0000000   0.0000000
R 0 1  86  0  2  1    0.0000000   0.0000000   0.0000000   0.0000000   0.0000000   0.0000226   0.0000000   0.0000127   0.0000127   0.0000127   0.0000127   0.0000127
R 0 1  86  0  2  2    0.0000783   0.0000783   0.0000783   0.0000783   0.0000441   0.0000233   0.0000075   0.0000191   0.0000191   0.0000191   0.0000191   0.0000191
R 0 1  86  0  2  3    0.0000000   0.0000000   0.0000000   0.0000000   0.0000230   0.0000000   0.0000063   0.0000000   0.0000000   0.0000000   0.0000000   0.0000000
R 0 1  86  0  2  4    0.0000000   0.0000000   0.0000000   0.0000000   0.0000000   0.0000155   0.0000072   0.0000093   0.0000093   0.0000093   0.0000093   0.0000093
R 0 1  86  0  2  5    0.0000000   0.0000000   0.0000000   0.0000167   0.0000302   0.0000106   0.0000000   0.0000000   0.0000000   0.0000000   0.0000000   0.0000000
R 0 1  86  0  2  6    0.0000000   0.0000000   0.0000000   0.0000374   0.0000000   0.0000000   0.0000000   0.0000000   0.0000000   0.0000000   0.0000000   0.0000000
R 0 1  86  0  2  7    0.0000000   0.0000000   0.0000000   0.0000000   0.0000722   0.0000000   0.0000000   0.0000000   0.0000000   0.0000151   0.0000151   0.0000151
R 0 1  86  0  2  8    0.0000000   0.0000000   0.0000000   0.0000000   0.0000000   0.0000000   0.0000000   0.0000000   0.0000000   0.0000158   0.0000000   0.0000000
R 0 1  86  0  2  9    0.0000000   0.0000000   0.0000000   0.0000000   0.0000000   0.0000000   0.0000000   0.0000000   0.0000163   0.0000540   0.0000000   0.0000000
R 0 1  86  0  2 10    0.0000000   0.0000000   0.0000000   0.0000000   0.0000000   0.0000000   0.0000000   0.0000325   0.0000000   0.0000000   0.0000000   0.0000000
R 0 1  86  0  3  0    1.0498912   1.0498912   1.0097100   1.0276454   0.9955042   0.9845254   0.9824453   0.9826411   0.9826411   0.9826411   0.9826411   0.9826411
R 0 1  86  0  3  1    1.0303500   1.0303500   1.0303500   1.0303500   0.9878417   0.9865447   0.9794894   0.9778796   0.9778796   0.9778796   0.9778796   0.9778796
R 0 1  86  0  3  2    1.0210822   1.0210822   1.0210822   1.0210822   1.0008938   0.9860109   0.9799601   0.9808903   0.9808903   0.9808903   0.9808903   0.9808903
R 0 1  86  0  3  3    0.9970875   0.9970875   0.9970875   0.9970875   0.9996717   0.9863367   0.9812825   0.9809175   0.9809175   0.9809175   0.9809175   0.9809175
R 0 1  86  0  3  4    1.0043158   1.0043158   1.0043158   0.9830539   0.9796817   0.9734658   0.9787502   0.9896854   0.9896854   0.9896854   0.9896854   0.9896854
R 0 1  86  0  3  5    0.9924244   0.9924244   0.9979911   0.9854296   0.9751289   0.9720537   0.9703807   0.9703807   0.9703807   0.9703807   0.9703807   0.9703807
R 0 1  86  0  3  6    1.0313521   1.0313521   1.0313521   0.9944652   0.9847285   0.9839256   0.9843406   0.9825764   0.9825764   0.9825764   0.9825764   0.9825764
R 0 1  86  0  3  7    1.0786727   1.0786727   1.0786727   1.0786727   1.0146915   1.0031695   0.9924091   0.9847194   0.9859371   0.9860200   0.9860200   0.9860200
R 0 1  86  0  3  8    1.0258088   1.0258088   1.0258088   1.0258088   1.0258088   1.0258088   1.0258088   0.9902128   0.9816644   0.9820999   0.9880849   1.0261134
R 0 1  86  0  3  9    1.0081086   1.0081086   1.0081086   1.0081086   1.0081086   1.0081086   0.9890290   0.9741220   0.9708782   0.9835787   1.0128300   1.0128300
R 0 1  86  0  3 10    1.0603539   1.0384977   1.0355011   0.9756861   0.9746983   0.9695933   0.9697626   0.9693900   1.0034124   1.0041799   1.0041799   1.0041799
R 0 1  86  0  4  0    1.1478847   1.1478847   1.1515168   2.1668807   2.2311507   2.2815329   2.2416238   2.2736828   2.2736828   2.2736828   2.2736828   2.2736828
R 0 1  86  0  4  1    2.0231986   2.0231986   2.0231986   2.0231986   2.0503810   2.2790034   2.1817957   2.1800879   2.1800879   2.1800879   2.1800879   2.1800879
R 0 1  86  0  4  2    1.9624544   1.9624544   1.9624544   1.9624544   2.1843544   2.2753318   2.2203625   2.2284593   2.2284593   2.2284593   2.2284593   2.2284593
R 0 1  86  0  4  3    1.7945279   1.7945279   1.7945279   1.7945279   2.2391787   2.2382430   2.2111099   2.2259193   2.2259193   2.2259193   2.2259193   2.2259193
R 0 1  86  0  4  4    1.8091484   1.8091484   1.8091484   1.9562265   2.0588115   2.0788260   2.2044118   2.3576089   2.3576089   2.3576089   2.3576089   2.3576089
R 0 1  86  0  4  5    1.6553863   1.6553863   2.0806027   2.2003330   2.1041092   2.0798363   2.0065217   2.0065217   2.0065217   2.0065217   2.0065217   2.0065217
R 0 1  86  0  4  6    1.9159339   1.9159339   1.9159339   2.1614547   2.2685711   2.3236002   2.3469768   2.2606887   2.2606887   2.2606887   2.2606887   2.2606887
R 0 1  86  0  4  7    1.6457383   1.6457383   1.6457383   1.6457383   2.2102003   2.3705382   2.3695150   2.3209709   2.3700991   2.3297795   2.3297795   2.3297795
R 0 1  86  0  4  8    2.3116914   2.3116914   2.3116914   2.3116914   2.3116914   2.3116914   2.3116914   2.2085066   2.2260530   2.2263004   2.2749484   2.3456361
R 0 1  86  0  4  9    2.0459677   2.0459677   2.0459677   2.0459677   2.0459677   2.0459677   2.0405302   2.0247512   1.9960264   2.1903922   2.3757468   2.3757468
R 0 1  86  0  4 10    1.8166083   2.2335528   2.1108712   1.8195247   1.9777962   1.9457213   1.9783710   1.9599371   2.0671668   1.8908894   1.8908894   1.8908894
R 0 1  86  0  5  0   40.0398276  40.0398276   9.8510227   2.9320610   3.8290598   3.8320929   4.2946058   3.9808078   3.9808078   3.9808078   3.9808078   3.9808078
R 0 1  86  0  5  1    3.7150584   3.7150584   3.7150584   3.7150584   4.5416867   3.7334130   4.5085869   4.4719486   4.4719486   4.4719486   4.4719486   4.4719486
R 0 1  86  0  5  2    3.6089569   3.6089569   3.6089569   3.6089569   4.2637568   3.9639665   4.2273365   4.3375825   4.3375825   4.3375825   4.3375825   4.3375825
R 0 1  86  0  5  3    4.8380315   4.8380315   4.8380315   4.8380315   4.0469909   4.2367565   4.5227266   4.3094672   4.3094672   4.3094672   4.3094672   4.3094672
R 0 1  86  0  5  4    5.6344599   5.6344599   5.6344599   5.7545791   5.3084794   4.9828136   3.9638739   3.0628224   3.0628224   3.0628224   3.0628224   3.0628224
R 0 1  86  0  5  5    5.8957869   5.8957869   4.8832465   4.3918856   5.2298209   4.6166717   4.1148408   4.1148408   4.1148408   4.1148408   4.1148408   4.1148408
R 0 1  86  0  5  6    3.5021052   3.5021052   3.5021052   4.0998489   3.6872930   3.0849099   2.4028515   2.0527632   2.0527632   2.0527632   2.0527632   2.0527632
R 0 1  86  0  5  7    4.7477636   4.7477636   4.7477636   4.7477636   3.9891091   3.0910814   2.8671665   2.9853229   2.6120890   2.1085648   2.1085648   2.1085648
R 0 1  86  0  5  8    3.5376214   3.5376214   3.5376214   3.5376214   3.5376214   3.5376214   3.5376214   4.6479725   4.4752926   4.6530242   3.7801189   3.8480632
R 0 1  86  0  5  9    5.7769955   5.7769955   5.7769955   5.7769955   5.7769955   5.7769955   6.4608829   6.5319081   7.0912541   5.6802100   4.2215384   4.2215384
R 0 1  86  0  5 10    9.2770869   3.8722868   3.6500980   5.5724893   5.2233624   7.0814933   7.7852169   8.0292432   6.8143934   8.7141246   8.7141246   8.7141246
F  0  1  86  0  0  0    0.9955386   1.0303929   0.9822107   1.0060127   0.9828906   1.0157699   0.9913634   0.9847370   0.9911379   0.9822006   0.9832869
F  0  1  86  1  0  0    1.0490878   1.0718299   1.0684120   1.0580091   1.0351427   1.0804224   1.0696820   1.0597985   1.0419877   1.0630516   1.0814108
C  0  1  86  0  0  0  -0.3027527 -0.1430006 -0.2872207 -0.4246987 -0.1895308 -0.0154590 -0.1385682 -0.1513919 -0.1474605 -0.1751802 -0.2214992 -0.1793347 -0.2510748 -0.2327707 -0.2061873  0.0577978
C  0  1  86  0  0  1  -0.0789401 -0.1304865 -0.1311626 -0.0439970 -0.0629870 -0.1911861 -0.1473731 -0.1479478 -0.0824710 -0.0883730  0.0509994 -0.1522718 -0.1836755 -0.0133844 -0.1377563  0.0224062
C  0  1  86  0  0  2  -0.1308947 -0.1250389 -0.1727838 -0.1876220 -0.0381401  0.0417987 -0.0877013 -0.0964832  0.0021620 -0.0371787 -0.0891068  0.0273840 -0.1519210 -0.1215369 -0.0639079 -0.0072965
C  0  1  86  0  0  3  -0.0494972 -0.0973196 -0.0828694 -0.0126964  0.0071884 -0.0308718 -0.0950536 -0.0369558 -0.0459350  0.0009745 -0.0984312 -0.0003308 -0.1455038 -0.1635929 -0.1099979  0.0094510
C  0  1  86  0  0  4   0.0008550 -0.1043320 -0.0366705 -0.0956077 -0.0784412 -0.0969964 -0.0675252 -0.0626761 -0.1160653 -0.0583765 -0.0478202 -0.0075826 -0.2028657 -0.1191492 -0.0489121 -0.0280618
C  0  1  86  0  0  5   0.0052586 -0.0428730 -0.1355952 -0.0104412 -0.0571271 -0.0444327  0.0022674 -0.0795559  0.1050178  0.0606975 -0.0284322  0.0334404 -0.0795193  0.0274543 -0.0150297  0.0274405
C  0  1  86  0  0  6   0.0051067  0.0524673  0.0222478 -0.0703111  0.0041598  0.0272527 -0.0886886 -0.0538983  0.0220098 -0.0785506  0.0490595  0.1120154 -0.0910253  0.0006821 -0.0523171  0.0761688
C  0  1  86  0  0  7  -0.0203098  0.0099644  0.0285776 -0.0826727 -0.1271110  0.0362701  0.0596992 -0.0019527  0.0194490 -0.0459769  0.0056747 -0.0168381  0.0243276 -0.0187316  0.0156562 -0.0349016
C  0  1  86  0  0  8   0.0920699  0.0369298  0.0305147 -0.0164568 -0.0257393  0.0697859  0.0208907 -0.0351705  0.0503427 -0.0108580  0.0225182  0.0181775  0.0362101  0.0120106 -0.0556255 -0.0410766
C  0  1  86  0  0  9  -0.0153021  0.0750845 -0.0523799  0.0934863  0.1045452  0.0344788  0.0771089 -0.0050269  0.0092284  0.0169048  0.0339942  0.0655066 -0.0072444  0.0179914 -0.0481092  0.1259499
C  0  1  86  0  0 10  -0.0339019  0.0240752  0.0511252  0.0374182 -0.0066871  0.0330060 -0.0384128 -0.0528626  0.0142682 -0.0475278  0.0554447  0.0342419 -0.0263625  0.0458614  0.0677714  0.0017029
C  0  1  86  0  0 11  -0.0430547  0.0752576 -0.0520658  0.0199675  0.0250205  0.0524546  0.0184657  0.0429091 -0.0341230  0.0781119  0.0174672 -0.0135716 -0.0389194  0.0064483 -0.0041346 -0.0270965
C  0  1  86  0  0 12   0.0707356 -0.0543522 -0.0643885  0.0060441 -0.0015016  0.0843627 -0.0605996 -0.0267125 -0.0096594  0.0942893  0.0018016 -0.0262537 -0.0567805 -0.0166647 -0.0160277 -0.0399778
C  0  1  86  0  0 13  -0.0614198  0.0411046  0.0430672 -0.0026676 -0.0014051 -0.0563284  0.0369143 -0.0110226  0.0324082  0.0355228 -0.0247371 -0.0115291 -0.0773095 -0.0264790 -0.0109546 -0.0047766
C  0  1  86  0  0 14   0.0006331 -0.0628864 -0.0179720 -0.0154563  0.0142872 -0.0385459 -0.0568112  0.0043962 -0.0054242  0.0008779  0.1246695 -0.0202463  0.0364238  0.1027424  0.0110992 -0.0205414
C  0  1  86  0  0 15  -0.0704653  0.0054409 -0.0775412 -0.0288288 -0.0123712 -0.0716894 -0.0077298 -0.0028177 -0.0610821 -0.0405296  0.0225266 -0.1108823 -0.0312014  0.0069126 -0.0495016  0.0320520
C  0  1  86  0  0 16   0.0272943  0.0217520  0.0033500 -0.0690130  0.0243498 -0.0482651  0.0182430  0.0582159 -0.0787553  0.1260263  0.0238327 -0.0232067  0.0179116 -0.0680143 -0.0996201 -0.0221810
C  0  1  86  0  0 17  -0.0183627 -0.1197470 -0.1882812 -0.0841008 -0.1418591 -0.0110610 -0.0836622  0.0043760 -0.0143936 -0.0615018  0.0096195 -0.0223373 -0.0786610 -0.1918222 -0.0629077  0.0090201
C  0  1  86  0  0 18  -0.1466863 -0.0443150 -0.0189762  0.0580099 -0.2206473 -0.0268286 -0.0528713 -0.0401476 -0.0079349 -0.1716896  0.0010101 -0.0732133 -0.0446894 -0.0755348 -0.1163655 -0.0824197
C  0  1  86  0  0 19  -0.0255085 -0.1607403 -0.2180521 -0.0735857 -0.1121945 -0.0777142 -0.0956540 -0.0014057 -0.1413525 -0.0910691 -0.0530560 -0.1300247 -0.0823796 -0.0309025 -0.1080690 -0.0908257
C  0  1  86  0  0 20  -0.0206838 -0.1157433 -0.1041039 -0.0866515 -0.0858632 -0.1568642 -0.1776924 -0.1255851 -0.0164805 -0.1420318 -0.2133035  0.0586668  0.0672300 -0.1421231 -0.1928954 -0.0921300
C  0  1  86  0  0 21  -0.2304062 -0.2653123 -0.2489311 -0.1075460 -0.3109510 -0.1115832 -0.1088348 -0.2093882 -0.2575781 -0.0177755 -0.2212093 -0.3256981 -0.2820948 -0.3248994 -0.3231404 -0.3309862
C  0  1  86  0  1  0   0.0006025  0.0005099  0.0003228 -0.0014384  0.0005518  0.0001754  0.0010615  0.0038953 -0.0007609  0.0005265 -0.0016490  0.0035646  0.0056783  0.0040083  0.0059933  0.0050254
C  0  1  86  0  1  1   0.0028949  0.0007731 -0.0045149 -0.0030421 -0.0022334 -0.0036224  0.0035150  0.0015249  0.0007421 -0.0031483  0.0002748 -0.0020155  0.0032023  0.0044805  0.0028997  0.0036483
C  0  1  86  0  1  2   0.0036436 -0.0021290  0.0006415 -0.0011331 -0.0023545  0.0000303 -0.0011312 -0.0004991 -0.0033172  0.0013495 -0.0026822 -0.0021852  0.0027311  0.0009944  0.0005856 -0.0006551
C  0  1  86  0  1  3   0.0024650  0.0007700  0.0024648 -0.0009745 -0.0002932  0.0013098  0.0022908 -0.0017609 -0.0026561 -0.0011059  0.0003338 -0.0019059  0.0001800 -0.0007030 -0.0006271  0.0017493
C  0  1  86  0  1  4   0.0017500  0.0001023 -0.0012783  0.0025884  0.0016879 -0.0017930  0.0022324 -0.0005022  0.0000835  0.0010643 -0.0010635 -0.0004138  0.0026712 -0.0010993 -0.0004379 -0.0030611
C  0  1  86  0  1  5   0.0011062  0.0001389 -0.0013518  0.0012791  0.0005861 -0.0024663 -0.0007107  0.0007846  0.0007968 -0.0001726  0.0033384 -0.0012491  0.0011059 -0.0004157 -0.0021729 -0.0001362
C  0  1  86  0  1  6   0.0016623 -0.0000321 -0.0005192  0.0000634  0.0034911 -0.0007935 -0.0009338  0.0002273  0.0011368 -0.0016895  0.0022043  0.0010337 -0.0003781 -0.0033023  0.0013509  0.0008073
C  0  1  86  0  1  7   0.0027044  0.0004023 -0.0014467  0.0011675  0.0012851  0.0005793 -0.0007784 -0.0003905  0.0018707 -0.0004137  0.0009473 -0.0019187  0.0000590 -0.0015341 -0.0005072 -0.0004014
C  0  1  86  0  1  8   0.0030142  0.0015758 -0.0007169  0.0010609  0.0009011  0.0004649  0.0022884  0.0004002  0.0022254 -0.0000982 -0.0012149 -0.0006960 -0.0005981  0.0004869 -0.0000403  0.0019363
C  0  1  86  0  1  9  -0.0013858  0.0017675  0.0014401  0.0011513  0.0013957  0.0003291  0.0002104  0.0011172 -0.0007679 -0.0011187 -0.0016032  0.0000334 -0.0002738  0.0004774 -0.0022201  0.0006178
C  0  1  86  0  1 10   0.0003835  0.0000716  0.0021828  0.0017609  0.0030641 -0.0007759 -0.0010735 -0.0001634 -0.0022453 -0.0019200 -0.0010197 -0.0024414 -0.0007004 -0.0002335  0.0005333  0.0025273
C  0  1  86  0  1 11   0.0002475  0.0001028  0.0002566  0.0002840 -0.0000185  0.0004987 -0.0010527  0.0012953 -0.0024974 -0.0005399 -0.0011904 -0.0011537  0.0009285 -0.0000572  0.0010179 -0.0004486
C  0  1  86  0  1 12  -0.0001582 -0.0009233 -0.0010848 -0.0000713  0.0005402 -0.0017306  0.0001328  0.0002604 -0.0007670  0.0010712 -0.0008332  0.0034232  0.0003954 -0.0002300  0.0021448  0.0008581
C  0  1  86  0  1 13   0.0040148 -0.0019570  0.0016709  0.0020825  0.0028419  0.0025161 -0.0007581  0.0009591  0.0004239 -0.0013440 -0.0008681 -0.0024122  0.0011448  0.0014436 -0.0011324  0.0016027
C  0  1  86  0  1 14   0.0015872 -0.0006510  0.0011190  0.0026214  0.0013305  0.0039413 -0.0007737  0.0002857 -0.0007239  0.0004161  0.0002027  0.0020302  0.0003367  0.0020391  0.0000247  0.0025097
C  0  1  86  0  1 15   0.0022855  0.0017841  0.0004803  0.0011590  0.0030989  0.0030954  0.0012495 -0.0013160  0.0010219  0.0000951 -0.0021507  0.0011281  0.0004832  0.0012743  0.0011546 -0.0010142
C  0  1  86  0  1 16   0.0027404  0.0030241  0.0020017 -0.0008533  0.0000142  0.0032506 -0.0010637 -0.0002358  0.0012061 -0.0027464  0.0002855  0.0000182 -0.0014535  0.0004814  0.0063590  0.0013210
C  0  1  86  0  1 17   0.0000843 -0.0024181 -0.0003240  0.0044288  0.0020035  0.0034139  0.0019548  0.0037560  0.0023177  0.0017223  0.0014763  0.0008304  0.0031623 -0.0012504  0.0023042  0.0050143
C  0  1  86  0  1 18   0.0076997  0.0059201  0.0023956  0.0020276  0.0015471  0.0014617  0.0048473  0.0006957 -0.0014120  0.0030543  0.0035443  0.0023938  0.0004659  0.0018821  0.0054232  0.0064435
C  0  1  86  0  1 19   0.0036671  0.0007101  0.0002880  0.0037515  0.0011670  0.0030916  0.0028141  0.0019063  0.0025714  0.0032461 -0.0018048  0.0024795  0.0001073  0.0011369  0.0040467  0.0036000
C  0  1  86  0  1 20   0.0023219  0.0052646  0.0035190  0.0020996  0.0028711  0.0031988  0.0044946  0.0044997  0.0033510  0.0034565 -0.0037264 -0.0017094  0.0047611  0.0055350  0.0064189  0.0070798
C  0  1  86  0  1 21   0.0138168  0.0105971  0.0040895  0.0029729 -0.0013085 -0.0045102 -0.0079805 -0.0004948 -0.0036435 -0.0033559 -0.0011099  0.0077741  0.0048462  0.0074280  0.0068557  0.0055902
C  0  1  86  1  0  0  -0.4822572 -0.3654376 -0.3794208 -0.4007448 -0.2528346 -0.3890260 -0.3570832 -0.3926696 -0.4202024 -0.3704803 -0.3011497 -0.4608157 -0.4528225 -0.4593634 -0.4953619 -0.3321287
C  0  1  86  1  0  1  -0.2040443 -0.3458619 -0.2442282 -0.3047834 -0.3096199 -0.3099735 -0.2368696 -0.2270580 -0.2812012 -0.2048563 -0.3032138 -0.2752820 -0.3778877 -0.3387975 -0.3523815 -0.3277616
C  0  1  86  1  0  2  -0.3069856 -0.3185889 -0.3152571 -0.2494129 -0.3301691 -0.2515097 -0.2752953 -0.2798731 -0.2488710 -0.2607856 -0.3137772 -0.2939535 -0.3385264 -0.3784120 -0.3005898 -0.3580704
C  0  1  86  1  0  3  -0.2405074 -0.3176691 -0.3355002 -0.2397082 -0.2258168 -0.1974308 -0.2171219 -0.1826042 -0.1324074 -0.2061531 -0.1916319 -0.2794170 -0.2933602 -0.2805856 -0.2826689 -0.2211371
C  0  1  86  1  0  4  -0.2530381 -0.2575400 -0.2799846 -0.2590188 -0.2189446 -0.1745057 -0.2703581 -0.1931226 -0.2349763 -0.2140682 -0.1630166 -0.2418565 -0.2599014 -0.2549828 -0.3244192 -0.2457123
C  0  1  86  1  0  5  -0.2212132 -0.1538705 -0.1822672 -0.1573293 -0.1603810 -0.1864894 -0.1949601 -0.1431195 -0.1895571 -0.2036044 -0.1352800 -0.2249402 -0.2126763 -0.1968334 -0.1986525 -0.2316581
C  0  1  86  1  0  6  -0.1547628 -0.1187046 -0.1838478 -0.1707347 -0.1472459 -0.1314926 -0.1219554 -0.1193583 -0.1845178 -0.1158976 -0.0884383 -0.0835796 -0.1130166 -0.1101465 -0.1502162 -0.1858202
C  0  1  86  1  0  7  -0.1519804 -0.1521522 -0.1507775 -0.1490990 -0.1691241 -0.1667324 -0.1594411 -0.1289282 -0.1582231 -0.0956951 -0.0840714 -0.1282824 -0.1473413 -0.1389669 -0.1710923 -0.1268020
C  0  1  86  1  0  8  -0.1760930 -0.0976475 -0.1071076 -0.1571722 -0.1735552 -0.1509005 -0.1742472 -0.1670669 -0.1410604 -0.1464690 -0.1364941 -0.1705608 -0.0969279 -0.1648411 -0.1228573 -0.1262663
C  0  1  86  1  0  9  -0.1370577 -0.1301388 -0.0846375 -0.1442361 -0.1175222 -0.1482324 -0.1069191 -0.1816354 -0.1140223 -0.1519818 -0.0789271 -0.1633361 -0.1366807 -0.0790228 -0.1658513 -0.1299328
C  0  1  86  1  0 10  -0.1132807 -0.0859652 -0.0961172 -0.1117353 -0.1304615 -0.1414021 -0.1195114 -0.1044465 -0.0717956 -0.0944802 -0.1364384 -0.0860323 -0.1018588 -0.1186727 -0.1097715 -0.0975450
C  0  1  86  1  0 11  -0.1221986 -0.1013256 -0.1522263 -0.0640527 -0.1094172 -0.1411836 -0.1115290 -0.0990598 -0.1434386 -0.1077379 -0.0996239 -0.1262473 -0.0759672 -0.1403037 -0.1180096 -0.1509743
C  0  1  86  1  0 12  -0.0875519 -0.1458320 -0.1424856 -0.1133129 -0.1450096 -0.1267451 -0.1103452 -0.1776980 -0.1148358 -0.1230684 -0.1188352 -0.0984477 -0.1173479 -0.1210601 -0.1058549 -0.1256925
C  0  1  86  1  0 13  -0.0992916 -0.1344773 -0.1610199 -0.1621716 -0.1254466 -0.1339274 -0.1564130 -0.1310437 -0.1209161 -0.1475114 -0.1612864 -0.1494314 -0.1357006 -0.1304149 -0.1418617 -0.1477576
C  0  1  86  1  0 14  -0.1396806 -0.1537035 -0.1473372 -0.1379312 -0.1602484 -0.1205635 -0.1656436 -0.2254234 -0.1468158 -0.1390790 -0.1224052 -0.1260812 -0.1471253 -0.0530798 -0.1286172 -0.1978647
C  0  1  86  1  0 15  -0.0953805 -0.1752998 -0.1382477 -0.1397575 -0.1340528 -0.1022834 -0.1780646 -0.1376629 -0.1397496 -0.1307871 -0.0809499 -0.1214007 -0.1278199 -0.0692920 -0.0873397 -0.1242555
C  0  1  86  1  0 16  -0.1559965 -0.1755274 -0.1430223 -0.1738073 -0.1740519 -0.1828593 -0.2417726 -0.2270152 -0.1424781 -0.1986423 -0.1352934 -0.1271623 -0.1307133 -0.1652043 -0.1290550 -0.1212532
C  0  1  86  1  0 17  -0.2207693 -0.2874526 -0.2037466 -0.2729384 -0.2165298 -0.2417380 -0.2442960 -0.2889248 -0.2538732 -0.2590292 -0.2756850 -0.1984567 -0.1361318 -0.2716262 -0.2186145 -0.2431941
C  0  1  86  1  0 18  -0.2555226 -0.2709178 -0.2876917 -0.2564667 -0.2327951 -0.2564339 -0.2664980 -0.3004537 -0.2415863 -0.2501202 -0.2722138 -0.2640095 -0.2931021 -0.2191873 -0.1799381 -0.2024716
C  0  1  86  1  0 19  -0.2474241 -0.2875666 -0.3409451 -0.3140464 -0.3317855 -0.3338589 -0.2714188 -0.2726003 -0.2791354 -0.2438678 -0.2859980 -0.2555771 -0.2383796 -0.2531247 -0.2765964 -0.2907031
C  0  1  86  1  0 20  -0.2519665 -0.3192950 -0.2926470 -0.3052525 -0.3397175 -0.2181297 -0.2623315 -0.3446731 -0.3235504 -0.2959955 -0.3012670 -0.2250435 -0.3466195 -0.3142056 -0.2151828 -0.3040636
C  0  1  86  1  0 21  -0.4373798 -0.4237280 -0.3605482 -0.4235919 -0.2982780 -0.2845237 -0.3409766 -0.3766342 -0.3548609 -0.3109558 -0.3090085 -0.3555074 -0.3421898 -0.3906816 -0.3808895 -0.3700308
C  0  1  86  1  1  0   0.0469226  0.0486975  0.0401231  0.0252272 -0.0001826 -0.0217307 -0.0345746 -0.0432240 -0.0455790 -0.0352684 -0.0308968 -0.0173992  0.0029076  0.0078659  0.0255788  0.0371445
C  0  1  86  1  1  1   0.0257198  0.0241964  0.0177004  0.0107577  0.0015951 -0.0067326 -0.0146628 -0.0187112 -0.0174220 -0.0150197 -0.0148333 -0.0059427  0.0050572  0.0089845  0.0114026  0.0237549
C  0  1  86  1  1  2   0.0120043  0.0134367  0.0082377  0.0059063  0.0018293 -0.0030871 -0.0074785 -0.0086732 -0.0088727 -0.0066584 -0.0053307 -0.0016260 -0.0007286  0.0034159  0.0056342  0.0108710
C  0  1  86  1  1  3   0.0075941  0.0062318  0.0015447  0.0044777  0.0012503  0.0026172 -0.0037754 -0.0017700  0.0008218  0.0007966 -0.0024757  0.0007028  0.0024241  0.0023735  0.0022851  0.0065030
C  0  1  86  1  1  4   0.0029699  0.0028291  0.0020420  0.0012954  0.0029408  0.0025550 -0.0007409  0.0028640  0.0043567  0.0030246 -0.0013426 -0.0004365  0.0012552  0.0018966  0.0029953  0.0018427
C  0  1  86  1  1  5   0.0019514  0.0014278 -0.0003979  0.0037322  0.0036183  0.0031772  0.0031338  0.0042192  0.0040032  0.0028642 -0.0010976 -0.0001855  0.0012913  0.0024358  0.0016199 -0.0006738
C  0  1  86  1  1  6   0.0009458  0.0018039  0.0023395  0.0040238  0.0052400  0.0043271  0.0053022  0.0044316  0.0045910  0.0018246  0.0001868  0.0008836  0.0010135  0.0019123  0.0002653  0.0001097
C  0  1  86  1  1  7  -0.0014280  0.0015722  0.0023487  0.0046676  0.0045112  0.0047391  0.0057442  0.0034734  0.0031681  0.0010059  0.0002785 -0.0002961  0.0017329  0.0013188  0.0006804 -0.0011407
C  0  1  86  1  1  8  -0.0007312  0.0010885  0.0025699  0.0017240  0.0042996  0.0040792  0.0054471  0.0049695  0.0053579  0.0017340  0.0015294  0.0004206  0.0015345  0.0018603  0.0018076 -0.0010547
C  0  1  86  1  1  9   0.0010926  0.0021759  0.0025411  0.0028183  0.0030944  0.0029794  0.0034710  0.0037127  0.0022553  0.0001180  0.0008853  0.0007256  0.0017349 -0.0004539  0.0003411 -0.0014881
C  0  1  86  1  1 10  -0.0006312  0.0022921  0.0017255  0.0013270  0.0028948  0.0012342  0.0010348  0.0022701  0.0025612 -0.0003090 -0.0000808  0.0002900 -0.0009107  0.0005515  0.0016069 -0.0014994
C  0  1  86  1  1 11  -0.0002861  0.0018841  0.0010255  0.0013011  0.0026073 -0.0001030  0.0005498  0.0024045  0.0020660  0.0020274 -0.0018367 -0.0007001 -0.0003648 -0.0005192  0.0010708 -0.0020253
C  0  1  86  1  1 12  -0.0002909  0.0016050  0.0020164  0.0039239  0.0019784  0.0010562  0.0011461  0.0031012  0.0044615  0.0007201  0.0016719  0.0010084  0.0008733 -0.0004280  0.0004561 -0.0018121
C  0  1  86  1  1 13  -0.0006300  0.0032385  0.0027326  0.0039983  0.0025763  0.0029892  0.0045213  0.0061822  0.0042610  0.0010040  0.0015547 -0.0000292 -0.0004033 -0.0023227  0.0010919 -0.0011214
C  0  1  86  1  1 14  -0.0010198  0.0009641  0.0023148  0.0035876  0.0043620  0.0019392  0.0037265  0.0062512  0.0050553  0.0027763  0.0018623 -0.0010021 -0.0018263 -0.0019398 -0.0019192 -0.0017278
C  0  1  86  1  1 15  -0.0025448  0.0008518  0.0033248  0.0051761  0.0030200 -0.0008135  0.0028951  0.0039412  0.0061630  0.0029609  0.0031831  0.0008052 -0.0018145 -0.0050097 -0.0052947 -0.0046780
C  0  1  86  1  1 16  -0.0012809  0.0012711  0.0041316  0.0044878  0.0033389  0.0001571  0.0033653  0.0037853  0.0039021  0.0066103  0.0026830  0.0030330 -0.0009240 -0.0020232 -0.0044301 -0.0055180
C  0  1  86  1  1 17  -0.0028170  0.0006649  0.0017331  0.0070996  0.0014266 -0.0008420  0.0013728  0.0051865  0.0048062  0.0036670  0.0037548  0.0022810 -0.0012168 -0.0046111 -0.0046145 -0.0051101
C  0  1  86  1  1 18   0.0005097  0.0072442  0.0056039  0.0074676  0.0046884  0.0006804 -0.0008451 -0.0009041  0.0025593  0.0038180  0.0015457  0.0019723 -0.0008254 -0.0028291 -0.0058474 -0.0033997
C  0  1  86  1  1 19   0.0026482  0.0094118  0.0128362  0.0096405  0.0058271  0.0022168 -0.0033243  0.0000771  0.0027990  0.0050207  0.0023994  0.0001540 -0.0036481 -0.0042459 -0.0066258 -0.0019240
C  0  1  86  1  1 20   0.0005614  0.0149816  0.0162333  0.0142887  0.0073172  0.0033646 -0.0019038 -0.0011214  0.0010717  0.0060868  0.0029311 -0.0022593 -0.0066561 -0.0071704 -0.0063692 -0.0047542
C  0  1  86  1  1 21   0.0085392  0.0198750  0.0316504  0.0229464  0.0162817  0.0144196  0.0102579  0.0133810  0.0118613  0.0131902  0.0012490 -0.0032954 -0.0080568 -0.0186583 -0.0054060  0.0012362
