CPHI 16 
CETA 22 -2.40 -2.10 -1.85 -1.60 -1.40 -1.20 -1.00 -0.80 -0.60 -0.40 -0.20  0.00  0.20  0.40  0.60  0.80  1.00  1.20  1.40  1.60  1.85  2.10  2.40 
RMIN  6 
RTRK 12 
RETA 11  0.00  0.20  0.40  0.60  0.80  1.00  1.20  1.40  1.60  1.85  2.10  2.40 
T 0 1  87  0  0  0    0.0000000   0.0006061   0.0016630   0.0031716   0.0121981   0.0691601   0.2781123   0.6539455   1.0000000   1.0000000   1.0000000   1.0000000   1.0000000
T 0 1  87  0  0  1    0.0000000   0.0001257   0.0005333   0.0024253   0.0123550   0.0590506   0.2259709   0.5882718   1.0000000   1.0000000   1.0000000   1.0000000   1.0000000
T 0 1  87  0  0  2    0.0000000   0.0001459   0.0005237   0.0017519   0.0105313   0.0557182   0.2096295   0.5738952   1.0000000   1.0000000   1.0000000   1.0000000   1.0000000
T 0 1  87  0  0  3    0.0000000   0.0001903   0.0005916   0.0017120   0.0116144   0.0627564   0.2263679   0.5869580   1.0000000   1.0000000   1.0000000   1.0000000   1.0000000
T 0 1  87  0  0  4    0.0000000   0.0004010   0.0025208   0.0144920   0.0630420   0.2041375   0.4884297   0.8219975   1.0000000   1.0000000   1.0000000   1.0000000   1.0000000
T 0 1  87  0  0  5    0.0000000   0.0009826   0.0073870   0.0515078   0.2060137   0.5332838   0.8761618   0.9994201   1.0000000   1.0000000   1.0000000   1.0000000   1.0000000
T 0 1  87  0  0  6    0.0000000   0.0002924   0.0012090   0.0103375   0.0677164   0.2774889   0.6635687   0.9311082   0.9982029   1.0000000   1.0000000   1.0000000   1.0000000
T 0 1  87  0  0  7    0.0000000   0.0000612   0.0003692   0.0009383   0.0048516   0.0310989   0.1192890   0.2969173   0.5813706   0.8693400   0.9842837   0.9998658   1.0000000
T 0 1  87  0  0  8    0.0000000   0.0000012   0.0000390   0.0001477   0.0004571   0.0010383   0.0041791   0.0254329   0.1199801   0.3943827   0.7903645   0.9696585   1.0000000
T 0 1  87  0  0  9    0.0000000   0.0000060   0.0000102   0.0000324   0.0005741   0.0035722   0.0182028   0.0858917   0.3019057   0.6590968   0.9384245   0.9999274   1.0000000
T 0 1  87  0  0 10    0.0000000   0.0067803   0.0290708   0.0467647   0.0799294   0.1693745   0.3382335   0.6894897   0.9103166   0.9701269   0.9998189   1.0000000   1.0000000
T 0 1  87  1  0  0    0.0000000   0.0005148   0.0016399   0.0047460   0.0213440   0.1017716   0.3374237   0.6994022   1.0000000   1.0000000   1.0000000   1.0000000   1.0000000
T 0 1  87  1  0  1    0.0000000   0.0002633   0.0010891   0.0042307   0.0181163   0.0752157   0.2537985   0.6193956   1.0000000   1.0000000   1.0000000   1.0000000   1.0000000
T 0 1  87  1  0  2    0.0000000   0.0002194   0.0008486   0.0027728   0.0124455   0.0616642   0.2339277   0.6064318   1.0000000   1.0000000   1.0000000   1.0000000   1.0000000
T 0 1  87  1  0  3    0.0000000   0.0002283   0.0008669   0.0027852   0.0140251   0.0700545   0.2491207   0.6198491   1.0000000   1.0000000   1.0000000   1.0000000   1.0000000
T 0 1  87  1  0  4    0.0000000   0.0004356   0.0027620   0.0153929   0.0663357   0.2155446   0.5058694   0.8320271   1.0000000   1.0000000   1.0000000   1.0000000   1.0000000
T 0 1  87  1  0  5    0.0000000   0.0011873   0.0094478   0.0577925   0.2246261   0.5586818   0.8900123   0.9996500   1.0000000   1.0000000   1.0000000   1.0000000   1.0000000
T 0 1  87  1  0  6    0.0000000   0.0004626   0.0026649   0.0180020   0.0942133   0.3329130   0.7236541   0.9536823   0.9988141   0.9999984   1.0000000   1.0000000   1.0000000
T 0 1  87  1  0  7    0.0000000   0.0002246   0.0006446   0.0024765   0.0123245   0.0526267   0.1570011   0.3413836   0.6074237   0.8728054   0.9849908   0.9998878   1.0000000
T 0 1  87  1  0  8    0.0000000   0.0009562   0.0014955   0.0017998   0.0022382   0.0036136   0.0107994   0.0452511   0.1686405   0.4573475   0.8251665   0.9710661   1.0000000
T 0 1  87  1  0  9    0.0000000   0.0021003   0.0074838   0.0131257   0.0159362   0.0198461   0.0401951   0.1288935   0.3661962   0.7154288   0.9583841   0.9999941   1.0000000
T 0 1  87  1  0 10    0.0000000   0.0032254   0.0170235   0.0428863   0.0843736   0.1746921   0.3942474   0.7474223   0.9511020   0.9856143   0.9999985   1.0000000   1.0000000
R 0 1  87  0  0  0    0.0241973   0.0241973   0.0123294   0.0103576   0.0102712   0.0101867   0.0100338   0.0098439   0.0098439   0.0098439   0.0098439   0.0098439
R 0 1  87  0  0  1    0.0121278   0.0121278   0.0121278   0.0121278   0.0110587   0.0109537   0.0109804   0.0108393   0.0108393   0.0108393   0.0108393   0.0108393
R 0 1  87  0  0  2    0.0124815   0.0124815   0.0124815   0.0124815   0.0120241   0.0120109   0.0118496   0.0117174   0.0117174   0.0117174   0.0117174   0.0117174
R 0 1  87  0  0  3    0.0133918   0.0133918   0.0133918   0.0133918   0.0126387   0.0125466   0.0123568   0.0122544   0.0122544   0.0122544   0.0122544   0.0122544
R 0 1  87  0  0  4    0.0187582   0.0187582   0.0187582   0.0174947   0.0170030   0.0158895   0.0145018   0.0130592   0.0130592   0.0130592   0.0130592   0.0130592
R 0 1  87  0  0  5    0.0207565   0.0207565   0.0194682   0.0192527   0.0187130   0.0181135   0.0169435   0.0169435   0.0169435   0.0169435   0.0169435   0.0169435
R 0 1  87  0  0  6    0.0200779   0.0200779   0.0200779   0.0202603   0.0208014   0.0207729   0.0208503   0.0205797   0.0205797   0.0205797   0.0205797   0.0205797
R 0 1  87  0  0  7    0.0220350   0.0220350   0.0220350   0.0220350   0.0206837   0.0213746   0.0211513   0.0209969   0.0205050   0.0197755   0.0197755   0.0197755
R 0 1  87  0  0  8    0.0213543   0.0213543   0.0213543   0.0213543   0.0213543   0.0213543   0.0213543   0.0210008   0.0210438   0.0209449   0.0202345   0.0187775
R 0 1  87  0  0  9    0.0308788   0.0308788   0.0308788   0.0308788   0.0308788   0.0308788   0.0300098   0.0288980   0.0274485   0.0263739   0.0247911   0.0247911
R 0 1  87  0  0 10    0.0785744   0.0711139   0.0626496   0.0536746   0.0471768   0.0440294   0.0411207   0.0356497   0.0334578   0.0307195   0.0307195   0.0307195
R 0 1  87  0  1  0    0.0000000   0.0000000   0.0000000   0.0000487   0.0000787   0.0000819   0.0000741   0.0000642   0.0000642   0.0000642   0.0000642   0.0000642
R 0 1  87  0  1  1    0.0000960   0.0000960   0.0000960   0.0000960   0.0000687   0.0000730   0.0000620   0.0000564   0.0000564   0.0000564   0.0000564   0.0000564
R 0 1  87  0  1  2    0.0000466   0.0000466   0.0000466   0.0000466   0.0000661   0.0000647   0.0000610   0.0000527   0.0000527   0.0000527   0.0000527   0.0000527
R 0 1  87  0  1  3    0.0000838   0.0000838   0.0000838   0.0000838   0.0000537   0.0000572   0.0000564   0.0000487   0.0000487   0.0000487   0.0000487   0.0000487
R 0 1  87  0  1  4    0.0001139   0.0001139   0.0001139   0.0001040   0.0000948   0.0000734   0.0000578   0.0000497   0.0000497   0.0000497   0.0000497   0.0000497
R 0 1  87  0  1  5    0.0001603   0.0001603   0.0000887   0.0000797   0.0000658   0.0000654   0.0000460   0.0000460   0.0000460   0.0000460   0.0000460   0.0000460
R 0 1  87  0  1  6    0.0000734   0.0000734   0.0000734   0.0000375   0.0000597   0.0000589   0.0000529   0.0000261   0.0000261   0.0000261   0.0000261   0.0000261
R 0 1  87  0  1  7    0.0001798   0.0001798   0.0001798   0.0001798   0.0000803   0.0000718   0.0000773   0.0000788   0.0000767   0.0000533   0.0000533   0.0000533
R 0 1  87  0  1  8    0.0001031   0.0001031   0.0001031   0.0001031   0.0001031   0.0001031   0.0001031   0.0001048   0.0001057   0.0001028   0.0000863   0.0000907
R 0 1  87  0  1  9    0.0002712   0.0002712   0.0002712   0.0002712   0.0002712   0.0002712   0.0002093   0.0001970   0.0001834   0.0001461   0.0001229   0.0001229
R 0 1  87  0  1 10    0.0015231   0.0010864   0.0008989   0.0007289   0.0005806   0.0004768   0.0004079   0.0002603   0.0001862   0.0001505   0.0001505   0.0001505
R 0 1  87  0  2  0    0.0000000   0.0000000   0.0000000   0.0000000   0.0000000   0.0000137   0.0000157   0.0000057   0.0000057   0.0000057   0.0000057   0.0000057
R 0 1  87  0  2  1    0.0000000   0.0000000   0.0000000   0.0000000   0.0000000   0.0000212   0.0000079   0.0000155   0.0000155   0.0000155   0.0000155   0.0000155
R 0 1  87  0  2  2    0.0000000   0.0000000   0.0000000   0.0000000   0.0000000   0.0000000   0.0000109   0.0000166   0.0000166   0.0000166   0.0000166   0.0000166
R 0 1  87  0  2  3    0.0000000   0.0000000   0.0000000   0.0000000   0.0000000   0.0000133   0.0000133   0.0000075   0.0000075   0.0000075   0.0000075   0.0000075
R 0 1  87  0  2  4    0.0000000   0.0000000   0.0000000   0.0000000   0.0000000   0.0000084   0.0000087   0.0000229   0.0000229   0.0000229   0.0000229   0.0000229
R 0 1  87  0  2  5    0.0000000   0.0000000   0.0000000   0.0000000   0.0000129   0.0000125   0.0000000   0.0000000   0.0000000   0.0000000   0.0000000   0.0000000
R 0 1  87  0  2  6    0.0000000   0.0000000   0.0000000   0.0000000   0.0000137   0.0000000   0.0000000   0.0000000   0.0000000   0.0000000   0.0000000   0.0000000
R 0 1  87  0  2  7    0.0000000   0.0000000   0.0000000   0.0000000   0.0000000   0.0000000   0.0000000   0.0000000   0.0000000   0.0000000   0.0000000   0.0000000
R 0 1  87  0  2  8    0.0000000   0.0000000   0.0000000   0.0000000   0.0000000   0.0000000   0.0000000   0.0000000   0.0000000   0.0000183   0.0000000   0.0000000
R 0 1  87  0  2  9    0.0000000   0.0000000   0.0000000   0.0000000   0.0000000   0.0000000   0.0000000   0.0000000   0.0000000   0.0000347   0.0000000   0.0000000
R 0 1  87  0  2 10    0.0000000   0.0000000   0.0000000   0.0000000   0.0000000   0.0000000   0.0000734   0.0000000   0.0000000   0.0000000   0.0000000   0.0000000
R 0 1  87  0  3  0    1.0160012   1.0160012   1.0367071   1.0380287   1.0031739   0.9841946   0.9823233   0.9822942   0.9822942   0.9822942   0.9822942   0.9822942
R 0 1  87  0  3  1    1.0075769   1.0075769   1.0075769   1.0075769   0.9883617   0.9840499   0.9797164   0.9788861   0.9788861   0.9788861   0.9788861   0.9788861
R 0 1  87  0  3  2    1.0253713   1.0253713   1.0253713   1.0253713   1.0092613   0.9859299   0.9798267   0.9811764   0.9811764   0.9811764   0.9811764   0.9811764
R 0 1  87  0  3  3    1.0034182   1.0034182   1.0034182   1.0034182   1.0031079   0.9873121   0.9811406   0.9804457   0.9804457   0.9804457   0.9804457   0.9804457
R 0 1  87  0  3  4    1.0320885   1.0320885   1.0320885   0.9810681   0.9779127   0.9718662   0.9769707   0.9902399   0.9902399   0.9902399   0.9902399   0.9902399
R 0 1  87  0  3  5    1.0114950   1.0114950   0.9942726   0.9828692   0.9757875   0.9707783   0.9710328   0.9710328   0.9710328   0.9710328   0.9710328   0.9710328
R 0 1  87  0  3  6    1.0231092   1.0231092   1.0231092   1.0067250   0.9873429   0.9850031   0.9836754   0.9899999   0.9899999   0.9899999   0.9899999   0.9899999
R 0 1  87  0  3  7    1.0360401   1.0360401   1.0360401   1.0360401   1.0301146   0.9982558   0.9907473   0.9857572   0.9886167   0.9863713   0.9863713   0.9863713
R 0 1  87  0  3  8    1.0160035   1.0160035   1.0160035   1.0160035   1.0160035   1.0160035   1.0160035   0.9933518   0.9829709   0.9834165   0.9685481   1.0121625
R 0 1  87  0  3  9    1.0268498   1.0268498   1.0268498   1.0268498   1.0268498   1.0268498   0.9880974   0.9764868   0.9717123   0.9848529   0.9972295   0.9972295
R 0 1  87  0  3 10    1.0736329   1.0287631   1.0001707   0.9916858   0.9737750   0.9692955   0.9662511   0.9696708   1.0055522   1.0178153   1.0178153   1.0178153
R 0 1  87  0  4  0    1.1539657   1.1539657   1.3730991   1.9751464   2.2794564   2.2818929   2.2621420   2.2589506   2.2589506   2.2589506   2.2589506   2.2589506
R 0 1  87  0  4  1    1.9745838   1.9745838   1.9745838   1.9745838   2.0664280   2.2518504   2.2104660   2.1974982   2.1974982   2.1974982   2.1974982   2.1974982
R 0 1  87  0  4  2    1.9327672   1.9327672   1.9327672   1.9327672   2.2367733   2.2713012   2.2161022   2.2388094   2.2388094   2.2388094   2.2388094   2.2388094
R 0 1  87  0  4  3    1.7368715   1.7368715   1.7368715   1.7368715   2.2808486   2.2921585   2.2230114   2.2020539   2.2020539   2.2020539   2.2020539   2.2020539
R 0 1  87  0  4  4    1.9101981   1.9101981   1.9101981   1.9330480   2.0848790   2.0613610   2.1908595   2.3685366   2.3685366   2.3685366   2.3685366   2.3685366
R 0 1  87  0  4  5    1.7830871   1.7830871   2.0400411   2.1815355   2.1134656   2.0697737   2.0021601   2.0021601   2.0021601   2.0021601   2.0021601   2.0021601
R 0 1  87  0  4  6    1.9666877   1.9666877   1.9666877   2.2351274   2.2819159   2.3496134   2.3376488   2.2740326   2.2740326   2.2740326   2.2740326   2.2740326
R 0 1  87  0  4  7    1.7903122   1.7903122   1.7903122   1.7903122   2.3177832   2.4140010   2.3219639   2.3512507   2.3654655   2.3320911   2.3320911   2.3320911
R 0 1  87  0  4  8    2.1845299   2.1845299   2.1845299   2.1845299   2.1845299   2.1845299   2.1845299   2.2586283   2.2321930   2.2790984   2.0852737   2.2108578
R 0 1  87  0  4  9    2.0021471   2.0021471   2.0021471   2.0021471   2.0021471   2.0021471   2.0314832   2.0681429   2.0066937   2.1976635   2.1630475   2.1630475
R 0 1  87  0  4 10    2.1030407   2.2306139   1.9339548   1.9323469   1.9569686   1.9476943   1.9473422   1.9769302   2.1166523   2.1035656   2.1035656   2.1035656
R 0 1  87  0  5  0  102.6666604 102.6666604   8.1639059   4.2565273   3.4921352   3.8362679   4.1590436   4.0521408   4.0521408   4.0521408   4.0521408   4.0521408
R 0 1  87  0  5  1    3.7009837   3.7009837   3.7009837   3.7009837   4.8079682   3.9679256   4.2976481   4.3418998   4.3418998   4.3418998   4.3418998   4.3418998
R 0 1  87  0  5  2    4.0121438   4.0121438   4.0121438   4.0121438   3.8880752   4.0027675   4.1221901   4.3057754   4.3057754   4.3057754   4.3057754   4.3057754
R 0 1  87  0  5  3    5.3614013   5.3614013   5.3614013   5.3614013   3.7857240   3.8387511   4.4582855   4.5016026   4.5016026   4.5016026   4.5016026   4.5016026
R 0 1  87  0  5  4    4.7735892   4.7735892   4.7735892   5.6780316   5.0250073   5.2609346   4.0324549   3.1350811   3.1350811   3.1350811   3.1350811   3.1350811
R 0 1  87  0  5  5    4.6690037   4.6690037   5.1781298   4.3664667   5.0261679   4.8539421   4.1176975   4.1176975   4.1176975   4.1176975   4.1176975   4.1176975
R 0 1  87  0  5  6    3.1813750   3.1813750   3.1813750   3.6809292   3.6880490   3.0163894   2.4275122   2.0041496   2.0041496   2.0041496   2.0041496   2.0041496
R 0 1  87  0  5  7    4.0180385   4.0180385   4.0180385   4.0180385   3.3075909   2.8925586   2.9844282   2.8921835   2.6026716   2.1886827   2.1886827   2.1886827
R 0 1  87  0  5  8    4.1425204   4.1425204   4.1425204   4.1425204   4.1425204   4.1425204   4.1425204   4.3570433   4.5516579   4.1151560   5.3976667   4.6843965
R 0 1  87  0  5  9    4.8590306   4.8590306   4.8590306   4.8590306   4.8590306   4.8590306   6.5800347   6.0139688   7.2616401   5.6164725   5.9866609   5.9866609
R 0 1  87  0  5 10    5.1053862   4.3147306   4.2943982   5.1478164   5.4822093   6.6996478   8.2319615   7.4989887   6.2939479   6.9134629   6.9134629   6.9134629
F  0  1  87  0  0  0    1.0005928   1.0337529   0.9884792   1.0000842   0.9631907   1.0000945   0.9876468   0.9913485   0.9850861   0.9872414   0.9828190
F  0  1  87  1  0  0    1.0742374   1.0973649   1.0706815   1.0499606   1.0445337   1.0785331   1.0688559   1.0526525   1.0378478   1.0637260   1.0911923
C  0  1  87  0  0  0  -0.2539453 -0.0482540 -0.2776087 -0.3467202 -0.2204127 -0.1262171 -0.1895836 -0.1374226 -0.2445631 -0.2649964 -0.2501370 -0.2362498 -0.2232907 -0.2338251 -0.3326663 -0.0291851
C  0  1  87  0  0  1  -0.0410435 -0.0777418 -0.0725611 -0.0868897 -0.2294275  0.0045613 -0.2406314 -0.1607307 -0.0331018 -0.1999195 -0.0029249 -0.1051342 -0.0892400 -0.1065910 -0.2531401  0.0337683
C  0  1  87  0  0  2  -0.0290282 -0.2072162 -0.0578552 -0.1850730 -0.0347174 -0.0458848 -0.1489364 -0.0696852 -0.0755027 -0.0921854 -0.0310969 -0.0381073 -0.0622263 -0.0236634  0.0272333 -0.0696649
C  0  1  87  0  0  3  -0.0634477  0.0201840 -0.0811378 -0.0245017  0.0051764 -0.2248429 -0.0830270 -0.1076803 -0.0754571 -0.0737611 -0.0526574  0.0159080 -0.1472463 -0.2066595 -0.0244600  0.0047579
C  0  1  87  0  0  4  -0.1066701 -0.1464976 -0.0340368 -0.1334188 -0.0058958 -0.0763896  0.0008312 -0.1626886 -0.0770716  0.0088264 -0.1143543 -0.0061130 -0.0677697 -0.1447770 -0.0926173 -0.0526830
C  0  1  87  0  0  5   0.0127961  0.0440205 -0.1033721  0.0034470 -0.0337301 -0.0599859 -0.0142882 -0.0702848  0.0150768  0.1058479 -0.0241717 -0.0590408 -0.0602866  0.0163624  0.0637494 -0.1150292
C  0  1  87  0  0  6   0.0488125  0.1273444  0.0314715 -0.0758603  0.0109869  0.0350411 -0.0971088 -0.0248719 -0.0927454  0.0044714 -0.0018380  0.0538883 -0.0285718 -0.0570621  0.0120532  0.0539324
C  0  1  87  0  0  7  -0.0761448  0.0577499  0.0207935 -0.0091919 -0.0146962  0.0441836  0.0097852 -0.0487541 -0.0188709 -0.0378242  0.0769722 -0.0366042  0.0260893  0.0236861 -0.0190172  0.0706118
C  0  1  87  0  0  8  -0.0085253 -0.0011788  0.0348809  0.0306649  0.0100466  0.0339961 -0.0171117 -0.0851622  0.0149924  0.0008525 -0.0214732  0.0621325  0.0285208  0.0575344 -0.0435900  0.0340972
C  0  1  87  0  0  9  -0.0466484  0.0100990  0.0591271 -0.0089565  0.0126070  0.0058187 -0.0516530  0.0112099 -0.0455444  0.0151355  0.0499495  0.0343676 -0.0121232  0.0667875 -0.0745955  0.0787103
C  0  1  87  0  0 10   0.0535043  0.0766232 -0.0578687  0.0180234  0.0069290 -0.0525314 -0.0140355 -0.0420529  0.0144448 -0.1128428  0.0293033  0.0295454 -0.0336473  0.0558214  0.0095830  0.0905080
C  0  1  87  0  0 11  -0.0481900  0.0148135 -0.0546730  0.0718138  0.0258940  0.0830205  0.0392828  0.0925099 -0.0388172  0.0921043  0.0474492 -0.0015804  0.0277914  0.0336409  0.0316531  0.0430003
C  0  1  87  0  0 12   0.0594793 -0.0435411  0.0025903 -0.0017049  0.0267128 -0.0094474 -0.0194913 -0.0798849 -0.0138624  0.0398241  0.0385734  0.0493153 -0.0720465  0.0371101  0.0257689  0.0906005
C  0  1  87  0  0 13  -0.0562519  0.0406060  0.0016971 -0.0112142  0.0123051 -0.0226765 -0.0204375 -0.0725178  0.0913136  0.0060595 -0.0277860  0.0496019  0.0363753  0.0614024 -0.0436230  0.0379232
C  0  1  87  0  0 14   0.0343384  0.0205645 -0.0137828 -0.0129840 -0.0035252 -0.0232027 -0.0504517  0.0335624 -0.0253408 -0.0568644  0.0707087 -0.0661471  0.0536197  0.0250528  0.0176432 -0.0194265
C  0  1  87  0  0 15  -0.0803662 -0.0281535 -0.0726392 -0.0635718  0.0175935 -0.0706444 -0.0095259  0.0444619  0.0676484 -0.0603140 -0.0393584 -0.1128101  0.0100671  0.0343832 -0.0085789  0.0534236
C  0  1  87  0  0 16   0.0574626  0.0004058 -0.0215552 -0.0744716 -0.0209042 -0.1648205 -0.0738923  0.0035500 -0.0881584  0.0491963 -0.0135119 -0.0270883 -0.0859743  0.0487491 -0.0269563  0.0216342
C  0  1  87  0  0 17  -0.0528815 -0.0734147 -0.0782814 -0.0369304 -0.1477431 -0.0059930 -0.0574679 -0.0738597 -0.0969980 -0.1612969  0.0209006 -0.0101535 -0.0167579 -0.1297676 -0.0833482 -0.0184544
C  0  1  87  0  0 18  -0.1287349 -0.1002049  0.0053648 -0.1369509 -0.1912774 -0.1242979 -0.0856302 -0.0583068 -0.0830993 -0.0048242  0.0261467 -0.1548420 -0.1104187 -0.0008700 -0.2253264  0.0283493
C  0  1  87  0  0 19   0.0034557 -0.1021511 -0.1752338 -0.0104647 -0.1592516 -0.1435945  0.0150438 -0.0145878 -0.0600809 -0.0345665 -0.0658898 -0.1028508 -0.1164660 -0.0943667  0.0658584 -0.1286690
C  0  1  87  0  0 20  -0.0182254 -0.0798415 -0.1323966 -0.0901279 -0.1677886 -0.1610577 -0.1973626 -0.1315139 -0.2043621 -0.1000974 -0.1618254  0.0523227 -0.0794841 -0.1690798 -0.0884648 -0.1404449
C  0  1  87  0  0 21  -0.2531946 -0.2794032 -0.2695285 -0.1948198 -0.2232976 -0.2545218 -0.3712648 -0.1648805 -0.3008867 -0.1708996 -0.1660033 -0.2988987 -0.4074545 -0.4185856 -0.1611638 -0.2292633
C  0  1  87  0  1  0  -0.0060862 -0.0002763 -0.0000508  0.0003382  0.0014501 -0.0000351  0.0001626  0.0032867  0.0034977  0.0016734 -0.0052725  0.0056145  0.0061801  0.0054288  0.0067864  0.0063795
C  0  1  87  0  1  1   0.0016541  0.0018787 -0.0010572 -0.0049622  0.0011578 -0.0010614  0.0021325  0.0015209  0.0020728 -0.0020366  0.0007985 -0.0009578  0.0022013  0.0049866 -0.0021323  0.0025473
C  0  1  87  0  1  2   0.0036347 -0.0029240 -0.0003575  0.0000489 -0.0015348  0.0020281 -0.0017609  0.0013326 -0.0015810  0.0000074 -0.0020339 -0.0019501  0.0019815  0.0003747  0.0000967 -0.0004008
C  0  1  87  0  1  3   0.0021433  0.0003849  0.0010192 -0.0009281  0.0015659 -0.0000331  0.0018912 -0.0025910 -0.0032768 -0.0017308 -0.0025225 -0.0014676  0.0005319 -0.0004430  0.0004248  0.0027011
C  0  1  87  0  1  4   0.0014876  0.0009152  0.0000866  0.0002289 -0.0000911 -0.0019645  0.0017591 -0.0010658  0.0001226 -0.0002550  0.0006817 -0.0034624  0.0026428 -0.0017948 -0.0017505 -0.0032944
C  0  1  87  0  1  5   0.0008842  0.0010657 -0.0019065  0.0016626 -0.0000297 -0.0003736  0.0006396  0.0002048 -0.0014346 -0.0008641  0.0024797 -0.0009646  0.0015824 -0.0011502 -0.0011887 -0.0020179
C  0  1  87  0  1  6   0.0018459 -0.0006704  0.0006248  0.0010130  0.0013101 -0.0015048  0.0013363  0.0007055  0.0007088 -0.0002055  0.0000919  0.0010014 -0.0003685 -0.0024015  0.0015251 -0.0004000
C  0  1  87  0  1  7   0.0013077 -0.0010163  0.0000176  0.0009459  0.0012475 -0.0002979 -0.0000921  0.0005200  0.0015149 -0.0032883  0.0009964 -0.0010604  0.0001098 -0.0019833 -0.0010979 -0.0000829
C  0  1  87  0  1  8   0.0006779  0.0012540  0.0012001 -0.0015564  0.0017201  0.0013685 -0.0004681  0.0008569  0.0015601  0.0003528 -0.0004638  0.0004655  0.0007464  0.0012785  0.0002942  0.0009764
C  0  1  87  0  1  9  -0.0023581  0.0006895  0.0006930 -0.0002131  0.0000474  0.0005622 -0.0005343 -0.0004077 -0.0010631 -0.0002274 -0.0030165  0.0003545 -0.0000470  0.0005992 -0.0007913 -0.0005126
C  0  1  87  0  1 10   0.0006037  0.0008104  0.0009941  0.0034014  0.0001009 -0.0003227 -0.0000930  0.0002640 -0.0020458 -0.0027187 -0.0001990 -0.0002800 -0.0004245 -0.0013629 -0.0004231  0.0004237
C  0  1  87  0  1 11   0.0000333  0.0008672  0.0009236  0.0007131  0.0005971  0.0000819 -0.0018996 -0.0038086 -0.0019966 -0.0016208  0.0001881 -0.0016903 -0.0002533 -0.0005044 -0.0002578  0.0003659
C  0  1  87  0  1 12   0.0008882 -0.0000870  0.0006613  0.0001613 -0.0004496 -0.0005900  0.0006983  0.0010888  0.0008910 -0.0008028  0.0004739  0.0009778  0.0010547  0.0014902  0.0008918 -0.0001116
C  0  1  87  0  1 13   0.0027404 -0.0004039 -0.0006649  0.0025067  0.0038537  0.0002367 -0.0003590  0.0029335  0.0004277 -0.0022218 -0.0005496 -0.0023578 -0.0011524  0.0014415 -0.0002258  0.0017082
C  0  1  87  0  1 14   0.0006433  0.0005863  0.0028453  0.0006490  0.0015078  0.0034649  0.0001874  0.0014374  0.0015701  0.0008328  0.0012979 -0.0000400 -0.0000411  0.0001081 -0.0023023  0.0027420
C  0  1  87  0  1 15   0.0010031  0.0017507 -0.0008713  0.0001572  0.0014032  0.0010280 -0.0002756 -0.0004749 -0.0000925 -0.0019022 -0.0010541  0.0016265  0.0001687  0.0002745  0.0006640  0.0018726
C  0  1  87  0  1 16  -0.0001688  0.0017855  0.0022293  0.0021107  0.0011554  0.0033328  0.0016998  0.0020842  0.0011567 -0.0014006 -0.0023244  0.0005078  0.0023670  0.0011872  0.0021790  0.0028063
C  0  1  87  0  1 17   0.0010033 -0.0026106  0.0001798  0.0027606  0.0025914  0.0040162  0.0029686  0.0023957  0.0016241  0.0031520  0.0015398 -0.0005385  0.0036683 -0.0023248  0.0039423  0.0042197
C  0  1  87  0  1 18   0.0066573  0.0047143  0.0028813  0.0034875  0.0006674  0.0017367  0.0034013  0.0018766 -0.0009250  0.0021315  0.0033713  0.0014930 -0.0000997 -0.0020054  0.0059513  0.0052448
C  0  1  87  0  1 19   0.0023646  0.0029854  0.0006591  0.0019740  0.0013969  0.0021730  0.0040315  0.0020619  0.0026736  0.0042545 -0.0014292  0.0001598  0.0021902  0.0035321  0.0052538  0.0053973
C  0  1  87  0  1 20   0.0043018  0.0064403  0.0031845  0.0035914  0.0031962  0.0043513  0.0026806  0.0058832  0.0024862  0.0053072  0.0008884 -0.0038759  0.0050018  0.0071053  0.0057616  0.0090654
C  0  1  87  0  1 21   0.0124321  0.0143052  0.0044866  0.0000144 -0.0038927 -0.0053327 -0.0059201 -0.0010379  0.0017457 -0.0038743 -0.0010707  0.0074897  0.0021334  0.0064531  0.0133685  0.0036969
C  0  1  87  1  0  0  -0.5084499 -0.3694985 -0.3698665 -0.3994448 -0.2776596 -0.3828452 -0.2887719 -0.3841198 -0.3317012 -0.2754764 -0.3825431 -0.4995897 -0.4476856 -0.4151100 -0.3895589 -0.5353123
C  0  1  87  1  0  1  -0.2656564 -0.3118297 -0.3185123 -0.2757762 -0.3184939 -0.2727459 -0.1764212 -0.2780859 -0.2924403 -0.1908904 -0.2352703 -0.2851631 -0.3556797 -0.3769537 -0.3294230 -0.2708046
C  0  1  87  1  0  2  -0.3234203 -0.3211264 -0.2550568 -0.2354378 -0.2666893 -0.2476215 -0.2596687 -0.2698730 -0.2198379 -0.1778325 -0.3256339 -0.3025865 -0.2932032 -0.3587868 -0.2923261 -0.3276768
C  0  1  87  1  0  3  -0.2650563 -0.3004468 -0.3160886 -0.3011524 -0.2806431 -0.2042736 -0.1813051 -0.1774896 -0.1502443 -0.1995170 -0.2458890 -0.2763463 -0.3040867 -0.2884618 -0.3394927 -0.2508710
C  0  1  87  1  0  4  -0.3272006 -0.2546193 -0.2894125 -0.2708057 -0.2291689 -0.1807608 -0.2834445 -0.2163453 -0.2051478 -0.1801723 -0.2201090 -0.2890000 -0.2907087 -0.2679255 -0.3299766 -0.2944741
C  0  1  87  1  0  5  -0.2658785 -0.2172699 -0.2231385 -0.1345341 -0.1336896 -0.1677941 -0.2159076 -0.1428429 -0.1602235 -0.1700078 -0.1816015 -0.1792612 -0.2119696 -0.1481428 -0.1764931 -0.1961048
C  0  1  87  1  0  6  -0.1531563 -0.1549025 -0.1696358 -0.1670092 -0.1275237 -0.1344939 -0.1743408 -0.1516806 -0.1232185 -0.1131261 -0.0745705 -0.0941822 -0.1135080 -0.1375318 -0.1099932 -0.1892761
C  0  1  87  1  0  7  -0.1485446 -0.1496463 -0.1606319 -0.1259738 -0.2306574 -0.1863771 -0.1630373 -0.1300126 -0.1332886 -0.0814395 -0.0988324 -0.1417791 -0.1231933 -0.1648121 -0.1457127 -0.1108036
C  0  1  87  1  0  8  -0.1497186 -0.0961583 -0.1339241 -0.1806017 -0.1350232 -0.1836451 -0.1259141 -0.1369785 -0.1005431 -0.0788275 -0.1282131 -0.2016432 -0.0977546 -0.1507052 -0.1176107 -0.1394072
C  0  1  87  1  0  9  -0.1379373 -0.1191576 -0.0891112 -0.1659529 -0.1298327 -0.1447096 -0.1242007 -0.1645159 -0.0919518 -0.0948724 -0.0453966 -0.1268713 -0.0972193 -0.1076269 -0.1320094 -0.1156214
C  0  1  87  1  0 10  -0.1506838 -0.1304172 -0.1532518 -0.1570384 -0.1449838 -0.1411586 -0.1435710 -0.1004088 -0.0899219 -0.1112431 -0.1231712 -0.1223576 -0.1105351 -0.1632392 -0.1261643 -0.1239421
C  0  1  87  1  0 11  -0.1348152 -0.1008909 -0.1676467 -0.1423613 -0.1490386 -0.1439601 -0.1450008 -0.1016258 -0.1646381 -0.0676295 -0.0942867 -0.1257523 -0.1052131 -0.1307138 -0.1149001 -0.1056012
C  0  1  87  1  0 12  -0.0752232 -0.1305847 -0.1453665 -0.1239652 -0.1563969 -0.1421697 -0.1396987 -0.1873033 -0.1488780 -0.1217256 -0.1216811 -0.1103055 -0.0955469 -0.0965036 -0.1164077 -0.1275885
C  0  1  87  1  0 13  -0.1121914 -0.1383969 -0.1182917 -0.0942023 -0.1491680 -0.1457605 -0.1330601 -0.1628244 -0.1127431 -0.1347217 -0.1625647 -0.1293518 -0.1220136 -0.1236942 -0.1359238 -0.1364703
C  0  1  87  1  0 14  -0.1484728 -0.1689399 -0.1480699 -0.1612727 -0.2015129 -0.1429682 -0.1336447 -0.1994091 -0.1376975 -0.1504184 -0.1180501 -0.1057995 -0.1338056 -0.0928354 -0.1313523 -0.1581920
C  0  1  87  1  0 15  -0.1283827 -0.1399967 -0.1339692 -0.1917755 -0.1546504 -0.1142061 -0.1304247 -0.1687189 -0.1496988 -0.1373635 -0.0943594 -0.1288959 -0.0996217 -0.0895666 -0.0892415 -0.1282651
C  0  1  87  1  0 16  -0.1817915 -0.1565093 -0.1932204 -0.1887884 -0.1546413 -0.1812484 -0.1976163 -0.2086287 -0.1636701 -0.1420549 -0.0962510 -0.1416783 -0.1564216 -0.1356829 -0.1149353 -0.1802813
C  0  1  87  1  0 17  -0.2373265 -0.2718162 -0.2632965 -0.2905072 -0.2455047 -0.3132269 -0.3070867 -0.2893804 -0.2640983 -0.2562183 -0.2012460 -0.2275739 -0.1523171 -0.2764433 -0.2351283 -0.3104707
C  0  1  87  1  0 18  -0.2956256 -0.2283819 -0.2808100 -0.2520625 -0.2534214 -0.2334927 -0.3123908 -0.2896786 -0.2362957 -0.2228158 -0.2976604 -0.2674784 -0.2018806 -0.1997432 -0.1669397 -0.2458309
C  0  1  87  1  0 19  -0.2658423 -0.2745742 -0.3375198 -0.2640025 -0.2837032 -0.2914417 -0.2480266 -0.1928354 -0.3335140 -0.2726453 -0.1922345 -0.2207463 -0.2538665 -0.2909264 -0.2867558 -0.2285410
C  0  1  87  1  0 20  -0.2630683 -0.3199637 -0.3375497 -0.3445158 -0.3113621 -0.1719501 -0.2675115 -0.2774765 -0.2835305 -0.2911709 -0.3021733 -0.2795191 -0.3448187 -0.2486401 -0.2280261 -0.2717780
C  0  1  87  1  0 21  -0.4613429 -0.3760280 -0.4333287 -0.4162985 -0.2529499 -0.3100851 -0.3799514 -0.3804399 -0.4503585 -0.3685193 -0.3964184 -0.4416763 -0.3890868 -0.4172908 -0.4713283 -0.4508159
C  0  1  87  1  1  0   0.0465098  0.0492042  0.0417605  0.0246721  0.0013049 -0.0189702 -0.0333186 -0.0399118 -0.0438294 -0.0360027 -0.0348630 -0.0159488  0.0027675  0.0056613  0.0254689  0.0366898
C  0  1  87  1  1  1   0.0245828  0.0232270  0.0192826  0.0108732  0.0025738 -0.0080926 -0.0155468 -0.0176460 -0.0177314 -0.0157560 -0.0152372 -0.0072091  0.0044316  0.0098247  0.0125070  0.0239750
C  0  1  87  1  1  2   0.0127459  0.0138561  0.0103521  0.0053953  0.0019191 -0.0020134 -0.0073690 -0.0080826 -0.0099192 -0.0054320 -0.0040446 -0.0025180  0.0010516  0.0024911  0.0042365  0.0115196
C  0  1  87  1  1  3   0.0071718  0.0068951  0.0013939  0.0036994  0.0005399 -0.0000191 -0.0034757 -0.0019359 -0.0003025  0.0000517 -0.0027124 -0.0019731  0.0017493  0.0024321  0.0013349  0.0062186
C  0  1  87  1  1  4   0.0019124  0.0012401 -0.0004251 -0.0001591  0.0029195  0.0020651  0.0008022  0.0016326  0.0044994  0.0020730 -0.0005860 -0.0011648  0.0031370  0.0014638  0.0032430  0.0027279
C  0  1  87  1  1  5   0.0022081  0.0011998 -0.0001921  0.0039250  0.0029033  0.0038476  0.0033315  0.0040039  0.0051530  0.0024373  0.0000217 -0.0004269  0.0018250  0.0026408  0.0013753 -0.0002331
C  0  1  87  1  1  6   0.0008635  0.0012347  0.0004246  0.0027812  0.0048203  0.0044865  0.0059759  0.0038896  0.0029968  0.0012130  0.0000532  0.0002356  0.0004460  0.0009345  0.0006199 -0.0006391
C  0  1  87  1  1  7  -0.0005818  0.0021004  0.0022788  0.0044869  0.0052500  0.0044894  0.0049439  0.0032503  0.0042326  0.0007048 -0.0006433  0.0001241  0.0010586  0.0013790  0.0018372 -0.0009860
C  0  1  87  1  1  8  -0.0013251  0.0012092  0.0024957  0.0023504  0.0039894  0.0036537  0.0044334  0.0047995  0.0059519  0.0018549  0.0003162 -0.0002862  0.0008088  0.0007743  0.0007805 -0.0004205
C  0  1  87  1  1  9   0.0006577  0.0023434  0.0014624  0.0031067  0.0027407  0.0028252  0.0029686  0.0031178  0.0017632 -0.0005305  0.0008134  0.0004694  0.0013427 -0.0002559  0.0006965 -0.0010928
C  0  1  87  1  1 10  -0.0007187  0.0016944  0.0012539  0.0015182  0.0020228  0.0015869  0.0020688  0.0024095  0.0025880 -0.0014463 -0.0012590  0.0003371 -0.0005483  0.0004757  0.0014929 -0.0009608
C  0  1  87  1  1 11  -0.0006917  0.0021338  0.0012184  0.0017224  0.0021679 -0.0003458  0.0011963  0.0012466  0.0026125  0.0008352 -0.0017986 -0.0003681 -0.0012277 -0.0002716  0.0000170 -0.0024500
C  0  1  87  1  1 12   0.0001047  0.0017697  0.0022830  0.0041085  0.0014143  0.0010977  0.0005001  0.0029407  0.0037630  0.0008287  0.0005376  0.0000868 -0.0004849 -0.0008219  0.0005705 -0.0007439
C  0  1  87  1  1 13   0.0000182  0.0015941  0.0031901  0.0035740  0.0024909  0.0022038  0.0038888  0.0059583  0.0050042  0.0009098  0.0009575 -0.0007471 -0.0016381 -0.0024748  0.0005667 -0.0018480
C  0  1  87  1  1 14  -0.0007668  0.0011030  0.0026921  0.0035693  0.0029149  0.0026780  0.0043634  0.0062146  0.0054004  0.0019913  0.0018130 -0.0004487 -0.0031739 -0.0013437 -0.0024038 -0.0020460
C  0  1  87  1  1 15  -0.0020518  0.0000612  0.0026120  0.0034727  0.0025016 -0.0006865  0.0035672  0.0033725  0.0062851  0.0029354  0.0022382 -0.0002830 -0.0028556 -0.0056565 -0.0057388 -0.0055109
C  0  1  87  1  1 16  -0.0021643  0.0018204  0.0036011  0.0050078  0.0039580  0.0015004  0.0033502  0.0037773  0.0034970  0.0061264  0.0026700  0.0026415 -0.0016459 -0.0019263 -0.0044963 -0.0054260
C  0  1  87  1  1 17  -0.0037267  0.0028662  0.0028681  0.0053522  0.0013843 -0.0021538  0.0018263  0.0031287  0.0029693  0.0034949  0.0046632  0.0021138 -0.0021105 -0.0043957 -0.0054607 -0.0049089
C  0  1  87  1  1 18  -0.0008881  0.0063402  0.0050080  0.0060948  0.0039463 -0.0001107 -0.0023175 -0.0002493  0.0027199  0.0029253  0.0010866  0.0006682 -0.0022400 -0.0026745 -0.0060325 -0.0047388
C  0  1  87  1  1 19   0.0020791  0.0085235  0.0126574  0.0099309  0.0061468  0.0018992 -0.0013960 -0.0004718  0.0020262  0.0056500  0.0028045  0.0000980 -0.0018642 -0.0048059 -0.0045466 -0.0023799
C  0  1  87  1  1 20   0.0006282  0.0147407  0.0179288  0.0127125  0.0058981  0.0031555 -0.0021507  0.0000008  0.0013068  0.0077778  0.0026254 -0.0015833 -0.0071830 -0.0068413 -0.0051491 -0.0051946
C  0  1  87  1  1 21   0.0086575  0.0225477  0.0298615  0.0232343  0.0151168  0.0164718  0.0119470  0.0121656  0.0112697  0.0137977  0.0026712 -0.0038427 -0.0068402 -0.0191557 -0.0091341 -0.0007919
