CPHI 16 
CETA 22 -2.40 -2.10 -1.85 -1.60 -1.40 -1.20 -1.00 -0.80 -0.60 -0.40 -0.20  0.00  0.20  0.40  0.60  0.80  1.00  1.20  1.40  1.60  1.85  2.10  2.40 
RMIN  6 
RTRK 12 
RETA 11  0.00  0.20  0.40  0.60  0.80  1.00  1.20  1.40  1.60  1.85  2.10  2.40 
T 0 1  88  0  0  0    0.0000000   0.0006278   0.0017004   0.0031633   0.0122621   0.0694062   0.2769436   0.6534934   1.0000000   1.0000000   1.0000000   1.0000000   1.0000000
T 0 1  88  0  0  1    0.0000000   0.0001479   0.0005589   0.0024058   0.0124533   0.0590119   0.2254176   0.5888602   1.0000000   1.0000000   1.0000000   1.0000000   1.0000000
T 0 1  88  0  0  2    0.0000000   0.0001378   0.0005113   0.0016449   0.0107759   0.0554109   0.2097903   0.5736972   1.0000000   1.0000000   1.0000000   1.0000000   1.0000000
T 0 1  88  0  0  3    0.0000000   0.0002244   0.0006081   0.0017928   0.0117048   0.0632123   0.2261195   0.5867472   1.0000000   1.0000000   1.0000000   1.0000000   1.0000000
T 0 1  88  0  0  4    0.0000000   0.0003752   0.0025324   0.0143051   0.0627459   0.2040347   0.4892953   0.8228278   1.0000000   1.0000000   1.0000000   1.0000000   1.0000000
T 0 1  88  0  0  5    0.0000000   0.0009578   0.0074828   0.0512561   0.2050067   0.5328394   0.8754538   0.9994002   1.0000000   1.0000000   1.0000000   1.0000000   1.0000000
T 0 1  88  0  0  6    0.0000000   0.0002872   0.0012140   0.0103585   0.0674285   0.2779121   0.6633576   0.9310116   0.9982180   0.9999994   1.0000000   1.0000000   1.0000000
T 0 1  88  0  0  7    0.0000000   0.0000580   0.0004040   0.0009064   0.0047551   0.0310312   0.1192856   0.2971502   0.5818538   0.8694886   0.9843586   0.9998595   1.0000000
T 0 1  88  0  0  8    0.0000000   0.0000030   0.0000379   0.0001420   0.0003702   0.0009800   0.0041399   0.0248103   0.1191881   0.3939264   0.7891862   0.9692974   1.0000000
T 0 1  88  0  0  9    0.0000000   0.0000045   0.0000045   0.0000227   0.0005214   0.0035796   0.0182646   0.0863731   0.3025092   0.6583933   0.9383810   0.9999194   1.0000000
T 0 1  88  0  0 10    0.0000000   0.0066551   0.0293394   0.0466541   0.0796208   0.1688703   0.3382086   0.6903017   0.9105289   0.9703116   0.9998476   1.0000000   1.0000000
T 0 1  88  1  0  0    0.0000000   0.0005148   0.0016399   0.0047460   0.0213440   0.1017716   0.3374237   0.6994022   1.0000000   1.0000000   1.0000000   1.0000000   1.0000000
T 0 1  88  1  0  1    0.0000000   0.0002633   0.0010891   0.0042307   0.0181163   0.0752157   0.2537985   0.6193956   1.0000000   1.0000000   1.0000000   1.0000000   1.0000000
T 0 1  88  1  0  2    0.0000000   0.0002194   0.0008486   0.0027728   0.0124455   0.0616642   0.2339277   0.6064318   1.0000000   1.0000000   1.0000000   1.0000000   1.0000000
T 0 1  88  1  0  3    0.0000000   0.0002283   0.0008669   0.0027852   0.0140251   0.0700545   0.2491207   0.6198491   1.0000000   1.0000000   1.0000000   1.0000000   1.0000000
T 0 1  88  1  0  4    0.0000000   0.0004356   0.0027620   0.0153929   0.0663357   0.2155446   0.5058694   0.8320271   1.0000000   1.0000000   1.0000000   1.0000000   1.0000000
T 0 1  88  1  0  5    0.0000000   0.0011873   0.0094478   0.0577925   0.2246261   0.5586818   0.8900123   0.9996500   1.0000000   1.0000000   1.0000000   1.0000000   1.0000000
T 0 1  88  1  0  6    0.0000000   0.0004626   0.0026649   0.0180020   0.0942133   0.3329130   0.7236541   0.9536823   0.9988141   0.9999984   1.0000000   1.0000000   1.0000000
T 0 1  88  1  0  7    0.0000000   0.0002246   0.0006446   0.0024765   0.0123245   0.0526267   0.1570011   0.3413836   0.6074237   0.8728054   0.9849908   0.9998878   1.0000000
T 0 1  88  1  0  8    0.0000000   0.0009562   0.0014955   0.0017998   0.0022382   0.0036136   0.0107994   0.0452511   0.1686405   0.4573475   0.8251665   0.9710661   1.0000000
T 0 1  88  1  0  9    0.0000000   0.0021003   0.0074838   0.0131257   0.0159362   0.0198461   0.0401951   0.1288935   0.3661962   0.7154288   0.9583841   0.9999941   1.0000000
T 0 1  88  1  0 10    0.0000000   0.0032254   0.0170235   0.0428863   0.0843736   0.1746921   0.3942474   0.7474223   0.9511020   0.9856143   0.9999985   1.0000000   1.0000000
R 0 1  88  0  0  0    0.0223175   0.0223175   0.0112738   0.0106464   0.0103676   0.0101692   0.0100483   0.0098294   0.0098294   0.0098294   0.0098294   0.0098294
R 0 1  88  0  0  1    0.0117471   0.0117471   0.0117471   0.0117471   0.0110725   0.0108912   0.0109787   0.0108525   0.0108525   0.0108525   0.0108525   0.0108525
R 0 1  88  0  0  2    0.0126240   0.0126240   0.0126240   0.0126240   0.0119822   0.0119869   0.0118397   0.0116959   0.0116959   0.0116959   0.0116959   0.0116959
R 0 1  88  0  0  3    0.0138469   0.0138469   0.0138469   0.0138469   0.0126903   0.0125137   0.0123482   0.0122854   0.0122854   0.0122854   0.0122854   0.0122854
R 0 1  88  0  0  4    0.0190276   0.0190276   0.0190276   0.0173695   0.0169018   0.0159127   0.0144621   0.0131052   0.0131052   0.0131052   0.0131052   0.0131052
R 0 1  88  0  0  5    0.0207616   0.0207616   0.0193408   0.0191724   0.0187358   0.0180743   0.0169248   0.0169248   0.0169248   0.0169248   0.0169248   0.0169248
R 0 1  88  0  0  6    0.0203678   0.0203678   0.0203678   0.0203844   0.0207833   0.0207463   0.0207613   0.0206418   0.0206418   0.0206418   0.0206418   0.0206418
R 0 1  88  0  0  7    0.0214522   0.0214522   0.0214522   0.0214522   0.0208616   0.0213183   0.0212942   0.0209115   0.0205472   0.0197302   0.0197302   0.0197302
R 0 1  88  0  0  8    0.0210442   0.0210442   0.0210442   0.0210442   0.0210442   0.0210442   0.0210442   0.0210774   0.0209452   0.0209752   0.0203105   0.0189488
R 0 1  88  0  0  9    0.0310170   0.0310170   0.0310170   0.0310170   0.0310170   0.0310170   0.0296769   0.0288207   0.0274765   0.0264511   0.0248833   0.0248833
R 0 1  88  0  0 10    0.0757114   0.0713173   0.0593089   0.0528727   0.0473422   0.0440397   0.0409831   0.0355586   0.0333394   0.0307334   0.0307334   0.0307334
R 0 1  88  0  1  0    0.0000000   0.0000000   0.0000000   0.0000890   0.0000843   0.0000802   0.0000742   0.0000647   0.0000647   0.0000647   0.0000647   0.0000647
R 0 1  88  0  1  1    0.0000847   0.0000847   0.0000847   0.0000847   0.0000724   0.0000679   0.0000636   0.0000565   0.0000565   0.0000565   0.0000565   0.0000565
R 0 1  88  0  1  2    0.0000574   0.0000574   0.0000574   0.0000574   0.0000637   0.0000653   0.0000605   0.0000530   0.0000530   0.0000530   0.0000530   0.0000530
R 0 1  88  0  1  3    0.0000844   0.0000844   0.0000844   0.0000844   0.0000732   0.0000577   0.0000544   0.0000500   0.0000500   0.0000500   0.0000500   0.0000500
R 0 1  88  0  1  4    0.0001230   0.0001230   0.0001230   0.0000931   0.0000908   0.0000779   0.0000549   0.0000455   0.0000455   0.0000455   0.0000455   0.0000455
R 0 1  88  0  1  5    0.0001278   0.0001278   0.0000721   0.0000659   0.0000693   0.0000577   0.0000384   0.0000384   0.0000384   0.0000384   0.0000384   0.0000384
R 0 1  88  0  1  6    0.0001207   0.0001207   0.0001207   0.0000496   0.0000556   0.0000618   0.0000476   0.0000271   0.0000271   0.0000271   0.0000271   0.0000271
R 0 1  88  0  1  7    0.0000790   0.0000790   0.0000790   0.0000790   0.0000876   0.0000757   0.0000787   0.0000703   0.0000677   0.0000556   0.0000556   0.0000556
R 0 1  88  0  1  8    0.0001187   0.0001187   0.0001187   0.0001187   0.0001187   0.0001187   0.0001187   0.0001105   0.0001049   0.0000996   0.0000850   0.0000750
R 0 1  88  0  1  9    0.0002406   0.0002406   0.0002406   0.0002406   0.0002406   0.0002406   0.0002120   0.0002067   0.0001771   0.0001554   0.0001342   0.0001342
R 0 1  88  0  1 10    0.0012890   0.0011517   0.0007024   0.0007291   0.0005696   0.0004891   0.0003846   0.0002613   0.0002002   0.0001665   0.0001665   0.0001665
R 0 1  88  0  2  0    0.0000000   0.0000000   0.0000000   0.0000000   0.0000000   0.0000071   0.0000056   0.0000120   0.0000120   0.0000120   0.0000120   0.0000120
R 0 1  88  0  2  1    0.0000000   0.0000000   0.0000000   0.0000000   0.0000000   0.0000133   0.0000050   0.0000160   0.0000160   0.0000160   0.0000160   0.0000160
R 0 1  88  0  2  2    0.0000000   0.0000000   0.0000000   0.0000000   0.0000494   0.0000084   0.0000158   0.0000134   0.0000134   0.0000134   0.0000134   0.0000134
R 0 1  88  0  2  3    0.0000000   0.0000000   0.0000000   0.0000000   0.0000000   0.0000000   0.0000203   0.0000000   0.0000000   0.0000000   0.0000000   0.0000000
R 0 1  88  0  2  4    0.0000000   0.0000000   0.0000000   0.0000000   0.0000000   0.0000000   0.0000173   0.0000000   0.0000000   0.0000000   0.0000000   0.0000000
R 0 1  88  0  2  5    0.0000000   0.0000000   0.0000000   0.0000000   0.0000223   0.0000143   0.0000000   0.0000000   0.0000000   0.0000000   0.0000000   0.0000000
R 0 1  88  0  2  6    0.0000000   0.0000000   0.0000000   0.0000000   0.0000000   0.0000000   0.0000098   0.0000000   0.0000000   0.0000000   0.0000000   0.0000000
R 0 1  88  0  2  7    0.0000000   0.0000000   0.0000000   0.0000000   0.0000000   0.0000000   0.0000000   0.0000000   0.0000227   0.0000000   0.0000000   0.0000000
R 0 1  88  0  2  8    0.0000000   0.0000000   0.0000000   0.0000000   0.0000000   0.0000000   0.0000000   0.0000000   0.0000000   0.0000000   0.0000000   0.0000000
R 0 1  88  0  2  9    0.0000000   0.0000000   0.0000000   0.0000000   0.0000000   0.0000000   0.0000000   0.0000536   0.0000000   0.0000143   0.0000000   0.0000000
R 0 1  88  0  2 10    0.0000000   0.0000000   0.0000000   0.0000000   0.0000000   0.0000000   0.0000394   0.0000489   0.0000000   0.0000000   0.0000000   0.0000000
R 0 1  88  0  3  0    1.2149320   1.2149320   1.0369670   1.0160201   0.9871099   0.9862239   0.9807107   0.9817288   0.9817288   0.9817288   0.9817288   0.9817288
R 0 1  88  0  3  1    1.0229013   1.0229013   1.0229013   1.0229013   0.9957934   0.9870756   0.9811981   0.9798685   0.9798685   0.9798685   0.9798685   0.9798685
R 0 1  88  0  3  2    1.0053471   1.0053471   1.0053471   1.0053471   1.0042880   0.9827817   0.9798507   0.9815944   0.9815944   0.9815944   0.9815944   0.9815944
R 0 1  88  0  3  3    1.0033798   1.0033798   1.0033798   1.0033798   0.9980249   0.9898967   0.9830886   0.9821319   0.9821319   0.9821319   0.9821319   0.9821319
R 0 1  88  0  3  4    1.0240782   1.0240782   1.0240782   0.9952888   0.9791070   0.9724485   0.9779852   0.9881971   0.9881971   0.9881971   0.9881971   0.9881971
R 0 1  88  0  3  5    1.0177312   1.0177312   0.9996470   0.9781886   0.9730864   0.9726320   0.9736783   0.9736783   0.9736783   0.9736783   0.9736783   0.9736783
R 0 1  88  0  3  6    1.0374452   1.0374452   1.0374452   1.0044432   0.9902147   0.9846613   0.9830972   0.9694196   0.9694196   0.9694196   0.9694196   0.9694196
R 0 1  88  0  3  7    1.0319586   1.0319586   1.0319586   1.0319586   1.0329369   0.9951545   0.9899070   0.9843699   0.9878101   0.9883991   0.9883991   0.9883991
R 0 1  88  0  3  8    1.0216974   1.0216974   1.0216974   1.0216974   1.0216974   1.0216974   1.0216974   0.9966350   0.9845317   0.9842047   0.9898259   1.0098865
R 0 1  88  0  3  9    1.0170632   1.0170632   1.0170632   1.0170632   1.0170632   1.0170632   0.9899282   0.9775392   0.9716774   0.9823588   1.0057321   1.0057321
R 0 1  88  0  3 10    1.0699701   1.0327321   1.0477657   0.9962335   0.9760363   0.9673489   0.9687172   0.9672896   1.0072314   1.0046630   1.0046630   1.0046630
R 0 1  88  0  4  0    1.4680444   1.4680444   1.2471153   1.9358367   2.1113123   2.2756562   2.2297959   2.2665970   2.2665970   2.2665970   2.2665970   2.2665970
R 0 1  88  0  4  1    1.9419269   1.9419269   1.9419269   1.9419269   2.1402153   2.2604700   2.2421604   2.2127990   2.2127990   2.2127990   2.2127990   2.2127990
R 0 1  88  0  4  2    1.9099095   1.9099095   1.9099095   1.9099095   2.2114178   2.2054143   2.2231424   2.2505310   2.2505310   2.2505310   2.2505310   2.2505310
R 0 1  88  0  4  3    1.8093411   1.8093411   1.8093411   1.8093411   2.1709068   2.2629228   2.2518845   2.2378358   2.2378358   2.2378358   2.2378358   2.2378358
R 0 1  88  0  4  4    2.0008823   2.0008823   2.0008823   2.0780169   2.0932608   2.0650056   2.1966433   2.3202912   2.3202912   2.3202912   2.3202912   2.3202912
R 0 1  88  0  4  5    1.8389325   1.8389325   2.1081540   2.0736928   2.0584764   2.0935569   2.0157101   2.0157101   2.0157101   2.0157101   2.0157101   2.0157101
R 0 1  88  0  4  6    2.0529538   2.0529538   2.0529538   2.1853840   2.3425820   2.3577893   2.3337544   2.1527487   2.1527487   2.1527487   2.1527487   2.1527487
R 0 1  88  0  4  7    1.7319728   1.7319728   1.7319728   1.7319728   2.4152172   2.3453582   2.3460556   2.3321040   2.4194420   2.3915093   2.3915093   2.3915093
R 0 1  88  0  4  8    2.1243918   2.1243918   2.1243918   2.1243918   2.1243918   2.1243918   2.1243918   2.2631312   2.2315693   2.2866783   2.3263283   2.2512241
R 0 1  88  0  4  9    2.1917193   2.1917193   2.1917193   2.1917193   2.1917193   2.1917193   1.9728311   2.0803655   2.0108161   2.1485871   2.1681882   2.1681882
R 0 1  88  0  4 10    1.9501081   2.2088718   2.0561037   1.8739871   1.9373551   1.9215347   1.9758571   1.9090327   2.0760297   2.0155786   2.0155786   2.0155786
R 0 1  88  0  5  0   16.3979135  16.3979135   8.0822583   4.6421479   4.8507797   3.8701732   4.2601888   4.0010028   4.0010028   4.0010028   4.0010028   4.0010028
R 0 1  88  0  5  1    4.3705653   4.3705653   4.3705653   4.3705653   4.4369745   3.8298644   4.0650150   4.2956115   4.2956115   4.2956115   4.2956115   4.2956115
R 0 1  88  0  5  2    4.1736547   4.1736547   4.1736547   4.1736547   4.0779107   4.3917822   4.2331745   4.1478759   4.1478759   4.1478759   4.1478759   4.1478759
R 0 1  88  0  5  3    5.0364074   5.0364074   5.0364074   5.0364074   4.2242114   4.0968262   4.1852476   4.3195680   4.3195680   4.3195680   4.3195680   4.3195680
R 0 1  88  0  5  4    4.5548760   4.5548760   4.5548760   4.7386019   5.1038857   5.1460978   3.9736478   3.2576609   3.2576609   3.2576609   3.2576609   3.2576609
R 0 1  88  0  5  5    4.0698006   4.0698006   4.6660848   5.3543911   5.5856254   4.5843961   4.0688853   4.0688853   4.0688853   4.0688853   4.0688853   4.0688853
R 0 1  88  0  5  6    2.7654858   2.7654858   2.7654858   4.2011197   3.3979109   2.9007859   2.4388676   2.7139518   2.7139518   2.7139518   2.7139518   2.7139518
R 0 1  88  0  5  7    3.8376462   3.8376462   3.8376462   3.8376462   3.2485701   3.1301853   2.9605690   2.8829704   2.5268411   1.9684133   1.9684133   1.9684133
R 0 1  88  0  5  8    4.2746624   4.2746624   4.2746624   4.2746624   4.2746624   4.2746624   4.2746624   4.5112763   4.4879260   4.2882967   3.4802892   4.5138713
R 0 1  88  0  5  9    3.9826262   3.9826262   3.9826262   3.9826262   3.9826262   3.9826262   7.7505791   5.7181539   6.9947864   5.9943239   6.1117732   6.1117732
R 0 1  88  0  5 10    8.9463125   4.6211834   3.8461681   5.5795257   5.9696195   7.1334187   7.7418172   9.6100170   6.1289441   6.7291805   6.7291805   6.7291805
F  0  1  88  0  0  0    0.9852911   1.0500068   1.0012007   0.9974765   0.9851419   0.9976874   0.9950802   0.9876094   0.9909494   0.9839041   0.9875236
F  0  1  88  1  0  0    1.0998098   1.0938549   1.0692665   1.0690548   1.0515031   1.0693785   1.0755653   1.0633811   1.0410757   1.0586148   1.0812633
C  0  1  88  0  0  0  -0.2003291 -0.2185270 -0.1477952 -0.4708444 -0.2459199 -0.0736979 -0.1457273 -0.1459645 -0.2864221 -0.1827794 -0.1547008 -0.1193659 -0.1996782 -0.2256602 -0.2966109 -0.0743279
C  0  1  88  0  0  1  -0.0763136 -0.1509188 -0.1303048 -0.0265129 -0.2122915 -0.1808792 -0.1518300 -0.0677831  0.0027291 -0.1379998 -0.1213642 -0.1239729 -0.0333417 -0.1853575 -0.3028920 -0.0349195
C  0  1  88  0  0  2  -0.1340869 -0.0706683 -0.1557548 -0.0949855  0.0165306 -0.0561191 -0.1456581 -0.0832519 -0.0249455 -0.0536093 -0.0855393 -0.1294067 -0.0668437 -0.0862706 -0.0074297 -0.0572874
C  0  1  88  0  0  3  -0.0487543 -0.1775471 -0.0231949 -0.1024837  0.0144294 -0.1863548 -0.0698953 -0.0498250 -0.0276166 -0.0487902 -0.1060355 -0.1331795 -0.2053565 -0.1252633 -0.1239919 -0.0067583
C  0  1  88  0  0  4  -0.0128341 -0.1198049 -0.0552059 -0.1305956 -0.0817380 -0.0490167 -0.0833681 -0.1305119 -0.0492033 -0.0001453 -0.1210728 -0.1052797 -0.1384519 -0.1407440 -0.1342264 -0.0882525
C  0  1  88  0  0  5  -0.0334577 -0.0539647 -0.1171832  0.0779305 -0.1199241 -0.0409814  0.0125926 -0.0668531  0.0072062  0.0166617  0.0037606 -0.0036823  0.0130100  0.0312990  0.0791937 -0.0751406
C  0  1  88  0  0  6   0.0090204  0.0771794  0.0436815 -0.0048647  0.0081177  0.0156141 -0.0751834 -0.1738822  0.0635107 -0.0792271  0.0208579 -0.0334402 -0.0123800  0.0125425 -0.0905208 -0.0590622
C  0  1  88  0  0  7  -0.0439230 -0.0405301  0.0045076 -0.0590143 -0.0527366  0.0307119  0.0349280 -0.0196159 -0.0351331 -0.0051702  0.0081530 -0.0102108  0.0659162 -0.0384280 -0.0677434  0.0400119
C  0  1  88  0  0  8  -0.0040539 -0.0257343  0.0859687  0.0540657 -0.0454892  0.0386093  0.0146137  0.0150394  0.0121410  0.0845574 -0.0802214 -0.0901601  0.0141139  0.0577809 -0.0299790  0.0116465
C  0  1  88  0  0  9  -0.0460357  0.0401194 -0.0415948  0.0258411 -0.0163748  0.0226580  0.0009908  0.0717079 -0.0012635  0.0457453  0.0650279  0.0384025 -0.0268481  0.0979147  0.0265541  0.0692879
C  0  1  88  0  0 10  -0.0285752  0.0647355  0.0332380  0.0430543 -0.0719362  0.0096661 -0.0371716 -0.1152562  0.0211588 -0.0865830  0.0321808  0.0258058  0.0256276  0.1032718 -0.0122698 -0.0026984
C  0  1  88  0  0 11  -0.0685971  0.0149653 -0.0168349 -0.0317907  0.0097634  0.0735525  0.0715689  0.0869762 -0.0559812  0.0214963  0.1000160 -0.0079960 -0.0536244 -0.0091647  0.0209233  0.0239196
C  0  1  88  0  0 12   0.0247540  0.0068575 -0.0141139 -0.0619026  0.0008953 -0.0003008 -0.0045388 -0.0461193 -0.0477335  0.0602102 -0.0209857 -0.0506300 -0.0256141 -0.0080039  0.0511771  0.0814257
C  0  1  88  0  0 13  -0.0421014  0.0003714  0.0284689 -0.0460908 -0.0003945 -0.0629156 -0.0117220  0.0064198  0.0520176  0.0059090 -0.0425193  0.0168748  0.0337521  0.0582193  0.0084182  0.0062787
C  0  1  88  0  0 14   0.0064933 -0.0459391  0.0026372  0.0290240  0.0107446  0.0119800 -0.0087901 -0.0194452 -0.0864892 -0.0179893  0.0928927 -0.0391249  0.0094009  0.0735995  0.0599091 -0.0350526
C  0  1  88  0  0 15  -0.0817354 -0.0707789  0.0165710  0.0053532  0.0043189 -0.0613496 -0.0772956  0.0077504  0.0166866 -0.0373117 -0.0218635 -0.1364991 -0.0313932  0.0091444 -0.0893524  0.0175106
C  0  1  88  0  0 16   0.1268482 -0.0016838 -0.0354617  0.0346162 -0.0586287 -0.0063922 -0.0415468 -0.0176053 -0.0903841  0.0800189  0.0372829 -0.0101547 -0.0334835  0.0056833 -0.0877426  0.0506103
C  0  1  88  0  0 17  -0.1125872 -0.0375432 -0.1158158 -0.0967578 -0.1037646 -0.0743040 -0.0445397 -0.0254874 -0.0675627 -0.1183442 -0.0376651 -0.0901926 -0.0482151 -0.0962246 -0.0534556  0.0657994
C  0  1  88  0  0 18  -0.0716687  0.0204177 -0.0185410 -0.0655329 -0.1794139 -0.0684995 -0.0403493 -0.0478300 -0.0230711 -0.0366845 -0.0126407 -0.0854213 -0.0739742 -0.0391555 -0.1949212 -0.0068886
C  0  1  88  0  0 19   0.0454505 -0.0410476 -0.2295681 -0.0049690 -0.1519198 -0.1191109 -0.1442051 -0.1071687 -0.1961765 -0.0391873 -0.0692065 -0.0294003 -0.0688434 -0.0419559 -0.0510955 -0.1293402
C  0  1  88  0  0 20  -0.0303891 -0.0780542  0.0656641 -0.0127460 -0.1357141 -0.1968296 -0.2091154 -0.0985226 -0.0399892 -0.1752617 -0.0670805 -0.0146141 -0.0712373 -0.2170433 -0.2218756 -0.1106493
C  0  1  88  0  0 21  -0.1650364 -0.1629323 -0.4354516 -0.0963976 -0.1967376 -0.2347946 -0.3337050 -0.1043629 -0.1813721 -0.2385568 -0.3416275 -0.3348875 -0.4578370 -0.3716075 -0.2116323 -0.2955483
C  0  1  88  0  1  0  -0.0007661 -0.0007135 -0.0014811 -0.0002025 -0.0030170 -0.0020055 -0.0011016 -0.0010069  0.0031596 -0.0007712 -0.0032973  0.0025834  0.0045861  0.0060482  0.0056551  0.0032491
C  0  1  88  0  1  1  -0.0008152  0.0042709 -0.0031646  0.0003214 -0.0019088 -0.0006680  0.0026873 -0.0009549  0.0048590 -0.0013873 -0.0018607 -0.0034874  0.0037599  0.0032898  0.0019433  0.0016298
C  0  1  88  0  1  2   0.0038113  0.0016699  0.0006001  0.0004823 -0.0019908  0.0006801  0.0024412  0.0006703 -0.0028759  0.0010647 -0.0004466 -0.0019508  0.0021224 -0.0020654  0.0014342 -0.0009706
C  0  1  88  0  1  3   0.0018850 -0.0019909  0.0011509 -0.0036427 -0.0017274  0.0009026  0.0031533 -0.0037513 -0.0005583 -0.0026568 -0.0000252 -0.0014903 -0.0015617 -0.0004930  0.0008659  0.0035609
C  0  1  88  0  1  4   0.0022119  0.0007454 -0.0000268  0.0020774 -0.0006033 -0.0026974 -0.0014147 -0.0013623  0.0011217  0.0015538 -0.0035575 -0.0009755  0.0020963 -0.0026943 -0.0003822 -0.0021561
C  0  1  88  0  1  5  -0.0011483  0.0024672 -0.0022992 -0.0000321  0.0014588 -0.0015167 -0.0007957  0.0016282 -0.0010628  0.0009332  0.0034679 -0.0006918 -0.0003415 -0.0005675 -0.0014010 -0.0017973
C  0  1  88  0  1  6   0.0030194 -0.0012009 -0.0013084  0.0028037 -0.0012447  0.0020175 -0.0022942  0.0000227  0.0013843 -0.0023520 -0.0000793 -0.0005984 -0.0009622 -0.0017741  0.0029958 -0.0010199
C  0  1  88  0  1  7   0.0015025 -0.0000801 -0.0000620  0.0018383  0.0008339  0.0025735 -0.0010862  0.0004600 -0.0000021 -0.0009690  0.0016857 -0.0032800 -0.0010412 -0.0007224 -0.0016394 -0.0013921
C  0  1  88  0  1  8   0.0021081  0.0028598  0.0009514 -0.0009319  0.0010215  0.0005134  0.0011631  0.0015529  0.0011208  0.0004701 -0.0001112 -0.0008216 -0.0013200  0.0000858 -0.0001235  0.0012524
C  0  1  88  0  1  9  -0.0029852  0.0010535  0.0013448  0.0011053 -0.0000555 -0.0000823 -0.0004643  0.0014138 -0.0010059 -0.0028790 -0.0018519  0.0012172 -0.0009476  0.0012996 -0.0013857  0.0014141
C  0  1  88  0  1 10  -0.0010041 -0.0001573  0.0023431  0.0016680  0.0021449 -0.0003673  0.0006477  0.0002594 -0.0028111 -0.0020201  0.0002243  0.0002602 -0.0005839 -0.0000551  0.0002648  0.0012410
C  0  1  88  0  1 11  -0.0008841  0.0005159 -0.0001345  0.0013171 -0.0000681  0.0011425 -0.0030811 -0.0007086 -0.0035741 -0.0004370  0.0003290 -0.0006266  0.0006199 -0.0004208 -0.0008854 -0.0000367
C  0  1  88  0  1 12  -0.0008551 -0.0000382  0.0017264 -0.0019862 -0.0000060 -0.0016217  0.0007314 -0.0000484 -0.0000240 -0.0003585  0.0002555  0.0036599 -0.0005154 -0.0004729 -0.0006888  0.0016782
C  0  1  88  0  1 13   0.0022527 -0.0013907 -0.0000803  0.0024489  0.0020795  0.0002654 -0.0026448  0.0010560  0.0001928 -0.0028674 -0.0028388  0.0002641 -0.0020871  0.0007638 -0.0007086  0.0022392
C  0  1  88  0  1 14   0.0013807  0.0004876  0.0023231  0.0017362  0.0011129  0.0010757 -0.0005995  0.0008961  0.0000085 -0.0003253  0.0005129  0.0006749  0.0013374  0.0007633 -0.0018947  0.0026778
C  0  1  88  0  1 15   0.0016464 -0.0012460 -0.0005780  0.0018864  0.0000976  0.0022165  0.0016587 -0.0004502  0.0002410 -0.0011082 -0.0010500  0.0006804 -0.0004287  0.0005890 -0.0000220 -0.0005032
C  0  1  88  0  1 16   0.0017275  0.0030626  0.0005394  0.0015599  0.0003284  0.0034076  0.0001122  0.0003606  0.0013556 -0.0018879  0.0020744 -0.0003862 -0.0005181  0.0021649  0.0009653  0.0014188
C  0  1  88  0  1 17  -0.0004106 -0.0002014  0.0005003  0.0023210  0.0011585  0.0020409  0.0028694  0.0004808 -0.0015020  0.0018836  0.0011814  0.0002162  0.0007992 -0.0015768  0.0059039  0.0033839
C  0  1  88  0  1 18   0.0051029  0.0038608  0.0035476  0.0030361 -0.0019357  0.0028932  0.0031519  0.0009892 -0.0025265  0.0012984  0.0036182  0.0024741 -0.0002350 -0.0024989  0.0037403  0.0051718
C  0  1  88  0  1 19   0.0015165  0.0020117  0.0015932  0.0008980  0.0008890 -0.0001331  0.0006559 -0.0000388 -0.0000830  0.0018216  0.0010979 -0.0018083  0.0024515  0.0014531  0.0030543  0.0027320
C  0  1  88  0  1 20   0.0060513  0.0050462  0.0040447  0.0009035  0.0016891  0.0026504  0.0054470  0.0034725  0.0046945  0.0050533 -0.0018620 -0.0004366  0.0010885 -0.0000451  0.0060901  0.0068703
C  0  1  88  0  1 21   0.0085942  0.0089583  0.0061901  0.0025908 -0.0066900 -0.0046365 -0.0102557 -0.0010046 -0.0032096 -0.0044630 -0.0020885  0.0037447  0.0020739  0.0053897  0.0106118  0.0075347
C  0  1  88  1  0  0  -0.4132853 -0.3346107 -0.3554293 -0.4020419 -0.1783251 -0.3453471 -0.2968909 -0.2659947 -0.3216614 -0.2464522 -0.3882989 -0.4666447 -0.4591961 -0.3498465 -0.3182636 -0.4256149
C  0  1  88  1  0  1  -0.2456410 -0.3003400 -0.2768467 -0.2885155 -0.2803289 -0.2554839 -0.2860744 -0.2026973 -0.2663272 -0.2140193 -0.2677475 -0.2906444 -0.3193546 -0.3543328 -0.2536837 -0.3431548
C  0  1  88  1  0  2  -0.3490970 -0.3293454 -0.2204252 -0.2754403 -0.3055023 -0.2375626 -0.2895154 -0.2468188 -0.2556468 -0.2180595 -0.2774383 -0.3567210 -0.3390655 -0.3747449 -0.2714007 -0.3269927
C  0  1  88  1  0  3  -0.3001141 -0.2806940 -0.3123118 -0.2857843 -0.3109520 -0.2525194 -0.1657531 -0.1311861 -0.1507441 -0.2061655 -0.2030131 -0.2423608 -0.2593756 -0.2785582 -0.3266305 -0.2740808
C  0  1  88  1  0  4  -0.2895962 -0.2591095 -0.2970553 -0.2514302 -0.2513295 -0.1931951 -0.2258255 -0.2170981 -0.2372341 -0.2303453 -0.1872743 -0.2870654 -0.2859308 -0.2707957 -0.3000726 -0.3133038
C  0  1  88  1  0  5  -0.2011445 -0.1598927 -0.2159814 -0.1583583 -0.1311048 -0.1750632 -0.1964365 -0.1480107 -0.1514517 -0.0945862 -0.1871751 -0.2381850 -0.2565876 -0.1397435 -0.1615501 -0.1857810
C  0  1  88  1  0  6  -0.1469666 -0.1213718 -0.1862795 -0.2168149 -0.1462439 -0.1566444 -0.1662561 -0.1423934 -0.1643477 -0.1652108 -0.0706194 -0.1346201 -0.1299516 -0.1748812 -0.1631093 -0.2121123
C  0  1  88  1  0  7  -0.1529655 -0.1407015 -0.1362424 -0.1395484 -0.1600848 -0.1918270 -0.1463564 -0.1600956 -0.1423146 -0.1165845 -0.0709799 -0.1168779 -0.1749009 -0.1315470 -0.1218720 -0.1394250
C  0  1  88  1  0  8  -0.1747027 -0.1000243 -0.1498911 -0.1366801 -0.1444709 -0.1171707 -0.1776325 -0.1745832 -0.1378772 -0.0866313 -0.1430579 -0.1639037 -0.1313242 -0.1873898 -0.1293223 -0.1364154
C  0  1  88  1  0  9  -0.1233395 -0.1496547 -0.0731550 -0.1397185 -0.0736675 -0.1305139 -0.1164946 -0.1686268 -0.1009414 -0.1359124 -0.0922241 -0.1500389 -0.1606802 -0.0992391 -0.1571300 -0.1333626
C  0  1  88  1  0 10  -0.1698980 -0.1101187 -0.1227018 -0.1377292 -0.1604008 -0.1506712 -0.1699076 -0.0929662 -0.1197462 -0.1416901 -0.1264149 -0.1060797 -0.1328031 -0.1356782 -0.0989072 -0.1203974
C  0  1  88  1  0 11  -0.1533880 -0.1245759 -0.1510543 -0.1330844 -0.1349194 -0.1016679 -0.1282042 -0.0899669 -0.1657316 -0.0997484 -0.1121003 -0.1202381 -0.1123150 -0.1220387 -0.0710857 -0.1192487
C  0  1  88  1  0 12  -0.0804500 -0.0975988 -0.1410886 -0.1017932 -0.1208608 -0.1381504 -0.1523073 -0.1678339 -0.1264044 -0.1160600 -0.1172966 -0.0856923 -0.0902843 -0.1298950 -0.0955444 -0.1474367
C  0  1  88  1  0 13  -0.1097010 -0.1690244 -0.1535006 -0.1447195 -0.1046949 -0.1764525 -0.1608026 -0.1442421 -0.1425782 -0.1065552 -0.1669061 -0.1447609 -0.1659355 -0.1557548 -0.1710529 -0.1414298
C  0  1  88  1  0 14  -0.1113791 -0.1509724 -0.1347838 -0.1281465 -0.1560068 -0.1024417 -0.1631100 -0.2438356 -0.1124292 -0.1636255 -0.1055676 -0.1072753 -0.1072052 -0.0861187 -0.1344068 -0.1960353
C  0  1  88  1  0 15  -0.1229913 -0.1605687 -0.1708176 -0.0904501 -0.1581012 -0.1319943 -0.1698936 -0.1787814 -0.1564676 -0.1104549 -0.1213304 -0.1948293 -0.1449487 -0.1169696 -0.0854977 -0.1544270
C  0  1  88  1  0 16  -0.1926655 -0.1724416 -0.1959676 -0.1529489 -0.2182313 -0.1326825 -0.1627820 -0.2070113 -0.1476416 -0.1881268 -0.1659091 -0.1293309 -0.1780531 -0.1387874 -0.1409038 -0.1592343
C  0  1  88  1  0 17  -0.2435872 -0.3043179 -0.2306845 -0.2889096 -0.2682877 -0.2563801 -0.2744051 -0.2541292 -0.2635028 -0.2483104 -0.2606590 -0.2195960 -0.2017013 -0.2791655 -0.2574369 -0.2768963
C  0  1  88  1  0 18  -0.3166764 -0.2726067 -0.2928796 -0.2718387 -0.2549864 -0.2895695 -0.3016007 -0.3233266 -0.2656031 -0.1984038 -0.2204283 -0.2407377 -0.2858511 -0.2081709 -0.1519161 -0.2409604
C  0  1  88  1  0 19  -0.2321311 -0.2758374 -0.3406579 -0.2927510 -0.2932491 -0.3438846 -0.2765300 -0.2002009 -0.2801181 -0.3096365 -0.2551752 -0.3421929 -0.2703089 -0.2866724 -0.2574431 -0.2287772
C  0  1  88  1  0 20  -0.2402805 -0.2638440 -0.3263772 -0.3502323 -0.2676051 -0.1723877 -0.2584741 -0.3464996 -0.3051839 -0.2669919 -0.2910295 -0.2969987 -0.3247427 -0.2920756 -0.1789001 -0.2813118
C  0  1  88  1  0 21  -0.4508276 -0.3019159 -0.3498347 -0.3174552 -0.2587684 -0.2164895 -0.3224374 -0.3675997 -0.3985821 -0.3398897 -0.3056124 -0.3735384 -0.2870023 -0.2442574 -0.4397447 -0.3655717
C  0  1  88  1  1  0   0.0445225  0.0492910  0.0397698  0.0207500  0.0017603 -0.0216036 -0.0343422 -0.0419362 -0.0468125 -0.0381484 -0.0340881 -0.0194440  0.0029806  0.0062882  0.0238037  0.0372584
C  0  1  88  1  1  1   0.0264220  0.0224008  0.0190029  0.0125187  0.0021677 -0.0073816 -0.0142451 -0.0185278 -0.0191513 -0.0137489 -0.0148992 -0.0060579  0.0019494  0.0093173  0.0118679  0.0238721
C  0  1  88  1  1  2   0.0114901  0.0122332  0.0092620  0.0055336  0.0011167 -0.0019395 -0.0088450 -0.0076083 -0.0095877 -0.0057150 -0.0049603 -0.0027852  0.0005584  0.0035352  0.0040775  0.0111739
C  0  1  88  1  1  3   0.0076592  0.0066851  0.0026180  0.0036411  0.0005344  0.0006898 -0.0053801 -0.0017514  0.0004676  0.0004130 -0.0036754 -0.0006850  0.0012254  0.0030470  0.0020341  0.0058587
C  0  1  88  1  1  4   0.0016773  0.0025580 -0.0000664  0.0008792  0.0023311  0.0011448  0.0003151  0.0011810  0.0046485  0.0018607 -0.0012214 -0.0011526  0.0009723  0.0014207  0.0025073  0.0013380
C  0  1  88  1  1  5   0.0001710  0.0000112 -0.0001783  0.0028019  0.0024867  0.0033917  0.0026414  0.0037589  0.0048046  0.0016533 -0.0019424 -0.0006983  0.0011351  0.0015224  0.0012966 -0.0011983
C  0  1  88  1  1  6   0.0009880  0.0016592  0.0010908  0.0038286  0.0038829  0.0047499  0.0039670  0.0048451  0.0039897  0.0007976  0.0009079  0.0008147  0.0008663  0.0014215 -0.0000118 -0.0001225
C  0  1  88  1  1  7  -0.0010417  0.0012832  0.0021561  0.0055618  0.0039171  0.0031049  0.0052882  0.0036004  0.0029160  0.0016844 -0.0002406 -0.0001435  0.0011042  0.0010581  0.0013852 -0.0009847
C  0  1  88  1  1  8  -0.0016900  0.0008305  0.0020859  0.0015846  0.0049178  0.0041850  0.0034682  0.0052190  0.0053296  0.0016907  0.0010665  0.0009663  0.0018003  0.0009788  0.0010736 -0.0020083
C  0  1  88  1  1  9   0.0011347  0.0019694  0.0017813  0.0026495  0.0030758  0.0031298  0.0029461  0.0032339  0.0026387  0.0002481  0.0005651  0.0008029  0.0015418  0.0003444 -0.0000761 -0.0013836
C  0  1  88  1  1 10  -0.0006381  0.0027227  0.0015933  0.0018388  0.0022460  0.0011656  0.0018970  0.0033183  0.0031108 -0.0004494 -0.0012464 -0.0000274 -0.0008777  0.0012578  0.0013507 -0.0013281
C  0  1  88  1  1 11  -0.0004238  0.0015779  0.0005542  0.0018293  0.0019865 -0.0003722  0.0012509  0.0028859  0.0027478  0.0013879 -0.0022143 -0.0003397 -0.0003783 -0.0006215  0.0006965 -0.0021183
C  0  1  88  1  1 12  -0.0000093  0.0018832  0.0027636  0.0036045  0.0023968  0.0013711  0.0020317  0.0032335  0.0052126  0.0009038  0.0013245  0.0004807  0.0003597  0.0004479  0.0013683 -0.0011149
C  0  1  88  1  1 13  -0.0000296  0.0026921  0.0020487  0.0034291  0.0027011  0.0024440  0.0039691  0.0059776  0.0041685  0.0005588  0.0009428 -0.0000774 -0.0011618 -0.0023402  0.0000194 -0.0019648
C  0  1  88  1  1 14  -0.0004007  0.0005098  0.0022063  0.0036818  0.0032861  0.0017359  0.0027909  0.0057154  0.0057153  0.0007097  0.0018923 -0.0005192 -0.0019186 -0.0012075 -0.0018415 -0.0019185
C  0  1  88  1  1 15  -0.0012842 -0.0002232  0.0017066  0.0040969  0.0028353 -0.0006381  0.0026693  0.0032087  0.0051538  0.0020959  0.0012365  0.0002824 -0.0027066 -0.0050939 -0.0064420 -0.0053134
C  0  1  88  1  1 16  -0.0028156  0.0008744  0.0038206  0.0034853  0.0032594  0.0006178  0.0024575  0.0038567  0.0037454  0.0058677  0.0027069  0.0021332 -0.0013906 -0.0013580 -0.0057577 -0.0055020
C  0  1  88  1  1 17  -0.0033058  0.0004581  0.0003768  0.0050937  0.0017457 -0.0031406  0.0005773  0.0023787  0.0012940  0.0036160  0.0036385  0.0024210 -0.0029274 -0.0047250 -0.0066152 -0.0048164
C  0  1  88  1  1 18   0.0005823  0.0074141  0.0047184  0.0065557  0.0043924 -0.0006696 -0.0024803 -0.0013197  0.0019077  0.0043948  0.0008547  0.0009199 -0.0017268 -0.0037694 -0.0052465 -0.0037494
C  0  1  88  1  1 19   0.0012178  0.0086448  0.0118976  0.0103074  0.0064161  0.0018635 -0.0026352  0.0002992  0.0034564  0.0053673  0.0017891 -0.0003050 -0.0034619 -0.0052598 -0.0056697 -0.0013643
C  0  1  88  1  1 20   0.0016441  0.0146957  0.0179135  0.0137305  0.0068959  0.0045648 -0.0021402 -0.0018454  0.0006683  0.0073966  0.0013154 -0.0034442 -0.0058940 -0.0091001 -0.0055398 -0.0053787
C  0  1  88  1  1 21   0.0095257  0.0211365  0.0295312  0.0200839  0.0130196  0.0133180  0.0097666  0.0104831  0.0116833  0.0122747  0.0001130 -0.0040405 -0.0100596 -0.0180481 -0.0093776 -0.0014766
