CPHI 16 
CETA 22 -2.40 -2.10 -1.85 -1.60 -1.40 -1.20 -1.00 -0.80 -0.60 -0.40 -0.20  0.00  0.20  0.40  0.60  0.80  1.00  1.20  1.40  1.60  1.85  2.10  2.40 
RMIN  6 
RTRK 12 
RETA 11  0.00  0.20  0.40  0.60  0.80  1.00  1.20  1.40  1.60  1.85  2.10  2.40 
T 0 1  89  0  0  0    0.0000000   0.0005940   0.0017145   0.0032511   0.0122379   0.0687808   0.2775847   0.6533986   1.0000000   1.0000000   1.0000000   1.0000000   1.0000000
T 0 1  89  0  0  1    0.0000000   0.0001357   0.0005651   0.0024116   0.0125172   0.0592718   0.2262176   0.5892449   1.0000000   1.0000000   1.0000000   1.0000000   1.0000000
T 0 1  89  0  0  2    0.0000000   0.0001299   0.0005232   0.0016967   0.0105276   0.0552476   0.2095917   0.5733297   1.0000000   1.0000000   1.0000000   1.0000000   1.0000000
T 0 1  89  0  0  3    0.0000000   0.0002003   0.0005656   0.0017060   0.0116506   0.0628871   0.2259958   0.5867604   1.0000000   1.0000000   1.0000000   1.0000000   1.0000000
T 0 1  89  0  0  4    0.0000000   0.0004133   0.0026096   0.0144508   0.0632618   0.2043796   0.4890972   0.8222860   1.0000000   1.0000000   1.0000000   1.0000000   1.0000000
T 0 1  89  0  0  5    0.0000000   0.0009439   0.0074100   0.0514246   0.2054223   0.5338234   0.8766251   0.9993865   1.0000000   1.0000000   1.0000000   1.0000000   1.0000000
T 0 1  89  0  0  6    0.0000000   0.0002945   0.0011848   0.0102929   0.0672107   0.2767417   0.6637704   0.9307698   0.9981708   0.9999994   1.0000000   1.0000000   1.0000000
T 0 1  89  0  0  7    0.0000000   0.0000515   0.0003865   0.0009041   0.0048629   0.0314058   0.1189290   0.2969572   0.5814804   0.8686310   0.9840100   0.9998602   1.0000000
T 0 1  89  0  0  8    0.0000000   0.0000019   0.0000265   0.0001217   0.0004435   0.0010487   0.0043212   0.0253805   0.1194743   0.3937140   0.7895869   0.9690223   1.0000000
T 0 1  89  0  0  9    0.0000000   0.0000061   0.0000087   0.0000388   0.0005729   0.0035213   0.0182448   0.0858126   0.3018327   0.6592366   0.9388434   0.9999267   1.0000000
T 0 1  89  0  0 10    0.0000000   0.0066120   0.0289429   0.0464132   0.0794626   0.1695056   0.3390644   0.6906054   0.9103030   0.9701390   0.9998146   1.0000000   1.0000000
T 0 1  89  1  0  0    0.0000000   0.0005148   0.0016399   0.0047460   0.0213440   0.1017716   0.3374237   0.6994022   1.0000000   1.0000000   1.0000000   1.0000000   1.0000000
T 0 1  89  1  0  1    0.0000000   0.0002633   0.0010891   0.0042307   0.0181163   0.0752157   0.2537985   0.6193956   1.0000000   1.0000000   1.0000000   1.0000000   1.0000000
T 0 1  89  1  0  2    0.0000000   0.0002194   0.0008486   0.0027728   0.0124455   0.0616642   0.2339277   0.6064318   1.0000000   1.0000000   1.0000000   1.0000000   1.0000000
T 0 1  89  1  0  3    0.0000000   0.0002283   0.0008669   0.0027852   0.0140251   0.0700545   0.2491207   0.6198491   1.0000000   1.0000000   1.0000000   1.0000000   1.0000000
T 0 1  89  1  0  4    0.0000000   0.0004356   0.0027620   0.0153929   0.0663357   0.2155446   0.5058694   0.8320271   1.0000000   1.0000000   1.0000000   1.0000000   1.0000000
T 0 1  89  1  0  5    0.0000000   0.0011873   0.0094478   0.0577925   0.2246261   0.5586818   0.8900123   0.9996500   1.0000000   1.0000000   1.0000000   1.0000000   1.0000000
T 0 1  89  1  0  6    0.0000000   0.0004626   0.0026649   0.0180020   0.0942133   0.3329130   0.7236541   0.9536823   0.9988141   0.9999984   1.0000000   1.0000000   1.0000000
T 0 1  89  1  0  7    0.0000000   0.0002246   0.0006446   0.0024765   0.0123245   0.0526267   0.1570011   0.3413836   0.6074237   0.8728054   0.9849908   0.9998878   1.0000000
T 0 1  89  1  0  8    0.0000000   0.0009562   0.0014955   0.0017998   0.0022382   0.0036136   0.0107994   0.0452511   0.1686405   0.4573475   0.8251665   0.9710661   1.0000000
T 0 1  89  1  0  9    0.0000000   0.0021003   0.0074838   0.0131257   0.0159362   0.0198461   0.0401951   0.1288935   0.3661962   0.7154288   0.9583841   0.9999941   1.0000000
T 0 1  89  1  0 10    0.0000000   0.0032254   0.0170235   0.0428863   0.0843736   0.1746921   0.3942474   0.7474223   0.9511020   0.9856143   0.9999985   1.0000000   1.0000000
R 0 1  89  0  0  0    0.0230883   0.0230883   0.0116486   0.0104706   0.0103551   0.0101474   0.0099987   0.0098426   0.0098426   0.0098426   0.0098426   0.0098426
R 0 1  89  0  0  1    0.0117192   0.0117192   0.0117192   0.0117192   0.0110366   0.0109291   0.0109510   0.0108446   0.0108446   0.0108446   0.0108446   0.0108446
R 0 1  89  0  0  2    0.0125940   0.0125940   0.0125940   0.0125940   0.0120926   0.0120003   0.0118376   0.0117064   0.0117064   0.0117064   0.0117064   0.0117064
R 0 1  89  0  0  3    0.0128618   0.0128618   0.0128618   0.0128618   0.0125917   0.0125538   0.0123383   0.0122241   0.0122241   0.0122241   0.0122241   0.0122241
R 0 1  89  0  0  4    0.0187104   0.0187104   0.0187104   0.0172884   0.0169394   0.0159252   0.0145187   0.0131343   0.0131343   0.0131343   0.0131343   0.0131343
R 0 1  89  0  0  5    0.0206885   0.0206885   0.0195747   0.0190694   0.0187316   0.0180933   0.0169062   0.0169062   0.0169062   0.0169062   0.0169062   0.0169062
R 0 1  89  0  0  6    0.0202976   0.0202976   0.0202976   0.0203733   0.0207932   0.0207595   0.0207950   0.0207097   0.0207097   0.0207097   0.0207097   0.0207097
R 0 1  89  0  0  7    0.0208848   0.0208848   0.0208848   0.0208848   0.0207057   0.0212151   0.0211783   0.0209518   0.0205062   0.0195850   0.0195850   0.0195850
R 0 1  89  0  0  8    0.0218333   0.0218333   0.0218333   0.0218333   0.0218333   0.0218333   0.0218333   0.0208702   0.0209826   0.0210054   0.0202739   0.0186640
R 0 1  89  0  0  9    0.0306425   0.0306425   0.0306425   0.0306425   0.0306425   0.0306425   0.0297647   0.0287158   0.0274900   0.0264455   0.0250367   0.0250367
R 0 1  89  0  0 10    0.0791416   0.0702724   0.0604039   0.0535052   0.0471448   0.0439838   0.0408395   0.0355021   0.0339398   0.0304221   0.0304221   0.0304221
R 0 1  89  0  1  0    0.0000000   0.0000000   0.0000000   0.0000796   0.0000770   0.0000814   0.0000726   0.0000647   0.0000647   0.0000647   0.0000647   0.0000647
R 0 1  89  0  1  1    0.0000841   0.0000841   0.0000841   0.0000841   0.0000683   0.0000708   0.0000628   0.0000566   0.0000566   0.0000566   0.0000566   0.0000566
R 0 1  89  0  1  2    0.0000888   0.0000888   0.0000888   0.0000888   0.0000640   0.0000652   0.0000590   0.0000542   0.0000542   0.0000542   0.0000542   0.0000542
R 0 1  89  0  1  3    0.0000265   0.0000265   0.0000265   0.0000265   0.0000550   0.0000598   0.0000552   0.0000484   0.0000484   0.0000484   0.0000484   0.0000484
R 0 1  89  0  1  4    0.0000876   0.0000876   0.0000876   0.0000909   0.0000879   0.0000730   0.0000560   0.0000475   0.0000475   0.0000475   0.0000475   0.0000475
R 0 1  89  0  1  5    0.0002103   0.0002103   0.0000871   0.0000640   0.0000665   0.0000592   0.0000402   0.0000402   0.0000402   0.0000402   0.0000402   0.0000402
R 0 1  89  0  1  6    0.0000000   0.0000000   0.0000000   0.0000202   0.0000548   0.0000578   0.0000474   0.0000334   0.0000334   0.0000334   0.0000334   0.0000334
R 0 1  89  0  1  7    0.0000910   0.0000910   0.0000910   0.0000910   0.0000637   0.0000651   0.0000755   0.0000647   0.0000712   0.0000521   0.0000521   0.0000521
R 0 1  89  0  1  8    0.0001475   0.0001475   0.0001475   0.0001475   0.0001475   0.0001475   0.0001475   0.0000925   0.0001044   0.0001005   0.0000938   0.0000631
R 0 1  89  0  1  9    0.0002496   0.0002496   0.0002496   0.0002496   0.0002496   0.0002496   0.0001997   0.0001938   0.0001885   0.0001498   0.0001276   0.0001276
R 0 1  89  0  1 10    0.0013892   0.0011392   0.0007414   0.0007516   0.0005642   0.0004775   0.0003809   0.0002477   0.0002204   0.0001540   0.0001540   0.0001540
R 0 1  89  0  2  0    0.0000000   0.0000000   0.0000000   0.0000000   0.0000000   0.0000208   0.0000194   0.0000049   0.0000049   0.0000049   0.0000049   0.0000049
R 0 1  89  0  2  1    0.0000000   0.0000000   0.0000000   0.0000000   0.0000000   0.0000000   0.0000072   0.0000127   0.0000127   0.0000127   0.0000127   0.0000127
R 0 1  89  0  2  2    0.0000000   0.0000000   0.0000000   0.0000000   0.0000471   0.0000119   0.0000137   0.0000112   0.0000112   0.0000112   0.0000112   0.0000112
R 0 1  89  0  2  3    0.0000992   0.0000992   0.0000992   0.0000992   0.0000290   0.0000170   0.0000147   0.0000094   0.0000094   0.0000094   0.0000094   0.0000094
R 0 1  89  0  2  4    0.0000000   0.0000000   0.0000000   0.0000000   0.0000000   0.0000100   0.0000000   0.0000136   0.0000136   0.0000136   0.0000136   0.0000136
R 0 1  89  0  2  5    0.0000000   0.0000000   0.0000000   0.0000000   0.0000189   0.0000075   0.0000000   0.0000000   0.0000000   0.0000000   0.0000000   0.0000000
R 0 1  89  0  2  6    0.0000000   0.0000000   0.0000000   0.0000000   0.0000000   0.0000000   0.0000115   0.0000000   0.0000000   0.0000000   0.0000000   0.0000000
R 0 1  89  0  2  7    0.0000000   0.0000000   0.0000000   0.0000000   0.0001257   0.0000000   0.0000000   0.0000000   0.0000201   0.0000000   0.0000000   0.0000000
R 0 1  89  0  2  8    0.0000000   0.0000000   0.0000000   0.0000000   0.0000000   0.0000000   0.0000000   0.0000000   0.0000000   0.0000000   0.0000000   0.0000000
R 0 1  89  0  2  9    0.0000000   0.0000000   0.0000000   0.0000000   0.0000000   0.0000000   0.0000000   0.0000472   0.0000146   0.0000330   0.0000000   0.0000000
R 0 1  89  0  2 10    0.0000000   0.0000000   0.0000000   0.0000000   0.0000000   0.0000000   0.0000734   0.0000000   0.0000000   0.0000000   0.0000000   0.0000000
R 0 1  89  0  3  0    1.0673728   1.0673728   1.1431105   1.0297205   1.0023204   0.9858363   0.9808119   0.9821788   0.9821788   0.9821788   0.9821788   0.9821788
R 0 1  89  0  3  1    1.0113203   1.0113203   1.0113203   1.0113203   0.9856513   0.9818751   0.9797656   0.9800829   0.9800829   0.9800829   0.9800829   0.9800829
R 0 1  89  0  3  2    1.0293508   1.0293508   1.0293508   1.0293508   1.0009169   0.9842688   0.9803316   0.9817680   0.9817680   0.9817680   0.9817680   0.9817680
R 0 1  89  0  3  3    1.0109907   1.0109907   1.0109907   1.0109907   1.0041424   0.9870356   0.9802861   0.9824441   0.9824441   0.9824441   0.9824441   0.9824441
R 0 1  89  0  3  4    1.0266633   1.0266633   1.0266633   0.9940833   0.9746033   0.9742992   0.9790933   0.9897154   0.9897154   0.9897154   0.9897154   0.9897154
R 0 1  89  0  3  5    1.0079279   1.0079279   0.9880035   0.9834409   0.9751617   0.9715524   0.9705967   0.9705967   0.9705967   0.9705967   0.9705967   0.9705967
R 0 1  89  0  3  6    0.9997141   0.9997141   0.9997141   1.0020172   0.9874168   0.9831380   0.9852736   0.9840028   0.9840028   0.9840028   0.9840028   0.9840028
R 0 1  89  0  3  7    1.0724018   1.0724018   1.0724018   1.0724018   1.0300512   1.0014417   0.9892157   0.9866415   0.9873112   0.9845423   0.9845423   0.9845423
R 0 1  89  0  3  8    1.0146971   1.0146971   1.0146971   1.0146971   1.0146971   1.0146971   1.0146971   0.9959061   0.9838017   0.9827612   0.9893252   1.0172575
R 0 1  89  0  3  9    1.0298847   1.0298847   1.0298847   1.0298847   1.0298847   1.0298847   0.9957817   0.9745017   0.9736495   0.9870470   1.0089854   1.0089854
R 0 1  89  0  3 10    1.0399778   1.0385590   1.0266258   0.9938613   0.9807411   0.9689579   0.9681521   0.9672006   1.0009512   1.0132590   1.0132590   1.0132590
R 0 1  89  0  4  0    1.1672326   1.1672326   1.4220495   2.1343669   2.3266253   2.3040446   2.2409113   2.2618194   2.2618194   2.2618194   2.2618194   2.2618194
R 0 1  89  0  4  1    1.9344524   1.9344524   1.9344524   1.9344524   2.0155997   2.1855583   2.2086737   2.2076665   2.2076665   2.2076665   2.2076665   2.2076665
R 0 1  89  0  4  2    1.9743492   1.9743492   1.9743492   1.9743492   2.1932617   2.2333507   2.2158643   2.2361377   2.2361377   2.2361377   2.2361377   2.2361377
R 0 1  89  0  4  3    1.7805550   1.7805550   1.7805550   1.7805550   2.2352490   2.2261150   2.1927249   2.2428007   2.2428007   2.2428007   2.2428007   2.2428007
R 0 1  89  0  4  4    1.9072075   1.9072075   1.9072075   2.0295838   2.0515929   2.0853679   2.2068965   2.3862895   2.3862895   2.3862895   2.3862895   2.3862895
R 0 1  89  0  4  5    1.6874287   1.6874287   2.0064014   2.1523641   2.1017473   2.0681198   1.9793968   1.9793968   1.9793968   1.9793968   1.9793968   1.9793968
R 0 1  89  0  4  6    1.9006933   1.9006933   1.9006933   2.2144307   2.3091875   2.3306624   2.3609167   2.2521745   2.2521745   2.2521745   2.2521745   2.2521745
R 0 1  89  0  4  7    1.7216463   1.7216463   1.7216463   1.7216463   2.2992809   2.3517870   2.3094710   2.3310717   2.3975550   2.3137576   2.3137576   2.3137576
R 0 1  89  0  4  8    2.2201756   2.2201756   2.2201756   2.2201756   2.2201756   2.2201756   2.2201756   2.1823131   2.2283396   2.2576419   2.3216411   2.1772197
R 0 1  89  0  4  9    2.0928020   2.0928020   2.0928020   2.0928020   2.0928020   2.0928020   2.1590031   2.0245049   2.0574147   2.2307640   2.2795634   2.2795634
R 0 1  89  0  4 10    2.0478896   2.1430253   1.9645293   1.8277960   1.9957499   1.9417873   1.9495783   1.9182388   2.1161394   2.0278872   2.0278872   2.0278872
R 0 1  89  0  5  0   67.0990482  67.0990482   9.0175216   3.6953434   3.3367175   3.7404479   4.2382859   3.9428881   3.9428881   3.9428881   3.9428881   3.9428881
R 0 1  89  0  5  1    3.9761299   3.9761299   3.9761299   3.9761299   4.8293028   4.2467687   4.2919857   4.2360165   4.2360165   4.2360165   4.2360165   4.2360165
R 0 1  89  0  5  2    3.9069977   3.9069977   3.9069977   3.9069977   4.3656689   4.3015311   4.2665554   4.3423330   4.3423330   4.3423330   4.3423330   4.3423330
R 0 1  89  0  5  3    4.6479396   4.6479396   4.6479396   4.6479396   4.2875625   4.1934532   4.4493523   4.2855013   4.2855013   4.2855013   4.2855013   4.2855013
R 0 1  89  0  5  4    4.7867825   4.7867825   4.7867825   4.9435579   5.4343994   5.1231316   3.9357986   3.0931414   3.0931414   3.0931414   3.0931414   3.0931414
R 0 1  89  0  5  5    4.8297701   4.8297701   6.0032355   4.7566918   5.3912180   4.7698751   4.2748636   4.2748636   4.2748636   4.2748636   4.2748636   4.2748636
R 0 1  89  0  5  6    3.2332392   3.2332392   3.2332392   3.9535515   3.5418759   3.0314834   2.3705684   2.0452388   2.0452388   2.0452388   2.0452388   2.0452388
R 0 1  89  0  5  7    4.5371511   4.5371511   4.5371511   4.5371511   4.6079697   3.0192937   3.0469065   3.0133286   2.5216622   2.1470964   2.1470964   2.1470964
R 0 1  89  0  5  8    4.0033337   4.0033337   4.0033337   4.0033337   4.0033337   4.0033337   4.0033337   5.1727772   4.5514360   4.2590201   3.5179898   4.9834358
R 0 1  89  0  5  9    4.3366567   4.3366567   4.3366567   4.3366567   4.3366567   4.3366567   5.3318999   6.2687861   6.4938000   5.1780677   5.1031068   5.1031068
R 0 1  89  0  5 10    6.2915839   4.3292166   4.7520082   6.5423678   5.1430435   7.1385869   8.1103901   8.8332667   6.1444876   6.5901129   6.5901129   6.5901129
F  0  1  89  0  0  0    1.0099846   1.0357392   0.9985170   1.0140592   0.9848783   1.0019679   0.9921330   0.9848117   0.9735999   0.9837536   0.9844265
F  0  1  89  1  0  0    1.0759179   1.0832678   1.0702170   1.0866932   1.0583568   1.0776392   1.0641393   1.0627986   1.0309452   1.0585483   1.0880653
C  0  1  89  0  0  0  -0.1235913 -0.1165046 -0.0419534 -0.4288803 -0.3150456 -0.1976785 -0.0974537 -0.1702343 -0.0833227 -0.0550298 -0.2812520 -0.1939281 -0.2064669 -0.2727465 -0.4077756 -0.1034800
C  0  1  89  0  0  1  -0.1116014 -0.2156290 -0.1282232 -0.0317453 -0.0694115 -0.0957554 -0.1920391 -0.0768493  0.0034070 -0.1582189 -0.1113986 -0.1288371 -0.2233487 -0.1047705 -0.3742377  0.0454912
C  0  1  89  0  0  2  -0.1786301 -0.1223793 -0.1371757 -0.0958449 -0.0461821 -0.0104779 -0.1009597 -0.0901135 -0.0340389 -0.0789551  0.0398490 -0.0985271 -0.0525306 -0.1245989 -0.0674641 -0.0469146
C  0  1  89  0  0  3  -0.0302676 -0.0952826 -0.0844577 -0.0072064  0.0080482 -0.0432428 -0.0194989  0.0468918  0.0221356 -0.0873599 -0.0105137 -0.0923412 -0.1684844 -0.0022898 -0.1452862 -0.0002046
C  0  1  89  0  0  4  -0.1371502 -0.0954985 -0.0402054 -0.1079588 -0.0969798 -0.1684966  0.0381429 -0.1279607 -0.0342593 -0.1205610 -0.0310550 -0.0507116 -0.1342313 -0.0419907 -0.0239912 -0.0678789
C  0  1  89  0  0  5   0.0101859  0.0721148 -0.0440668  0.0565378 -0.0504058 -0.0379519 -0.0166633 -0.0115194  0.0300535  0.0340143 -0.0221483 -0.0112925 -0.0637629  0.0133390 -0.0046136 -0.1413313
C  0  1  89  0  0  6  -0.0553704  0.0819044  0.0209322  0.0664288 -0.0140652  0.0781009 -0.0006784 -0.0832309  0.0003495 -0.0091599  0.0561916  0.0205898 -0.1012199 -0.0303868 -0.0347400  0.0464496
C  0  1  89  0  0  7   0.0021006  0.0072034  0.0310929 -0.0049160 -0.0029384  0.0004384  0.0273809  0.0408813 -0.1036264 -0.0145216  0.0540128 -0.0709191  0.0364408 -0.0007954 -0.0619823  0.0086887
C  0  1  89  0  0  8  -0.0678027 -0.0153186  0.0547538 -0.0162357 -0.0159375  0.0015031  0.0246785 -0.0279129  0.0003867  0.0217430 -0.0450873 -0.0412403 -0.0430255  0.0961148 -0.0611594 -0.0285847
C  0  1  89  0  0  9  -0.0609847  0.0205690 -0.0011944  0.0686010  0.0079680  0.0674472  0.0181206  0.0153727 -0.0085881  0.0073819  0.0458629 -0.0389761 -0.0057089  0.0051847  0.0047340  0.0598282
C  0  1  89  0  0 10  -0.0526010  0.0434525  0.0394139  0.0300590  0.0131352  0.0345146 -0.0180860  0.0043133  0.0157293 -0.0195540  0.0129981 -0.0148737 -0.0351994  0.0734257 -0.0556126  0.1011491
C  0  1  89  0  0 11   0.0227505  0.0719844 -0.0819309  0.0678591  0.0498817  0.0660566  0.0537329  0.1020644 -0.0157087  0.0857374  0.0326873 -0.0865247  0.0033659  0.0066272 -0.0692229  0.0268618
C  0  1  89  0  0 12   0.1000829  0.0270687  0.0518624  0.0041952 -0.0554813 -0.0430719 -0.0382122  0.0327294  0.0515803  0.0738036 -0.0359460  0.0093636 -0.0038943  0.0414697 -0.0313317 -0.0725567
C  0  1  89  0  0 13  -0.0114009 -0.0433811 -0.0263912 -0.0069406 -0.0270136 -0.0149613  0.0793705  0.0191987  0.0255657  0.0771477 -0.1125997 -0.0008715 -0.0288218 -0.0325872 -0.1010293 -0.0308468
C  0  1  89  0  0 14  -0.0741680 -0.0259709 -0.0473992  0.0345034 -0.0525212 -0.0133618  0.0272647  0.0608785  0.0208466 -0.0289193  0.0345084 -0.0408357  0.0084093 -0.0004672 -0.0388614 -0.0939835
C  0  1  89  0  0 15  -0.1673000 -0.1181446 -0.0902624  0.0133935 -0.0027127 -0.0618887 -0.0211015  0.0374277 -0.0041785 -0.0381117 -0.0136702 -0.0643985  0.0592208  0.0299432 -0.1018604  0.0250351
C  0  1  89  0  0 16   0.0669778  0.0160580 -0.0299369  0.0293017 -0.0069432 -0.0818446  0.0852473  0.0101633 -0.0763391  0.1432880 -0.0177259 -0.0588122 -0.0919765 -0.0105565 -0.0779816  0.0400229
C  0  1  89  0  0 17  -0.1521134 -0.0599684 -0.0089673 -0.0555656 -0.0756203 -0.0199796 -0.0706089  0.0448678 -0.0625655 -0.1180133  0.0958831  0.0417811 -0.1096050 -0.1580933 -0.0956985 -0.0294964
C  0  1  89  0  0 18  -0.0578533 -0.1319297 -0.0556208  0.0093500 -0.1253944 -0.1224850 -0.0428420  0.0167553  0.0532786  0.0058760 -0.0370644 -0.1698091 -0.0393956  0.0263640 -0.2056386  0.0377996
C  0  1  89  0  0 19   0.0072973 -0.1036369 -0.1649877  0.0476304 -0.0504443 -0.0412673 -0.0946368 -0.0021989 -0.1064735  0.0062030 -0.0367038 -0.1673854 -0.0747632 -0.0499044 -0.1384079 -0.0974555
C  0  1  89  0  0 20  -0.1504623 -0.0886817  0.0004540 -0.0392077 -0.1456702 -0.1508700 -0.2473104 -0.1304037 -0.1821227 -0.2235383 -0.1289623 -0.0296446 -0.0386278 -0.1437252 -0.1213816 -0.2287403
C  0  1  89  0  0 21  -0.2646893 -0.1948233 -0.3031693 -0.0716789 -0.1394450 -0.2017911 -0.3778638  0.0152115 -0.1636107  0.0110669 -0.1554396 -0.3846244 -0.2597011 -0.4624172 -0.4213375 -0.3403143
C  0  1  89  0  1  0  -0.0018541  0.0015364  0.0016528 -0.0012191 -0.0039120  0.0063026 -0.0024069  0.0040912  0.0034274  0.0016865 -0.0035654  0.0071682  0.0082825  0.0055665  0.0016451  0.0053486
C  0  1  89  0  1  1   0.0032427  0.0021575 -0.0008391 -0.0008506 -0.0005842 -0.0029191  0.0036673 -0.0002791  0.0031802 -0.0036404 -0.0021714 -0.0030769  0.0005470  0.0032975 -0.0018979  0.0045874
C  0  1  89  0  1  2   0.0025687  0.0007670  0.0010150  0.0002517 -0.0012898 -0.0001768 -0.0000353 -0.0001591 -0.0002808  0.0009148 -0.0035805  0.0005220 -0.0006568 -0.0010010 -0.0011668 -0.0009272
C  0  1  89  0  1  3   0.0021268 -0.0009036  0.0014415  0.0005852 -0.0019755  0.0029565 -0.0002416 -0.0007286 -0.0052356 -0.0002399 -0.0000837 -0.0004395  0.0002322 -0.0027544  0.0008820  0.0022453
C  0  1  89  0  1  4   0.0030546 -0.0009040  0.0005988  0.0035939  0.0014128 -0.0008058  0.0022669  0.0002146  0.0015454  0.0027931  0.0006038 -0.0000997  0.0018632  0.0001174  0.0000925 -0.0011545
C  0  1  89  0  1  5   0.0013522  0.0031702 -0.0030049  0.0019053  0.0005855 -0.0024257  0.0004757 -0.0002157  0.0002032  0.0035304  0.0013122 -0.0005646 -0.0019887  0.0002418  0.0005101 -0.0006743
C  0  1  89  0  1  6   0.0024405 -0.0001042 -0.0011311  0.0007906 -0.0001022  0.0004867 -0.0016972  0.0002226  0.0003206 -0.0022429 -0.0007085  0.0013361 -0.0011192 -0.0024874  0.0010460  0.0004476
C  0  1  89  0  1  7   0.0028515 -0.0000806  0.0013131  0.0018386  0.0011788  0.0003415 -0.0019382  0.0008208  0.0016337 -0.0003305  0.0020035 -0.0017328 -0.0008600  0.0005026  0.0006642  0.0008980
C  0  1  89  0  1  8   0.0008706  0.0018182  0.0021806 -0.0001424  0.0005146  0.0011129  0.0016740 -0.0007948  0.0033934  0.0001760  0.0000556 -0.0010822 -0.0004956 -0.0010082 -0.0002845  0.0008384
C  0  1  89  0  1  9  -0.0023355  0.0020190  0.0005115  0.0018404 -0.0012815  0.0002878  0.0006488  0.0003680 -0.0017656 -0.0002308 -0.0026588 -0.0005341 -0.0005567  0.0005393 -0.0019955  0.0022074
C  0  1  89  0  1 10  -0.0005202  0.0008147  0.0020085  0.0023603  0.0027419 -0.0008767 -0.0007368 -0.0007175 -0.0036034 -0.0014813  0.0008596  0.0000358 -0.0004979  0.0002453 -0.0004612  0.0004095
C  0  1  89  0  1 11   0.0019480  0.0012411  0.0002919  0.0006067 -0.0003906  0.0009974 -0.0022271 -0.0006682 -0.0032424 -0.0005476  0.0009797 -0.0012760  0.0006594 -0.0009691  0.0002202  0.0003008
C  0  1  89  0  1 12   0.0005485  0.0004734  0.0006235 -0.0008376  0.0006447  0.0010319 -0.0001032 -0.0005616  0.0011691  0.0009377 -0.0004596  0.0025271 -0.0011297 -0.0026627 -0.0010330  0.0023104
C  0  1  89  0  1 13   0.0015584 -0.0017736  0.0011266  0.0021968  0.0037037  0.0018488 -0.0013932 -0.0015604  0.0008591 -0.0028283 -0.0004627 -0.0014326 -0.0007911  0.0007991  0.0005688  0.0011701
C  0  1  89  0  1 14   0.0013349  0.0005413  0.0016858  0.0010089  0.0025979  0.0017397 -0.0007353  0.0011936  0.0017895  0.0006519 -0.0013062  0.0015530  0.0003777  0.0004170 -0.0005269  0.0017641
C  0  1  89  0  1 15   0.0047899 -0.0006780 -0.0004795  0.0014130  0.0017997  0.0015563  0.0010123 -0.0026439 -0.0001401 -0.0014066  0.0003929  0.0004200  0.0003134  0.0016786  0.0004554  0.0005207
C  0  1  89  0  1 16   0.0007577  0.0047639  0.0019224  0.0017171 -0.0019319  0.0025553  0.0020865  0.0022333  0.0014213  0.0000107  0.0002984  0.0007299  0.0004763  0.0033415  0.0039093  0.0013561
C  0  1  89  0  1 17  -0.0009631 -0.0010808 -0.0003552  0.0017186  0.0009082  0.0017923  0.0009177  0.0004045  0.0003741  0.0040682  0.0020492  0.0005087  0.0026124 -0.0022618  0.0061375  0.0036408
C  0  1  89  0  1 18   0.0054121  0.0034676  0.0018943  0.0023302  0.0000110  0.0019220  0.0064308  0.0002506 -0.0010813  0.0018114  0.0059713  0.0010058 -0.0001425 -0.0007046  0.0052722  0.0048586
C  0  1  89  0  1 19   0.0023992  0.0037435  0.0008128  0.0018634 -0.0007867  0.0015937  0.0022391  0.0019648  0.0017418  0.0011504 -0.0014469 -0.0001758  0.0021163  0.0024213  0.0038159  0.0032293
C  0  1  89  0  1 20   0.0020189  0.0059129  0.0075269  0.0034476  0.0009928  0.0041511  0.0023300  0.0026246  0.0015891  0.0034721  0.0007980 -0.0017122  0.0007103  0.0031616  0.0053601  0.0037686
C  0  1  89  0  1 21   0.0086908  0.0126993  0.0072122  0.0023082 -0.0037295 -0.0050160 -0.0107105  0.0008257 -0.0028530 -0.0044777 -0.0018620  0.0018463  0.0003956  0.0059520  0.0117393  0.0067772
C  0  1  89  1  0  0  -0.4990671 -0.3662527 -0.3785450 -0.2978159 -0.2634699 -0.4810946 -0.3193224 -0.3155269 -0.3467233 -0.2425738 -0.4147395 -0.5145814 -0.4500041 -0.3737412 -0.3945050 -0.4835030
C  0  1  89  1  0  1  -0.2885437 -0.3666347 -0.2980449 -0.2394394 -0.2857068 -0.2991547 -0.2757706 -0.2355564 -0.2840763 -0.2176147 -0.2965844 -0.2904268 -0.3217519 -0.3327309 -0.3368724 -0.2912559
C  0  1  89  1  0  2  -0.3340032 -0.3585785 -0.2803048 -0.2873661 -0.3241390 -0.2460213 -0.2267360 -0.2727668 -0.2080716 -0.1833740 -0.3160689 -0.3097747 -0.3034257 -0.3586071 -0.2920912 -0.3227314
C  0  1  89  1  0  3  -0.2220157 -0.2941142 -0.3325125 -0.2354883 -0.2094736 -0.1780607 -0.1458072 -0.1381336 -0.1723408 -0.1655675 -0.2447838 -0.2283818 -0.2450438 -0.2899921 -0.2746234 -0.2467148
C  0  1  89  1  0  4  -0.2918353 -0.3223731 -0.3159895 -0.2522170 -0.2664578 -0.1891291 -0.2536328 -0.2937191 -0.2316681 -0.2106949 -0.1823052 -0.2757567 -0.2947624 -0.2536626 -0.3010912 -0.3278753
C  0  1  89  1  0  5  -0.2068537 -0.2232260 -0.1327637 -0.1653106 -0.1321235 -0.1140222 -0.1884978 -0.1491429 -0.1799256 -0.1348194 -0.1338224 -0.1897353 -0.2284607 -0.1811331 -0.1814803 -0.1740566
C  0  1  89  1  0  6  -0.1256751 -0.1427718 -0.2060418 -0.1377133 -0.1180145 -0.1501004 -0.1324948 -0.1278789 -0.1512411 -0.1626920 -0.0692687 -0.1104167 -0.1280453 -0.1399637 -0.1378680 -0.1749364
C  0  1  89  1  0  7  -0.1471748 -0.1380578 -0.1550592 -0.1279945 -0.1804715 -0.1616144 -0.1840296 -0.1513196 -0.1335461 -0.1132048 -0.0881437 -0.1393565 -0.1580772 -0.1294689 -0.1534965 -0.1094253
C  0  1  89  1  0  8  -0.1872071 -0.1133499 -0.1255397 -0.1684480 -0.1586516 -0.1590944 -0.1696038 -0.1938186 -0.1746992 -0.1228128 -0.1429683 -0.1823140 -0.1430859 -0.1629343 -0.1425827 -0.1368695
C  0  1  89  1  0  9  -0.1539587 -0.1588696 -0.1378582 -0.1749099 -0.1212618 -0.1438911 -0.1454639 -0.1761614 -0.1321092 -0.1503528 -0.0781921 -0.1512440 -0.1297182 -0.0988226 -0.1624105 -0.1516026
C  0  1  89  1  0 10  -0.1365948 -0.1194324 -0.1195283 -0.1312056 -0.1405820 -0.1173233 -0.1368634 -0.1132512 -0.0656276 -0.1336047 -0.1164532 -0.1021203 -0.1460418 -0.1521063 -0.1030670 -0.1398996
C  0  1  89  1  0 11  -0.1008849 -0.1128258 -0.1630970 -0.1198412 -0.1051363 -0.1195046 -0.1359787 -0.1260334 -0.1105976 -0.0882303 -0.1147662 -0.1134778 -0.0580843 -0.1134051 -0.0590821 -0.0902447
C  0  1  89  1  0 12  -0.1208124 -0.1209861 -0.1636541 -0.1457321 -0.1639448 -0.1042668 -0.1482546 -0.1625576 -0.1586973 -0.1424776 -0.1447016 -0.1180998 -0.1008927 -0.1242636 -0.1377942 -0.1351088
C  0  1  89  1  0 13  -0.1255369 -0.1445212 -0.1795852 -0.1701333 -0.1562786 -0.1584253 -0.1509492 -0.1790345 -0.1149204 -0.1348989 -0.1709828 -0.1251276 -0.1521688 -0.1090034 -0.1610584 -0.1156839
C  0  1  89  1  0 14  -0.1041438 -0.1600364 -0.1336856 -0.1616826 -0.1630671 -0.1441685 -0.1419915 -0.2387391 -0.1320651 -0.1551662 -0.1462694 -0.1403501 -0.1427590 -0.0934633 -0.1203416 -0.1755351
C  0  1  89  1  0 15  -0.1005074 -0.1679538 -0.1274850 -0.1327854 -0.1635760 -0.1375282 -0.1605136 -0.1412713 -0.1560667 -0.1241077 -0.0805996 -0.1946112 -0.1261112 -0.1123220 -0.0531878 -0.1423566
C  0  1  89  1  0 16  -0.1309020 -0.1729789 -0.1297278 -0.1357688 -0.1659868 -0.1497739 -0.1952621 -0.2464156 -0.1755560 -0.1833274 -0.1264315 -0.1204245 -0.0727648 -0.1191514 -0.1234153 -0.0327619
C  0  1  89  1  0 17  -0.2040712 -0.3018104 -0.2251858 -0.3286649 -0.2828394 -0.2947274 -0.2706828 -0.2529649 -0.2823785 -0.2876009 -0.2660283 -0.2552179 -0.2239534 -0.2613257 -0.2514286 -0.2229079
C  0  1  89  1  0 18  -0.2320750 -0.2486112 -0.2228094 -0.2040040 -0.2089729 -0.2157134 -0.2237924 -0.2923244 -0.2187271 -0.1926911 -0.2221825 -0.1765801 -0.2134659 -0.1411571 -0.1288254 -0.1949062
C  0  1  89  1  0 19  -0.2918175 -0.2592593 -0.2498068 -0.2777007 -0.3131151 -0.2922712 -0.2766151 -0.2431894 -0.3065739 -0.2853336 -0.2273818 -0.3104573 -0.2246501 -0.2362689 -0.2728174 -0.2453791
C  0  1  89  1  0 20  -0.1981028 -0.2924921 -0.2902766 -0.3919485 -0.3338915 -0.1807150 -0.3339805 -0.2506411 -0.3436441 -0.2825264 -0.3578712 -0.2599204 -0.3782089 -0.2408112 -0.2816389 -0.2752949
C  0  1  89  1  0 21  -0.3343906 -0.4682330 -0.4314018 -0.3353280 -0.3111597 -0.3183977 -0.3163658 -0.3616951 -0.4448463 -0.2986201 -0.3949357 -0.3093362 -0.2503856 -0.3200859 -0.3413474 -0.4109703
C  0  1  89  1  1  0   0.0471775  0.0491352  0.0423892  0.0251404  0.0022472 -0.0216885 -0.0326619 -0.0435289 -0.0455208 -0.0352300 -0.0333777 -0.0175227  0.0038917  0.0034523  0.0243101  0.0372656
C  0  1  89  1  1  1   0.0244100  0.0222559  0.0172902  0.0110308  0.0024398 -0.0091657 -0.0161644 -0.0190822 -0.0180164 -0.0155859 -0.0164900 -0.0075649  0.0032600  0.0084945  0.0113641  0.0240668
C  0  1  89  1  1  2   0.0118609  0.0134010  0.0094023  0.0066434  0.0017078 -0.0038735 -0.0085613 -0.0087680 -0.0090268 -0.0061664 -0.0057365 -0.0032393  0.0003693  0.0026013  0.0044090  0.0100764
C  0  1  89  1  1  3   0.0077613  0.0080248  0.0025314  0.0040295  0.0009046  0.0006629 -0.0034872 -0.0017415  0.0014293 -0.0010064 -0.0021814 -0.0005204  0.0018273  0.0026186  0.0016969  0.0079223
C  0  1  89  1  1  4   0.0024269  0.0022730  0.0008400 -0.0003720  0.0037680  0.0018475 -0.0004354  0.0034171  0.0034064  0.0024440 -0.0004225  0.0002177  0.0015919  0.0003720  0.0025027  0.0027135
C  0  1  89  1  1  5   0.0014694  0.0013602  0.0009930  0.0025272  0.0042226  0.0033891  0.0032792  0.0048997  0.0041676  0.0035371 -0.0010537 -0.0015983  0.0026506  0.0021702  0.0017054  0.0002628
C  0  1  89  1  1  6   0.0007274  0.0007947  0.0009299  0.0037495  0.0036119  0.0038508  0.0046327  0.0046551  0.0051628  0.0008821  0.0011539  0.0002378  0.0003757  0.0010404  0.0003302  0.0002045
C  0  1  89  1  1  7  -0.0003167  0.0021922  0.0015923  0.0048087  0.0043312  0.0035092  0.0057022  0.0041299  0.0033768  0.0013698 -0.0006575  0.0001710  0.0013990  0.0004926  0.0024229 -0.0009417
C  0  1  89  1  1  8  -0.0011987  0.0010680  0.0025381  0.0020018  0.0053356  0.0042836  0.0044024  0.0052828  0.0050330  0.0018396  0.0007640  0.0003859  0.0015452  0.0009757  0.0015006  0.0002311
C  0  1  89  1  1  9   0.0004509  0.0027447  0.0007718  0.0028877  0.0033674  0.0030760  0.0030476  0.0044524  0.0025720 -0.0003242  0.0018111  0.0017379  0.0015440  0.0002814  0.0003669 -0.0013267
C  0  1  89  1  1 10  -0.0004105  0.0016369  0.0022888  0.0018081  0.0019387  0.0014260  0.0021001  0.0025887  0.0030524 -0.0000996 -0.0001198  0.0008177 -0.0004441  0.0006862  0.0014825 -0.0015827
C  0  1  89  1  1 11   0.0000812  0.0004762  0.0008226  0.0023610  0.0023838 -0.0004273  0.0009444  0.0028358  0.0022972  0.0013746 -0.0009861 -0.0003286 -0.0006271 -0.0004302  0.0008849 -0.0012536
C  0  1  89  1  1 12   0.0002413  0.0027589  0.0027483  0.0050398  0.0032675  0.0013902  0.0020841  0.0030597  0.0034814  0.0013777  0.0013849  0.0016259  0.0013932 -0.0004018  0.0015623 -0.0010950
C  0  1  89  1  1 13   0.0004598  0.0018618  0.0021555  0.0027848  0.0031009  0.0034005  0.0043039  0.0057631  0.0044750  0.0016886  0.0009443 -0.0002334 -0.0004317 -0.0015641 -0.0000591 -0.0013213
C  0  1  89  1  1 14   0.0001555  0.0012191  0.0019778  0.0041590  0.0038667  0.0030919  0.0037751  0.0064685  0.0055466  0.0024699  0.0012168 -0.0000941 -0.0021633 -0.0010883 -0.0022449 -0.0018754
C  0  1  89  1  1 15  -0.0023653  0.0005414  0.0027953  0.0036917  0.0030029 -0.0014918  0.0025428  0.0038683  0.0058564  0.0027772  0.0017356  0.0001666 -0.0028221 -0.0061484 -0.0050678 -0.0048274
C  0  1  89  1  1 16  -0.0015511  0.0007222  0.0041442  0.0054628  0.0029001  0.0018022  0.0041750  0.0037817  0.0041540  0.0058687  0.0027891  0.0037382 -0.0002053 -0.0017516 -0.0033942 -0.0050185
C  0  1  89  1  1 17  -0.0032555  0.0020623  0.0013994  0.0058994  0.0018777 -0.0012722  0.0003376  0.0031534  0.0031597  0.0048467  0.0036456  0.0021636 -0.0019784 -0.0036643 -0.0049180 -0.0049861
C  0  1  89  1  1 18   0.0009158  0.0072581  0.0059862  0.0065571  0.0054383 -0.0004157 -0.0025757 -0.0006814  0.0029499  0.0036626  0.0017530  0.0020811 -0.0014456 -0.0026538 -0.0053674 -0.0047299
C  0  1  89  1  1 19   0.0018040  0.0079682  0.0116292  0.0109276  0.0061312  0.0015520 -0.0032216 -0.0005726  0.0033000  0.0062325  0.0025829 -0.0012315 -0.0025298 -0.0043907 -0.0060490 -0.0035456
C  0  1  89  1  1 20   0.0016135  0.0140565  0.0178603  0.0129590  0.0072644  0.0035549 -0.0018470 -0.0018393 -0.0011625  0.0050785  0.0020530 -0.0020089 -0.0066080 -0.0076811 -0.0066424 -0.0054425
C  0  1  89  1  1 21   0.0095305  0.0216960  0.0303893  0.0219179  0.0174581  0.0159810  0.0092661  0.0123147  0.0130750  0.0140925  0.0020532 -0.0040172 -0.0076309 -0.0162541 -0.0070765  0.0000972
