CPHI 16 
CETA 22 -2.40 -2.10 -1.85 -1.60 -1.40 -1.20 -1.00 -0.80 -0.60 -0.40 -0.20  0.00  0.20  0.40  0.60  0.80  1.00  1.20  1.40  1.60  1.85  2.10  2.40 
RMIN  6 
RTRK 12 
RETA 11  0.00  0.20  0.40  0.60  0.80  1.00  1.20  1.40  1.60  1.85  2.10  2.40 
T 0 1   9  0  0  0    0.0000000   0.0006073   0.0016577   0.0031389   0.0123663   0.0695219   0.2786147   0.6539299   1.0000000   1.0000000   1.0000000   1.0000000   1.0000000
T 0 1   9  0  0  1    0.0000000   0.0001477   0.0005781   0.0023835   0.0125888   0.0590220   0.2252773   0.5887671   1.0000000   1.0000000   1.0000000   1.0000000   1.0000000
T 0 1   9  0  0  2    0.0000000   0.0001218   0.0005134   0.0017538   0.0107018   0.0556859   0.2089343   0.5738155   1.0000000   1.0000000   1.0000000   1.0000000   1.0000000
T 0 1   9  0  0  3    0.0000000   0.0001923   0.0005818   0.0016768   0.0115770   0.0631417   0.2266533   0.5866327   1.0000000   1.0000000   1.0000000   1.0000000   1.0000000
T 0 1   9  0  0  4    0.0000000   0.0003903   0.0025245   0.0143885   0.0634713   0.2051962   0.4900829   0.8227608   1.0000000   1.0000000   1.0000000   1.0000000   1.0000000
T 0 1   9  0  0  5    0.0000000   0.0010067   0.0074239   0.0513523   0.2057847   0.5329615   0.8760374   0.9994556   1.0000000   1.0000000   1.0000000   1.0000000   1.0000000
T 0 1   9  0  0  6    0.0000000   0.0002986   0.0011580   0.0103056   0.0671688   0.2769086   0.6620808   0.9311225   0.9982018   0.9999982   1.0000000   1.0000000   1.0000000
T 0 1   9  0  0  7    0.0000000   0.0000755   0.0004234   0.0009629   0.0047296   0.0309818   0.1187204   0.2977078   0.5806759   0.8691419   0.9843157   0.9998667   1.0000000
T 0 1   9  0  0  8    0.0000000   0.0000019   0.0000407   0.0001475   0.0004320   0.0010725   0.0042393   0.0254279   0.1198702   0.3936705   0.7895576   0.9695709   1.0000000
T 0 1   9  0  0  9    0.0000000   0.0000059   0.0000072   0.0000462   0.0005183   0.0035383   0.0182309   0.0860956   0.3015721   0.6591312   0.9384372   0.9999195   1.0000000
T 0 1   9  0  0 10    0.0000000   0.0067280   0.0293851   0.0464601   0.0799278   0.1692311   0.3382712   0.6907856   0.9098713   0.9699154   0.9998281   1.0000000   1.0000000
T 0 1   9  1  0  0    0.0000000   0.0005148   0.0016399   0.0047460   0.0213440   0.1017716   0.3374237   0.6994022   1.0000000   1.0000000   1.0000000   1.0000000   1.0000000
T 0 1   9  1  0  1    0.0000000   0.0002633   0.0010891   0.0042307   0.0181163   0.0752157   0.2537985   0.6193956   1.0000000   1.0000000   1.0000000   1.0000000   1.0000000
T 0 1   9  1  0  2    0.0000000   0.0002194   0.0008486   0.0027728   0.0124455   0.0616642   0.2339277   0.6064318   1.0000000   1.0000000   1.0000000   1.0000000   1.0000000
T 0 1   9  1  0  3    0.0000000   0.0002283   0.0008669   0.0027852   0.0140251   0.0700545   0.2491207   0.6198491   1.0000000   1.0000000   1.0000000   1.0000000   1.0000000
T 0 1   9  1  0  4    0.0000000   0.0004356   0.0027620   0.0153929   0.0663357   0.2155446   0.5058694   0.8320271   1.0000000   1.0000000   1.0000000   1.0000000   1.0000000
T 0 1   9  1  0  5    0.0000000   0.0011873   0.0094478   0.0577925   0.2246261   0.5586818   0.8900123   0.9996500   1.0000000   1.0000000   1.0000000   1.0000000   1.0000000
T 0 1   9  1  0  6    0.0000000   0.0004626   0.0026649   0.0180020   0.0942133   0.3329130   0.7236541   0.9536823   0.9988141   0.9999984   1.0000000   1.0000000   1.0000000
T 0 1   9  1  0  7    0.0000000   0.0002246   0.0006446   0.0024765   0.0123245   0.0526267   0.1570011   0.3413836   0.6074237   0.8728054   0.9849908   0.9998878   1.0000000
T 0 1   9  1  0  8    0.0000000   0.0009562   0.0014955   0.0017998   0.0022382   0.0036136   0.0107994   0.0452511   0.1686405   0.4573475   0.8251665   0.9710661   1.0000000
T 0 1   9  1  0  9    0.0000000   0.0021003   0.0074838   0.0131257   0.0159362   0.0198461   0.0401951   0.1288935   0.3661962   0.7154288   0.9583841   0.9999941   1.0000000
T 0 1   9  1  0 10    0.0000000   0.0032254   0.0170235   0.0428863   0.0843736   0.1746921   0.3942474   0.7474223   0.9511020   0.9856143   0.9999985   1.0000000   1.0000000
R 0 1   9  0  0  0    0.0251401   0.0251401   0.0118810   0.0105476   0.0103205   0.0101832   0.0099994   0.0098583   0.0098583   0.0098583   0.0098583   0.0098583
R 0 1   9  0  0  1    0.0121367   0.0121367   0.0121367   0.0121367   0.0109072   0.0109101   0.0109613   0.0108667   0.0108667   0.0108667   0.0108667   0.0108667
R 0 1   9  0  0  2    0.0126468   0.0126468   0.0126468   0.0126468   0.0120070   0.0119600   0.0118296   0.0116954   0.0116954   0.0116954   0.0116954   0.0116954
R 0 1   9  0  0  3    0.0135671   0.0135671   0.0135671   0.0135671   0.0127158   0.0125702   0.0123652   0.0122203   0.0122203   0.0122203   0.0122203   0.0122203
R 0 1   9  0  0  4    0.0188353   0.0188353   0.0188353   0.0174025   0.0169016   0.0158801   0.0144626   0.0131139   0.0131139   0.0131139   0.0131139   0.0131139
R 0 1   9  0  0  5    0.0209162   0.0209162   0.0193308   0.0190883   0.0187531   0.0180510   0.0169090   0.0169090   0.0169090   0.0169090   0.0169090   0.0169090
R 0 1   9  0  0  6    0.0203874   0.0203874   0.0203874   0.0203405   0.0207543   0.0207084   0.0208120   0.0205495   0.0205495   0.0205495   0.0205495   0.0205495
R 0 1   9  0  0  7    0.0220907   0.0220907   0.0220907   0.0220907   0.0207761   0.0213441   0.0212156   0.0209168   0.0205335   0.0197359   0.0197359   0.0197359
R 0 1   9  0  0  8    0.0214130   0.0214130   0.0214130   0.0214130   0.0214130   0.0214130   0.0214130   0.0210200   0.0208995   0.0209875   0.0202246   0.0186868
R 0 1   9  0  0  9    0.0314230   0.0314230   0.0314230   0.0314230   0.0314230   0.0314230   0.0299093   0.0289477   0.0275192   0.0264907   0.0249646   0.0249646
R 0 1   9  0  0 10    0.0742126   0.0716927   0.0619825   0.0540401   0.0473168   0.0439592   0.0410136   0.0355432   0.0337602   0.0301814   0.0301814   0.0301814
R 0 1   9  0  1  0    0.0000000   0.0000000   0.0000000   0.0000623   0.0000809   0.0000781   0.0000725   0.0000635   0.0000635   0.0000635   0.0000635   0.0000635
R 0 1   9  0  1  1    0.0000703   0.0000703   0.0000703   0.0000703   0.0000576   0.0000709   0.0000623   0.0000567   0.0000567   0.0000567   0.0000567   0.0000567
R 0 1   9  0  1  2    0.0000634   0.0000634   0.0000634   0.0000634   0.0000598   0.0000607   0.0000607   0.0000532   0.0000532   0.0000532   0.0000532   0.0000532
R 0 1   9  0  1  3    0.0000551   0.0000551   0.0000551   0.0000551   0.0000696   0.0000547   0.0000549   0.0000497   0.0000497   0.0000497   0.0000497   0.0000497
R 0 1   9  0  1  4    0.0001142   0.0001142   0.0001142   0.0000778   0.0000873   0.0000736   0.0000554   0.0000452   0.0000452   0.0000452   0.0000452   0.0000452
R 0 1   9  0  1  5    0.0001843   0.0001843   0.0000572   0.0000708   0.0000680   0.0000575   0.0000496   0.0000496   0.0000496   0.0000496   0.0000496   0.0000496
R 0 1   9  0  1  6    0.0001080   0.0001080   0.0001080   0.0000465   0.0000577   0.0000594   0.0000558   0.0000254   0.0000254   0.0000254   0.0000254   0.0000254
R 0 1   9  0  1  7    0.0002474   0.0002474   0.0002474   0.0002474   0.0000680   0.0000822   0.0000770   0.0000737   0.0000760   0.0000537   0.0000537   0.0000537
R 0 1   9  0  1  8    0.0001032   0.0001032   0.0001032   0.0001032   0.0001032   0.0001032   0.0001032   0.0001029   0.0000946   0.0001043   0.0000846   0.0000619
R 0 1   9  0  1  9    0.0002812   0.0002812   0.0002812   0.0002812   0.0002812   0.0002812   0.0002118   0.0002080   0.0001802   0.0001568   0.0001194   0.0001194
R 0 1   9  0  1 10    0.0012403   0.0011296   0.0009376   0.0008025   0.0005897   0.0004678   0.0004017   0.0002557   0.0001905   0.0001346   0.0001346   0.0001346
R 0 1   9  0  2  0    0.0000000   0.0000000   0.0000000   0.0000000   0.0000000   0.0000188   0.0000090   0.0000000   0.0000000   0.0000000   0.0000000   0.0000000
R 0 1   9  0  2  1    0.0000000   0.0000000   0.0000000   0.0000000   0.0000000   0.0000164   0.0000049   0.0000175   0.0000175   0.0000175   0.0000175   0.0000175
R 0 1   9  0  2  2    0.0000545   0.0000545   0.0000545   0.0000545   0.0000492   0.0000138   0.0000124   0.0000090   0.0000090   0.0000090   0.0000090   0.0000090
R 0 1   9  0  2  3    0.0000000   0.0000000   0.0000000   0.0000000   0.0000000   0.0000000   0.0000107   0.0000176   0.0000176   0.0000176   0.0000176   0.0000176
R 0 1   9  0  2  4    0.0000000   0.0000000   0.0000000   0.0000000   0.0000000   0.0000123   0.0000099   0.0000137   0.0000137   0.0000137   0.0000137   0.0000137
R 0 1   9  0  2  5    0.0000000   0.0000000   0.0000000   0.0000000   0.0000185   0.0000140   0.0000000   0.0000000   0.0000000   0.0000000   0.0000000   0.0000000
R 0 1   9  0  2  6    0.0000000   0.0000000   0.0000000   0.0000000   0.0000000   0.0000000   0.0000000   0.0000000   0.0000000   0.0000000   0.0000000   0.0000000
R 0 1   9  0  2  7    0.0006504   0.0006504   0.0006504   0.0006504   0.0000000   0.0000000   0.0000000   0.0000148   0.0000000   0.0000000   0.0000000   0.0000000
R 0 1   9  0  2  8    0.0000000   0.0000000   0.0000000   0.0000000   0.0000000   0.0000000   0.0000000   0.0000000   0.0000000   0.0000102   0.0000000   0.0000000
R 0 1   9  0  2  9    0.0000000   0.0000000   0.0000000   0.0000000   0.0000000   0.0000000   0.0000000   0.0000515   0.0000000   0.0000185   0.0000000   0.0000000
R 0 1   9  0  2 10    0.0000000   0.0000000   0.0000000   0.0000000   0.0000000   0.0000000   0.0000547   0.0000737   0.0000000   0.0000000   0.0000000   0.0000000
R 0 1   9  0  3  0    1.0368810   1.0368810   1.0070713   1.0248663   0.9955355   0.9843389   0.9813129   0.9824508   0.9824508   0.9824508   0.9824508   0.9824508
R 0 1   9  0  3  1    0.9990857   0.9990857   0.9990857   0.9990857   0.9962992   0.9854595   0.9787332   0.9792880   0.9792880   0.9792880   0.9792880   0.9792880
R 0 1   9  0  3  2    0.9977335   0.9977335   0.9977335   0.9977335   0.9998935   0.9861027   0.9809359   0.9819558   0.9819558   0.9819558   0.9819558   0.9819558
R 0 1   9  0  3  3    1.0026831   1.0026831   1.0026831   1.0026831   0.9989294   0.9883739   0.9820202   0.9810128   0.9810128   0.9810128   0.9810128   0.9810128
R 0 1   9  0  3  4    1.0331784   1.0331784   1.0331784   0.9905633   0.9770049   0.9732049   0.9766826   0.9868417   0.9868417   0.9868417   0.9868417   0.9868417
R 0 1   9  0  3  5    1.0075006   1.0075006   0.9994860   0.9813991   0.9733383   0.9718004   0.9719593   0.9719593   0.9719593   0.9719593   0.9719593   0.9719593
R 0 1   9  0  3  6    1.0218384   1.0218384   1.0218384   1.0026187   0.9885166   0.9846645   0.9840582   0.9868802   0.9868802   0.9868802   0.9868802   0.9868802
R 0 1   9  0  3  7    1.0204241   1.0204241   1.0204241   1.0204241   1.0334060   0.9930008   0.9894277   0.9855714   0.9869116   0.9872525   0.9872525   0.9872525
R 0 1   9  0  3  8    1.0096668   1.0096668   1.0096668   1.0096668   1.0096668   1.0096668   1.0096668   0.9976858   0.9842007   0.9849455   0.9888650   1.0283445
R 0 1   9  0  3  9    1.0184674   1.0184674   1.0184674   1.0184674   1.0184674   1.0184674   0.9962442   0.9773128   0.9727582   0.9851201   1.0013855   1.0013855
R 0 1   9  0  3 10    1.0721057   1.0268552   1.0173848   0.9925482   0.9783748   0.9666888   0.9656445   0.9692591   1.0014918   1.0192534   1.0192534   1.0192534
R 0 1   9  0  4  0    1.4242314   1.4242314   1.2948924   2.1143565   2.2817533   2.2772798   2.2213949   2.2726440   2.2726440   2.2726440   2.2726440   2.2726440
R 0 1   9  0  4  1    1.9645535   1.9645535   1.9645535   1.9645535   2.1076588   2.2271797   2.1982301   2.2225245   2.2225245   2.2225245   2.2225245   2.2225245
R 0 1   9  0  4  2    1.8331939   1.8331939   1.8331939   1.8331939   2.1752108   2.2262747   2.2241382   2.2405033   2.2405033   2.2405033   2.2405033   2.2405033
R 0 1   9  0  4  3    1.7837448   1.7837448   1.7837448   1.7837448   2.2077819   2.3017080   2.2312009   2.2160376   2.2160376   2.2160376   2.2160376   2.2160376
R 0 1   9  0  4  4    1.9534580   1.9534580   1.9534580   2.0478522   2.0727352   2.0725666   2.1774517   2.3286787   2.3286787   2.3286787   2.3286787   2.3286787
R 0 1   9  0  4  5    1.7883326   1.7883326   2.1324210   2.1628017   2.0597776   2.0883791   2.0078661   2.0078661   2.0078661   2.0078661   2.0078661   2.0078661
R 0 1   9  0  4  6    1.9319259   1.9319259   1.9319259   2.2393569   2.3566119   2.3432299   2.3504505   2.2841671   2.2841671   2.2841671   2.2841671   2.2841671
R 0 1   9  0  4  7    1.9435472   1.9435472   1.9435472   1.9435472   2.3432264   2.3438883   2.3392272   2.3404108   2.3741818   2.3377837   2.3377837   2.3377837
R 0 1   9  0  4  8    2.1912091   2.1912091   2.1912091   2.1912091   2.1912091   2.1912091   2.1912091   2.2562601   2.2227834   2.2998279   2.3087380   2.2518870
R 0 1   9  0  4  9    2.0062368   2.0062368   2.0062368   2.0062368   2.0062368   2.0062368   2.1172981   2.0658504   2.0326812   2.2084009   2.1756081   2.1756081
R 0 1   9  0  4 10    1.9175542   2.1966725   1.9419336   1.9061417   1.9951626   1.9210748   1.9307443   1.9636161   2.1338682   2.0953364   2.0953364   2.0953364
R 0 1   9  0  5  0   13.5888011  13.5888011   6.2076190   3.5396348   3.4201411   3.9522308   4.3557120   3.8817395   3.8817395   3.8817395   3.8817395   3.8817395
R 0 1   9  0  5  1    4.0749650   4.0749650   4.0749650   4.0749650   4.2968642   4.0110226   4.3912445   4.1639665   4.1639665   4.1639665   4.1639665   4.1639665
R 0 1   9  0  5  2    4.7919089   4.7919089   4.7919089   4.7919089   4.6249332   4.1842431   4.1767015   4.2783590   4.2783590   4.2783590   4.2783590   4.2783590
R 0 1   9  0  5  3    4.6673699   4.6673699   4.6673699   4.6673699   4.0899299   3.7716365   4.3137317   4.3852049   4.3852049   4.3852049   4.3852049   4.3852049
R 0 1   9  0  5  4    4.8112689   4.8112689   4.8112689   4.6950443   5.3098602   5.0818416   4.0862350   3.2646927   3.2646927   3.2646927   3.2646927   3.2646927
R 0 1   9  0  5  5    4.2758472   4.2758472   4.3923962   4.4847398   5.6764007   4.5842966   4.1222566   4.1222566   4.1222566   4.1222566   4.1222566   4.1222566
R 0 1   9  0  5  6    3.2987423   3.2987423   3.2987423   3.7155931   3.2728296   3.0086147   2.4021679   1.9761550   1.9761550   1.9761550   1.9761550   1.9761550
R 0 1   9  0  5  7    3.6163248   3.6163248   3.6163248   3.6163248   3.4069623   3.2563589   3.0056357   2.8500340   2.6350754   2.1036576   2.1036576   2.1036576
R 0 1   9  0  5  8    4.1627381   4.1627381   4.1627381   4.1627381   4.1627381   4.1627381   4.1627381   4.6560171   4.6551535   4.0869014   3.4634283   4.6806015
R 0 1   9  0  5  9    5.3571073   5.3571073   5.3571073   5.3571073   5.3571073   5.3571073   5.8903279   6.1131090   6.8987398   5.3757678   5.7647396   5.7647396
R 0 1   9  0  5 10    8.3419609   4.4088191   4.6129228   5.8789127   5.0092765   7.2766691   8.4995267   8.4408276   5.4942580   6.0714981   6.0714981   6.0714981
F  0  1   9  0  0  0    0.9562736   1.0236250   0.9813700   0.9994935   0.9805397   1.0020245   0.9920349   0.9828486   1.0010027   0.9837205   0.9840050
F  0  1   9  1  0  0    1.0667234   1.0839012   1.0653925   1.0774458   1.0551406   1.0810365   1.0593366   1.0539709   1.0472620   1.0569652   1.0833106
C  0  1   9  0  0  0  -0.3055987 -0.0477844 -0.2626384 -0.3790482 -0.4004365 -0.1857664 -0.1461284 -0.2170159 -0.3352255 -0.0888546 -0.1888978 -0.2207203 -0.1709989 -0.2968924 -0.3505053 -0.0987401
C  0  1   9  0  0  1  -0.1606025 -0.2387669 -0.1697092 -0.0788471 -0.1041818 -0.0883557 -0.2010438 -0.1593757 -0.0254079 -0.2657833  0.0185948 -0.1341485 -0.0698218 -0.0607502 -0.1898559 -0.0209089
C  0  1   9  0  0  2  -0.0779020 -0.0583256 -0.0886883 -0.2049377  0.0100025 -0.0300052 -0.1565258 -0.0474256 -0.0128690 -0.0382398 -0.0198561  0.0032807 -0.0834990 -0.0192446 -0.0172877 -0.0714098
C  0  1   9  0  0  3  -0.0545114 -0.1701005 -0.0532583 -0.0203018  0.0788963 -0.1203368 -0.1117340 -0.0253586 -0.0790948  0.0129821 -0.1221228 -0.0597354 -0.1782070 -0.1256596 -0.0417872  0.0187890
C  0  1   9  0  0  4  -0.1317186 -0.0395843 -0.0069375 -0.1273239 -0.1505929 -0.1454634 -0.0422708 -0.0648516 -0.0895340 -0.0189311 -0.0443673  0.0952625 -0.0967771 -0.0769941 -0.0110736 -0.0437468
C  0  1   9  0  0  5   0.0388994 -0.0636454 -0.1281763 -0.0930720 -0.0122115 -0.1316849 -0.0150636  0.0025320 -0.0094514 -0.0688208 -0.0630816 -0.0209778  0.0047724  0.0656353  0.0584262 -0.0727059
C  0  1   9  0  0  6  -0.0495974  0.0411422  0.0413220 -0.0159549  0.0638063  0.0673665 -0.0433646 -0.0975660 -0.0384890 -0.0413829 -0.0176650 -0.0154637 -0.0415138 -0.0292057 -0.0208042  0.0567942
C  0  1   9  0  0  7  -0.0267821  0.0248364  0.0031763 -0.0234095 -0.0640899  0.0793571 -0.0516185  0.0214861 -0.0144490 -0.0015104  0.0615332 -0.0363097  0.0288817 -0.0520774 -0.0347719  0.0691377
C  0  1   9  0  0  8   0.0292505  0.0451625  0.0348717  0.0148846 -0.0837204  0.0091559 -0.0297748 -0.0242676 -0.0119551 -0.0281142 -0.0669908 -0.0207776  0.0072638  0.0598554 -0.0050295 -0.0000815
C  0  1   9  0  0  9  -0.0383209  0.0168926 -0.0422755 -0.0057875  0.0476770  0.0167230  0.0000493  0.0153221 -0.1013732 -0.0650805  0.0743471  0.0609916 -0.0273689  0.0700412  0.0148834  0.1510840
C  0  1   9  0  0 10  -0.0057656 -0.0119395  0.0103141  0.0111591 -0.0234076 -0.0275079 -0.1159093 -0.0104829 -0.0224356 -0.0605403  0.0342393  0.1030905 -0.0138455  0.0460421  0.0300406 -0.0036031
C  0  1   9  0  0 11  -0.0745756 -0.0000419 -0.0412205  0.0112123  0.0462250  0.0649233  0.0425159  0.1201353  0.0386706 -0.0002217  0.0219226  0.0171658 -0.0161274  0.0288106 -0.0031045  0.0214692
C  0  1   9  0  0 12   0.0998407 -0.0032425 -0.0594838 -0.0382015 -0.0181362  0.0377881 -0.0366989 -0.0298391  0.0363026  0.0582620  0.0233591  0.0048861 -0.0900922 -0.0087247 -0.0414734  0.0250493
C  0  1   9  0  0 13   0.0544320  0.0142261  0.0034701  0.0569945 -0.0123147 -0.0508217 -0.0045183  0.0167120 -0.0510865 -0.0160817 -0.0361865 -0.0007027 -0.0330209 -0.0089014  0.0166455  0.0325165
C  0  1   9  0  0 14   0.0031486  0.0139133 -0.0983212  0.0141825 -0.0484272 -0.0426045 -0.0105200  0.0685799 -0.0356050 -0.0547816  0.0282608 -0.0621479 -0.0115371  0.0492575  0.0603303 -0.0766567
C  0  1   9  0  0 15  -0.0661041 -0.0183436  0.0108047  0.0499160  0.0070612 -0.0242065 -0.0533619 -0.0516562  0.0437283  0.0387491  0.0132642 -0.1386406 -0.0001853  0.0360210 -0.0049089  0.0437360
C  0  1   9  0  0 16   0.1973291  0.0156674 -0.0472201 -0.0533867 -0.0643268 -0.0968394  0.0421362 -0.0004380 -0.0141561  0.0242139  0.0479908 -0.1512977 -0.0504825 -0.0211394 -0.0945720  0.0062104
C  0  1   9  0  0 17  -0.0454731 -0.0405801 -0.0640955 -0.0162547 -0.1354277 -0.0976814 -0.0967901 -0.1688718  0.0679990 -0.1342936  0.0758066  0.0729206 -0.0202656 -0.1539901 -0.0872384  0.0063232
C  0  1   9  0  0 18  -0.1566618  0.0378900 -0.0251052 -0.0454865 -0.0991059 -0.0229284 -0.0933364 -0.0578697 -0.1041827 -0.0786089  0.0359081 -0.1230072 -0.0085440  0.0557348 -0.1298644  0.0339819
C  0  1   9  0  0 19   0.0612063 -0.0410796 -0.2778744 -0.0441304 -0.0422057 -0.0121876 -0.1457974  0.0094531 -0.1379131 -0.0953552 -0.0488508 -0.0511510 -0.0937561 -0.0671684  0.0061631 -0.0759342
C  0  1   9  0  0 20  -0.0901654 -0.0486161 -0.0312506 -0.0738299 -0.0985680 -0.1320859 -0.3077529 -0.1120943 -0.1219205 -0.1920519 -0.0431948  0.0075871 -0.0056476 -0.2082162 -0.1843383 -0.1415304
C  0  1   9  0  0 21  -0.1683994 -0.3453204 -0.4977893 -0.1387543 -0.2426245 -0.1688628 -0.3183942 -0.0756571 -0.1334198 -0.2650710 -0.2128048 -0.2850277 -0.4659558 -0.3401647 -0.2846154 -0.3140993
C  0  1   9  0  1  0  -0.0042638 -0.0007544  0.0020050 -0.0044376 -0.0054414  0.0010684 -0.0014735  0.0000055  0.0032524  0.0032789 -0.0034375  0.0052122  0.0052045  0.0025308  0.0050438  0.0064058
C  0  1   9  0  1  1   0.0025357  0.0021580 -0.0041555 -0.0014047  0.0013136 -0.0026384  0.0030601  0.0020784  0.0043915 -0.0017849 -0.0018503 -0.0046211  0.0022463  0.0045822  0.0000203  0.0000470
C  0  1   9  0  1  2   0.0025259 -0.0043195  0.0004335 -0.0010540 -0.0026612  0.0021148  0.0031402 -0.0002065  0.0009782  0.0024345 -0.0028284  0.0002153 -0.0007127 -0.0012499  0.0005526  0.0000273
C  0  1   9  0  1  3   0.0017177 -0.0007430  0.0025138 -0.0024447 -0.0009840  0.0016758  0.0021107 -0.0014483 -0.0015060 -0.0033059 -0.0005221 -0.0013442 -0.0002094  0.0001721 -0.0004659  0.0012229
C  0  1   9  0  1  4   0.0011449 -0.0004235 -0.0014909  0.0023409 -0.0008386 -0.0003513  0.0003527  0.0018316 -0.0000022  0.0005621 -0.0007297 -0.0041801  0.0013633 -0.0006658  0.0012728 -0.0023521
C  0  1   9  0  1  5   0.0000554  0.0017934 -0.0022189  0.0006443  0.0004978 -0.0008436 -0.0013511 -0.0012972 -0.0003462 -0.0025417  0.0014672 -0.0021930  0.0007493  0.0005737  0.0008110 -0.0025284
C  0  1   9  0  1  6   0.0029004 -0.0009770 -0.0014958  0.0006148  0.0020767 -0.0018035 -0.0011952  0.0011344  0.0001010 -0.0002041  0.0002976 -0.0016449 -0.0002273 -0.0007179  0.0012030 -0.0005531
C  0  1   9  0  1  7   0.0022843  0.0000440  0.0023174 -0.0004476  0.0011129 -0.0003860 -0.0014991 -0.0002218  0.0008103 -0.0010344  0.0024484 -0.0012931 -0.0005971  0.0000393  0.0007491 -0.0003613
C  0  1   9  0  1  8   0.0022038  0.0013379 -0.0007714 -0.0027321  0.0022936  0.0028506  0.0012870  0.0004685  0.0025082 -0.0010390 -0.0010710 -0.0010215  0.0002672  0.0012162  0.0001403 -0.0005741
C  0  1   9  0  1  9  -0.0037921  0.0010498  0.0008623 -0.0004913 -0.0003933  0.0012589  0.0005766  0.0001374 -0.0009629 -0.0024141 -0.0038683 -0.0018563 -0.0026049 -0.0011672 -0.0023320  0.0005489
C  0  1   9  0  1 10   0.0021683 -0.0004016  0.0020877  0.0014545  0.0029892  0.0000222  0.0008763 -0.0005499 -0.0028503 -0.0025709 -0.0017642 -0.0013187 -0.0010383 -0.0005906  0.0011015  0.0008273
C  0  1   9  0  1 11   0.0008913  0.0000018 -0.0004466  0.0005719  0.0005534  0.0009049 -0.0018753 -0.0023732 -0.0019550  0.0003737 -0.0001979  0.0000288  0.0010591 -0.0014353  0.0009283  0.0000012
C  0  1   9  0  1 12   0.0000107 -0.0016748  0.0008476 -0.0012471  0.0008799 -0.0011493  0.0010170 -0.0001553 -0.0008809  0.0001506  0.0004376  0.0009772 -0.0019211  0.0002386  0.0009084  0.0007923
C  0  1   9  0  1 13   0.0016639 -0.0015773 -0.0006831  0.0011577  0.0018365  0.0022653 -0.0005696 -0.0010524 -0.0003093 -0.0000181 -0.0005513 -0.0008225 -0.0011279  0.0013643 -0.0004211  0.0009341
C  0  1   9  0  1 14   0.0024444  0.0010959  0.0012788  0.0010323  0.0021304  0.0024322 -0.0012293  0.0004226 -0.0010002  0.0009833  0.0004328  0.0008804  0.0002264 -0.0007284 -0.0002673  0.0018139
C  0  1   9  0  1 15   0.0041212  0.0005786  0.0013554  0.0005284 -0.0002849  0.0006985  0.0002650  0.0002279  0.0001655  0.0012543 -0.0003565  0.0015589 -0.0008918  0.0016198  0.0005965  0.0025221
C  0  1   9  0  1 16   0.0003096  0.0039487  0.0043513 -0.0003215  0.0005756  0.0017821  0.0015744 -0.0008869  0.0016207 -0.0005143  0.0004984  0.0015639  0.0007368  0.0009541  0.0032731  0.0019870
C  0  1   9  0  1 17   0.0008251 -0.0005966 -0.0007175  0.0029744  0.0026700  0.0039454  0.0012948  0.0032036 -0.0005756  0.0043966  0.0015110  0.0015274  0.0011679 -0.0010929  0.0046253  0.0042314
C  0  1   9  0  1 18   0.0038701  0.0041863  0.0005297  0.0005831 -0.0012918  0.0001137  0.0035892  0.0029883 -0.0005013  0.0012955  0.0048966  0.0022240  0.0007191  0.0008700  0.0072870  0.0022881
C  0  1   9  0  1 19   0.0015410  0.0037415  0.0006877  0.0010547  0.0020306  0.0035105  0.0029496  0.0023262  0.0025326  0.0045920 -0.0005062 -0.0012265  0.0016581  0.0020268  0.0037195  0.0047158
C  0  1   9  0  1 20   0.0030888  0.0067422  0.0033434  0.0026646  0.0019853  0.0038951  0.0021639  0.0051442  0.0002885  0.0025412  0.0007204 -0.0012571  0.0024767  0.0061036  0.0044194  0.0091845
C  0  1   9  0  1 21   0.0141253  0.0181571  0.0079382  0.0023279 -0.0026158 -0.0085623 -0.0059654 -0.0024743 -0.0044251 -0.0040274 -0.0054867  0.0034169  0.0035586  0.0072391  0.0063259  0.0084564
C  0  1   9  1  0  0  -0.4354857 -0.2894322 -0.3362370 -0.4295577 -0.3371205 -0.3105067 -0.3196565 -0.2994092 -0.3866938 -0.2647739 -0.3527006 -0.3510925 -0.4523167 -0.4844886 -0.4580225 -0.4745222
C  0  1   9  1  0  1  -0.3258394 -0.3299472 -0.3548497 -0.2544937 -0.3136647 -0.3043634 -0.2564776 -0.2576215 -0.2925731 -0.2632605 -0.3244109 -0.2970006 -0.4026820 -0.4096424 -0.4083224 -0.3461174
C  0  1   9  1  0  2  -0.2966221 -0.3285934 -0.2662266 -0.2648710 -0.2653860 -0.1895393 -0.2452469 -0.2269272 -0.2190088 -0.1991770 -0.2799853 -0.3008210 -0.3234367 -0.3506811 -0.2671632 -0.3484853
C  0  1   9  1  0  3  -0.2994502 -0.2840357 -0.3240168 -0.2728881 -0.2865392 -0.2361220 -0.1700871 -0.1517838 -0.1669543 -0.2464544 -0.2267684 -0.2522456 -0.2746489 -0.2623024 -0.2749599 -0.2547421
C  0  1   9  1  0  4  -0.2683908 -0.2243673 -0.2545131 -0.2484716 -0.1881721 -0.1678826 -0.2762058 -0.1887901 -0.1944826 -0.2031919 -0.1911090 -0.2585304 -0.3065171 -0.2807628 -0.2598810 -0.2931928
C  0  1   9  1  0  5  -0.2330934 -0.1790122 -0.1824516 -0.1875103 -0.1822698 -0.1322203 -0.1646019 -0.1530563 -0.1668380 -0.1555098 -0.1893181 -0.2235194 -0.1831603 -0.1684087 -0.1959226 -0.1944500
C  0  1   9  1  0  6  -0.0923126 -0.1450477 -0.1715703 -0.1475873 -0.1240542 -0.1220659 -0.1329730 -0.1047676 -0.1658996 -0.1254653 -0.1186052 -0.1172689 -0.0735586 -0.1571331 -0.1671261 -0.1792354
C  0  1   9  1  0  7  -0.1436506 -0.1576615 -0.1975313 -0.1252075 -0.1553142 -0.1704554 -0.1738380 -0.1447827 -0.1254669 -0.1089876 -0.1412054 -0.1123548 -0.2205041 -0.1633660 -0.1607447 -0.1513326
C  0  1   9  1  0  8  -0.1706440 -0.1425336 -0.1557795 -0.1503020 -0.1807017 -0.1574146 -0.1067025 -0.1372049 -0.1407954 -0.0973360 -0.1144175 -0.1546123 -0.1130810 -0.1555734 -0.1561751 -0.1507421
C  0  1   9  1  0  9  -0.1259414 -0.1064761 -0.0860655 -0.1685315 -0.1122461 -0.1619657 -0.1331899 -0.1907152 -0.1139402 -0.1512517 -0.0852171 -0.1108654 -0.1240402 -0.1475974 -0.1426858 -0.1601625
C  0  1   9  1  0 10  -0.1385985 -0.1043650 -0.1104005 -0.1473000 -0.1344183 -0.1110732 -0.1501966 -0.1088249 -0.1133199 -0.1285522 -0.1027590 -0.1419885 -0.1082611 -0.1164036 -0.1099831 -0.1123550
C  0  1   9  1  0 11  -0.1184886 -0.0880838 -0.1249294 -0.1017321 -0.1444554 -0.0972040 -0.1213174 -0.1275481 -0.1502713 -0.0806956 -0.1203729 -0.1336079 -0.0972502 -0.1482253 -0.0957618 -0.1243403
C  0  1   9  1  0 12  -0.0880781 -0.1304079 -0.1523910 -0.0837465 -0.1406581 -0.1460735 -0.1507342 -0.1811944 -0.1270543 -0.1173378 -0.1419179 -0.1303297 -0.0843581 -0.1507954 -0.0981228 -0.1454067
C  0  1   9  1  0 13  -0.0949561 -0.1272325 -0.1816608 -0.1236651 -0.1359718 -0.1233735 -0.1553641 -0.1943999 -0.0978901 -0.1328566 -0.1497762 -0.1393487 -0.1457788 -0.1238046 -0.1665587 -0.1548780
C  0  1   9  1  0 14  -0.1241665 -0.1548809 -0.1509717 -0.1889048 -0.1869220 -0.1777862 -0.1635950 -0.2422449 -0.1651872 -0.1507916 -0.1388133 -0.1764459 -0.1664758 -0.1062746 -0.1502078 -0.2066993
C  0  1   9  1  0 15  -0.1225476 -0.1808371 -0.1228682 -0.1133706 -0.1497001 -0.0941038 -0.1670656 -0.1274402 -0.1610297 -0.1458936 -0.1027747 -0.1624083 -0.1473239 -0.1157305 -0.0726118 -0.1654758
C  0  1   9  1  0 16  -0.1838885 -0.2103733 -0.1835853 -0.1597624 -0.1508294 -0.1602638 -0.2461016 -0.2121944 -0.1754324 -0.1864769 -0.1327971 -0.1536617 -0.1108089 -0.1394213 -0.1521855 -0.1326060
C  0  1   9  1  0 17  -0.1925682 -0.2581915 -0.2013680 -0.2708422 -0.1799394 -0.2669500 -0.1919557 -0.2145056 -0.2542765 -0.2814905 -0.2380323 -0.1961550 -0.1943937 -0.2995718 -0.2161055 -0.2572653
C  0  1   9  1  0 18  -0.2882491 -0.2551964 -0.2492654 -0.2398207 -0.2351954 -0.2528472 -0.2505794 -0.2458503 -0.2756145 -0.2078007 -0.2574966 -0.2429930 -0.2474210 -0.2243180 -0.1703342 -0.2025129
C  0  1   9  1  0 19  -0.2196564 -0.2030614 -0.2884116 -0.3054169 -0.2686055 -0.2436720 -0.2506386 -0.2015202 -0.2308802 -0.3043995 -0.1642973 -0.2590334 -0.2622893 -0.2509862 -0.2771705 -0.2348316
C  0  1   9  1  0 20  -0.2079316 -0.3117423 -0.3197326 -0.3548214 -0.2869086 -0.2527013 -0.2599479 -0.3754321 -0.3681851 -0.3487455 -0.3467605 -0.3210291 -0.3620395 -0.2920913 -0.3185652 -0.2974037
C  0  1   9  1  0 21  -0.3419795 -0.3416195 -0.3297791 -0.3334558 -0.2854070 -0.2755949 -0.3020966 -0.3783040 -0.4358757 -0.4201757 -0.3695622 -0.3006538 -0.3509988 -0.4166982 -0.4032793 -0.4417943
C  0  1   9  1  1  0   0.0475732  0.0502199  0.0407826  0.0256243 -0.0014528 -0.0187649 -0.0316438 -0.0410142 -0.0443344 -0.0358525 -0.0320370 -0.0174575  0.0019742  0.0047289  0.0255064  0.0400476
C  0  1   9  1  1  1   0.0252110  0.0221249  0.0188309  0.0112241  0.0018835 -0.0066026 -0.0156902 -0.0175354 -0.0183058 -0.0147427 -0.0164061 -0.0080234  0.0032676  0.0083680  0.0130364  0.0249278
C  0  1   9  1  1  2   0.0120738  0.0122171  0.0081141  0.0060499  0.0025368 -0.0028525 -0.0086254 -0.0081942 -0.0086832 -0.0062437 -0.0043331 -0.0027467  0.0004038  0.0040400  0.0046540  0.0120321
C  0  1   9  1  1  3   0.0085677  0.0069606  0.0028452  0.0056967  0.0016199  0.0008251 -0.0040271 -0.0012769  0.0009042  0.0000739 -0.0016153 -0.0000222  0.0017920  0.0032299  0.0017857  0.0062137
C  0  1   9  1  1  4   0.0027601  0.0031720  0.0007149  0.0009295  0.0034269  0.0032419 -0.0006488  0.0016949  0.0049574  0.0035695 -0.0006030  0.0007133  0.0016738  0.0018856  0.0043377  0.0021866
C  0  1   9  1  1  5   0.0017266  0.0013996  0.0010492  0.0026574  0.0029310  0.0040315  0.0024970  0.0041439  0.0053153  0.0024905 -0.0006327 -0.0006307  0.0017670  0.0039798  0.0018393  0.0001532
C  0  1   9  1  1  6   0.0010787  0.0018656  0.0010850  0.0040754  0.0050695  0.0050859  0.0053802  0.0049463  0.0045623  0.0010891  0.0001041  0.0005481  0.0005614  0.0009274  0.0006355  0.0000488
C  0  1   9  1  1  7  -0.0002048  0.0013501  0.0019383  0.0045158  0.0042549  0.0035838  0.0055429  0.0045563  0.0036177  0.0015221  0.0001829  0.0006929  0.0017307  0.0014262  0.0020719 -0.0002552
C  0  1   9  1  1  8  -0.0002500  0.0013707  0.0031240  0.0022293  0.0049996  0.0043056  0.0050714  0.0052230  0.0058306  0.0019392  0.0008795  0.0003162  0.0020044  0.0012262  0.0021868 -0.0009213
C  0  1   9  1  1  9   0.0004414  0.0018293  0.0018768  0.0032040  0.0028869  0.0027176  0.0041877  0.0030990  0.0022024 -0.0000337  0.0004626  0.0011302  0.0014341 -0.0002369 -0.0001429 -0.0012816
C  0  1   9  1  1 10   0.0003352  0.0028549  0.0016849  0.0024233  0.0028840  0.0021283  0.0027144  0.0037681  0.0037385  0.0001089  0.0002746  0.0003077  0.0005219  0.0018743  0.0026044 -0.0004239
C  0  1   9  1  1 11   0.0002865  0.0022471  0.0019490  0.0024569  0.0029311  0.0001476  0.0018329  0.0021762  0.0026702  0.0024919 -0.0014148 -0.0006556  0.0001402  0.0003724  0.0004116 -0.0010891
C  0  1   9  1  1 12   0.0002257  0.0014670  0.0026402  0.0043181  0.0011587  0.0012422  0.0006578  0.0019762  0.0050144  0.0009344  0.0018325  0.0011657  0.0009662 -0.0005711  0.0012164 -0.0002124
C  0  1   9  1  1 13   0.0000300  0.0030881  0.0017696  0.0029919  0.0035058  0.0037885  0.0037362  0.0062853  0.0053959  0.0019935  0.0015201  0.0014283 -0.0003926 -0.0019553  0.0007769 -0.0011723
C  0  1   9  1  1 14  -0.0001868  0.0012887  0.0035973  0.0038591  0.0041081  0.0028474  0.0041904  0.0058145  0.0053530  0.0021876  0.0018237 -0.0003535 -0.0015575 -0.0004486 -0.0012465 -0.0020154
C  0  1   9  1  1 15  -0.0015112  0.0009690  0.0035269  0.0038654  0.0032467 -0.0003452  0.0030550  0.0044493  0.0064939  0.0040825  0.0025879 -0.0001603 -0.0020584 -0.0053914 -0.0051739 -0.0056487
C  0  1   9  1  1 16  -0.0013649  0.0014647  0.0029297  0.0040154  0.0032728  0.0016585  0.0038496  0.0033266  0.0049903  0.0058624  0.0014106  0.0034419 -0.0015543 -0.0010767 -0.0047341 -0.0045393
C  0  1   9  1  1 17  -0.0039525  0.0032889  0.0016620  0.0066000  0.0028161 -0.0018574  0.0014062  0.0043216  0.0048980  0.0046882  0.0042623  0.0025125 -0.0004727 -0.0033522 -0.0045513 -0.0036841
C  0  1   9  1  1 18   0.0010324  0.0081757  0.0057672  0.0079204  0.0048852  0.0005304 -0.0012807  0.0008499  0.0031148  0.0035302  0.0035033  0.0019727 -0.0011280 -0.0023836 -0.0063286 -0.0032932
C  0  1   9  1  1 19   0.0025736  0.0082449  0.0118406  0.0093978  0.0062179  0.0022207 -0.0019611 -0.0002522  0.0034757  0.0048247  0.0022184  0.0006070 -0.0016176 -0.0024619 -0.0044199 -0.0016897
C  0  1   9  1  1 20   0.0031176  0.0160571  0.0179493  0.0139794  0.0056784  0.0034670 -0.0030044 -0.0020865  0.0012271  0.0069644  0.0019638 -0.0034486 -0.0076636 -0.0088679 -0.0061173 -0.0038469
C  0  1   9  1  1 21   0.0086557  0.0236553  0.0316410  0.0233284  0.0175470  0.0176957  0.0108732  0.0125363  0.0126468  0.0141315  0.0022045 -0.0047380 -0.0075917 -0.0183411 -0.0074223  0.0007140
