CPHI 16 
CETA 22 -2.40 -2.10 -1.85 -1.60 -1.40 -1.20 -1.00 -0.80 -0.60 -0.40 -0.20  0.00  0.20  0.40  0.60  0.80  1.00  1.20  1.40  1.60  1.85  2.10  2.40 
RMIN  6 
RTRK 12 
RETA 11  0.00  0.20  0.40  0.60  0.80  1.00  1.20  1.40  1.60  1.85  2.10  2.40 
T 0 1  90  0  0  0    0.0000000   0.0006315   0.0017497   0.0033123   0.0123479   0.0696230   0.2777651   0.6538682   1.0000000   1.0000000   1.0000000   1.0000000   1.0000000
T 0 1  90  0  0  1    0.0000000   0.0001286   0.0005296   0.0023659   0.0122361   0.0590059   0.2266038   0.5890956   1.0000000   1.0000000   1.0000000   1.0000000   1.0000000
T 0 1  90  0  0  2    0.0000000   0.0001393   0.0005353   0.0017228   0.0105404   0.0555462   0.2100646   0.5739983   1.0000000   1.0000000   1.0000000   1.0000000   1.0000000
T 0 1  90  0  0  3    0.0000000   0.0001799   0.0005516   0.0016508   0.0115104   0.0625410   0.2264947   0.5872759   1.0000000   1.0000000   1.0000000   1.0000000   1.0000000
T 0 1  90  0  0  4    0.0000000   0.0004030   0.0025103   0.0143830   0.0630439   0.2041421   0.4896900   0.8227380   1.0000000   1.0000000   1.0000000   1.0000000   1.0000000
T 0 1  90  0  0  5    0.0000000   0.0010743   0.0075699   0.0511769   0.2051274   0.5332288   0.8763851   0.9994122   1.0000000   1.0000000   1.0000000   1.0000000   1.0000000
T 0 1  90  0  0  6    0.0000000   0.0002793   0.0012473   0.0105908   0.0671006   0.2763085   0.6631295   0.9307441   0.9981792   0.9999994   1.0000000   1.0000000   1.0000000
T 0 1  90  0  0  7    0.0000000   0.0000415   0.0004040   0.0009116   0.0047073   0.0310814   0.1191855   0.2967030   0.5816460   0.8695186   0.9840323   0.9998774   1.0000000
T 0 1  90  0  0  8    0.0000000   0.0000012   0.0000272   0.0001290   0.0003908   0.0009637   0.0041622   0.0248414   0.1191987   0.3943073   0.7894714   0.9691516   1.0000000
T 0 1  90  0  0  9    0.0000000   0.0000086   0.0000141   0.0000347   0.0005714   0.0036707   0.0186045   0.0861683   0.3018932   0.6583948   0.9387903   0.9999558   1.0000000
T 0 1  90  0  0 10    0.0000000   0.0066666   0.0289852   0.0464034   0.0798945   0.1688636   0.3383443   0.6903691   0.9104090   0.9701489   0.9998553   1.0000000   1.0000000
T 0 1  90  1  0  0    0.0000000   0.0005148   0.0016399   0.0047460   0.0213440   0.1017716   0.3374237   0.6994022   1.0000000   1.0000000   1.0000000   1.0000000   1.0000000
T 0 1  90  1  0  1    0.0000000   0.0002633   0.0010891   0.0042307   0.0181163   0.0752157   0.2537985   0.6193956   1.0000000   1.0000000   1.0000000   1.0000000   1.0000000
T 0 1  90  1  0  2    0.0000000   0.0002194   0.0008486   0.0027728   0.0124455   0.0616642   0.2339277   0.6064318   1.0000000   1.0000000   1.0000000   1.0000000   1.0000000
T 0 1  90  1  0  3    0.0000000   0.0002283   0.0008669   0.0027852   0.0140251   0.0700545   0.2491207   0.6198491   1.0000000   1.0000000   1.0000000   1.0000000   1.0000000
T 0 1  90  1  0  4    0.0000000   0.0004356   0.0027620   0.0153929   0.0663357   0.2155446   0.5058694   0.8320271   1.0000000   1.0000000   1.0000000   1.0000000   1.0000000
T 0 1  90  1  0  5    0.0000000   0.0011873   0.0094478   0.0577925   0.2246261   0.5586818   0.8900123   0.9996500   1.0000000   1.0000000   1.0000000   1.0000000   1.0000000
T 0 1  90  1  0  6    0.0000000   0.0004626   0.0026649   0.0180020   0.0942133   0.3329130   0.7236541   0.9536823   0.9988141   0.9999984   1.0000000   1.0000000   1.0000000
T 0 1  90  1  0  7    0.0000000   0.0002246   0.0006446   0.0024765   0.0123245   0.0526267   0.1570011   0.3413836   0.6074237   0.8728054   0.9849908   0.9998878   1.0000000
T 0 1  90  1  0  8    0.0000000   0.0009562   0.0014955   0.0017998   0.0022382   0.0036136   0.0107994   0.0452511   0.1686405   0.4573475   0.8251665   0.9710661   1.0000000
T 0 1  90  1  0  9    0.0000000   0.0021003   0.0074838   0.0131257   0.0159362   0.0198461   0.0401951   0.1288935   0.3661962   0.7154288   0.9583841   0.9999941   1.0000000
T 0 1  90  1  0 10    0.0000000   0.0032254   0.0170235   0.0428863   0.0843736   0.1746921   0.3942474   0.7474223   0.9511020   0.9856143   0.9999985   1.0000000   1.0000000
R 0 1  90  0  0  0    0.0254503   0.0254503   0.0122154   0.0107225   0.0103551   0.0102017   0.0099940   0.0098610   0.0098610   0.0098610   0.0098610   0.0098610
R 0 1  90  0  0  1    0.0117741   0.0117741   0.0117741   0.0117741   0.0109545   0.0108809   0.0109603   0.0108662   0.0108662   0.0108662   0.0108662   0.0108662
R 0 1  90  0  0  2    0.0125489   0.0125489   0.0125489   0.0125489   0.0120496   0.0120266   0.0118462   0.0116913   0.0116913   0.0116913   0.0116913   0.0116913
R 0 1  90  0  0  3    0.0136064   0.0136064   0.0136064   0.0136064   0.0126509   0.0125997   0.0124053   0.0122534   0.0122534   0.0122534   0.0122534   0.0122534
R 0 1  90  0  0  4    0.0189626   0.0189626   0.0189626   0.0175086   0.0169297   0.0159701   0.0145029   0.0130726   0.0130726   0.0130726   0.0130726   0.0130726
R 0 1  90  0  0  5    0.0201367   0.0201367   0.0195020   0.0191413   0.0187188   0.0180672   0.0169714   0.0169714   0.0169714   0.0169714   0.0169714   0.0169714
R 0 1  90  0  0  6    0.0198857   0.0198857   0.0198857   0.0204235   0.0208344   0.0207103   0.0208659   0.0206181   0.0206181   0.0206181   0.0206181   0.0206181
R 0 1  90  0  0  7    0.0218916   0.0218916   0.0218916   0.0218916   0.0205559   0.0211990   0.0212318   0.0209037   0.0205319   0.0198053   0.0198053   0.0198053
R 0 1  90  0  0  8    0.0211660   0.0211660   0.0211660   0.0211660   0.0211660   0.0211660   0.0211660   0.0210786   0.0209398   0.0209868   0.0202618   0.0189944
R 0 1  90  0  0  9    0.0312989   0.0312989   0.0312989   0.0312989   0.0312989   0.0312989   0.0295845   0.0288264   0.0275001   0.0264818   0.0248663   0.0248663
R 0 1  90  0  0 10    0.0806474   0.0719902   0.0594735   0.0540826   0.0471070   0.0441600   0.0409342   0.0355167   0.0335407   0.0308988   0.0308988   0.0308988
R 0 1  90  0  1  0    0.0000000   0.0000000   0.0000000   0.0000665   0.0000778   0.0000828   0.0000735   0.0000667   0.0000667   0.0000667   0.0000667   0.0000667
R 0 1  90  0  1  1    0.0000720   0.0000720   0.0000720   0.0000720   0.0000643   0.0000664   0.0000613   0.0000569   0.0000569   0.0000569   0.0000569   0.0000569
R 0 1  90  0  1  2    0.0000598   0.0000598   0.0000598   0.0000598   0.0000711   0.0000661   0.0000597   0.0000520   0.0000520   0.0000520   0.0000520   0.0000520
R 0 1  90  0  1  3    0.0000824   0.0000824   0.0000824   0.0000824   0.0000542   0.0000572   0.0000553   0.0000484   0.0000484   0.0000484   0.0000484   0.0000484
R 0 1  90  0  1  4    0.0000999   0.0000999   0.0000999   0.0000951   0.0000903   0.0000778   0.0000554   0.0000437   0.0000437   0.0000437   0.0000437   0.0000437
R 0 1  90  0  1  5    0.0001115   0.0001115   0.0000686   0.0000695   0.0000642   0.0000629   0.0000482   0.0000482   0.0000482   0.0000482   0.0000482   0.0000482
R 0 1  90  0  1  6    0.0000586   0.0000586   0.0000586   0.0000690   0.0000612   0.0000573   0.0000532   0.0000236   0.0000236   0.0000236   0.0000236   0.0000236
R 0 1  90  0  1  7    0.0002052   0.0002052   0.0002052   0.0002052   0.0000609   0.0000675   0.0000666   0.0000678   0.0000717   0.0000559   0.0000559   0.0000559
R 0 1  90  0  1  8    0.0000987   0.0000987   0.0000987   0.0000987   0.0000987   0.0000987   0.0000987   0.0001144   0.0001011   0.0000991   0.0000840   0.0000814
R 0 1  90  0  1  9    0.0002702   0.0002702   0.0002702   0.0002702   0.0002702   0.0002702   0.0002141   0.0002007   0.0001776   0.0001537   0.0001185   0.0001185
R 0 1  90  0  1 10    0.0016104   0.0011709   0.0007502   0.0007591   0.0005573   0.0004970   0.0003872   0.0002580   0.0001831   0.0001753   0.0001753   0.0001753
R 0 1  90  0  2  0    0.0000000   0.0000000   0.0000000   0.0000000   0.0000000   0.0000140   0.0000228   0.0000096   0.0000096   0.0000096   0.0000096   0.0000096
R 0 1  90  0  2  1    0.0000000   0.0000000   0.0000000   0.0000000   0.0000000   0.0000189   0.0000084   0.0000156   0.0000156   0.0000156   0.0000156   0.0000156
R 0 1  90  0  2  2    0.0000641   0.0000641   0.0000641   0.0000641   0.0000679   0.0000000   0.0000174   0.0000160   0.0000160   0.0000160   0.0000160   0.0000160
R 0 1  90  0  2  3    0.0000000   0.0000000   0.0000000   0.0000000   0.0000000   0.0000000   0.0000000   0.0000000   0.0000000   0.0000000   0.0000000   0.0000000
R 0 1  90  0  2  4    0.0000000   0.0000000   0.0000000   0.0000000   0.0000000   0.0000000   0.0000000   0.0000070   0.0000070   0.0000070   0.0000070   0.0000070
R 0 1  90  0  2  5    0.0000000   0.0000000   0.0000000   0.0000000   0.0000187   0.0000123   0.0000182   0.0000182   0.0000182   0.0000182   0.0000182   0.0000182
R 0 1  90  0  2  6    0.0000000   0.0000000   0.0000000   0.0000000   0.0000224   0.0000215   0.0000000   0.0000000   0.0000000   0.0000000   0.0000000   0.0000000
R 0 1  90  0  2  7    0.0000000   0.0000000   0.0000000   0.0000000   0.0000944   0.0000000   0.0000000   0.0000100   0.0000000   0.0000000   0.0000000   0.0000000
R 0 1  90  0  2  8    0.0000000   0.0000000   0.0000000   0.0000000   0.0000000   0.0000000   0.0000000   0.0000000   0.0000148   0.0000000   0.0000000   0.0000000
R 0 1  90  0  2  9    0.0000000   0.0000000   0.0000000   0.0000000   0.0000000   0.0000000   0.0001225   0.0000000   0.0000000   0.0000310   0.0000584   0.0000584
R 0 1  90  0  2 10    0.0000000   0.0000000   0.0000000   0.0000000   0.0000000   0.0000000   0.0000612   0.0000899   0.0000000   0.0000000   0.0000000   0.0000000
R 0 1  90  0  3  0    1.0556727   1.0556727   1.0125729   1.0098124   0.9966738   0.9861781   0.9810386   0.9819534   0.9819534   0.9819534   0.9819534   0.9819534
R 0 1  90  0  3  1    1.0288650   1.0288650   1.0288650   1.0288650   0.9986489   0.9802928   0.9790435   0.9797777   0.9797777   0.9797777   0.9797777   0.9797777
R 0 1  90  0  3  2    1.0082998   1.0082998   1.0082998   1.0082998   0.9949289   0.9871950   0.9810047   0.9820677   0.9820677   0.9820677   0.9820677   0.9820677
R 0 1  90  0  3  3    1.0079946   1.0079946   1.0079946   1.0079946   1.0080024   0.9875474   0.9814510   0.9816327   0.9816327   0.9816327   0.9816327   0.9816327
R 0 1  90  0  3  4    1.0221976   1.0221976   1.0221976   0.9812626   0.9840724   0.9724660   0.9783053   0.9892365   0.9892365   0.9892365   0.9892365   0.9892365
R 0 1  90  0  3  5    1.0390483   1.0390483   0.9960793   0.9856465   0.9749513   0.9719265   0.9712268   0.9712268   0.9712268   0.9712268   0.9712268   0.9712268
R 0 1  90  0  3  6    1.0378100   1.0378100   1.0378100   1.0099180   0.9855439   0.9861114   0.9835886   0.9793874   0.9793874   0.9793874   0.9793874   0.9793874
R 0 1  90  0  3  7    1.0436783   1.0436783   1.0436783   1.0436783   1.0285614   0.9937242   0.9889616   0.9869580   0.9878649   0.9839676   0.9839676   0.9839676
R 0 1  90  0  3  8    1.0280217   1.0280217   1.0280217   1.0280217   1.0280217   1.0280217   1.0280217   0.9919550   0.9827574   0.9824006   0.9860838   1.0178542
R 0 1  90  0  3  9    1.0153587   1.0153587   1.0153587   1.0153587   1.0153587   1.0153587   0.9893069   0.9731593   0.9741189   0.9855991   0.9986098   0.9986098
R 0 1  90  0  3 10    1.0557136   1.0272951   1.0384015   0.9900509   0.9709835   0.9685405   0.9688027   0.9708723   1.0008399   1.0056260   1.0056260   1.0056260
R 0 1  90  0  4  0    1.4472051   1.4472051   1.3659728   2.1833254   2.2982988   2.3288057   2.2314414   2.2525622   2.2525622   2.2525622   2.2525622   2.2525622
R 0 1  90  0  4  1    2.0712009   2.0712009   2.0712009   2.0712009   2.2034449   2.1852538   2.2067141   2.2164663   2.2164663   2.2164663   2.2164663   2.2164663
R 0 1  90  0  4  2    1.9118569   1.9118569   1.9118569   1.9118569   2.1704624   2.2724285   2.2267796   2.2711612   2.2711612   2.2711612   2.2711612   2.2711612
R 0 1  90  0  4  3    1.8060458   1.8060458   1.8060458   1.8060458   2.3486080   2.2781305   2.2239901   2.2377016   2.2377016   2.2377016   2.2377016   2.2377016
R 0 1  90  0  4  4    1.9233985   1.9233985   1.9233985   1.9798078   2.1607266   2.0796203   2.1834236   2.3595708   2.3595708   2.3595708   2.3595708   2.3595708
R 0 1  90  0  4  5    1.7596110   1.7596110   2.1065145   2.1732885   2.0897375   2.0786365   2.0090606   2.0090606   2.0090606   2.0090606   2.0090606   2.0090606
R 0 1  90  0  4  6    1.9018537   1.9018537   1.9018537   2.2633500   2.2841101   2.3849435   2.3596403   2.2081765   2.2081765   2.2081765   2.2081765   2.2081765
R 0 1  90  0  4  7    1.6777362   1.6777362   1.6777362   1.6777362   2.2927464   2.3526708   2.3467216   2.3547220   2.4005816   2.3215923   2.3215923   2.3215923
R 0 1  90  0  4  8    2.2955662   2.2955662   2.2955662   2.2955662   2.2955662   2.2955662   2.2955662   2.2430571   2.2125815   2.2365197   2.2926008   2.3569237
R 0 1  90  0  4  9    2.1227827   2.1227827   2.1227827   2.1227827   2.1227827   2.1227827   2.0247328   1.9879737   2.0532958   2.2126058   2.1620604   2.1620604
R 0 1  90  0  4 10    1.9589152   2.2693844   1.9769384   1.8933443   1.9360070   1.9517979   1.9548532   1.9828284   2.0487921   2.0815119   2.0815119   2.0815119
R 0 1  90  0  5  0    9.8508010   9.8508010   7.7717030   2.8452543   3.4989756   3.5925091   4.3119472   4.0482286   4.0482286   4.0482286   4.0482286   4.0482286
R 0 1  90  0  5  1    3.5135272   3.5135272   3.5135272   3.5135272   3.7718256   4.2260729   4.3393838   4.3383355   4.3383355   4.3383355   4.3383355   4.3383355
R 0 1  90  0  5  2    3.9415745   3.9415745   3.9415745   3.9415745   4.4641014   3.8955318   4.2371533   4.0925903   4.0925903   4.0925903   4.0925903   4.0925903
R 0 1  90  0  5  3    4.7774428   4.7774428   4.7774428   4.7774428   3.3028703   3.8812488   4.4681084   4.2677823   4.2677823   4.2677823   4.2677823   4.2677823
R 0 1  90  0  5  4    4.5997325   4.5997325   4.5997325   5.4149356   4.7331433   5.0310324   4.1452457   3.1545612   3.1545612   3.1545612   3.1545612   3.1545612
R 0 1  90  0  5  5    4.2240038   4.2240038   4.5488474   4.6691402   5.3676505   4.5722711   4.1046721   4.1046721   4.1046721   4.1046721   4.1046721   4.1046721
R 0 1  90  0  5  6    3.4400087   3.4400087   3.4400087   3.6708848   3.7127974   2.8195815   2.3357470   2.1540090   2.1540090   2.1540090   2.1540090   2.1540090
R 0 1  90  0  5  7    4.1842889   4.1842889   4.1842889   4.1842889   3.5114895   3.0004700   2.9752435   2.8553189   2.4988076   2.1270036   2.1270036   2.1270036
R 0 1  90  0  5  8    3.3132496   3.3132496   3.3132496   3.3132496   3.3132496   3.3132496   3.3132496   4.3870366   4.7862565   4.5132693   3.5926260   3.3479895
R 0 1  90  0  5  9    4.6717822   4.6717822   4.6717822   4.6717822   4.6717822   4.6717822   6.4883974   7.1289897   6.6417065   5.1682071   6.2784732   6.2784732
R 0 1  90  0  5 10    6.1851632   3.8287349   4.3031725   6.2782963   5.6784005   6.8021976   8.2896669   7.6011620   7.0078073   5.7615060   5.7615060   5.7615060
F  0  1  90  0  0  0    1.0000297   1.0437575   1.0004769   0.9891996   0.9558181   1.0125641   1.0010665   0.9799260   0.9872786   0.9789046   0.9843693
F  0  1  90  1  0  0    1.0652773   1.1004432   1.0560295   1.0428320   1.0511349   1.0780293   1.0798662   1.0534293   1.0428496   1.0613606   1.0820971
C  0  1  90  0  0  0  -0.2619552 -0.1100340 -0.1559953 -0.3480811 -0.3151143 -0.0545596 -0.0716523 -0.1097795 -0.1855375 -0.1947985 -0.3488354 -0.2728180 -0.1630535 -0.3072694 -0.3641932 -0.0167644
C  0  1  90  0  0  1  -0.0872877 -0.1732345 -0.1893705 -0.0477279 -0.0520758 -0.1253742 -0.1733245 -0.1585307 -0.0712413 -0.1916451 -0.0284623 -0.1649634 -0.2428953 -0.1137213 -0.1621124 -0.0441823
C  0  1  90  0  0  2  -0.1616876 -0.0837062 -0.1404442 -0.1000172 -0.0540429 -0.0462859 -0.0283126 -0.0782470  0.0020502 -0.0185841  0.0856040 -0.0206817 -0.1378073 -0.0003989 -0.1124055 -0.1768026
C  0  1  90  0  0  3  -0.0919870 -0.1069425 -0.1924584 -0.0123405  0.1183585 -0.1678438 -0.1252651  0.0090929 -0.0489107 -0.0918450 -0.0575178 -0.1145508 -0.1841276 -0.0654591 -0.1297307  0.0176836
C  0  1  90  0  0  4  -0.1237028 -0.0441343 -0.0514168 -0.0082293 -0.0687211 -0.0548785 -0.1191402 -0.0077353 -0.1128865  0.0104707 -0.1053344 -0.0648765 -0.0856553 -0.1724120 -0.0496932 -0.1597377
C  0  1  90  0  0  5  -0.0683438  0.0249565 -0.0899188  0.0522651 -0.0617317 -0.1840141  0.0412335 -0.0165847  0.1276218  0.0132917  0.0028867 -0.0603830 -0.0187219  0.0658461  0.1256344 -0.0271721
C  0  1  90  0  0  6   0.0148715 -0.0160225  0.1013896  0.0187191 -0.0080068  0.0581115 -0.0090004 -0.0632193  0.0086779 -0.0181345  0.0229811  0.0817758 -0.0890111 -0.0534635 -0.1142938  0.0832424
C  0  1  90  0  0  7  -0.0522862 -0.0314746  0.0104957  0.0718607  0.0252017  0.0809246  0.0686437 -0.0577531 -0.0264903  0.0402750  0.0729114 -0.0610339  0.0013509  0.0015628 -0.0682755  0.0018639
C  0  1  90  0  0  8   0.0250365 -0.0117607 -0.0145492  0.0680868 -0.0230148  0.0474708 -0.0495686 -0.0481071 -0.0216296  0.0377970  0.0843974  0.0208347 -0.0052331 -0.0026541 -0.0728185  0.0247175
C  0  1  90  0  0  9  -0.0910458 -0.0158761 -0.0490653  0.0579033  0.0376868  0.0364008 -0.0114276  0.0038567 -0.0513861  0.0560737  0.0805717  0.0392355  0.0056057  0.0227466  0.0028901  0.0373376
C  0  1  90  0  0 10  -0.0100937 -0.0279031 -0.0343012  0.0177351  0.0854051  0.0245407 -0.0435929 -0.0586656  0.0230653 -0.0319713  0.0174663  0.0334279 -0.0299542 -0.0022891 -0.0453224  0.0615627
C  0  1  90  0  0 11  -0.0321797 -0.0068133 -0.0438296  0.0353291  0.0311652  0.1100676  0.0549238  0.0944042  0.0145303  0.0285817  0.0478762  0.0014451 -0.0408823  0.0706386  0.0091327  0.0646533
C  0  1  90  0  0 12   0.0748817 -0.0492084 -0.0302599 -0.0233518 -0.0634189  0.0592990 -0.0076898 -0.0497719 -0.0042949 -0.0039582  0.0316967 -0.0391889 -0.0132404  0.0023996 -0.0273619  0.0313899
C  0  1  90  0  0 13  -0.0194842 -0.0234012  0.0012301  0.0215757  0.0379341  0.0061405  0.0465143 -0.0146606  0.0525573  0.0553508  0.0648817 -0.0173577 -0.0080012  0.0642836 -0.0014837  0.0067222
C  0  1  90  0  0 14  -0.0731491  0.0929789  0.0126323  0.0088411  0.0541265  0.0484201 -0.0249371 -0.0656169 -0.0371204 -0.0301312  0.0632113 -0.0778883 -0.0084066 -0.0075475  0.0143533 -0.0518128
C  0  1  90  0  0 15   0.0210254  0.0232742  0.0069212 -0.0154200  0.0334634 -0.0812333  0.0033668 -0.0150054  0.0432804  0.0246446 -0.0098027 -0.1324785  0.0083376  0.0853003 -0.0478863 -0.0090175
C  0  1  90  0  0 16   0.0650242  0.0151845 -0.0416257 -0.0254397 -0.0359263 -0.0311272 -0.0649171 -0.0742976 -0.1428547 -0.0135736 -0.0377469 -0.0785737 -0.0755337 -0.0446426 -0.0581232 -0.0353220
C  0  1  90  0  0 17  -0.0960050 -0.0661129 -0.1785283 -0.1538905 -0.1661166  0.0387243 -0.0861065 -0.0870305 -0.0483229 -0.0794388 -0.0301929 -0.0976293 -0.1408764 -0.1380841 -0.0109205  0.0193144
C  0  1  90  0  0 18  -0.1767757 -0.1571951 -0.0184371 -0.0867908 -0.1606252  0.0060299 -0.0415016 -0.0491890 -0.1035685  0.0260994 -0.0129826 -0.1093067 -0.0509934 -0.0720663 -0.1648691 -0.1386695
C  0  1  90  0  0 19  -0.0277571 -0.0065510 -0.1166473 -0.0123618 -0.0893136 -0.0436691 -0.0828945  0.0153397 -0.1006577 -0.0925187  0.0354939 -0.0250908  0.0002176  0.0160809  0.0273349 -0.0972921
C  0  1  90  0  0 20  -0.1313154 -0.0828514 -0.0300868 -0.0696369 -0.1371293 -0.1732951 -0.1699655 -0.1295504 -0.2289492 -0.2150992 -0.0894712 -0.0318173  0.1716329 -0.2569610 -0.1167911 -0.0389247
C  0  1  90  0  0 21  -0.2094486 -0.2114087 -0.2376995 -0.1028386 -0.1926374 -0.1411150 -0.1981118 -0.0934233 -0.2238642  0.1520566 -0.2376186 -0.2601996 -0.3176235 -0.3650200 -0.0801353 -0.2834417
C  0  1  90  0  1  0  -0.0046204  0.0031571 -0.0025503  0.0002273 -0.0040800  0.0040198  0.0051307  0.0018590  0.0012130 -0.0004365 -0.0032982  0.0049926  0.0047173  0.0023036  0.0072260  0.0082427
C  0  1  90  0  1  1   0.0002972  0.0028418 -0.0017136 -0.0009997 -0.0005628 -0.0019043  0.0068799  0.0007842  0.0031445  0.0007351 -0.0033328 -0.0016884  0.0038983  0.0038287  0.0028166  0.0001057
C  0  1  90  0  1  2   0.0019603 -0.0006167 -0.0017773  0.0000769 -0.0022858  0.0012414 -0.0014371 -0.0005536 -0.0005485  0.0022753 -0.0009455 -0.0017406  0.0021664 -0.0023812  0.0015087 -0.0015646
C  0  1  90  0  1  3   0.0048468 -0.0009605  0.0013537 -0.0003860 -0.0001348  0.0012928  0.0013274 -0.0001563 -0.0017502 -0.0014052 -0.0005553 -0.0019534  0.0006374 -0.0034700  0.0008953  0.0028195
C  0  1  90  0  1  4   0.0012723  0.0003910  0.0000493  0.0034149  0.0024310 -0.0027783  0.0018957  0.0003688  0.0008905  0.0016885 -0.0018810  0.0003694  0.0020068 -0.0017213 -0.0009706 -0.0023077
C  0  1  90  0  1  5   0.0037648 -0.0002239 -0.0021315  0.0018249  0.0017639 -0.0014916 -0.0019323  0.0009452  0.0007234  0.0014005  0.0030383 -0.0026402 -0.0010801  0.0009768  0.0009439 -0.0012313
C  0  1  90  0  1  6   0.0026369  0.0008410  0.0004320  0.0000199  0.0029376  0.0007279 -0.0018090  0.0012106  0.0020904  0.0001813  0.0007178 -0.0000498  0.0010530 -0.0026857  0.0013106 -0.0012417
C  0  1  90  0  1  7   0.0019917  0.0005705  0.0023041 -0.0011228  0.0011514 -0.0003428  0.0012242  0.0010366  0.0013426 -0.0010270  0.0002164  0.0002995  0.0007716  0.0007072  0.0007807  0.0017887
C  0  1  90  0  1  8   0.0009261  0.0008607  0.0001909 -0.0001472  0.0005534  0.0018730  0.0009712 -0.0002891  0.0009792  0.0013817 -0.0002341 -0.0006285 -0.0011226  0.0011056  0.0001779  0.0017729
C  0  1  90  0  1  9  -0.0010153  0.0017654  0.0030984 -0.0001088  0.0003286  0.0009703  0.0012998  0.0007582 -0.0011788 -0.0020088 -0.0026505 -0.0003725  0.0008067 -0.0000945 -0.0011628  0.0000662
C  0  1  90  0  1 10   0.0003642  0.0007851  0.0014532  0.0022634  0.0027678 -0.0015113  0.0007639 -0.0006905 -0.0024989 -0.0014252  0.0015234 -0.0013206 -0.0012084  0.0002335 -0.0003784  0.0026484
C  0  1  90  0  1 11   0.0005017  0.0018362  0.0003634 -0.0019963 -0.0000172  0.0007561 -0.0013906 -0.0012480 -0.0023293 -0.0003568  0.0001098 -0.0001174  0.0013762 -0.0004830 -0.0003648 -0.0003720
C  0  1  90  0  1 12  -0.0007342  0.0002333  0.0011643 -0.0010294 -0.0009201 -0.0015339  0.0015072 -0.0010569  0.0010761  0.0015510 -0.0012537  0.0044940 -0.0018379  0.0000448 -0.0005846  0.0017974
C  0  1  90  0  1 13   0.0031003 -0.0022496  0.0002774  0.0010814  0.0018069  0.0011663  0.0009399  0.0002471 -0.0014365 -0.0017952  0.0001928 -0.0016492 -0.0005651  0.0004696  0.0000953  0.0020826
C  0  1  90  0  1 14   0.0002735 -0.0003687  0.0013131  0.0009632  0.0004142  0.0028908  0.0004525  0.0004089 -0.0001413  0.0027257  0.0001185  0.0011047  0.0015428 -0.0004625 -0.0010106  0.0023032
C  0  1  90  0  1 15   0.0007601 -0.0005440 -0.0005506  0.0003937  0.0005680  0.0019108  0.0005955 -0.0013930  0.0008139 -0.0019766  0.0000250  0.0022109 -0.0015160  0.0003552  0.0008286  0.0006474
C  0  1  90  0  1 16   0.0039903  0.0038675  0.0018530  0.0042490 -0.0021512  0.0014154  0.0010776 -0.0005751  0.0032922 -0.0003028  0.0000537  0.0013972 -0.0008738  0.0012513  0.0022893  0.0010476
C  0  1  90  0  1 17   0.0010488  0.0006581 -0.0014377  0.0025862  0.0012167  0.0019592  0.0003530  0.0017702  0.0011374  0.0038801  0.0026443 -0.0020901 -0.0002606 -0.0012925  0.0055112  0.0035809
C  0  1  90  0  1 18   0.0052999  0.0047147  0.0029187  0.0012791  0.0006973  0.0030927  0.0044053  0.0008878 -0.0014519  0.0009419  0.0034481  0.0015838  0.0005615  0.0012607  0.0049433  0.0044746
C  0  1  90  0  1 19   0.0033566  0.0021008  0.0041731  0.0035353  0.0015231  0.0008736  0.0023478  0.0018295  0.0017998  0.0048991  0.0021880  0.0000964  0.0025062  0.0019075  0.0024834  0.0064971
C  0  1  90  0  1 20   0.0081060  0.0050765  0.0057393  0.0066419  0.0012648  0.0055483  0.0026220  0.0047590  0.0027631  0.0014339 -0.0003518 -0.0015193  0.0048545  0.0034491  0.0061050  0.0076687
C  0  1  90  0  1 21   0.0132989  0.0116675  0.0107520  0.0022497 -0.0052131 -0.0051889 -0.0084546 -0.0018789 -0.0008925 -0.0050155 -0.0005748  0.0012384  0.0019380  0.0057564  0.0084313  0.0100127
C  0  1  90  1  0  0  -0.4971247 -0.3567091 -0.4036106 -0.3916964 -0.2451155 -0.4065172 -0.3378488 -0.2915723 -0.3229670 -0.3100661 -0.3325856 -0.5012681 -0.4371542 -0.4535535 -0.4915390 -0.5160357
C  0  1  90  1  0  1  -0.2963075 -0.3573504 -0.3136708 -0.3103300 -0.2944268 -0.3198777 -0.2836913 -0.2789085 -0.2771376 -0.2711764 -0.3649223 -0.3125507 -0.3605594 -0.3889632 -0.3561140 -0.3228779
C  0  1  90  1  0  2  -0.2801148 -0.3577944 -0.2339325 -0.2907562 -0.2940423 -0.2389921 -0.2644119 -0.2891067 -0.1911418 -0.1973184 -0.3054396 -0.2582564 -0.3214905 -0.3680727 -0.2530384 -0.3149617
C  0  1  90  1  0  3  -0.3239332 -0.3059731 -0.3011047 -0.2803809 -0.2899949 -0.2225609 -0.1902856 -0.1894827 -0.1622292 -0.2182547 -0.2731052 -0.3380698 -0.2868920 -0.2943488 -0.3346332 -0.2866788
C  0  1  90  1  0  4  -0.2666135 -0.2469424 -0.2941516 -0.2592408 -0.2750756 -0.2380203 -0.2625290 -0.2395728 -0.2855552 -0.1830954 -0.2104076 -0.2930148 -0.2792619 -0.2763350 -0.3118590 -0.3268459
C  0  1  90  1  0  5  -0.2180808 -0.1687783 -0.2318706 -0.1616029 -0.1554778 -0.1020249 -0.1856287 -0.1678444 -0.1141033 -0.1391689 -0.1555965 -0.2069892 -0.2052861 -0.1237651 -0.2060382 -0.1850325
C  0  1  90  1  0  6  -0.1475461 -0.1276644 -0.1847304 -0.1742447 -0.1261906 -0.1613494 -0.1271481 -0.0960260 -0.1257784 -0.0687030 -0.1444801 -0.0985592 -0.1178179 -0.1237463 -0.1572232 -0.1744093
C  0  1  90  1  0  7  -0.1806472 -0.1641751 -0.1513723 -0.1235594 -0.1597006 -0.1794545 -0.1521864 -0.1180227 -0.1377660 -0.0812327 -0.1151639 -0.1599329 -0.0984498 -0.1447748 -0.1141283 -0.1308648
C  0  1  90  1  0  8  -0.2112227 -0.0854892 -0.1430512 -0.1540018 -0.1651993 -0.1561632 -0.1455235 -0.1571250 -0.1522430 -0.0798319 -0.1126629 -0.1557737 -0.1287250 -0.1638875 -0.1522391 -0.1265711
C  0  1  90  1  0  9  -0.1292671 -0.1438917 -0.0819153 -0.1247129 -0.1200081 -0.1290680 -0.1189258 -0.1463985 -0.0918051 -0.1122298 -0.0418758 -0.1622560 -0.1319071 -0.0885245 -0.1099999 -0.1159304
C  0  1  90  1  0 10  -0.1234431 -0.1396180 -0.1134647 -0.1334420 -0.1187984 -0.1493380 -0.1093361 -0.1198481 -0.0843464 -0.0924018 -0.1312293 -0.1227188 -0.1142558 -0.1522181 -0.1248316 -0.1313122
C  0  1  90  1  0 11  -0.1284296 -0.1010143 -0.1430987 -0.0832716 -0.0787426 -0.1104451 -0.1169864 -0.1199186 -0.1343561 -0.0756644 -0.1287366 -0.1169241 -0.0811944 -0.1181626 -0.0655924 -0.1067865
C  0  1  90  1  0 12  -0.1004186 -0.1186357 -0.1265204 -0.0959679 -0.1449465 -0.0984481 -0.1232455 -0.1840632 -0.1248261 -0.1155290 -0.1122038 -0.0768270 -0.0647469 -0.0932714 -0.0920654 -0.1122176
C  0  1  90  1  0 13  -0.1079145 -0.1501148 -0.1652723 -0.1547969 -0.1251422 -0.1430464 -0.1564185 -0.1437999 -0.1186294 -0.0837694 -0.1556796 -0.1327640 -0.1567228 -0.1281796 -0.1615868 -0.1396581
C  0  1  90  1  0 14  -0.1193174 -0.1675095 -0.1472077 -0.1283253 -0.2053677 -0.1558100 -0.1290238 -0.1911102 -0.1420060 -0.1347441 -0.1118477 -0.1134010 -0.1426639 -0.1087551 -0.1250130 -0.1854489
C  0  1  90  1  0 15  -0.1465836 -0.1967838 -0.1409600 -0.0994652 -0.1621064 -0.1570167 -0.1440885 -0.1754737 -0.1589902 -0.1046975 -0.0617937 -0.1562261 -0.1352313 -0.0684966 -0.0701070 -0.1415431
C  0  1  90  1  0 16  -0.1841528 -0.1619644 -0.1518399 -0.1241791 -0.2194514 -0.1784709 -0.2183130 -0.2124873 -0.1622391 -0.2071907 -0.1253051 -0.1558535 -0.1902242 -0.1530064 -0.1228376 -0.0867899
C  0  1  90  1  0 17  -0.2809089 -0.2815607 -0.1762382 -0.2584640 -0.2416785 -0.2969902 -0.2666297 -0.2562533 -0.2061537 -0.2441368 -0.2430571 -0.1564947 -0.1842795 -0.3484549 -0.2306042 -0.2926860
C  0  1  90  1  0 18  -0.2993599 -0.2868475 -0.2422468 -0.2856517 -0.2715784 -0.2576643 -0.3199088 -0.2565704 -0.2350513 -0.2800172 -0.2537868 -0.2943217 -0.2793821 -0.1884155 -0.2181766 -0.2666876
C  0  1  90  1  0 19  -0.2668097 -0.2890134 -0.3182923 -0.3454687 -0.3138568 -0.2861891 -0.2762107 -0.2078085 -0.2532805 -0.2414896 -0.1902273 -0.2563630 -0.2416800 -0.2388020 -0.2427979 -0.2125696
C  0  1  90  1  0 20  -0.3470300 -0.3251634 -0.3370139 -0.3458505 -0.3911599 -0.2164685 -0.2601972 -0.3576126 -0.4017263 -0.3274051 -0.3277366 -0.2649737 -0.3757284 -0.2939452 -0.3059126 -0.3110400
C  0  1  90  1  0 21  -0.4229299 -0.4008563 -0.3573255 -0.3915102 -0.3730091 -0.3027879 -0.2655456 -0.2937694 -0.4023287 -0.3549871 -0.3643320 -0.3879235 -0.3840745 -0.2932426 -0.4388479 -0.4724625
C  0  1  90  1  1  0   0.0465847  0.0495006  0.0385604  0.0234728  0.0011689 -0.0199704 -0.0320182 -0.0427457 -0.0470760 -0.0374141 -0.0326677 -0.0176293  0.0049519  0.0062651  0.0255805  0.0371556
C  0  1  90  1  1  1   0.0252930  0.0208772  0.0170537  0.0094150  0.0023159 -0.0074030 -0.0145495 -0.0176547 -0.0180369 -0.0158750 -0.0156078 -0.0071167  0.0042616  0.0083943  0.0117650  0.0224455
C  0  1  90  1  1  2   0.0124704  0.0134896  0.0081245  0.0056856  0.0011294 -0.0036275 -0.0081157 -0.0075143 -0.0085596 -0.0067404 -0.0051583 -0.0027955  0.0009159  0.0042688  0.0052097  0.0112835
C  0  1  90  1  1  3   0.0084479  0.0064037  0.0020281  0.0042676  0.0014423  0.0007447 -0.0035232 -0.0013225  0.0020051  0.0014560 -0.0020452 -0.0004249  0.0021382  0.0030264  0.0028732  0.0066525
C  0  1  90  1  1  4   0.0012117  0.0015548  0.0001972  0.0006358  0.0029314  0.0022612  0.0004861  0.0018295  0.0042205  0.0023449 -0.0001326 -0.0004830  0.0023229  0.0013735  0.0040941  0.0027194
C  0  1  90  1  1  5   0.0021800 -0.0003828  0.0004322  0.0033578  0.0033980  0.0032874  0.0029969  0.0038521  0.0051286  0.0028929 -0.0014549 -0.0009727  0.0014687  0.0031840  0.0023176 -0.0009930
C  0  1  90  1  1  6   0.0020297  0.0014964  0.0006605  0.0039079  0.0046389  0.0044611  0.0042584  0.0056598  0.0040001  0.0008616  0.0001053  0.0010383  0.0005307  0.0008345  0.0004827 -0.0008463
C  0  1  90  1  1  7  -0.0006385  0.0020672  0.0019431  0.0041293  0.0042454  0.0038591  0.0065658  0.0037102  0.0031367  0.0012713 -0.0006977 -0.0003639  0.0016908  0.0014480  0.0015459 -0.0009566
C  0  1  90  1  1  8  -0.0000827  0.0002145  0.0022880  0.0015149  0.0050932  0.0041110  0.0050233  0.0048660  0.0059058  0.0013108  0.0001986  0.0006142  0.0015852  0.0014450  0.0009159 -0.0019078
C  0  1  90  1  1  9   0.0010131  0.0020204  0.0017933  0.0026616  0.0026900  0.0028129  0.0036261  0.0028903  0.0024972 -0.0006502  0.0016756  0.0009399  0.0016677 -0.0003224 -0.0002263 -0.0019514
C  0  1  90  1  1 10  -0.0001573  0.0017490  0.0020314  0.0013807  0.0022067  0.0011324  0.0024594  0.0018930  0.0026093 -0.0002001 -0.0003557 -0.0001925 -0.0012971  0.0006146  0.0009222 -0.0009326
C  0  1  90  1  1 11   0.0006698  0.0012331  0.0020386  0.0018390  0.0022055  0.0006659  0.0007911  0.0016579  0.0025247  0.0017751 -0.0015073 -0.0001338 -0.0001066 -0.0002622  0.0004538 -0.0016898
C  0  1  90  1  1 12   0.0000320  0.0012306  0.0027225  0.0036336  0.0019538  0.0009524  0.0005491  0.0025860  0.0043118  0.0011914  0.0016427  0.0012297  0.0007416 -0.0008307  0.0011506 -0.0015165
C  0  1  90  1  1 13  -0.0004662  0.0019020  0.0027916  0.0030969  0.0024443  0.0024911  0.0043255  0.0054078  0.0046405  0.0008698  0.0012324 -0.0007801 -0.0009767 -0.0022299 -0.0000576 -0.0021190
C  0  1  90  1  1 14  -0.0008957  0.0006114  0.0018230  0.0046978  0.0037361  0.0032609  0.0039894  0.0062213  0.0057117  0.0027483  0.0011054 -0.0008808 -0.0014472 -0.0014222 -0.0023203 -0.0017864
C  0  1  90  1  1 15  -0.0021290  0.0000398  0.0027285  0.0040699  0.0032364 -0.0005324  0.0024908  0.0035306  0.0073697  0.0023546  0.0017339 -0.0001636 -0.0027484 -0.0060995 -0.0061227 -0.0053171
C  0  1  90  1  1 16  -0.0011066  0.0007901  0.0029769  0.0049182  0.0023169  0.0003399  0.0033377  0.0042392  0.0035343  0.0073054  0.0025513  0.0026962 -0.0016792 -0.0017565 -0.0051306 -0.0050265
C  0  1  90  1  1 17  -0.0027388  0.0020644  0.0006862  0.0051004  0.0016000 -0.0025024  0.0022999  0.0039492  0.0042531  0.0046284  0.0041875  0.0009635 -0.0015814 -0.0050172 -0.0046109 -0.0045696
C  0  1  90  1  1 18   0.0018123  0.0078550  0.0063405  0.0076499  0.0045496 -0.0000486 -0.0007401  0.0003459  0.0042466  0.0049853  0.0025339  0.0015489 -0.0015736 -0.0037488 -0.0043764 -0.0035712
C  0  1  90  1  1 19   0.0023413  0.0081072  0.0119628  0.0111503  0.0061934  0.0020893 -0.0018356 -0.0002585  0.0039360  0.0057259  0.0024402  0.0006285 -0.0021258 -0.0043110 -0.0051998 -0.0027120
C  0  1  90  1  1 20   0.0008594  0.0142500  0.0176874  0.0132793  0.0050837  0.0037048 -0.0021447 -0.0014356  0.0018674  0.0070421  0.0016203 -0.0029841 -0.0061545 -0.0081681 -0.0058176 -0.0049475
C  0  1  90  1  1 21   0.0095165  0.0211430  0.0323510  0.0222377  0.0164513  0.0171635  0.0112351  0.0126250  0.0113017  0.0124757  0.0020992 -0.0021025 -0.0080324 -0.0161852 -0.0110685 -0.0004943
