CPHI 16 
CETA 22 -2.40 -2.10 -1.85 -1.60 -1.40 -1.20 -1.00 -0.80 -0.60 -0.40 -0.20  0.00  0.20  0.40  0.60  0.80  1.00  1.20  1.40  1.60  1.85  2.10  2.40 
RMIN  6 
RTRK 12 
RETA 11  0.00  0.20  0.40  0.60  0.80  1.00  1.20  1.40  1.60  1.85  2.10  2.40 
T 0 1  91  0  0  0    0.0000000   0.0006153   0.0017046   0.0032276   0.0123897   0.0691744   0.2786256   0.6536855   1.0000000   1.0000000   1.0000000   1.0000000   1.0000000
T 0 1  91  0  0  1    0.0000000   0.0001299   0.0005411   0.0023791   0.0124518   0.0593937   0.2265126   0.5891458   1.0000000   1.0000000   1.0000000   1.0000000   1.0000000
T 0 1  91  0  0  2    0.0000000   0.0001390   0.0005590   0.0017773   0.0109003   0.0555564   0.2092590   0.5731640   1.0000000   1.0000000   1.0000000   1.0000000   1.0000000
T 0 1  91  0  0  3    0.0000000   0.0001881   0.0006000   0.0017371   0.0117074   0.0627847   0.2260346   0.5872715   1.0000000   1.0000000   1.0000000   1.0000000   1.0000000
T 0 1  91  0  0  4    0.0000000   0.0003964   0.0026050   0.0143245   0.0629621   0.2047335   0.4892865   0.8223201   1.0000000   1.0000000   1.0000000   1.0000000   1.0000000
T 0 1  91  0  0  5    0.0000000   0.0009433   0.0073647   0.0512574   0.2050941   0.5317759   0.8757964   0.9994040   1.0000000   1.0000000   1.0000000   1.0000000   1.0000000
T 0 1  91  0  0  6    0.0000000   0.0003244   0.0012555   0.0102594   0.0674000   0.2770939   0.6628226   0.9306986   0.9980987   1.0000000   1.0000000   1.0000000   1.0000000
T 0 1  91  0  0  7    0.0000000   0.0000649   0.0003841   0.0008859   0.0048600   0.0305788   0.1184278   0.2977399   0.5807708   0.8691439   0.9842115   0.9998850   1.0000000
T 0 1  91  0  0  8    0.0000000   0.0000007   0.0000308   0.0001198   0.0003714   0.0009975   0.0042476   0.0252798   0.1198818   0.3940044   0.7889327   0.9691837   1.0000000
T 0 1  91  0  0  9    0.0000000   0.0000089   0.0000159   0.0000436   0.0005680   0.0035533   0.0182637   0.0867725   0.3021550   0.6587123   0.9385435   0.9999151   1.0000000
T 0 1  91  0  0 10    0.0000000   0.0066889   0.0290080   0.0465053   0.0796211   0.1691849   0.3378090   0.6901937   0.9105429   0.9702845   0.9998371   1.0000000   1.0000000
T 0 1  91  1  0  0    0.0000000   0.0005148   0.0016399   0.0047460   0.0213440   0.1017716   0.3374237   0.6994022   1.0000000   1.0000000   1.0000000   1.0000000   1.0000000
T 0 1  91  1  0  1    0.0000000   0.0002633   0.0010891   0.0042307   0.0181163   0.0752157   0.2537985   0.6193956   1.0000000   1.0000000   1.0000000   1.0000000   1.0000000
T 0 1  91  1  0  2    0.0000000   0.0002194   0.0008486   0.0027728   0.0124455   0.0616642   0.2339277   0.6064318   1.0000000   1.0000000   1.0000000   1.0000000   1.0000000
T 0 1  91  1  0  3    0.0000000   0.0002283   0.0008669   0.0027852   0.0140251   0.0700545   0.2491207   0.6198491   1.0000000   1.0000000   1.0000000   1.0000000   1.0000000
T 0 1  91  1  0  4    0.0000000   0.0004356   0.0027620   0.0153929   0.0663357   0.2155446   0.5058694   0.8320271   1.0000000   1.0000000   1.0000000   1.0000000   1.0000000
T 0 1  91  1  0  5    0.0000000   0.0011873   0.0094478   0.0577925   0.2246261   0.5586818   0.8900123   0.9996500   1.0000000   1.0000000   1.0000000   1.0000000   1.0000000
T 0 1  91  1  0  6    0.0000000   0.0004626   0.0026649   0.0180020   0.0942133   0.3329130   0.7236541   0.9536823   0.9988141   0.9999984   1.0000000   1.0000000   1.0000000
T 0 1  91  1  0  7    0.0000000   0.0002246   0.0006446   0.0024765   0.0123245   0.0526267   0.1570011   0.3413836   0.6074237   0.8728054   0.9849908   0.9998878   1.0000000
T 0 1  91  1  0  8    0.0000000   0.0009562   0.0014955   0.0017998   0.0022382   0.0036136   0.0107994   0.0452511   0.1686405   0.4573475   0.8251665   0.9710661   1.0000000
T 0 1  91  1  0  9    0.0000000   0.0021003   0.0074838   0.0131257   0.0159362   0.0198461   0.0401951   0.1288935   0.3661962   0.7154288   0.9583841   0.9999941   1.0000000
T 0 1  91  1  0 10    0.0000000   0.0032254   0.0170235   0.0428863   0.0843736   0.1746921   0.3942474   0.7474223   0.9511020   0.9856143   0.9999985   1.0000000   1.0000000
R 0 1  91  0  0  0    0.0221763   0.0221763   0.0123187   0.0102558   0.0103578   0.0102144   0.0100052   0.0098200   0.0098200   0.0098200   0.0098200   0.0098200
R 0 1  91  0  0  1    0.0119886   0.0119886   0.0119886   0.0119886   0.0110477   0.0109442   0.0109810   0.0108300   0.0108300   0.0108300   0.0108300   0.0108300
R 0 1  91  0  0  2    0.0123882   0.0123882   0.0123882   0.0123882   0.0121057   0.0119984   0.0118824   0.0116896   0.0116896   0.0116896   0.0116896   0.0116896
R 0 1  91  0  0  3    0.0136226   0.0136226   0.0136226   0.0136226   0.0127550   0.0125751   0.0124189   0.0122419   0.0122419   0.0122419   0.0122419   0.0122419
R 0 1  91  0  0  4    0.0188108   0.0188108   0.0188108   0.0173405   0.0168852   0.0158603   0.0144293   0.0130041   0.0130041   0.0130041   0.0130041   0.0130041
R 0 1  91  0  0  5    0.0201102   0.0201102   0.0192446   0.0190783   0.0187166   0.0180333   0.0169088   0.0169088   0.0169088   0.0169088   0.0169088   0.0169088
R 0 1  91  0  0  6    0.0204601   0.0204601   0.0204601   0.0206467   0.0207983   0.0207386   0.0207501   0.0206164   0.0206164   0.0206164   0.0206164   0.0206164
R 0 1  91  0  0  7    0.0206757   0.0206757   0.0206757   0.0206757   0.0204177   0.0212593   0.0211806   0.0209862   0.0205394   0.0197339   0.0197339   0.0197339
R 0 1  91  0  0  8    0.0211807   0.0211807   0.0211807   0.0211807   0.0211807   0.0211807   0.0211807   0.0209465   0.0209483   0.0209623   0.0201816   0.0186241
R 0 1  91  0  0  9    0.0310653   0.0310653   0.0310653   0.0310653   0.0310653   0.0310653   0.0299044   0.0287979   0.0274233   0.0264751   0.0248306   0.0248306
R 0 1  91  0  0 10    0.0804819   0.0709759   0.0606789   0.0534654   0.0471207   0.0442933   0.0410458   0.0354493   0.0338001   0.0307635   0.0307635   0.0307635
R 0 1  91  0  1  0    0.0000000   0.0000000   0.0000000   0.0000651   0.0000817   0.0000821   0.0000712   0.0000631   0.0000631   0.0000631   0.0000631   0.0000631
R 0 1  91  0  1  1    0.0000837   0.0000837   0.0000837   0.0000837   0.0000615   0.0000711   0.0000639   0.0000550   0.0000550   0.0000550   0.0000550   0.0000550
R 0 1  91  0  1  2    0.0000586   0.0000586   0.0000586   0.0000586   0.0000686   0.0000653   0.0000629   0.0000531   0.0000531   0.0000531   0.0000531   0.0000531
R 0 1  91  0  1  3    0.0000736   0.0000736   0.0000736   0.0000736   0.0000734   0.0000593   0.0000584   0.0000493   0.0000493   0.0000493   0.0000493   0.0000493
R 0 1  91  0  1  4    0.0001624   0.0001624   0.0001624   0.0000983   0.0000850   0.0000741   0.0000548   0.0000419   0.0000419   0.0000419   0.0000419   0.0000419
R 0 1  91  0  1  5    0.0001844   0.0001844   0.0000647   0.0000769   0.0000618   0.0000587   0.0000440   0.0000440   0.0000440   0.0000440   0.0000440   0.0000440
R 0 1  91  0  1  6    0.0000546   0.0000546   0.0000546   0.0000535   0.0000589   0.0000553   0.0000559   0.0000256   0.0000256   0.0000256   0.0000256   0.0000256
R 0 1  91  0  1  7    0.0000440   0.0000440   0.0000440   0.0000440   0.0000794   0.0000746   0.0000693   0.0000721   0.0000714   0.0000484   0.0000484   0.0000484
R 0 1  91  0  1  8    0.0000996   0.0000996   0.0000996   0.0000996   0.0000996   0.0000996   0.0000996   0.0000964   0.0001016   0.0001007   0.0000843   0.0000611
R 0 1  91  0  1  9    0.0002432   0.0002432   0.0002432   0.0002432   0.0002432   0.0002432   0.0002266   0.0002041   0.0001824   0.0001499   0.0001237   0.0001237
R 0 1  91  0  1 10    0.0014096   0.0011650   0.0008024   0.0007939   0.0005776   0.0004930   0.0003837   0.0002583   0.0001670   0.0001574   0.0001574   0.0001574
R 0 1  91  0  2  0    0.0000000   0.0000000   0.0000000   0.0000000   0.0000000   0.0000000   0.0000156   0.0000071   0.0000071   0.0000071   0.0000071   0.0000071
R 0 1  91  0  2  1    0.0000000   0.0000000   0.0000000   0.0000000   0.0000000   0.0000120   0.0000120   0.0000114   0.0000114   0.0000114   0.0000114   0.0000114
R 0 1  91  0  2  2    0.0000770   0.0000770   0.0000770   0.0000770   0.0000653   0.0000174   0.0000119   0.0000143   0.0000143   0.0000143   0.0000143   0.0000143
R 0 1  91  0  2  3    0.0000000   0.0000000   0.0000000   0.0000000   0.0000000   0.0000103   0.0000000   0.0000075   0.0000075   0.0000075   0.0000075   0.0000075
R 0 1  91  0  2  4    0.0000000   0.0000000   0.0000000   0.0000000   0.0000000   0.0000126   0.0000157   0.0000189   0.0000189   0.0000189   0.0000189   0.0000189
R 0 1  91  0  2  5    0.0000000   0.0000000   0.0000000   0.0000000   0.0000327   0.0000000   0.0000000   0.0000000   0.0000000   0.0000000   0.0000000   0.0000000
R 0 1  91  0  2  6    0.0000000   0.0000000   0.0000000   0.0000000   0.0000000   0.0000000   0.0000000   0.0000000   0.0000000   0.0000000   0.0000000   0.0000000
R 0 1  91  0  2  7    0.0000000   0.0000000   0.0000000   0.0000000   0.0001475   0.0000000   0.0000163   0.0000000   0.0000000   0.0000000   0.0000000   0.0000000
R 0 1  91  0  2  8    0.0000000   0.0000000   0.0000000   0.0000000   0.0000000   0.0000000   0.0000000   0.0000000   0.0000000   0.0000208   0.0000000   0.0000000
R 0 1  91  0  2  9    0.0000000   0.0000000   0.0000000   0.0000000   0.0000000   0.0000000   0.0000000   0.0000484   0.0000272   0.0000000   0.0000000   0.0000000
R 0 1  91  0  2 10    0.0000000   0.0000000   0.0000000   0.0000000   0.0000000   0.0000000   0.0000000   0.0000521   0.0000000   0.0000000   0.0000000   0.0000000
R 0 1  91  0  3  0    1.1804279   1.1804279   1.0359302   1.0405582   0.9927534   0.9831088   0.9817842   0.9834120   0.9834120   0.9834120   0.9834120   0.9834120
R 0 1  91  0  3  1    1.0188582   1.0188582   1.0188582   1.0188582   0.9938559   0.9824318   0.9786277   0.9793831   0.9793831   0.9793831   0.9793831   0.9793831
R 0 1  91  0  3  2    1.0199073   1.0199073   1.0199073   1.0199073   0.9976123   0.9857433   0.9817046   0.9801625   0.9801625   0.9801625   0.9801625   0.9801625
R 0 1  91  0  3  3    1.0015381   1.0015381   1.0015381   1.0015381   1.0017926   0.9868160   0.9813605   0.9812210   0.9812210   0.9812210   0.9812210   0.9812210
R 0 1  91  0  3  4    1.0295900   1.0295900   1.0295900   0.9909750   0.9780417   0.9732773   0.9766862   0.9908200   0.9908200   0.9908200   0.9908200   0.9908200
R 0 1  91  0  3  5    1.0371806   1.0371806   1.0016231   0.9848164   0.9736375   0.9738704   0.9740644   0.9740644   0.9740644   0.9740644   0.9740644   0.9740644
R 0 1  91  0  3  6    1.0269446   1.0269446   1.0269446   0.9905963   0.9866918   0.9846584   0.9829082   0.9869206   0.9869206   0.9869206   0.9869206   0.9869206
R 0 1  91  0  3  7    1.0920170   1.0920170   1.0920170   1.0920170   1.0377972   1.0002146   0.9929977   0.9844018   0.9895747   0.9867695   0.9867695   0.9867695
R 0 1  91  0  3  8    1.0170258   1.0170258   1.0170258   1.0170258   1.0170258   1.0170258   1.0170258   0.9929900   0.9849444   0.9857847   0.9891617   1.0207342
R 0 1  91  0  3  9    1.0082033   1.0082033   1.0082033   1.0082033   1.0082033   1.0082033   0.9921316   0.9774738   0.9733590   0.9858061   0.9996008   0.9996008
R 0 1  91  0  3 10    1.0360071   1.0383898   1.0208621   0.9928886   0.9804183   0.9722100   0.9671104   0.9699296   1.0016698   1.0125945   1.0125945   1.0125945
R 0 1  91  0  4  0    1.5189533   1.5189533   1.4528167   2.0788720   2.2213773   2.2666208   2.2465003   2.2660775   2.2660775   2.2660775   2.2660775   2.2660775
R 0 1  91  0  4  1    2.1059268   2.1059268   2.1059268   2.1059268   2.1504037   2.1980813   2.1912316   2.2108372   2.2108372   2.2108372   2.2108372   2.2108372
R 0 1  91  0  4  2    1.9327080   1.9327080   1.9327080   1.9327080   2.2317497   2.2397572   2.2422892   2.2163240   2.2163240   2.2163240   2.2163240   2.2163240
R 0 1  91  0  4  3    1.8195211   1.8195211   1.8195211   1.8195211   2.2731020   2.2463486   2.2190044   2.2281903   2.2281903   2.2281903   2.2281903   2.2281903
R 0 1  91  0  4  4    1.8003685   1.8003685   1.8003685   2.0139758   2.0988841   2.0710482   2.1786610   2.3412113   2.3412113   2.3412113   2.3412113   2.3412113
R 0 1  91  0  4  5    1.8071864   1.8071864   2.0804136   2.1560400   2.0715064   2.0947193   2.0326995   2.0326995   2.0326995   2.0326995   2.0326995   2.0326995
R 0 1  91  0  4  6    1.9158500   1.9158500   1.9158500   2.1591989   2.2883527   2.3510053   2.3164959   2.2814878   2.2814878   2.2814878   2.2814878   2.2814878
R 0 1  91  0  4  7    1.7016104   1.7016104   1.7016104   1.7016104   2.1965479   2.4072602   2.3823133   2.3168335   2.4041587   2.3491150   2.3491150   2.3491150
R 0 1  91  0  4  8    2.2754005   2.2754005   2.2754005   2.2754005   2.2754005   2.2754005   2.2754005   2.2335133   2.2314380   2.3085842   2.2823294   2.1882431
R 0 1  91  0  4  9    1.9471486   1.9471486   1.9471486   1.9471486   1.9471486   1.9471486   2.0428764   2.0888784   2.0403128   2.2261752   2.1583265   2.1583265
R 0 1  91  0  4 10    2.0041988   2.2653704   1.9349923   1.8708571   2.0110685   1.9766060   1.9542358   1.9483391   2.1221964   2.0157892   2.0157892   2.0157892
R 0 1  91  0  5  0    7.2436200   7.2436200   6.8089271   3.6069037   3.7058450   3.8895316   4.2092826   3.9632719   3.9632719   3.9632719   3.9632719   3.9632719
R 0 1  91  0  5  1    3.2453419   3.2453419   3.2453419   3.2453419   3.8259933   4.2440238   4.4985083   4.2727486   4.2727486   4.2727486   4.2727486   4.2727486
R 0 1  91  0  5  2    3.8620431   3.8620431   3.8620431   3.8620431   4.0275721   4.1637817   4.1091243   4.4000834   4.4000834   4.4000834   4.4000834   4.4000834
R 0 1  91  0  5  3    4.7367866   4.7367866   4.7367866   4.7367866   3.7635947   4.2606105   4.3441783   4.3630780   4.3630780   4.3630780   4.3630780   4.3630780
R 0 1  91  0  5  4    6.4054617   6.4054617   6.4054617   5.3404664   5.0437549   5.1522590   4.0303781   3.2545508   3.2545508   3.2545508   3.2545508   3.2545508
R 0 1  91  0  5  5    4.4189939   4.4189939   4.6745771   4.6638258   5.5884883   4.5791414   3.9365526   3.9365526   3.9365526   3.9365526   3.9365526   3.9365526
R 0 1  91  0  5  6    3.1986064   3.1986064   3.1986064   4.1431556   3.6695460   2.9602706   2.4598884   2.0018558   2.0018558   2.0018558   2.0018558   2.0018558
R 0 1  91  0  5  7    4.8234833   4.8234833   4.8234833   4.8234833   4.0823218   2.8767109   2.7697157   3.0607864   2.5415307   2.0618468   2.0618468   2.0618468
R 0 1  91  0  5  8    3.5745188   3.5745188   3.5745188   3.5745188   3.5745188   3.5745188   3.5745188   4.3455462   4.6365708   4.1475425   3.6769647   4.7504779
R 0 1  91  0  5  9    5.9477859   5.9477859   5.9477859   5.9477859   5.9477859   5.9477859   6.8246607   5.8178235   6.7925902   5.2209468   5.9588915   5.9588915
R 0 1  91  0  5 10    6.1634255   3.7164179   4.7682793   5.8208049   5.0547591   6.6646144   7.9018486   8.5622717   5.9744166   7.1649938   7.1649938   7.1649938
F  0  1  91  0  0  0    1.0276731   1.0419050   0.9952499   0.9852445   0.9632151   0.9922016   0.9946742   0.9901406   0.9982801   0.9852604   0.9832828
F  0  1  91  1  0  0    1.0698728   1.0801393   1.0457286   1.0382627   1.0572777   1.0728853   1.0744400   1.0644053   1.0476849   1.0703278   1.0857812
C  0  1  91  0  0  0  -0.3940687  0.0249266 -0.2404303 -0.3646456 -0.2971262 -0.2870324 -0.1680663 -0.2030464 -0.3695631 -0.1619284 -0.2214078 -0.1544474 -0.3491958 -0.3025069 -0.3299815 -0.0225792
C  0  1  91  0  0  1   0.0146372 -0.0967501 -0.1280834 -0.0687015 -0.1343214 -0.1767252 -0.0937570 -0.1385827 -0.1056322 -0.0815722  0.0440256 -0.1097617 -0.2162675 -0.1453319 -0.1763969 -0.1714400
C  0  1  91  0  0  2  -0.0989247 -0.1733398 -0.1258780 -0.0920075  0.0832640 -0.0253494 -0.0645052 -0.1127145 -0.0742410 -0.1589404 -0.0469994 -0.0097110 -0.1964873 -0.0386043 -0.0398082 -0.0930582
C  0  1  91  0  0  3  -0.1540430 -0.1355292 -0.1606814 -0.0139856  0.1264296 -0.0542958 -0.0033190 -0.0119184 -0.0732858  0.0533952 -0.1148104 -0.0934826 -0.2146999 -0.1683348 -0.0391958 -0.0063185
C  0  1  91  0  0  4  -0.1101531 -0.0926596 -0.0224850 -0.0158838 -0.0575420 -0.0869761 -0.0192953 -0.0776035 -0.0454682 -0.0088644  0.0540572 -0.0375322 -0.1977614 -0.1746010 -0.0616852 -0.1118783
C  0  1  91  0  0  5  -0.0360412  0.0220721 -0.0740865  0.1386966 -0.0020199 -0.0615802  0.0248190  0.0220180  0.0613748  0.0125012 -0.0136473  0.0642975 -0.0731065  0.0437717  0.0372222 -0.0246460
C  0  1  91  0  0  6  -0.0139606  0.0527650  0.0270216  0.0216774  0.0025527  0.0292747 -0.0700414 -0.0883817  0.0718715 -0.0163076  0.0164619 -0.0347556 -0.0370471 -0.0520080 -0.0628052 -0.0213692
C  0  1  91  0  0  7   0.0002836 -0.1024843  0.0061370  0.0181248  0.0393379  0.0433382  0.0331731 -0.0440000 -0.0401403  0.0158100  0.0775491 -0.0179557 -0.0070400  0.0435681 -0.0190605  0.0680019
C  0  1  91  0  0  8  -0.0056195  0.0536062 -0.0093783  0.0323795 -0.0016497  0.0411308 -0.0049030 -0.0530850  0.0155654  0.0313643 -0.0310034  0.0123959  0.0039073  0.0244666 -0.0754053  0.0415032
C  0  1  91  0  0  9  -0.0527959 -0.0006771  0.0176278  0.0672196 -0.0097494  0.0759029  0.0046638  0.0544095 -0.0642624  0.0375199  0.0075606  0.0386114 -0.0381822  0.0811196  0.0086061 -0.0149370
C  0  1  91  0  0 10  -0.0546692 -0.0602352  0.0335730  0.0092016 -0.0390942 -0.0036622  0.0535277 -0.0425448  0.0124801 -0.0813808  0.0407521 -0.0182539 -0.0277075  0.0390699  0.0064473  0.0182773
C  0  1  91  0  0 11  -0.0698191 -0.0189858 -0.0865801  0.0552553  0.0459177  0.0744933  0.0826506  0.0458184  0.0164496  0.0053875 -0.0044358  0.0042793  0.0324684  0.0767413  0.0137434  0.0605389
C  0  1  91  0  0 12   0.1011710 -0.0448614 -0.0719364  0.0259847  0.0488439  0.0060186 -0.0279640  0.0480915 -0.0190188  0.0573604 -0.0092939  0.0279758 -0.0709503 -0.0556756 -0.0476875  0.0093678
C  0  1  91  0  0 13  -0.0061462 -0.0913302 -0.0005825 -0.0118916  0.0259929 -0.0604186  0.0114643 -0.0312363 -0.0042170  0.0838265  0.0467507  0.0567230 -0.0221155  0.0375687 -0.0287280  0.0083510
C  0  1  91  0  0 14   0.0071330  0.0225129 -0.0336541 -0.0018543 -0.0559816  0.0419091 -0.0215684 -0.0379860 -0.0096859 -0.0015804  0.1248111 -0.0918714  0.0679226 -0.0652183 -0.0468250 -0.0571122
C  0  1  91  0  0 15  -0.0519578 -0.0884490 -0.0196823  0.0190534  0.1142701 -0.0126367  0.0183593 -0.0060694 -0.0442299  0.0777802  0.0261850 -0.0921424  0.0128629  0.0083954 -0.0299517  0.0029914
C  0  1  91  0  0 16   0.0614783  0.0746318 -0.0967876 -0.1009381  0.0680898 -0.1122863 -0.0838303 -0.0661375 -0.0412556  0.1043300 -0.0343585 -0.0429730 -0.0823882  0.0397021 -0.0928317  0.0361952
C  0  1  91  0  0 17  -0.1077445 -0.1527103 -0.1390938 -0.1288085 -0.0709700  0.0034589 -0.0566340 -0.0653586 -0.0071276 -0.0907230 -0.0032417 -0.0160666  0.0128451 -0.2011385 -0.0695883 -0.0243293
C  0  1  91  0  0 18  -0.1311396 -0.0390769  0.0507353 -0.0634325 -0.1885832 -0.0613858 -0.0562677 -0.0367866 -0.0425846 -0.0371216 -0.0129777 -0.1195763 -0.0638568 -0.0204724 -0.0537916 -0.1022264
C  0  1  91  0  0 19   0.0238874 -0.1348982 -0.2249899 -0.0360234 -0.1193033 -0.0107904 -0.1163148 -0.0095841 -0.1466545 -0.1008632 -0.1188323 -0.1189748 -0.0484231 -0.0257227 -0.0875112 -0.0738619
C  0  1  91  0  0 20  -0.0879386 -0.0457105 -0.0258745 -0.0749125 -0.2170388 -0.1970153 -0.2043419 -0.1783574 -0.1262586 -0.1574494 -0.1236513 -0.0064161 -0.1532211 -0.2918660 -0.0661002 -0.1078040
C  0  1  91  0  0 21  -0.0864321 -0.2293530 -0.4632642 -0.2919562 -0.0912944 -0.1813871 -0.3723212 -0.1413013 -0.3088457  0.0410341 -0.1951376 -0.2076610 -0.3834513 -0.4186678 -0.2984862  0.0141299
C  0  1  91  0  1  0  -0.0002984  0.0016037 -0.0016568 -0.0010440 -0.0028673  0.0006734  0.0007154  0.0026404  0.0000890 -0.0005970 -0.0026942  0.0043131  0.0087270 -0.0002370  0.0074614  0.0067688
C  0  1  91  0  1  1  -0.0009191  0.0024608 -0.0010463 -0.0017549 -0.0013703 -0.0036686  0.0039257  0.0012337  0.0014527 -0.0016477 -0.0046919 -0.0018256  0.0023403  0.0056087  0.0003173  0.0017232
C  0  1  91  0  1  2   0.0027986 -0.0013139 -0.0006100  0.0015428 -0.0010882  0.0020030 -0.0004424 -0.0000436 -0.0021543  0.0040718 -0.0016105 -0.0011231  0.0018915 -0.0007790 -0.0017736  0.0010679
C  0  1  91  0  1  3   0.0024130 -0.0014648  0.0009203  0.0017674  0.0001190  0.0015791  0.0011758 -0.0013817 -0.0011150 -0.0010644  0.0014544 -0.0020606  0.0025316  0.0023148  0.0019350  0.0032047
C  0  1  91  0  1  4   0.0037767 -0.0001680  0.0000284  0.0029759 -0.0018144 -0.0005147  0.0005896 -0.0016690  0.0002050  0.0009156 -0.0006449  0.0013667  0.0019527 -0.0003701 -0.0013827 -0.0008949
C  0  1  91  0  1  5   0.0022276  0.0006780 -0.0011515  0.0008718 -0.0000036 -0.0003884 -0.0002138  0.0002620  0.0004268  0.0021691  0.0024662  0.0003140 -0.0007072 -0.0001180  0.0003287 -0.0004847
C  0  1  91  0  1  6   0.0028929  0.0016506 -0.0004705  0.0009093  0.0007352 -0.0002141 -0.0019196  0.0013944  0.0029197 -0.0013155 -0.0009344  0.0003510 -0.0018019 -0.0020467  0.0018767 -0.0009276
C  0  1  91  0  1  7   0.0020581 -0.0001732  0.0006147  0.0021276  0.0026879  0.0017135 -0.0009563  0.0006347  0.0024272 -0.0002582  0.0028231  0.0006963  0.0006452  0.0009693  0.0004807  0.0000574
C  0  1  91  0  1  8   0.0018987  0.0013004  0.0002462  0.0016998  0.0020219  0.0024619  0.0011049 -0.0005329  0.0024701  0.0006394  0.0026549 -0.0017810 -0.0010314  0.0014319  0.0004612  0.0006115
C  0  1  91  0  1  9  -0.0015657  0.0000198  0.0016397  0.0001426  0.0022260 -0.0002978 -0.0001349  0.0005325 -0.0006631 -0.0015174 -0.0013176 -0.0001122  0.0004041  0.0004241 -0.0001890  0.0018296
C  0  1  91  0  1 10   0.0021788 -0.0000892  0.0026360  0.0028155  0.0020545  0.0001172  0.0020770 -0.0001761 -0.0018357 -0.0016953  0.0007201 -0.0013428 -0.0014673 -0.0002321  0.0000855  0.0010816
C  0  1  91  0  1 11   0.0012373  0.0012420  0.0021421  0.0014694  0.0017112 -0.0004507 -0.0027089 -0.0016541 -0.0028877  0.0000609 -0.0004211 -0.0002101  0.0009263 -0.0013147 -0.0004455 -0.0019044
C  0  1  91  0  1 12  -0.0000758  0.0004094  0.0017947 -0.0004262  0.0017992  0.0006066  0.0016307 -0.0006946  0.0014095  0.0007531 -0.0007174  0.0013134  0.0003744  0.0000118 -0.0000458  0.0031277
C  0  1  91  0  1 13   0.0034737  0.0003464  0.0005066  0.0027305  0.0030348  0.0009064 -0.0000241  0.0008365 -0.0006327 -0.0008158 -0.0001480 -0.0018702 -0.0002139  0.0022849  0.0006890  0.0020472
C  0  1  91  0  1 14   0.0008063  0.0007666  0.0022958  0.0017659  0.0025347  0.0002977 -0.0020300  0.0010506  0.0011810  0.0004975  0.0004923  0.0018244  0.0013265  0.0014878 -0.0019081  0.0013190
C  0  1  91  0  1 15   0.0018320  0.0008303 -0.0001262  0.0012082  0.0016840  0.0022115  0.0018618 -0.0007183  0.0002344 -0.0010406 -0.0004430  0.0008141  0.0013421  0.0017207 -0.0010718  0.0005690
C  0  1  91  0  1 16   0.0019808  0.0029986  0.0007107  0.0002498  0.0003038  0.0036748 -0.0000442 -0.0003306  0.0013434  0.0000618  0.0012831  0.0009073 -0.0023727 -0.0005702  0.0014844  0.0031537
C  0  1  91  0  1 17   0.0002280 -0.0027081  0.0007848  0.0067431  0.0035372  0.0041744  0.0013085  0.0018630 -0.0011195  0.0050506  0.0016038  0.0001654  0.0025944 -0.0007859  0.0050456  0.0041062
C  0  1  91  0  1 18   0.0064602  0.0042379 -0.0006114  0.0012452  0.0000594  0.0042868  0.0036321  0.0010099 -0.0006657  0.0008823  0.0037125  0.0036395  0.0009036  0.0023198  0.0060627  0.0078089
C  0  1  91  0  1 19   0.0031265  0.0035948  0.0032219  0.0039548 -0.0008425  0.0015085  0.0042026  0.0017883  0.0036058  0.0017104  0.0016687 -0.0000406  0.0032860  0.0007492  0.0050820  0.0031954
C  0  1  91  0  1 20   0.0038272  0.0079870  0.0034590  0.0030903  0.0018197  0.0065930  0.0016580  0.0047245  0.0017407  0.0008660  0.0007430 -0.0022174  0.0038619  0.0040105  0.0085701  0.0087453
C  0  1  91  0  1 21   0.0089101  0.0125304  0.0051799 -0.0000238 -0.0007777 -0.0023406 -0.0116007  0.0011938 -0.0037017 -0.0034801  0.0027336  0.0073954  0.0032511  0.0070596  0.0093936  0.0044585
C  0  1  91  1  0  0  -0.4962595 -0.3136781 -0.3320180 -0.3502675 -0.2325352 -0.3499212 -0.3766811 -0.3255363 -0.3009934 -0.3366688 -0.3824764 -0.4327991 -0.4555755 -0.3945069 -0.4568516 -0.4759796
C  0  1  91  1  0  1  -0.2589569 -0.3183274 -0.2137831 -0.3351310 -0.3619834 -0.2403533 -0.2900160 -0.2453498 -0.2773950 -0.2664190 -0.2962317 -0.3385982 -0.3481793 -0.3758055 -0.2982463 -0.3317252
C  0  1  91  1  0  2  -0.3567921 -0.3084799 -0.2700753 -0.2983029 -0.2544949 -0.2605558 -0.2476642 -0.2762137 -0.2377736 -0.2517303 -0.2874183 -0.3563687 -0.3205119 -0.3727871 -0.3302569 -0.3456328
C  0  1  91  1  0  3  -0.3080766 -0.3006474 -0.2819154 -0.2647225 -0.2488082 -0.1905157 -0.1841968 -0.1293179 -0.1750551 -0.2370398 -0.2162325 -0.2868391 -0.2655300 -0.3165843 -0.2721235 -0.2483262
C  0  1  91  1  0  4  -0.2724947 -0.2423809 -0.2893500 -0.2224249 -0.2253168 -0.2022891 -0.2705671 -0.2264266 -0.2222048 -0.1911359 -0.2049377 -0.2750548 -0.3581517 -0.2406692 -0.2479050 -0.2915398
C  0  1  91  1  0  5  -0.2077000 -0.1426169 -0.1922655 -0.1438448 -0.1271081 -0.0973815 -0.1729896 -0.1713060 -0.1462039 -0.1736647 -0.1373489 -0.1938603 -0.2152061 -0.1514428 -0.1701739 -0.2061845
C  0  1  91  1  0  6  -0.1783738 -0.1328589 -0.1775206 -0.1470938 -0.1443737 -0.1151298 -0.1512472 -0.1473250 -0.1626144 -0.1184534 -0.0667980 -0.1487544 -0.1238957 -0.1147009 -0.1775003 -0.1665057
C  0  1  91  1  0  7  -0.1175546 -0.1426019 -0.1518471 -0.1315714 -0.1176498 -0.1717678 -0.1664590 -0.1203320 -0.1545159 -0.0988790 -0.0820074 -0.1404858 -0.1670924 -0.1450233 -0.1356914 -0.1328955
C  0  1  91  1  0  8  -0.2214869 -0.1239545 -0.1671380 -0.1632653 -0.1815605 -0.1825031 -0.1618132 -0.1621754 -0.1378619 -0.1344858 -0.1362405 -0.1680037 -0.1272240 -0.1944131 -0.1441062 -0.1419254
C  0  1  91  1  0  9  -0.1312827 -0.1102438 -0.0962154 -0.1071753 -0.1124372 -0.0959152 -0.0969773 -0.1703658 -0.1166348 -0.0839946 -0.0462704 -0.1469906 -0.1611793 -0.0998118 -0.1367523 -0.1078614
C  0  1  91  1  0 10  -0.1249971 -0.0939512 -0.1261796 -0.1359420 -0.1317615 -0.1358527 -0.1339791 -0.0947083 -0.0764908 -0.1448498 -0.1249615 -0.1580021 -0.1050449 -0.1202958 -0.1115177 -0.1312835
C  0  1  91  1  0 11  -0.1369201 -0.1192025 -0.1639649 -0.1012491 -0.1258687 -0.1081024 -0.1160783 -0.0749104 -0.1523878 -0.0708345 -0.0915502 -0.1012387 -0.1191832 -0.1269959 -0.0912406 -0.1403418
C  0  1  91  1  0 12  -0.0958000 -0.0925450 -0.1436991 -0.0956320 -0.1496974 -0.1099841 -0.1222500 -0.1699843 -0.1422887 -0.0607568 -0.1173119 -0.0865448 -0.0980446 -0.1652244 -0.1093040 -0.1204019
C  0  1  91  1  0 13  -0.1243616 -0.1657647 -0.1743890 -0.1132639 -0.1601535 -0.1583486 -0.1536833 -0.1688476 -0.1358464 -0.1371480 -0.1650125 -0.1614011 -0.1538009 -0.1450717 -0.1790703 -0.1290161
C  0  1  91  1  0 14  -0.1440147 -0.1530787 -0.1425170 -0.1596930 -0.1675576 -0.1526591 -0.1596917 -0.1940909 -0.1496442 -0.1376956 -0.0936810 -0.1485724 -0.1218723 -0.1189012 -0.1300006 -0.1452052
C  0  1  91  1  0 15  -0.0977253 -0.1970756 -0.1763076 -0.1568098 -0.1356780 -0.1295721 -0.1624400 -0.1635232 -0.1703242 -0.1728028 -0.1352329 -0.2048970 -0.1686912 -0.0905651 -0.0970700 -0.1263607
C  0  1  91  1  0 16  -0.1502986 -0.1212531 -0.1360186 -0.1331172 -0.1324327 -0.1147395 -0.1872580 -0.2093086 -0.1637008 -0.1762677 -0.1266380 -0.1460545 -0.1661705 -0.1119969 -0.1248386 -0.0728517
C  0  1  91  1  0 17  -0.2300276 -0.2318313 -0.1435060 -0.2386461 -0.2023835 -0.2363158 -0.2269631 -0.2616529 -0.2375294 -0.2838309 -0.2509362 -0.2397509 -0.2005097 -0.2983360 -0.2105375 -0.2202456
C  0  1  91  1  0 18  -0.2585658 -0.2270094 -0.3384273 -0.2265846 -0.2897721 -0.2199900 -0.2819112 -0.2195665 -0.2782966 -0.2731737 -0.2656943 -0.2633972 -0.2990360 -0.1883599 -0.2033412 -0.2396721
C  0  1  91  1  0 19  -0.2737140 -0.2878793 -0.2763847 -0.3144288 -0.2924073 -0.2840746 -0.2454411 -0.2112080 -0.2784156 -0.2560315 -0.2335948 -0.3268435 -0.2538574 -0.2712576 -0.2826226 -0.2892717
C  0  1  91  1  0 20  -0.3031646 -0.2957647 -0.3640344 -0.2490301 -0.2810429 -0.2337033 -0.2964704 -0.3157503 -0.3638211 -0.2982391 -0.3500931 -0.2661324 -0.3505391 -0.2787817 -0.2328579 -0.3078007
C  0  1  91  1  0 21  -0.3724234 -0.3668973 -0.3206924 -0.2912980 -0.2891039 -0.3359368 -0.3219104 -0.3848177 -0.4149649 -0.3589429 -0.3124419 -0.3732084 -0.3814727 -0.4421304 -0.3258370 -0.3514106
C  0  1  91  1  1  0   0.0460554  0.0508567  0.0391630  0.0235878  0.0019600 -0.0191617 -0.0338685 -0.0425725 -0.0463720 -0.0355080 -0.0317542 -0.0172084  0.0042665  0.0072094  0.0250145  0.0382303
C  0  1  91  1  1  1   0.0257306  0.0222209  0.0186599  0.0123972  0.0029063 -0.0059837 -0.0146581 -0.0181870 -0.0175655 -0.0141379 -0.0155035 -0.0056579  0.0042564  0.0103342  0.0121856  0.0236562
C  0  1  91  1  1  2   0.0131100  0.0131278  0.0101106  0.0051982  0.0029018 -0.0026339 -0.0067991 -0.0081487 -0.0082383 -0.0045511 -0.0055263 -0.0030422  0.0012728  0.0038882  0.0052849  0.0120663
C  0  1  91  1  1  3   0.0069339  0.0073410  0.0033930  0.0042421  0.0019495  0.0013506 -0.0038898 -0.0008169  0.0014359  0.0010417 -0.0017765  0.0004074  0.0025405  0.0029072  0.0035029  0.0060227
C  0  1  91  1  1  4   0.0024630  0.0032260  0.0018073  0.0013663  0.0041054  0.0037639  0.0014543  0.0010380  0.0057305  0.0028069 -0.0009912  0.0004296  0.0030332  0.0018970  0.0044681  0.0029138
C  0  1  91  1  1  5   0.0024550 -0.0002183 -0.0001885  0.0037284  0.0039890  0.0027976  0.0039815  0.0049128  0.0045468  0.0034600 -0.0002840 -0.0011489  0.0025267  0.0032709  0.0021128 -0.0001092
C  0  1  91  1  1  6   0.0009729  0.0023631  0.0012922  0.0039415  0.0049013  0.0045616  0.0040554  0.0052308  0.0045974  0.0012254  0.0008185  0.0005766  0.0028125  0.0015463  0.0008510  0.0003731
C  0  1  91  1  1  7  -0.0002331  0.0026047  0.0024217  0.0046243  0.0052101  0.0045536  0.0065643  0.0039312  0.0046574  0.0018254  0.0001341  0.0002672  0.0022508  0.0015602  0.0014975 -0.0012205
C  0  1  91  1  1  8  -0.0001417  0.0014803  0.0025399  0.0032444  0.0045107  0.0036134  0.0045471  0.0051622  0.0063314  0.0016335  0.0005563 -0.0001049  0.0023068  0.0014116  0.0020584 -0.0001983
C  0  1  91  1  1  9   0.0014697  0.0027536  0.0013893  0.0035095  0.0037224  0.0038558  0.0051646  0.0039453  0.0032192 -0.0004802  0.0010396  0.0008465  0.0025888 -0.0005436  0.0011423 -0.0009269
C  0  1  91  1  1 10   0.0003913  0.0022765  0.0018721  0.0019011  0.0025739  0.0024765  0.0027748  0.0027679  0.0033788 -0.0003247 -0.0005695  0.0007566 -0.0001406  0.0001362  0.0019445 -0.0004749
C  0  1  91  1  1 11  -0.0000632  0.0023222  0.0015625  0.0024400  0.0025128 -0.0003731  0.0018105  0.0029623  0.0026635  0.0019806 -0.0016576 -0.0002512  0.0009871 -0.0001430  0.0007504 -0.0015924
C  0  1  91  1  1 12   0.0010948  0.0015483  0.0032333  0.0044544  0.0035921  0.0018067  0.0018111  0.0035871  0.0041184  0.0020303  0.0020199  0.0012459  0.0009948 -0.0002690  0.0012063 -0.0007128
C  0  1  91  1  1 13   0.0007384  0.0027789  0.0034358  0.0033875  0.0029230  0.0031694  0.0044843  0.0054352  0.0050928  0.0020529  0.0014365  0.0005756 -0.0002682 -0.0018429  0.0009474 -0.0015745
C  0  1  91  1  1 14   0.0002581  0.0003771  0.0024613  0.0039275  0.0036285  0.0027496  0.0042125  0.0062489  0.0057827  0.0021975  0.0022901 -0.0006342 -0.0023328 -0.0016715 -0.0016100 -0.0017224
C  0  1  91  1  1 15  -0.0011634  0.0006924  0.0027019  0.0044236  0.0032339 -0.0008313  0.0021920  0.0029650  0.0057711  0.0028965  0.0016149  0.0016208 -0.0025448 -0.0047228 -0.0057056 -0.0052286
C  0  1  91  1  1 16  -0.0015767  0.0009944  0.0032250  0.0051698  0.0024887  0.0013223  0.0032590  0.0034469  0.0045192  0.0070225  0.0029811  0.0035617 -0.0008256 -0.0010110 -0.0050744 -0.0057716
C  0  1  91  1  1 17  -0.0023487  0.0031049  0.0020833  0.0064421  0.0032973 -0.0013186  0.0014338  0.0049311  0.0036947  0.0043866  0.0040094  0.0020736 -0.0006771 -0.0039515 -0.0050183 -0.0047316
C  0  1  91  1  1 18   0.0004055  0.0076952  0.0059087  0.0080171  0.0053416 -0.0000801 -0.0015182  0.0009790  0.0033443  0.0047302  0.0012539  0.0015353 -0.0006771 -0.0039286 -0.0038981 -0.0026033
C  0  1  91  1  1 19   0.0018197  0.0093346  0.0128169  0.0113980  0.0069868  0.0023207 -0.0024396 -0.0000397  0.0042229  0.0052864  0.0022225  0.0001279 -0.0025209 -0.0056917 -0.0041896 -0.0012271
C  0  1  91  1  1 20   0.0009425  0.0164477  0.0175418  0.0120259  0.0061834  0.0034478 -0.0012106 -0.0000198  0.0010878  0.0059091  0.0027095 -0.0016341 -0.0057292 -0.0073331 -0.0052418 -0.0032092
C  0  1  91  1  1 21   0.0087147  0.0218376  0.0307694  0.0233041  0.0186311  0.0169076  0.0111390  0.0117683  0.0111709  0.0130422  0.0017039 -0.0032745 -0.0075373 -0.0175472 -0.0078116 -0.0001032
