CPHI 16 
CETA 22 -2.40 -2.10 -1.85 -1.60 -1.40 -1.20 -1.00 -0.80 -0.60 -0.40 -0.20  0.00  0.20  0.40  0.60  0.80  1.00  1.20  1.40  1.60  1.85  2.10  2.40 
RMIN  6 
RTRK 12 
RETA 11  0.00  0.20  0.40  0.60  0.80  1.00  1.20  1.40  1.60  1.85  2.10  2.40 
T 0 1  92  0  0  0    0.0000000   0.0006092   0.0017053   0.0031782   0.0124015   0.0695857   0.2785240   0.6543813   1.0000000   1.0000000   1.0000000   1.0000000   1.0000000
T 0 1  92  0  0  1    0.0000000   0.0001163   0.0005276   0.0024077   0.0123960   0.0589697   0.2269971   0.5888117   1.0000000   1.0000000   1.0000000   1.0000000   1.0000000
T 0 1  92  0  0  2    0.0000000   0.0001426   0.0005424   0.0017631   0.0107311   0.0552042   0.2090096   0.5733921   1.0000000   1.0000000   1.0000000   1.0000000   1.0000000
T 0 1  92  0  0  3    0.0000000   0.0001955   0.0005838   0.0017481   0.0116576   0.0628319   0.2257391   0.5863156   1.0000000   1.0000000   1.0000000   1.0000000   1.0000000
T 0 1  92  0  0  4    0.0000000   0.0004132   0.0025011   0.0142891   0.0632764   0.2049702   0.4896515   0.8229572   1.0000000   1.0000000   1.0000000   1.0000000   1.0000000
T 0 1  92  0  0  5    0.0000000   0.0009696   0.0074056   0.0514557   0.2047999   0.5323907   0.8762218   0.9994120   1.0000000   1.0000000   1.0000000   1.0000000   1.0000000
T 0 1  92  0  0  6    0.0000000   0.0002609   0.0011414   0.0102005   0.0674392   0.2773728   0.6631130   0.9307709   0.9981352   0.9999994   1.0000000   1.0000000   1.0000000
T 0 1  92  0  0  7    0.0000000   0.0000624   0.0004067   0.0009177   0.0047713   0.0308471   0.1193053   0.2980001   0.5815798   0.8698372   0.9841396   0.9998583   1.0000000
T 0 1  92  0  0  8    0.0000000   0.0000012   0.0000297   0.0001044   0.0004111   0.0010153   0.0041422   0.0249452   0.1191884   0.3930325   0.7889120   0.9692345   1.0000000
T 0 1  92  0  0  9    0.0000000   0.0000016   0.0000045   0.0000269   0.0005346   0.0035169   0.0182664   0.0857134   0.3012499   0.6583687   0.9385673   0.9999374   1.0000000
T 0 1  92  0  0 10    0.0000000   0.0067328   0.0290645   0.0464844   0.0795079   0.1686514   0.3380030   0.6908104   0.9112652   0.9705584   0.9998296   1.0000000   1.0000000
T 0 1  92  1  0  0    0.0000000   0.0005148   0.0016399   0.0047460   0.0213440   0.1017716   0.3374237   0.6994022   1.0000000   1.0000000   1.0000000   1.0000000   1.0000000
T 0 1  92  1  0  1    0.0000000   0.0002633   0.0010891   0.0042307   0.0181163   0.0752157   0.2537985   0.6193956   1.0000000   1.0000000   1.0000000   1.0000000   1.0000000
T 0 1  92  1  0  2    0.0000000   0.0002194   0.0008486   0.0027728   0.0124455   0.0616642   0.2339277   0.6064318   1.0000000   1.0000000   1.0000000   1.0000000   1.0000000
T 0 1  92  1  0  3    0.0000000   0.0002283   0.0008669   0.0027852   0.0140251   0.0700545   0.2491207   0.6198491   1.0000000   1.0000000   1.0000000   1.0000000   1.0000000
T 0 1  92  1  0  4    0.0000000   0.0004356   0.0027620   0.0153929   0.0663357   0.2155446   0.5058694   0.8320271   1.0000000   1.0000000   1.0000000   1.0000000   1.0000000
T 0 1  92  1  0  5    0.0000000   0.0011873   0.0094478   0.0577925   0.2246261   0.5586818   0.8900123   0.9996500   1.0000000   1.0000000   1.0000000   1.0000000   1.0000000
T 0 1  92  1  0  6    0.0000000   0.0004626   0.0026649   0.0180020   0.0942133   0.3329130   0.7236541   0.9536823   0.9988141   0.9999984   1.0000000   1.0000000   1.0000000
T 0 1  92  1  0  7    0.0000000   0.0002246   0.0006446   0.0024765   0.0123245   0.0526267   0.1570011   0.3413836   0.6074237   0.8728054   0.9849908   0.9998878   1.0000000
T 0 1  92  1  0  8    0.0000000   0.0009562   0.0014955   0.0017998   0.0022382   0.0036136   0.0107994   0.0452511   0.1686405   0.4573475   0.8251665   0.9710661   1.0000000
T 0 1  92  1  0  9    0.0000000   0.0021003   0.0074838   0.0131257   0.0159362   0.0198461   0.0401951   0.1288935   0.3661962   0.7154288   0.9583841   0.9999941   1.0000000
T 0 1  92  1  0 10    0.0000000   0.0032254   0.0170235   0.0428863   0.0843736   0.1746921   0.3942474   0.7474223   0.9511020   0.9856143   0.9999985   1.0000000   1.0000000
R 0 1  92  0  0  0    0.0231098   0.0231098   0.0120913   0.0104109   0.0103357   0.0102206   0.0100031   0.0098577   0.0098577   0.0098577   0.0098577   0.0098577
R 0 1  92  0  0  1    0.0118565   0.0118565   0.0118565   0.0118565   0.0109297   0.0108939   0.0109698   0.0108406   0.0108406   0.0108406   0.0108406   0.0108406
R 0 1  92  0  0  2    0.0128222   0.0128222   0.0128222   0.0128222   0.0120240   0.0119744   0.0118656   0.0116854   0.0116854   0.0116854   0.0116854   0.0116854
R 0 1  92  0  0  3    0.0134052   0.0134052   0.0134052   0.0134052   0.0126193   0.0125705   0.0123758   0.0122310   0.0122310   0.0122310   0.0122310   0.0122310
R 0 1  92  0  0  4    0.0188333   0.0188333   0.0188333   0.0174191   0.0168881   0.0159246   0.0145113   0.0131232   0.0131232   0.0131232   0.0131232   0.0131232
R 0 1  92  0  0  5    0.0211048   0.0211048   0.0193168   0.0190707   0.0188148   0.0180705   0.0168924   0.0168924   0.0168924   0.0168924   0.0168924   0.0168924
R 0 1  92  0  0  6    0.0202400   0.0202400   0.0202400   0.0203449   0.0207814   0.0207159   0.0208037   0.0207084   0.0207084   0.0207084   0.0207084   0.0207084
R 0 1  92  0  0  7    0.0217624   0.0217624   0.0217624   0.0217624   0.0205598   0.0210894   0.0212472   0.0209591   0.0205745   0.0197470   0.0197470   0.0197470
R 0 1  92  0  0  8    0.0212095   0.0212095   0.0212095   0.0212095   0.0212095   0.0212095   0.0212095   0.0208787   0.0210312   0.0209533   0.0202783   0.0186166
R 0 1  92  0  0  9    0.0313688   0.0313688   0.0313688   0.0313688   0.0313688   0.0313688   0.0298287   0.0288464   0.0274352   0.0263431   0.0249350   0.0249350
R 0 1  92  0  0 10    0.0789699   0.0725845   0.0607876   0.0536182   0.0471784   0.0441253   0.0409199   0.0355699   0.0335218   0.0302292   0.0302292   0.0302292
R 0 1  92  0  1  0    0.0000000   0.0000000   0.0000000   0.0000975   0.0000821   0.0000841   0.0000726   0.0000660   0.0000660   0.0000660   0.0000660   0.0000660
R 0 1  92  0  1  1    0.0000788   0.0000788   0.0000788   0.0000788   0.0000604   0.0000711   0.0000635   0.0000545   0.0000545   0.0000545   0.0000545   0.0000545
R 0 1  92  0  1  2    0.0000750   0.0000750   0.0000750   0.0000750   0.0000731   0.0000670   0.0000589   0.0000525   0.0000525   0.0000525   0.0000525   0.0000525
R 0 1  92  0  1  3    0.0000777   0.0000777   0.0000777   0.0000777   0.0000583   0.0000616   0.0000551   0.0000475   0.0000475   0.0000475   0.0000475   0.0000475
R 0 1  92  0  1  4    0.0000998   0.0000998   0.0000998   0.0000941   0.0000924   0.0000756   0.0000532   0.0000432   0.0000432   0.0000432   0.0000432   0.0000432
R 0 1  92  0  1  5    0.0001416   0.0001416   0.0000830   0.0000725   0.0000716   0.0000576   0.0000419   0.0000419   0.0000419   0.0000419   0.0000419   0.0000419
R 0 1  92  0  1  6    0.0000477   0.0000477   0.0000477   0.0000463   0.0000660   0.0000600   0.0000498   0.0000411   0.0000411   0.0000411   0.0000411   0.0000411
R 0 1  92  0  1  7    0.0001048   0.0001048   0.0001048   0.0001048   0.0000917   0.0000546   0.0000753   0.0000707   0.0000688   0.0000545   0.0000545   0.0000545
R 0 1  92  0  1  8    0.0001209   0.0001209   0.0001209   0.0001209   0.0001209   0.0001209   0.0001209   0.0000963   0.0001083   0.0000998   0.0000813   0.0000744
R 0 1  92  0  1  9    0.0002678   0.0002678   0.0002678   0.0002678   0.0002678   0.0002678   0.0002142   0.0002024   0.0001771   0.0001475   0.0001302   0.0001302
R 0 1  92  0  1 10    0.0013955   0.0012334   0.0007821   0.0007668   0.0005780   0.0004854   0.0003958   0.0002664   0.0001818   0.0001452   0.0001452   0.0001452
R 0 1  92  0  2  0    0.0000000   0.0000000   0.0000000   0.0002139   0.0000000   0.0000155   0.0000167   0.0000135   0.0000135   0.0000135   0.0000135   0.0000135
R 0 1  92  0  2  1    0.0000000   0.0000000   0.0000000   0.0000000   0.0000000   0.0000242   0.0000088   0.0000214   0.0000214   0.0000214   0.0000214   0.0000214
R 0 1  92  0  2  2    0.0000000   0.0000000   0.0000000   0.0000000   0.0000461   0.0000000   0.0000076   0.0000138   0.0000138   0.0000138   0.0000138   0.0000138
R 0 1  92  0  2  3    0.0000000   0.0000000   0.0000000   0.0000000   0.0000000   0.0000000   0.0000079   0.0000103   0.0000103   0.0000103   0.0000103   0.0000103
R 0 1  92  0  2  4    0.0000000   0.0000000   0.0000000   0.0000000   0.0000156   0.0000000   0.0000073   0.0000000   0.0000000   0.0000000   0.0000000   0.0000000
R 0 1  92  0  2  5    0.0000000   0.0000000   0.0000000   0.0000000   0.0000148   0.0000000   0.0000000   0.0000000   0.0000000   0.0000000   0.0000000   0.0000000
R 0 1  92  0  2  6    0.0000000   0.0000000   0.0000000   0.0000000   0.0000000   0.0000000   0.0000240   0.0000000   0.0000000   0.0000000   0.0000000   0.0000000
R 0 1  92  0  2  7    0.0000000   0.0000000   0.0000000   0.0000000   0.0000000   0.0000000   0.0000000   0.0000000   0.0000000   0.0000000   0.0000000   0.0000000
R 0 1  92  0  2  8    0.0000000   0.0000000   0.0000000   0.0000000   0.0000000   0.0000000   0.0000000   0.0000000   0.0000000   0.0000000   0.0000000   0.0000609
R 0 1  92  0  2  9    0.0000000   0.0000000   0.0000000   0.0000000   0.0000000   0.0000000   0.0000000   0.0000000   0.0000187   0.0000306   0.0000000   0.0000000
R 0 1  92  0  2 10    0.0000000   0.0000000   0.0000000   0.0000000   0.0000000   0.0000000   0.0000684   0.0000507   0.0000000   0.0000000   0.0000000   0.0000000
R 0 1  92  0  3  0    1.1526507   1.1526507   1.0236182   1.0132642   0.9959123   0.9861310   0.9809138   0.9831366   0.9831366   0.9831366   0.9831366   0.9831366
R 0 1  92  0  3  1    1.0066159   1.0066159   1.0066159   1.0066159   0.9966644   0.9817577   0.9787613   0.9785904   0.9785904   0.9785904   0.9785904   0.9785904
R 0 1  92  0  3  2    1.0266973   1.0266973   1.0266973   1.0266973   1.0018851   0.9865321   0.9806568   0.9814808   0.9814808   0.9814808   0.9814808   0.9814808
R 0 1  92  0  3  3    1.0104836   1.0104836   1.0104836   1.0104836   1.0061269   0.9874660   0.9830692   0.9797554   0.9797554   0.9797554   0.9797554   0.9797554
R 0 1  92  0  3  4    1.0461309   1.0461309   1.0461309   0.9937605   0.9782864   0.9748857   0.9793597   0.9888544   0.9888544   0.9888544   0.9888544   0.9888544
R 0 1  92  0  3  5    1.0078392   1.0078392   1.0016512   0.9794443   0.9747483   0.9737587   0.9757733   0.9757733   0.9757733   0.9757733   0.9757733   0.9757733
R 0 1  92  0  3  6    1.0281078   1.0281078   1.0281078   1.0074162   0.9869575   0.9847297   0.9834842   0.9858738   0.9858738   0.9858738   0.9858738   0.9858738
R 0 1  92  0  3  7    1.0162985   1.0162985   1.0162985   1.0162985   1.0447234   0.9952270   0.9891553   0.9888856   0.9875307   0.9858517   0.9858517   0.9858517
R 0 1  92  0  3  8    1.0233516   1.0233516   1.0233516   1.0233516   1.0233516   1.0233516   1.0233516   0.9950354   0.9838318   0.9841156   0.9874277   0.9986891
R 0 1  92  0  3  9    1.0184942   1.0184942   1.0184942   1.0184942   1.0184942   1.0184942   0.9936820   0.9759329   0.9757127   0.9853858   1.0039128   1.0039128
R 0 1  92  0  3 10    1.0481901   1.0193250   1.0235845   0.9867770   0.9771548   0.9708204   0.9679465   0.9677739   1.0038203   1.0270650   1.0270650   1.0270650
R 0 1  92  0  4  0    1.4640345   1.4640345   1.2495239   2.0712542   2.2559101   2.3326603   2.2430608   2.2796152   2.2796152   2.2796152   2.2796152   2.2796152
R 0 1  92  0  4  1    1.9472244   1.9472244   1.9472244   1.9472244   2.1408680   2.1800835   2.1872292   2.2030837   2.2030837   2.2030837   2.2030837   2.2030837
R 0 1  92  0  4  2    2.0830370   2.0830370   2.0830370   2.0830370   2.1763749   2.2925870   2.2294428   2.2297833   2.2297833   2.2297833   2.2297833   2.2297833
R 0 1  92  0  4  3    1.7438970   1.7438970   1.7438970   1.7438970   2.2365172   2.2644328   2.2512832   2.2193101   2.2193101   2.2193101   2.2193101   2.2193101
R 0 1  92  0  4  4    2.0405558   2.0405558   2.0405558   2.1073520   2.1064940   2.1003963   2.2249969   2.3605862   2.3605862   2.3605862   2.3605862   2.3605862
R 0 1  92  0  4  5    1.8455876   1.8455876   2.1036843   2.1053770   2.1002602   2.1021537   2.0005355   2.0005355   2.0005355   2.0005355   2.0005355   2.0005355
R 0 1  92  0  4  6    1.9843188   1.9843188   1.9843188   2.2439115   2.2846851   2.3446648   2.3615384   2.2604718   2.2604718   2.2604718   2.2604718   2.2604718
R 0 1  92  0  4  7    1.7042576   1.7042576   1.7042576   1.7042576   2.3289568   2.3055065   2.3531805   2.4043269   2.3957909   2.3213269   2.3213269   2.3213269
R 0 1  92  0  4  8    2.2780924   2.2780924   2.2780924   2.2780924   2.2780924   2.2780924   2.2780924   2.1512332   2.2563770   2.2838178   2.2970490   2.0849754
R 0 1  92  0  4  9    1.9999971   1.9999971   1.9999971   1.9999971   1.9999971   1.9999971   2.0243755   2.0417905   2.0777795   2.1923847   2.0893996   2.0893996
R 0 1  92  0  4 10    1.9644652   2.1570950   1.9966212   1.8312347   1.9473767   1.9507490   1.9714802   1.9006158   2.0705735   2.1295343   2.1295343   2.1295343
R 0 1  92  0  5  0    8.2141182   8.2141182   9.8022359   3.7101296   3.6772441   3.6048879   4.2308462   3.9109992   3.9109992   3.9109992   3.9109992   3.9109992
R 0 1  92  0  5  1    3.9774178   3.9774178   3.9774178   3.9774178   3.9468690   4.3176511   4.5534689   4.3768961   4.3768961   4.3768961   4.3768961   4.3768961
R 0 1  92  0  5  2    3.3917196   3.3917196   3.3917196   3.3917196   4.2678510   3.7501709   4.1645361   4.4184478   4.4184478   4.4184478   4.4184478   4.4184478
R 0 1  92  0  5  3    5.0751984   5.0751984   5.0751984   5.0751984   4.0573011   3.9743608   4.1886176   4.3583232   4.3583232   4.3583232   4.3583232   4.3583232
R 0 1  92  0  5  4    3.9176565   3.9176565   3.9176565   4.1868659   4.9761544   4.9810740   3.8144868   3.1960837   3.1960837   3.1960837   3.1960837   3.1960837
R 0 1  92  0  5  5    4.1319817   4.1319817   4.7743848   4.9320092   5.0724874   4.6315488   4.2889895   4.2889895   4.2889895   4.2889895   4.2889895   4.2889895
R 0 1  92  0  5  6    3.5215624   3.5215624   3.5215624   3.7572828   3.5505680   2.9999626   2.3505459   2.0392438   2.0392438   2.0392438   2.0392438   2.0392438
R 0 1  92  0  5  7    3.9298782   3.9298782   3.9298782   3.9298782   3.3869020   3.4242044   2.8224029   2.6298381   2.6029750   2.1711155   2.1711155   2.1711155
R 0 1  92  0  5  8    3.6015431   3.6015431   3.6015431   3.6015431   3.6015431   3.6015431   3.6015431   5.7179322   4.4307506   4.1276584   3.5823138   4.9995205
R 0 1  92  0  5  9    5.1943856   5.1943856   5.1943856   5.1943856   5.1943856   5.1943856   7.2957424   6.1793504   6.2750477   5.5020743   7.9773946   7.9773946
R 0 1  92  0  5 10    7.6304786   4.4174159   4.3090177   5.9337738   5.7339828   6.7835146   7.4281163   9.8373158   6.5384314   5.9253377   5.9253377   5.9253377
F  0  1  92  0  0  0    0.9926592   1.0353845   0.9584258   1.0075521   0.9894481   0.9935453   0.9975495   0.9915080   0.9893327   0.9838938   0.9796861
F  0  1  92  1  0  0    1.0665044   1.0742369   1.0630930   1.0651846   1.0701966   1.0769752   1.0783046   1.0570032   1.0452817   1.0605786   1.0836937
C  0  1  92  0  0  0  -0.2310561 -0.1450906 -0.0527696 -0.4044603 -0.2767923 -0.0927339 -0.0077828 -0.2098186 -0.2220612 -0.2095862 -0.2739731 -0.1242371 -0.1607380 -0.3027705 -0.2152201 -0.0684452
C  0  1  92  0  0  1  -0.0934369 -0.2041168  0.0445824 -0.2543346 -0.1808399 -0.1305404 -0.1264610 -0.1481225 -0.0249693 -0.2126048  0.0474008 -0.0405068 -0.1444686 -0.1162891 -0.1837760 -0.0406972
C  0  1  92  0  0  2  -0.1537738 -0.1658932 -0.1454285 -0.1715963 -0.0026472 -0.0297231 -0.0569114 -0.0381571  0.0074056 -0.0538220 -0.0819370 -0.0410683 -0.1646224 -0.0618267 -0.0739129 -0.0998417
C  0  1  92  0  0  3  -0.1068196  0.0210881 -0.0516582 -0.1051639  0.1074505 -0.1214822 -0.2000687  0.0372990 -0.0347230 -0.1018913 -0.2121645 -0.0264179 -0.1876272 -0.1280654 -0.0891009  0.0249081
C  0  1  92  0  0  4  -0.0875560 -0.0752877 -0.1531834 -0.0880868 -0.1386250 -0.0752770 -0.0886970 -0.0709172 -0.0786547 -0.0876838 -0.1366785 -0.0464244 -0.1717857 -0.1416510 -0.0858275 -0.1509365
C  0  1  92  0  0  5  -0.0244829  0.0930602 -0.0163827  0.0108710 -0.0213083 -0.0334185  0.0213232 -0.0089264  0.1285713 -0.0078863 -0.0239606  0.0143842 -0.0456944  0.0084077  0.0699260 -0.1217703
C  0  1  92  0  0  6   0.0609386  0.0375547  0.0225735 -0.0180436 -0.0131257  0.0165908 -0.0026748 -0.0713631  0.0394700 -0.0523649  0.1068525  0.0846718 -0.0237174  0.0510484 -0.1000987  0.1206790
C  0  1  92  0  0  7  -0.0888997  0.0337258  0.0154714  0.0129804 -0.0005713  0.0589020  0.0248856 -0.0080352 -0.0050895 -0.0500824  0.0591859 -0.0128542  0.0192918  0.0039286  0.0625559  0.0440614
C  0  1  92  0  0  8  -0.0269360  0.0858657  0.0450164  0.0048304 -0.0312916  0.0157818 -0.0152730  0.0318102  0.0810998 -0.0219278 -0.0506697  0.0827775  0.0155257  0.0450315 -0.0825177 -0.0066865
C  0  1  92  0  0  9  -0.0695359  0.0697515 -0.0377638  0.0033213 -0.0141901  0.0286508  0.0149175  0.0582341 -0.0501896  0.0745393  0.0278559  0.1076743 -0.0807985  0.0939239  0.0316205 -0.0154824
C  0  1  92  0  0 10  -0.0808296 -0.0454034  0.1124838  0.0438555  0.0470422 -0.0083747  0.0030009 -0.0500578  0.0428674 -0.0539079  0.0363154 -0.0116530 -0.0093220  0.1237047  0.0575489  0.0328378
C  0  1  92  0  0 11  -0.0501279  0.0454476 -0.0495334  0.0781533  0.0808775  0.0021812 -0.0299433  0.1068774 -0.0205671  0.0681140  0.0058892 -0.0186493 -0.0242552  0.0634910 -0.0284009  0.0410946
C  0  1  92  0  0 12   0.0046859 -0.0581377 -0.0174379 -0.0468925 -0.0665044  0.0640212 -0.0446347 -0.0214639  0.0194515  0.0745597  0.0200311  0.0138553 -0.0035171 -0.0002312  0.0267465  0.0433526
C  0  1  92  0  0 13  -0.0219164 -0.0125987 -0.0079413  0.0031498 -0.0681035 -0.0386055  0.0448684  0.0178471  0.0399963  0.0131248 -0.0280384  0.0035104 -0.0284250  0.0849265 -0.0153770  0.0046881
C  0  1  92  0  0 14   0.0115665  0.0244868  0.0422756 -0.0475289  0.0133188  0.0333897 -0.0379281 -0.0043613  0.0050593 -0.0391478  0.0806715 -0.0596239  0.0491833 -0.0232283 -0.0034988 -0.0339027
C  0  1  92  0  0 15  -0.0885495 -0.0195477 -0.0110913 -0.0025909 -0.0099620 -0.1114122  0.0138368  0.0010872  0.0455336  0.0032395 -0.0628999 -0.1203050  0.0430299 -0.0312826 -0.0828877 -0.0298817
C  0  1  92  0  0 16   0.1177608 -0.0337006  0.0615023 -0.1075602 -0.0554938 -0.0824786  0.0083479 -0.0292377 -0.0513394  0.1078925  0.0361463 -0.1030383  0.0453696  0.0606232 -0.1446137  0.0441838
C  0  1  92  0  0 17   0.0101957 -0.1219276 -0.0418079 -0.1285851 -0.0910964 -0.1011522 -0.0902061 -0.0718300 -0.0325661 -0.0171200  0.0379537 -0.0027044 -0.0563181 -0.0602353 -0.0644408 -0.0286957
C  0  1  92  0  0 18  -0.1793732  0.0285663 -0.0078024 -0.1482363 -0.1455661 -0.0697733  0.0291975 -0.0370219  0.0595975 -0.1135491 -0.0712239 -0.1459921  0.0646487 -0.0508142 -0.1350587 -0.0974635
C  0  1  92  0  0 19  -0.0283081 -0.1278602 -0.1395517 -0.1488577 -0.1495108 -0.1521938 -0.2232223 -0.0745811 -0.1355871 -0.0174189 -0.0847398  0.0164190 -0.0709715 -0.0385352 -0.0809333 -0.0342353
C  0  1  92  0  0 20  -0.1927175 -0.1315636 -0.1141188 -0.1768984 -0.1313828 -0.1208190 -0.1791334 -0.1866544 -0.0478240 -0.1943199 -0.0100032  0.0375373 -0.0048165 -0.1418636 -0.2200163 -0.2441323
C  0  1  92  0  0 21  -0.1122224 -0.1720584 -0.1970257 -0.0802105 -0.2462349 -0.0981234 -0.1546013 -0.1229357 -0.1382275 -0.1375902 -0.0251375 -0.2723270 -0.3036759 -0.3350319 -0.2537160 -0.1833878
C  0  1  92  0  1  0  -0.0024453 -0.0002403  0.0042366  0.0012129 -0.0010896  0.0038367  0.0029263 -0.0008279  0.0022875  0.0026355 -0.0019482  0.0026415  0.0065386  0.0069432  0.0066662  0.0069867
C  0  1  92  0  1  1  -0.0008820  0.0015380 -0.0041967 -0.0014277 -0.0015805 -0.0021620  0.0047182  0.0015357  0.0035361 -0.0000108 -0.0025878 -0.0054434  0.0044754  0.0026805  0.0052200  0.0042339
C  0  1  92  0  1  2   0.0025905 -0.0006735 -0.0000346 -0.0004442 -0.0012881  0.0012245  0.0008023 -0.0018673 -0.0008260 -0.0006593  0.0000902  0.0000136  0.0007334 -0.0020927  0.0006194 -0.0015372
C  0  1  92  0  1  3   0.0022936 -0.0014014  0.0013594 -0.0022934 -0.0007029  0.0000434  0.0043595 -0.0008456 -0.0039443 -0.0021598 -0.0022153 -0.0029782  0.0009040 -0.0015050 -0.0005239  0.0012654
C  0  1  92  0  1  4  -0.0008708  0.0007389 -0.0011412  0.0037268  0.0004233 -0.0010169 -0.0000129  0.0011803 -0.0008793  0.0002783 -0.0021058 -0.0037866  0.0005081 -0.0002771 -0.0013235  0.0007859
C  0  1  92  0  1  5   0.0012748  0.0023282 -0.0026286  0.0009976 -0.0013853 -0.0012400  0.0007115  0.0022082 -0.0013444  0.0002125  0.0025224 -0.0021467  0.0015256 -0.0008283  0.0009710 -0.0005296
C  0  1  92  0  1  6   0.0029921 -0.0000783  0.0012214 -0.0021906 -0.0014045 -0.0000091 -0.0002351 -0.0016009 -0.0009619  0.0005452  0.0000171  0.0014532 -0.0019268 -0.0025475  0.0018761  0.0003887
C  0  1  92  0  1  7   0.0026925 -0.0009127 -0.0009899 -0.0012331  0.0011906  0.0025972 -0.0005614 -0.0011040 -0.0009264 -0.0000872  0.0000645 -0.0014789 -0.0019294 -0.0008155  0.0001737 -0.0003913
C  0  1  92  0  1  8  -0.0003548 -0.0000083 -0.0010114 -0.0012215  0.0006749  0.0005328  0.0007180  0.0011084  0.0013473 -0.0001580 -0.0006366 -0.0021578 -0.0006398 -0.0000888 -0.0007316 -0.0009472
C  0  1  92  0  1  9  -0.0023264  0.0008962  0.0017167 -0.0020172  0.0003620 -0.0011345  0.0018743  0.0004216 -0.0020752 -0.0028472 -0.0038600 -0.0004067 -0.0003718 -0.0001449 -0.0013662  0.0012048
C  0  1  92  0  1 10  -0.0001520 -0.0000713 -0.0004333  0.0017475  0.0021311 -0.0015087 -0.0012260 -0.0001877 -0.0015919 -0.0023283 -0.0001668 -0.0004091 -0.0003314 -0.0018858 -0.0012414  0.0016861
C  0  1  92  0  1 11  -0.0006147 -0.0014691  0.0001268  0.0007399  0.0002842  0.0009717 -0.0030512 -0.0004986 -0.0025141  0.0004285 -0.0016089 -0.0012204  0.0004144 -0.0020053  0.0001376 -0.0017022
C  0  1  92  0  1 12  -0.0006232  0.0000278 -0.0001484 -0.0002009  0.0024510 -0.0010150  0.0024729 -0.0011754  0.0002605 -0.0004239  0.0000357  0.0025785 -0.0011304  0.0001434 -0.0008959  0.0004605
C  0  1  92  0  1 13   0.0007223 -0.0011156  0.0012396  0.0026581  0.0027359  0.0006914 -0.0005592  0.0003194 -0.0005539 -0.0029504 -0.0001003 -0.0017275  0.0007504  0.0024680  0.0005028  0.0003450
C  0  1  92  0  1 14   0.0014607 -0.0005644  0.0022982  0.0029413  0.0024546  0.0006269 -0.0008267  0.0010507 -0.0014530  0.0017374  0.0006483  0.0005221  0.0002165  0.0016413 -0.0002171  0.0012323
C  0  1  92  0  1 15   0.0027333  0.0002328  0.0001261  0.0008516  0.0010093  0.0025844  0.0014066 -0.0025255  0.0004078 -0.0007061 -0.0007220  0.0009224 -0.0020305  0.0031760  0.0021575  0.0016664
C  0  1  92  0  1 16   0.0010136  0.0015474  0.0003758  0.0013959 -0.0020656  0.0007302  0.0017480  0.0005957  0.0013735 -0.0006531  0.0015359 -0.0006629  0.0011845  0.0020045  0.0010919  0.0038416
C  0  1  92  0  1 17  -0.0004449 -0.0015301  0.0004205  0.0063917  0.0017623  0.0021295  0.0027347  0.0031174 -0.0004566  0.0016657  0.0001425 -0.0004311  0.0019827 -0.0009552  0.0057862  0.0056491
C  0  1  92  0  1 18   0.0053002  0.0038300  0.0017053 -0.0003459  0.0002188  0.0012878  0.0033475  0.0009543 -0.0000248  0.0000263  0.0036782 -0.0005232 -0.0005297 -0.0011724  0.0069049  0.0062916
C  0  1  92  0  1 19   0.0034461  0.0041305 -0.0014625  0.0021619  0.0005256  0.0019868  0.0019800  0.0011588  0.0035193  0.0015901  0.0018365  0.0005660  0.0017689  0.0032019  0.0052030  0.0052383
C  0  1  92  0  1 20   0.0064612  0.0053146  0.0061912  0.0050320 -0.0005120  0.0053063  0.0037723  0.0065089  0.0042789  0.0043159 -0.0017450 -0.0018334  0.0017926  0.0058359  0.0040611  0.0032328
C  0  1  92  0  1 21   0.0104742  0.0134297  0.0047401 -0.0003699 -0.0012302 -0.0028180 -0.0073168  0.0009225  0.0012124 -0.0037217 -0.0018764  0.0059958  0.0005762  0.0115863  0.0115912  0.0041370
C  0  1  92  1  0  0  -0.4572212 -0.2304908 -0.3744835 -0.3655298 -0.2727435 -0.3544816 -0.3668320 -0.2794957 -0.3486363 -0.2548731 -0.3296973 -0.4415226 -0.4321568 -0.5020534 -0.4131722 -0.3544260
C  0  1  92  1  0  1  -0.2785535 -0.3263032 -0.2502743 -0.2591894 -0.3740642 -0.3034038 -0.2556371 -0.2672740 -0.3266680 -0.2578681 -0.2957374 -0.3096142 -0.3940565 -0.3933449 -0.3410183 -0.3573062
C  0  1  92  1  0  2  -0.3276215 -0.3239629 -0.3149319 -0.3275117 -0.3276095 -0.3029875 -0.3155433 -0.2850074 -0.2910468 -0.2415616 -0.2712712 -0.2868631 -0.3694410 -0.3842591 -0.2689787 -0.3701770
C  0  1  92  1  0  3  -0.2392303 -0.2951638 -0.3356606 -0.2902033 -0.3171232 -0.2222385 -0.2014863 -0.1880667 -0.1578093 -0.2532193 -0.2672763 -0.2747247 -0.2115600 -0.2710961 -0.3258667 -0.2396194
C  0  1  92  1  0  4  -0.2791153 -0.2657953 -0.3016903 -0.2676742 -0.2621332 -0.2061551 -0.2862510 -0.2326892 -0.2305105 -0.2293825 -0.2298343 -0.2859930 -0.2449735 -0.2855284 -0.2926494 -0.2449808
C  0  1  92  1  0  5  -0.1973231 -0.1758781 -0.2440595 -0.1524972 -0.1882331 -0.1875257 -0.1770893 -0.1371170 -0.1741542 -0.1515632 -0.1442976 -0.2095394 -0.2343625 -0.1147590 -0.2091664 -0.2010550
C  0  1  92  1  0  6  -0.1224952 -0.1255553 -0.1546585 -0.1538639 -0.0932970 -0.1278746 -0.1099737 -0.1221738 -0.1347252 -0.0908533 -0.0625940 -0.1185378 -0.0914034 -0.0915776 -0.1446950 -0.2115964
C  0  1  92  1  0  7  -0.1134963 -0.1581393 -0.1498186 -0.1319583 -0.1531445 -0.1712595 -0.1226523 -0.1393022 -0.1576817 -0.0860260 -0.0499734 -0.1020235 -0.1200123 -0.1315094 -0.1258566 -0.1005722
C  0  1  92  1  0  8  -0.2176644 -0.0839493 -0.1626807 -0.1801270 -0.1635995 -0.1710828 -0.1775021 -0.1808160 -0.1522647 -0.1302636 -0.1404280 -0.1632702 -0.1543718 -0.1397046 -0.1669954 -0.1206077
C  0  1  92  1  0  9  -0.1359281 -0.1047652 -0.0583569 -0.1300898 -0.1066873 -0.1183935 -0.1242779 -0.1387743 -0.1281711 -0.1245750 -0.0672354 -0.1037715 -0.1156230 -0.0655343 -0.1171955 -0.1465347
C  0  1  92  1  0 10  -0.1468675 -0.1186766 -0.1422033 -0.1564964 -0.1057296 -0.1618813 -0.1496552 -0.1200586 -0.1015934 -0.1158233 -0.1390573 -0.1182843 -0.0831579 -0.1445117 -0.0998266 -0.1347355
C  0  1  92  1  0 11  -0.1295600 -0.1260692 -0.1350000 -0.1123470 -0.1241009 -0.1185488 -0.1212302 -0.1381652 -0.1182998 -0.0909848 -0.1037551 -0.1066222 -0.1126707 -0.1202887 -0.1375677 -0.1397693
C  0  1  92  1  0 12  -0.1327801 -0.1200617 -0.1142190 -0.0990311 -0.1685286 -0.1266875 -0.1197965 -0.1696432 -0.1206966 -0.1154041 -0.0694838 -0.0934023 -0.0839566 -0.1262836 -0.1221974 -0.1136335
C  0  1  92  1  0 13  -0.0838028 -0.1719260 -0.1477552 -0.1609723 -0.1355860 -0.1877379 -0.1500859 -0.1675434 -0.1463057 -0.1181437 -0.1994145 -0.1381618 -0.1650454 -0.1402453 -0.1730399 -0.1287533
C  0  1  92  1  0 14  -0.1189587 -0.1223326 -0.1261727 -0.1405383 -0.1904681 -0.1433409 -0.1665414 -0.2047715 -0.1570697 -0.1328691 -0.1124569 -0.0608427 -0.1255640 -0.0988484 -0.1324159 -0.1565262
C  0  1  92  1  0 15  -0.1004584 -0.1716767 -0.1897133 -0.0946727 -0.1805762 -0.1131325 -0.1412891 -0.1556349 -0.1165024 -0.1072439 -0.0759553 -0.1620665 -0.0714043 -0.0476433 -0.0436047 -0.1252401
C  0  1  92  1  0 16  -0.1738458 -0.1611491 -0.1643710 -0.1529305 -0.2154237 -0.2028894 -0.1478572 -0.1842299 -0.1866501 -0.2039730 -0.1344694 -0.1487413 -0.1453227 -0.0861554 -0.1360100 -0.1011153
C  0  1  92  1  0 17  -0.2543362 -0.2535764 -0.2338266 -0.2917448 -0.2462575 -0.2941585 -0.2636157 -0.2300376 -0.2254374 -0.2616004 -0.2433190 -0.2120920 -0.2130330 -0.2380038 -0.2327932 -0.2341424
C  0  1  92  1  0 18  -0.1985232 -0.2197920 -0.2217790 -0.2657419 -0.2714105 -0.2144437 -0.2718733 -0.2525999 -0.2219048 -0.2068108 -0.2744417 -0.2800889 -0.2336162 -0.1900463 -0.2133947 -0.2692808
C  0  1  92  1  0 19  -0.2905915 -0.2542534 -0.2793261 -0.3262202 -0.3142348 -0.3605585 -0.2841207 -0.2620273 -0.3021476 -0.3152816 -0.2144366 -0.2745689 -0.2960033 -0.2806656 -0.2806789 -0.2990478
C  0  1  92  1  0 20  -0.2592276 -0.2971071 -0.3818226 -0.3186559 -0.3316157 -0.1962696 -0.2432701 -0.2969500 -0.3525155 -0.3388218 -0.2728522 -0.2547401 -0.3416565 -0.2716943 -0.2385124 -0.3311958
C  0  1  92  1  0 21  -0.4807884 -0.3659923 -0.3582819 -0.3446809 -0.3195694 -0.2573939 -0.3313731 -0.3179232 -0.3127664 -0.4270380 -0.3791122 -0.3233148 -0.2332241 -0.3788380 -0.3541103 -0.3162624
C  0  1  92  1  1  0   0.0468272  0.0496212  0.0416351  0.0263351  0.0029059 -0.0210524 -0.0330263 -0.0419424 -0.0466364 -0.0349166 -0.0350388 -0.0172398  0.0030740  0.0067953  0.0240266  0.0390006
C  0  1  92  1  1  1   0.0252740  0.0227266  0.0190299  0.0113317  0.0027590 -0.0078268 -0.0147239 -0.0190595 -0.0172011 -0.0139098 -0.0148216 -0.0053960  0.0034036  0.0095774  0.0127422  0.0249272
C  0  1  92  1  1  2   0.0138085  0.0137944  0.0108198  0.0069040  0.0017986 -0.0032296 -0.0074835 -0.0083979 -0.0095801 -0.0049982 -0.0048777 -0.0023828  0.0008568  0.0048481  0.0058432  0.0103256
C  0  1  92  1  1  3   0.0082016  0.0062632  0.0020369  0.0044464  0.0019360  0.0003550 -0.0035723 -0.0012751  0.0009558  0.0006847 -0.0020535 -0.0011878  0.0026723  0.0038542  0.0024920  0.0077129
C  0  1  92  1  1  4   0.0022586  0.0025958  0.0003401 -0.0003542  0.0027660  0.0027607 -0.0001552  0.0027106  0.0041402  0.0037264 -0.0006664 -0.0008017  0.0019618  0.0022803  0.0037454  0.0034647
C  0  1  92  1  1  5   0.0012940  0.0009253  0.0005397  0.0023730  0.0035635  0.0035214  0.0033076  0.0040800  0.0046277  0.0025140 -0.0005844 -0.0010264  0.0022213  0.0016668  0.0016992 -0.0000750
C  0  1  92  1  1  6   0.0017865  0.0021455  0.0016840  0.0044049  0.0053029  0.0039409  0.0050541  0.0059595  0.0055363  0.0018906  0.0008946  0.0011328  0.0016396  0.0014939  0.0013750 -0.0004318
C  0  1  92  1  1  7  -0.0008404  0.0016298  0.0020148  0.0042058  0.0052260  0.0033066  0.0057530  0.0040145  0.0040499  0.0012556 -0.0005278 -0.0006294  0.0014378  0.0009635  0.0018080 -0.0007016
C  0  1  92  1  1  8  -0.0000549  0.0010619  0.0025231  0.0020840  0.0050552  0.0047388  0.0049248  0.0051709  0.0056002  0.0019731  0.0020500 -0.0001640  0.0021241  0.0018391  0.0013287 -0.0004657
C  0  1  92  1  1  9   0.0016250  0.0020140  0.0010687  0.0035609  0.0021140  0.0034622  0.0040578  0.0042645  0.0026195 -0.0001261  0.0013054  0.0007602  0.0018400  0.0008556  0.0007549 -0.0016332
C  0  1  92  1  1 10  -0.0003337  0.0023164  0.0017314  0.0013657  0.0019120  0.0015454  0.0027264  0.0029020  0.0032920 -0.0007438 -0.0006759 -0.0002320 -0.0008490  0.0006087  0.0021469 -0.0020888
C  0  1  92  1  1 11   0.0001025  0.0006372  0.0016193  0.0020390  0.0027856 -0.0000146  0.0023482  0.0027187  0.0017958  0.0011153 -0.0022755 -0.0005972 -0.0006430 -0.0003216  0.0005961 -0.0022636
C  0  1  92  1  1 12   0.0007845  0.0026430  0.0032505  0.0039772  0.0032707  0.0012937  0.0013848  0.0036000  0.0045365  0.0018617  0.0014720  0.0008074  0.0006716 -0.0003344  0.0012439 -0.0006605
C  0  1  92  1  1 13   0.0001714  0.0020159  0.0027601  0.0035381  0.0031471  0.0034137  0.0044990  0.0057055  0.0050012  0.0011340  0.0010725  0.0004367 -0.0006510 -0.0020778  0.0001527 -0.0013673
C  0  1  92  1  1 14  -0.0011324  0.0002611  0.0014083  0.0034672  0.0042595  0.0021977  0.0040661  0.0066828  0.0055854  0.0015980  0.0019179 -0.0005338 -0.0013554 -0.0007803 -0.0014508 -0.0022442
C  0  1  92  1  1 15  -0.0013202  0.0013759  0.0030817  0.0042647  0.0035789  0.0004483  0.0034655  0.0031056  0.0067366  0.0039809  0.0020521  0.0002463 -0.0018723 -0.0046356 -0.0052714 -0.0041925
C  0  1  92  1  1 16  -0.0024094  0.0020993  0.0032374  0.0044981  0.0030289  0.0009003  0.0033158  0.0044767  0.0044145  0.0061841  0.0027114  0.0035551 -0.0003133 -0.0013454 -0.0039201 -0.0052482
C  0  1  92  1  1 17  -0.0035817  0.0012610  0.0014076  0.0057304  0.0015880 -0.0012520  0.0019969  0.0040606  0.0048090  0.0050917  0.0037647  0.0020819 -0.0015216 -0.0050621 -0.0055586 -0.0044965
C  0  1  92  1  1 18   0.0016467  0.0074445  0.0059840  0.0070108  0.0044437  0.0002439 -0.0027649 -0.0006099  0.0033441  0.0025898  0.0005706  0.0017622 -0.0013302 -0.0041057 -0.0052724 -0.0036054
C  0  1  92  1  1 19   0.0023151  0.0084795  0.0116383  0.0105450  0.0065800  0.0029442 -0.0024303 -0.0011734  0.0023421  0.0053549  0.0028806 -0.0005082 -0.0030072 -0.0040237 -0.0046289 -0.0015639
C  0  1  92  1  1 20   0.0031292  0.0156376  0.0179474  0.0146732  0.0066762  0.0047913 -0.0024021 -0.0008574  0.0012959  0.0056702  0.0018930 -0.0003189 -0.0061783 -0.0070628 -0.0043307 -0.0049291
C  0  1  92  1  1 21   0.0088307  0.0208415  0.0318100  0.0253976  0.0170482  0.0170158  0.0127734  0.0099266  0.0125549  0.0143013  0.0019983 -0.0018673 -0.0080956 -0.0163394 -0.0080539  0.0002625
