CPHI 16 
CETA 22 -2.40 -2.10 -1.85 -1.60 -1.40 -1.20 -1.00 -0.80 -0.60 -0.40 -0.20  0.00  0.20  0.40  0.60  0.80  1.00  1.20  1.40  1.60  1.85  2.10  2.40 
RMIN  6 
RTRK 12 
RETA 11  0.00  0.20  0.40  0.60  0.80  1.00  1.20  1.40  1.60  1.85  2.10  2.40 
T 0 1  93  0  0  0    0.0000000   0.0006314   0.0016158   0.0031491   0.0120406   0.0690666   0.2780715   0.6536996   1.0000000   1.0000000   1.0000000   1.0000000   1.0000000
T 0 1  93  0  0  1    0.0000000   0.0001366   0.0005592   0.0024474   0.0126821   0.0593570   0.2260289   0.5887673   1.0000000   1.0000000   1.0000000   1.0000000   1.0000000
T 0 1  93  0  0  2    0.0000000   0.0001381   0.0005223   0.0018049   0.0108225   0.0560963   0.2092408   0.5730488   1.0000000   1.0000000   1.0000000   1.0000000   1.0000000
T 0 1  93  0  0  3    0.0000000   0.0002083   0.0005960   0.0017206   0.0114711   0.0629122   0.2262241   0.5873656   1.0000000   1.0000000   1.0000000   1.0000000   1.0000000
T 0 1  93  0  0  4    0.0000000   0.0004263   0.0024495   0.0141204   0.0630541   0.2038660   0.4892400   0.8222487   1.0000000   1.0000000   1.0000000   1.0000000   1.0000000
T 0 1  93  0  0  5    0.0000000   0.0010427   0.0075231   0.0515409   0.2058504   0.5330977   0.8759631   0.9994495   1.0000000   1.0000000   1.0000000   1.0000000   1.0000000
T 0 1  93  0  0  6    0.0000000   0.0003268   0.0011952   0.0102114   0.0671191   0.2764267   0.6630725   0.9307781   0.9982401   1.0000000   1.0000000   1.0000000   1.0000000
T 0 1  93  0  0  7    0.0000000   0.0000464   0.0003683   0.0009020   0.0047607   0.0307646   0.1186199   0.2972253   0.5809337   0.8692389   0.9841335   0.9998777   1.0000000
T 0 1  93  0  0  8    0.0000000   0.0000000   0.0000410   0.0001288   0.0004024   0.0009884   0.0041488   0.0248098   0.1188150   0.3925829   0.7893995   0.9693702   1.0000000
T 0 1  93  0  0  9    0.0000000   0.0000092   0.0000159   0.0000378   0.0005265   0.0034298   0.0182731   0.0861206   0.3025590   0.6578129   0.9383213   0.9999423   1.0000000
T 0 1  93  0  0 10    0.0000000   0.0066725   0.0292345   0.0465861   0.0797554   0.1690864   0.3385587   0.6906118   0.9109095   0.9703908   0.9998573   1.0000000   1.0000000
T 0 1  93  1  0  0    0.0000000   0.0005148   0.0016399   0.0047460   0.0213440   0.1017716   0.3374237   0.6994022   1.0000000   1.0000000   1.0000000   1.0000000   1.0000000
T 0 1  93  1  0  1    0.0000000   0.0002633   0.0010891   0.0042307   0.0181163   0.0752157   0.2537985   0.6193956   1.0000000   1.0000000   1.0000000   1.0000000   1.0000000
T 0 1  93  1  0  2    0.0000000   0.0002194   0.0008486   0.0027728   0.0124455   0.0616642   0.2339277   0.6064318   1.0000000   1.0000000   1.0000000   1.0000000   1.0000000
T 0 1  93  1  0  3    0.0000000   0.0002283   0.0008669   0.0027852   0.0140251   0.0700545   0.2491207   0.6198491   1.0000000   1.0000000   1.0000000   1.0000000   1.0000000
T 0 1  93  1  0  4    0.0000000   0.0004356   0.0027620   0.0153929   0.0663357   0.2155446   0.5058694   0.8320271   1.0000000   1.0000000   1.0000000   1.0000000   1.0000000
T 0 1  93  1  0  5    0.0000000   0.0011873   0.0094478   0.0577925   0.2246261   0.5586818   0.8900123   0.9996500   1.0000000   1.0000000   1.0000000   1.0000000   1.0000000
T 0 1  93  1  0  6    0.0000000   0.0004626   0.0026649   0.0180020   0.0942133   0.3329130   0.7236541   0.9536823   0.9988141   0.9999984   1.0000000   1.0000000   1.0000000
T 0 1  93  1  0  7    0.0000000   0.0002246   0.0006446   0.0024765   0.0123245   0.0526267   0.1570011   0.3413836   0.6074237   0.8728054   0.9849908   0.9998878   1.0000000
T 0 1  93  1  0  8    0.0000000   0.0009562   0.0014955   0.0017998   0.0022382   0.0036136   0.0107994   0.0452511   0.1686405   0.4573475   0.8251665   0.9710661   1.0000000
T 0 1  93  1  0  9    0.0000000   0.0021003   0.0074838   0.0131257   0.0159362   0.0198461   0.0401951   0.1288935   0.3661962   0.7154288   0.9583841   0.9999941   1.0000000
T 0 1  93  1  0 10    0.0000000   0.0032254   0.0170235   0.0428863   0.0843736   0.1746921   0.3942474   0.7474223   0.9511020   0.9856143   0.9999985   1.0000000   1.0000000
R 0 1  93  0  0  0    0.0219948   0.0219948   0.0123377   0.0103534   0.0104094   0.0101771   0.0100088   0.0098440   0.0098440   0.0098440   0.0098440   0.0098440
R 0 1  93  0  0  1    0.0117455   0.0117455   0.0117455   0.0117455   0.0109428   0.0109746   0.0109435   0.0108782   0.0108782   0.0108782   0.0108782   0.0108782
R 0 1  93  0  0  2    0.0123939   0.0123939   0.0123939   0.0123939   0.0120281   0.0120082   0.0118411   0.0116968   0.0116968   0.0116968   0.0116968   0.0116968
R 0 1  93  0  0  3    0.0136223   0.0136223   0.0136223   0.0136223   0.0126861   0.0125361   0.0123819   0.0122537   0.0122537   0.0122537   0.0122537   0.0122537
R 0 1  93  0  0  4    0.0190053   0.0190053   0.0190053   0.0174942   0.0169262   0.0158536   0.0145321   0.0130765   0.0130765   0.0130765   0.0130765   0.0130765
R 0 1  93  0  0  5    0.0205888   0.0205888   0.0195469   0.0190085   0.0187745   0.0180703   0.0170023   0.0170023   0.0170023   0.0170023   0.0170023   0.0170023
R 0 1  93  0  0  6    0.0202711   0.0202711   0.0202711   0.0205007   0.0208068   0.0206815   0.0207888   0.0206246   0.0206246   0.0206246   0.0206246   0.0206246
R 0 1  93  0  0  7    0.0216170   0.0216170   0.0216170   0.0216170   0.0208633   0.0212079   0.0211424   0.0210757   0.0205780   0.0196575   0.0196575   0.0196575
R 0 1  93  0  0  8    0.0211343   0.0211343   0.0211343   0.0211343   0.0211343   0.0211343   0.0211343   0.0208017   0.0210027   0.0209808   0.0202686   0.0187709
R 0 1  93  0  0  9    0.0312785   0.0312785   0.0312785   0.0312785   0.0312785   0.0312785   0.0297970   0.0288626   0.0274936   0.0264523   0.0247642   0.0247642
R 0 1  93  0  0 10    0.0798656   0.0713274   0.0632227   0.0525425   0.0473906   0.0441550   0.0408647   0.0354543   0.0335572   0.0302124   0.0302124   0.0302124
R 0 1  93  0  1  0    0.0000000   0.0000000   0.0000000   0.0000662   0.0000864   0.0000793   0.0000714   0.0000664   0.0000664   0.0000664   0.0000664   0.0000664
R 0 1  93  0  1  1    0.0000763   0.0000763   0.0000763   0.0000763   0.0000601   0.0000727   0.0000624   0.0000588   0.0000588   0.0000588   0.0000588   0.0000588
R 0 1  93  0  1  2    0.0000559   0.0000559   0.0000559   0.0000559   0.0000679   0.0000646   0.0000603   0.0000529   0.0000529   0.0000529   0.0000529   0.0000529
R 0 1  93  0  1  3    0.0000810   0.0000810   0.0000810   0.0000810   0.0000749   0.0000564   0.0000564   0.0000494   0.0000494   0.0000494   0.0000494   0.0000494
R 0 1  93  0  1  4    0.0001058   0.0001058   0.0001058   0.0000986   0.0000955   0.0000707   0.0000565   0.0000498   0.0000498   0.0000498   0.0000498   0.0000498
R 0 1  93  0  1  5    0.0001742   0.0001742   0.0000903   0.0000604   0.0000676   0.0000612   0.0000400   0.0000400   0.0000400   0.0000400   0.0000400   0.0000400
R 0 1  93  0  1  6    0.0000566   0.0000566   0.0000566   0.0000489   0.0000532   0.0000514   0.0000576   0.0000214   0.0000214   0.0000214   0.0000214   0.0000214
R 0 1  93  0  1  7    0.0000946   0.0000946   0.0000946   0.0000946   0.0000673   0.0000657   0.0000667   0.0000754   0.0000728   0.0000478   0.0000478   0.0000478
R 0 1  93  0  1  8    0.0000935   0.0000935   0.0000935   0.0000935   0.0000935   0.0000935   0.0000935   0.0001126   0.0001057   0.0001014   0.0000869   0.0000911
R 0 1  93  0  1  9    0.0002920   0.0002920   0.0002920   0.0002920   0.0002920   0.0002920   0.0002239   0.0001870   0.0001846   0.0001533   0.0001079   0.0001079
R 0 1  93  0  1 10    0.0014093   0.0011671   0.0009827   0.0006693   0.0005650   0.0004752   0.0003992   0.0002571   0.0001971   0.0001243   0.0001243   0.0001243
R 0 1  93  0  2  0    0.0000000   0.0000000   0.0000000   0.0000000   0.0000000   0.0000120   0.0000102   0.0000146   0.0000146   0.0000146   0.0000146   0.0000146
R 0 1  93  0  2  1    0.0000000   0.0000000   0.0000000   0.0000000   0.0000000   0.0000000   0.0000098   0.0000134   0.0000134   0.0000134   0.0000134   0.0000134
R 0 1  93  0  2  2    0.0000000   0.0000000   0.0000000   0.0000000   0.0000217   0.0000105   0.0000077   0.0000088   0.0000088   0.0000088   0.0000088   0.0000088
R 0 1  93  0  2  3    0.0000000   0.0000000   0.0000000   0.0000000   0.0000000   0.0000097   0.0000091   0.0000130   0.0000130   0.0000130   0.0000130   0.0000130
R 0 1  93  0  2  4    0.0000000   0.0000000   0.0000000   0.0000000   0.0000000   0.0000200   0.0000000   0.0000000   0.0000000   0.0000000   0.0000000   0.0000000
R 0 1  93  0  2  5    0.0000000   0.0000000   0.0000000   0.0000000   0.0000127   0.0000105   0.0000000   0.0000000   0.0000000   0.0000000   0.0000000   0.0000000
R 0 1  93  0  2  6    0.0000000   0.0000000   0.0000000   0.0000271   0.0000000   0.0000000   0.0000000   0.0000000   0.0000000   0.0000000   0.0000000   0.0000000
R 0 1  93  0  2  7    0.0000000   0.0000000   0.0000000   0.0000000   0.0000000   0.0000000   0.0000000   0.0000000   0.0000000   0.0000216   0.0000216   0.0000216
R 0 1  93  0  2  8    0.0000000   0.0000000   0.0000000   0.0000000   0.0000000   0.0000000   0.0000000   0.0000000   0.0000000   0.0000166   0.0000000   0.0000000
R 0 1  93  0  2  9    0.0000000   0.0000000   0.0000000   0.0000000   0.0000000   0.0000000   0.0000000   0.0000000   0.0000000   0.0000242   0.0000000   0.0000000
R 0 1  93  0  2 10    0.0000000   0.0000000   0.0000000   0.0000000   0.0000000   0.0000000   0.0000952   0.0000573   0.0000000   0.0000000   0.0000000   0.0000000
R 0 1  93  0  3  0    1.1447885   1.1447885   1.0027355   1.0696966   0.9970017   0.9860544   0.9803406   0.9833653   0.9833653   0.9833653   0.9833653   0.9833653
R 0 1  93  0  3  1    1.0272208   1.0272208   1.0272208   1.0272208   0.9889696   0.9842860   0.9792863   0.9785782   0.9785782   0.9785782   0.9785782   0.9785782
R 0 1  93  0  3  2    1.0267636   1.0267636   1.0267636   1.0267636   1.0025715   0.9866627   0.9829317   0.9812974   0.9812974   0.9812974   0.9812974   0.9812974
R 0 1  93  0  3  3    1.0084854   1.0084854   1.0084854   1.0084854   0.9993978   0.9888677   0.9827381   0.9808232   0.9808232   0.9808232   0.9808232   0.9808232
R 0 1  93  0  3  4    1.0178730   1.0178730   1.0178730   0.9940534   0.9781112   0.9738735   0.9784734   0.9879015   0.9879015   0.9879015   0.9879015   0.9879015
R 0 1  93  0  3  5    1.0141484   1.0141484   0.9970528   0.9805913   0.9741605   0.9726997   0.9698874   0.9698874   0.9698874   0.9698874   0.9698874   0.9698874
R 0 1  93  0  3  6    1.0099933   1.0099933   1.0099933   1.0072393   0.9775491   0.9840460   0.9843644   0.9852149   0.9852149   0.9852149   0.9852149   0.9852149
R 0 1  93  0  3  7    1.0516732   1.0516732   1.0516732   1.0516732   1.0228625   0.9981389   0.9875429   0.9829880   0.9874968   0.9884097   0.9884097   0.9884097
R 0 1  93  0  3  8    1.0270606   1.0270606   1.0270606   1.0270606   1.0270606   1.0270606   1.0270606   0.9987453   0.9835348   0.9831558   0.9852608   1.0203790
R 0 1  93  0  3  9    1.0075171   1.0075171   1.0075171   1.0075171   1.0075171   1.0075171   0.9936952   0.9757438   0.9703256   0.9843173   1.0089732   1.0089732
R 0 1  93  0  3 10    1.0592772   1.0303786   1.0345121   0.9889765   0.9730185   0.9694566   0.9643671   0.9678564   0.9983790   1.0098862   1.0098862   1.0098862
R 0 1  93  0  4  0    1.3516482   1.3516482   1.2852064   2.7263756   2.2450875   2.3164050   2.2181726   2.2821190   2.2821190   2.2821190   2.2821190   2.2821190
R 0 1  93  0  4  1    2.0128762   2.0128762   2.0128762   2.0128762   2.1195970   2.2357785   2.1830827   2.1936780   2.1936780   2.1936780   2.1936780   2.1936780
R 0 1  93  0  4  2    1.9657717   1.9657717   1.9657717   1.9657717   2.2032468   2.2545508   2.2622457   2.2566101   2.2566101   2.2566101   2.2566101   2.2566101
R 0 1  93  0  4  3    1.8503729   1.8503729   1.8503729   1.8503729   2.2543723   2.2575324   2.2425374   2.2243695   2.2243695   2.2243695   2.2243695   2.2243695
R 0 1  93  0  4  4    1.8591454   1.8591454   1.8591454   2.0703554   2.1142140   2.0960511   2.2052947   2.3115766   2.3115766   2.3115766   2.3115766   2.3115766
R 0 1  93  0  4  5    1.6805755   1.6805755   2.0513111   2.0894126   2.0839734   2.0919700   1.9691160   1.9691160   1.9691160   1.9691160   1.9691160   1.9691160
R 0 1  93  0  4  6    1.9505633   1.9505633   1.9505633   2.2746692   2.1622797   2.3469214   2.3479805   2.2448011   2.2448011   2.2448011   2.2448011   2.2448011
R 0 1  93  0  4  7    1.9008909   1.9008909   1.9008909   1.9008909   2.2862232   2.3762343   2.2967742   2.3147740   2.4025231   2.3815512   2.3815512   2.3815512
R 0 1  93  0  4  8    2.3570035   2.3570035   2.3570035   2.3570035   2.3570035   2.3570035   2.3570035   2.2129071   2.2311764   2.2606750   2.2730669   2.2426300
R 0 1  93  0  4  9    1.9742451   1.9742451   1.9742451   1.9742451   1.9742451   1.9742451   2.1068223   2.0468593   2.0081903   2.1717667   2.1913558   2.1913558
R 0 1  93  0  4 10    2.0918202   2.1192258   2.0447777   1.8434407   1.9799864   1.9632930   1.9259574   1.9323931   2.0049608   1.9718203   1.9718203   1.9718203
R 0 1  93  0  5  0   13.9764396  13.9764396   7.9518176   1.0033333   3.6285824   3.7022941   4.3375228   3.8560765   3.8560765   3.8560765   3.8560765   3.8560765
R 0 1  93  0  5  1    3.6377227   3.6377227   3.6377227   3.6377227   4.1633777   4.0001538   4.6133834   4.4188684   4.4188684   4.4188684   4.4188684   4.4188684
R 0 1  93  0  5  2    3.5533464   3.5533464   3.5533464   3.5533464   4.1329801   4.1467042   4.1011799   4.1020886   4.1020886   4.1020886   4.1020886   4.1020886
R 0 1  93  0  5  3    4.6681191   4.6681191   4.6681191   4.6681191   3.9941084   3.9375114   4.3245351   4.3314308   4.3314308   4.3314308   4.3314308   4.3314308
R 0 1  93  0  5  4    6.0767827   6.0767827   6.0767827   4.6682596   4.8554584   4.8063239   4.0121586   3.2135436   3.2135436   3.2135436   3.2135436   3.2135436
R 0 1  93  0  5  5    5.5101234   5.5101234   5.0306616   5.0915915   5.4717078   4.6955352   4.4182504   4.4182504   4.4182504   4.4182504   4.4182504   4.4182504
R 0 1  93  0  5  6    2.8714678   2.8714678   2.8714678   3.5565359   4.6670293   2.9690593   2.3979436   2.1422472   2.1422472   2.1422472   2.1422472   2.1422472
R 0 1  93  0  5  7    3.6614205   3.6614205   3.6614205   3.6614205   3.8352426   3.0610455   3.1674459   3.0958652   2.5226553   2.0030059   2.0030059   2.0030059
R 0 1  93  0  5  8    3.1815782   3.1815782   3.1815782   3.1815782   3.1815782   3.1815782   3.1815782   4.4719393   4.5795929   4.2909285   3.7807795   4.3787707
R 0 1  93  0  5  9    5.8135624   5.8135624   5.8135624   5.8135624   5.8135624   5.8135624   5.8421840   6.1381656   6.9316829   5.8522503   5.7325252   5.7325252
R 0 1  93  0  5 10    4.8690711   4.7190191   4.2838407   6.2420070   5.4414239   6.6835893   8.3082574   8.3474882   7.7444068   7.9092823   7.9092823   7.9092823
F  0  1  93  0  0  0    0.9934076   1.0131640   0.9906067   1.0143935   0.9883541   0.9915805   0.9843818   0.9942796   0.9876200   0.9791377   0.9807185
F  0  1  93  1  0  0    1.0515226   1.0684087   1.0573338   1.0761975   1.0727032   1.0850895   1.0768587   1.0678316   1.0442672   1.0589316   1.0842157
C  0  1  93  0  0  0  -0.3125610 -0.0613998 -0.2306921 -0.4426197 -0.1710603 -0.0608219 -0.2421641 -0.2806810 -0.3249107 -0.0349219 -0.3037935 -0.3490019 -0.1094372 -0.4454045 -0.2901166 -0.0409437
C  0  1  93  0  0  1  -0.0040528 -0.1851491 -0.1499345 -0.0545637 -0.1236948 -0.0042127 -0.1434007 -0.1553123  0.0040768 -0.2141072 -0.1093715 -0.1262743 -0.1231927 -0.1450847 -0.2173840 -0.0804287
C  0  1  93  0  0  2  -0.1344325 -0.1994200 -0.1075062 -0.1230408 -0.0804445 -0.1049128 -0.0096355 -0.1011743 -0.0205480 -0.0280143  0.0070729 -0.0107683 -0.1329488 -0.0284593  0.0009733  0.0132996
C  0  1  93  0  0  3  -0.0835363 -0.0997358 -0.0829686 -0.1275759 -0.0168191 -0.1343821 -0.1374611  0.0053768 -0.0186006  0.0389187 -0.1851084 -0.0399770 -0.1306327 -0.0844953 -0.0171507 -0.1922297
C  0  1  93  0  0  4  -0.0847901 -0.0748371 -0.0857808 -0.1028997 -0.1316431 -0.1280672 -0.0552341  0.0244627 -0.1005698  0.0180239 -0.0421236 -0.0506278 -0.0991214 -0.1454327  0.0023873  0.0424901
C  0  1  93  0  0  5   0.0449614 -0.0313655 -0.1087913  0.0953187  0.0427528 -0.0406616 -0.0407241 -0.0754238 -0.0245182 -0.0166108  0.0506281  0.0633801 -0.0560596  0.0831135  0.0885475 -0.0443937
C  0  1  93  0  0  6  -0.0300222  0.0912327  0.0242637 -0.0490863 -0.0086882  0.1033409 -0.0263888 -0.0226188 -0.1110047 -0.0316417 -0.0466765  0.0660323 -0.1134195  0.0141928  0.0123109  0.1051636
C  0  1  93  0  0  7  -0.0405412 -0.1198779  0.0175700 -0.0118149 -0.0316750  0.0119887  0.0017711 -0.0303513 -0.0549196  0.0003389 -0.0012584 -0.0088495  0.0297701 -0.0210983 -0.0714258  0.0067002
C  0  1  93  0  0  8  -0.0005930  0.0147315  0.0442102  0.0039926 -0.0255226  0.0422503 -0.0546608  0.0381939  0.0091466  0.0373086  0.0290635  0.1133948  0.0373866  0.0814114 -0.0608418  0.0457184
C  0  1  93  0  0  9  -0.0364864  0.0713440 -0.0268544  0.0248886 -0.0358064  0.0283622 -0.0370495  0.0994452 -0.0023406  0.0661215  0.0347137  0.0835036  0.0007074  0.0751808  0.0206428  0.1172061
C  0  1  93  0  0 10  -0.0091554 -0.0277596  0.0728330 -0.0719282 -0.0083322 -0.0066591 -0.0588865 -0.0426079  0.0021671 -0.0449355  0.0348192  0.0108618 -0.0430306  0.0572260  0.0195606  0.0573304
C  0  1  93  0  0 11   0.0235971  0.0219892 -0.0403699  0.0444202  0.0424216  0.0194420  0.0232324  0.0564596 -0.0173311  0.0086619  0.0508444 -0.0018140  0.0429920  0.0089930  0.0174007  0.0018404
C  0  1  93  0  0 12   0.0431367  0.0343506  0.0115502 -0.0279112 -0.0304241  0.0026033 -0.0262105 -0.0174961  0.0023533  0.0776378 -0.0149741  0.0433109 -0.0577374 -0.0115904  0.0541229 -0.0345204
C  0  1  93  0  0 13   0.0007052 -0.0629955 -0.0700428  0.0052031 -0.0300222 -0.0537387  0.0142093 -0.0067514 -0.0201673  0.0449386 -0.0439263  0.0403035  0.0379126 -0.0168622 -0.0135024  0.0588374
C  0  1  93  0  0 14  -0.0496058 -0.0215552 -0.0100741 -0.0338709 -0.0099146 -0.0624131 -0.0381649 -0.0353784 -0.0950015 -0.0338705  0.0860891 -0.0631342  0.0803922  0.0611514 -0.0672046 -0.0606738
C  0  1  93  0  0 15   0.0380950 -0.0855997  0.0476639  0.0093202 -0.0343681 -0.0759230 -0.0283346 -0.0408378 -0.0679609 -0.0332734  0.0341576 -0.1519286 -0.0333919 -0.0200854 -0.0772097 -0.0602930
C  0  1  93  0  0 16   0.0914474  0.0299317  0.0986850 -0.0792403 -0.0649667 -0.1431980  0.0341450 -0.0594011 -0.1244141  0.0842407 -0.0002053 -0.0254340 -0.0568868 -0.0312321 -0.0852020 -0.0216488
C  0  1  93  0  0 17  -0.1247501 -0.0798011 -0.1305729 -0.1408847 -0.1028015 -0.1373819 -0.0133564 -0.0059959 -0.0597678 -0.0271451  0.0313182  0.1412355 -0.0597455 -0.1711627 -0.0005006 -0.0902474
C  0  1  93  0  0 18  -0.1740945  0.0147391 -0.0687533 -0.1150145 -0.0934316 -0.1183853 -0.0334923 -0.0296259 -0.0424140 -0.0539196 -0.0774029 -0.0277793 -0.0212065  0.0037398 -0.1458179 -0.0640199
C  0  1  93  0  0 19   0.0806213 -0.0193713 -0.2463949  0.0094600 -0.1200935 -0.0369120 -0.1237165 -0.0357322 -0.2028696 -0.0908338 -0.0780050  0.0391807 -0.0605679 -0.0507981 -0.0838498 -0.0393651
C  0  1  93  0  0 20  -0.0360655 -0.0944220  0.0070617 -0.0643215 -0.2540407 -0.1155658 -0.1349497 -0.1366851 -0.1647221 -0.1583301 -0.1173503  0.0447729 -0.0386880 -0.1872721 -0.0355233 -0.1040700
C  0  1  93  0  0 21  -0.1576384 -0.2042933 -0.3039719 -0.2062026 -0.1987065 -0.1136620 -0.2110980 -0.0275529 -0.1651940 -0.1469834 -0.2349023 -0.3340253 -0.2747560 -0.3959255 -0.1786972 -0.1728814
C  0  1  93  0  1  0  -0.0024235  0.0015437  0.0007379 -0.0010743 -0.0030532 -0.0020143  0.0018425 -0.0003590  0.0034441  0.0004809 -0.0047946  0.0032784  0.0064378  0.0015828  0.0044270  0.0042314
C  0  1  93  0  1  1  -0.0009576  0.0017733  0.0014385 -0.0041395 -0.0007224 -0.0041295  0.0024977  0.0034830  0.0028064 -0.0007929 -0.0005476 -0.0026571 -0.0009446  0.0030100  0.0028959  0.0021723
C  0  1  93  0  1  2   0.0026994 -0.0030096  0.0017089 -0.0003478 -0.0014812  0.0012267 -0.0011250  0.0002851 -0.0026046  0.0027623 -0.0029103 -0.0017460  0.0025661  0.0008365  0.0020149 -0.0000974
C  0  1  93  0  1  3   0.0009360  0.0013421  0.0010353 -0.0022387 -0.0008052  0.0021860  0.0012418 -0.0003631 -0.0029607 -0.0007121  0.0005475 -0.0008913 -0.0010951  0.0016141  0.0013134  0.0048739
C  0  1  93  0  1  4   0.0025140  0.0001204 -0.0032743  0.0022513  0.0014581 -0.0029122  0.0015095  0.0020925  0.0003700  0.0006438 -0.0001098 -0.0013857  0.0039221  0.0003596  0.0002745 -0.0024861
C  0  1  93  0  1  5   0.0009188  0.0010465 -0.0012112  0.0027863  0.0015668  0.0000215 -0.0019890  0.0009020  0.0005246  0.0016972  0.0006624 -0.0018150 -0.0006142  0.0009310 -0.0009881 -0.0019751
C  0  1  93  0  1  6   0.0020697 -0.0004237 -0.0028628 -0.0013313  0.0000894 -0.0015844 -0.0014375 -0.0007592  0.0002900 -0.0001092 -0.0014586 -0.0008378 -0.0023168 -0.0027672  0.0002291 -0.0012057
C  0  1  93  0  1  7   0.0023357  0.0021181 -0.0007805  0.0013057  0.0008429  0.0001937  0.0002522 -0.0001079  0.0000486 -0.0014042  0.0008707 -0.0022389 -0.0016457 -0.0001715 -0.0004742  0.0019648
C  0  1  93  0  1  8   0.0010537  0.0018111 -0.0008323  0.0002655  0.0018710  0.0019229  0.0003224  0.0002587  0.0015825  0.0019592  0.0007506 -0.0013293 -0.0009198 -0.0012422  0.0011500  0.0024164
C  0  1  93  0  1  9  -0.0017129  0.0017397  0.0013198  0.0004898 -0.0005660  0.0001633 -0.0000210  0.0003163 -0.0020522 -0.0022699 -0.0042240 -0.0011317 -0.0015779 -0.0005645 -0.0010517  0.0000005
C  0  1  93  0  1 10   0.0016025 -0.0007265  0.0012142  0.0000696  0.0008856  0.0004209  0.0008978 -0.0007338 -0.0015669 -0.0021011  0.0004716 -0.0015702 -0.0019115 -0.0014648 -0.0019121  0.0016805
C  0  1  93  0  1 11  -0.0002906  0.0013520  0.0002993  0.0004856 -0.0005708 -0.0000520 -0.0021320 -0.0010828 -0.0035323  0.0001761 -0.0010765 -0.0018429  0.0015060 -0.0003971 -0.0010720 -0.0007172
C  0  1  93  0  1 12   0.0005850 -0.0006626  0.0006546  0.0001401  0.0002448  0.0020330 -0.0000185 -0.0002604  0.0005893  0.0005969  0.0001739  0.0014301 -0.0000168  0.0000249  0.0014292  0.0007207
C  0  1  93  0  1 13   0.0022291 -0.0009646  0.0004127  0.0018054  0.0019692  0.0000164 -0.0004430  0.0002083 -0.0019618 -0.0006093 -0.0027600 -0.0012472 -0.0008312  0.0005966  0.0005726  0.0017238
C  0  1  93  0  1 14   0.0015171  0.0006149  0.0025893  0.0014014  0.0001129  0.0028726 -0.0016744  0.0032568 -0.0002136  0.0009704 -0.0002843 -0.0005780 -0.0000766  0.0017776 -0.0005751  0.0038415
C  0  1  93  0  1 15   0.0023966  0.0007166 -0.0010560  0.0012799  0.0005133  0.0014273 -0.0002153 -0.0008314  0.0007863 -0.0004456 -0.0004523  0.0014088 -0.0009015  0.0011130  0.0011767 -0.0007254
C  0  1  93  0  1 16   0.0044917  0.0026072  0.0001824  0.0029223 -0.0016503  0.0008620  0.0006671 -0.0009069  0.0016572 -0.0013754  0.0005533  0.0003894 -0.0005998  0.0024064  0.0006925  0.0031096
C  0  1  93  0  1 17   0.0011965 -0.0028569 -0.0008544  0.0046928 -0.0001889  0.0033149  0.0008411  0.0017577 -0.0005965  0.0029030  0.0015880  0.0004916  0.0027691 -0.0000978  0.0028025  0.0035954
C  0  1  93  0  1 18   0.0066588  0.0050996  0.0015517 -0.0010048 -0.0000122  0.0029175  0.0053005  0.0026566 -0.0000677  0.0004663  0.0033194  0.0025941 -0.0007769  0.0002100  0.0046593  0.0050647
C  0  1  93  0  1 19   0.0049672  0.0027446  0.0007212  0.0013083  0.0010994  0.0006637  0.0026587  0.0032551  0.0023401  0.0015508 -0.0003307 -0.0013483  0.0019339  0.0009794  0.0040060  0.0051065
C  0  1  93  0  1 20   0.0069883  0.0050107  0.0075811  0.0047574 -0.0009567  0.0047240  0.0009118  0.0026534  0.0021488  0.0023833 -0.0001062 -0.0020052  0.0010317  0.0035679  0.0063845  0.0096868
C  0  1  93  0  1 21   0.0138946  0.0118306  0.0040028  0.0015653 -0.0032712 -0.0076133 -0.0076260 -0.0031302 -0.0051336  0.0022236  0.0004367  0.0048309  0.0030674  0.0009889  0.0074510  0.0030319
C  0  1  93  1  0  0  -0.4680326 -0.3399188 -0.3365947 -0.3153004 -0.2038904 -0.4727371 -0.3643944 -0.3776491 -0.3337841 -0.3826819 -0.2724382 -0.3797644 -0.4194481 -0.4047243 -0.4503323 -0.4632192
C  0  1  93  1  0  1  -0.3059418 -0.3313184 -0.2844455 -0.2949353 -0.3619952 -0.2351304 -0.2451525 -0.2628406 -0.2709867 -0.2135723 -0.2761960 -0.2953235 -0.3260707 -0.3986049 -0.2876842 -0.3397164
C  0  1  93  1  0  2  -0.2888355 -0.3055456 -0.2583418 -0.2930571 -0.3050620 -0.2418453 -0.2537657 -0.2762973 -0.2443482 -0.1755907 -0.2693354 -0.2638720 -0.3725016 -0.3332552 -0.2697106 -0.3267603
C  0  1  93  1  0  3  -0.2718837 -0.3073619 -0.3153159 -0.2755494 -0.2457720 -0.2287099 -0.1834908 -0.0893390 -0.2145233 -0.2422118 -0.1935014 -0.2962334 -0.2764088 -0.2820886 -0.2789744 -0.3073926
C  0  1  93  1  0  4  -0.2810618 -0.2680022 -0.2754588 -0.2577059 -0.2653856 -0.2310649 -0.2724901 -0.2306310 -0.2087515 -0.1853619 -0.2256673 -0.3132271 -0.2561901 -0.2354926 -0.2909371 -0.2688423
C  0  1  93  1  0  5  -0.1951373 -0.1544311 -0.1793285 -0.1655539 -0.1539042 -0.1458047 -0.1958044 -0.1796803 -0.1347889 -0.1610673 -0.1572478 -0.2241297 -0.2093085 -0.1581056 -0.2177419 -0.1767125
C  0  1  93  1  0  6  -0.1456586 -0.1269454 -0.2079761 -0.1777516 -0.1390187 -0.1188831 -0.1529171 -0.1461344 -0.1731387 -0.1720924 -0.0778088 -0.1593151 -0.1661525 -0.1340912 -0.1435124 -0.1756756
C  0  1  93  1  0  7  -0.1335209 -0.1701231 -0.1545611 -0.1333133 -0.1461374 -0.1645438 -0.2094621 -0.1537936 -0.1325525 -0.1074989 -0.1078579 -0.1760510 -0.1722288 -0.1765621 -0.1516436 -0.1168260
C  0  1  93  1  0  8  -0.1694377 -0.1165937 -0.1605458 -0.1305919 -0.1647056 -0.1443106 -0.1434650 -0.1500311 -0.1420660 -0.0849184 -0.1559436 -0.1553750 -0.1127717 -0.1264512 -0.1549943 -0.1255197
C  0  1  93  1  0  9  -0.1616585 -0.1468170 -0.0850866 -0.1417157 -0.1077446 -0.1267339 -0.1284017 -0.1862723 -0.1231780 -0.0949299 -0.0900317 -0.1535552 -0.1245214 -0.1032396 -0.1584860 -0.1448634
C  0  1  93  1  0 10  -0.1378658 -0.0846772 -0.1046534 -0.1262673 -0.1222113 -0.1031893 -0.1217812 -0.1127819 -0.1024768 -0.1198257 -0.1459414 -0.0995688 -0.1122777 -0.1211061 -0.0826834 -0.0925476
C  0  1  93  1  0 11  -0.1327090 -0.1035762 -0.1359545 -0.0795457 -0.1301277 -0.1251920 -0.1157889 -0.1006536 -0.1358332 -0.0884886 -0.1303821 -0.1596367 -0.0880877 -0.1185938 -0.0680344 -0.0922354
C  0  1  93  1  0 12  -0.0929536 -0.1384418 -0.1443487 -0.0984345 -0.1692950 -0.0930473 -0.1054842 -0.1455755 -0.1337199 -0.1195580 -0.1190476 -0.0684121 -0.0652996 -0.1320430 -0.0966357 -0.1473013
C  0  1  93  1  0 13  -0.0879684 -0.1520143 -0.1430087 -0.1479198 -0.1130828 -0.2170326 -0.1394557 -0.1472100 -0.1182558 -0.1291455 -0.1485524 -0.1540868 -0.1189417 -0.1072287 -0.1589978 -0.1316373
C  0  1  93  1  0 14  -0.0969609 -0.1691326 -0.1605945 -0.1779944 -0.1577009 -0.1450369 -0.1274469 -0.2405850 -0.1292001 -0.1563433 -0.1181514 -0.1442054 -0.1674901 -0.0999037 -0.1373589 -0.1721743
C  0  1  93  1  0 15  -0.1268911 -0.1503733 -0.1554100 -0.1039531 -0.1429670 -0.1111872 -0.1493227 -0.1519469 -0.1740380 -0.1056270 -0.1460377 -0.1502459 -0.1697301 -0.1196519 -0.1086527 -0.1831737
C  0  1  93  1  0 16  -0.1576344 -0.1440864 -0.1509899 -0.1338872 -0.1717569 -0.1536217 -0.2256156 -0.1987455 -0.2051752 -0.1907538 -0.1270612 -0.1374276 -0.1778743 -0.1517850 -0.1252529 -0.1107912
C  0  1  93  1  0 17  -0.2700628 -0.2546216 -0.2136551 -0.2559975 -0.2276721 -0.2840598 -0.2406093 -0.2990887 -0.2522336 -0.2664643 -0.2530071 -0.2471388 -0.1861141 -0.2816557 -0.2043934 -0.2320678
C  0  1  93  1  0 18  -0.2762348 -0.2468715 -0.3011810 -0.2419342 -0.2198213 -0.1726449 -0.2813488 -0.2566315 -0.2397472 -0.2476019 -0.2534628 -0.2877198 -0.2569065 -0.1546947 -0.1821596 -0.1865065
C  0  1  93  1  0 19  -0.2038131 -0.2384048 -0.2494800 -0.2812115 -0.2737006 -0.2532779 -0.2683316 -0.1969050 -0.2794482 -0.3099237 -0.2189567 -0.2884899 -0.2266532 -0.2503314 -0.2538771 -0.2305558
C  0  1  93  1  0 20  -0.2151918 -0.2619250 -0.3024798 -0.3166847 -0.3042563 -0.2253886 -0.2706661 -0.3268121 -0.3141133 -0.3172067 -0.2595171 -0.2691037 -0.3240393 -0.2662369 -0.2011254 -0.3176398
C  0  1  93  1  0 21  -0.4100179 -0.3215003 -0.4147128 -0.4033508 -0.3452947 -0.2315061 -0.3173913 -0.3619352 -0.3905949 -0.2887557 -0.2662054 -0.3895150 -0.2430000 -0.3363410 -0.3497593 -0.3787457
C  0  1  93  1  1  0   0.0441655  0.0489345  0.0416230  0.0268580  0.0011907 -0.0200550 -0.0347041 -0.0438489 -0.0469883 -0.0374144 -0.0315444 -0.0187072  0.0023639  0.0056382  0.0255622  0.0380945
C  0  1  93  1  1  1   0.0252046  0.0220971  0.0169196  0.0124352  0.0026312 -0.0064652 -0.0160655 -0.0186690 -0.0170945 -0.0137712 -0.0156915 -0.0078278  0.0043128  0.0095310  0.0119562  0.0239111
C  0  1  93  1  1  2   0.0123318  0.0132935  0.0098397  0.0057040  0.0020397 -0.0023690 -0.0074747 -0.0078414 -0.0081907 -0.0056343 -0.0052417 -0.0029847  0.0006228  0.0042386  0.0051950  0.0112819
C  0  1  93  1  1  3   0.0074686  0.0074095  0.0026580  0.0045451  0.0015996 -0.0000745 -0.0029478 -0.0012397  0.0000500  0.0002377 -0.0024861  0.0005259  0.0024238  0.0026568  0.0033909  0.0069428
C  0  1  93  1  1  4   0.0014042  0.0028562  0.0003702  0.0009283  0.0027861  0.0028637  0.0009653  0.0019181  0.0040087  0.0030375 -0.0009899 -0.0005539  0.0026500  0.0011342  0.0032741  0.0018091
C  0  1  93  1  1  5   0.0012368  0.0002612 -0.0004701  0.0033012  0.0036418  0.0044956  0.0039389  0.0044366  0.0054767  0.0030482 -0.0009767 -0.0003966  0.0025449  0.0035489  0.0016458 -0.0009679
C  0  1  93  1  1  6   0.0019688  0.0020078 -0.0006509  0.0032602  0.0050149  0.0038347  0.0052390  0.0055778  0.0042640  0.0008030  0.0004927  0.0002291  0.0005908  0.0007207  0.0005134 -0.0008244
C  0  1  93  1  1  7  -0.0010864  0.0014004  0.0014033  0.0049623  0.0049401  0.0038547  0.0060491  0.0032012  0.0036246  0.0009176  0.0000034 -0.0005139  0.0011887  0.0011375  0.0024470 -0.0007254
C  0  1  93  1  1  8  -0.0003984  0.0013008  0.0020432  0.0020644  0.0050443  0.0041417  0.0050620  0.0043682  0.0052908  0.0010985  0.0004026  0.0002389  0.0017163  0.0008398  0.0017962 -0.0009794
C  0  1  93  1  1  9   0.0003007  0.0020882  0.0009491  0.0026114  0.0024615  0.0023665  0.0030891  0.0039430  0.0020179 -0.0002676  0.0016245  0.0013836  0.0010868  0.0002660 -0.0005146 -0.0017649
C  0  1  93  1  1 10  -0.0010341  0.0013804  0.0019963  0.0012635  0.0015513  0.0014544  0.0022978  0.0027843  0.0027486 -0.0009733 -0.0006254 -0.0004440 -0.0008759  0.0004816  0.0021459 -0.0013201
C  0  1  93  1  1 11  -0.0005460  0.0010856  0.0001446  0.0006050  0.0025761 -0.0004547  0.0007133  0.0021797  0.0015749  0.0013263 -0.0020608 -0.0004525  0.0005163 -0.0007038  0.0001925 -0.0017453
C  0  1  93  1  1 12   0.0001649  0.0017054  0.0025379  0.0032325  0.0026243  0.0020217  0.0012168  0.0025031  0.0037779  0.0005034  0.0019287 -0.0001762  0.0008640 -0.0003849  0.0005534 -0.0013786
C  0  1  93  1  1 13  -0.0000509  0.0017273  0.0024384  0.0034247  0.0033595  0.0026767  0.0048749  0.0056566  0.0046778  0.0005354  0.0010957  0.0000579 -0.0007275 -0.0020779  0.0000926 -0.0015280
C  0  1  93  1  1 14  -0.0008488  0.0007274  0.0022408  0.0039095  0.0037970  0.0018019  0.0030868  0.0059807  0.0048158  0.0011237  0.0009670  0.0000111 -0.0017541 -0.0018603 -0.0015588 -0.0018774
C  0  1  93  1  1 15  -0.0021241  0.0003803  0.0019662  0.0031311  0.0024081 -0.0013287  0.0025828  0.0032380  0.0053272  0.0034246  0.0020811 -0.0002151 -0.0029195 -0.0060261 -0.0053198 -0.0055816
C  0  1  93  1  1 16  -0.0010794  0.0009329  0.0025390  0.0044946  0.0025118  0.0009531  0.0044815  0.0035795  0.0046927  0.0063606  0.0034750  0.0021773 -0.0018922 -0.0015892 -0.0043009 -0.0061309
C  0  1  93  1  1 17  -0.0035277  0.0019789  0.0009682  0.0061116  0.0017771 -0.0012222  0.0002445  0.0039333  0.0038615  0.0040502  0.0031160  0.0033707 -0.0004206 -0.0038967 -0.0061242 -0.0048242
C  0  1  93  1  1 18   0.0018869  0.0071200  0.0047973  0.0073318  0.0042135  0.0006603 -0.0017295  0.0009637  0.0039086  0.0050571  0.0024170 -0.0003268 -0.0018408 -0.0030757 -0.0053021 -0.0033391
C  0  1  93  1  1 19   0.0029353  0.0085393  0.0131446  0.0097894  0.0063741  0.0026029 -0.0029534 -0.0004192  0.0040409  0.0068735  0.0034462 -0.0008683 -0.0022295 -0.0043271 -0.0046656 -0.0018980
C  0  1  93  1  1 20   0.0023781  0.0146099  0.0179746  0.0133619  0.0070502  0.0037169 -0.0028906 -0.0003565  0.0019617  0.0066672  0.0006207 -0.0024354 -0.0054376 -0.0088291 -0.0049071 -0.0040421
C  0  1  93  1  1 21   0.0089617  0.0218205  0.0310835  0.0214979  0.0138859  0.0153811  0.0104753  0.0106908  0.0112446  0.0119238  0.0007249 -0.0046689 -0.0084987 -0.0172492 -0.0088961  0.0012490
