CPHI 16 
CETA 22 -2.40 -2.10 -1.85 -1.60 -1.40 -1.20 -1.00 -0.80 -0.60 -0.40 -0.20  0.00  0.20  0.40  0.60  0.80  1.00  1.20  1.40  1.60  1.85  2.10  2.40 
RMIN  6 
RTRK 12 
RETA 11  0.00  0.20  0.40  0.60  0.80  1.00  1.20  1.40  1.60  1.85  2.10  2.40 
T 0 1  94  0  0  0    0.0000000   0.0006321   0.0017226   0.0032086   0.0121916   0.0693773   0.2776271   0.6532622   1.0000000   1.0000000   1.0000000   1.0000000   1.0000000
T 0 1  94  0  0  1    0.0000000   0.0001286   0.0005267   0.0023908   0.0123784   0.0587449   0.2258714   0.5877785   1.0000000   1.0000000   1.0000000   1.0000000   1.0000000
T 0 1  94  0  0  2    0.0000000   0.0001381   0.0005431   0.0017840   0.0107324   0.0555172   0.2096580   0.5735410   1.0000000   1.0000000   1.0000000   1.0000000   1.0000000
T 0 1  94  0  0  3    0.0000000   0.0002015   0.0005688   0.0017326   0.0114459   0.0621837   0.2253838   0.5861728   1.0000000   1.0000000   1.0000000   1.0000000   1.0000000
T 0 1  94  0  0  4    0.0000000   0.0004342   0.0025926   0.0145909   0.0635926   0.2052240   0.4898042   0.8224610   1.0000000   1.0000000   1.0000000   1.0000000   1.0000000
T 0 1  94  0  0  5    0.0000000   0.0009712   0.0074971   0.0517287   0.2056341   0.5326506   0.8760087   0.9993708   1.0000000   1.0000000   1.0000000   1.0000000   1.0000000
T 0 1  94  0  0  6    0.0000000   0.0002971   0.0011862   0.0103197   0.0673617   0.2773929   0.6633891   0.9313056   0.9983121   0.9999976   1.0000000   1.0000000   1.0000000
T 0 1  94  0  0  7    0.0000000   0.0000412   0.0003784   0.0008856   0.0048175   0.0310775   0.1195637   0.2979633   0.5818269   0.8693129   0.9843139   0.9998758   1.0000000
T 0 1  94  0  0  8    0.0000000   0.0000034   0.0000202   0.0001190   0.0004135   0.0010407   0.0043831   0.0252842   0.1196727   0.3937582   0.7887687   0.9691710   1.0000000
T 0 1  94  0  0  9    0.0000000   0.0000064   0.0000079   0.0000264   0.0005420   0.0035737   0.0184324   0.0865945   0.3026975   0.6585300   0.9389957   0.9999597   1.0000000
T 0 1  94  0  0 10    0.0000000   0.0066553   0.0289577   0.0463776   0.0794420   0.1686367   0.3379218   0.6899543   0.9105601   0.9701039   0.9998249   1.0000000   1.0000000
T 0 1  94  1  0  0    0.0000000   0.0005148   0.0016399   0.0047460   0.0213440   0.1017716   0.3374237   0.6994022   1.0000000   1.0000000   1.0000000   1.0000000   1.0000000
T 0 1  94  1  0  1    0.0000000   0.0002633   0.0010891   0.0042307   0.0181163   0.0752157   0.2537985   0.6193956   1.0000000   1.0000000   1.0000000   1.0000000   1.0000000
T 0 1  94  1  0  2    0.0000000   0.0002194   0.0008486   0.0027728   0.0124455   0.0616642   0.2339277   0.6064318   1.0000000   1.0000000   1.0000000   1.0000000   1.0000000
T 0 1  94  1  0  3    0.0000000   0.0002283   0.0008669   0.0027852   0.0140251   0.0700545   0.2491207   0.6198491   1.0000000   1.0000000   1.0000000   1.0000000   1.0000000
T 0 1  94  1  0  4    0.0000000   0.0004356   0.0027620   0.0153929   0.0663357   0.2155446   0.5058694   0.8320271   1.0000000   1.0000000   1.0000000   1.0000000   1.0000000
T 0 1  94  1  0  5    0.0000000   0.0011873   0.0094478   0.0577925   0.2246261   0.5586818   0.8900123   0.9996500   1.0000000   1.0000000   1.0000000   1.0000000   1.0000000
T 0 1  94  1  0  6    0.0000000   0.0004626   0.0026649   0.0180020   0.0942133   0.3329130   0.7236541   0.9536823   0.9988141   0.9999984   1.0000000   1.0000000   1.0000000
T 0 1  94  1  0  7    0.0000000   0.0002246   0.0006446   0.0024765   0.0123245   0.0526267   0.1570011   0.3413836   0.6074237   0.8728054   0.9849908   0.9998878   1.0000000
T 0 1  94  1  0  8    0.0000000   0.0009562   0.0014955   0.0017998   0.0022382   0.0036136   0.0107994   0.0452511   0.1686405   0.4573475   0.8251665   0.9710661   1.0000000
T 0 1  94  1  0  9    0.0000000   0.0021003   0.0074838   0.0131257   0.0159362   0.0198461   0.0401951   0.1288935   0.3661962   0.7154288   0.9583841   0.9999941   1.0000000
T 0 1  94  1  0 10    0.0000000   0.0032254   0.0170235   0.0428863   0.0843736   0.1746921   0.3942474   0.7474223   0.9511020   0.9856143   0.9999985   1.0000000   1.0000000
R 0 1  94  0  0  0    0.0243920   0.0243920   0.0125927   0.0104980   0.0103456   0.0102054   0.0100108   0.0098075   0.0098075   0.0098075   0.0098075   0.0098075
R 0 1  94  0  0  1    0.0117466   0.0117466   0.0117466   0.0117466   0.0109638   0.0109028   0.0109384   0.0108435   0.0108435   0.0108435   0.0108435   0.0108435
R 0 1  94  0  0  2    0.0127729   0.0127729   0.0127729   0.0127729   0.0121035   0.0119983   0.0118404   0.0117318   0.0117318   0.0117318   0.0117318   0.0117318
R 0 1  94  0  0  3    0.0133097   0.0133097   0.0133097   0.0133097   0.0125438   0.0125585   0.0123664   0.0122436   0.0122436   0.0122436   0.0122436   0.0122436
R 0 1  94  0  0  4    0.0188724   0.0188724   0.0188724   0.0174582   0.0169894   0.0159062   0.0144914   0.0130382   0.0130382   0.0130382   0.0130382   0.0130382
R 0 1  94  0  0  5    0.0207544   0.0207544   0.0192141   0.0191083   0.0187150   0.0180844   0.0168916   0.0168916   0.0168916   0.0168916   0.0168916   0.0168916
R 0 1  94  0  0  6    0.0198739   0.0198739   0.0198739   0.0204711   0.0207861   0.0206957   0.0207672   0.0205656   0.0205656   0.0205656   0.0205656   0.0205656
R 0 1  94  0  0  7    0.0217962   0.0217962   0.0217962   0.0217962   0.0203034   0.0211259   0.0210430   0.0209599   0.0205239   0.0197385   0.0197385   0.0197385
R 0 1  94  0  0  8    0.0212416   0.0212416   0.0212416   0.0212416   0.0212416   0.0212416   0.0212416   0.0210025   0.0209104   0.0209687   0.0201549   0.0188046
R 0 1  94  0  0  9    0.0303188   0.0303188   0.0303188   0.0303188   0.0303188   0.0303188   0.0299313   0.0288248   0.0275503   0.0264009   0.0248594   0.0248594
R 0 1  94  0  0 10    0.0822281   0.0705537   0.0615674   0.0534365   0.0472024   0.0441043   0.0409140   0.0352970   0.0339749   0.0305636   0.0305636   0.0305636
R 0 1  94  0  1  0    0.0000000   0.0000000   0.0000000   0.0000763   0.0000727   0.0000829   0.0000726   0.0000613   0.0000613   0.0000613   0.0000613   0.0000613
R 0 1  94  0  1  1    0.0000764   0.0000764   0.0000764   0.0000764   0.0000580   0.0000721   0.0000618   0.0000561   0.0000561   0.0000561   0.0000561   0.0000561
R 0 1  94  0  1  2    0.0000636   0.0000636   0.0000636   0.0000636   0.0000663   0.0000649   0.0000617   0.0000546   0.0000546   0.0000546   0.0000546   0.0000546
R 0 1  94  0  1  3    0.0000673   0.0000673   0.0000673   0.0000673   0.0000529   0.0000594   0.0000550   0.0000478   0.0000478   0.0000478   0.0000478   0.0000478
R 0 1  94  0  1  4    0.0001610   0.0001610   0.0001610   0.0000823   0.0000884   0.0000788   0.0000551   0.0000438   0.0000438   0.0000438   0.0000438   0.0000438
R 0 1  94  0  1  5    0.0001748   0.0001748   0.0000841   0.0000706   0.0000650   0.0000583   0.0000395   0.0000395   0.0000395   0.0000395   0.0000395   0.0000395
R 0 1  94  0  1  6    0.0000612   0.0000612   0.0000612   0.0000648   0.0000605   0.0000594   0.0000542   0.0000315   0.0000315   0.0000315   0.0000315   0.0000315
R 0 1  94  0  1  7    0.0001027   0.0001027   0.0001027   0.0001027   0.0000676   0.0000790   0.0000666   0.0000789   0.0000667   0.0000530   0.0000530   0.0000530
R 0 1  94  0  1  8    0.0001199   0.0001199   0.0001199   0.0001199   0.0001199   0.0001199   0.0001199   0.0001156   0.0000991   0.0001002   0.0000758   0.0000764
R 0 1  94  0  1  9    0.0002091   0.0002091   0.0002091   0.0002091   0.0002091   0.0002091   0.0002320   0.0002045   0.0001835   0.0001624   0.0001301   0.0001301
R 0 1  94  0  1 10    0.0014570   0.0010970   0.0008966   0.0007215   0.0005836   0.0004855   0.0004022   0.0002429   0.0002093   0.0001203   0.0001203   0.0001203
R 0 1  94  0  2  0    0.0000000   0.0000000   0.0000000   0.0000000   0.0000000   0.0000000   0.0000129   0.0000094   0.0000094   0.0000094   0.0000094   0.0000094
R 0 1  94  0  2  1    0.0000000   0.0000000   0.0000000   0.0000000   0.0000000   0.0000185   0.0000076   0.0000114   0.0000114   0.0000114   0.0000114   0.0000114
R 0 1  94  0  2  2    0.0000000   0.0000000   0.0000000   0.0000000   0.0000300   0.0000076   0.0000153   0.0000143   0.0000143   0.0000143   0.0000143   0.0000143
R 0 1  94  0  2  3    0.0001404   0.0001404   0.0001404   0.0001404   0.0000000   0.0000000   0.0000123   0.0000089   0.0000089   0.0000089   0.0000089   0.0000089
R 0 1  94  0  2  4    0.0000000   0.0000000   0.0000000   0.0000000   0.0000000   0.0000079   0.0000069   0.0000087   0.0000087   0.0000087   0.0000087   0.0000087
R 0 1  94  0  2  5    0.0000000   0.0000000   0.0000000   0.0000000   0.0000252   0.0000089   0.0000300   0.0000300   0.0000300   0.0000300   0.0000300   0.0000300
R 0 1  94  0  2  6    0.0000000   0.0000000   0.0000000   0.0000000   0.0000000   0.0000000   0.0000000   0.0000000   0.0000000   0.0000000   0.0000000   0.0000000
R 0 1  94  0  2  7    0.0000000   0.0000000   0.0000000   0.0000000   0.0000000   0.0000000   0.0000000   0.0000000   0.0000094   0.0000183   0.0000183   0.0000183
R 0 1  94  0  2  8    0.0000000   0.0000000   0.0000000   0.0000000   0.0000000   0.0000000   0.0000000   0.0000000   0.0000000   0.0000195   0.0000000   0.0000000
R 0 1  94  0  2  9    0.0000000   0.0000000   0.0000000   0.0000000   0.0000000   0.0000000   0.0000000   0.0000532   0.0000000   0.0000319   0.0000000   0.0000000
R 0 1  94  0  2 10    0.0000000   0.0000000   0.0000000   0.0000000   0.0000000   0.0000491   0.0001284   0.0000831   0.0000000   0.0000000   0.0000000   0.0000000
R 0 1  94  0  3  0    1.0505004   1.0505004   1.0426674   1.0289911   0.9940459   0.9852701   0.9807681   0.9848211   0.9848211   0.9848211   0.9848211   0.9848211
R 0 1  94  0  3  1    1.0231288   1.0231288   1.0231288   1.0231288   0.9937776   0.9833304   0.9793439   0.9788049   0.9788049   0.9788049   0.9788049   0.9788049
R 0 1  94  0  3  2    1.0031179   1.0031179   1.0031179   1.0031179   1.0003006   0.9864577   0.9814116   0.9808586   0.9808586   0.9808586   0.9808586   0.9808586
R 0 1  94  0  3  3    1.0037614   1.0037614   1.0037614   1.0037614   1.0071582   0.9894536   0.9826346   0.9806506   0.9806506   0.9806506   0.9806506   0.9806506
R 0 1  94  0  3  4    1.0191850   1.0191850   1.0191850   0.9893262   0.9749941   0.9749834   0.9786001   0.9877104   0.9877104   0.9877104   0.9877104   0.9877104
R 0 1  94  0  3  5    1.0219312   1.0219312   1.0031969   0.9811372   0.9756108   0.9734442   0.9727778   0.9727778   0.9727778   0.9727778   0.9727778   0.9727778
R 0 1  94  0  3  6    1.0412759   1.0412759   1.0412759   0.9970341   0.9898788   0.9857702   0.9840039   0.9861882   0.9861882   0.9861882   0.9861882   0.9861882
R 0 1  94  0  3  7    1.0161062   1.0161062   1.0161062   1.0161062   1.0340276   1.0001405   0.9931177   0.9841563   0.9876455   0.9876827   0.9876827   0.9876827
R 0 1  94  0  3  8    1.0148412   1.0148412   1.0148412   1.0148412   1.0148412   1.0148412   1.0148412   0.9967052   0.9826580   0.9839896   0.9906998   1.0125725
R 0 1  94  0  3  9    1.0371102   1.0371102   1.0371102   1.0371102   1.0371102   1.0371102   0.9923062   0.9746135   0.9737074   0.9844065   1.0069340   1.0069340
R 0 1  94  0  3 10    1.0142053   1.0402151   1.0193101   0.9890282   0.9774466   0.9684122   0.9680558   0.9715249   0.9989753   1.0137899   1.0137899   1.0137899
R 0 1  94  0  4  0    1.2911162   1.2911162   1.3745039   2.0211386   2.2134757   2.2726621   2.2385458   2.2940989   2.2940989   2.2940989   2.2940989   2.2940989
R 0 1  94  0  4  1    1.9698586   1.9698586   1.9698586   1.9698586   2.0967771   2.2136846   2.1925439   2.1910879   2.1910879   2.1910879   2.1910879   2.1910879
R 0 1  94  0  4  2    1.9520224   1.9520224   1.9520224   1.9520224   2.2138977   2.2411905   2.2499020   2.2409727   2.2409727   2.2409727   2.2409727   2.2409727
R 0 1  94  0  4  3    1.8825451   1.8825451   1.8825451   1.8825451   2.2426294   2.2608544   2.2315020   2.2234338   2.2234338   2.2234338   2.2234338   2.2234338
R 0 1  94  0  4  4    1.8266710   1.8266710   1.8266710   2.1033519   2.0593706   2.0929775   2.1998176   2.3166901   2.3166901   2.3166901   2.3166901   2.3166901
R 0 1  94  0  4  5    1.8077510   1.8077510   2.0971721   2.1310467   2.1013385   2.1028618   2.0078262   2.0078262   2.0078262   2.0078262   2.0078262   2.0078262
R 0 1  94  0  4  6    1.9853339   1.9853339   1.9853339   2.1537158   2.3597261   2.3552391   2.3409334   2.2355521   2.2355521   2.2355521   2.2355521   2.2355521
R 0 1  94  0  4  7    1.6502286   1.6502286   1.6502286   1.6502286   2.1151780   2.3196149   2.3209708   2.3252544   2.3992486   2.3691203   2.3691203   2.3691203
R 0 1  94  0  4  8    2.1551430   2.1551430   2.1551430   2.1551430   2.1551430   2.1551430   2.1551430   2.2048370   2.2050498   2.2880858   2.3307622   2.2899364
R 0 1  94  0  4  9    1.9571831   1.9571831   1.9571831   1.9571831   1.9571831   1.9571831   2.0515916   2.0403593   2.0633710   2.1755611   2.2660061   2.2660061
R 0 1  94  0  4 10    1.8269453   2.1962316   1.9810452   1.8686109   1.9768759   1.9529966   1.9584650   1.9590552   2.0756718   2.0767036   2.0767036   2.0767036
R 0 1  94  0  5  0  117.7822089 117.7822089  14.0665955   3.8356592   3.8441313   4.0080497   4.3014987   3.8506027   3.8506027   3.8506027   3.8506027   3.8506027
R 0 1  94  0  5  1    3.9203430   3.9203430   3.9203430   3.9203430   4.4005721   4.0446922   4.3801170   4.3824861   4.3824861   4.3824861   4.3824861   4.3824861
R 0 1  94  0  5  2    3.5524064   3.5524064   3.5524064   3.5524064   4.0302835   4.0325885   4.0651023   4.2619177   4.2619177   4.2619177   4.2619177   4.2619177
R 0 1  94  0  5  3    4.1469141   4.1469141   4.1469141   4.1469141   3.7772796   4.0958337   4.3074037   4.3296515   4.3296515   4.3296515   4.3296515   4.3296515
R 0 1  94  0  5  4    5.6492133   5.6492133   5.6492133   4.2450494   5.3624724   5.3151778   4.0223062   3.3589956   3.3589956   3.3589956   3.3589956   3.3589956
R 0 1  94  0  5  5    4.2016447   4.2016447   4.7799149   4.5554635   5.1923451   4.6317676   4.1646810   4.1646810   4.1646810   4.1646810   4.1646810   4.1646810
R 0 1  94  0  5  6    3.1568725   3.1568725   3.1568725   4.3543257   3.2298494   2.9766174   2.4029655   2.1394830   2.1394830   2.1394830   2.1394830   2.1394830
R 0 1  94  0  5  7    5.2852489   5.2852489   5.2852489   5.2852489   4.7469581   3.1291826   3.0357618   2.9756769   2.5521270   2.0122261   2.0122261   2.0122261
R 0 1  94  0  5  8    3.9085481   3.9085481   3.9085481   3.9085481   3.9085481   3.9085481   3.9085481   4.7294539   4.6680082   4.1845662   3.3350936   4.2312242
R 0 1  94  0  5  9    5.5906548   5.5906548   5.5906548   5.5906548   5.5906548   5.5906548   6.4323528   6.4330370   6.4860453   5.6178354   4.9200672   4.9200672
R 0 1  94  0  5 10   12.9485475   4.5944901   4.0834020   5.7672771   5.2426646   6.7704803   8.1900979   8.3341486   7.3328694   6.2124092   6.2124092   6.2124092
F  0  1  94  0  0  0    1.0010734   1.0195099   0.9896692   1.0164863   0.9680503   1.0149041   0.9923390   0.9889624   0.9896914   0.9838959   0.9756221
F  0  1  94  1  0  0    1.0467622   1.0629064   1.0529119   1.0710043   1.0522622   1.0956364   1.0744697   1.0563664   1.0489001   1.0662910   1.0796542
C  0  1  94  0  0  0  -0.2398426 -0.1498803 -0.2954456 -0.3525021 -0.2429931 -0.0885222 -0.0105936 -0.1512505 -0.2286958 -0.1502101 -0.2236719 -0.1523139 -0.2366507 -0.2891321 -0.3184905 -0.0203448
C  0  1  94  0  0  1  -0.0329881 -0.2028138 -0.1774877 -0.1220180 -0.1976303 -0.1496612 -0.1629300 -0.1133962 -0.0100296 -0.1388439  0.0194246 -0.1488264 -0.2610704 -0.1345816 -0.1776786 -0.0893878
C  0  1  94  0  0  2  -0.1228047 -0.1933989 -0.1216119 -0.1494287  0.0074762 -0.0487707  0.0066577 -0.1093257 -0.0570680 -0.1068770 -0.0919265 -0.0597414 -0.1335849 -0.0436063 -0.0838547 -0.1473517
C  0  1  94  0  0  3  -0.1111383 -0.0541302 -0.1390960  0.0043285  0.0845666 -0.0583766 -0.0791845 -0.0573802 -0.0547009  0.0454579 -0.0796469 -0.1401112 -0.1511731 -0.1809573 -0.0873224 -0.0217323
C  0  1  94  0  0  4  -0.1791078 -0.0737962 -0.0872930 -0.0473199 -0.0879656 -0.1117818 -0.0457279 -0.0614418 -0.0575325 -0.0258584  0.0131618  0.0473246 -0.1625291 -0.1045969 -0.0049721 -0.1183336
C  0  1  94  0  0  5  -0.0183012  0.0159039 -0.0859055  0.0545493 -0.0180009  0.0141668  0.0897307  0.0133976 -0.0187223  0.0480889 -0.0487493  0.0234595 -0.0016492 -0.0080852  0.0110222 -0.0552298
C  0  1  94  0  0  6  -0.0049783 -0.0068950  0.0584867 -0.0628761 -0.0558218  0.0027746 -0.0486342 -0.0562239  0.0013613 -0.0383903  0.0258613  0.0379204 -0.0507994 -0.0010739 -0.0214312  0.0890607
C  0  1  94  0  0  7  -0.1079099 -0.0092848 -0.0070504  0.0253553  0.0381163  0.0672659  0.0028651  0.0178243  0.0072266 -0.0333388  0.0667625 -0.0203188  0.0082752  0.0543718 -0.0953647  0.1030435
C  0  1  94  0  0  8   0.0308841  0.0031957  0.0618826  0.0111366 -0.0379010  0.0557370 -0.0543480 -0.0087462  0.0342963  0.0140761 -0.0361754 -0.0407895  0.0364111  0.0312315 -0.0121835  0.0334739
C  0  1  94  0  0  9  -0.0466492  0.0878139 -0.0321030  0.1043609  0.0323027  0.0742714 -0.0169603 -0.0007565 -0.0146203 -0.0471463  0.1222176  0.0721074 -0.0229139  0.0697303  0.0358158  0.0596676
C  0  1  94  0  0 10  -0.0251229 -0.0015737  0.0475351  0.0763028  0.0068995  0.0289021 -0.0670821 -0.0218335 -0.0063929 -0.0369268  0.0314464  0.0101614 -0.0371247  0.0962752  0.0521453  0.0440377
C  0  1  94  0  0 11  -0.0496177  0.0281777  0.0120199  0.0476476 -0.0234006  0.0339713 -0.0279631  0.0580760 -0.0611276  0.0086141 -0.0045688 -0.0222834  0.0234750  0.0273140  0.0322479  0.0142819
C  0  1  94  0  0 12   0.0535930 -0.0656241  0.0530906 -0.0810088 -0.0131282 -0.0295045 -0.0706851 -0.0037415  0.0346664  0.0891618  0.0234896  0.0347799 -0.0335793 -0.0468577 -0.0146194 -0.0061723
C  0  1  94  0  0 13  -0.0430708 -0.0493508 -0.0047067 -0.0212688 -0.0052579 -0.0200679  0.0190908 -0.0421716  0.0313062  0.0007089 -0.0622844  0.0385204  0.0319291 -0.0213297  0.0183225  0.0583602
C  0  1  94  0  0 14  -0.0672671 -0.0140315 -0.0743697  0.0611789  0.0169223 -0.0095517 -0.0120718 -0.0089013  0.0163680  0.0559402  0.0919315 -0.0387581  0.0472841  0.0092138 -0.0202521 -0.0378199
C  0  1  94  0  0 15  -0.0495423 -0.0554351 -0.0066826  0.0405615  0.0073933 -0.0443006  0.0577407  0.0086225  0.0458367  0.0349048 -0.0096908 -0.0228465  0.0134963  0.0235321 -0.0606075  0.1024545
C  0  1  94  0  0 16   0.1125166 -0.0139362 -0.0770225 -0.0151088 -0.0674117 -0.1322345 -0.1129824 -0.0275575 -0.0602523  0.1032659  0.0168335 -0.0503020 -0.1384558 -0.0128834  0.0112681  0.0196947
C  0  1  94  0  0 17  -0.1782949 -0.0677917 -0.1685241 -0.1240402 -0.1480936 -0.0306832 -0.0365818 -0.1036802  0.0303958 -0.0978615  0.0005471 -0.0423372 -0.0787277 -0.1426719  0.0127680 -0.0903659
C  0  1  94  0  0 18  -0.0560306 -0.0810458  0.0407117  0.0164636 -0.1518513 -0.0578547 -0.0314854 -0.0495342 -0.0129498 -0.0250011 -0.0447418  0.0038178  0.0161049  0.0396355 -0.0973887  0.0617454
C  0  1  94  0  0 19   0.0334650 -0.0509000 -0.1728730  0.1050919 -0.0990511 -0.0846451 -0.1585449 -0.0178218 -0.0913242 -0.0794713 -0.0329126 -0.1052711 -0.1093612  0.0143828 -0.0855463 -0.0258169
C  0  1  94  0  0 20  -0.0321804 -0.1092741 -0.1159869 -0.1976176 -0.1225683 -0.1870282 -0.2312597 -0.1007057 -0.0841808 -0.2418694 -0.2682484 -0.0260867 -0.0123618 -0.1495149 -0.1254004 -0.0839025
C  0  1  94  0  0 21  -0.1509968 -0.1875775 -0.3876539 -0.2195627 -0.2332042 -0.3022705 -0.1847605 -0.0055286 -0.1104282 -0.1639089 -0.0744841 -0.0715189 -0.3617289 -0.3969316 -0.2541505 -0.0886039
C  0  1  94  0  1  0  -0.0040315 -0.0013336  0.0038018 -0.0063620 -0.0004029 -0.0023154 -0.0016262 -0.0014994 -0.0035507  0.0003913  0.0001447  0.0006865  0.0068894  0.0040238  0.0055575  0.0078185
C  0  1  94  0  1  1   0.0025828  0.0011961 -0.0036870 -0.0016023 -0.0008401 -0.0028280  0.0027883  0.0007359  0.0024424 -0.0015983 -0.0017650 -0.0036812  0.0004822  0.0047088 -0.0005706  0.0015159
C  0  1  94  0  1  2  -0.0008271 -0.0012025  0.0001873 -0.0023817 -0.0010210  0.0003205  0.0012605 -0.0025018 -0.0010258  0.0005620 -0.0020054 -0.0031034 -0.0018959 -0.0003631 -0.0012063 -0.0003540
C  0  1  94  0  1  3   0.0040860  0.0000533  0.0004745 -0.0017646 -0.0014244  0.0041943  0.0023163 -0.0009481 -0.0039290 -0.0027990 -0.0028031  0.0002906  0.0005093 -0.0035022  0.0018970  0.0032182
C  0  1  94  0  1  4   0.0032483  0.0004672 -0.0006253 -0.0010981  0.0012772  0.0021446  0.0034576 -0.0024830  0.0014734 -0.0005803 -0.0014454 -0.0037996  0.0014313  0.0000048  0.0002975 -0.0035941
C  0  1  94  0  1  5   0.0002781  0.0001459 -0.0015841  0.0013093 -0.0002327 -0.0008547 -0.0002005  0.0004671  0.0005832  0.0006617  0.0016870 -0.0015021 -0.0006794 -0.0006244  0.0003357 -0.0008538
C  0  1  94  0  1  6   0.0006610 -0.0008025 -0.0004115 -0.0001193  0.0024861  0.0027829  0.0000925 -0.0003711 -0.0005691 -0.0002749 -0.0003122 -0.0011716 -0.0016773 -0.0004146  0.0000994 -0.0015998
C  0  1  94  0  1  7   0.0027081 -0.0006866  0.0018489  0.0000125  0.0029349  0.0000759 -0.0022932 -0.0005656  0.0001881 -0.0009399  0.0009435 -0.0009876 -0.0007967 -0.0000028  0.0006116 -0.0003452
C  0  1  94  0  1  8  -0.0006536  0.0015175  0.0000671 -0.0022438  0.0012351 -0.0004810  0.0000751 -0.0005505  0.0015809  0.0008936  0.0012217 -0.0017279 -0.0008380  0.0004565 -0.0000882  0.0003479
C  0  1  94  0  1  9  -0.0019173  0.0005635  0.0027738  0.0011219 -0.0010726  0.0006553  0.0016738 -0.0004360  0.0002062 -0.0034079 -0.0029877 -0.0000651 -0.0000366  0.0005530 -0.0026330  0.0001794
C  0  1  94  0  1 10   0.0004947 -0.0003387  0.0001893  0.0011494  0.0019098 -0.0006314  0.0002908  0.0003228 -0.0022739 -0.0006838  0.0004653 -0.0012556 -0.0026204  0.0007360  0.0003786  0.0006284
C  0  1  94  0  1 11   0.0005181  0.0003677  0.0005519  0.0012305  0.0001118 -0.0005253 -0.0016660 -0.0033971 -0.0034872  0.0007264 -0.0007215 -0.0026422 -0.0004800 -0.0012086 -0.0004103 -0.0007005
C  0  1  94  0  1 12  -0.0004725  0.0002836 -0.0004315 -0.0006132  0.0005374  0.0007998  0.0005062 -0.0016128 -0.0006278  0.0009355  0.0014818  0.0005669 -0.0000441 -0.0007676 -0.0008324  0.0002436
C  0  1  94  0  1 13   0.0020993 -0.0013035 -0.0000140  0.0006750  0.0015112  0.0000278 -0.0014002 -0.0015041 -0.0011062 -0.0005820 -0.0015359 -0.0037024 -0.0005224  0.0006081  0.0001111  0.0004031
C  0  1  94  0  1 14   0.0013341  0.0007884  0.0034688  0.0020823  0.0018056  0.0017600 -0.0014701  0.0030451  0.0000711  0.0013348 -0.0001077  0.0000034  0.0000951  0.0025298  0.0004903  0.0008598
C  0  1  94  0  1 15  -0.0003640  0.0011471 -0.0016912  0.0007655 -0.0007586  0.0013163 -0.0006996 -0.0020946 -0.0013401 -0.0003728 -0.0024658  0.0005720 -0.0005584  0.0008609  0.0010927 -0.0007632
C  0  1  94  0  1 16   0.0004779  0.0008412  0.0020076 -0.0017899  0.0004939  0.0013776 -0.0013323 -0.0008553 -0.0006497  0.0004481  0.0013046  0.0013076 -0.0000796  0.0014300  0.0016840 -0.0002494
C  0  1  94  0  1 17  -0.0002648 -0.0005927 -0.0006406  0.0026836  0.0018036  0.0036075  0.0021008  0.0024464 -0.0006163  0.0024226  0.0011689  0.0008930  0.0015113  0.0001228  0.0040779  0.0044475
C  0  1  94  0  1 18   0.0037280  0.0014607  0.0043682  0.0020063 -0.0012012  0.0032101  0.0035889  0.0011368 -0.0041485  0.0021773  0.0048463  0.0014043 -0.0010738  0.0001420  0.0045914  0.0055664
C  0  1  94  0  1 19  -0.0002461  0.0031784  0.0016427  0.0056833  0.0008320  0.0004697  0.0037713  0.0020695  0.0034902  0.0042888 -0.0020288  0.0035608  0.0013118  0.0006258  0.0017268  0.0037965
C  0  1  94  0  1 20   0.0063860  0.0057232  0.0071598  0.0039208  0.0006804  0.0029071 -0.0019031  0.0051270  0.0027324  0.0041112 -0.0001777 -0.0026399  0.0022873  0.0031826  0.0031433  0.0074963
C  0  1  94  0  1 21   0.0100788  0.0139754  0.0058337  0.0030565 -0.0022748 -0.0064177 -0.0082272 -0.0010936  0.0015465 -0.0055323  0.0016206  0.0039459  0.0012030  0.0016908  0.0066968  0.0071151
C  0  1  94  1  0  0  -0.3760387 -0.3149936 -0.3290503 -0.3287325 -0.3559906 -0.3959623 -0.3326576 -0.2037110 -0.2907972 -0.2385282 -0.2707197 -0.4343298 -0.3776182 -0.4614311 -0.3922407 -0.4466872
C  0  1  94  1  0  1  -0.2661835 -0.3158256 -0.2844091 -0.2841383 -0.3329054 -0.3344937 -0.3060131 -0.2537092 -0.2890872 -0.2481376 -0.2943116 -0.2880312 -0.3916107 -0.4092372 -0.3364104 -0.3805359
C  0  1  94  1  0  2  -0.2897849 -0.3015118 -0.2595154 -0.3118237 -0.3169319 -0.2333327 -0.3031416 -0.2709738 -0.2671116 -0.2420504 -0.2460503 -0.2401745 -0.3098411 -0.3404978 -0.3230994 -0.3412173
C  0  1  94  1  0  3  -0.3002232 -0.2598348 -0.2816133 -0.2763542 -0.2397768 -0.2433657 -0.1811581 -0.1301809 -0.1837633 -0.2138260 -0.2234624 -0.2338932 -0.2528529 -0.2966665 -0.2331834 -0.3091929
C  0  1  94  1  0  4  -0.3042278 -0.2249654 -0.2813366 -0.2906031 -0.2343081 -0.1948702 -0.2738469 -0.2354705 -0.2548915 -0.2030970 -0.2535481 -0.3018883 -0.3388350 -0.2422532 -0.3427018 -0.2917712
C  0  1  94  1  0  5  -0.2459459 -0.2013080 -0.1789506 -0.1740969 -0.1465925 -0.1746371 -0.1569713 -0.1430308 -0.1697643 -0.1426108 -0.1600117 -0.1540608 -0.2353918 -0.1718856 -0.1984124 -0.1421605
C  0  1  94  1  0  6  -0.1102735 -0.1133440 -0.1796570 -0.1325781 -0.1298906 -0.1209129 -0.1123303 -0.1016273 -0.1221796 -0.1162088 -0.1133213 -0.1133491 -0.1200245 -0.1401598 -0.1335346 -0.1944414
C  0  1  94  1  0  7  -0.1301386 -0.1858691 -0.1434401 -0.1301346 -0.1744940 -0.1667409 -0.1814728 -0.1003764 -0.1451904 -0.0832422 -0.1296212 -0.0985210 -0.1578375 -0.1544742 -0.1740200 -0.1598230
C  0  1  94  1  0  8  -0.1860755 -0.0987992 -0.1372785 -0.1437378 -0.1733014 -0.1426640 -0.1511278 -0.1488085 -0.1626462 -0.1393113 -0.1119979 -0.1698819 -0.1329520 -0.1871555 -0.1711722 -0.1419255
C  0  1  94  1  0  9  -0.1365251 -0.1401365 -0.0978527 -0.1609905 -0.1035355 -0.1457669 -0.1181823 -0.1912370 -0.1041275 -0.1905762 -0.0719184 -0.1466141 -0.1056042 -0.1178955 -0.1358871 -0.1428539
C  0  1  94  1  0 10  -0.1302939 -0.1620419 -0.1330047 -0.1514822 -0.1724755 -0.1434981 -0.1362214 -0.1206692 -0.0974441 -0.1247520 -0.1144756 -0.1181785 -0.1084944 -0.1298356 -0.1096114 -0.1404554
C  0  1  94  1  0 11  -0.1245505 -0.1165381 -0.1307806 -0.1016619 -0.1099375 -0.1107590 -0.1495280 -0.0866314 -0.1800585 -0.1089050 -0.1129213 -0.1260382 -0.1208378 -0.1438137 -0.0835844 -0.1221356
C  0  1  94  1  0 12  -0.0982697 -0.1060835 -0.0941025 -0.1023586 -0.1486152 -0.1306366 -0.1366889 -0.1833647 -0.1649439 -0.1204666 -0.1150453 -0.0994621 -0.1371876 -0.1380513 -0.1240843 -0.1290816
C  0  1  94  1  0 13  -0.1239868 -0.1770474 -0.1738192 -0.0984678 -0.1447727 -0.1697271 -0.1635707 -0.1446536 -0.1222000 -0.1035848 -0.1421083 -0.1131376 -0.1635648 -0.1395109 -0.1355201 -0.1556493
C  0  1  94  1  0 14  -0.1241613 -0.1552081 -0.1528246 -0.1749084 -0.1771958 -0.1002495 -0.1535011 -0.2171387 -0.1571833 -0.1639860 -0.1330397 -0.1194463 -0.1382218 -0.1153908 -0.1352188 -0.1734555
C  0  1  94  1  0 15  -0.0918761 -0.1798195 -0.1263624 -0.1235805 -0.1384488 -0.1209096 -0.1495840 -0.1695234 -0.1097106 -0.1174072 -0.0908462 -0.1324265 -0.1216206 -0.0759184 -0.1017703 -0.1085949
C  0  1  94  1  0 16  -0.1954753 -0.1737369 -0.1322662 -0.1742477 -0.1814528 -0.1495000 -0.2825680 -0.2386292 -0.1265062 -0.2408493 -0.1557596 -0.1370713 -0.1117693 -0.1493386 -0.1008361 -0.1196405
C  0  1  94  1  0 17  -0.2655829 -0.3172993 -0.2518180 -0.2715301 -0.2160088 -0.3134790 -0.2437004 -0.3032680 -0.2748262 -0.2376353 -0.2506554 -0.2378354 -0.2514723 -0.2977739 -0.2449834 -0.2670964
C  0  1  94  1  0 18  -0.2752575 -0.2523676 -0.2642653 -0.2584921 -0.1966546 -0.2437642 -0.2373376 -0.2423997 -0.2034421 -0.1888202 -0.2056898 -0.2794062 -0.2446561 -0.1722282 -0.2048175 -0.2101245
C  0  1  94  1  0 19  -0.2685863 -0.2342318 -0.3490838 -0.2917395 -0.3036695 -0.2634588 -0.2318622 -0.2308585 -0.2299836 -0.2654220 -0.2648811 -0.2458618 -0.2925111 -0.2458253 -0.2854511 -0.2260504
C  0  1  94  1  0 20  -0.2407190 -0.2811087 -0.3952476 -0.3046477 -0.3028038 -0.2059424 -0.2705600 -0.3508052 -0.2790959 -0.3733456 -0.3520608 -0.3188234 -0.3206089 -0.2894527 -0.2707653 -0.3430679
C  0  1  94  1  0 21  -0.3691702 -0.3532028 -0.3211070 -0.3018362 -0.2477409 -0.2685628 -0.2992583 -0.3251594 -0.3222523 -0.3080921 -0.3056502 -0.2862626 -0.1977321 -0.2949704 -0.3304827 -0.4468611
C  0  1  94  1  1  0   0.0468399  0.0482926  0.0396275  0.0243206  0.0008033 -0.0203059 -0.0342169 -0.0408657 -0.0464018 -0.0378282 -0.0338782 -0.0199987  0.0021149  0.0056749  0.0263703  0.0368732
C  0  1  94  1  1  1   0.0242711  0.0235650  0.0201212  0.0120211  0.0025893 -0.0088494 -0.0141605 -0.0183380 -0.0174226 -0.0148440 -0.0153949 -0.0059813  0.0042618  0.0089815  0.0126661  0.0255920
C  0  1  94  1  1  2   0.0115357  0.0128144  0.0090109  0.0055204  0.0009504 -0.0029154 -0.0078642 -0.0084268 -0.0086450 -0.0066802 -0.0057093 -0.0030452  0.0005484  0.0040708  0.0041197  0.0099922
C  0  1  94  1  1  3   0.0073746  0.0060937  0.0027433  0.0045193  0.0007512 -0.0001339 -0.0034975 -0.0027862 -0.0004901  0.0003011 -0.0030628 -0.0005311  0.0013524  0.0023195  0.0024661  0.0056454
C  0  1  94  1  1  4   0.0009261  0.0018802  0.0000153  0.0000633  0.0024913  0.0032214 -0.0006621  0.0011036  0.0031381  0.0038601 -0.0004664 -0.0001186  0.0021795  0.0012489  0.0035088  0.0027901
C  0  1  94  1  1  5   0.0007058  0.0008394 -0.0001824  0.0034584  0.0025385  0.0044055  0.0032733  0.0033282  0.0056242  0.0016277 -0.0000211 -0.0001897  0.0014353  0.0031505  0.0018548 -0.0001519
C  0  1  94  1  1  6   0.0007016  0.0009011  0.0008766  0.0038784  0.0047041  0.0040135  0.0047219  0.0053082  0.0041339  0.0003170 -0.0002455 -0.0000989  0.0002653  0.0015353  0.0001582 -0.0004153
C  0  1  94  1  1  7  -0.0010875  0.0019949  0.0021028  0.0050461  0.0043053  0.0039519  0.0048767  0.0030790  0.0030336  0.0010359 -0.0002368 -0.0000704  0.0009590  0.0009512  0.0009025 -0.0018465
C  0  1  94  1  1  8  -0.0011893  0.0006495  0.0021516  0.0011435  0.0044669  0.0043767  0.0040496  0.0042162  0.0047372  0.0009706  0.0001039 -0.0004398  0.0015626  0.0002758  0.0006551 -0.0016628
C  0  1  94  1  1  9   0.0009972  0.0021652  0.0017302  0.0036752  0.0025941  0.0025577  0.0037852  0.0031716  0.0021957  0.0000475  0.0011604  0.0008587  0.0020973  0.0005026  0.0001703 -0.0011614
C  0  1  94  1  1 10   0.0002810  0.0021713  0.0011670  0.0021797  0.0022527  0.0020515  0.0026480  0.0020653  0.0030904  0.0001506 -0.0000103  0.0004229 -0.0007911  0.0006469  0.0022982 -0.0005089
C  0  1  94  1  1 11  -0.0005312  0.0015068  0.0012152  0.0018997  0.0028146 -0.0000764  0.0006548  0.0020003  0.0027091  0.0008882 -0.0014643 -0.0005700 -0.0001072  0.0002773  0.0002815 -0.0019364
C  0  1  94  1  1 12   0.0006537  0.0022040  0.0020683  0.0042014  0.0024423  0.0016491  0.0014073  0.0034356  0.0046947  0.0006599  0.0013917  0.0006114  0.0009801 -0.0000524  0.0007846 -0.0016191
C  0  1  94  1  1 13  -0.0005134  0.0013970  0.0013336  0.0024144  0.0023477  0.0018566  0.0030581  0.0050803  0.0050277  0.0005107  0.0006701 -0.0005881 -0.0009090 -0.0026904 -0.0006681 -0.0020912
C  0  1  94  1  1 14  -0.0011071  0.0008632  0.0021774  0.0030679  0.0035749  0.0030556  0.0038609  0.0061906  0.0058191  0.0017050  0.0018315 -0.0008364 -0.0018237 -0.0018295 -0.0016060 -0.0024729
C  0  1  94  1  1 15  -0.0010139  0.0003349  0.0027290  0.0029329  0.0031005 -0.0009006  0.0035521  0.0024643  0.0053832  0.0031230  0.0018638 -0.0001832 -0.0035554 -0.0054300 -0.0052182 -0.0055186
C  0  1  94  1  1 16  -0.0012466  0.0019596  0.0029683  0.0042277  0.0020953  0.0002032  0.0032878  0.0036772  0.0043617  0.0050832  0.0019307  0.0020823 -0.0011896 -0.0016421 -0.0054982 -0.0063563
C  0  1  94  1  1 17  -0.0041548  0.0014592  0.0013427  0.0056989  0.0008745 -0.0024088  0.0007070  0.0030426  0.0036267  0.0047846  0.0040397  0.0011596 -0.0016548 -0.0042827 -0.0058270 -0.0057925
C  0  1  94  1  1 18   0.0010986  0.0070179  0.0049288  0.0076510  0.0040447  0.0008006 -0.0016049 -0.0010932  0.0017619  0.0044461  0.0022341  0.0008063 -0.0016215 -0.0035658 -0.0049699 -0.0040179
C  0  1  94  1  1 19   0.0019697  0.0079054  0.0115195  0.0100133  0.0061247  0.0016208 -0.0020577 -0.0004214  0.0024293  0.0043482  0.0014287 -0.0012141 -0.0030835 -0.0041949 -0.0062510 -0.0021677
C  0  1  94  1  1 20   0.0010814  0.0139543  0.0177876  0.0134604  0.0085774  0.0030717 -0.0021356 -0.0005666 -0.0000536  0.0055348  0.0014980 -0.0036099 -0.0049261 -0.0082630 -0.0060909 -0.0036021
C  0  1  94  1  1 21   0.0088446  0.0208803  0.0303321  0.0213007  0.0153599  0.0156228  0.0101363  0.0108268  0.0112041  0.0134958  0.0014669 -0.0034556 -0.0094826 -0.0169502 -0.0085587  0.0017510
