CPHI 16 
CETA 22 -2.40 -2.10 -1.85 -1.60 -1.40 -1.20 -1.00 -0.80 -0.60 -0.40 -0.20  0.00  0.20  0.40  0.60  0.80  1.00  1.20  1.40  1.60  1.85  2.10  2.40 
RMIN  6 
RTRK 12 
RETA 11  0.00  0.20  0.40  0.60  0.80  1.00  1.20  1.40  1.60  1.85  2.10  2.40 
T 0 1  95  0  0  0    0.0000000   0.0005839   0.0016676   0.0031775   0.0122857   0.0691671   0.2777779   0.6538318   1.0000000   1.0000000   1.0000000   1.0000000   1.0000000
T 0 1  95  0  0  1    0.0000000   0.0001455   0.0005645   0.0024466   0.0124828   0.0591377   0.2261084   0.5888614   1.0000000   1.0000000   1.0000000   1.0000000   1.0000000
T 0 1  95  0  0  2    0.0000000   0.0001140   0.0004843   0.0016733   0.0107218   0.0556675   0.2090392   0.5738248   1.0000000   1.0000000   1.0000000   1.0000000   1.0000000
T 0 1  95  0  0  3    0.0000000   0.0002158   0.0006266   0.0017620   0.0114986   0.0629759   0.2270294   0.5860360   1.0000000   1.0000000   1.0000000   1.0000000   1.0000000
T 0 1  95  0  0  4    0.0000000   0.0004068   0.0025551   0.0144142   0.0630695   0.2045806   0.4883380   0.8219534   1.0000000   1.0000000   1.0000000   1.0000000   1.0000000
T 0 1  95  0  0  5    0.0000000   0.0010448   0.0074216   0.0512371   0.2048390   0.5320881   0.8759697   0.9994142   1.0000000   1.0000000   1.0000000   1.0000000   1.0000000
T 0 1  95  0  0  6    0.0000000   0.0002801   0.0011854   0.0103691   0.0674314   0.2778568   0.6635594   0.9312731   0.9982369   0.9999994   1.0000000   1.0000000   1.0000000
T 0 1  95  0  0  7    0.0000000   0.0000465   0.0003840   0.0008845   0.0048987   0.0310149   0.1192463   0.2976355   0.5816290   0.8700868   0.9845823   0.9998717   1.0000000
T 0 1  95  0  0  8    0.0000000   0.0000007   0.0000382   0.0001279   0.0004316   0.0009830   0.0042431   0.0251353   0.1194834   0.3940947   0.7895138   0.9692305   1.0000000
T 0 1  95  0  0  9    0.0000000   0.0000056   0.0000099   0.0000354   0.0005418   0.0035706   0.0185400   0.0859686   0.3016108   0.6587667   0.9388898   0.9999222   1.0000000
T 0 1  95  0  0 10    0.0000000   0.0066493   0.0289622   0.0462758   0.0792895   0.1691778   0.3383753   0.6904204   0.9107931   0.9701034   0.9998364   1.0000000   1.0000000
T 0 1  95  1  0  0    0.0000000   0.0005148   0.0016399   0.0047460   0.0213440   0.1017716   0.3374237   0.6994022   1.0000000   1.0000000   1.0000000   1.0000000   1.0000000
T 0 1  95  1  0  1    0.0000000   0.0002633   0.0010891   0.0042307   0.0181163   0.0752157   0.2537985   0.6193956   1.0000000   1.0000000   1.0000000   1.0000000   1.0000000
T 0 1  95  1  0  2    0.0000000   0.0002194   0.0008486   0.0027728   0.0124455   0.0616642   0.2339277   0.6064318   1.0000000   1.0000000   1.0000000   1.0000000   1.0000000
T 0 1  95  1  0  3    0.0000000   0.0002283   0.0008669   0.0027852   0.0140251   0.0700545   0.2491207   0.6198491   1.0000000   1.0000000   1.0000000   1.0000000   1.0000000
T 0 1  95  1  0  4    0.0000000   0.0004356   0.0027620   0.0153929   0.0663357   0.2155446   0.5058694   0.8320271   1.0000000   1.0000000   1.0000000   1.0000000   1.0000000
T 0 1  95  1  0  5    0.0000000   0.0011873   0.0094478   0.0577925   0.2246261   0.5586818   0.8900123   0.9996500   1.0000000   1.0000000   1.0000000   1.0000000   1.0000000
T 0 1  95  1  0  6    0.0000000   0.0004626   0.0026649   0.0180020   0.0942133   0.3329130   0.7236541   0.9536823   0.9988141   0.9999984   1.0000000   1.0000000   1.0000000
T 0 1  95  1  0  7    0.0000000   0.0002246   0.0006446   0.0024765   0.0123245   0.0526267   0.1570011   0.3413836   0.6074237   0.8728054   0.9849908   0.9998878   1.0000000
T 0 1  95  1  0  8    0.0000000   0.0009562   0.0014955   0.0017998   0.0022382   0.0036136   0.0107994   0.0452511   0.1686405   0.4573475   0.8251665   0.9710661   1.0000000
T 0 1  95  1  0  9    0.0000000   0.0021003   0.0074838   0.0131257   0.0159362   0.0198461   0.0401951   0.1288935   0.3661962   0.7154288   0.9583841   0.9999941   1.0000000
T 0 1  95  1  0 10    0.0000000   0.0032254   0.0170235   0.0428863   0.0843736   0.1746921   0.3942474   0.7474223   0.9511020   0.9856143   0.9999985   1.0000000   1.0000000
R 0 1  95  0  0  0    0.0256733   0.0256733   0.0110087   0.0108517   0.0102951   0.0101635   0.0100042   0.0098299   0.0098299   0.0098299   0.0098299   0.0098299
R 0 1  95  0  0  1    0.0119496   0.0119496   0.0119496   0.0119496   0.0110030   0.0109273   0.0109382   0.0108534   0.0108534   0.0108534   0.0108534   0.0108534
R 0 1  95  0  0  2    0.0123343   0.0123343   0.0123343   0.0123343   0.0120515   0.0119793   0.0118430   0.0116749   0.0116749   0.0116749   0.0116749   0.0116749
R 0 1  95  0  0  3    0.0136694   0.0136694   0.0136694   0.0136694   0.0126686   0.0125791   0.0123674   0.0122539   0.0122539   0.0122539   0.0122539   0.0122539
R 0 1  95  0  0  4    0.0189457   0.0189457   0.0189457   0.0175186   0.0169550   0.0159663   0.0145024   0.0130368   0.0130368   0.0130368   0.0130368   0.0130368
R 0 1  95  0  0  5    0.0201609   0.0201609   0.0193355   0.0191061   0.0187023   0.0180705   0.0168211   0.0168211   0.0168211   0.0168211   0.0168211   0.0168211
R 0 1  95  0  0  6    0.0203660   0.0203660   0.0203660   0.0203147   0.0207915   0.0207198   0.0208246   0.0206254   0.0206254   0.0206254   0.0206254   0.0206254
R 0 1  95  0  0  7    0.0217204   0.0217204   0.0217204   0.0217204   0.0208006   0.0210348   0.0210987   0.0209651   0.0205448   0.0197182   0.0197182   0.0197182
R 0 1  95  0  0  8    0.0215440   0.0215440   0.0215440   0.0215440   0.0215440   0.0215440   0.0215440   0.0210177   0.0210330   0.0209741   0.0202514   0.0188077
R 0 1  95  0  0  9    0.0314153   0.0314153   0.0314153   0.0314153   0.0314153   0.0314153   0.0296914   0.0288440   0.0274780   0.0263693   0.0250852   0.0250852
R 0 1  95  0  0 10    0.0777624   0.0702472   0.0618506   0.0530851   0.0473699   0.0439456   0.0410010   0.0355065   0.0335905   0.0302502   0.0302502   0.0302502
R 0 1  95  0  1  0    0.0000000   0.0000000   0.0000000   0.0000899   0.0000780   0.0000781   0.0000729   0.0000648   0.0000648   0.0000648   0.0000648   0.0000648
R 0 1  95  0  1  1    0.0000821   0.0000821   0.0000821   0.0000821   0.0000661   0.0000702   0.0000603   0.0000567   0.0000567   0.0000567   0.0000567   0.0000567
R 0 1  95  0  1  2    0.0000461   0.0000461   0.0000461   0.0000461   0.0000645   0.0000644   0.0000604   0.0000531   0.0000531   0.0000531   0.0000531   0.0000531
R 0 1  95  0  1  3    0.0000905   0.0000905   0.0000905   0.0000905   0.0000691   0.0000584   0.0000553   0.0000494   0.0000494   0.0000494   0.0000494   0.0000494
R 0 1  95  0  1  4    0.0001458   0.0001458   0.0001458   0.0000928   0.0000908   0.0000775   0.0000553   0.0000434   0.0000434   0.0000434   0.0000434   0.0000434
R 0 1  95  0  1  5    0.0001277   0.0001277   0.0000737   0.0000742   0.0000679   0.0000593   0.0000303   0.0000303   0.0000303   0.0000303   0.0000303   0.0000303
R 0 1  95  0  1  6    0.0000774   0.0000774   0.0000774   0.0000434   0.0000569   0.0000570   0.0000497   0.0000224   0.0000224   0.0000224   0.0000224   0.0000224
R 0 1  95  0  1  7    0.0001165   0.0001165   0.0001165   0.0001165   0.0000832   0.0000735   0.0000630   0.0000749   0.0000733   0.0000535   0.0000535   0.0000535
R 0 1  95  0  1  8    0.0001307   0.0001307   0.0001307   0.0001307   0.0001307   0.0001307   0.0001307   0.0001054   0.0001060   0.0001003   0.0000856   0.0000776
R 0 1  95  0  1  9    0.0002580   0.0002580   0.0002580   0.0002580   0.0002580   0.0002580   0.0002098   0.0002028   0.0001831   0.0001515   0.0001478   0.0001478
R 0 1  95  0  1 10    0.0012918   0.0010313   0.0008740   0.0007630   0.0005779   0.0004909   0.0003858   0.0002517   0.0001908   0.0001411   0.0001411   0.0001411
R 0 1  95  0  2  0    0.0000000   0.0000000   0.0000000   0.0000000   0.0000000   0.0000124   0.0000160   0.0000087   0.0000087   0.0000087   0.0000087   0.0000087
R 0 1  95  0  2  1    0.0000000   0.0000000   0.0000000   0.0000000   0.0000000   0.0000072   0.0000155   0.0000171   0.0000171   0.0000171   0.0000171   0.0000171
R 0 1  95  0  2  2    0.0001092   0.0001092   0.0001092   0.0001092   0.0000562   0.0000000   0.0000000   0.0000047   0.0000047   0.0000047   0.0000047   0.0000047
R 0 1  95  0  2  3    0.0000000   0.0000000   0.0000000   0.0000000   0.0000215   0.0000124   0.0000142   0.0000082   0.0000082   0.0000082   0.0000082   0.0000082
R 0 1  95  0  2  4    0.0000000   0.0000000   0.0000000   0.0000000   0.0000000   0.0000000   0.0000000   0.0000169   0.0000169   0.0000169   0.0000169   0.0000169
R 0 1  95  0  2  5    0.0000000   0.0000000   0.0000000   0.0000000   0.0000152   0.0000274   0.0000172   0.0000172   0.0000172   0.0000172   0.0000172   0.0000172
R 0 1  95  0  2  6    0.0000000   0.0000000   0.0000000   0.0000000   0.0000000   0.0000000   0.0000000   0.0000000   0.0000000   0.0000000   0.0000000   0.0000000
R 0 1  95  0  2  7    0.0000000   0.0000000   0.0000000   0.0000000   0.0000686   0.0000000   0.0000000   0.0000000   0.0000170   0.0000000   0.0000000   0.0000000
R 0 1  95  0  2  8    0.0000000   0.0000000   0.0000000   0.0000000   0.0000000   0.0000000   0.0000000   0.0000000   0.0000000   0.0000000   0.0000000   0.0000000
R 0 1  95  0  2  9    0.0000000   0.0000000   0.0000000   0.0000000   0.0000000   0.0000000   0.0000000   0.0000000   0.0000130   0.0000286   0.0000000   0.0000000
R 0 1  95  0  2 10    0.0000000   0.0000000   0.0000000   0.0000000   0.0000000   0.0000848   0.0000000   0.0000000   0.0000000   0.0000000   0.0000000   0.0000000
R 0 1  95  0  3  0    1.0151476   1.0151476   1.1413910   1.0251112   0.9987135   0.9851714   0.9808940   0.9787085   0.9787085   0.9787085   0.9787085   0.9787085
R 0 1  95  0  3  1    1.0167031   1.0167031   1.0167031   1.0167031   0.9902198   0.9848454   0.9793141   0.9790376   0.9790376   0.9790376   0.9790376   0.9790376
R 0 1  95  0  3  2    1.0136812   1.0136812   1.0136812   1.0136812   0.9993160   0.9854548   0.9805762   0.9816665   0.9816665   0.9816665   0.9816665   0.9816665
R 0 1  95  0  3  3    0.9970820   0.9970820   0.9970820   0.9970820   0.9961643   0.9892147   0.9815466   0.9806664   0.9806664   0.9806664   0.9806664   0.9806664
R 0 1  95  0  3  4    1.0353127   1.0353127   1.0353127   0.9891736   0.9780938   0.9753412   0.9784953   0.9865943   0.9865943   0.9865943   0.9865943   0.9865943
R 0 1  95  0  3  5    1.0232198   1.0232198   1.0000946   0.9867158   0.9747185   0.9712296   0.9758862   0.9758862   0.9758862   0.9758862   0.9758862   0.9758862
R 0 1  95  0  3  6    1.0249909   1.0249909   1.0249909   1.0088082   0.9894346   0.9849587   0.9853129   0.9900748   0.9900748   0.9900748   0.9900748   0.9900748
R 0 1  95  0  3  7    1.0110201   1.0110201   1.0110201   1.0110201   1.0261215   0.9965032   0.9935875   0.9826910   0.9863153   0.9881812   0.9881812   0.9881812
R 0 1  95  0  3  8    1.0182340   1.0182340   1.0182340   1.0182340   1.0182340   1.0182340   1.0182340   0.9948852   0.9849980   0.9830131   0.9897559   1.0144432
R 0 1  95  0  3  9    1.0177024   1.0177024   1.0177024   1.0177024   1.0177024   1.0177024   0.9903759   0.9754172   0.9716426   0.9842800   1.0084461   1.0084461
R 0 1  95  0  3 10    1.0394230   1.0446855   1.0228342   1.0018213   0.9756652   0.9710230   0.9674177   0.9652930   0.9997930   1.0076550   1.0076550   1.0076550
R 0 1  95  0  4  0    1.5053828   1.5053828   1.3786829   2.2491363   2.2088250   2.2770841   2.2238911   2.1175295   2.1175295   2.1175295   2.1175295   2.1175295
R 0 1  95  0  4  1    2.0670479   2.0670479   2.0670479   2.0670479   2.1512134   2.2305229   2.2011907   2.2205715   2.2205715   2.2205715   2.2205715   2.2205715
R 0 1  95  0  4  2    1.9132089   1.9132089   1.9132089   1.9132089   2.2297133   2.2374636   2.2072339   2.2407299   2.2407299   2.2407299   2.2407299   2.2407299
R 0 1  95  0  4  3    1.8114990   1.8114990   1.8114990   1.8114990   2.1497798   2.2977258   2.2150204   2.2180269   2.2180269   2.2180269   2.2180269   2.2180269
R 0 1  95  0  4  4    1.9073559   1.9073559   1.9073559   2.1116396   2.1105674   2.1213961   2.1912720   2.3137769   2.3137769   2.3137769   2.3137769   2.3137769
R 0 1  95  0  4  5    1.6807986   1.6807986   2.0478540   2.1843249   2.0782860   2.0679075   2.0277398   2.0277398   2.0277398   2.0277398   2.0277398   2.0277398
R 0 1  95  0  4  6    1.9327262   1.9327262   1.9327262   2.2387398   2.3671130   2.3453858   2.0503424   2.3029130   2.3029130   2.3029130   2.3029130   2.3029130
R 0 1  95  0  4  7    1.5981553   1.5981553   1.5981553   1.5981553   2.3990363   2.2353906   2.3924855   2.3058578   2.3843931   2.3691908   2.3691908   2.3691908
R 0 1  95  0  4  8    2.2783989   2.2783989   2.2783989   2.2783989   2.2783989   2.2783989   2.2783989   2.2347960   2.2608062   2.2594044   2.3287201   2.2021841
R 0 1  95  0  4  9    2.1323649   2.1323649   2.1323649   2.1323649   2.1323649   2.1323649   2.0211111   2.0535014   2.0217233   2.2047206   2.3188981   2.3188981
R 0 1  95  0  4 10    1.9040503   2.2776672   2.0381793   1.8655409   1.9696083   1.9573655   1.9515865   1.8919613   2.0487417   1.9978129   1.9978129   1.9978129
R 0 1  95  0  5  0    9.3906798   9.3906798   9.1719011   2.6771014   3.9476255   3.8288192   4.3635362   5.5401486   5.5401486   5.5401486   5.5401486   5.5401486
R 0 1  95  0  5  1    3.5058763   3.5058763   3.5058763   3.5058763   3.9530521   4.0438112   4.3965593   4.1526874   4.1526874   4.1526874   4.1526874   4.1526874
R 0 1  95  0  5  2    4.0880064   4.0880064   4.0880064   4.0880064   4.1350044   4.1326754   4.2798719   4.2000910   4.2000910   4.2000910   4.2000910   4.2000910
R 0 1  95  0  5  3    4.5697316   4.5697316   4.5697316   4.5697316   4.7186769   3.9382255   4.4836784   4.4471970   4.4471970   4.4471970   4.4471970   4.4471970
R 0 1  95  0  5  4    5.3252537   5.3252537   5.3252537   4.4229279   5.0486156   4.7347940   4.0784091   3.2817801   3.2817801   3.2817801   3.2817801   3.2817801
R 0 1  95  0  5  5    5.6368422   5.6368422   5.4366414   4.5066565   5.3830912   4.8021854   4.0953390   4.0953390   4.0953390   4.0953390   4.0953390   4.0953390
R 0 1  95  0  5  6    3.4554389   3.4554389   3.4554389   3.9586905   3.2194920   3.0356702   4.0433390   1.9379110   1.9379110   1.9379110   1.9379110   1.9379110
R 0 1  95  0  5  7    5.4287656   5.4287656   5.4287656   5.4287656   3.1757651   3.7724334   2.8358082   3.0257081   2.5889745   2.0649619   2.0649619   2.0649619
R 0 1  95  0  5  8    3.3362927   3.3362927   3.3362927   3.3362927   3.3362927   3.3362927   3.3362927   4.7521939   4.3871116   4.3482094   3.4966806   4.2260892
R 0 1  95  0  5  9    4.6572211   4.6572211   4.6572211   4.6572211   4.6572211   4.6572211   6.5773014   6.1517160   7.0572227   5.4812482   4.6796667   4.6796667
R 0 1  95  0  5 10    7.5602535   3.6638303   3.8077934   6.5099265   5.4813803   6.6766241   8.1909949   9.6875385   6.7680481   6.6257475   6.6257475   6.6257475
F  0  1  95  0  0  0    0.9975750   1.0473472   1.0000527   0.9983363   0.9685694   0.9933912   0.9864143   0.9917091   0.9961748   0.9821506   0.9782274
F  0  1  95  1  0  0    1.0874096   1.0868060   1.0810144   1.0638774   1.0428466   1.0829183   1.0706249   1.0631627   1.0429283   1.0669680   1.0806241
C  0  1  95  0  0  0  -0.4135636 -0.2207664 -0.2392159 -0.4517828 -0.2498362 -0.1595463 -0.1225159 -0.3049823 -0.2945473 -0.2767389 -0.2328596 -0.0443908 -0.2092774 -0.3302618 -0.2939617  0.0983542
C  0  1  95  0  0  1  -0.0324960 -0.1665680 -0.0337200 -0.1825543 -0.0602044 -0.1722565 -0.1416142 -0.1462387 -0.1355504 -0.1645453 -0.1325577 -0.0635788 -0.1513219 -0.0900515 -0.2603537 -0.0368604
C  0  1  95  0  0  2  -0.2029416 -0.1099219 -0.1470577 -0.0739130 -0.0543685 -0.0093042 -0.1390071  0.0701692  0.0693734 -0.1187305  0.0410252 -0.0304147 -0.2104483 -0.1001582 -0.0806213 -0.0340615
C  0  1  95  0  0  3  -0.0514348  0.0366440 -0.0825971 -0.0913733  0.0739786 -0.1728684 -0.0860092 -0.0280585  0.0935385 -0.0324547 -0.1399832 -0.0262225 -0.1214811 -0.1429698 -0.1292284 -0.0472009
C  0  1  95  0  0  4  -0.1040469 -0.1531317 -0.0572490 -0.1637842 -0.0983249 -0.0970524 -0.0898331 -0.0423760  0.0709720 -0.0134193 -0.0091296 -0.0418023 -0.1087786 -0.1034428 -0.0254520 -0.1183769
C  0  1  95  0  0  5  -0.0335251 -0.0074706 -0.0017741  0.0626082  0.0614282 -0.1203053 -0.0613062  0.0098007 -0.0187780 -0.0583206  0.0028054  0.0148258 -0.0323501  0.0190843  0.0008811 -0.0457119
C  0  1  95  0  0  6   0.0332504  0.0668679  0.0366956 -0.0195203  0.0414034  0.0106111 -0.0633425 -0.0729283 -0.0365427 -0.0235458  0.0339834 -0.0241806 -0.0193761  0.0189584 -0.0408192  0.0365341
C  0  1  95  0  0  7   0.0046941  0.0027230  0.0365486  0.0150502 -0.0098363  0.0116329  0.0221921 -0.0388319 -0.0003812 -0.0483822  0.0690346  0.0041621 -0.0372293 -0.0292802 -0.0400696  0.1153270
C  0  1  95  0  0  8   0.0264291 -0.0306409 -0.0168532  0.0477291  0.0074650 -0.0082910 -0.0324696 -0.0927495 -0.0224079  0.0829071  0.0356217  0.0178503 -0.0099982  0.0216331 -0.0758842 -0.0082114
C  0  1  95  0  0  9  -0.0545981  0.0329908 -0.0825236 -0.0036357  0.0191377  0.0195893 -0.0215670  0.0274199 -0.0201080  0.0638598  0.0832144  0.0533890 -0.0071819  0.0991183  0.0300898  0.0745527
C  0  1  95  0  0 10  -0.0834766 -0.0048601  0.0796032  0.0152458 -0.0053880 -0.0023064 -0.0895751 -0.0242022  0.0646007 -0.0204728  0.0495257 -0.0504808 -0.0110447  0.0991668  0.0358747  0.0499457
C  0  1  95  0  0 11  -0.0301856 -0.0053219 -0.0678731  0.0629362 -0.0133643  0.0220578  0.0408123  0.0422206 -0.0513624 -0.0093959  0.0481362 -0.0420531  0.0437858  0.0136347 -0.0019800 -0.0120273
C  0  1  95  0  0 12   0.0490131 -0.0704160 -0.0349551  0.0097695  0.0072309 -0.0068027 -0.0823952 -0.0307445  0.0076104  0.1159088  0.0319038  0.0997817 -0.0977121  0.0162792  0.0423230 -0.0006725
C  0  1  95  0  0 13  -0.0785268  0.0032658  0.0011080 -0.0067139  0.0304702 -0.0255355  0.0235176 -0.0049359  0.1111506  0.0642270 -0.0822598 -0.0203300  0.0474101  0.0865928 -0.0076361 -0.0037920
C  0  1  95  0  0 14   0.0290157 -0.0087192 -0.0192165  0.0009391 -0.0089625 -0.0348916  0.0234715  0.0598439 -0.0544103 -0.0884388  0.1077912  0.0270762  0.0459176  0.0942030 -0.0143749 -0.0369333
C  0  1  95  0  0 15  -0.1072685 -0.0226983 -0.0157179  0.0472068  0.0045536 -0.1265770  0.0108948 -0.0208429 -0.0353419 -0.1069077  0.0079942 -0.0802760 -0.0126084 -0.0294394 -0.0787105  0.0127824
C  0  1  95  0  0 16   0.0718560  0.1050167  0.0213598 -0.0446375 -0.0203379 -0.1610781 -0.0545198 -0.0111353 -0.1000164  0.1776630 -0.0277968 -0.0507531 -0.1670504  0.0419833 -0.1111443 -0.0619352
C  0  1  95  0  0 17  -0.0580212 -0.0630065 -0.2230104  0.0585850 -0.1106571 -0.1003270 -0.0671114  0.1494607 -0.0204181 -0.0907806  0.0347736 -0.0753576 -0.1277053 -0.1469895 -0.0145049 -0.0216239
C  0  1  95  0  0 18  -0.1415193 -0.0804016  0.0530537 -0.0974944 -0.1640933 -0.0083626 -0.0289919 -0.0141614 -0.0932602  0.0289097 -0.0548656 -0.0922318 -0.0614343  0.0522911 -0.2253089  0.0314622
C  0  1  95  0  0 19  -0.0187419 -0.1444513 -0.1771805 -0.0339204 -0.2041892 -0.0310901 -0.1384933 -0.0536227 -0.0233067 -0.1397798  0.0331835 -0.0131905 -0.0342095 -0.0064964 -0.0267319 -0.1459120
C  0  1  95  0  0 20  -0.1498852 -0.1029792 -0.0369405 -0.0881437 -0.1873500 -0.2255029 -0.2598933 -0.2295918 -0.1414941 -0.1750174 -0.0428844  0.1277407 -0.0405428 -0.1728817 -0.1335033 -0.1701114
C  0  1  95  0  0 21  -0.0864460 -0.0964630 -0.3087404 -0.0963109 -0.2385535 -0.0513510 -0.1801370 -0.0349286 -0.2686525 -0.1161644 -0.0837788 -0.3442737 -0.2875588 -0.4304050 -0.3259894 -0.1683667
C  0  1  95  0  1  0   0.0012658 -0.0000579 -0.0043063 -0.0009207 -0.0076773  0.0023541 -0.0001169  0.0047740 -0.0005734 -0.0032167 -0.0013669  0.0025714  0.0078855  0.0067896  0.0104672  0.0045546
C  0  1  95  0  1  1   0.0025520 -0.0010350 -0.0040459 -0.0031952 -0.0028358 -0.0046712  0.0029763  0.0004155  0.0016498 -0.0015786 -0.0016599 -0.0022410 -0.0030211  0.0049548  0.0012730  0.0029146
C  0  1  95  0  1  2   0.0040946 -0.0010124 -0.0004601  0.0011829 -0.0020763 -0.0000374 -0.0012187  0.0007661 -0.0007876  0.0008855 -0.0020846 -0.0020872  0.0020769 -0.0000955 -0.0003071  0.0017692
C  0  1  95  0  1  3  -0.0012489 -0.0008305  0.0010870 -0.0049161 -0.0018571  0.0024280  0.0003104 -0.0014426 -0.0019421 -0.0008614 -0.0006219 -0.0016549 -0.0005976 -0.0013345 -0.0008104  0.0020582
C  0  1  95  0  1  4   0.0039172  0.0010747 -0.0034501  0.0017608  0.0003495 -0.0013873  0.0022898 -0.0009532  0.0048080  0.0007996 -0.0010467 -0.0025877  0.0015108 -0.0001809 -0.0007580 -0.0014135
C  0  1  95  0  1  5   0.0001621  0.0027046 -0.0026700  0.0028450  0.0001314 -0.0020638 -0.0028554  0.0009365 -0.0007645  0.0002644  0.0021197 -0.0023923 -0.0009513  0.0007849  0.0010425 -0.0020096
C  0  1  95  0  1  6   0.0014563  0.0007110 -0.0006278 -0.0001158  0.0004605  0.0021971 -0.0003190 -0.0005276 -0.0026109 -0.0005017 -0.0018371 -0.0011348 -0.0023352 -0.0019048  0.0013808 -0.0014651
C  0  1  95  0  1  7   0.0024353 -0.0019710 -0.0000768  0.0006398  0.0022243 -0.0011548 -0.0013996  0.0011154  0.0013932 -0.0023683  0.0006445 -0.0013758 -0.0000300  0.0005020  0.0006143 -0.0009673
C  0  1  95  0  1  8   0.0004303  0.0020187 -0.0009742 -0.0018603  0.0010793  0.0003326  0.0005651  0.0005123  0.0023435  0.0005436 -0.0015889 -0.0021885 -0.0005805 -0.0005889  0.0015129  0.0006117
C  0  1  95  0  1  9  -0.0018399  0.0027723  0.0001425 -0.0005089 -0.0012334 -0.0007742  0.0012413  0.0011329 -0.0021594 -0.0027716 -0.0025548 -0.0017771 -0.0019440 -0.0000649 -0.0019363 -0.0007388
C  0  1  95  0  1 10   0.0009153  0.0012772  0.0012763  0.0024769 -0.0002420 -0.0000454  0.0000222 -0.0012816 -0.0032796 -0.0033384  0.0011906 -0.0026399 -0.0017299  0.0002343 -0.0021234  0.0013247
C  0  1  95  0  1 11   0.0003672  0.0006905  0.0015930  0.0009604  0.0002311 -0.0000733 -0.0044820 -0.0009884 -0.0013417 -0.0005084 -0.0000880 -0.0011679  0.0003592 -0.0004517 -0.0013679 -0.0006943
C  0  1  95  0  1 12   0.0005980  0.0008510  0.0003152 -0.0008663 -0.0012442  0.0004522  0.0021787 -0.0009919  0.0007383 -0.0003382 -0.0014334 -0.0007402 -0.0006463 -0.0003660 -0.0001404  0.0007687
C  0  1  95  0  1 13   0.0004882 -0.0027443 -0.0008131  0.0003987  0.0013121 -0.0006613 -0.0005408 -0.0012097 -0.0011845 -0.0016786 -0.0011494 -0.0029466 -0.0015590  0.0004026  0.0003591  0.0004468
C  0  1  95  0  1 14   0.0016287  0.0005047  0.0021122  0.0002738  0.0020971  0.0029919 -0.0001278  0.0002774  0.0002806  0.0007564  0.0002284  0.0005813  0.0007031 -0.0004483  0.0000323  0.0022791
C  0  1  95  0  1 15   0.0000280  0.0000651 -0.0007067  0.0007539  0.0004517  0.0019538  0.0024551 -0.0004804  0.0018729 -0.0011232 -0.0014089  0.0009356 -0.0009437  0.0003305  0.0003092  0.0011223
C  0  1  95  0  1 16   0.0016965  0.0005738  0.0015840  0.0017945 -0.0036520  0.0007511  0.0000046 -0.0007683  0.0006363 -0.0006254  0.0012320 -0.0004162 -0.0007235  0.0000864  0.0031497  0.0013901
C  0  1  95  0  1 17   0.0009774 -0.0017696  0.0000029  0.0035503  0.0005661  0.0031201  0.0018056  0.0017298 -0.0021366  0.0014616  0.0003796  0.0011286  0.0029975 -0.0025414  0.0045475  0.0048004
C  0  1  95  0  1 18   0.0033962  0.0035577  0.0006679  0.0016986 -0.0013335  0.0012672  0.0027513  0.0011542  0.0000608 -0.0003559  0.0024408  0.0029238 -0.0008193 -0.0005675  0.0079495  0.0049559
C  0  1  95  0  1 19   0.0033463  0.0020894 -0.0001838  0.0024262  0.0008809  0.0026658  0.0042647  0.0020059  0.0038018  0.0017031 -0.0008640 -0.0021501  0.0010206  0.0007106  0.0030191  0.0057403
C  0  1  95  0  1 20   0.0045061  0.0010021  0.0081646  0.0027860  0.0009480  0.0044149  0.0007935  0.0025082  0.0022929  0.0037623 -0.0010798 -0.0027669  0.0009649  0.0040136  0.0046046  0.0073567
C  0  1  95  0  1 21   0.0148396  0.0155143  0.0092645  0.0043442 -0.0002531 -0.0048804 -0.0065096  0.0029492 -0.0011312  0.0000419 -0.0001348  0.0052490  0.0010126  0.0074412  0.0105711  0.0041866
C  0  1  95  1  0  0  -0.5234994 -0.3233492 -0.3854211 -0.3853360 -0.2713192 -0.3643329 -0.3899745 -0.3853094 -0.2623723 -0.2823606 -0.3577317 -0.5117930 -0.4454595 -0.4943334 -0.3935702 -0.4529944
C  0  1  95  1  0  1  -0.2659486 -0.3169741 -0.2776022 -0.2525662 -0.3538112 -0.2584313 -0.2816464 -0.1754484 -0.2783760 -0.2324810 -0.2663924 -0.2979459 -0.3114104 -0.3959965 -0.3472149 -0.3459706
C  0  1  95  1  0  2  -0.3268206 -0.3121605 -0.2695860 -0.3355207 -0.2557839 -0.2705711 -0.2830661 -0.2258902 -0.2364153 -0.2329072 -0.2680261 -0.2842431 -0.3462918 -0.4075571 -0.2914019 -0.3485796
C  0  1  95  1  0  3  -0.2910832 -0.2988933 -0.2843709 -0.2563323 -0.2845721 -0.1577899 -0.1590532 -0.1122503 -0.1845100 -0.2228023 -0.1824965 -0.2582117 -0.2865710 -0.2654184 -0.3394918 -0.2979788
C  0  1  95  1  0  4  -0.2890936 -0.2174265 -0.3565304 -0.2379924 -0.2462215 -0.1564673 -0.2316617 -0.2001592 -0.1886334 -0.2216152 -0.1735772 -0.2620953 -0.3405830 -0.2825531 -0.3415636 -0.3290125
C  0  1  95  1  0  5  -0.2002398 -0.2225038 -0.2303699 -0.1831562 -0.1634406 -0.1171137 -0.1895216 -0.1542596 -0.1580872 -0.1639518 -0.1746932 -0.2264373 -0.2520877 -0.1816363 -0.2311985 -0.2312098
C  0  1  95  1  0  6  -0.1675882 -0.1517076 -0.1868228 -0.1706039 -0.1235296 -0.1239578 -0.1512420 -0.1354364 -0.1436640 -0.1127805 -0.0946470 -0.1276113 -0.1357270 -0.1290715 -0.1077494 -0.1865098
C  0  1  95  1  0  7  -0.1259651 -0.1539008 -0.1703132 -0.1302603 -0.1435206 -0.1459260 -0.1404667 -0.1397776 -0.1580801 -0.0926076 -0.0982340 -0.1181881 -0.1576551 -0.1472113 -0.1578854 -0.1370400
C  0  1  95  1  0  8  -0.1806935 -0.0680288 -0.0986464 -0.1251392 -0.1466503 -0.1552198 -0.1248516 -0.1350279 -0.1448746 -0.0854266 -0.1076441 -0.1435470 -0.1200692 -0.1571378 -0.1376190 -0.1203311
C  0  1  95  1  0  9  -0.1479688 -0.1485928 -0.0674244 -0.1532884 -0.0867854 -0.1418492 -0.1110772 -0.1542653 -0.1209990 -0.1052031 -0.0739679 -0.1427966 -0.1308839 -0.1002395 -0.1602282 -0.1522105
C  0  1  95  1  0 10  -0.1713605 -0.1106614 -0.1528764 -0.1677141 -0.1563677 -0.1704778 -0.1431214 -0.1343678 -0.0890537 -0.1407098 -0.1616985 -0.1245229 -0.1204788 -0.1734718 -0.1610659 -0.1397632
C  0  1  95  1  0 11  -0.1503176 -0.1046926 -0.1584325 -0.1052189 -0.0909704 -0.0952964 -0.0912210 -0.1479253 -0.1641193 -0.0828480 -0.1275453 -0.1055010 -0.1226529 -0.1378263 -0.1035949 -0.1383202
C  0  1  95  1  0 12  -0.1229176 -0.1493530 -0.1457328 -0.1078095 -0.1452634 -0.1154702 -0.1342823 -0.1442564 -0.0972681 -0.1386344 -0.1451823 -0.0976076 -0.1110371 -0.1502458 -0.1156799 -0.1241495
C  0  1  95  1  0 13  -0.1134336 -0.1650308 -0.1882553 -0.1051930 -0.1346835 -0.1263298 -0.1465428 -0.1560097 -0.1071871 -0.1036799 -0.1747194 -0.1175966 -0.1533107 -0.1399919 -0.1911698 -0.1170892
C  0  1  95  1  0 14  -0.1377286 -0.1417768 -0.1415181 -0.1425495 -0.1781052 -0.1395597 -0.1125620 -0.2195330 -0.1666263 -0.1374876 -0.1424582 -0.1780618 -0.1505126 -0.1097745 -0.1405445 -0.1927907
C  0  1  95  1  0 15  -0.1397468 -0.2142427 -0.1279784 -0.1228404 -0.1584658 -0.1222787 -0.1639139 -0.1552008 -0.1602629 -0.0988683 -0.0789563 -0.1627772 -0.1408597 -0.0922289 -0.0762721 -0.1473839
C  0  1  95  1  0 16  -0.1957882 -0.1721220 -0.1386481 -0.2091517 -0.1888125 -0.1644338 -0.2022875 -0.2584483 -0.1841432 -0.2161543 -0.1401905 -0.1297476 -0.1802621 -0.1716391 -0.1579915 -0.1663197
C  0  1  95  1  0 17  -0.2412722 -0.2701332 -0.1974857 -0.2611478 -0.2193457 -0.2498426 -0.2279160 -0.2582877 -0.2185772 -0.2511898 -0.2348516 -0.2087900 -0.1881230 -0.3026589 -0.2381311 -0.2328240
C  0  1  95  1  0 18  -0.2075168 -0.2765882 -0.2359497 -0.2169610 -0.2224062 -0.2052851 -0.2203837 -0.2188126 -0.2039012 -0.2123854 -0.2311533 -0.2571488 -0.2725698 -0.2097308 -0.2038133 -0.2049664
C  0  1  95  1  0 19  -0.2449928 -0.2779387 -0.2992229 -0.3086268 -0.2864208 -0.2902169 -0.2485570 -0.2183912 -0.2935878 -0.2611048 -0.2036524 -0.2710258 -0.2341008 -0.2601494 -0.2846339 -0.2604177
C  0  1  95  1  0 20  -0.3105097 -0.2848745 -0.3460565 -0.2818703 -0.2860001 -0.1463498 -0.2957950 -0.3106154 -0.3535801 -0.3060235 -0.3099845 -0.2208320 -0.3565747 -0.2739657 -0.2446759 -0.2115062
C  0  1  95  1  0 21  -0.4474133 -0.3517857 -0.3664484 -0.3663600 -0.2135563 -0.1892238 -0.2982644 -0.4095847 -0.3990314 -0.3067641 -0.2747029 -0.4402405 -0.3075222 -0.3558619 -0.3159848 -0.4099638
C  0  1  95  1  1  0   0.0460655  0.0494090  0.0427957  0.0247135  0.0030731 -0.0202495 -0.0326195 -0.0407834 -0.0439101 -0.0340812 -0.0341985 -0.0177192  0.0032975  0.0093007  0.0248099  0.0385323
C  0  1  95  1  1  1   0.0245464  0.0223353  0.0178769  0.0100598  0.0029154 -0.0069194 -0.0145793 -0.0187357 -0.0187766 -0.0142257 -0.0149193 -0.0080249  0.0029235  0.0087167  0.0131163  0.0241757
C  0  1  95  1  1  2   0.0136849  0.0132385  0.0096139  0.0059827  0.0010870 -0.0034844 -0.0083865 -0.0074107 -0.0093850 -0.0064333 -0.0049385 -0.0034385  0.0010715  0.0030646  0.0046319  0.0103313
C  0  1  95  1  1  3   0.0077702  0.0069298  0.0024846  0.0039397  0.0004793  0.0009146 -0.0035603 -0.0031034  0.0007503  0.0005351 -0.0029526  0.0000534  0.0007739  0.0020918  0.0007220  0.0065433
C  0  1  95  1  1  4   0.0026234  0.0023780  0.0007326  0.0001282  0.0028182  0.0019531  0.0004729  0.0022730  0.0041456  0.0031552 -0.0001509 -0.0002057  0.0019503  0.0019743  0.0032053  0.0029751
C  0  1  95  1  1  5   0.0018239  0.0013504  0.0006249  0.0034099  0.0031708  0.0042198  0.0036355  0.0043006  0.0044246  0.0023480 -0.0014816 -0.0007471  0.0017846  0.0026059  0.0016095 -0.0002710
C  0  1  95  1  1  6   0.0000659  0.0016238  0.0006352  0.0037675  0.0044958  0.0047475  0.0037891  0.0050309  0.0037195  0.0001124  0.0003502  0.0001434  0.0004890  0.0010129  0.0009720 -0.0005136
C  0  1  95  1  1  7  -0.0011470  0.0018576  0.0018025  0.0047939  0.0047173  0.0040992  0.0059037  0.0035466  0.0038516  0.0007979 -0.0001067 -0.0001033  0.0020401  0.0012212  0.0013712 -0.0016314
C  0  1  95  1  1  8  -0.0001761  0.0001430  0.0023534  0.0022426  0.0043214  0.0034341  0.0044489  0.0051910  0.0054014  0.0013671 -0.0001598 -0.0006122  0.0011749  0.0016506  0.0005694 -0.0017439
C  0  1  95  1  1  9   0.0015560  0.0025182  0.0021793  0.0027607  0.0021403  0.0027985  0.0046533  0.0040888  0.0030961 -0.0002129  0.0008569  0.0006140  0.0010883  0.0000217  0.0002501 -0.0012837
C  0  1  95  1  1 10  -0.0002595  0.0021901  0.0021055  0.0017762  0.0026256  0.0024402  0.0019752  0.0030828  0.0029199  0.0003694  0.0002458  0.0002650 -0.0002463  0.0007910  0.0017526 -0.0000939
C  0  1  95  1  1 11   0.0005581  0.0015604  0.0010049  0.0019081  0.0030590  0.0007141  0.0010799  0.0016449  0.0032291  0.0017902 -0.0015197 -0.0006491  0.0004234 -0.0001081  0.0003193 -0.0028081
C  0  1  95  1  1 12   0.0004491  0.0021631  0.0028905  0.0044929  0.0027999  0.0016405  0.0008366  0.0025851  0.0044227  0.0007429  0.0016490  0.0014478  0.0008268 -0.0012375  0.0000526 -0.0008284
C  0  1  95  1  1 13  -0.0005915  0.0024447  0.0021968  0.0023822  0.0024141  0.0024799  0.0044339  0.0055543  0.0050931  0.0003645  0.0008129 -0.0001420 -0.0013680 -0.0023724  0.0003608 -0.0009486
C  0  1  95  1  1 14  -0.0003242  0.0008730  0.0032397  0.0034562  0.0046627  0.0023732  0.0032136  0.0058260  0.0054907  0.0015519  0.0019703 -0.0000274 -0.0012052 -0.0008218 -0.0022778 -0.0017547
C  0  1  95  1  1 15  -0.0018810  0.0007897  0.0033314  0.0035838  0.0024379  0.0001058  0.0029621  0.0036859  0.0062915  0.0025354  0.0023068  0.0002069 -0.0039021 -0.0053142 -0.0047479 -0.0041208
C  0  1  95  1  1 16  -0.0015499  0.0007175  0.0033451  0.0053281  0.0033184  0.0009201  0.0041929  0.0040394  0.0047914  0.0068574  0.0021551  0.0029090 -0.0019377 -0.0008130 -0.0040963 -0.0053551
C  0  1  95  1  1 17  -0.0037820  0.0022339  0.0014943  0.0059499  0.0018864 -0.0015808  0.0017426  0.0025284  0.0046821  0.0042906  0.0051665  0.0018925 -0.0007672 -0.0037471 -0.0046347 -0.0045953
C  0  1  95  1  1 18  -0.0000541  0.0086217  0.0049039  0.0070715  0.0050163 -0.0008604 -0.0023540 -0.0009531  0.0024915  0.0043139  0.0024643  0.0015788 -0.0013383 -0.0025380 -0.0051918 -0.0052398
C  0  1  95  1  1 19   0.0033862  0.0085076  0.0137065  0.0112259  0.0075668  0.0014250 -0.0025128  0.0006275  0.0041079  0.0059626  0.0035696  0.0000956 -0.0026770 -0.0039241 -0.0060039 -0.0022695
C  0  1  95  1  1 20   0.0014860  0.0154086  0.0180518  0.0122097  0.0069933  0.0026423 -0.0022299 -0.0008716 -0.0000473  0.0073332  0.0005826 -0.0027769 -0.0059634 -0.0094792 -0.0059471 -0.0041307
C  0  1  95  1  1 21   0.0098998  0.0233216  0.0311264  0.0225420  0.0173211  0.0145272  0.0122970  0.0117704  0.0120852  0.0152796  0.0030398 -0.0010283 -0.0095462 -0.0164847 -0.0066137  0.0006915
