CPHI 16 
CETA 22 -2.40 -2.10 -1.85 -1.60 -1.40 -1.20 -1.00 -0.80 -0.60 -0.40 -0.20  0.00  0.20  0.40  0.60  0.80  1.00  1.20  1.40  1.60  1.85  2.10  2.40 
RMIN  6 
RTRK 12 
RETA 11  0.00  0.20  0.40  0.60  0.80  1.00  1.20  1.40  1.60  1.85  2.10  2.40 
T 0 1  96  0  0  0    0.0000000   0.0006258   0.0017399   0.0032674   0.0123302   0.0693827   0.2781419   0.6539125   1.0000000   1.0000000   1.0000000   1.0000000   1.0000000
T 0 1  96  0  0  1    0.0000000   0.0001442   0.0005130   0.0023405   0.0127090   0.0594960   0.2268647   0.5892564   1.0000000   1.0000000   1.0000000   1.0000000   1.0000000
T 0 1  96  0  0  2    0.0000000   0.0001222   0.0005097   0.0017124   0.0106195   0.0553866   0.2096676   0.5728414   1.0000000   1.0000000   1.0000000   1.0000000   1.0000000
T 0 1  96  0  0  3    0.0000000   0.0002194   0.0005946   0.0016954   0.0114857   0.0628919   0.2263848   0.5873183   1.0000000   1.0000000   1.0000000   1.0000000   1.0000000
T 0 1  96  0  0  4    0.0000000   0.0003626   0.0024459   0.0143358   0.0632578   0.2034802   0.4882989   0.8219118   1.0000000   1.0000000   1.0000000   1.0000000   1.0000000
T 0 1  96  0  0  5    0.0000000   0.0009878   0.0074449   0.0512423   0.2059439   0.5326521   0.8752489   0.9993499   1.0000000   1.0000000   1.0000000   1.0000000   1.0000000
T 0 1  96  0  0  6    0.0000000   0.0002830   0.0011926   0.0102213   0.0668369   0.2766278   0.6629504   0.9304376   0.9981401   0.9999994   1.0000000   1.0000000   1.0000000
T 0 1  96  0  0  7    0.0000000   0.0000775   0.0003992   0.0009419   0.0047146   0.0308466   0.1194282   0.2979780   0.5815563   0.8690671   0.9843248   0.9998660   1.0000000
T 0 1  96  0  0  8    0.0000000   0.0000022   0.0000250   0.0001336   0.0004049   0.0010403   0.0042944   0.0251237   0.1194081   0.3944697   0.7898659   0.9689775   1.0000000
T 0 1  96  0  0  9    0.0000000   0.0000076   0.0000105   0.0000304   0.0005577   0.0035602   0.0184357   0.0865352   0.3035739   0.6585286   0.9389067   0.9999387   1.0000000
T 0 1  96  0  0 10    0.0000000   0.0067407   0.0290851   0.0462204   0.0791098   0.1681251   0.3375878   0.6900037   0.9109680   0.9701547   0.9998311   1.0000000   1.0000000
T 0 1  96  1  0  0    0.0000000   0.0005148   0.0016399   0.0047460   0.0213440   0.1017716   0.3374237   0.6994022   1.0000000   1.0000000   1.0000000   1.0000000   1.0000000
T 0 1  96  1  0  1    0.0000000   0.0002633   0.0010891   0.0042307   0.0181163   0.0752157   0.2537985   0.6193956   1.0000000   1.0000000   1.0000000   1.0000000   1.0000000
T 0 1  96  1  0  2    0.0000000   0.0002194   0.0008486   0.0027728   0.0124455   0.0616642   0.2339277   0.6064318   1.0000000   1.0000000   1.0000000   1.0000000   1.0000000
T 0 1  96  1  0  3    0.0000000   0.0002283   0.0008669   0.0027852   0.0140251   0.0700545   0.2491207   0.6198491   1.0000000   1.0000000   1.0000000   1.0000000   1.0000000
T 0 1  96  1  0  4    0.0000000   0.0004356   0.0027620   0.0153929   0.0663357   0.2155446   0.5058694   0.8320271   1.0000000   1.0000000   1.0000000   1.0000000   1.0000000
T 0 1  96  1  0  5    0.0000000   0.0011873   0.0094478   0.0577925   0.2246261   0.5586818   0.8900123   0.9996500   1.0000000   1.0000000   1.0000000   1.0000000   1.0000000
T 0 1  96  1  0  6    0.0000000   0.0004626   0.0026649   0.0180020   0.0942133   0.3329130   0.7236541   0.9536823   0.9988141   0.9999984   1.0000000   1.0000000   1.0000000
T 0 1  96  1  0  7    0.0000000   0.0002246   0.0006446   0.0024765   0.0123245   0.0526267   0.1570011   0.3413836   0.6074237   0.8728054   0.9849908   0.9998878   1.0000000
T 0 1  96  1  0  8    0.0000000   0.0009562   0.0014955   0.0017998   0.0022382   0.0036136   0.0107994   0.0452511   0.1686405   0.4573475   0.8251665   0.9710661   1.0000000
T 0 1  96  1  0  9    0.0000000   0.0021003   0.0074838   0.0131257   0.0159362   0.0198461   0.0401951   0.1288935   0.3661962   0.7154288   0.9583841   0.9999941   1.0000000
T 0 1  96  1  0 10    0.0000000   0.0032254   0.0170235   0.0428863   0.0843736   0.1746921   0.3942474   0.7474223   0.9511020   0.9856143   0.9999985   1.0000000   1.0000000
R 0 1  96  0  0  0    0.0212229   0.0212229   0.0128360   0.0104130   0.0104547   0.0101600   0.0100172   0.0098462   0.0098462   0.0098462   0.0098462   0.0098462
R 0 1  96  0  0  1    0.0121470   0.0121470   0.0121470   0.0121470   0.0110727   0.0109839   0.0109332   0.0108274   0.0108274   0.0108274   0.0108274   0.0108274
R 0 1  96  0  0  2    0.0123690   0.0123690   0.0123690   0.0123690   0.0119984   0.0120165   0.0118587   0.0116884   0.0116884   0.0116884   0.0116884   0.0116884
R 0 1  96  0  0  3    0.0137331   0.0137331   0.0137331   0.0137331   0.0126820   0.0125592   0.0123819   0.0122395   0.0122395   0.0122395   0.0122395   0.0122395
R 0 1  96  0  0  4    0.0186021   0.0186021   0.0186021   0.0174824   0.0169270   0.0159233   0.0144193   0.0130427   0.0130427   0.0130427   0.0130427   0.0130427
R 0 1  96  0  0  5    0.0204893   0.0204893   0.0192546   0.0191531   0.0187106   0.0180429   0.0170162   0.0170162   0.0170162   0.0170162   0.0170162   0.0170162
R 0 1  96  0  0  6    0.0198865   0.0198865   0.0198865   0.0202912   0.0207468   0.0207361   0.0208872   0.0206812   0.0206812   0.0206812   0.0206812   0.0206812
R 0 1  96  0  0  7    0.0209403   0.0209403   0.0209403   0.0209403   0.0204703   0.0213253   0.0211014   0.0210258   0.0205471   0.0197679   0.0197679   0.0197679
R 0 1  96  0  0  8    0.0215102   0.0215102   0.0215102   0.0215102   0.0215102   0.0215102   0.0215102   0.0211142   0.0210032   0.0209494   0.0202653   0.0187056
R 0 1  96  0  0  9    0.0313481   0.0313481   0.0313481   0.0313481   0.0313481   0.0313481   0.0297088   0.0287287   0.0274653   0.0264350   0.0249812   0.0249812
R 0 1  96  0  0 10    0.0742576   0.0721404   0.0614261   0.0535525   0.0471635   0.0441354   0.0409561   0.0355584   0.0334124   0.0302509   0.0302509   0.0302509
R 0 1  96  0  1  0    0.0000000   0.0000000   0.0000000   0.0000620   0.0000827   0.0000822   0.0000733   0.0000655   0.0000655   0.0000655   0.0000655   0.0000655
R 0 1  96  0  1  1    0.0000932   0.0000932   0.0000932   0.0000932   0.0000699   0.0000700   0.0000617   0.0000536   0.0000536   0.0000536   0.0000536   0.0000536
R 0 1  96  0  1  2    0.0000546   0.0000546   0.0000546   0.0000546   0.0000643   0.0000655   0.0000617   0.0000525   0.0000525   0.0000525   0.0000525   0.0000525
R 0 1  96  0  1  3    0.0000895   0.0000895   0.0000895   0.0000895   0.0000656   0.0000595   0.0000531   0.0000502   0.0000502   0.0000502   0.0000502   0.0000502
R 0 1  96  0  1  4    0.0001082   0.0001082   0.0001082   0.0000813   0.0000892   0.0000741   0.0000484   0.0000403   0.0000403   0.0000403   0.0000403   0.0000403
R 0 1  96  0  1  5    0.0001685   0.0001685   0.0000835   0.0000736   0.0000697   0.0000577   0.0000454   0.0000454   0.0000454   0.0000454   0.0000454   0.0000454
R 0 1  96  0  1  6    0.0000469   0.0000469   0.0000469   0.0000315   0.0000512   0.0000560   0.0000493   0.0000329   0.0000329   0.0000329   0.0000329   0.0000329
R 0 1  96  0  1  7    0.0000000   0.0000000   0.0000000   0.0000000   0.0000604   0.0000895   0.0000741   0.0000731   0.0000739   0.0000667   0.0000667   0.0000667
R 0 1  96  0  1  8    0.0001501   0.0001501   0.0001501   0.0001501   0.0001501   0.0001501   0.0001501   0.0001067   0.0001071   0.0001021   0.0000764   0.0000787
R 0 1  96  0  1  9    0.0002881   0.0002881   0.0002881   0.0002881   0.0002881   0.0002881   0.0002406   0.0001910   0.0001869   0.0001556   0.0001389   0.0001389
R 0 1  96  0  1 10    0.0010851   0.0012168   0.0008541   0.0007337   0.0005760   0.0004894   0.0003886   0.0002536   0.0001714   0.0001345   0.0001345   0.0001345
R 0 1  96  0  2  0    0.0000000   0.0000000   0.0000000   0.0000000   0.0000000   0.0000160   0.0000081   0.0000000   0.0000000   0.0000000   0.0000000   0.0000000
R 0 1  96  0  2  1    0.0000000   0.0000000   0.0000000   0.0000000   0.0000000   0.0000000   0.0000116   0.0000177   0.0000177   0.0000177   0.0000177   0.0000177
R 0 1  96  0  2  2    0.0000000   0.0000000   0.0000000   0.0000000   0.0000538   0.0000204   0.0000000   0.0000114   0.0000114   0.0000114   0.0000114   0.0000114
R 0 1  96  0  2  3    0.0000000   0.0000000   0.0000000   0.0000000   0.0000000   0.0000000   0.0000113   0.0000112   0.0000112   0.0000112   0.0000112   0.0000112
R 0 1  96  0  2  4    0.0000000   0.0000000   0.0000000   0.0000000   0.0000000   0.0000166   0.0000137   0.0000143   0.0000143   0.0000143   0.0000143   0.0000143
R 0 1  96  0  2  5    0.0000000   0.0000000   0.0000000   0.0000000   0.0000182   0.0000232   0.0000126   0.0000126   0.0000126   0.0000126   0.0000126   0.0000126
R 0 1  96  0  2  6    0.0000000   0.0000000   0.0000000   0.0000000   0.0000000   0.0000000   0.0000000   0.0000000   0.0000000   0.0000000   0.0000000   0.0000000
R 0 1  96  0  2  7    0.0000000   0.0000000   0.0000000   0.0000000   0.0000000   0.0000000   0.0000000   0.0000000   0.0000000   0.0000000   0.0000000   0.0000000
R 0 1  96  0  2  8    0.0000000   0.0000000   0.0000000   0.0000000   0.0000000   0.0000000   0.0000000   0.0000000   0.0000000   0.0000119   0.0000000   0.0000000
R 0 1  96  0  2  9    0.0000000   0.0000000   0.0000000   0.0000000   0.0000000   0.0000000   0.0000647   0.0000429   0.0000000   0.0000241   0.0000000   0.0000000
R 0 1  96  0  2 10    0.0000000   0.0000000   0.0000000   0.0000000   0.0000000   0.0000000   0.0000767   0.0000395   0.0000000   0.0000000   0.0000000   0.0000000
R 0 1  96  0  3  0    1.1290612   1.1290612   0.9967947   1.0399070   0.9921874   0.9814918   0.9816214   0.9825433   0.9825433   0.9825433   0.9825433   0.9825433
R 0 1  96  0  3  1    1.0158112   1.0158112   1.0158112   1.0158112   0.9927695   0.9826484   0.9802358   0.9795191   0.9795191   0.9795191   0.9795191   0.9795191
R 0 1  96  0  3  2    1.0172988   1.0172988   1.0172988   1.0172988   0.9957298   0.9856439   0.9813112   0.9815249   0.9815249   0.9815249   0.9815249   0.9815249
R 0 1  96  0  3  3    0.9934274   0.9934274   0.9934274   0.9934274   1.0019801   0.9862916   0.9825678   0.9819622   0.9819622   0.9819622   0.9819622   0.9819622
R 0 1  96  0  3  4    1.0317017   1.0317017   1.0317017   0.9834339   0.9771738   0.9736169   0.9761119   0.9869287   0.9869287   0.9869287   0.9869287   0.9869287
R 0 1  96  0  3  5    1.0185959   1.0185959   0.9953134   0.9829807   0.9747742   0.9735419   0.9722926   0.9722926   0.9722926   0.9722926   0.9722926   0.9722926
R 0 1  96  0  3  6    1.0221197   1.0221197   1.0221197   1.0008830   0.9876002   0.9853608   0.9834837   0.9830611   0.9830611   0.9830611   0.9830611   0.9830611
R 0 1  96  0  3  7    1.0575153   1.0575153   1.0575153   1.0575153   1.0332119   0.9982327   0.9931489   0.9856153   0.9861048   0.9854190   0.9854190   0.9854190
R 0 1  96  0  3  8    1.0236002   1.0236002   1.0236002   1.0236002   1.0236002   1.0236002   1.0236002   0.9915739   0.9848499   0.9844709   0.9704826   1.0166606
R 0 1  96  0  3  9    1.0129921   1.0129921   1.0129921   1.0129921   1.0129921   1.0129921   0.9948885   0.9744139   0.9738253   0.9853344   1.0107469   1.0107469
R 0 1  96  0  3 10    1.0715053   1.0254272   1.0233015   0.9774886   0.9769982   0.9689422   0.9655763   0.9713437   0.9999837   1.0054777   1.0054777   1.0054777
R 0 1  96  0  4  0    1.0946130   1.0946130   1.3684370   2.0746724   2.2419831   2.0574431   2.2580087   2.2563699   2.2563699   2.2563699   2.2563699   2.2563699
R 0 1  96  0  4  1    2.0095657   2.0095657   2.0095657   2.0095657   2.1841971   2.2327985   2.2319671   2.2180863   2.2180863   2.2180863   2.2180863   2.2180863
R 0 1  96  0  4  2    1.8318514   1.8318514   1.8318514   1.8318514   2.1518183   2.2664847   2.2404586   2.2426002   2.2426002   2.2426002   2.2426002   2.2426002
R 0 1  96  0  4  3    1.7479692   1.7479692   1.7479692   1.7479692   2.2804047   2.2126359   2.2403074   2.2413658   2.2413658   2.2413658   2.2413658   2.2413658
R 0 1  96  0  4  4    1.8966627   1.8966627   1.8966627   1.9893533   2.0617601   2.0891314   2.1669043   2.3087200   2.3087200   2.3087200   2.3087200   2.3087200
R 0 1  96  0  4  5    1.7376026   1.7376026   1.9885295   2.1718947   2.0926198   2.1041011   2.0026941   2.0026941   2.0026941   2.0026941   2.0026941   2.0026941
R 0 1  96  0  4  6    1.9406530   1.9406530   1.9406530   2.1728703   2.2851886   2.3448577   2.3539780   2.2689911   2.2689911   2.2689911   2.2689911   2.2689911
R 0 1  96  0  4  7    1.8645954   1.8645954   1.8645954   1.8645954   2.2317669   2.4073626   2.3595236   2.3567735   2.3511688   2.3533303   2.3533303   2.3533303
R 0 1  96  0  4  8    2.2924547   2.2924547   2.2924547   2.2924547   2.2924547   2.2924547   2.2924547   2.2399523   2.2641200   2.2845666   2.0820829   2.1334949
R 0 1  96  0  4  9    2.0518619   2.0518619   2.0518619   2.0518619   2.0518619   2.0518619   2.0442609   2.0361573   2.0493963   2.2046677   2.3442001   2.3442001
R 0 1  96  0  4 10    1.8839740   2.1111697   2.0099763   1.8018867   1.9410064   1.9512854   1.9516116   1.9684430   2.0479325   1.9324805   1.9324805   1.9324805
R 0 1  96  0  5  0  143.9273670 143.9273670  10.0512531   3.8594525   3.7898643   6.1506534   4.1158714   3.9955782   3.9955782   3.9955782   3.9955782   3.9955782
R 0 1  96  0  5  1    3.8062915   3.8062915   3.8062915   3.8062915   3.9119492   3.8630792   4.1309010   4.1810576   4.1810576   4.1810576   4.1810576   4.1810576
R 0 1  96  0  5  2    4.7245955   4.7245955   4.7245955   4.7245955   4.6929900   4.0182622   4.1198055   4.3255806   4.3255806   4.3255806   4.3255806   4.3255806
R 0 1  96  0  5  3    5.4781355   5.4781355   5.4781355   5.4781355   3.7922394   4.3154016   4.2941023   4.2469646   4.2469646   4.2469646   4.2469646   4.2469646
R 0 1  96  0  5  4    5.0770981   5.0770981   5.0770981   5.2118839   5.5661270   5.0493948   4.0972699   3.3871536   3.3871536   3.3871536   3.3871536   3.3871536
R 0 1  96  0  5  5    4.8146497   4.8146497   5.8422547   4.3681328   5.2201213   4.5065499   4.2182579   4.2182579   4.2182579   4.2182579   4.2182579   4.2182579
R 0 1  96  0  5  6    3.0678376   3.0678376   3.0678376   4.5139157   3.6235374   2.9809694   2.3597650   1.9727477   1.9727477   1.9727477   1.9727477   1.9727477
R 0 1  96  0  5  7    3.2399196   3.2399196   3.2399196   3.2399196   4.1073021   2.9278295   2.8923702   2.8572292   2.6590088   2.0544008   2.0544008   2.0544008
R 0 1  96  0  5  8    3.4720618   3.4720618   3.4720618   3.4720618   3.4720618   3.4720618   3.4720618   4.3395792   4.4095864   4.0798538   5.3338607   5.7429207
R 0 1  96  0  5  9    4.7567287   4.7567287   4.7567287   4.7567287   4.7567287   4.7567287   6.9573734   6.5080452   6.5172048   5.3685943   4.5875648   4.5875648
R 0 1  96  0  5 10    5.7955189   4.6852088   4.3967222   7.2950121   5.7329331   6.8502016   8.1097598   8.1286589   6.6255269   7.8563894   7.8563894   7.8563894
F  0  1  96  0  0  0    1.0172411   1.0387435   0.9808420   1.0107885   0.9868493   0.9864301   0.9885795   0.9923338   0.9868050   0.9850190   0.9846246
F  0  1  96  1  0  0    1.1197408   1.0931099   1.0507070   1.0405498   1.0585422   1.0625669   1.0775773   1.0624835   1.0460776   1.0689791   1.0880788
C  0  1  96  0  0  0  -0.2249148 -0.1987465 -0.1566392 -0.4539956 -0.2640321 -0.1682573 -0.2103765 -0.2044867 -0.2500892 -0.2396214 -0.2367819 -0.1599303 -0.2537060 -0.2808282 -0.3159241 -0.0582132
C  0  1  96  0  0  1  -0.1058203 -0.1766077 -0.0035645 -0.1192551 -0.2112491 -0.1089702 -0.1374786 -0.1399513  0.0190128 -0.1183708 -0.0523107 -0.0582106 -0.1880079 -0.1087181 -0.1730295 -0.1037442
C  0  1  96  0  0  2  -0.0972859 -0.0811767 -0.0655677 -0.1618422  0.0030014 -0.0084634  0.0499111 -0.0294018  0.0625956 -0.0551828 -0.1113795 -0.0855426 -0.1089204 -0.0412889 -0.0389269 -0.1699479
C  0  1  96  0  0  3   0.0117689 -0.0785929 -0.1147130  0.0683547  0.0792044 -0.0969944 -0.0702822 -0.1337726 -0.0357456  0.0778841 -0.1295720  0.0027078 -0.1091292 -0.1446528 -0.1349588 -0.0003416
C  0  1  96  0  0  4  -0.0362557 -0.0787328 -0.0133277 -0.0813321 -0.1665432 -0.1364755 -0.1143500 -0.0202971  0.0030161  0.0160647 -0.0220734 -0.1712301 -0.1343688 -0.1191095 -0.0145021 -0.1098934
C  0  1  96  0  0  5  -0.0097686  0.0196786 -0.0139587  0.0881619 -0.0065840 -0.0850812  0.0366837  0.0719063 -0.0226546  0.0446643  0.0229189 -0.0471850 -0.0034433  0.0115407  0.1259501 -0.0544123
C  0  1  96  0  0  6  -0.0837415  0.0313764  0.0492542 -0.0615970  0.0589160  0.0804241 -0.0882892 -0.0322126 -0.0003016 -0.0692597  0.0319853  0.0355799 -0.0910007 -0.0244018  0.0523365  0.1298513
C  0  1  96  0  0  7  -0.0746730 -0.0536910 -0.0035614 -0.0393941  0.0117044  0.0477051  0.0333745  0.0615104 -0.0321741  0.0040038  0.0406717 -0.0355651 -0.0371118  0.0009577 -0.0542728 -0.0197643
C  0  1  96  0  0  8   0.0322854 -0.0400682  0.0176454  0.0265471 -0.0113730  0.0120297 -0.0379101 -0.0299459  0.0438711  0.0516636 -0.0374580  0.0067412 -0.0351591  0.0445207 -0.0398096 -0.1209514
C  0  1  96  0  0  9  -0.0310631  0.0086297 -0.0027185  0.0240247  0.0677374  0.0607585 -0.0519342  0.0608525  0.0077490  0.0871911  0.1055608  0.0513156  0.0428999 -0.0157480 -0.0108020  0.0958598
C  0  1  96  0  0 10  -0.1286301  0.0120348  0.0702222  0.0910258  0.0547791  0.0512338 -0.0049523  0.0162436 -0.0095500 -0.0500933 -0.0464486 -0.0386955 -0.0279544  0.0244412  0.0005278 -0.0082757
C  0  1  96  0  0 11  -0.0159714  0.0267948 -0.0245891  0.0509652  0.0109905  0.0452759  0.0249202  0.0647519 -0.0008544  0.0281658 -0.0184301 -0.0774939 -0.0586543  0.0165959 -0.0178650  0.0084237
C  0  1  96  0  0 12   0.0119054 -0.0645407  0.0092076  0.0728483 -0.0493739  0.0217796 -0.0426218 -0.0515321 -0.0457112  0.0222921  0.0325655 -0.0115626 -0.1029246  0.0269034  0.0265000  0.0179513
C  0  1  96  0  0 13   0.0139567  0.0008253  0.0290344 -0.0379207 -0.0014148  0.0004109  0.0964338  0.0246004  0.0621108 -0.0032062 -0.0346241  0.0099085 -0.0186572  0.0038035  0.0548420  0.0686277
C  0  1  96  0  0 14  -0.0671801  0.0236962  0.0516866  0.0215642 -0.0588818  0.0181621  0.0330434 -0.0101804 -0.0522645 -0.0765139  0.0536681 -0.0784827 -0.0104297  0.0060968  0.0183178 -0.0389447
C  0  1  96  0  0 15  -0.0629646 -0.0194361 -0.0258286 -0.0343759  0.0659234 -0.0958505 -0.1093834 -0.0152747  0.0103624 -0.0214849 -0.0234323 -0.1433034 -0.0014202 -0.0466035 -0.1009779  0.0124454
C  0  1  96  0  0 16   0.0773966  0.0389836 -0.0837411 -0.0249480 -0.0148165 -0.1315529  0.0093663  0.0399343 -0.1396919  0.0626494  0.0190461 -0.0398257 -0.0650648 -0.0541820 -0.1245140 -0.0374926
C  0  1  96  0  0 17  -0.0827728 -0.1126255 -0.0574550 -0.1176900 -0.1889834 -0.1477038 -0.1000588 -0.0208851 -0.0318682 -0.0451876  0.0262873  0.0159512 -0.0670711 -0.1814739 -0.1178951 -0.0377325
C  0  1  96  0  0 18  -0.1481065 -0.0792476 -0.0162698 -0.0442006 -0.1887421 -0.0609400 -0.0779183 -0.0713356 -0.0691946 -0.0562201 -0.0956324 -0.1100267 -0.0043626 -0.0193439 -0.1247686  0.0550241
C  0  1  96  0  0 19   0.0208342  0.0203768 -0.2926612 -0.0484030 -0.2456769 -0.1139559 -0.0854840 -0.0792430 -0.1202086 -0.0272605 -0.0548890 -0.0275630 -0.0719544 -0.1063217 -0.0803540 -0.1476861
C  0  1  96  0  0 20  -0.1543882 -0.0018855 -0.0301576 -0.0814965 -0.1508464 -0.0735169 -0.1025490 -0.1103190 -0.1399082 -0.2787096 -0.2013990  0.1378512 -0.0214340 -0.2160577 -0.1571579 -0.2548665
C  0  1  96  0  0 21  -0.1176436 -0.0906383 -0.2623900 -0.1774062 -0.2193230 -0.0932034 -0.2732127  0.0380190 -0.1670320 -0.3292581 -0.2438359 -0.2077169 -0.1995018 -0.3610648 -0.2037905 -0.3695165
C  0  1  96  0  1  0  -0.0039441 -0.0002453 -0.0005699  0.0001807 -0.0057527  0.0042596 -0.0009670  0.0013261  0.0001560  0.0004976 -0.0040633  0.0016008  0.0036910  0.0034134  0.0082011  0.0053921
C  0  1  96  0  1  1   0.0010638  0.0014877 -0.0017485 -0.0013635 -0.0034667 -0.0037017  0.0077055  0.0001584  0.0016888 -0.0016574 -0.0040189 -0.0034591  0.0016043  0.0043748 -0.0010669  0.0012676
C  0  1  96  0  1  2   0.0023808 -0.0010359 -0.0010773  0.0005782 -0.0028122  0.0019375 -0.0003348 -0.0028390  0.0003681  0.0016831 -0.0024058 -0.0025372  0.0002049  0.0014175 -0.0018315 -0.0015992
C  0  1  96  0  1  3   0.0033511  0.0002005  0.0023496 -0.0028468 -0.0027950  0.0024585  0.0047872 -0.0030519 -0.0033966 -0.0009583 -0.0005261 -0.0011457  0.0023438  0.0004900  0.0014760  0.0038029
C  0  1  96  0  1  4   0.0011880 -0.0000543 -0.0024336  0.0015858  0.0009368 -0.0001479  0.0019812  0.0000121  0.0002454 -0.0005789 -0.0013972 -0.0049740  0.0024168  0.0000749 -0.0004895 -0.0023667
C  0  1  96  0  1  5   0.0002189  0.0015463 -0.0019019  0.0003848  0.0004061 -0.0008669  0.0016438  0.0000362 -0.0006924  0.0020562  0.0011783 -0.0024897  0.0011216 -0.0009141  0.0007701 -0.0015625
C  0  1  96  0  1  6   0.0021120  0.0001337 -0.0012462  0.0003678  0.0006561  0.0010975 -0.0025297 -0.0005604  0.0021063 -0.0006083  0.0003810  0.0004673 -0.0016980 -0.0013967  0.0028614 -0.0024322
C  0  1  96  0  1  7   0.0026099  0.0004778  0.0008014 -0.0008658  0.0036334  0.0010745 -0.0012551  0.0014699  0.0014632 -0.0006165  0.0020868 -0.0009486 -0.0008812  0.0012648  0.0005042  0.0003969
C  0  1  96  0  1  8   0.0017447  0.0018480  0.0016847 -0.0006449  0.0014571  0.0031463  0.0014743 -0.0000491  0.0008161 -0.0012719  0.0000472 -0.0005382 -0.0026474  0.0007169  0.0003185 -0.0001154
C  0  1  96  0  1  9  -0.0022313  0.0006187  0.0015521 -0.0004213  0.0014883  0.0008653  0.0010442  0.0015348 -0.0003319 -0.0005706 -0.0009794 -0.0005599  0.0000291  0.0002193 -0.0017586 -0.0020995
C  0  1  96  0  1 10  -0.0016109  0.0003038  0.0003532  0.0022619  0.0015947 -0.0013485  0.0004657 -0.0013989 -0.0017370 -0.0018534 -0.0003773 -0.0000570 -0.0013426 -0.0007550 -0.0010383  0.0020413
C  0  1  96  0  1 11   0.0005548 -0.0005789 -0.0005403  0.0015060 -0.0001200  0.0023891 -0.0019977 -0.0015142 -0.0022309  0.0007666 -0.0011872 -0.0008339  0.0016315  0.0007125  0.0001896 -0.0001498
C  0  1  96  0  1 12   0.0009172  0.0012708 -0.0008555 -0.0009021  0.0015140  0.0001223  0.0007953 -0.0015004  0.0018262 -0.0012022 -0.0003080  0.0021137  0.0001196 -0.0010462  0.0002682 -0.0001809
C  0  1  96  0  1 13   0.0022371 -0.0006904  0.0000547  0.0003898  0.0009699  0.0015695  0.0021941  0.0014897 -0.0009171  0.0006587 -0.0018252 -0.0017716 -0.0007601  0.0028787 -0.0008651  0.0007882
C  0  1  96  0  1 14   0.0018402  0.0014027  0.0020619  0.0009174  0.0011610  0.0028382 -0.0006602  0.0014638 -0.0002723  0.0016250 -0.0000308  0.0008941  0.0009015  0.0009722 -0.0017062  0.0036785
C  0  1  96  0  1 15   0.0040450  0.0012383  0.0001130  0.0002719  0.0014252  0.0010801 -0.0002152 -0.0011838  0.0011194  0.0000358 -0.0000601  0.0002258  0.0010085  0.0009142  0.0005729  0.0000098
C  0  1  96  0  1 16   0.0014639  0.0022945  0.0014683  0.0005608  0.0001307  0.0027401  0.0006861  0.0001039 -0.0006690 -0.0019485  0.0004842 -0.0002031 -0.0012945  0.0023380  0.0013882  0.0031240
C  0  1  96  0  1 17  -0.0009219 -0.0012044 -0.0007719  0.0028798  0.0019992  0.0036523 -0.0003659  0.0022593 -0.0011787  0.0019000  0.0006166 -0.0000587  0.0014599 -0.0012886  0.0071368  0.0060584
C  0  1  96  0  1 18   0.0051063  0.0049664  0.0023541  0.0018391 -0.0005776  0.0003194  0.0033885  0.0011932 -0.0008214  0.0008474  0.0040635  0.0002836 -0.0008884  0.0014990  0.0066740  0.0055464
C  0  1  96  0  1 19   0.0023210  0.0022709  0.0009219  0.0001731  0.0017135  0.0006706  0.0018008 -0.0022274  0.0007294  0.0019148 -0.0003054 -0.0012052  0.0026862  0.0026689  0.0045023  0.0063035
C  0  1  96  0  1 20   0.0059238  0.0049945  0.0059373  0.0027835  0.0031632  0.0033536  0.0015190  0.0044578  0.0041150  0.0057674  0.0004764 -0.0040140  0.0027031  0.0046639  0.0028918  0.0041525
C  0  1  96  0  1 21   0.0160842  0.0141019  0.0095199  0.0018170 -0.0030708 -0.0083346 -0.0111672 -0.0004518 -0.0036366 -0.0034459 -0.0029122  0.0037814  0.0030883  0.0073212  0.0080621  0.0008362
C  0  1  96  1  0  0  -0.3853024 -0.3303779 -0.3917850 -0.3496219 -0.1917111 -0.3940209 -0.3231859 -0.3214880 -0.2216969 -0.3110544 -0.4208339 -0.4534594 -0.3921432 -0.4442234 -0.4264566 -0.4238800
C  0  1  96  1  0  1  -0.3009043 -0.3115405 -0.2846305 -0.2315835 -0.3486329 -0.2965618 -0.2783771 -0.2593900 -0.3131201 -0.2121673 -0.3359174 -0.2931586 -0.3238137 -0.3678197 -0.3387053 -0.2683692
C  0  1  96  1  0  2  -0.3434710 -0.2852249 -0.2400317 -0.2655224 -0.2882900 -0.2483092 -0.2622198 -0.2333668 -0.2670582 -0.2433593 -0.2924424 -0.3075572 -0.3314398 -0.3134246 -0.2870130 -0.3433173
C  0  1  96  1  0  3  -0.2818895 -0.2876474 -0.2849569 -0.2643943 -0.2461029 -0.2355498 -0.2072127 -0.1564213 -0.1626528 -0.2372198 -0.2756545 -0.2776693 -0.2202808 -0.2334276 -0.2687066 -0.2822127
C  0  1  96  1  0  4  -0.2789126 -0.2329025 -0.2556173 -0.2400412 -0.3065601 -0.2234383 -0.2467880 -0.2318953 -0.2266296 -0.2375617 -0.2365111 -0.3189946 -0.3342283 -0.2496216 -0.3091905 -0.3285558
C  0  1  96  1  0  5  -0.2002930 -0.1687474 -0.2132191 -0.1832434 -0.1695950 -0.1629658 -0.1898545 -0.1814076 -0.1505446 -0.1378988 -0.1450524 -0.1907535 -0.2473882 -0.1347837 -0.1635701 -0.2367555
C  0  1  96  1  0  6  -0.1466835 -0.1142654 -0.1356706 -0.1523389 -0.1140908 -0.1023125 -0.1225485 -0.1168859 -0.1573256 -0.1390295 -0.1040311 -0.0761550 -0.0853544 -0.1116002 -0.1495014 -0.1584926
C  0  1  96  1  0  7  -0.1644115 -0.1731708 -0.1455987 -0.1011907 -0.1623197 -0.2184643 -0.1777048 -0.1319701 -0.1570832 -0.0952808 -0.1347898 -0.1354894 -0.1872215 -0.1477153 -0.1448711 -0.1689259
C  0  1  96  1  0  8  -0.1535577 -0.0982524 -0.1375220 -0.1694821 -0.1719771 -0.1717896 -0.1670378 -0.1502158 -0.1602389 -0.1385281 -0.1296627 -0.2003561 -0.1167957 -0.1817729 -0.1356802 -0.1102793
C  0  1  96  1  0  9  -0.1295001 -0.1264503 -0.0545361 -0.1225434 -0.1401279 -0.1192457 -0.1067328 -0.1891199 -0.1146017 -0.1252322 -0.0498765 -0.1560856 -0.1489748 -0.0986343 -0.1364686 -0.1264557
C  0  1  96  1  0 10  -0.1361508 -0.1025805 -0.1057629 -0.1216267 -0.1409705 -0.1606211 -0.1641928 -0.1145085 -0.1082554 -0.1007186 -0.1179174 -0.1364174 -0.1164181 -0.1155931 -0.1283006 -0.1225938
C  0  1  96  1  0 11  -0.1431147 -0.1325493 -0.1146863 -0.0855552 -0.1437887 -0.1127038 -0.0958721 -0.1084569 -0.1276521 -0.0978441 -0.1200693 -0.1261580 -0.0896150 -0.0971408 -0.0885020 -0.1306276
C  0  1  96  1  0 12  -0.1187477 -0.0651415 -0.1314322 -0.1269632 -0.1458324 -0.1206982 -0.1732341 -0.1850756 -0.1531532 -0.1118925 -0.1183949 -0.1087532 -0.0716498 -0.1151177 -0.1045215 -0.0883181
C  0  1  96  1  0 13  -0.1265480 -0.1692566 -0.1276199 -0.1499077 -0.1424444 -0.1839421 -0.1550342 -0.1509139 -0.1339495 -0.1369030 -0.1794823 -0.1671704 -0.1477904 -0.1516308 -0.1442464 -0.0700644
C  0  1  96  1  0 14  -0.1405150 -0.1485907 -0.1535302 -0.2020900 -0.1637081 -0.1602142 -0.1759107 -0.2390059 -0.1719935 -0.1550254 -0.1272802 -0.1199871 -0.1672061 -0.1139497 -0.0933056 -0.1830625
C  0  1  96  1  0 15  -0.0974102 -0.1330816 -0.1805944 -0.0810511 -0.1863938 -0.1123984 -0.1547249 -0.1692175 -0.1614556 -0.0718353 -0.1114767 -0.1514940 -0.1548021 -0.0988111 -0.1128465 -0.1322631
C  0  1  96  1  0 16  -0.2120904 -0.1565267 -0.1508327 -0.1200715 -0.2080442 -0.1904506 -0.2060540 -0.2436330 -0.1050766 -0.1960275 -0.1102883 -0.1716673 -0.0997124 -0.1046285 -0.1966725 -0.1297652
C  0  1  96  1  0 17  -0.2934130 -0.3048203 -0.2089032 -0.2700842 -0.1940489 -0.2957986 -0.2557465 -0.2830888 -0.2492625 -0.2409233 -0.2721298 -0.2225519 -0.1902253 -0.2620242 -0.2356977 -0.2444321
C  0  1  96  1  0 18  -0.2403491 -0.2827965 -0.2223595 -0.2183294 -0.2572040 -0.2429864 -0.2951752 -0.3226242 -0.2703387 -0.1967734 -0.2694727 -0.2415239 -0.2686738 -0.2002065 -0.1530179 -0.2029555
C  0  1  96  1  0 19  -0.3005605 -0.2644534 -0.2605782 -0.2899102 -0.2556362 -0.2884137 -0.2528323 -0.2085437 -0.2715308 -0.2634777 -0.2121433 -0.2765743 -0.2362799 -0.2678050 -0.2278717 -0.2671619
C  0  1  96  1  0 20  -0.2279044 -0.2179288 -0.3474407 -0.3479074 -0.2340866 -0.2397930 -0.2216458 -0.3474754 -0.3302225 -0.3507418 -0.2824827 -0.2627428 -0.3509197 -0.2951598 -0.1745242 -0.2781221
C  0  1  96  1  0 21  -0.3787890 -0.3148471 -0.3128660 -0.3253274 -0.3224080 -0.2044199 -0.2804411 -0.3574263 -0.3815614 -0.3465893 -0.3087716 -0.3627010 -0.3231662 -0.3603358 -0.2716513 -0.3396413
C  0  1  96  1  1  0   0.0483401  0.0486192  0.0399786  0.0252483  0.0014781 -0.0206317 -0.0330982 -0.0416784 -0.0441360 -0.0359895 -0.0351258 -0.0199087  0.0035427  0.0050001  0.0241365  0.0379655
C  0  1  96  1  1  1   0.0254358  0.0226642  0.0176368  0.0106635  0.0026828 -0.0076003 -0.0153929 -0.0176242 -0.0185983 -0.0158053 -0.0165063 -0.0069922  0.0041397  0.0091942  0.0116367  0.0248566
C  0  1  96  1  1  2   0.0121919  0.0133145  0.0081842  0.0058303  0.0006531 -0.0038402 -0.0079168 -0.0090054 -0.0094761 -0.0061727 -0.0045761 -0.0033264  0.0000325  0.0023369  0.0046198  0.0103052
C  0  1  96  1  1  3   0.0081863  0.0073744  0.0024577  0.0049895  0.0014165  0.0005204 -0.0035675 -0.0005918  0.0004930 -0.0006031 -0.0022350 -0.0007955  0.0025812  0.0028482  0.0025015  0.0060593
C  0  1  96  1  1  4   0.0013909  0.0020344  0.0002912  0.0001427  0.0038688  0.0026994 -0.0000414  0.0017457  0.0050942  0.0025514 -0.0008591 -0.0009506  0.0016202  0.0012168  0.0036979  0.0021853
C  0  1  96  1  1  5   0.0014927  0.0009037 -0.0009596  0.0031886  0.0021155  0.0043192  0.0027413  0.0043289  0.0047704  0.0025995 -0.0008139 -0.0002661  0.0019069  0.0020583  0.0023040 -0.0006510
C  0  1  96  1  1  6   0.0015880  0.0019051  0.0015281  0.0043799  0.0035695  0.0050502  0.0045215  0.0050819  0.0048690  0.0012102  0.0007194 -0.0003877  0.0009938  0.0008647  0.0004996  0.0000104
C  0  1  96  1  1  7  -0.0002812  0.0024680  0.0019137  0.0045981  0.0047700  0.0043090  0.0066255  0.0043902  0.0038969  0.0023891  0.0004893  0.0002514  0.0018296  0.0017781  0.0013828 -0.0010329
C  0  1  96  1  1  8  -0.0004023  0.0015021  0.0017517  0.0011993  0.0047247  0.0040658  0.0044413  0.0057908  0.0050257  0.0012755  0.0006430 -0.0002209  0.0021005  0.0023436  0.0013089 -0.0011202
C  0  1  96  1  1  9   0.0005297  0.0013080  0.0008604  0.0029143  0.0026948  0.0032354  0.0039354  0.0039364  0.0017293 -0.0005271  0.0010321  0.0006465  0.0008645 -0.0002825 -0.0003652 -0.0015227
C  0  1  96  1  1 10  -0.0008677  0.0013668  0.0021479  0.0018678  0.0028615  0.0014958  0.0027763  0.0029873  0.0022424  0.0002373 -0.0004810  0.0003077 -0.0002164  0.0007233  0.0021239 -0.0007987
C  0  1  96  1  1 11   0.0009660  0.0015217  0.0016251  0.0028396  0.0027008  0.0005854  0.0013259  0.0021912  0.0024461  0.0016604 -0.0016411 -0.0004135  0.0001762 -0.0004654  0.0005381 -0.0022407
C  0  1  96  1  1 12  -0.0007117  0.0018484  0.0021550  0.0030666  0.0017621  0.0011750  0.0004284  0.0022743  0.0033249  0.0006326  0.0006226  0.0014353 -0.0003897 -0.0004239  0.0002802 -0.0011102
C  0  1  96  1  1 13   0.0003005  0.0025404  0.0027432  0.0027504  0.0032707  0.0029740  0.0040531  0.0057334  0.0047481  0.0008087  0.0008264 -0.0002062 -0.0001519 -0.0023499 -0.0000448 -0.0011652
C  0  1  96  1  1 14  -0.0003931  0.0010647  0.0026241  0.0032083  0.0039427  0.0027760  0.0039753  0.0067702  0.0054622  0.0022508  0.0016329 -0.0004332 -0.0015419 -0.0014425 -0.0009061 -0.0025165
C  0  1  96  1  1 15  -0.0019232  0.0003968  0.0023788  0.0040117  0.0033787 -0.0002979  0.0026451  0.0030904  0.0054991  0.0038533  0.0022122 -0.0004450 -0.0024240 -0.0051181 -0.0055961 -0.0052157
C  0  1  96  1  1 16  -0.0022427  0.0021440  0.0036910  0.0040324  0.0032705  0.0008355  0.0035089  0.0039394  0.0046440  0.0064027  0.0037695  0.0025642 -0.0006623 -0.0004559 -0.0055250 -0.0050102
C  0  1  96  1  1 17  -0.0032267  0.0027267  0.0007529  0.0063414  0.0002727 -0.0018661  0.0007606  0.0040518  0.0038917  0.0036051  0.0026602  0.0011772 -0.0023273 -0.0040706 -0.0051142 -0.0036775
C  0  1  96  1  1 18   0.0009425  0.0080402  0.0051033  0.0076670  0.0038228 -0.0002890 -0.0016125 -0.0016210  0.0026748  0.0040865  0.0017467  0.0009328 -0.0014792 -0.0028060 -0.0061803 -0.0031362
C  0  1  96  1  1 19   0.0022610  0.0074164  0.0127568  0.0095689  0.0067201  0.0016237 -0.0026501 -0.0011973  0.0036630  0.0047570  0.0027650 -0.0005616 -0.0025313 -0.0057894 -0.0063374 -0.0024904
C  0  1  96  1  1 20   0.0006340  0.0143465  0.0176530  0.0138326  0.0063802  0.0035105 -0.0028260  0.0002880  0.0009535  0.0062371  0.0006692 -0.0022909 -0.0063356 -0.0091454 -0.0065928 -0.0031745
C  0  1  96  1  1 21   0.0096095  0.0202154  0.0304005  0.0231079  0.0178550  0.0146023  0.0098136  0.0097226  0.0140593  0.0113852  0.0013117 -0.0033557 -0.0094393 -0.0172241 -0.0090804 -0.0001761
