CPHI 16 
CETA 22 -2.40 -2.10 -1.85 -1.60 -1.40 -1.20 -1.00 -0.80 -0.60 -0.40 -0.20  0.00  0.20  0.40  0.60  0.80  1.00  1.20  1.40  1.60  1.85  2.10  2.40 
RMIN  6 
RTRK 12 
RETA 11  0.00  0.20  0.40  0.60  0.80  1.00  1.20  1.40  1.60  1.85  2.10  2.40 
T 0 1  97  0  0  0    0.0000000   0.0006205   0.0016803   0.0032320   0.0122975   0.0690475   0.2778141   0.6535291   1.0000000   1.0000000   1.0000000   1.0000000   1.0000000
T 0 1  97  0  0  1    0.0000000   0.0001528   0.0005357   0.0023823   0.0126457   0.0589750   0.2266793   0.5888049   1.0000000   1.0000000   1.0000000   1.0000000   1.0000000
T 0 1  97  0  0  2    0.0000000   0.0001324   0.0004951   0.0017406   0.0106872   0.0551116   0.2091143   0.5731746   1.0000000   1.0000000   1.0000000   1.0000000   1.0000000
T 0 1  97  0  0  3    0.0000000   0.0001937   0.0005795   0.0017584   0.0115908   0.0627445   0.2259158   0.5862242   1.0000000   1.0000000   1.0000000   1.0000000   1.0000000
T 0 1  97  0  0  4    0.0000000   0.0003762   0.0024783   0.0140944   0.0626269   0.2041140   0.4881230   0.8220761   1.0000000   1.0000000   1.0000000   1.0000000   1.0000000
T 0 1  97  0  0  5    0.0000000   0.0009949   0.0075629   0.0513216   0.2056700   0.5327826   0.8763812   0.9994492   1.0000000   1.0000000   1.0000000   1.0000000   1.0000000
T 0 1  97  0  0  6    0.0000000   0.0003014   0.0012241   0.0102563   0.0672210   0.2769308   0.6638696   0.9307862   0.9981306   1.0000000   1.0000000   1.0000000   1.0000000
T 0 1  97  0  0  7    0.0000000   0.0000639   0.0004213   0.0009127   0.0048257   0.0308645   0.1185464   0.2969222   0.5817335   0.8694812   0.9842189   0.9998760   1.0000000
T 0 1  97  0  0  8    0.0000000   0.0000023   0.0000373   0.0001164   0.0003711   0.0009596   0.0041374   0.0251091   0.1194221   0.3939216   0.7897498   0.9691179   1.0000000
T 0 1  97  0  0  9    0.0000000   0.0000071   0.0000139   0.0000405   0.0005329   0.0035257   0.0184227   0.0863224   0.3031717   0.6594190   0.9389391   0.9999511   1.0000000
T 0 1  97  0  0 10    0.0000000   0.0067761   0.0288924   0.0460052   0.0788912   0.1683628   0.3383081   0.6911822   0.9103670   0.9701680   0.9998274   1.0000000   1.0000000
T 0 1  97  1  0  0    0.0000000   0.0005148   0.0016399   0.0047460   0.0213440   0.1017716   0.3374237   0.6994022   1.0000000   1.0000000   1.0000000   1.0000000   1.0000000
T 0 1  97  1  0  1    0.0000000   0.0002633   0.0010891   0.0042307   0.0181163   0.0752157   0.2537985   0.6193956   1.0000000   1.0000000   1.0000000   1.0000000   1.0000000
T 0 1  97  1  0  2    0.0000000   0.0002194   0.0008486   0.0027728   0.0124455   0.0616642   0.2339277   0.6064318   1.0000000   1.0000000   1.0000000   1.0000000   1.0000000
T 0 1  97  1  0  3    0.0000000   0.0002283   0.0008669   0.0027852   0.0140251   0.0700545   0.2491207   0.6198491   1.0000000   1.0000000   1.0000000   1.0000000   1.0000000
T 0 1  97  1  0  4    0.0000000   0.0004356   0.0027620   0.0153929   0.0663357   0.2155446   0.5058694   0.8320271   1.0000000   1.0000000   1.0000000   1.0000000   1.0000000
T 0 1  97  1  0  5    0.0000000   0.0011873   0.0094478   0.0577925   0.2246261   0.5586818   0.8900123   0.9996500   1.0000000   1.0000000   1.0000000   1.0000000   1.0000000
T 0 1  97  1  0  6    0.0000000   0.0004626   0.0026649   0.0180020   0.0942133   0.3329130   0.7236541   0.9536823   0.9988141   0.9999984   1.0000000   1.0000000   1.0000000
T 0 1  97  1  0  7    0.0000000   0.0002246   0.0006446   0.0024765   0.0123245   0.0526267   0.1570011   0.3413836   0.6074237   0.8728054   0.9849908   0.9998878   1.0000000
T 0 1  97  1  0  8    0.0000000   0.0009562   0.0014955   0.0017998   0.0022382   0.0036136   0.0107994   0.0452511   0.1686405   0.4573475   0.8251665   0.9710661   1.0000000
T 0 1  97  1  0  9    0.0000000   0.0021003   0.0074838   0.0131257   0.0159362   0.0198461   0.0401951   0.1288935   0.3661962   0.7154288   0.9583841   0.9999941   1.0000000
T 0 1  97  1  0 10    0.0000000   0.0032254   0.0170235   0.0428863   0.0843736   0.1746921   0.3942474   0.7474223   0.9511020   0.9856143   0.9999985   1.0000000   1.0000000
R 0 1  97  0  0  0    0.0245588   0.0245588   0.0110622   0.0104302   0.0103518   0.0102144   0.0100185   0.0098613   0.0098613   0.0098613   0.0098613   0.0098613
R 0 1  97  0  0  1    0.0118646   0.0118646   0.0118646   0.0118646   0.0110483   0.0108961   0.0109646   0.0108419   0.0108419   0.0108419   0.0108419   0.0108419
R 0 1  97  0  0  2    0.0124056   0.0124056   0.0124056   0.0124056   0.0119490   0.0119651   0.0118420   0.0116644   0.0116644   0.0116644   0.0116644   0.0116644
R 0 1  97  0  0  3    0.0134469   0.0134469   0.0134469   0.0134469   0.0127224   0.0125654   0.0123865   0.0122677   0.0122677   0.0122677   0.0122677   0.0122677
R 0 1  97  0  0  4    0.0187757   0.0187757   0.0187757   0.0173401   0.0169360   0.0158964   0.0144577   0.0130822   0.0130822   0.0130822   0.0130822   0.0130822
R 0 1  97  0  0  5    0.0198094   0.0198094   0.0191991   0.0190557   0.0187343   0.0180582   0.0169345   0.0169345   0.0169345   0.0169345   0.0169345   0.0169345
R 0 1  97  0  0  6    0.0206452   0.0206452   0.0206452   0.0202389   0.0207049   0.0206844   0.0208382   0.0205455   0.0205455   0.0205455   0.0205455   0.0205455
R 0 1  97  0  0  7    0.0216238   0.0216238   0.0216238   0.0216238   0.0204469   0.0210704   0.0211180   0.0210415   0.0205487   0.0197272   0.0197272   0.0197272
R 0 1  97  0  0  8    0.0214435   0.0214435   0.0214435   0.0214435   0.0214435   0.0214435   0.0214435   0.0208351   0.0209643   0.0209911   0.0201161   0.0188105
R 0 1  97  0  0  9    0.0312118   0.0312118   0.0312118   0.0312118   0.0312118   0.0312118   0.0298891   0.0287865   0.0274954   0.0264361   0.0251352   0.0251352
R 0 1  97  0  0 10    0.0774564   0.0726828   0.0607099   0.0539195   0.0465951   0.0440709   0.0409302   0.0354804   0.0336825   0.0309562   0.0309562   0.0309562
R 0 1  97  0  1  0    0.0000000   0.0000000   0.0000000   0.0000620   0.0000866   0.0000837   0.0000730   0.0000650   0.0000650   0.0000650   0.0000650   0.0000650
R 0 1  97  0  1  1    0.0000701   0.0000701   0.0000701   0.0000701   0.0000668   0.0000714   0.0000619   0.0000567   0.0000567   0.0000567   0.0000567   0.0000567
R 0 1  97  0  1  2    0.0000673   0.0000673   0.0000673   0.0000673   0.0000568   0.0000686   0.0000605   0.0000517   0.0000517   0.0000517   0.0000517   0.0000517
R 0 1  97  0  1  3    0.0000536   0.0000536   0.0000536   0.0000536   0.0000748   0.0000587   0.0000580   0.0000501   0.0000501   0.0000501   0.0000501   0.0000501
R 0 1  97  0  1  4    0.0001340   0.0001340   0.0001340   0.0000918   0.0000870   0.0000749   0.0000546   0.0000442   0.0000442   0.0000442   0.0000442   0.0000442
R 0 1  97  0  1  5    0.0001007   0.0001007   0.0000712   0.0000722   0.0000607   0.0000578   0.0000474   0.0000474   0.0000474   0.0000474   0.0000474   0.0000474
R 0 1  97  0  1  6    0.0000919   0.0000919   0.0000919   0.0000549   0.0000519   0.0000535   0.0000553   0.0000159   0.0000159   0.0000159   0.0000159   0.0000159
R 0 1  97  0  1  7    0.0001516   0.0001516   0.0001516   0.0001516   0.0000608   0.0000721   0.0000690   0.0000718   0.0000723   0.0000565   0.0000565   0.0000565
R 0 1  97  0  1  8    0.0001180   0.0001180   0.0001180   0.0001180   0.0001180   0.0001180   0.0001180   0.0000977   0.0001038   0.0001003   0.0000812   0.0000707
R 0 1  97  0  1  9    0.0002513   0.0002513   0.0002513   0.0002513   0.0002513   0.0002513   0.0002237   0.0001962   0.0001803   0.0001541   0.0001280   0.0001280
R 0 1  97  0  1 10    0.0011747   0.0012099   0.0008221   0.0007187   0.0005311   0.0004654   0.0003977   0.0002532   0.0001982   0.0001935   0.0001935   0.0001935
R 0 1  97  0  2  0    0.0000000   0.0000000   0.0000000   0.0000000   0.0000000   0.0000000   0.0000138   0.0000054   0.0000054   0.0000054   0.0000054   0.0000054
R 0 1  97  0  2  1    0.0000000   0.0000000   0.0000000   0.0000000   0.0000000   0.0000086   0.0000095   0.0000117   0.0000117   0.0000117   0.0000117   0.0000117
R 0 1  97  0  2  2    0.0001249   0.0001249   0.0001249   0.0001249   0.0000554   0.0000267   0.0000167   0.0000215   0.0000215   0.0000215   0.0000215   0.0000215
R 0 1  97  0  2  3    0.0000000   0.0000000   0.0000000   0.0000000   0.0000198   0.0000137   0.0000114   0.0000068   0.0000068   0.0000068   0.0000068   0.0000068
R 0 1  97  0  2  4    0.0000000   0.0000000   0.0000000   0.0000000   0.0000000   0.0000000   0.0000164   0.0000068   0.0000068   0.0000068   0.0000068   0.0000068
R 0 1  97  0  2  5    0.0000000   0.0000000   0.0000000   0.0000247   0.0000176   0.0000000   0.0000146   0.0000146   0.0000146   0.0000146   0.0000146   0.0000146
R 0 1  97  0  2  6    0.0000000   0.0000000   0.0000000   0.0000000   0.0000000   0.0000134   0.0000000   0.0000000   0.0000000   0.0000000   0.0000000   0.0000000
R 0 1  97  0  2  7    0.0000000   0.0000000   0.0000000   0.0000000   0.0000750   0.0000000   0.0000000   0.0000000   0.0000000   0.0000000   0.0000000   0.0000000
R 0 1  97  0  2  8    0.0000000   0.0000000   0.0000000   0.0000000   0.0000000   0.0000000   0.0000000   0.0000000   0.0000000   0.0000000   0.0000000   0.0000000
R 0 1  97  0  2  9    0.0000000   0.0000000   0.0000000   0.0000000   0.0000000   0.0000000   0.0000000   0.0000543   0.0000000   0.0000221   0.0000000   0.0000000
R 0 1  97  0  2 10    0.0000000   0.0000000   0.0000000   0.0000000   0.0000000   0.0000000   0.0000763   0.0000585   0.0000000   0.0000000   0.0000000   0.0000000
R 0 1  97  0  3  0    0.9921059   0.9921059   1.1434800   1.0287293   0.9997100   0.9855454   0.9794312   0.9815123   0.9815123   0.9815123   0.9815123   0.9815123
R 0 1  97  0  3  1    1.0231873   1.0231873   1.0231873   1.0231873   1.0023769   0.9832746   0.9786461   0.9792152   0.9792152   0.9792152   0.9792152   0.9792152
R 0 1  97  0  3  2    1.0091049   1.0091049   1.0091049   1.0091049   0.9990079   0.9907652   0.9804230   0.9802467   0.9802467   0.9802467   0.9802467   0.9802467
R 0 1  97  0  3  3    0.9911559   0.9911559   0.9911559   0.9911559   0.9999766   0.9844003   0.9824077   0.9805552   0.9805552   0.9805552   0.9805552   0.9805552
R 0 1  97  0  3  4    1.0226478   1.0226478   1.0226478   0.9905953   0.9732199   0.9748630   0.9774414   0.9901515   0.9901515   0.9901515   0.9901515   0.9901515
R 0 1  97  0  3  5    1.0502729   1.0502729   0.9999353   0.9848369   0.9759709   0.9728091   0.9704643   0.9704643   0.9704643   0.9704643   0.9704643   0.9704643
R 0 1  97  0  3  6    1.0189266   1.0189266   1.0189266   1.0079309   0.9890639   0.9847072   0.9836373   0.9864705   0.9864705   0.9864705   0.9864705   0.9864705
R 0 1  97  0  3  7    1.0443694   1.0443694   1.0443694   1.0443694   1.0404572   0.9969178   0.9900148   0.9873694   0.9848916   0.9848977   0.9848977   0.9848977
R 0 1  97  0  3  8    1.0131225   1.0131225   1.0131225   1.0131225   1.0131225   1.0131225   1.0131225   0.9963002   0.9811270   0.9852583   0.9880146   1.0257907
R 0 1  97  0  3  9    1.0139112   1.0139112   1.0139112   1.0139112   1.0139112   1.0139112   0.9972849   0.9724974   0.9710558   0.9834250   0.9925133   0.9925133
R 0 1  97  0  3 10    1.0310177   1.0341320   1.0051576   0.9848966   0.9879556   0.9712309   0.9678833   0.9674918   0.9984133   1.0081104   1.0081104   1.0081104
R 0 1  97  0  4  0    1.0778871   1.0778871   1.3711044   1.9970498   2.2564445   2.3207763   2.2077354   2.2393560   2.2393560   2.2393560   2.2393560   2.2393560
R 0 1  97  0  4  1    1.9908691   1.9908691   1.9908691   1.9908691   2.1708557   2.2185825   2.1963827   2.2040163   2.2040163   2.2040163   2.2040163   2.2040163
R 0 1  97  0  4  2    1.9406410   1.9406410   1.9406410   1.9406410   2.2290534   2.3536135   2.2309301   2.2196351   2.2196351   2.2196351   2.2196351   2.2196351
R 0 1  97  0  4  3    1.7865871   1.7865871   1.7865871   1.7865871   2.3221626   2.2246908   2.2579108   2.2102957   2.2102957   2.2102957   2.2102957   2.2102957
R 0 1  97  0  4  4    1.8483054   1.8483054   1.8483054   2.0782341   2.0312151   2.0992541   2.1800300   2.3982066   2.3982066   2.3982066   2.3982066   2.3982066
R 0 1  97  0  4  5    1.7291713   1.7291713   2.0692322   2.1557746   2.0988746   2.0859998   2.0075468   2.0075468   2.0075468   2.0075468   2.0075468   2.0075468
R 0 1  97  0  4  6    2.0493525   2.0493525   2.0493525   2.2106983   2.3086570   2.3482401   2.3494598   2.2588684   2.2588684   2.2588684   2.2588684   2.2588684
R 0 1  97  0  4  7    1.7189507   1.7189507   1.7189507   1.7189507   2.3475242   2.3131807   2.3554276   2.3786727   2.3446142   2.3282856   2.3282856   2.3282856
R 0 1  97  0  4  8    2.1831386   2.1831386   2.1831386   2.1831386   2.1831386   2.1831386   2.1831386   2.2264294   2.2007652   2.3028205   2.2627858   2.4611587
R 0 1  97  0  4  9    2.0444985   2.0444985   2.0444985   2.0444985   2.0444985   2.0444985   2.1693817   2.0312691   2.0237411   2.1795795   2.0844403   2.0844403
R 0 1  97  0  4 10    2.0170430   2.2215838   1.8460025   1.8415599   2.0549287   1.9631910   1.9484054   1.8987538   2.1179109   2.1182440   2.1182440   2.1182440
R 0 1  97  0  5  0  140.5409142 140.5409142   7.0538743   4.0099130   3.5171258   3.5834525   4.3768673   4.1488430   4.1488430   4.1488430   4.1488430   4.1488430
R 0 1  97  0  5  1    3.9912032   3.9912032   3.9912032   3.9912032   4.1980923   4.0098774   4.3395281   4.3601334   4.3601334   4.3601334   4.3601334   4.3601334
R 0 1  97  0  5  2    3.6907606   3.6907606   3.6907606   3.6907606   3.6863469   3.5201047   4.1116137   4.3916995   4.3916995   4.3916995   4.3916995   4.3916995
R 0 1  97  0  5  3    4.8778483   4.8778483   4.8778483   4.8778483   3.7327073   4.3989058   4.2376525   4.4665345   4.4665345   4.4665345   4.4665345   4.4665345
R 0 1  97  0  5  4    5.8315357   5.8315357   5.8315357   4.5279866   5.7168578   4.9741041   4.0155432   2.9701390   2.9701390   2.9701390   2.9701390   2.9701390
R 0 1  97  0  5  5    5.3353782   5.3353782   4.9116121   4.6488774   5.2032299   4.5817126   4.2067532   4.2067532   4.2067532   4.2067532   4.2067532   4.2067532
R 0 1  97  0  5  6    2.7785272   2.7785272   2.7785272   4.1142089   3.4925236   3.0359714   2.4145774   2.0168042   2.0168042   2.0168042   2.0168042   2.0168042
R 0 1  97  0  5  7    4.3701406   4.3701406   4.3701406   4.3701406   3.3702518   3.3528760   2.8589252   2.8153717   2.7292713   2.1072322   2.1072322   2.1072322
R 0 1  97  0  5  8    4.4709073   4.4709073   4.4709073   4.4709073   4.4709073   4.4709073   4.4709073   4.5299017   4.7963979   4.0225622   3.7532242   3.3061395
R 0 1  97  0  5  9    5.0050521   5.0050521   5.0050521   5.0050521   5.0050521   5.0050521   5.3763525   6.2574868   6.9711897   5.7828272   7.3834142   7.3834142
R 0 1  97  0  5 10    5.4209182   4.0402597   4.8303421   5.9549665   4.6184766   6.7966713   8.1409355  10.2065146   5.8494838   5.4988377   5.4988377   5.4988377
F  0  1  97  0  0  0    0.9923678   1.0024572   0.9915652   1.0241671   0.9786040   0.9938451   0.9972988   0.9929792   0.9922175   0.9830197   0.9823220
F  0  1  97  1  0  0    1.0487424   1.0844657   1.0616517   1.0501708   1.0650649   1.0628061   1.0856980   1.0602372   1.0458448   1.0626286   1.0872086
C  0  1  97  0  0  0  -0.2741624 -0.0779465 -0.2280917 -0.3501237 -0.1476996 -0.0572182 -0.0654222 -0.1900563 -0.1784199 -0.3056284 -0.3185449 -0.1073826 -0.2174918 -0.1691021 -0.3750622 -0.0688799
C  0  1  97  0  0  1  -0.0570598 -0.2430147 -0.1318352 -0.0925457 -0.1622369 -0.1512068 -0.2045710 -0.0491519 -0.0581470 -0.1430945 -0.0377990 -0.1348322 -0.1838656 -0.2033464 -0.1905375  0.0305612
C  0  1  97  0  0  2  -0.0806274 -0.0748543 -0.1504654 -0.1209946 -0.0240630 -0.0855001 -0.1043617 -0.0689280 -0.0550576 -0.0867566  0.0687762 -0.1061203 -0.0982322 -0.0802239  0.0105403 -0.0865240
C  0  1  97  0  0  3  -0.0902172 -0.0569851 -0.1566423  0.0095485 -0.0258106 -0.0864868 -0.0287780 -0.1353690 -0.0815719 -0.1148465 -0.0376067 -0.0108819 -0.1564715  0.0013517 -0.1059426 -0.0762230
C  0  1  97  0  0  4  -0.1244132 -0.1019921 -0.0709035 -0.0964778 -0.1231697 -0.0334961 -0.0610849  0.0027141 -0.0369848 -0.0581328 -0.0462875 -0.0461533 -0.2637916 -0.1260482 -0.0008427  0.0050465
C  0  1  97  0  0  5  -0.1002205  0.0198275  0.0044756  0.0819179 -0.0311047 -0.0967574  0.0298920 -0.0406319  0.0696299 -0.0176199 -0.0495520  0.0030939  0.0021654  0.0380654  0.0816095 -0.0110641
C  0  1  97  0  0  6  -0.0013655  0.0292688  0.0180698  0.0214735 -0.0421768  0.1010958 -0.1149036 -0.0843898 -0.0261142  0.0440607 -0.0632899  0.0133068 -0.0800548  0.0601468 -0.0817896  0.0666052
C  0  1  97  0  0  7  -0.0595981 -0.0983669  0.0387020  0.0426189  0.0087909  0.0804086 -0.0186777 -0.0659563 -0.0307456 -0.0477656  0.0124152 -0.0351905 -0.0153371  0.0228773 -0.1228888  0.0069719
C  0  1  97  0  0  8  -0.0139577  0.0661737  0.0172070 -0.0064594 -0.0084425 -0.0116827  0.0323879 -0.0297639 -0.0021254 -0.0390158 -0.0375590  0.0224856 -0.0241443  0.0464882 -0.0546743  0.0204145
C  0  1  97  0  0  9  -0.0387855  0.0358338 -0.0022566  0.0944954  0.0067054  0.0512736 -0.0193004  0.0524507 -0.1012891  0.0830622 -0.0080216  0.0451999 -0.0514397  0.0372779 -0.0580135  0.0460672
C  0  1  97  0  0 10  -0.0194454  0.0251307  0.0363155  0.0176826  0.0058670  0.0177837  0.0206490 -0.0292666  0.0501695 -0.0404550 -0.0086088  0.0049316 -0.0002642  0.0723761  0.0251216  0.0303022
C  0  1  97  0  0 11  -0.0847733  0.0386873 -0.0049655  0.1129933  0.0357879  0.1502150  0.0524315  0.0428670  0.0236836  0.0133879  0.0036024 -0.0732767  0.0123372  0.0976751  0.0569281 -0.0606137
C  0  1  97  0  0 12   0.0876137  0.0090971  0.0340329  0.0612616 -0.0001006 -0.0202199 -0.0114685  0.0173785  0.0018682  0.0779862 -0.0413220  0.0594064 -0.0600367 -0.0087812  0.0072622  0.0874938
C  0  1  97  0  0 13  -0.0567720  0.0062682  0.0891060  0.0078883 -0.0464381 -0.0257418 -0.0063237 -0.0144261  0.0221974  0.0346896  0.0081143  0.0264698 -0.0195865 -0.0214599 -0.0221614  0.0243340
C  0  1  97  0  0 14   0.0523440 -0.0374025 -0.0405568 -0.0467502  0.0567167 -0.0679838  0.0007051 -0.0501134  0.0035162 -0.0445842  0.0546276  0.0197946 -0.0036221  0.0452237  0.0083021 -0.1119486
C  0  1  97  0  0 15  -0.1337204 -0.0233971  0.0624621  0.0090824 -0.0063351 -0.0482976  0.0065625 -0.0147569 -0.0436486 -0.0419982  0.0006544 -0.0888669 -0.0135956 -0.0067446 -0.0977763 -0.0510106
C  0  1  97  0  0 16   0.1535503 -0.0285169  0.0766267  0.0205819  0.0230675 -0.0982030 -0.0025019 -0.0245233 -0.0021043  0.0903244  0.0389619 -0.0312502 -0.0594143 -0.0697703 -0.0866194  0.0576522
C  0  1  97  0  0 17  -0.1138446 -0.0451623 -0.1934641 -0.0313240 -0.1030794 -0.0036502 -0.1035355 -0.0405505 -0.0318124 -0.1187335  0.0173604  0.0203976 -0.1024704 -0.0873851 -0.1368381 -0.0207437
C  0  1  97  0  0 18  -0.1278475 -0.1368123 -0.1013421 -0.0580053 -0.0788841  0.0382624 -0.1017896 -0.0499046 -0.0461290 -0.0337683 -0.0234740 -0.1063938 -0.0506939 -0.0135520 -0.2114497 -0.0543535
C  0  1  97  0  0 19  -0.0669054 -0.1123591 -0.2396024 -0.0017585 -0.1489782 -0.0599682 -0.1272621 -0.0576947 -0.1948167 -0.0797167 -0.0892654 -0.0570717 -0.0739503 -0.1287952 -0.0475831 -0.0951000
C  0  1  97  0  0 20  -0.0206050 -0.0286012 -0.1906074 -0.0139483 -0.0815578 -0.1546082 -0.1592139 -0.1321465 -0.1267767 -0.0622252 -0.1045932 -0.0310628 -0.1021960 -0.2060302 -0.1918292 -0.3704452
C  0  1  97  0  0 21  -0.2237843 -0.2123789 -0.4109762 -0.1593840 -0.1236629 -0.1375566 -0.3335805 -0.0795889 -0.2216323 -0.1622843 -0.1193904 -0.2318251 -0.2830262 -0.3276390 -0.2382031 -0.2059191
C  0  1  97  0  1  0   0.0003308 -0.0023455 -0.0006486 -0.0060017 -0.0004088  0.0035030 -0.0022658  0.0002044  0.0033920  0.0010917 -0.0015179  0.0019010  0.0058847  0.0053592  0.0022952  0.0062410
C  0  1  97  0  1  1   0.0011867  0.0035911 -0.0033729  0.0009497 -0.0028589 -0.0026402  0.0035925  0.0017816 -0.0004165 -0.0021259 -0.0010456 -0.0005323  0.0016932  0.0035180  0.0025572  0.0009537
C  0  1  97  0  1  2   0.0027839 -0.0000910  0.0017490  0.0013917  0.0000788  0.0020493  0.0028876 -0.0005303  0.0002112  0.0012042 -0.0035711  0.0013105  0.0019369  0.0003156  0.0013927  0.0026323
C  0  1  97  0  1  3   0.0018675 -0.0011529  0.0000324 -0.0022287 -0.0018771  0.0015944  0.0023308 -0.0005652 -0.0024296 -0.0009992 -0.0022970 -0.0030894 -0.0001772 -0.0028439 -0.0016369  0.0016389
C  0  1  97  0  1  4   0.0021715  0.0007525 -0.0030070  0.0042673  0.0012781  0.0014478  0.0024580  0.0008689  0.0006884  0.0004635 -0.0006858 -0.0035087  0.0009554 -0.0014387 -0.0017094 -0.0027394
C  0  1  97  0  1  5   0.0008084 -0.0003352 -0.0017106  0.0015351  0.0005360 -0.0018558 -0.0017528 -0.0007149 -0.0006009  0.0004341  0.0000135 -0.0018928 -0.0000980 -0.0007539  0.0004103  0.0004631
C  0  1  97  0  1  6   0.0013568 -0.0011993 -0.0000633  0.0010360 -0.0014788  0.0006461 -0.0002534 -0.0020623  0.0007863 -0.0000807 -0.0010985 -0.0002279 -0.0012667 -0.0010841  0.0011247 -0.0010256
C  0  1  97  0  1  7   0.0028673 -0.0004089  0.0011635 -0.0009996  0.0013372  0.0003761 -0.0017819 -0.0018292  0.0003547 -0.0017930  0.0009463 -0.0015639 -0.0005711 -0.0004403 -0.0016524  0.0004715
C  0  1  97  0  1  8   0.0022348  0.0013645 -0.0011488 -0.0014737  0.0004922  0.0013733 -0.0007495  0.0004822  0.0032480  0.0000907 -0.0008298 -0.0003031  0.0004056  0.0005050  0.0004514  0.0003427
C  0  1  97  0  1  9  -0.0007398 -0.0001030  0.0022905  0.0000159  0.0001919 -0.0001702  0.0010434 -0.0011615 -0.0003925 -0.0012587 -0.0030607 -0.0016553 -0.0004644 -0.0005874 -0.0006748 -0.0008729
C  0  1  97  0  1 10   0.0000737 -0.0007396  0.0022150  0.0001240  0.0017001 -0.0019414 -0.0009124  0.0003524 -0.0013879 -0.0023168 -0.0009403 -0.0019569 -0.0024210  0.0000576  0.0005551  0.0007160
C  0  1  97  0  1 11   0.0004856  0.0011439  0.0004957  0.0015217 -0.0003018 -0.0011294 -0.0016958 -0.0020181 -0.0015363 -0.0003494 -0.0017511 -0.0007962 -0.0003067 -0.0006272 -0.0005942 -0.0015127
C  0  1  97  0  1 12  -0.0009470 -0.0008506 -0.0005535 -0.0011580  0.0002428 -0.0025491  0.0015831 -0.0003234 -0.0001112  0.0001471  0.0000207  0.0000296 -0.0015256  0.0001186  0.0000419  0.0015504
C  0  1  97  0  1 13   0.0004430  0.0002670  0.0008815  0.0023045  0.0045693  0.0016048  0.0008161  0.0004825 -0.0007054 -0.0011769 -0.0006433 -0.0015162  0.0004031  0.0031556  0.0023620  0.0013611
C  0  1  97  0  1 14   0.0020263  0.0000745  0.0015092  0.0001975  0.0008531  0.0013978 -0.0025538  0.0015808  0.0010830 -0.0017445 -0.0003341  0.0002470  0.0006684 -0.0002241 -0.0003691  0.0016290
C  0  1  97  0  1 15   0.0031691  0.0020580  0.0001659 -0.0009361  0.0001646  0.0035662  0.0005898  0.0001051  0.0004735 -0.0009158 -0.0021654  0.0012620  0.0002843  0.0015531  0.0000240  0.0001831
C  0  1  97  0  1 16   0.0017075  0.0024377 -0.0004253  0.0010784  0.0010704  0.0031743  0.0000413 -0.0005279  0.0014232  0.0004551 -0.0010397 -0.0021991 -0.0016760  0.0024983  0.0012675  0.0027625
C  0  1  97  0  1 17   0.0014489 -0.0026428  0.0006099  0.0013327  0.0019825  0.0023892  0.0000375  0.0013432 -0.0000357  0.0032448  0.0017779 -0.0003391  0.0019978 -0.0010847  0.0043518  0.0047089
C  0  1  97  0  1 18   0.0071830  0.0050357  0.0044594  0.0019822 -0.0035809  0.0015736  0.0065209  0.0009742  0.0010743  0.0012052  0.0044023  0.0023834  0.0002895 -0.0004070  0.0070541  0.0078798
C  0  1  97  0  1 19   0.0019679  0.0056431  0.0010668  0.0013830  0.0003262  0.0021520  0.0018944  0.0000622  0.0039945  0.0036901 -0.0027089 -0.0000151  0.0035704  0.0049288  0.0046875  0.0037995
C  0  1  97  0  1 20   0.0044962  0.0063774  0.0022526  0.0012458  0.0032286  0.0027620  0.0050763  0.0037218  0.0022225  0.0047848  0.0036149 -0.0008804  0.0031049  0.0033995  0.0066895  0.0052422
C  0  1  97  0  1 21   0.0176367  0.0117485  0.0070368  0.0026760 -0.0046837 -0.0074562 -0.0070181 -0.0033648  0.0009852 -0.0002801  0.0014895  0.0045479  0.0017652  0.0050756  0.0066155  0.0036056
C  0  1  97  1  0  0  -0.4667722 -0.3566769 -0.3894646 -0.3631187 -0.2082439 -0.4147130 -0.3681405 -0.3067132 -0.3746233 -0.3833045 -0.3601697 -0.4760922 -0.4771297 -0.4290297 -0.4146237 -0.5085956
C  0  1  97  1  0  1  -0.2476450 -0.3038195 -0.3414531 -0.3091091 -0.3413498 -0.2901450 -0.2168585 -0.2385793 -0.2483764 -0.2317078 -0.3045510 -0.3272538 -0.3505551 -0.4026038 -0.3518039 -0.2755748
C  0  1  97  1  0  2  -0.3584877 -0.3182832 -0.3122365 -0.2888750 -0.3002150 -0.2472054 -0.2434765 -0.2752706 -0.2633953 -0.2174171 -0.3117484 -0.3202674 -0.3323219 -0.3070514 -0.2646537 -0.3452579
C  0  1  97  1  0  3  -0.2891187 -0.2795102 -0.2679997 -0.2594144 -0.3006511 -0.2092250 -0.1471857 -0.1498530 -0.1490431 -0.2468726 -0.2201030 -0.2704816 -0.2365514 -0.3066824 -0.3056675 -0.2833534
C  0  1  97  1  0  4  -0.3563114 -0.2522055 -0.2673619 -0.2150751 -0.2378983 -0.2284840 -0.2419806 -0.3246113 -0.2265211 -0.2095582 -0.2485945 -0.2793488 -0.2997868 -0.2369674 -0.3050394 -0.2829250
C  0  1  97  1  0  5  -0.1986552 -0.1556566 -0.1446141 -0.1628342 -0.1758349 -0.1208390 -0.1480812 -0.1571170 -0.1048289 -0.1342233 -0.1673742 -0.2055468 -0.2199951 -0.1184822 -0.1563134 -0.1889866
C  0  1  97  1  0  6  -0.1311883 -0.1147452 -0.1901432 -0.1633337 -0.1358731 -0.1153371 -0.1295669 -0.0900738 -0.1503881 -0.1180628 -0.0850297 -0.1213251 -0.1635666 -0.1523592 -0.1392071 -0.1860053
C  0  1  97  1  0  7  -0.1670422 -0.1252098 -0.1297514 -0.1595601 -0.1640335 -0.1902160 -0.1695724 -0.1546929 -0.1531632 -0.1112748 -0.1106946 -0.1062515 -0.1230337 -0.1836442 -0.1524398 -0.1615514
C  0  1  97  1  0  8  -0.2006733 -0.1076062 -0.1366095 -0.1706175 -0.1591497 -0.1644159 -0.1330677 -0.1449108 -0.1521826 -0.1222848 -0.1297358 -0.1799390 -0.1129205 -0.1682269 -0.1690246 -0.1349602
C  0  1  97  1  0  9  -0.1322542 -0.1173848 -0.0873713 -0.1247523 -0.0829179 -0.1311352 -0.0971247 -0.1855694 -0.1079176 -0.1508996 -0.0593921 -0.1539826 -0.1305179 -0.1066839 -0.1384705 -0.1216942
C  0  1  97  1  0 10  -0.1493757 -0.1123148 -0.1228786 -0.1619960 -0.1495486 -0.1578159 -0.1257071 -0.1453746 -0.0882536 -0.1354964 -0.1199358 -0.1281159 -0.1054266 -0.1388983 -0.1369396 -0.0991284
C  0  1  97  1  0 11  -0.1408905 -0.1085158 -0.1230889 -0.1130862 -0.0866188 -0.1337926 -0.1462264 -0.1094386 -0.1469230 -0.0883550 -0.1159571 -0.1410542 -0.1008501 -0.1425837 -0.0890428 -0.1117893
C  0  1  97  1  0 12  -0.0998220 -0.1231358 -0.1333483 -0.0743865 -0.1356493 -0.1163379 -0.1337817 -0.1829998 -0.1028774 -0.1093184 -0.1132759 -0.1182082 -0.1154863 -0.1228036 -0.1294275 -0.1158698
C  0  1  97  1  0 13  -0.1157072 -0.1501206 -0.2023178 -0.1541124 -0.1785324 -0.1385919 -0.1874212 -0.1393348 -0.1070299 -0.1272024 -0.1533418 -0.1326274 -0.1721919 -0.1411075 -0.1533900 -0.1343663
C  0  1  97  1  0 14  -0.1397344 -0.1670057 -0.1577026 -0.1480118 -0.1734176 -0.1429707 -0.1561336 -0.2150166 -0.1383610 -0.1630072 -0.1574073 -0.1510315 -0.1601514 -0.1002700 -0.1371514 -0.1944562
C  0  1  97  1  0 15  -0.1194205 -0.1845736 -0.1559641 -0.1167670 -0.1319787 -0.1382378 -0.1853297 -0.1434926 -0.1609521 -0.1387036 -0.0905507 -0.1349802 -0.1129474 -0.0615803 -0.0765229 -0.1009343
C  0  1  97  1  0 16  -0.1965364 -0.1319923 -0.1669974 -0.1252611 -0.1737106 -0.1524823 -0.1715574 -0.1574847 -0.1168992 -0.1920653 -0.1757869 -0.1315163 -0.1344354 -0.1510829 -0.1129277 -0.1112533
C  0  1  97  1  0 17  -0.2990795 -0.2954254 -0.2696776 -0.3075044 -0.2179301 -0.2683978 -0.2697529 -0.2530532 -0.2358642 -0.2479171 -0.2477967 -0.1960991 -0.2632104 -0.2574459 -0.2376300 -0.2580415
C  0  1  97  1  0 18  -0.2485608 -0.2999349 -0.2583534 -0.2345535 -0.2554762 -0.2278962 -0.2689502 -0.3041930 -0.2304896 -0.2118094 -0.2189264 -0.2761194 -0.2539641 -0.1990863 -0.1819465 -0.2223325
C  0  1  97  1  0 19  -0.2436136 -0.2697457 -0.2588036 -0.3000212 -0.2903157 -0.2809588 -0.2729620 -0.2388024 -0.2373978 -0.2846049 -0.2061789 -0.2948589 -0.2328817 -0.2237314 -0.2620168 -0.2695274
C  0  1  97  1  0 20  -0.2487127 -0.3027880 -0.3604535 -0.3429216 -0.2975423 -0.2414464 -0.3245482 -0.3701634 -0.3280253 -0.3514955 -0.3280452 -0.2829165 -0.3359090 -0.3029492 -0.2297447 -0.3150044
C  0  1  97  1  0 21  -0.4391629 -0.3858802 -0.3284546 -0.3421204 -0.2933635 -0.3123481 -0.3494045 -0.3424070 -0.3961354 -0.3569408 -0.3834037 -0.2979021 -0.3799612 -0.3660705 -0.3740726 -0.2944497
C  0  1  97  1  1  0   0.0466710  0.0493204  0.0406941  0.0257071  0.0016466 -0.0234740 -0.0346783 -0.0434379 -0.0467600 -0.0376080 -0.0353401 -0.0190422  0.0027946  0.0045904  0.0237337  0.0392655
C  0  1  97  1  1  1   0.0241235  0.0216005  0.0178341  0.0114235  0.0028495 -0.0079377 -0.0144120 -0.0183175 -0.0169504 -0.0156932 -0.0162175 -0.0068923  0.0034920  0.0081859  0.0112321  0.0244581
C  0  1  97  1  1  2   0.0120809  0.0133721  0.0084448  0.0063895  0.0017961 -0.0035949 -0.0077275 -0.0084693 -0.0094172 -0.0057618 -0.0052235 -0.0034792  0.0006489  0.0040576  0.0051143  0.0120918
C  0  1  97  1  1  3   0.0081181  0.0069940  0.0019569  0.0045746  0.0013327  0.0002348 -0.0049842 -0.0020892 -0.0004264  0.0000682 -0.0028308 -0.0012353  0.0022552  0.0028070  0.0008033  0.0062212
C  0  1  97  1  1  4   0.0026399  0.0015393  0.0009211  0.0007705  0.0020451  0.0018777  0.0009948  0.0005998  0.0045853  0.0022451 -0.0012371 -0.0013600  0.0022971  0.0006440  0.0022667  0.0009215
C  0  1  97  1  1  5   0.0012136  0.0005175  0.0000731  0.0031404  0.0030158  0.0029458  0.0033278  0.0034492  0.0060139  0.0012056 -0.0012313 -0.0011977  0.0012635  0.0020842  0.0016324 -0.0019948
C  0  1  97  1  1  6   0.0003198  0.0011420  0.0016428  0.0042630  0.0036005  0.0036099  0.0043047  0.0048622  0.0042975  0.0007465  0.0000814 -0.0005117  0.0002613  0.0006710  0.0003253 -0.0005493
C  0  1  97  1  1  7  -0.0017890  0.0010274  0.0009811  0.0025185  0.0029542  0.0029606  0.0041191  0.0026984  0.0029424 -0.0002910 -0.0011704 -0.0006117 -0.0000373  0.0003013  0.0003460 -0.0015791
C  0  1  97  1  1  8  -0.0001048  0.0002942  0.0026039  0.0008685  0.0043949  0.0032074  0.0041987  0.0041693  0.0042877  0.0016269  0.0006850 -0.0008008  0.0021928  0.0006868  0.0011825 -0.0009026
C  0  1  97  1  1  9   0.0008040  0.0019236  0.0011281  0.0031131  0.0027671  0.0016046  0.0033495  0.0029290  0.0020130 -0.0011397  0.0012049  0.0006787  0.0011981 -0.0002620 -0.0000861 -0.0023659
C  0  1  97  1  1 10  -0.0004706  0.0018532  0.0016916  0.0012870  0.0018264  0.0002797  0.0014482  0.0015454  0.0027052 -0.0004921 -0.0003653 -0.0005091 -0.0014744  0.0006137  0.0009309 -0.0015379
C  0  1  97  1  1 11   0.0001984  0.0011547  0.0012173  0.0015084  0.0027527 -0.0006807  0.0017635  0.0016366  0.0022606  0.0005873 -0.0016427 -0.0001038 -0.0002988 -0.0001199  0.0001408 -0.0021747
C  0  1  97  1  1 12  -0.0009620  0.0019687  0.0029846  0.0033653  0.0014940  0.0004967  0.0005369  0.0026075  0.0039075  0.0013866  0.0013860  0.0002229 -0.0000226 -0.0010308 -0.0001482 -0.0015435
C  0  1  97  1  1 13   0.0000430  0.0019032  0.0027828  0.0024401  0.0025775  0.0021624  0.0040319  0.0053350  0.0043689  0.0007851  0.0008386 -0.0003145 -0.0012731 -0.0021996 -0.0004774 -0.0022770
C  0  1  97  1  1 14  -0.0021005  0.0001279  0.0012537  0.0021831  0.0031400  0.0010806  0.0027333  0.0040313  0.0044007  0.0005734  0.0007053 -0.0012595 -0.0029326 -0.0022947 -0.0025164 -0.0030332
C  0  1  97  1  1 15  -0.0024711  0.0005498  0.0028360  0.0038116  0.0032877 -0.0014600  0.0026984  0.0031532  0.0056456  0.0033710  0.0022394 -0.0002447 -0.0027622 -0.0056490 -0.0064911 -0.0046913
C  0  1  97  1  1 16  -0.0020921  0.0004001  0.0020038  0.0043329  0.0041363  0.0005606  0.0030878  0.0027356  0.0050837  0.0070285  0.0025789  0.0020178 -0.0002982 -0.0025387 -0.0049270 -0.0063306
C  0  1  97  1  1 17  -0.0043719  0.0009978  0.0005490  0.0060392  0.0019534 -0.0013654  0.0004643  0.0031356  0.0036986  0.0033311  0.0038666  0.0009868 -0.0012445 -0.0046813 -0.0061785 -0.0040343
C  0  1  97  1  1 18   0.0010180  0.0082950  0.0047754  0.0072914  0.0039646  0.0002603 -0.0031591 -0.0006123  0.0025942  0.0050535  0.0010198  0.0017568 -0.0012546 -0.0038615 -0.0053509 -0.0037668
C  0  1  97  1  1 19   0.0024198  0.0089961  0.0131403  0.0108899  0.0073252  0.0027779 -0.0026970 -0.0010270  0.0023834  0.0065953  0.0033888  0.0001284 -0.0036422 -0.0038361 -0.0044283 -0.0026421
C  0  1  97  1  1 20   0.0019928  0.0140424  0.0173884  0.0130293  0.0069428  0.0040939 -0.0021792  0.0001509  0.0017964  0.0063987  0.0007085 -0.0030687 -0.0054847 -0.0090903 -0.0064319 -0.0046704
C  0  1  97  1  1 21   0.0091933  0.0208649  0.0302952  0.0230221  0.0158688  0.0155813  0.0087442  0.0111292  0.0118543  0.0118713  0.0000854 -0.0045456 -0.0111967 -0.0192740 -0.0083659 -0.0011983
