CPHI 16 
CETA 22 -2.40 -2.10 -1.85 -1.60 -1.40 -1.20 -1.00 -0.80 -0.60 -0.40 -0.20  0.00  0.20  0.40  0.60  0.80  1.00  1.20  1.40  1.60  1.85  2.10  2.40 
RMIN  6 
RTRK 12 
RETA 11  0.00  0.20  0.40  0.60  0.80  1.00  1.20  1.40  1.60  1.85  2.10  2.40 
T 0 1  98  0  0  0    0.0000000   0.0005700   0.0016473   0.0031389   0.0121933   0.0688283   0.2774300   0.6536262   1.0000000   1.0000000   1.0000000   1.0000000   1.0000000
T 0 1  98  0  0  1    0.0000000   0.0001564   0.0005775   0.0024541   0.0125993   0.0593628   0.2264181   0.5890120   1.0000000   1.0000000   1.0000000   1.0000000   1.0000000
T 0 1  98  0  0  2    0.0000000   0.0001354   0.0005053   0.0016557   0.0105736   0.0553887   0.2090522   0.5737607   1.0000000   1.0000000   1.0000000   1.0000000   1.0000000
T 0 1  98  0  0  3    0.0000000   0.0002076   0.0006110   0.0017110   0.0113569   0.0628331   0.2258279   0.5865065   1.0000000   1.0000000   1.0000000   1.0000000   1.0000000
T 0 1  98  0  0  4    0.0000000   0.0003775   0.0025151   0.0143900   0.0625605   0.2039523   0.4886188   0.8220239   1.0000000   1.0000000   1.0000000   1.0000000   1.0000000
T 0 1  98  0  0  5    0.0000000   0.0009982   0.0073774   0.0512393   0.2057720   0.5331650   0.8761575   0.9994214   1.0000000   1.0000000   1.0000000   1.0000000   1.0000000
T 0 1  98  0  0  6    0.0000000   0.0003013   0.0011963   0.0103184   0.0674980   0.2765961   0.6634496   0.9310612   0.9981246   1.0000000   1.0000000   1.0000000   1.0000000
T 0 1  98  0  0  7    0.0000000   0.0000724   0.0004084   0.0009556   0.0049460   0.0310228   0.1196737   0.2968797   0.5809805   0.8689831   0.9838391   0.9998841   1.0000000
T 0 1  98  0  0  8    0.0000000   0.0000007   0.0000410   0.0001124   0.0003848   0.0010237   0.0042379   0.0254425   0.1196638   0.3944699   0.7898873   0.9694063   1.0000000
T 0 1  98  0  0  9    0.0000000   0.0000061   0.0000074   0.0000327   0.0006089   0.0036379   0.0185670   0.0865997   0.3025627   0.6594544   0.9390081   0.9999157   1.0000000
T 0 1  98  0  0 10    0.0000000   0.0067266   0.0290541   0.0463375   0.0794142   0.1683110   0.3375165   0.6896547   0.9101190   0.9701555   0.9998297   1.0000000   1.0000000
T 0 1  98  1  0  0    0.0000000   0.0005148   0.0016399   0.0047460   0.0213440   0.1017716   0.3374237   0.6994022   1.0000000   1.0000000   1.0000000   1.0000000   1.0000000
T 0 1  98  1  0  1    0.0000000   0.0002633   0.0010891   0.0042307   0.0181163   0.0752157   0.2537985   0.6193956   1.0000000   1.0000000   1.0000000   1.0000000   1.0000000
T 0 1  98  1  0  2    0.0000000   0.0002194   0.0008486   0.0027728   0.0124455   0.0616642   0.2339277   0.6064318   1.0000000   1.0000000   1.0000000   1.0000000   1.0000000
T 0 1  98  1  0  3    0.0000000   0.0002283   0.0008669   0.0027852   0.0140251   0.0700545   0.2491207   0.6198491   1.0000000   1.0000000   1.0000000   1.0000000   1.0000000
T 0 1  98  1  0  4    0.0000000   0.0004356   0.0027620   0.0153929   0.0663357   0.2155446   0.5058694   0.8320271   1.0000000   1.0000000   1.0000000   1.0000000   1.0000000
T 0 1  98  1  0  5    0.0000000   0.0011873   0.0094478   0.0577925   0.2246261   0.5586818   0.8900123   0.9996500   1.0000000   1.0000000   1.0000000   1.0000000   1.0000000
T 0 1  98  1  0  6    0.0000000   0.0004626   0.0026649   0.0180020   0.0942133   0.3329130   0.7236541   0.9536823   0.9988141   0.9999984   1.0000000   1.0000000   1.0000000
T 0 1  98  1  0  7    0.0000000   0.0002246   0.0006446   0.0024765   0.0123245   0.0526267   0.1570011   0.3413836   0.6074237   0.8728054   0.9849908   0.9998878   1.0000000
T 0 1  98  1  0  8    0.0000000   0.0009562   0.0014955   0.0017998   0.0022382   0.0036136   0.0107994   0.0452511   0.1686405   0.4573475   0.8251665   0.9710661   1.0000000
T 0 1  98  1  0  9    0.0000000   0.0021003   0.0074838   0.0131257   0.0159362   0.0198461   0.0401951   0.1288935   0.3661962   0.7154288   0.9583841   0.9999941   1.0000000
T 0 1  98  1  0 10    0.0000000   0.0032254   0.0170235   0.0428863   0.0843736   0.1746921   0.3942474   0.7474223   0.9511020   0.9856143   0.9999985   1.0000000   1.0000000
R 0 1  98  0  0  0    0.0236230   0.0236230   0.0112946   0.0101172   0.0103773   0.0102136   0.0100012   0.0098257   0.0098257   0.0098257   0.0098257   0.0098257
R 0 1  98  0  0  1    0.0120582   0.0120582   0.0120582   0.0120582   0.0110795   0.0109309   0.0109721   0.0108448   0.0108448   0.0108448   0.0108448   0.0108448
R 0 1  98  0  0  2    0.0126981   0.0126981   0.0126981   0.0126981   0.0120298   0.0119982   0.0118325   0.0116798   0.0116798   0.0116798   0.0116798   0.0116798
R 0 1  98  0  0  3    0.0132791   0.0132791   0.0132791   0.0132791   0.0125842   0.0125662   0.0123518   0.0122399   0.0122399   0.0122399   0.0122399   0.0122399
R 0 1  98  0  0  4    0.0192095   0.0192095   0.0192095   0.0174720   0.0168341   0.0159048   0.0144821   0.0131292   0.0131292   0.0131292   0.0131292   0.0131292
R 0 1  98  0  0  5    0.0208875   0.0208875   0.0193165   0.0191030   0.0187539   0.0181189   0.0168790   0.0168790   0.0168790   0.0168790   0.0168790   0.0168790
R 0 1  98  0  0  6    0.0204356   0.0204356   0.0204356   0.0204928   0.0208309   0.0206995   0.0208621   0.0207027   0.0207027   0.0207027   0.0207027   0.0207027
R 0 1  98  0  0  7    0.0222426   0.0222426   0.0222426   0.0222426   0.0204591   0.0211975   0.0211803   0.0210496   0.0205540   0.0196307   0.0196307   0.0196307
R 0 1  98  0  0  8    0.0211755   0.0211755   0.0211755   0.0211755   0.0211755   0.0211755   0.0211755   0.0211876   0.0209443   0.0209580   0.0202383   0.0187951
R 0 1  98  0  0  9    0.0307040   0.0307040   0.0307040   0.0307040   0.0307040   0.0307040   0.0297700   0.0288513   0.0275312   0.0264685   0.0246484   0.0246484
R 0 1  98  0  0 10    0.0737696   0.0729871   0.0622709   0.0529289   0.0469233   0.0441268   0.0410210   0.0356245   0.0337062   0.0310277   0.0310277   0.0310277
R 0 1  98  0  1  0    0.0000000   0.0000000   0.0000000   0.0000477   0.0000821   0.0000825   0.0000713   0.0000636   0.0000636   0.0000636   0.0000636   0.0000636
R 0 1  98  0  1  1    0.0000877   0.0000877   0.0000877   0.0000877   0.0000693   0.0000686   0.0000647   0.0000555   0.0000555   0.0000555   0.0000555   0.0000555
R 0 1  98  0  1  2    0.0000728   0.0000728   0.0000728   0.0000728   0.0000641   0.0000629   0.0000606   0.0000508   0.0000508   0.0000508   0.0000508   0.0000508
R 0 1  98  0  1  3    0.0000681   0.0000681   0.0000681   0.0000681   0.0000623   0.0000567   0.0000547   0.0000480   0.0000480   0.0000480   0.0000480   0.0000480
R 0 1  98  0  1  4    0.0001360   0.0001360   0.0001360   0.0000801   0.0000889   0.0000778   0.0000543   0.0000433   0.0000433   0.0000433   0.0000433   0.0000433
R 0 1  98  0  1  5    0.0001708   0.0001708   0.0000754   0.0000741   0.0000672   0.0000633   0.0000541   0.0000541   0.0000541   0.0000541   0.0000541   0.0000541
R 0 1  98  0  1  6    0.0001268   0.0001268   0.0001268   0.0000491   0.0000575   0.0000573   0.0000582   0.0000287   0.0000287   0.0000287   0.0000287   0.0000287
R 0 1  98  0  1  7    0.0000874   0.0000874   0.0000874   0.0000874   0.0000548   0.0000676   0.0000748   0.0000793   0.0000705   0.0000555   0.0000555   0.0000555
R 0 1  98  0  1  8    0.0001060   0.0001060   0.0001060   0.0001060   0.0001060   0.0001060   0.0001060   0.0001148   0.0000960   0.0001018   0.0000834   0.0000768
R 0 1  98  0  1  9    0.0002600   0.0002600   0.0002600   0.0002600   0.0002600   0.0002600   0.0002058   0.0002024   0.0001859   0.0001568   0.0001100   0.0001100
R 0 1  98  0  1 10    0.0012767   0.0012219   0.0009125   0.0006583   0.0005497   0.0004936   0.0003957   0.0002643   0.0002055   0.0001538   0.0001538   0.0001538
R 0 1  98  0  2  0    0.0000000   0.0000000   0.0000000   0.0000000   0.0000000   0.0000000   0.0000200   0.0000000   0.0000000   0.0000000   0.0000000   0.0000000
R 0 1  98  0  2  1    0.0000000   0.0000000   0.0000000   0.0000000   0.0000000   0.0000216   0.0000055   0.0000112   0.0000112   0.0000112   0.0000112   0.0000112
R 0 1  98  0  2  2    0.0000000   0.0000000   0.0000000   0.0000000   0.0000680   0.0000120   0.0000105   0.0000113   0.0000113   0.0000113   0.0000113   0.0000113
R 0 1  98  0  2  3    0.0000000   0.0000000   0.0000000   0.0000000   0.0000226   0.0000164   0.0000139   0.0000131   0.0000131   0.0000131   0.0000131   0.0000131
R 0 1  98  0  2  4    0.0000000   0.0000000   0.0000000   0.0000000   0.0000251   0.0000130   0.0000126   0.0000120   0.0000120   0.0000120   0.0000120   0.0000120
R 0 1  98  0  2  5    0.0000000   0.0000000   0.0000000   0.0000000   0.0000153   0.0000140   0.0000000   0.0000000   0.0000000   0.0000000   0.0000000   0.0000000
R 0 1  98  0  2  6    0.0000000   0.0000000   0.0000000   0.0000000   0.0000166   0.0000082   0.0000000   0.0000000   0.0000000   0.0000000   0.0000000   0.0000000
R 0 1  98  0  2  7    0.0000000   0.0000000   0.0000000   0.0000000   0.0000000   0.0000000   0.0000000   0.0000000   0.0000116   0.0000211   0.0000211   0.0000211
R 0 1  98  0  2  8    0.0000000   0.0000000   0.0000000   0.0000000   0.0000000   0.0000000   0.0000000   0.0000000   0.0000000   0.0000000   0.0000000   0.0000000
R 0 1  98  0  2  9    0.0000000   0.0000000   0.0000000   0.0000000   0.0000000   0.0000000   0.0000000   0.0000357   0.0000000   0.0000412   0.0000000   0.0000000
R 0 1  98  0  2 10    0.0000000   0.0000000   0.0000000   0.0000000   0.0000000   0.0000536   0.0000691   0.0000000   0.0000000   0.0000000   0.0000000   0.0000000
R 0 1  98  0  3  0    1.0975068   1.0975068   1.1170315   1.0403772   0.9978978   0.9863746   0.9818065   0.9836463   0.9836463   0.9836463   0.9836463   0.9836463
R 0 1  98  0  3  1    1.0059404   1.0059404   1.0059404   1.0059404   0.9938233   0.9835429   0.9792099   0.9796637   0.9796637   0.9796637   0.9796637   0.9796637
R 0 1  98  0  3  2    0.9933338   0.9933338   0.9933338   0.9933338   0.9995418   0.9841215   0.9812197   0.9795754   0.9795754   0.9795754   0.9795754   0.9795754
R 0 1  98  0  3  3    1.0243547   1.0243547   1.0243547   1.0243547   1.0075720   0.9875903   0.9816280   0.9811067   0.9811067   0.9811067   0.9811067   0.9811067
R 0 1  98  0  3  4    1.0200031   1.0200031   1.0200031   0.9871474   0.9756463   0.9730713   0.9781690   0.9897072   0.9897072   0.9897072   0.9897072   0.9897072
R 0 1  98  0  3  5    1.0417764   1.0417764   0.9971042   0.9802096   0.9723888   0.9698823   0.9742219   0.9742219   0.9742219   0.9742219   0.9742219   0.9742219
R 0 1  98  0  3  6    1.0204559   1.0204559   1.0204559   1.0022513   0.9892081   0.9846916   0.9826815   0.9803987   0.9803987   0.9803987   0.9803987   0.9803987
R 0 1  98  0  3  7    1.0484998   1.0484998   1.0484998   1.0484998   1.0437244   0.9982326   0.9896242   0.9876304   0.9887564   0.9521587   0.9521587   0.9521587
R 0 1  98  0  3  8    1.0344195   1.0344195   1.0344195   1.0344195   1.0344195   1.0344195   1.0344195   0.9902917   0.9814907   0.9846889   0.9880924   1.0229454
R 0 1  98  0  3  9    1.0412156   1.0412156   1.0412156   1.0412156   1.0412156   1.0412156   1.0005890   0.9775552   0.9733430   0.9838765   1.0032254   1.0032254
R 0 1  98  0  3 10    1.0936612   1.0230641   1.0165935   1.0002474   0.9811509   0.9724698   0.9689967   0.9663556   0.9952994   1.0131643   1.0131643   1.0131643
R 0 1  98  0  4  0    1.3329523   1.3329523   1.2222608   2.0963053   2.3058552   2.2910367   2.2460294   2.2714480   2.2714480   2.2714480   2.2714480   2.2714480
R 0 1  98  0  4  1    2.0074497   2.0074497   2.0074497   2.0074497   2.1433532   2.2204123   2.1872053   2.2157880   2.2157880   2.2157880   2.2157880   2.2157880
R 0 1  98  0  4  2    1.8488507   1.8488507   1.8488507   1.8488507   2.2420923   2.2247908   2.2226960   2.2065294   2.2065294   2.2065294   2.2065294   2.2065294
R 0 1  98  0  4  3    1.8469572   1.8469572   1.8469572   1.8469572   2.3386485   2.2886794   2.2228884   2.2258303   2.2258303   2.2258303   2.2258303   2.2258303
R 0 1  98  0  4  4    1.8953787   1.8953787   1.8953787   2.0126688   2.0642159   2.0749728   2.1957692   2.3958492   2.3958492   2.3958492   2.3958492   2.3958492
R 0 1  98  0  4  5    1.8271965   1.8271965   2.0752337   2.1447327   2.0666500   2.0548463   1.9907141   1.9907141   1.9907141   1.9907141   1.9907141   1.9907141
R 0 1  98  0  4  6    1.9404449   1.9404449   1.9404449   2.2731729   2.3580508   2.3471125   2.3242019   2.2441126   2.2441126   2.2441126   2.2441126   2.2441126
R 0 1  98  0  4  7    2.0393033   2.0393033   2.0393033   2.0393033   2.3716729   2.3655603   2.3515681   2.3931711   2.3857492   2.0113339   2.0113339   2.0113339
R 0 1  98  0  4  8    2.3428199   2.3428199   2.3428199   2.3428199   2.3428199   2.3428199   2.3428199   2.1753129   2.2046718   2.2931603   2.3235600   2.3660628
R 0 1  98  0  4  9    2.2398668   2.2398668   2.2398668   2.2398668   2.2398668   2.2398668   2.1336307   2.0939366   2.0581345   2.2025138   2.1550077   2.1550077
R 0 1  98  0  4 10    1.8689729   2.2378511   2.0333980   1.9205327   1.9373045   2.0160537   1.9757167   1.8951850   2.0038113   2.1663755   2.1663755   2.1663755
R 0 1  98  0  5  0   21.4660350  21.4660350  22.3324279   3.6499302   3.4369108   3.8588935   4.2313366   3.9670868   3.9670868   3.9670868   3.9670868   3.9670868
R 0 1  98  0  5  1    3.8089848   3.8089848   3.8089848   3.8089848   4.1494747   4.0695526   4.4798626   4.2513158   4.2513158   4.2513158   4.2513158   4.2513158
R 0 1  98  0  5  2    3.9098867   3.9098867   3.9098867   3.9098867   3.9237702   4.2625274   4.2138849   4.5198138   4.5198138   4.5198138   4.5198138   4.5198138
R 0 1  98  0  5  3    4.4524948   4.4524948   4.4524948   4.4524948   3.4878648   3.9545193   4.3485375   4.2992379   4.2992379   4.2992379   4.2992379   4.2992379
R 0 1  98  0  5  4    5.8385800   5.8385800   5.8385800   5.3795529   5.6528875   5.1391358   4.0226398   2.9916881   2.9916881   2.9916881   2.9916881   2.9916881
R 0 1  98  0  5  5    4.9874717   4.9874717   4.7151239   4.5394707   5.4250372   4.9357491   4.3108326   4.3108326   4.3108326   4.3108326   4.3108326   4.3108326
R 0 1  98  0  5  6    3.3165219   3.3165219   3.3165219   3.7774624   3.3293773   2.9329676   2.4646073   2.0748416   2.0748416   2.0748416   2.0748416   2.0748416
R 0 1  98  0  5  7    3.1213760   3.1213760   3.1213760   3.1213760   3.5313322   3.0294398   2.8824481   2.7018047   2.6010104   3.2811436   3.2811436   3.2811436
R 0 1  98  0  5  8    3.4277389   3.4277389   3.4277389   3.4277389   3.4277389   3.4277389   3.4277389   5.0783507   4.9513294   4.0510065   3.4521150   3.6522566
R 0 1  98  0  5  9    3.7642443   3.7642443   3.7642443   3.7642443   3.7642443   3.7642443   5.4104804   5.6298150   6.5979529   5.3673165   6.5727677   6.5727677
R 0 1  98  0  5 10    6.5519240   3.8678133   4.3783213   5.4452527   6.1317809   6.1741754   7.9887645   9.8125786   7.2551423   4.7982767   4.7982767   4.7982767
F  0  1  98  0  0  0    1.0079773   1.0217583   1.0120419   0.9895067   0.9907131   0.9982029   0.9888445   0.9848042   0.9807189   0.9833338   0.9822157
F  0  1  98  1  0  0    1.0926713   1.0689636   1.0911003   1.0209671   1.0646922   1.0727466   1.0731571   1.0524137   1.0348964   1.0728128   1.0858006
C  0  1  98  0  0  0  -0.2007664 -0.1138804 -0.0852939 -0.4072252 -0.3166611 -0.1830284 -0.0941392 -0.1156710 -0.3655953 -0.0801525 -0.2497127 -0.2812843 -0.1568915 -0.3341560 -0.2706839 -0.0509336
C  0  1  98  0  0  1  -0.1332726 -0.1848041 -0.1872290 -0.1109378 -0.1647884 -0.0840694 -0.0762369 -0.1346128 -0.0100998 -0.1300733 -0.1424439 -0.1105472 -0.2511671 -0.0361107 -0.1638377 -0.0301867
C  0  1  98  0  0  2  -0.1362051 -0.1435412 -0.1782857 -0.1147909  0.0088317 -0.0455226 -0.0799349 -0.1442854 -0.0699860 -0.1053990 -0.0072418 -0.0317974 -0.1652552 -0.0436118  0.0308235 -0.1435959
C  0  1  98  0  0  3  -0.0173890 -0.0709076 -0.1849922 -0.0629407  0.0416260 -0.1270584 -0.0757392 -0.0773516 -0.0345984 -0.0258018 -0.0059508  0.0423143 -0.2504021 -0.0989169 -0.1273952  0.0187305
C  0  1  98  0  0  4  -0.0734781 -0.1350950 -0.0249254 -0.0511941 -0.1656315 -0.0182282 -0.0800180  0.0506681 -0.0092474  0.0109890  0.0422184 -0.0232255 -0.1303238 -0.1987439 -0.0620034 -0.1167496
C  0  1  98  0  0  5  -0.0862508  0.0238097 -0.1393876 -0.0192867  0.0166036 -0.0184090 -0.0937596 -0.0198733 -0.0132758 -0.0052763 -0.0407570  0.0415508 -0.0017203  0.0389539  0.0301952 -0.0163457
C  0  1  98  0  0  6  -0.0202087 -0.0583140  0.0260052 -0.0528219  0.0101161  0.0738592 -0.1410755 -0.0735966 -0.0240160 -0.0177947  0.0482089 -0.0010387 -0.1153395  0.0302827 -0.0198286  0.0842759
C  0  1  98  0  0  7  -0.0264642 -0.0560429 -0.0664313  0.0032526  0.0423703  0.0647670 -0.0195850 -0.0194731  0.0257184  0.0039524  0.0935915  0.0012816  0.0469064 -0.0306480 -0.0419188 -0.0342566
C  0  1  98  0  0  8  -0.0378072 -0.0323551  0.0419205 -0.0187708 -0.0596316 -0.0381825 -0.0749712  0.0321277 -0.0284091  0.0546845  0.0361777  0.0268468  0.0107735  0.0313381 -0.0105481  0.0174436
C  0  1  98  0  0  9  -0.0768396 -0.0095528 -0.0638606 -0.0113588  0.0350073  0.0100535  0.0416911 -0.0068589 -0.0075132  0.0382411  0.0921021  0.0664309  0.0240751  0.0282699  0.0100055  0.0689850
C  0  1  98  0  0 10  -0.0488545 -0.0042750  0.0311346 -0.0182292 -0.0042292 -0.0086594 -0.0465620 -0.0891677  0.0094085 -0.1081271  0.0461060  0.0225194 -0.0468747  0.0422991  0.0504173  0.0022753
C  0  1  98  0  0 11  -0.0893858  0.0316487 -0.0901282  0.0936886  0.0340789  0.0637357  0.0378730  0.1874226 -0.0381459  0.0495506  0.0212231  0.0031925  0.0189589  0.0469133 -0.0294223  0.0120455
C  0  1  98  0  0 12   0.0263397  0.0032028 -0.0489117  0.0123527 -0.0288159  0.0402303 -0.0221542  0.0104504  0.0118405  0.0611121  0.0109900  0.0135951 -0.0669504  0.0194227  0.0214881  0.0080963
C  0  1  98  0  0 13  -0.0510114 -0.0463740  0.0431917 -0.0273335  0.0318244 -0.0329608  0.0341319  0.0016529  0.1400900 -0.0177122  0.0305076  0.0457209 -0.0610976  0.0208701 -0.0229404  0.0676337
C  0  1  98  0  0 14  -0.0798188 -0.0570557 -0.0556292 -0.0116068 -0.0135216 -0.0277441 -0.0259916  0.0232190  0.0504930  0.0707063  0.0531973 -0.0381855  0.0523729  0.0866416 -0.0503525 -0.0614257
C  0  1  98  0  0 15  -0.0926762 -0.0328391 -0.0071335  0.0396323 -0.0326552 -0.0540242 -0.0599456  0.0266855 -0.0301196 -0.0422215  0.0574784 -0.0732597 -0.0029589 -0.0088880 -0.0202830 -0.0172643
C  0  1  98  0  0 16   0.1012269  0.0691785 -0.0853937 -0.0473042 -0.0391678 -0.0279684 -0.0217921 -0.0153516 -0.0788938  0.1445999  0.0203572 -0.1029704 -0.0415848  0.0207626 -0.0715000 -0.0358948
C  0  1  98  0  0 17  -0.0863733 -0.1083232 -0.1415208 -0.1548793 -0.0381185 -0.0048491 -0.0123704  0.0059299 -0.0154977 -0.1543015 -0.0015672  0.0443903 -0.1473897 -0.1117659 -0.0505260 -0.0181176
C  0  1  98  0  0 18  -0.1093348 -0.0176758 -0.1248232 -0.1480031 -0.2209492 -0.0317083 -0.1178114 -0.0319555  0.0362014  0.0449978  0.0872568 -0.1019505 -0.0051858  0.0146769 -0.1749370  0.0049838
C  0  1  98  0  0 19   0.0157280 -0.1048423 -0.1454964 -0.1438206 -0.1354332 -0.0496683 -0.1748099 -0.0561819 -0.0992418 -0.0564688 -0.1182336 -0.0679338 -0.0664326 -0.1414417 -0.0726483 -0.0859520
C  0  1  98  0  0 20  -0.0837718 -0.0038688 -0.0870122 -0.0088026 -0.1774142 -0.1633585 -0.2118619 -0.1695570 -0.0976595 -0.1465451 -0.1429653  0.0153540  0.0294067 -0.2809158 -0.1690065 -0.1580770
C  0  1  98  0  0 21  -0.1774778 -0.2292765 -0.2734128 -0.2488160 -0.1324873 -0.2202006 -0.1705833 -0.0046637 -0.2775910 -0.0843051 -0.1449446 -0.2146097 -0.3682392 -0.4350419 -0.1787135 -0.2059468
C  0  1  98  0  1  0  -0.0028362 -0.0017486  0.0026508 -0.0035865 -0.0032532  0.0050511 -0.0000135  0.0040964 -0.0004018 -0.0017299 -0.0016754  0.0058045  0.0050094  0.0054589  0.0064125  0.0059893
C  0  1  98  0  1  1   0.0011871 -0.0001780 -0.0019572  0.0001540  0.0016977 -0.0008471  0.0054995  0.0002849  0.0041525 -0.0006967 -0.0016805 -0.0010914  0.0027840  0.0061119  0.0011806  0.0033688
C  0  1  98  0  1  2   0.0036591 -0.0006652  0.0000723 -0.0001705  0.0003273  0.0036851  0.0005659 -0.0000034 -0.0014336  0.0004765 -0.0032528 -0.0005594  0.0011172  0.0000081 -0.0001119 -0.0007546
C  0  1  98  0  1  3   0.0028562  0.0007741  0.0007208 -0.0000387 -0.0008649  0.0010474  0.0018415 -0.0000501 -0.0040287  0.0006307 -0.0011780 -0.0024305  0.0014103 -0.0024878  0.0023331  0.0040969
C  0  1  98  0  1  4   0.0011781 -0.0008304 -0.0022811  0.0004367  0.0020234 -0.0006487  0.0007508  0.0012700 -0.0012225  0.0022711 -0.0010339 -0.0019797  0.0005666  0.0007123 -0.0020108 -0.0011399
C  0  1  98  0  1  5   0.0019886  0.0003836 -0.0020778  0.0032965  0.0010818 -0.0003908 -0.0004472  0.0006630 -0.0006983 -0.0002263  0.0008104 -0.0004061  0.0016401  0.0017045  0.0006394  0.0003415
C  0  1  98  0  1  6   0.0022454  0.0020842 -0.0003018  0.0008688  0.0009589  0.0017118 -0.0000421 -0.0019543 -0.0004397 -0.0022449 -0.0005709 -0.0006914 -0.0000294 -0.0020484  0.0035759  0.0002631
C  0  1  98  0  1  7   0.0027652  0.0003039  0.0018949  0.0005568  0.0021454  0.0026323 -0.0006694 -0.0002499  0.0014729  0.0005216  0.0021481 -0.0010074 -0.0011303  0.0007641  0.0003537 -0.0000262
C  0  1  98  0  1  8   0.0002112  0.0003355 -0.0000485 -0.0021292  0.0010523  0.0036883  0.0014154 -0.0011398  0.0009805  0.0014636  0.0003014 -0.0007228  0.0004391  0.0010273  0.0013035  0.0003313
C  0  1  98  0  1  9  -0.0019189  0.0023298  0.0019507  0.0013447  0.0008539  0.0001444  0.0004899  0.0001457 -0.0000493 -0.0020983 -0.0028446  0.0001793 -0.0010225 -0.0004725 -0.0006868  0.0010977
C  0  1  98  0  1 10   0.0036086  0.0006916  0.0028087  0.0012108  0.0029081  0.0003833  0.0012400  0.0001111 -0.0019733 -0.0004311  0.0012017  0.0005801 -0.0019414  0.0006567  0.0014080  0.0010965
C  0  1  98  0  1 11   0.0020251 -0.0004088  0.0018468  0.0003867  0.0012520  0.0006990 -0.0022842 -0.0018398 -0.0006059  0.0003739  0.0008241 -0.0003648  0.0014200 -0.0009873  0.0005316 -0.0006892
C  0  1  98  0  1 12   0.0009973  0.0009094  0.0006242  0.0000326  0.0009820 -0.0003803  0.0018928 -0.0003248  0.0009730  0.0001981 -0.0005694  0.0018896  0.0008554  0.0007977  0.0020985  0.0010848
C  0  1  98  0  1 13   0.0029251 -0.0019004  0.0003688  0.0038417  0.0020454 -0.0000037 -0.0014876  0.0016507 -0.0001567 -0.0009678 -0.0008628 -0.0009453 -0.0002052 -0.0001198  0.0006620  0.0011106
C  0  1  98  0  1 14   0.0026569  0.0023731  0.0042086  0.0018392  0.0009906  0.0013333 -0.0005693  0.0023965  0.0002236  0.0011096 -0.0005881  0.0002129  0.0007509  0.0012379 -0.0020959  0.0014966
C  0  1  98  0  1 15   0.0011162 -0.0014046  0.0008414  0.0019757  0.0020624  0.0005367  0.0008316 -0.0004611  0.0015209  0.0005505 -0.0001198 -0.0014199  0.0001739 -0.0002606  0.0005721 -0.0002927
C  0  1  98  0  1 16   0.0010758  0.0046358  0.0022003  0.0039801 -0.0010081  0.0031613  0.0014661 -0.0008128  0.0022974  0.0003444  0.0017065  0.0014573 -0.0003401  0.0013254  0.0019444  0.0029872
C  0  1  98  0  1 17  -0.0007394 -0.0014412  0.0012254  0.0044822  0.0017557  0.0025467  0.0026107  0.0016548 -0.0000941  0.0026368  0.0036248 -0.0014645  0.0000679 -0.0009030  0.0055427  0.0037704
C  0  1  98  0  1 18   0.0072182  0.0034140  0.0035906  0.0025249  0.0001840  0.0020754  0.0053399  0.0002744 -0.0017406  0.0019416  0.0051480  0.0012271  0.0019732 -0.0007319  0.0047972  0.0052808
C  0  1  98  0  1 19   0.0026179  0.0031573  0.0015572  0.0019334 -0.0018862  0.0018740  0.0012371  0.0015986  0.0033485  0.0039693 -0.0002416  0.0008143  0.0033314  0.0020487  0.0036246  0.0039357
C  0  1  98  0  1 20   0.0066878  0.0060076  0.0078114  0.0031520 -0.0006356  0.0025648  0.0017879  0.0055429  0.0048894  0.0024855  0.0003602 -0.0042725  0.0039145  0.0022631  0.0073468  0.0059642
C  0  1  98  0  1 21   0.0108088  0.0105028  0.0067271  0.0031540 -0.0016855 -0.0077437 -0.0087852  0.0006546  0.0010422 -0.0056137  0.0001988  0.0040108  0.0007053  0.0061632  0.0115967  0.0058876
C  0  1  98  1  0  0  -0.4531883 -0.3681620 -0.3411992 -0.4041379 -0.2563571 -0.4620523 -0.3207872 -0.3579883 -0.2821449 -0.3086629 -0.3650287 -0.4167882 -0.3435670 -0.4167395 -0.3957087 -0.4405133
C  0  1  98  1  0  1  -0.2189638 -0.3500273 -0.3019238 -0.2918986 -0.3219507 -0.2785353 -0.2359692 -0.2249301 -0.2536928 -0.2180866 -0.3127694 -0.2748535 -0.3360337 -0.3754713 -0.3538535 -0.3085400
C  0  1  98  1  0  2  -0.3512385 -0.3048338 -0.2483968 -0.2482302 -0.2863938 -0.2589019 -0.2240841 -0.2411323 -0.1998425 -0.2185473 -0.2800429 -0.3210614 -0.3267028 -0.3526388 -0.3283739 -0.3547590
C  0  1  98  1  0  3  -0.2821109 -0.3065011 -0.3094340 -0.2603184 -0.2711765 -0.2005158 -0.1849127 -0.1478786 -0.1686861 -0.2086021 -0.2911113 -0.2056974 -0.3022777 -0.3020616 -0.3423625 -0.2634262
C  0  1  98  1  0  4  -0.2865084 -0.3002731 -0.2835521 -0.2200514 -0.2076733 -0.1905048 -0.2566361 -0.2808719 -0.2419410 -0.1875387 -0.2299551 -0.2794385 -0.2725571 -0.2823836 -0.2800383 -0.3460834
C  0  1  98  1  0  5  -0.1927673 -0.2016446 -0.1293221 -0.1386952 -0.1670535 -0.1315615 -0.1659028 -0.1796919 -0.1144986 -0.1403183 -0.1990644 -0.2010344 -0.2460598 -0.2051214 -0.2078445 -0.1915326
C  0  1  98  1  0  6  -0.1592649 -0.1270138 -0.1593675 -0.1313142 -0.0991548 -0.1439199 -0.1512555 -0.1451972 -0.1386467 -0.1041552 -0.0942552 -0.1028729 -0.1256185 -0.1068264 -0.1387045 -0.1590650
C  0  1  98  1  0  7  -0.1222767 -0.1469953 -0.1610637 -0.1417998 -0.1366007 -0.1436161 -0.1615912 -0.1213727 -0.1045391 -0.1109525 -0.1171748 -0.1098310 -0.1825770 -0.1227868 -0.1310704 -0.1199224
C  0  1  98  1  0  8  -0.1858405 -0.0795469 -0.1177135 -0.1688512 -0.1386830 -0.1598687 -0.1551005 -0.1720668 -0.1223261 -0.0940409 -0.1260767 -0.1882895 -0.1104648 -0.1951578 -0.1429656 -0.1256929
C  0  1  98  1  0  9  -0.1299098 -0.1405277 -0.0972641 -0.1538510 -0.1171141 -0.1437814 -0.1311048 -0.1837592 -0.0888433 -0.1178070 -0.0686166 -0.1094662 -0.1265655 -0.1334178 -0.1398402 -0.1250080
C  0  1  98  1  0 10  -0.1596979 -0.1427397 -0.1362695 -0.1300268 -0.1434984 -0.1113618 -0.1660442 -0.1548246 -0.1241059 -0.1004991 -0.1455183 -0.1422567 -0.1272158 -0.1377985 -0.1195915 -0.1190731
C  0  1  98  1  0 11  -0.1325124 -0.1252102 -0.1274820 -0.1075217 -0.1167069 -0.0915976 -0.1230575 -0.1273570 -0.1898003 -0.0989534 -0.1027131 -0.1425154 -0.1104696 -0.1544557 -0.1023600 -0.1215627
C  0  1  98  1  0 12  -0.0773974 -0.1613590 -0.1484221 -0.0853008 -0.1596076 -0.1301572 -0.1527287 -0.1596856 -0.1359978 -0.1327856 -0.1018145 -0.0780969 -0.1254332 -0.1196173 -0.0947740 -0.1081030
C  0  1  98  1  0 13  -0.1250610 -0.1470653 -0.1333115 -0.0957682 -0.1548766 -0.1632455 -0.1441176 -0.1570393 -0.1096609 -0.1170285 -0.1529165 -0.1004077 -0.1433839 -0.1082873 -0.1676116 -0.1307356
C  0  1  98  1  0 14  -0.1298195 -0.1433299 -0.1535533 -0.1215116 -0.1866678 -0.1114432 -0.1314510 -0.2289600 -0.1394680 -0.1134945 -0.1276164 -0.1258223 -0.1520675 -0.0706430 -0.1384751 -0.1348638
C  0  1  98  1  0 15  -0.1121262 -0.1985511 -0.1467361 -0.1666992 -0.1452097 -0.1306901 -0.1230274 -0.1511810 -0.1439975 -0.1346177 -0.1059836 -0.1473763 -0.1415534 -0.0667355 -0.0733024 -0.1622180
C  0  1  98  1  0 16  -0.1432243 -0.1793436 -0.1837884 -0.1887574 -0.2103905 -0.1744782 -0.2587894 -0.1803751 -0.1632751 -0.2045143 -0.1257253 -0.1753259 -0.1499949 -0.1256669 -0.1301931 -0.0704422
C  0  1  98  1  0 17  -0.3064062 -0.2581383 -0.2171955 -0.2718606 -0.2161578 -0.2852413 -0.2600622 -0.2403719 -0.2197506 -0.2299793 -0.2597331 -0.2145014 -0.2406198 -0.2635683 -0.2781015 -0.2272875
C  0  1  98  1  0 18  -0.2220739 -0.3086319 -0.2588074 -0.2557427 -0.2093134 -0.2719001 -0.2808708 -0.2656398 -0.2120227 -0.2098186 -0.2745013 -0.2622129 -0.2704861 -0.1610741 -0.1796709 -0.2295067
C  0  1  98  1  0 19  -0.2781422 -0.2606116 -0.2821389 -0.2856389 -0.2964586 -0.2614300 -0.2879353 -0.2458091 -0.3059690 -0.2414469 -0.2374064 -0.2885157 -0.2546045 -0.2862201 -0.3196935 -0.2380035
C  0  1  98  1  0 20  -0.2748737 -0.2338370 -0.3472232 -0.2635343 -0.2725324 -0.2094884 -0.2329904 -0.3657664 -0.3038340 -0.2994736 -0.3173442 -0.2904303 -0.3690984 -0.3668525 -0.3006062 -0.3002754
C  0  1  98  1  0 21  -0.3781084 -0.3358752 -0.3671955 -0.3602550 -0.1811383 -0.3065557 -0.3228853 -0.3505629 -0.3965098 -0.3045218 -0.2884379 -0.3021441 -0.2120125 -0.3229285 -0.3555997 -0.4243286
C  0  1  98  1  1  0   0.0467069  0.0496096  0.0420953  0.0251408  0.0012435 -0.0223671 -0.0326677 -0.0415226 -0.0454845 -0.0363288 -0.0316248 -0.0174281  0.0027636  0.0059283  0.0238111  0.0390142
C  0  1  98  1  1  1   0.0252868  0.0231339  0.0189183  0.0107289  0.0032019 -0.0079957 -0.0148171 -0.0181896 -0.0158667 -0.0148829 -0.0141942 -0.0071816  0.0039760  0.0088849  0.0113501  0.0243703
C  0  1  98  1  1  2   0.0132173  0.0122796  0.0088001  0.0065430  0.0020658 -0.0026054 -0.0077480 -0.0084222 -0.0079334 -0.0068322 -0.0044109 -0.0030658  0.0006942  0.0038770  0.0058011  0.0117028
C  0  1  98  1  1  3   0.0090103  0.0076447  0.0035731  0.0056826  0.0014778  0.0004817 -0.0027007 -0.0008276  0.0009961  0.0008923 -0.0019555 -0.0012193  0.0029948  0.0051776  0.0024753  0.0077958
C  0  1  98  1  1  4   0.0001584  0.0033043  0.0014489  0.0014866  0.0037669  0.0026734  0.0002220  0.0026073  0.0047149  0.0037081 -0.0003682  0.0009172  0.0024774  0.0016532  0.0036628  0.0031176
C  0  1  98  1  1  5   0.0025057  0.0013363  0.0008884  0.0035818  0.0046743  0.0038014  0.0043034  0.0047155  0.0059454  0.0030770 -0.0003726 -0.0001570  0.0019143  0.0028408  0.0026828 -0.0005068
C  0  1  98  1  1  6   0.0018872  0.0010393  0.0024234  0.0054314  0.0047664  0.0054236  0.0050068  0.0055165  0.0044770  0.0017109  0.0012226  0.0019445  0.0008975  0.0005628  0.0006184  0.0008942
C  0  1  98  1  1  7  -0.0004476  0.0025752  0.0030892  0.0045011  0.0045769  0.0048046  0.0068796  0.0051183  0.0036940  0.0014452  0.0000351  0.0007642  0.0018815  0.0011214  0.0021698 -0.0005838
C  0  1  98  1  1  8  -0.0003432  0.0008566  0.0029326  0.0019854  0.0044674  0.0044212  0.0044793  0.0056990  0.0056534  0.0014599  0.0016314  0.0009735  0.0020012  0.0016750  0.0021350 -0.0003332
C  0  1  98  1  1  9   0.0014701  0.0034704  0.0017818  0.0026035  0.0032100  0.0032984  0.0042935  0.0037288  0.0030391  0.0006452  0.0024386  0.0008904  0.0019380  0.0010562  0.0005409 -0.0009606
C  0  1  98  1  1 10   0.0002118  0.0027768  0.0013466  0.0028279  0.0022381  0.0019760  0.0032551  0.0034454  0.0042830  0.0000801  0.0010619  0.0013141  0.0003666  0.0012717  0.0020419  0.0001754
C  0  1  98  1  1 11   0.0009433  0.0028449  0.0024945  0.0028167  0.0038882  0.0005954  0.0014869  0.0029355  0.0039646  0.0024233 -0.0004917  0.0004477  0.0002969  0.0003028  0.0016769 -0.0014872
C  0  1  98  1  1 12   0.0005987  0.0018611  0.0031289  0.0045843  0.0030758  0.0020992  0.0011902  0.0027192  0.0052024  0.0008156  0.0008692  0.0016720  0.0004343 -0.0000270  0.0011034 -0.0008603
C  0  1  98  1  1 13  -0.0003200  0.0026539  0.0026504  0.0035397  0.0033055  0.0030775  0.0046828  0.0050075  0.0052417  0.0014335  0.0014440 -0.0006246  0.0000055 -0.0022972  0.0007483 -0.0017074
C  0  1  98  1  1 14   0.0000284  0.0003207  0.0033711  0.0053243  0.0040465  0.0027127  0.0041421  0.0070468  0.0055196  0.0021217  0.0025903 -0.0001613 -0.0021939 -0.0009558 -0.0013960 -0.0018242
C  0  1  98  1  1 15  -0.0003991  0.0015031  0.0033502  0.0038407  0.0029564 -0.0004733  0.0032634  0.0043699  0.0069680  0.0032031  0.0025997  0.0011189 -0.0019916 -0.0048114 -0.0051706 -0.0042224
C  0  1  98  1  1 16  -0.0003983  0.0016259  0.0032383  0.0051395  0.0032163  0.0014364  0.0048062  0.0047489  0.0050790  0.0070018  0.0035327  0.0040319 -0.0003816 -0.0011098 -0.0048825 -0.0051561
C  0  1  98  1  1 17  -0.0019264  0.0020144  0.0027252  0.0064588  0.0029355 -0.0014317  0.0024889  0.0057452  0.0050951  0.0045642  0.0038551  0.0019434 -0.0011523 -0.0033145 -0.0040915 -0.0040132
C  0  1  98  1  1 18   0.0024192  0.0091028  0.0053233  0.0070232  0.0048694  0.0009461 -0.0011287  0.0007405  0.0029839  0.0059972  0.0028268  0.0018349 -0.0003359 -0.0031083 -0.0045166 -0.0038608
C  0  1  98  1  1 19   0.0030537  0.0101203  0.0117383  0.0102480  0.0068811  0.0019640 -0.0020036 -0.0004611  0.0046957  0.0054628  0.0029142  0.0002491 -0.0021929 -0.0050171 -0.0032755 -0.0015945
C  0  1  98  1  1 20   0.0015371  0.0133058  0.0183135  0.0156856  0.0074110  0.0042218 -0.0015860  0.0010876  0.0012661  0.0059913  0.0022594 -0.0009350 -0.0058984 -0.0082794 -0.0063952 -0.0034040
C  0  1  98  1  1 21   0.0085357  0.0227878  0.0323993  0.0235081  0.0177221  0.0179458  0.0108954  0.0122161  0.0141411  0.0146180  0.0008801 -0.0022791 -0.0093537 -0.0183954 -0.0066287  0.0012701
