CPHI 16 
CETA 22 -2.40 -2.10 -1.85 -1.60 -1.40 -1.20 -1.00 -0.80 -0.60 -0.40 -0.20  0.00  0.20  0.40  0.60  0.80  1.00  1.20  1.40  1.60  1.85  2.10  2.40 
RMIN  6 
RTRK 12 
RETA 11  0.00  0.20  0.40  0.60  0.80  1.00  1.20  1.40  1.60  1.85  2.10  2.40 
T 0 1  99  0  0  0    0.0000000   0.0006064   0.0016523   0.0032072   0.0121619   0.0691339   0.2778723   0.6536664   1.0000000   1.0000000   1.0000000   1.0000000   1.0000000
T 0 1  99  0  0  1    0.0000000   0.0001518   0.0005419   0.0024077   0.0124771   0.0590657   0.2266888   0.5888066   1.0000000   1.0000000   1.0000000   1.0000000   1.0000000
T 0 1  99  0  0  2    0.0000000   0.0001344   0.0005286   0.0017092   0.0106894   0.0552059   0.2096688   0.5739115   1.0000000   1.0000000   1.0000000   1.0000000   1.0000000
T 0 1  99  0  0  3    0.0000000   0.0002324   0.0005935   0.0017447   0.0115175   0.0630417   0.2267241   0.5864087   1.0000000   1.0000000   1.0000000   1.0000000   1.0000000
T 0 1  99  0  0  4    0.0000000   0.0003810   0.0024974   0.0142457   0.0630660   0.2050361   0.4896832   0.8218926   1.0000000   1.0000000   1.0000000   1.0000000   1.0000000
T 0 1  99  0  0  5    0.0000000   0.0009977   0.0074110   0.0514550   0.2051615   0.5326893   0.8758355   0.9994106   1.0000000   1.0000000   1.0000000   1.0000000   1.0000000
T 0 1  99  0  0  6    0.0000000   0.0003457   0.0012671   0.0102540   0.0673478   0.2771385   0.6634810   0.9313397   0.9981420   0.9999994   1.0000000   1.0000000   1.0000000
T 0 1  99  0  0  7    0.0000000   0.0000681   0.0003585   0.0008353   0.0048352   0.0310672   0.1191006   0.2977620   0.5813255   0.8691509   0.9841930   0.9998747   1.0000000
T 0 1  99  0  0  8    0.0000000   0.0000023   0.0000256   0.0001177   0.0003857   0.0009580   0.0043208   0.0253061   0.1199060   0.3939852   0.7900511   0.9694344   1.0000000
T 0 1  99  0  0  9    0.0000000   0.0000098   0.0000139   0.0000442   0.0005701   0.0037204   0.0185293   0.0863895   0.3034953   0.6588305   0.9388427   0.9999263   1.0000000
T 0 1  99  0  0 10    0.0000000   0.0067614   0.0289753   0.0466414   0.0792001   0.1687049   0.3387963   0.6899022   0.9103326   0.9702370   0.9998603   1.0000000   1.0000000
T 0 1  99  1  0  0    0.0000000   0.0005148   0.0016399   0.0047460   0.0213440   0.1017716   0.3374237   0.6994022   1.0000000   1.0000000   1.0000000   1.0000000   1.0000000
T 0 1  99  1  0  1    0.0000000   0.0002633   0.0010891   0.0042307   0.0181163   0.0752157   0.2537985   0.6193956   1.0000000   1.0000000   1.0000000   1.0000000   1.0000000
T 0 1  99  1  0  2    0.0000000   0.0002194   0.0008486   0.0027728   0.0124455   0.0616642   0.2339277   0.6064318   1.0000000   1.0000000   1.0000000   1.0000000   1.0000000
T 0 1  99  1  0  3    0.0000000   0.0002283   0.0008669   0.0027852   0.0140251   0.0700545   0.2491207   0.6198491   1.0000000   1.0000000   1.0000000   1.0000000   1.0000000
T 0 1  99  1  0  4    0.0000000   0.0004356   0.0027620   0.0153929   0.0663357   0.2155446   0.5058694   0.8320271   1.0000000   1.0000000   1.0000000   1.0000000   1.0000000
T 0 1  99  1  0  5    0.0000000   0.0011873   0.0094478   0.0577925   0.2246261   0.5586818   0.8900123   0.9996500   1.0000000   1.0000000   1.0000000   1.0000000   1.0000000
T 0 1  99  1  0  6    0.0000000   0.0004626   0.0026649   0.0180020   0.0942133   0.3329130   0.7236541   0.9536823   0.9988141   0.9999984   1.0000000   1.0000000   1.0000000
T 0 1  99  1  0  7    0.0000000   0.0002246   0.0006446   0.0024765   0.0123245   0.0526267   0.1570011   0.3413836   0.6074237   0.8728054   0.9849908   0.9998878   1.0000000
T 0 1  99  1  0  8    0.0000000   0.0009562   0.0014955   0.0017998   0.0022382   0.0036136   0.0107994   0.0452511   0.1686405   0.4573475   0.8251665   0.9710661   1.0000000
T 0 1  99  1  0  9    0.0000000   0.0021003   0.0074838   0.0131257   0.0159362   0.0198461   0.0401951   0.1288935   0.3661962   0.7154288   0.9583841   0.9999941   1.0000000
T 0 1  99  1  0 10    0.0000000   0.0032254   0.0170235   0.0428863   0.0843736   0.1746921   0.3942474   0.7474223   0.9511020   0.9856143   0.9999985   1.0000000   1.0000000
R 0 1  99  0  0  0    0.0243278   0.0243278   0.0118149   0.0103487   0.0102960   0.0102072   0.0100189   0.0098675   0.0098675   0.0098675   0.0098675   0.0098675
R 0 1  99  0  0  1    0.0116096   0.0116096   0.0116096   0.0116096   0.0110421   0.0108745   0.0109695   0.0108606   0.0108606   0.0108606   0.0108606   0.0108606
R 0 1  99  0  0  2    0.0125695   0.0125695   0.0125695   0.0125695   0.0120459   0.0120361   0.0118138   0.0116807   0.0116807   0.0116807   0.0116807   0.0116807
R 0 1  99  0  0  3    0.0132408   0.0132408   0.0132408   0.0132408   0.0126546   0.0125956   0.0123421   0.0122363   0.0122363   0.0122363   0.0122363   0.0122363
R 0 1  99  0  0  4    0.0188690   0.0188690   0.0188690   0.0174257   0.0169633   0.0158913   0.0144927   0.0131074   0.0131074   0.0131074   0.0131074   0.0131074
R 0 1  99  0  0  5    0.0211561   0.0211561   0.0193075   0.0190894   0.0187008   0.0180585   0.0168922   0.0168922   0.0168922   0.0168922   0.0168922   0.0168922
R 0 1  99  0  0  6    0.0203598   0.0203598   0.0203598   0.0202373   0.0207792   0.0208062   0.0208522   0.0205229   0.0205229   0.0205229   0.0205229   0.0205229
R 0 1  99  0  0  7    0.0221984   0.0221984   0.0221984   0.0221984   0.0207870   0.0212632   0.0212925   0.0209917   0.0205155   0.0197700   0.0197700   0.0197700
R 0 1  99  0  0  8    0.0211580   0.0211580   0.0211580   0.0211580   0.0211580   0.0211580   0.0211580   0.0209898   0.0210639   0.0209664   0.0202635   0.0189632
R 0 1  99  0  0  9    0.0310697   0.0310697   0.0310697   0.0310697   0.0310697   0.0310697   0.0297055   0.0288976   0.0274014   0.0265493   0.0248014   0.0248014
R 0 1  99  0  0 10    0.0742805   0.0713974   0.0608781   0.0535968   0.0471984   0.0441238   0.0409593   0.0354091   0.0334878   0.0304286   0.0304286   0.0304286
R 0 1  99  0  1  0    0.0000000   0.0000000   0.0000000   0.0000674   0.0000770   0.0000806   0.0000742   0.0000619   0.0000619   0.0000619   0.0000619   0.0000619
R 0 1  99  0  1  1    0.0000609   0.0000609   0.0000609   0.0000609   0.0000657   0.0000666   0.0000627   0.0000575   0.0000575   0.0000575   0.0000575   0.0000575
R 0 1  99  0  1  2    0.0000497   0.0000497   0.0000497   0.0000497   0.0000621   0.0000684   0.0000605   0.0000510   0.0000510   0.0000510   0.0000510   0.0000510
R 0 1  99  0  1  3    0.0000578   0.0000578   0.0000578   0.0000578   0.0000572   0.0000543   0.0000529   0.0000474   0.0000474   0.0000474   0.0000474   0.0000474
R 0 1  99  0  1  4    0.0001155   0.0001155   0.0001155   0.0000884   0.0000943   0.0000748   0.0000535   0.0000490   0.0000490   0.0000490   0.0000490   0.0000490
R 0 1  99  0  1  5    0.0002272   0.0002272   0.0000741   0.0000643   0.0000678   0.0000563   0.0000400   0.0000400   0.0000400   0.0000400   0.0000400   0.0000400
R 0 1  99  0  1  6    0.0000647   0.0000647   0.0000647   0.0000445   0.0000538   0.0000616   0.0000565   0.0000243   0.0000243   0.0000243   0.0000243   0.0000243
R 0 1  99  0  1  7    0.0001075   0.0001075   0.0001075   0.0001075   0.0000547   0.0000718   0.0000773   0.0000783   0.0000740   0.0000511   0.0000511   0.0000511
R 0 1  99  0  1  8    0.0001022   0.0001022   0.0001022   0.0001022   0.0001022   0.0001022   0.0001022   0.0001037   0.0001017   0.0001016   0.0000895   0.0000883
R 0 1  99  0  1  9    0.0002645   0.0002645   0.0002645   0.0002645   0.0002645   0.0002645   0.0002066   0.0002049   0.0001734   0.0001606   0.0001290   0.0001290
R 0 1  99  0  1 10    0.0011566   0.0011665   0.0009212   0.0007568   0.0005793   0.0004776   0.0003954   0.0002490   0.0001932   0.0001621   0.0001621   0.0001621
R 0 1  99  0  2  0    0.0000000   0.0000000   0.0000000   0.0000000   0.0000000   0.0000000   0.0000142   0.0000000   0.0000000   0.0000000   0.0000000   0.0000000
R 0 1  99  0  2  1    0.0000000   0.0000000   0.0000000   0.0000000   0.0000000   0.0000149   0.0000000   0.0000101   0.0000101   0.0000101   0.0000101   0.0000101
R 0 1  99  0  2  2    0.0000000   0.0000000   0.0000000   0.0000000   0.0000436   0.0000000   0.0000128   0.0000126   0.0000126   0.0000126   0.0000126   0.0000126
R 0 1  99  0  2  3    0.0000000   0.0000000   0.0000000   0.0000000   0.0000000   0.0000000   0.0000148   0.0000051   0.0000051   0.0000051   0.0000051   0.0000051
R 0 1  99  0  2  4    0.0000000   0.0000000   0.0000000   0.0000000   0.0000000   0.0000000   0.0000091   0.0000000   0.0000000   0.0000000   0.0000000   0.0000000
R 0 1  99  0  2  5    0.0000000   0.0000000   0.0000000   0.0000000   0.0000187   0.0000122   0.0000390   0.0000390   0.0000390   0.0000390   0.0000390   0.0000390
R 0 1  99  0  2  6    0.0000000   0.0000000   0.0000000   0.0000000   0.0000000   0.0000000   0.0000000   0.0000000   0.0000000   0.0000000   0.0000000   0.0000000
R 0 1  99  0  2  7    0.0000000   0.0000000   0.0000000   0.0000000   0.0000000   0.0000000   0.0000000   0.0000000   0.0000158   0.0000000   0.0000000   0.0000000
R 0 1  99  0  2  8    0.0000000   0.0000000   0.0000000   0.0000000   0.0000000   0.0000000   0.0000000   0.0000000   0.0000000   0.0000188   0.0000000   0.0000000
R 0 1  99  0  2  9    0.0000000   0.0000000   0.0000000   0.0000000   0.0000000   0.0000000   0.0000000   0.0000427   0.0000000   0.0000463   0.0000000   0.0000000
R 0 1  99  0  2 10    0.0000000   0.0000000   0.0000000   0.0000000   0.0000000   0.0000000   0.0000554   0.0000283   0.0000000   0.0000000   0.0000000   0.0000000
R 0 1  99  0  3  0    1.0471166   1.0471166   1.0288693   1.0305910   0.9994306   0.9863907   0.9798608   0.9841873   0.9841873   0.9841873   0.9841873   0.9841873
R 0 1  99  0  3  1    1.0360466   1.0360466   1.0360466   1.0360466   0.9962633   0.9838028   0.9779035   0.9794579   0.9794579   0.9794579   0.9794579   0.9794579
R 0 1  99  0  3  2    1.0070638   1.0070638   1.0070638   1.0070638   0.9963688   0.9894428   0.9803532   0.9810236   0.9810236   0.9810236   0.9810236   0.9810236
R 0 1  99  0  3  3    1.0008433   1.0008433   1.0008433   1.0008433   1.0030331   0.9861563   0.9806815   0.9805440   0.9805440   0.9805440   0.9805440   0.9805440
R 0 1  99  0  3  4    1.0169875   1.0169875   1.0169875   0.9944644   0.9758596   0.9751123   0.9774140   0.9880541   0.9880541   0.9880541   0.9880541   0.9880541
R 0 1  99  0  3  5    1.0049450   1.0049450   1.0033472   0.9804526   0.9743171   0.9748112   0.9752099   0.9752099   0.9752099   0.9752099   0.9752099   0.9752099
R 0 1  99  0  3  6    1.0072364   1.0072364   1.0072364   1.0043062   0.9892787   0.9848276   0.9821173   0.9890952   0.9890952   0.9890952   0.9890952   0.9890952
R 0 1  99  0  3  7    1.0262682   1.0262682   1.0262682   1.0262682   1.0292103   1.0015731   0.9911636   0.9859179   0.9895322   0.9868129   0.9868129   0.9868129
R 0 1  99  0  3  8    1.0225992   1.0225992   1.0225992   1.0225992   1.0225992   1.0225992   1.0225992   0.9916809   0.9851639   0.9837271   0.9832448   1.0111919
R 0 1  99  0  3  9    1.0309952   1.0309952   1.0309952   1.0309952   1.0309952   1.0309952   0.9994313   0.9770910   0.9730581   0.9842555   1.0001501   1.0001501
R 0 1  99  0  3 10    1.0916348   1.0340935   1.0308086   0.9891013   0.9801470   0.9657772   0.9693878   0.9659722   0.9980766   1.0063505   1.0063505   1.0063505
R 0 1  99  0  4  0    1.3069678   1.3069678   1.3424284   2.0767186   2.2620003   2.3090378   2.2177847   2.2890440   2.2890440   2.2890440   2.2890440   2.2890440
R 0 1  99  0  4  1    2.0888575   2.0888575   2.0888575   2.0888575   2.1741565   2.2179022   2.1753516   2.2032916   2.2032916   2.2032916   2.2032916   2.2032916
R 0 1  99  0  4  2    1.8949919   1.8949919   1.8949919   1.8949919   2.1717411   2.2892596   2.2039218   2.2409071   2.2409071   2.2409071   2.2409071   2.2409071
R 0 1  99  0  4  3    1.6955160   1.6955160   1.6955160   1.6955160   2.2870731   2.2654979   2.1921259   2.2240402   2.2240402   2.2240402   2.2240402   2.2240402
R 0 1  99  0  4  4    1.8874123   1.8874123   1.8874123   2.1361018   2.0713892   2.1091245   2.1845772   2.3373741   2.3373741   2.3373741   2.3373741   2.3373741
R 0 1  99  0  4  5    1.8449953   1.8449953   2.1303103   2.1037249   2.0721003   2.1138041   2.0283885   2.0283885   2.0283885   2.0283885   2.0283885   2.0283885
R 0 1  99  0  4  6    1.9256561   1.9256561   1.9256561   2.2271436   2.3242755   2.3493863   2.3252180   2.2815201   2.2815201   2.2815201   2.2815201   2.2815201
R 0 1  99  0  4  7    1.7461428   1.7461428   1.7461428   1.7461428   2.2823599   2.3887388   2.3700026   2.3523877   2.4140894   2.3606250   2.3606250   2.3606250
R 0 1  99  0  4  8    2.1340707   2.1340707   2.1340707   2.1340707   2.1340707   2.1340707   2.1340707   2.2017545   2.2696223   2.2778912   2.3538035   2.2321500
R 0 1  99  0  4  9    2.0848409   2.0848409   2.0848409   2.0848409   2.0848409   2.0848409   2.1555321   2.0806341   2.0358168   2.1945315   2.1196823   2.1196823
R 0 1  99  0  4 10    1.9877425   2.2959905   1.9017729   1.8720551   2.0404687   1.8935404   1.9746903   1.9056946   2.0365639   1.9339026   1.9339026   1.9339026
R 0 1  99  0  5  0   15.4721142  15.4721142   7.1909743   3.4085209   3.6346844   3.6406542   4.3686784   3.8669904   3.8669904   3.8669904   3.8669904   3.8669904
R 0 1  99  0  5  1    3.5884750   3.5884750   3.5884750   3.5884750   3.8334907   4.2070364   4.5430743   4.3208302   4.3208302   4.3208302   4.3208302   4.3208302
R 0 1  99  0  5  2    3.7767859   3.7767859   3.7767859   3.7767859   4.3388620   3.8947031   4.2253327   4.3041777   4.3041777   4.3041777   4.3041777   4.3041777
R 0 1  99  0  5  3    5.5284477   5.5284477   5.5284477   5.5284477   3.8647525   3.9396716   4.5448959   4.3036469   4.3036469   4.3036469   4.3036469   4.3036469
R 0 1  99  0  5  4    5.4034907   5.4034907   5.4034907   4.1641409   5.2739707   4.7182209   4.0732432   3.2662486   3.2662486   3.2662486   3.2662486   3.2662486
R 0 1  99  0  5  5    4.0222158   4.0222158   4.4896188   5.0133477   5.4367533   4.4683368   4.0659696   4.0659696   4.0659696   4.0659696   4.0659696   4.0659696
R 0 1  99  0  5  6    3.1711490   3.1711490   3.1711490   3.8331960   3.4075989   3.0116603   2.4327337   1.9997509   1.9997509   1.9997509   1.9997509   1.9997509
R 0 1  99  0  5  7    4.3879373   4.3879373   4.3879373   4.3879373   3.8068228   2.9816329   2.9178624   2.8961358   2.4875063   2.0464302   2.0464302   2.0464302
R 0 1  99  0  5  8    4.9475882   4.9475882   4.9475882   4.9475882   4.9475882   4.9475882   4.9475882   4.7726978   4.4925717   4.1161605   3.9053421   4.4327195
R 0 1  99  0  5  9    4.6499692   4.6499692   4.6499692   4.6499692   4.6499692   4.6499692   5.4520662   5.8188295   6.6514548   5.6033480   7.5265038   7.5265038
R 0 1  99  0  5 10    5.9388078   3.5189451   4.4061386   5.7650909   4.6306180   7.1713381   7.6487910   8.9031744   6.8451640   8.9646771   8.9646771   8.9646771
F  0  1  99  0  0  0    0.9996519   1.0052143   1.0131138   0.9872306   0.9677640   0.9867796   0.9950726   0.9875733   1.0043859   0.9825015   0.9804350
F  0  1  99  1  0  0    1.0501226   1.0719229   1.0679369   1.0702609   1.0541618   1.0741134   1.0690026   1.0523027   1.0452341   1.0612944   1.0853820
C  0  1  99  0  0  0  -0.2106183  0.0152622 -0.1698449 -0.3858055 -0.3593109 -0.1871443 -0.2211463 -0.0750614 -0.1730209 -0.2519442 -0.2099165 -0.1983072 -0.1428296 -0.3754707 -0.5157680 -0.0366347
C  0  1  99  0  0  1  -0.1257592 -0.1169590 -0.0980377 -0.0823876 -0.1178650 -0.0598009 -0.0509441 -0.1727210  0.0231343 -0.1828049 -0.0356745 -0.0261651 -0.1414743 -0.1646385 -0.1808484 -0.1054469
C  0  1  99  0  0  2  -0.1202799 -0.0761516 -0.1705129 -0.1341611 -0.0515261 -0.0506252  0.0408458 -0.1479873 -0.0421941 -0.0606735 -0.0112622 -0.1434191 -0.0769773 -0.0833837 -0.0797569 -0.0743576
C  0  1  99  0  0  3  -0.0521801 -0.0389266 -0.0410710 -0.0073728  0.0224271 -0.1162295 -0.0454646  0.0109416 -0.0317542 -0.0444191 -0.1225511 -0.1531283 -0.0631174 -0.2691433 -0.0465181 -0.0289097
C  0  1  99  0  0  4  -0.0206421 -0.1061355 -0.0831767 -0.0467252 -0.0770420 -0.0495048 -0.0057020 -0.0077870 -0.1283189 -0.0427793 -0.0578206 -0.0366527 -0.0970483 -0.1315641 -0.1110080 -0.0179881
C  0  1  99  0  0  5  -0.0311131  0.0367572  0.0018540  0.0863057  0.0282080 -0.0508672  0.0096082  0.0270440  0.0238121 -0.0642905 -0.0306993  0.0310997 -0.0800796  0.0166394  0.0148175 -0.0739927
C  0  1  99  0  0  6   0.0219835  0.0419347  0.0131870  0.0366838 -0.0256358  0.0089853 -0.0637362 -0.0830739 -0.0040198 -0.0872241 -0.0735783  0.0257566 -0.0964829  0.0578331 -0.0205270  0.1075334
C  0  1  99  0  0  7  -0.0490096 -0.0229836  0.0446150  0.0763950  0.0279749  0.0899343  0.0296154  0.0026405 -0.0020484  0.0196949  0.0557104 -0.0674707  0.0071186  0.0291863 -0.0355254  0.0099079
C  0  1  99  0  0  8  -0.0419145  0.0485445  0.0593132  0.0245601 -0.1488575  0.0211443 -0.0204352 -0.0740772  0.0527937  0.0099812  0.0119174  0.0449704 -0.0329439  0.0170931 -0.0522318  0.0413726
C  0  1  99  0  0  9   0.0220278  0.0394826  0.0361089  0.0415508  0.0663155  0.0280046  0.0218598  0.0718222 -0.0126605  0.0328095  0.0413327  0.0807537  0.0278984  0.0225512 -0.0592065 -0.0049268
C  0  1  99  0  0 10   0.0205161 -0.0167268  0.0242946  0.0856544 -0.0107820  0.0199303 -0.0469717 -0.0059913  0.0205023 -0.0154550  0.0470547  0.0305027 -0.0036762  0.0473805  0.0573101 -0.0022154
C  0  1  99  0  0 11  -0.0804954 -0.0428352 -0.0675482  0.0240422 -0.0134701  0.0554723  0.0301867  0.0366205 -0.0407206  0.0152344  0.0077388 -0.0450023  0.0106403  0.0597177 -0.0439969 -0.0451358
C  0  1  99  0  0 12   0.0448661 -0.0104281  0.0477896  0.0274400  0.0068054  0.0279445 -0.0130939  0.0125386 -0.1034224  0.0684480 -0.0565200 -0.0193574  0.0085488 -0.0655366  0.0339443  0.0180943
C  0  1  99  0  0 13   0.0291573 -0.0487052  0.0375791  0.0364944  0.0126560 -0.0172722  0.0293645 -0.0619199  0.0301981  0.0272590  0.0487708 -0.0466784 -0.0440676  0.0103954  0.0170479  0.0071851
C  0  1  99  0  0 14   0.0483027 -0.0697229 -0.0441153 -0.0492022  0.0077789 -0.0435268 -0.0228276  0.0243513 -0.0117807 -0.0639399  0.1251780 -0.0364019  0.0610067  0.0620285  0.0201796 -0.0769621
C  0  1  99  0  0 15  -0.0739593 -0.0393458  0.0056822  0.0207704 -0.0261171 -0.0842230  0.0022206  0.0685594  0.0354403 -0.0019070 -0.0055890 -0.0921723 -0.0351398 -0.0085210 -0.1094413  0.0853044
C  0  1  99  0  0 16   0.1049907  0.0267858 -0.0347035  0.0033409 -0.0058274 -0.1766119 -0.0891286  0.0398010 -0.0713511  0.0465019  0.0520468 -0.0524774 -0.0565174  0.0155522 -0.1669219 -0.0828028
C  0  1  99  0  0 17  -0.0636796 -0.1003749 -0.1403306 -0.0944045 -0.1703403 -0.0233866  0.0333007 -0.0686417 -0.0145722 -0.0715424 -0.0600071 -0.0212150 -0.0898677 -0.2218638  0.0190892  0.0352719
C  0  1  99  0  0 18  -0.1659592 -0.0632962 -0.0747946  0.0047480 -0.1216914 -0.1216327  0.0477858 -0.0043546  0.0092637 -0.0791791 -0.0281187 -0.1173211  0.0066190 -0.0221849 -0.2679637 -0.0447668
C  0  1  99  0  0 19   0.0673994 -0.0611505 -0.1439783 -0.0019978 -0.0853585 -0.1031700 -0.1215662 -0.0395020 -0.1347610 -0.1036433 -0.1188173 -0.0712075 -0.0815901 -0.0370883 -0.0908495 -0.2184947
C  0  1  99  0  0 20  -0.1668500 -0.1972048 -0.0400635 -0.0059021 -0.0905697 -0.0431307 -0.3068129 -0.0814211 -0.1559211 -0.1779798 -0.1695360 -0.0329653 -0.1080455 -0.1123373 -0.1483387 -0.1987989
C  0  1  99  0  0 21  -0.2722065 -0.2217945 -0.3101069 -0.1749448 -0.1680472 -0.2100922 -0.2662778 -0.0667186 -0.2326325 -0.1495353 -0.1951735 -0.2706347 -0.4757121 -0.3349111 -0.3660792 -0.2474771
C  0  1  99  0  1  0  -0.0028560  0.0021595 -0.0016267 -0.0010242 -0.0021962  0.0002959  0.0006969  0.0058551  0.0018669  0.0019788 -0.0049647  0.0001480  0.0086139  0.0083265  0.0035628  0.0095988
C  0  1  99  0  1  1   0.0007833  0.0004334 -0.0020293 -0.0036095  0.0027497 -0.0053666  0.0043862 -0.0007827  0.0051242 -0.0019498 -0.0019743 -0.0032374  0.0033421  0.0045203  0.0013576  0.0034761
C  0  1  99  0  1  2   0.0019744 -0.0002193 -0.0002383 -0.0016047 -0.0003416  0.0002969  0.0003952  0.0007599 -0.0021829  0.0020115 -0.0023075 -0.0023718  0.0020614  0.0001364  0.0000854 -0.0000520
C  0  1  99  0  1  3   0.0027635  0.0008696  0.0017333 -0.0029646 -0.0001380  0.0023460  0.0045917 -0.0015625 -0.0024342 -0.0018761  0.0004418 -0.0013900  0.0011692 -0.0006920  0.0020124  0.0036395
C  0  1  99  0  1  4   0.0027904  0.0007644  0.0018607  0.0035638  0.0003107 -0.0016289  0.0007197  0.0016977  0.0012096 -0.0000761  0.0013384 -0.0013603  0.0016060 -0.0007911 -0.0005011 -0.0025451
C  0  1  99  0  1  5   0.0022862  0.0001282 -0.0027823  0.0011151 -0.0000102 -0.0009335 -0.0019458  0.0005495  0.0000031  0.0000150  0.0010701 -0.0001098  0.0005008 -0.0000109 -0.0002779 -0.0008321
C  0  1  99  0  1  6   0.0036383 -0.0007369 -0.0012463  0.0007899  0.0016695 -0.0001645 -0.0007744  0.0016207 -0.0009442 -0.0009724  0.0012844  0.0013047 -0.0008513  0.0015049  0.0015944 -0.0006105
C  0  1  99  0  1  7   0.0025594  0.0009647  0.0019936  0.0010811  0.0014960  0.0009583 -0.0003116 -0.0008151  0.0003866 -0.0019123  0.0023753 -0.0015344 -0.0021169 -0.0008239  0.0010545  0.0009146
C  0  1  99  0  1  8   0.0013409  0.0007253  0.0002885 -0.0024693  0.0007265  0.0004786  0.0003810 -0.0000279  0.0008344  0.0005677 -0.0010113 -0.0003113  0.0002123  0.0000932 -0.0007654  0.0020948
C  0  1  99  0  1  9  -0.0027158 -0.0004881  0.0015602  0.0002530  0.0011603 -0.0000870  0.0018021  0.0014203  0.0005316 -0.0012048 -0.0044074 -0.0016238 -0.0019513  0.0004689 -0.0015374  0.0010927
C  0  1  99  0  1 10   0.0003325  0.0001177  0.0015440  0.0016946  0.0021855  0.0007599  0.0000772 -0.0000631 -0.0030404 -0.0019049 -0.0004881 -0.0013596 -0.0010132 -0.0030715 -0.0000821  0.0004685
C  0  1  99  0  1 11   0.0008553  0.0004659 -0.0004440  0.0015384 -0.0016042  0.0006182 -0.0006730 -0.0014335 -0.0015280 -0.0002950 -0.0006068 -0.0027865 -0.0002930 -0.0009053 -0.0006886 -0.0009050
C  0  1  99  0  1 12  -0.0002900  0.0003951  0.0000215  0.0002288 -0.0013880 -0.0026431  0.0014276 -0.0008625  0.0001228 -0.0014296  0.0018077  0.0006730  0.0008972  0.0015625  0.0011951  0.0012060
C  0  1  99  0  1 13   0.0032917 -0.0018330 -0.0010696  0.0011463  0.0023713  0.0009581 -0.0004039  0.0006765  0.0001987 -0.0024512 -0.0005607 -0.0018242 -0.0009040  0.0011350  0.0003642  0.0016779
C  0  1  99  0  1 14   0.0006286 -0.0002916  0.0020282  0.0019047  0.0023496  0.0011114 -0.0009251  0.0008377  0.0001603  0.0004364  0.0011006 -0.0005350  0.0014422  0.0013378  0.0008718  0.0015350
C  0  1  99  0  1 15   0.0026903  0.0013610 -0.0006291  0.0011582  0.0014011  0.0005970  0.0009107 -0.0016058  0.0000199  0.0010102 -0.0003663  0.0019967  0.0010902  0.0005741 -0.0004915  0.0001535
C  0  1  99  0  1 16   0.0030182  0.0025443  0.0009459 -0.0002796 -0.0027324  0.0025352 -0.0002113  0.0001369  0.0007030 -0.0018827  0.0009856  0.0003218  0.0001265  0.0003335  0.0021304  0.0015982
C  0  1  99  0  1 17   0.0006337  0.0001170  0.0007208  0.0029982  0.0010547  0.0041030  0.0000463  0.0033219 -0.0011033  0.0042037  0.0011277 -0.0003032  0.0012200 -0.0026378  0.0042996  0.0047126
C  0  1  99  0  1 18   0.0034605  0.0013878  0.0005060 -0.0004462  0.0002480  0.0022234  0.0044202  0.0021956 -0.0001164  0.0010162  0.0043146  0.0013197 -0.0016535 -0.0007069  0.0075296  0.0047544
C  0  1  99  0  1 19   0.0019486  0.0022662  0.0023123  0.0027725  0.0001992  0.0003596  0.0032658  0.0024080  0.0029316  0.0051981 -0.0013746 -0.0013066  0.0027642  0.0016439  0.0035708  0.0038827
C  0  1  99  0  1 20   0.0061460  0.0078399  0.0029143  0.0016736  0.0012052  0.0030860 -0.0006205  0.0001279  0.0020285  0.0043218  0.0000847 -0.0001635  0.0053507  0.0062366  0.0035921  0.0072936
C  0  1  99  0  1 21   0.0166875  0.0120598  0.0060639  0.0015607 -0.0003908 -0.0010935 -0.0085391 -0.0035158 -0.0029637 -0.0064734  0.0005267  0.0008161  0.0029215  0.0052785  0.0097281  0.0003685
C  0  1  99  1  0  0  -0.5417005 -0.4030146 -0.3795143 -0.4773178 -0.3354170 -0.4686194 -0.3762910 -0.3852775 -0.2562963 -0.3081182 -0.3769800 -0.4839968 -0.4892255 -0.4288785 -0.4481874 -0.3985323
C  0  1  99  1  0  1  -0.2836224 -0.3555212 -0.3059834 -0.2878386 -0.2975070 -0.3072340 -0.3025837 -0.2670922 -0.2758073 -0.2368466 -0.3587805 -0.3234240 -0.3902539 -0.3474894 -0.3084304 -0.3081084
C  0  1  99  1  0  2  -0.3486315 -0.3017008 -0.2602822 -0.2912086 -0.2759882 -0.2637133 -0.2363860 -0.2277075 -0.2084749 -0.2291165 -0.2987337 -0.2660115 -0.3176315 -0.3274452 -0.3058624 -0.3755684
C  0  1  99  1  0  3  -0.2847465 -0.2689610 -0.3063239 -0.3096981 -0.2819513 -0.2162200 -0.2124607 -0.1157878 -0.1927651 -0.1716065 -0.2728234 -0.2744933 -0.2167799 -0.2285141 -0.2681134 -0.3003127
C  0  1  99  1  0  4  -0.3206577 -0.2944305 -0.2610507 -0.2308343 -0.2678785 -0.1551129 -0.2491174 -0.2199744 -0.2365444 -0.2142669 -0.1852744 -0.2886981 -0.2742150 -0.2572447 -0.3004652 -0.2711903
C  0  1  99  1  0  5  -0.2151986 -0.1952389 -0.1880932 -0.1997181 -0.2177924 -0.1716549 -0.1974225 -0.1552564 -0.1706367 -0.1274923 -0.1995507 -0.2265148 -0.2028113 -0.1578771 -0.1640928 -0.2158035
C  0  1  99  1  0  6  -0.1513200 -0.1412672 -0.1702477 -0.1813710 -0.1564415 -0.1378619 -0.1460933 -0.1503768 -0.1456285 -0.1356484 -0.1237890 -0.0910715 -0.1167781 -0.1745309 -0.1335288 -0.2019922
C  0  1  99  1  0  7  -0.1727955 -0.1427987 -0.1628688 -0.1283332 -0.1860335 -0.1612864 -0.1842676 -0.1172077 -0.1553835 -0.1006644 -0.0874072 -0.1574763 -0.1796676 -0.1340245 -0.1291449 -0.1323356
C  0  1  99  1  0  8  -0.1432621 -0.0856500 -0.1740259 -0.1498677 -0.1683908 -0.1518367 -0.1401581 -0.1674546 -0.1537817 -0.1121713 -0.1396107 -0.1752287 -0.1092314 -0.1797950 -0.1147311 -0.1354278
C  0  1  99  1  0  9  -0.1351209 -0.1356866 -0.0943904 -0.1372833 -0.1263364 -0.1285603 -0.1422476 -0.1963573 -0.0850988 -0.1145457 -0.0815352 -0.1203236 -0.1544458 -0.0911981 -0.1404453 -0.1239172
C  0  1  99  1  0 10  -0.1461199 -0.1228740 -0.1371147 -0.1627584 -0.1579250 -0.1497494 -0.1750857 -0.1291360 -0.1012936 -0.1376405 -0.1359913 -0.1218854 -0.0984037 -0.1106475 -0.0959192 -0.1227554
C  0  1  99  1  0 11  -0.1349367 -0.1413528 -0.1815728 -0.1239567 -0.1217649 -0.1617387 -0.1532858 -0.1371860 -0.1721040 -0.0862556 -0.1027327 -0.1113426 -0.0964521 -0.1156117 -0.0856966 -0.0926258
C  0  1  99  1  0 12  -0.1038169 -0.1335590 -0.1495482 -0.1276230 -0.1775406 -0.1227463 -0.1493312 -0.1551877 -0.1544639 -0.0940867 -0.1384299 -0.0708053 -0.1062685 -0.1120227 -0.1220072 -0.1212270
C  0  1  99  1  0 13  -0.1194731 -0.1427273 -0.1393360 -0.1298594 -0.1428708 -0.1759933 -0.1614094 -0.1615849 -0.0931153 -0.1251550 -0.1553080 -0.1423893 -0.1548207 -0.1474365 -0.1318592 -0.1283165
C  0  1  99  1  0 14  -0.1269279 -0.1479132 -0.1438321 -0.1512004 -0.1673746 -0.1318474 -0.1437831 -0.1561790 -0.1687407 -0.1220576 -0.1105936 -0.1111566 -0.1308555 -0.0856465 -0.1251659 -0.1678542
C  0  1  99  1  0 15  -0.1058438 -0.1915520 -0.1255887 -0.1845632 -0.1647971 -0.0881780 -0.1586938 -0.1698431 -0.1773661 -0.1356296 -0.0830349 -0.1549921 -0.1531739 -0.0937504 -0.0701041 -0.1658606
C  0  1  99  1  0 16  -0.2063135 -0.1572378 -0.2048919 -0.1646320 -0.1572089 -0.1775365 -0.2047518 -0.2076982 -0.1969901 -0.2004748 -0.1268950 -0.1290740 -0.1195255 -0.1232177 -0.1258824 -0.1347236
C  0  1  99  1  0 17  -0.2213155 -0.2521347 -0.2248596 -0.2390946 -0.2488781 -0.2384258 -0.2220722 -0.2262401 -0.2211573 -0.2404952 -0.2651518 -0.1999337 -0.2261591 -0.2349829 -0.2957744 -0.2732803
C  0  1  99  1  0 18  -0.2545327 -0.2544874 -0.2811552 -0.2745689 -0.2500075 -0.2528444 -0.2882935 -0.3030970 -0.2082767 -0.2386712 -0.1969096 -0.2652020 -0.2823227 -0.1932542 -0.1946847 -0.2729470
C  0  1  99  1  0 19  -0.2602863 -0.2578675 -0.3030891 -0.3308414 -0.3631423 -0.2944882 -0.2327658 -0.2513196 -0.2937379 -0.2970395 -0.2134873 -0.2645100 -0.2166325 -0.2055333 -0.2528064 -0.2391176
C  0  1  99  1  0 20  -0.2112862 -0.2849037 -0.3438774 -0.3582958 -0.2893301 -0.2416963 -0.3163325 -0.2230189 -0.3178239 -0.3005936 -0.3162257 -0.3244988 -0.3476998 -0.2629118 -0.2859064 -0.2748895
C  0  1  99  1  0 21  -0.4161784 -0.3598903 -0.4353558 -0.3677659 -0.3016158 -0.2941921 -0.3256549 -0.4521301 -0.3705135 -0.3161254 -0.3375174 -0.3281534 -0.2957622 -0.3788078 -0.3324881 -0.4603744
C  0  1  99  1  1  0   0.0480290  0.0507540  0.0417808  0.0264768  0.0030692 -0.0209883 -0.0347995 -0.0412674 -0.0441982 -0.0347396 -0.0336051 -0.0180631  0.0052529  0.0058563  0.0262148  0.0395017
C  0  1  99  1  1  1   0.0249001  0.0227557  0.0168042  0.0108011  0.0029076 -0.0076914 -0.0148784 -0.0183000 -0.0182000 -0.0147155 -0.0158455 -0.0075253  0.0036331  0.0092237  0.0119870  0.0243463
C  0  1  99  1  1  2   0.0126928  0.0135368  0.0094001  0.0070281  0.0027630 -0.0017677 -0.0062741 -0.0068848 -0.0091062 -0.0048455 -0.0040897 -0.0019629  0.0016346  0.0046497  0.0051630  0.0119146
C  0  1  99  1  1  3   0.0080169  0.0083700  0.0026853  0.0049262  0.0024808  0.0018829 -0.0034522 -0.0014334  0.0019560  0.0002116 -0.0026083  0.0003580  0.0033094  0.0041568  0.0027241  0.0075038
C  0  1  99  1  1  4   0.0031949  0.0036503  0.0016015  0.0013454  0.0033461  0.0015719 -0.0000009  0.0023766  0.0038889  0.0029454 -0.0002667  0.0010159  0.0030113  0.0017762  0.0045244  0.0040606
C  0  1  99  1  1  5   0.0018034  0.0008485  0.0002452  0.0038329  0.0042846  0.0034593  0.0026207  0.0045431  0.0053743  0.0025443 -0.0003475 -0.0009368  0.0023087  0.0032735  0.0024493 -0.0004165
C  0  1  99  1  1  6   0.0021004  0.0026720  0.0010101  0.0048112  0.0054047  0.0049878  0.0062623  0.0049003  0.0045386  0.0020942  0.0013340  0.0012653  0.0021184  0.0011717  0.0002900  0.0000546
C  0  1  99  1  1  7  -0.0002500  0.0014300  0.0024708  0.0055946  0.0047909  0.0044594  0.0053594  0.0040234  0.0050116  0.0016973  0.0004482  0.0010859  0.0025635  0.0023352  0.0025247 -0.0013058
C  0  1  99  1  1  8  -0.0008358  0.0009785  0.0023025  0.0020863  0.0050912  0.0042830  0.0042632  0.0055866  0.0061466  0.0010489  0.0003916  0.0003249  0.0021486  0.0009313  0.0013072 -0.0005868
C  0  1  99  1  1  9   0.0006550  0.0030636  0.0025710  0.0043166  0.0034106  0.0033700  0.0045932  0.0048082  0.0027992 -0.0004955  0.0015576  0.0010069  0.0018232  0.0009115  0.0001074 -0.0013332
C  0  1  99  1  1 10   0.0002140  0.0023731  0.0026218  0.0022497  0.0030399  0.0026391  0.0022895  0.0026510  0.0036540  0.0005661  0.0004148  0.0008990 -0.0002403  0.0011289  0.0027272 -0.0005332
C  0  1  99  1  1 11   0.0011227  0.0017316  0.0015673  0.0023343  0.0029160  0.0011460  0.0018117  0.0027061  0.0026672  0.0016836 -0.0016692 -0.0000154  0.0003618  0.0000136  0.0005224 -0.0013714
C  0  1  99  1  1 12   0.0004902  0.0022242  0.0029349  0.0046181  0.0021013  0.0022523  0.0008116  0.0030203  0.0053891  0.0019365  0.0015196  0.0003898  0.0015880  0.0000583  0.0010277 -0.0008273
C  0  1  99  1  1 13   0.0001307  0.0025188  0.0026777  0.0027078  0.0029318  0.0030980  0.0047391  0.0057769  0.0050310  0.0009162  0.0009262  0.0000463 -0.0007873 -0.0015338  0.0005276 -0.0018932
C  0  1  99  1  1 14   0.0001311  0.0018359  0.0031744  0.0048805  0.0045259  0.0038925  0.0047030  0.0068151  0.0053908  0.0026502  0.0021713 -0.0000230 -0.0006772 -0.0003385 -0.0016711 -0.0021794
C  0  1  99  1  1 15  -0.0014267  0.0008100  0.0030674  0.0035400  0.0033585  0.0000358  0.0041491  0.0042004  0.0072318  0.0047645  0.0028920  0.0006083 -0.0015913 -0.0053390 -0.0047707 -0.0048339
C  0  1  99  1  1 16  -0.0012848  0.0005668  0.0028565  0.0051875  0.0023042  0.0013374  0.0026923  0.0045563  0.0049012  0.0070490  0.0018933  0.0029719 -0.0011785 -0.0006186 -0.0049442 -0.0057463
C  0  1  99  1  1 17  -0.0021642  0.0029259  0.0023857  0.0063643  0.0021488 -0.0015055  0.0026857  0.0044972  0.0042256  0.0047482  0.0037964  0.0010985 -0.0006537 -0.0041476 -0.0045973 -0.0047120
C  0  1  99  1  1 18   0.0016601  0.0063306  0.0064545  0.0072374  0.0048417  0.0010369 -0.0012755  0.0000438  0.0037709  0.0050350  0.0032401  0.0018044 -0.0000541 -0.0022862 -0.0049826 -0.0030760
C  0  1  99  1  1 19   0.0040128  0.0093450  0.0127463  0.0094553  0.0076410  0.0024788 -0.0010063 -0.0003335  0.0032222  0.0061518  0.0038612  0.0013105 -0.0019436 -0.0037657 -0.0042494 -0.0008143
C  0  1  99  1  1 20   0.0027912  0.0154067  0.0190654  0.0130863  0.0055455  0.0046772 -0.0020726 -0.0015755  0.0017878  0.0075272 -0.0000166 -0.0025122 -0.0065899 -0.0078296 -0.0049641 -0.0059500
C  0  1  99  1  1 21   0.0077871  0.0210925  0.0327653  0.0242113  0.0167471  0.0168307  0.0114001  0.0118935  0.0142347  0.0174964  0.0032776 -0.0025759 -0.0092246 -0.0166651 -0.0095271  0.0014136
