CPHI 16 
CETA 22 -2.40 -2.10 -1.85 -1.60 -1.40 -1.20 -1.00 -0.80 -0.60 -0.40 -0.20  0.00  0.20  0.40  0.60  0.80  1.00  1.20  1.40  1.60  1.85  2.10  2.40 
RMIN  6 
RTRK 12 
RETA 11  0.00  0.20  0.40  0.60  0.80  1.00  1.20  1.40  1.60  1.85  2.10  2.40 
T 0 2   0  0  0  0    0.0000000   0.0006174   0.0016774   0.0031880   0.0122719   0.0692370   0.2780276   0.6535433   1.0000000   1.0000000   1.0000000   1.0000000   1.0000000
T 0 2   0  0  0  1    0.0000000   0.0001354   0.0005459   0.0023920   0.0124343   0.0590489   0.2262877   0.5889114   1.0000000   1.0000000   1.0000000   1.0000000   1.0000000
T 0 2   0  0  0  2    0.0000000   0.0001294   0.0005243   0.0017488   0.0107047   0.0555296   0.2094740   0.5738720   1.0000000   1.0000000   1.0000000   1.0000000   1.0000000
T 0 2   0  0  0  3    0.0000000   0.0002015   0.0005867   0.0017170   0.0115356   0.0627351   0.2260086   0.5868161   1.0000000   1.0000000   1.0000000   1.0000000   1.0000000
T 0 2   0  0  0  4    0.0000000   0.0003907   0.0025396   0.0143279   0.0629528   0.2043776   0.4892906   0.8222971   1.0000000   1.0000000   1.0000000   1.0000000   1.0000000
T 0 2   0  0  0  5    0.0000000   0.0009833   0.0074319   0.0513680   0.2055027   0.5328830   0.8761381   0.9993922   1.0000000   1.0000000   1.0000000   1.0000000   1.0000000
T 0 2   0  0  0  6    0.0000000   0.0002959   0.0012101   0.0103076   0.0673314   0.2771700   0.6633683   0.9312166   0.9981963   0.9999994   1.0000000   1.0000000   1.0000000
T 0 2   0  0  0  7    0.0000000   0.0000583   0.0003953   0.0009066   0.0047834   0.0308238   0.1189337   0.2972425   0.5813239   0.8692031   0.9842107   0.9998683   1.0000000
T 0 2   0  0  0  8    0.0000000   0.0000019   0.0000351   0.0001224   0.0003944   0.0009957   0.0042109   0.0251107   0.1194546   0.3938732   0.7895316   0.9692909   1.0000000
T 0 2   0  0  0  9    0.0000000   0.0000072   0.0000100   0.0000333   0.0005408   0.0035534   0.0183417   0.0860144   0.3020499   0.6584964   0.9386042   0.9999342   1.0000000
T 0 2   0  0  0 10    0.0000000   0.0067141   0.0290557   0.0464353   0.0795622   0.1688626   0.3381590   0.6900122   0.9105257   0.9702516   0.9998314   1.0000000   1.0000000
T 0 2   0  1  0  0    0.0000000   0.0005148   0.0016399   0.0047460   0.0213440   0.1017716   0.3374237   0.6994022   1.0000000   1.0000000   1.0000000   1.0000000   1.0000000
T 0 2   0  1  0  1    0.0000000   0.0002633   0.0010891   0.0042307   0.0181163   0.0752157   0.2537985   0.6193956   1.0000000   1.0000000   1.0000000   1.0000000   1.0000000
T 0 2   0  1  0  2    0.0000000   0.0002194   0.0008486   0.0027728   0.0124455   0.0616642   0.2339277   0.6064318   1.0000000   1.0000000   1.0000000   1.0000000   1.0000000
T 0 2   0  1  0  3    0.0000000   0.0002283   0.0008669   0.0027852   0.0140251   0.0700545   0.2491207   0.6198491   1.0000000   1.0000000   1.0000000   1.0000000   1.0000000
T 0 2   0  1  0  4    0.0000000   0.0004356   0.0027620   0.0153929   0.0663357   0.2155446   0.5058694   0.8320271   1.0000000   1.0000000   1.0000000   1.0000000   1.0000000
T 0 2   0  1  0  5    0.0000000   0.0011873   0.0094478   0.0577925   0.2246261   0.5586818   0.8900123   0.9996500   1.0000000   1.0000000   1.0000000   1.0000000   1.0000000
T 0 2   0  1  0  6    0.0000000   0.0004626   0.0026649   0.0180020   0.0942133   0.3329130   0.7236541   0.9536823   0.9988141   0.9999984   1.0000000   1.0000000   1.0000000
T 0 2   0  1  0  7    0.0000000   0.0002246   0.0006446   0.0024765   0.0123245   0.0526267   0.1570011   0.3413836   0.6074237   0.8728054   0.9849908   0.9998878   1.0000000
T 0 2   0  1  0  8    0.0000000   0.0009562   0.0014955   0.0017998   0.0022382   0.0036136   0.0107994   0.0452511   0.1686405   0.4573475   0.8251665   0.9710661   1.0000000
T 0 2   0  1  0  9    0.0000000   0.0021003   0.0074838   0.0131257   0.0159362   0.0198461   0.0401951   0.1288935   0.3661962   0.7154288   0.9583841   0.9999941   1.0000000
T 0 2   0  1  0 10    0.0000000   0.0032254   0.0170235   0.0428863   0.0843736   0.1746921   0.3942474   0.7474223   0.9511020   0.9856143   0.9999985   1.0000000   1.0000000
R 0 2   0  0  0  0    0.0253576   0.0253576   0.0128287   0.0109595   0.0104595   0.0102026   0.0100150   0.0098581   0.0098581   0.0098581   0.0098581   0.0098581
R 0 2   0  0  0  1    0.0122798   0.0122798   0.0122798   0.0122798   0.0111934   0.0109503   0.0109754   0.0108621   0.0108621   0.0108621   0.0108621   0.0108621
R 0 2   0  0  0  2    0.0130097   0.0130097   0.0130097   0.0130097   0.0121884   0.0120291   0.0118600   0.0116981   0.0116981   0.0116981   0.0116981   0.0116981
R 0 2   0  0  0  3    0.0140471   0.0140471   0.0140471   0.0140471   0.0128436   0.0126149   0.0123856   0.0122570   0.0122570   0.0122570   0.0122570   0.0122570
R 0 2   0  0  0  4    0.0197239   0.0197239   0.0197239   0.0177018   0.0170027   0.0159123   0.0145108   0.0131235   0.0131235   0.0131235   0.0131235   0.0131235
R 0 2   0  0  0  5    0.0212935   0.0212935   0.0197325   0.0192336   0.0187752   0.0180916   0.0170218   0.0170218   0.0170218   0.0170218   0.0170218   0.0170218
R 0 2   0  0  0  6    0.0209098   0.0209098   0.0209098   0.0207367   0.0208473   0.0207490   0.0208824   0.0207785   0.0207785   0.0207785   0.0207785   0.0207785
R 0 2   0  0  0  7    0.0231029   0.0231029   0.0231029   0.0231029   0.0212789   0.0214481   0.0212900   0.0210390   0.0206293   0.0198029   0.0198029   0.0198029
R 0 2   0  0  0  8    0.0218674   0.0218674   0.0218674   0.0218674   0.0218674   0.0218674   0.0218674   0.0212585   0.0210625   0.0209894   0.0203586   0.0192185
R 0 2   0  0  0  9    0.0322194   0.0322194   0.0322194   0.0322194   0.0322194   0.0322194   0.0302407   0.0289090   0.0275300   0.0264879   0.0252806   0.0252806
R 0 2   0  0  0 10    0.0828094   0.0734940   0.0639626   0.0550960   0.0477775   0.0442456   0.0410102   0.0356627   0.0342561   0.0313162   0.0313162   0.0313162
R 0 2   0  0  1  0    0.0000000   0.0000000   0.0000000   0.0000837   0.0000868   0.0000820   0.0000736   0.0000663   0.0000663   0.0000663   0.0000663   0.0000663
R 0 2   0  0  1  1    0.0000874   0.0000874   0.0000874   0.0000874   0.0000711   0.0000724   0.0000636   0.0000574   0.0000574   0.0000574   0.0000574   0.0000574
R 0 2   0  0  1  2    0.0000752   0.0000752   0.0000752   0.0000752   0.0000719   0.0000660   0.0000612   0.0000537   0.0000537   0.0000537   0.0000537   0.0000537
R 0 2   0  0  1  3    0.0000851   0.0000851   0.0000851   0.0000851   0.0000713   0.0000603   0.0000560   0.0000501   0.0000501   0.0000501   0.0000501   0.0000501
R 0 2   0  0  1  4    0.0001461   0.0001461   0.0001461   0.0000977   0.0000948   0.0000759   0.0000557   0.0000462   0.0000462   0.0000462   0.0000462   0.0000462
R 0 2   0  0  1  5    0.0001217   0.0001217   0.0000859   0.0000774   0.0000698   0.0000620   0.0000474   0.0000474   0.0000474   0.0000474   0.0000474   0.0000474
R 0 2   0  0  1  6    0.0000762   0.0000762   0.0000762   0.0000570   0.0000623   0.0000598   0.0000569   0.0000346   0.0000346   0.0000346   0.0000346   0.0000346
R 0 2   0  0  1  7    0.0000925   0.0000925   0.0000925   0.0000925   0.0000873   0.0000769   0.0000748   0.0000768   0.0000760   0.0000592   0.0000592   0.0000592
R 0 2   0  0  1  8    0.0001249   0.0001249   0.0001249   0.0001249   0.0001249   0.0001249   0.0001249   0.0001174   0.0001061   0.0001022   0.0000919   0.0000743
R 0 2   0  0  1  9    0.0002936   0.0002936   0.0002936   0.0002936   0.0002936   0.0002936   0.0002312   0.0002043   0.0001854   0.0001543   0.0001428   0.0001428
R 0 2   0  0  1 10    0.0015181   0.0011873   0.0009508   0.0008022   0.0005915   0.0004904   0.0004008   0.0002669   0.0002108   0.0001759   0.0001759   0.0001759
R 0 2   0  0  2  0    0.0000000   0.0000000   0.0000000   0.0000000   0.0000152   0.0000186   0.0000200   0.0000113   0.0000113   0.0000113   0.0000113   0.0000113
R 0 2   0  0  2  1    0.0000000   0.0000000   0.0000000   0.0000000   0.0000000   0.0000228   0.0000152   0.0000206   0.0000206   0.0000206   0.0000206   0.0000206
R 0 2   0  0  2  2    0.0000495   0.0000495   0.0000495   0.0000495   0.0000661   0.0000216   0.0000169   0.0000194   0.0000194   0.0000194   0.0000194   0.0000194
R 0 2   0  0  2  3    0.0000562   0.0000562   0.0000562   0.0000562   0.0000308   0.0000152   0.0000207   0.0000129   0.0000129   0.0000129   0.0000129   0.0000129
R 0 2   0  0  2  4    0.0000000   0.0000000   0.0000000   0.0000000   0.0000147   0.0000196   0.0000163   0.0000199   0.0000199   0.0000199   0.0000199   0.0000199
R 0 2   0  0  2  5    0.0000000   0.0000000   0.0000000   0.0000117   0.0000281   0.0000232   0.0000142   0.0000142   0.0000142   0.0000142   0.0000142   0.0000142
R 0 2   0  0  2  6    0.0000000   0.0000000   0.0000000   0.0000000   0.0000120   0.0000106   0.0000000   0.0000205   0.0000205   0.0000205   0.0000205   0.0000205
R 0 2   0  0  2  7    0.0000000   0.0000000   0.0000000   0.0000000   0.0000493   0.0000000   0.0000000   0.0000090   0.0000080   0.0000216   0.0000216   0.0000216
R 0 2   0  0  2  8    0.0000000   0.0000000   0.0000000   0.0000000   0.0000000   0.0000000   0.0000000   0.0000000   0.0000071   0.0000151   0.0000000   0.0000000
R 0 2   0  0  2  9    0.0000000   0.0000000   0.0000000   0.0000000   0.0000000   0.0000000   0.0000490   0.0000558   0.0000189   0.0000409   0.0000273   0.0000273
R 0 2   0  0  2 10    0.0000000   0.0000000   0.0000000   0.0000000   0.0000000   0.0000347   0.0001158   0.0000659   0.0000000   0.0000000   0.0000000   0.0000000
R 0 2   0  0  3  0    1.0185752   1.0185752   0.9730174   0.9938465   0.9866111   0.9816501   0.9794860   0.9809680   0.9809680   0.9809680   0.9809680   0.9809680
R 0 2   0  0  3  1    0.9874918   0.9874918   0.9874918   0.9874918   0.9812849   0.9801172   0.9777362   0.9775172   0.9775172   0.9775172   0.9775172   0.9775172
R 0 2   0  0  3  2    0.9792031   0.9792031   0.9792031   0.9792031   0.9860243   0.9815029   0.9795184   0.9792736   0.9792736   0.9792736   0.9792736   0.9792736
R 0 2   0  0  3  3    0.9647168   0.9647168   0.9647168   0.9647168   0.9889196   0.9827124   0.9799382   0.9795942   0.9795942   0.9795942   0.9795942   0.9795942
R 0 2   0  0  3  4    0.9850899   0.9850899   0.9850899   0.9742220   0.9727058   0.9719693   0.9764460   0.9847584   0.9847584   0.9847584   0.9847584   0.9847584
R 0 2   0  0  3  5    0.9742167   0.9742167   0.9797687   0.9778423   0.9721759   0.9702757   0.9666938   0.9666938   0.9666938   0.9666938   0.9666938   0.9666938
R 0 2   0  0  3  6    0.9910704   0.9910704   0.9910704   0.9872980   0.9845700   0.9825550   0.9809284   0.9781278   0.9781278   0.9781278   0.9781278   0.9781278
R 0 2   0  0  3  7    0.9850652   0.9850652   0.9850652   0.9850652   1.0014833   0.9877099   0.9850462   0.9827328   0.9838966   0.9822704   0.9822704   0.9822704
R 0 2   0  0  3  8    0.9964525   0.9964525   0.9964525   0.9964525   0.9964525   0.9964525   0.9964525   0.9852100   0.9805731   0.9820512   0.9842054   0.9960336
R 0 2   0  0  3  9    0.9938683   0.9938683   0.9938683   0.9938683   0.9938683   0.9938683   0.9780573   0.9723155   0.9711929   0.9816809   0.9913241   0.9913241
R 0 2   0  0  3 10    1.0022430   1.0060789   0.9872552   0.9702340   0.9686171   0.9658809   0.9654667   0.9654785   0.9857022   0.9869029   0.9869029   0.9869029
R 0 2   0  0  4  0    1.4039125   1.4039125   1.3432729   2.1364098   2.2558784   2.2742600   2.2391155   2.2725239   2.2725239   2.2725239   2.2725239   2.2725239
R 0 2   0  0  4  1    1.9857343   1.9857343   1.9857343   1.9857343   2.1492003   2.2221295   2.2043136   2.2039982   2.2039982   2.2039982   2.2039982   2.2039982
R 0 2   0  0  4  2    1.9220204   1.9220204   1.9220204   1.9220204   2.1913168   2.2552653   2.2336295   2.2312460   2.2312460   2.2312460   2.2312460   2.2312460
R 0 2   0  0  4  3    1.7842984   1.7842984   1.7842984   1.7842984   2.2667117   2.2614437   2.2349628   2.2263351   2.2263351   2.2263351   2.2263351   2.2263351
R 0 2   0  0  4  4    1.8940085   1.8940085   1.8940085   2.0246645   2.0844427   2.0864670   2.2027658   2.3417947   2.3417947   2.3417947   2.3417947   2.3417947
R 0 2   0  0  4  5    1.7417255   1.7417255   2.0657532   2.1533597   2.0866076   2.0820313   2.0064541   2.0064541   2.0064541   2.0064541   2.0064541   2.0064541
R 0 2   0  0  4  6    1.9708768   1.9708768   1.9708768   2.2150665   2.3187158   2.3504693   2.3420744   2.2755350   2.2755350   2.2755350   2.2755350   2.2755350
R 0 2   0  0  4  7    1.7958309   1.7958309   1.7958309   1.7958309   2.2720912   2.3510397   2.3413014   2.3475745   2.3855099   2.3473753   2.3473753   2.3473753
R 0 2   0  0  4  8    2.2394800   2.2394800   2.2394800   2.2394800   2.2394800   2.2394800   2.2394800   2.2466550   2.2245393   2.2688638   2.3094296   2.2989811
R 0 2   0  0  4  9    2.0876519   2.0876519   2.0876519   2.0876519   2.0876519   2.0876519   2.0440754   2.0564320   2.0417237   2.1987774   2.1982815   2.1982815
R 0 2   0  0  4 10    2.0059617   2.2206959   1.9797509   1.9006288   1.9778816   1.9626679   1.9571380   1.9375972   2.0789878   2.0207044   2.0207044   2.0207044
R 0 2   0  0  5  0   11.8606316  11.8606316   7.7902920   3.4474174   3.6390051   3.8614134   4.2304826   3.9271455   3.9271455   3.9271455   3.9271455   3.9271455
R 0 2   0  0  5  1    3.8991733   3.8991733   3.8991733   3.8991733   4.1143745   4.0612789   4.3725416   4.3288681   4.3288681   4.3288681   4.3288681   4.3288681
R 0 2   0  0  5  2    3.9166930   3.9166930   3.9166930   3.9166930   4.2547596   4.0408249   4.1359733   4.3113247   4.3113247   4.3113247   4.3113247   4.3113247
R 0 2   0  0  5  3    5.0220684   5.0220684   5.0220684   5.0220684   3.8534532   4.0308341   4.2964192   4.3514493   4.3514493   4.3514493   4.3514493   4.3514493
R 0 2   0  0  5  4    5.0742067   5.0742067   5.0742067   4.9907009   5.1465742   5.0100413   3.9583540   3.2190971   3.2190971   3.2190971   3.2190971   3.2190971
R 0 2   0  0  5  5    4.6758176   4.6758176   4.9678795   4.6449118   5.3305322   4.7112631   4.1277099   4.1277099   4.1277099   4.1277099   4.1277099   4.1277099
R 0 2   0  0  5  6    3.1695596   3.1695596   3.1695596   4.0018526   3.4542524   2.9629401   2.3993695   2.0087529   2.0087529   2.0087529   2.0087529   2.0087529
R 0 2   0  0  5  7    4.1378695   4.1378695   4.1378695   4.1378695   3.7415249   3.1214540   2.9435719   2.8796419   2.5792144   2.0865178   2.0865178   2.0865178
R 0 2   0  0  5  8    3.8696863   3.8696863   3.8696863   3.8696863   3.8696863   3.8696863   3.8696863   4.4509807   4.6225551   4.2586199   3.5083817   3.9612584
R 0 2   0  0  5  9    4.7018172   4.7018172   4.7018172   4.7018172   4.7018172   4.7018172   6.7168083   6.0925944   6.6696568   5.4532708   5.7217762   5.7217762
R 0 2   0  0  5 10    5.7473704   4.1720920   4.3599276   5.5884076   5.3803109   6.6671214   8.0193894   8.7655481   6.4724929   6.8947851   6.8947851   6.8947851
F  0  2   0  0  0  0    1.0105885   1.0301149   0.9906127   0.9996154   0.9741085   0.9961041   0.9936500   0.9894150   0.9889613   0.9849270   0.9815845
F  0  2   0  1  0  0    1.0830704   1.0864934   1.0673177   1.0635834   1.0513764   1.0746495   1.0691840   1.0518934   1.0345307   1.0583929   1.0782478
C  0  2   0  0  0  0  -0.2706059 -0.1185554 -0.1693821 -0.3880903 -0.2645675 -0.1662320 -0.1631070 -0.1860124 -0.2630699 -0.1593205 -0.2526488 -0.1559020 -0.1940170 -0.3180158 -0.3230937 -0.0388094
C  0  2   0  0  0  1  -0.0634858 -0.1618329 -0.1426630 -0.1277157 -0.1486404 -0.0992818 -0.1508957 -0.1298084 -0.0424756 -0.1315988 -0.0207243 -0.1043479 -0.1656776 -0.1383420 -0.2019497 -0.0431122
C  0  2   0  0  0  2  -0.1096183 -0.1022372 -0.1114054 -0.1331654 -0.0142722 -0.0518163 -0.0773960 -0.0970780 -0.0179250 -0.0741728 -0.0441187 -0.0666280 -0.1254942 -0.0635272 -0.0355541 -0.0993726
C  0  2   0  0  0  3  -0.0703240 -0.0778104 -0.1247312 -0.0287319  0.0288779 -0.1292732 -0.0914077 -0.0236631 -0.0429215 -0.0208861 -0.1093870 -0.0579039 -0.1470762 -0.1042769 -0.1074629 -0.0123861
C  0  2   0  0  0  4  -0.0866923 -0.0854114 -0.0479110 -0.0905592 -0.1038563 -0.0857132 -0.0515478 -0.0440958 -0.0317169 -0.0309438 -0.0671320 -0.0413483 -0.1190735 -0.1121432 -0.0318061 -0.0754688
C  0  2   0  0  0  5  -0.0254874  0.0061926 -0.0724932  0.0550222 -0.0130933 -0.0261011 -0.0306970 -0.0161077  0.0393540 -0.0146434 -0.0031434 -0.0077878 -0.0397134  0.0213128  0.0755822 -0.0613301
C  0  2   0  0  0  6  -0.0090028  0.0782279  0.0289982  0.0058984 -0.0064617  0.0250630 -0.0414520 -0.0713461 -0.0314116 -0.0374565  0.0098152  0.0249263 -0.0643780 -0.0079250 -0.0460019  0.0787513
C  0  2   0  0  0  7  -0.0446108  0.0114827  0.0147109 -0.0101756  0.0034734  0.0444249  0.0271153  0.0025909 -0.0267544 -0.0205791  0.0632722 -0.0424446  0.0068086 -0.0268897 -0.0295875  0.0235697
C  0  2   0  0  0  8  -0.0085033  0.0002710  0.0426635  0.0290683 -0.0115127  0.0340625  0.0038648 -0.0203180  0.0076748  0.0280407 -0.0201557  0.0049334 -0.0059551  0.0555332 -0.0643429 -0.0104735
C  0  2   0  0  0  9  -0.0439883  0.0277694 -0.0121527  0.0413784  0.0291647  0.0372712 -0.0035081  0.0352699 -0.0422273  0.0073679  0.0467800  0.0382771 -0.0127923  0.0509120 -0.0160436  0.0465151
C  0  2   0  0  0 10  -0.0227362  0.0112115  0.0373467  0.0599382  0.0004224  0.0022947 -0.0352757 -0.0273485  0.0129681 -0.0551971  0.0135661 -0.0000782 -0.0362963  0.0518284  0.0142901  0.0498561
C  0  2   0  0  0 11  -0.0491351  0.0312747 -0.0384974  0.0542104  0.0188075  0.0594561  0.0456993  0.0858037  0.0082909  0.0335894  0.0207173 -0.0249208 -0.0021448  0.0182595 -0.0011628 -0.0003318
C  0  2   0  0  0 12   0.0571302 -0.0121690 -0.0059958  0.0078759  0.0124523  0.0276045 -0.0184786 -0.0132671 -0.0047564  0.0621592  0.0093614 -0.0054326 -0.0575485 -0.0042772  0.0202206  0.0207003
C  0  2   0  0  0 13  -0.0316590  0.0001087  0.0386342  0.0046526  0.0002884 -0.0188048  0.0210293 -0.0054664  0.0305357  0.0366464 -0.0229959  0.0113375 -0.0117089  0.0161629 -0.0093800  0.0120396
C  0  2   0  0  0 14  -0.0306290 -0.0083896 -0.0241831 -0.0076407 -0.0070152 -0.0039613 -0.0043779  0.0103487 -0.0250003 -0.0226844  0.0697345 -0.0554763  0.0224092  0.0303804 -0.0084137 -0.0574281
C  0  2   0  0  0 15  -0.0676799 -0.0431466 -0.0120115  0.0252895  0.0319618 -0.0537887 -0.0041829  0.0204508  0.0044021 -0.0171231 -0.0209115 -0.1032218 -0.0136852  0.0076049 -0.0767979  0.0043707
C  0  2   0  0  0 16   0.0892003  0.0221276 -0.0113383  0.0124195 -0.0321577 -0.0842263 -0.0248271 -0.0016025 -0.0718255  0.1099373  0.0140513 -0.0575866 -0.0706395 -0.0108196 -0.0858163 -0.0062222
C  0  2   0  0  0 17  -0.0864938 -0.0847662 -0.1200611 -0.1017901 -0.1267969 -0.0406506 -0.0476749 -0.0061721 -0.0254233 -0.0724093 -0.0081672 -0.0166375 -0.0963673 -0.1530073 -0.0585901 -0.0132611
C  0  2   0  0  0 18  -0.1408444 -0.0402123 -0.0169109 -0.0544471 -0.1477736 -0.0415318 -0.0525150 -0.0415223 -0.0481830 -0.0191493 -0.0303670 -0.0900308 -0.0364889 -0.0049489 -0.1533455 -0.0166265
C  0  2   0  0  0 19   0.0249575 -0.0922030 -0.2091618 -0.0188673 -0.1094938 -0.0653894 -0.1331239 -0.0417702 -0.1183388 -0.0590408 -0.0704354 -0.0851620 -0.0740737 -0.0639032 -0.0485711 -0.0964797
C  0  2   0  0  0 20  -0.1091611 -0.0720013 -0.0635264 -0.0604783 -0.1520622 -0.1560184 -0.1779153 -0.1355738 -0.1624090 -0.1997927 -0.1560130  0.0048141 -0.0287682 -0.1705073 -0.1547976 -0.1696165
C  0  2   0  0  0 21  -0.1874929 -0.1997848 -0.3318080 -0.1671071 -0.2001613 -0.1711540 -0.2458944 -0.0790680 -0.1869511 -0.1209143 -0.2039840 -0.2828665 -0.3354957 -0.3802103 -0.2512333 -0.2675858
C  0  2   0  0  1  0  -0.0017008 -0.0002011 -0.0005714 -0.0015642 -0.0027554  0.0023125  0.0009101  0.0007509  0.0019906 -0.0005581 -0.0035352  0.0032513  0.0056379  0.0047930  0.0056177  0.0063602
C  0  2   0  0  1  1   0.0011946  0.0010670 -0.0020871 -0.0027131 -0.0010504 -0.0019721  0.0042742  0.0007869  0.0023156 -0.0016786 -0.0015248 -0.0025502  0.0025325  0.0040804  0.0018676  0.0023686
C  0  2   0  0  1  2   0.0026692 -0.0008513 -0.0002196  0.0002692 -0.0019371  0.0010129  0.0000866  0.0007771 -0.0012343  0.0011025 -0.0017842 -0.0017018  0.0016673 -0.0007434  0.0002579 -0.0000824
C  0  2   0  0  1  3   0.0026630 -0.0002408  0.0004322 -0.0018669 -0.0009663  0.0016747  0.0020112 -0.0013141 -0.0025266 -0.0021510 -0.0011189 -0.0014635  0.0006643 -0.0012206  0.0002032  0.0022326
C  0  2   0  0  1  4   0.0024741 -0.0004588 -0.0008167  0.0023454  0.0010352 -0.0010646  0.0016262 -0.0001419  0.0010133  0.0007682 -0.0006653 -0.0017550  0.0016141 -0.0004599 -0.0001036 -0.0022719
C  0  2   0  0  1  5   0.0013929  0.0008006 -0.0019121  0.0015715  0.0002309 -0.0006683 -0.0006320  0.0006027 -0.0000611  0.0003761  0.0016952 -0.0013748  0.0002719  0.0000029  0.0004097 -0.0009267
C  0  2   0  0  1  6   0.0022040 -0.0002264 -0.0006168  0.0004739  0.0009203 -0.0001989 -0.0010750 -0.0004874  0.0005699 -0.0011439 -0.0002678 -0.0000334 -0.0010806 -0.0021274  0.0013843 -0.0008690
C  0  2   0  0  1  7   0.0019950 -0.0001513  0.0008185  0.0003428  0.0018594  0.0008115 -0.0013692  0.0001617  0.0008651 -0.0013412  0.0013254 -0.0016851 -0.0009016 -0.0001808  0.0000529 -0.0000023
C  0  2   0  0  1  8   0.0015622  0.0009228  0.0002427 -0.0005995  0.0011008  0.0010310  0.0009265  0.0002725  0.0018681  0.0000531  0.0000835 -0.0012000 -0.0005428  0.0006255  0.0001441  0.0009179
C  0  2   0  0  1  9  -0.0019251  0.0007353  0.0016012  0.0001977  0.0003380  0.0004293  0.0007521  0.0007842 -0.0007389 -0.0014625 -0.0029151 -0.0007776 -0.0011499  0.0001233 -0.0013305  0.0005646
C  0  2   0  0  1 10   0.0007623  0.0002149  0.0014153  0.0017989  0.0016511 -0.0003512  0.0005719 -0.0002884 -0.0019447 -0.0016480 -0.0003350 -0.0008826 -0.0011815 -0.0007940  0.0000532  0.0010902
C  0  2   0  0  1 11   0.0001388  0.0002608  0.0002857  0.0007924  0.0000795  0.0004352 -0.0021828 -0.0014379 -0.0026422  0.0000516 -0.0003224 -0.0013786  0.0006989 -0.0002321 -0.0002709 -0.0005687
C  0  2   0  0  1 12   0.0004055 -0.0001582  0.0003538 -0.0005785  0.0007122 -0.0005861  0.0011828 -0.0002437  0.0004201 -0.0001369 -0.0001033  0.0017444  0.0002044 -0.0000835  0.0001979  0.0012748
C  0  2   0  0  1 13   0.0025986 -0.0013750  0.0004276  0.0017893  0.0023592  0.0006763 -0.0007831  0.0007464 -0.0003360 -0.0013575 -0.0008704 -0.0017974 -0.0008232  0.0010108  0.0003261  0.0015494
C  0  2   0  0  1 14   0.0019707  0.0004161  0.0023178  0.0013979  0.0017452  0.0016493 -0.0006272  0.0011744  0.0000177  0.0005530  0.0001238  0.0002059  0.0004954  0.0003422 -0.0005924  0.0021897
C  0  2   0  0  1 15   0.0015194 -0.0000097 -0.0003029  0.0006450  0.0007629  0.0019241  0.0008271 -0.0010185  0.0006883 -0.0009903 -0.0003969  0.0008158  0.0000606  0.0006272  0.0005455  0.0003994
C  0  2   0  0  1 16   0.0021140  0.0024266  0.0012003  0.0013661 -0.0004954  0.0021036  0.0008364 -0.0001147  0.0007285 -0.0009303  0.0007758  0.0002989 -0.0002216  0.0012857  0.0023498  0.0020184
C  0  2   0  0  1 17   0.0005248 -0.0013308 -0.0000208  0.0033465  0.0013526  0.0030987  0.0021306  0.0020636 -0.0002824  0.0030688  0.0017511 -0.0003357  0.0013437 -0.0012673  0.0048082  0.0044632
C  0  2   0  0  1 18   0.0055049  0.0043177  0.0020218  0.0010165  0.0000939  0.0019793  0.0042506  0.0012847 -0.0007874  0.0015162  0.0037131  0.0018241  0.0000233  0.0000071  0.0060366  0.0052457
C  0  2   0  0  1 19   0.0026631  0.0022805  0.0011745  0.0018828  0.0006826  0.0014965  0.0029365  0.0014853  0.0032307  0.0029948 -0.0002677  0.0003651  0.0018513  0.0021531  0.0032831  0.0045994
C  0  2   0  0  1 20   0.0055231  0.0053223  0.0044226  0.0036406  0.0015322  0.0040698  0.0028283  0.0039212  0.0035014  0.0035825 -0.0001092 -0.0016137  0.0027149  0.0038128  0.0053264  0.0055006
C  0  2   0  0  1 21   0.0128427  0.0124633  0.0063707  0.0016414 -0.0030637 -0.0052311 -0.0083845 -0.0009237 -0.0021489 -0.0033276 -0.0003003  0.0052675  0.0019012  0.0056424  0.0096311  0.0041956
C  0  2   0  1  0  0  -0.4445201 -0.3397129 -0.3397175 -0.3610628 -0.2300768 -0.3888952 -0.3365936 -0.3069300 -0.3183162 -0.2918648 -0.3593818 -0.4693951 -0.4214560 -0.4180778 -0.4095533 -0.4443737
C  0  2   0  1  0  1  -0.2864864 -0.3402480 -0.2856586 -0.2805272 -0.3223118 -0.2922994 -0.2773445 -0.2403059 -0.2845749 -0.2342652 -0.3088926 -0.3051315 -0.3658916 -0.3848073 -0.3405104 -0.3208183
C  0  2   0  1  0  2  -0.3216877 -0.3283555 -0.2600998 -0.2924595 -0.2859131 -0.2500128 -0.2627559 -0.2494264 -0.2428445 -0.2280879 -0.2878820 -0.2943183 -0.3320123 -0.3580717 -0.2786518 -0.3406089
C  0  2   0  1  0  3  -0.2892390 -0.2960815 -0.3084376 -0.2777203 -0.2747628 -0.2230209 -0.1894759 -0.1533739 -0.1832302 -0.2126204 -0.2267657 -0.2614876 -0.2592252 -0.2890156 -0.2992161 -0.2710046
C  0  2   0  1  0  4  -0.2865316 -0.2571651 -0.2752655 -0.2520099 -0.2451122 -0.2043427 -0.2546727 -0.2383083 -0.2289648 -0.1975651 -0.1971003 -0.2787503 -0.2984737 -0.2595987 -0.3157975 -0.2957042
C  0  2   0  1  0  5  -0.2046300 -0.1775157 -0.1900846 -0.1612047 -0.1538810 -0.1459343 -0.1885269 -0.1507931 -0.1548269 -0.1491016 -0.1701289 -0.2031186 -0.2235869 -0.1562711 -0.1866660 -0.1906395
C  0  2   0  1  0  6  -0.1518420 -0.1302157 -0.1762958 -0.1701852 -0.1194249 -0.1308021 -0.1401483 -0.1342832 -0.1421389 -0.1206819 -0.1020043 -0.1163853 -0.1209980 -0.1435407 -0.1461868 -0.1846518
C  0  2   0  1  0  7  -0.1514442 -0.1497661 -0.1482160 -0.1266935 -0.1612290 -0.1639432 -0.1689073 -0.1294334 -0.1353505 -0.0999081 -0.1009213 -0.1356717 -0.1570172 -0.1416408 -0.1349197 -0.1327778
C  0  2   0  1  0  8  -0.1769290 -0.0975567 -0.1340526 -0.1521009 -0.1609937 -0.1588174 -0.1466061 -0.1506274 -0.1441742 -0.1136344 -0.1242602 -0.1690901 -0.1185892 -0.1636848 -0.1406684 -0.1372660
C  0  2   0  1  0  9  -0.1340511 -0.1353355 -0.0920186 -0.1339947 -0.1057459 -0.1379772 -0.1148184 -0.1716686 -0.1086295 -0.1312856 -0.0767790 -0.1430436 -0.1293449 -0.1017236 -0.1354589 -0.1407995
C  0  2   0  1  0 10  -0.1376556 -0.1069822 -0.1218809 -0.1438602 -0.1461763 -0.1320418 -0.1363836 -0.1203990 -0.0942370 -0.1267434 -0.1280725 -0.1190776 -0.1090239 -0.1298887 -0.1146267 -0.1194738
C  0  2   0  1  0 11  -0.1324367 -0.1141887 -0.1420854 -0.1041179 -0.1031171 -0.1079349 -0.1193779 -0.1210115 -0.1454820 -0.0874442 -0.1082762 -0.1234524 -0.1093358 -0.1378476 -0.0942940 -0.1172396
C  0  2   0  1  0 12  -0.0990018 -0.1147311 -0.1334386 -0.1047175 -0.1399358 -0.1247950 -0.1408490 -0.1743470 -0.1322310 -0.1222187 -0.1237683 -0.0989200 -0.0982308 -0.1258973 -0.1117842 -0.1252768
C  0  2   0  1  0 13  -0.1112867 -0.1472770 -0.1602082 -0.1262941 -0.1354968 -0.1602099 -0.1509861 -0.1493918 -0.1161211 -0.1271343 -0.1588658 -0.1329995 -0.1551689 -0.1357056 -0.1579412 -0.1318346
C  0  2   0  1  0 14  -0.1307008 -0.1538593 -0.1446103 -0.1501646 -0.1675812 -0.1339871 -0.1450591 -0.2097935 -0.1503604 -0.1467554 -0.1299680 -0.1338910 -0.1419441 -0.0898097 -0.1351462 -0.1817494
C  0  2   0  1  0 15  -0.1124413 -0.1814529 -0.1455311 -0.1342638 -0.1610464 -0.1204268 -0.1527212 -0.1572560 -0.1589047 -0.1261146 -0.1056595 -0.1647203 -0.1345326 -0.0983489 -0.0949102 -0.1488879
C  0  2   0  1  0 16  -0.1704519 -0.1531666 -0.1582185 -0.1428966 -0.1664416 -0.1647865 -0.1969776 -0.2110241 -0.1620905 -0.1921523 -0.1352800 -0.1418485 -0.1392718 -0.1495239 -0.1435581 -0.1193336
C  0  2   0  1  0 17  -0.2523871 -0.2766764 -0.2068180 -0.2796469 -0.2196282 -0.2675568 -0.2578110 -0.2495837 -0.2450305 -0.2496485 -0.2457584 -0.2143162 -0.2033621 -0.2799106 -0.2286114 -0.2492371
C  0  2   0  1  0 18  -0.2580058 -0.2635387 -0.2611895 -0.2481759 -0.2354419 -0.2387371 -0.2840571 -0.2661771 -0.2536814 -0.2279108 -0.2608201 -0.2626240 -0.2615402 -0.1937023 -0.1903757 -0.2185036
C  0  2   0  1  0 19  -0.2656625 -0.2546757 -0.2865981 -0.3076250 -0.2917867 -0.2800741 -0.2651123 -0.2189430 -0.2753561 -0.2753591 -0.2192788 -0.2727824 -0.2420388 -0.2531094 -0.2670617 -0.2549143
C  0  2   0  1  0 20  -0.2616914 -0.2926602 -0.3423916 -0.3266278 -0.3195713 -0.2298228 -0.2856987 -0.3182399 -0.3486527 -0.3078379 -0.3173334 -0.2736988 -0.3521473 -0.2974127 -0.2624998 -0.3012575
C  0  2   0  1  0 21  -0.4022041 -0.3729414 -0.3579100 -0.3593478 -0.2988728 -0.2733355 -0.3141573 -0.3498667 -0.3898886 -0.3305104 -0.3274195 -0.3470625 -0.3036285 -0.3451556 -0.3576658 -0.3726849
C  0  2   0  1  1  0   0.0459439  0.0491168  0.0404271  0.0246000  0.0013930 -0.0205997 -0.0334942 -0.0421475 -0.0463710 -0.0363964 -0.0337583 -0.0188467  0.0026040  0.0051877  0.0245771  0.0377509
C  0  2   0  1  1  1   0.0247045  0.0223932  0.0178115  0.0105793  0.0022641 -0.0079234 -0.0153351 -0.0183834 -0.0178921 -0.0153257 -0.0154013 -0.0073370  0.0033331  0.0088145  0.0119524  0.0237449
C  0  2   0  1  1  2   0.0122275  0.0131465  0.0087846  0.0056241  0.0013837 -0.0032885 -0.0080898 -0.0084709 -0.0094901 -0.0062050 -0.0053647 -0.0032950  0.0004430  0.0032031  0.0046247  0.0106388
C  0  2   0  1  1  3   0.0075810  0.0069447  0.0020809  0.0039778  0.0009742  0.0002931 -0.0039732 -0.0019847  0.0003337 -0.0002211 -0.0027067 -0.0008960  0.0015585  0.0026519  0.0020854  0.0062484
C  0  2   0  1  1  4   0.0018142  0.0023794  0.0004094  0.0004828  0.0029844  0.0019356  0.0002471  0.0016882  0.0043210  0.0027677 -0.0009429 -0.0005100  0.0020625  0.0013646  0.0036283  0.0023108
C  0  2   0  1  1  5   0.0013201  0.0005819  0.0000272  0.0031437  0.0030613  0.0035467  0.0030676  0.0038983  0.0047354  0.0022566 -0.0012244 -0.0008756  0.0017540  0.0022983  0.0019280 -0.0006267
C  0  2   0  1  1  6   0.0009327  0.0014404  0.0011276  0.0035963  0.0042331  0.0041247  0.0047615  0.0045635  0.0041583  0.0010394  0.0002673  0.0003212  0.0006108  0.0009220  0.0004791 -0.0005187
C  0  2   0  1  1  7  -0.0011725  0.0016446  0.0016889  0.0040423  0.0042247  0.0035993  0.0054788  0.0033516  0.0034174  0.0007063 -0.0005032 -0.0002722  0.0012612  0.0009174  0.0012183 -0.0014641
C  0  2   0  1  1  8  -0.0009504  0.0008411  0.0020518  0.0016619  0.0045670  0.0037005  0.0045787  0.0047795  0.0050130  0.0013389  0.0005481 -0.0002861  0.0015000  0.0010065  0.0012806 -0.0012020
C  0  2   0  1  1  9   0.0009377  0.0020790  0.0015834  0.0028604  0.0024683  0.0025511  0.0035178  0.0033925  0.0023837 -0.0005060  0.0010145  0.0005535  0.0010721 -0.0001082 -0.0001421 -0.0019312
C  0  2   0  1  1 10  -0.0005365  0.0018560  0.0014639  0.0014761  0.0019971  0.0015461  0.0020632  0.0025243  0.0027334 -0.0004206 -0.0008178 -0.0000254 -0.0007327  0.0005974  0.0016142 -0.0012172
C  0  2   0  1  1 11  -0.0002262  0.0014344  0.0009738  0.0018483  0.0024606 -0.0002772  0.0010355  0.0019398  0.0023305  0.0012715 -0.0019632 -0.0005642 -0.0003512 -0.0004853  0.0001561 -0.0020493
C  0  2   0  1  1 12  -0.0001905  0.0016019  0.0023011  0.0035981  0.0021368  0.0010972  0.0008172  0.0025814  0.0040066  0.0008411  0.0011312  0.0005384  0.0005461 -0.0006059  0.0006422 -0.0013147
C  0  2   0  1  1 13  -0.0002852  0.0019062  0.0022949  0.0030036  0.0027158  0.0026443  0.0039864  0.0053932  0.0045985  0.0010386  0.0009352 -0.0003775 -0.0006373 -0.0022632  0.0000106 -0.0016420
C  0  2   0  1  1 14  -0.0008523  0.0006665  0.0021754  0.0034858  0.0035063  0.0022395  0.0034141  0.0058307  0.0050442  0.0015980  0.0014303 -0.0008196 -0.0020005 -0.0017293 -0.0019371 -0.0024690
C  0  2   0  1  1 15  -0.0020165  0.0001059  0.0025564  0.0035553  0.0026361 -0.0008860  0.0027849  0.0031892  0.0058321  0.0029126  0.0018981  0.0000001 -0.0029608 -0.0056642 -0.0056869 -0.0050961
C  0  2   0  1  1 16  -0.0015710  0.0010901  0.0031783  0.0044197  0.0030053  0.0008287  0.0034607  0.0036008  0.0041045  0.0061656  0.0025142  0.0023372 -0.0013837 -0.0017544 -0.0048843 -0.0054525
C  0  2   0  1  1 17  -0.0036973  0.0018854  0.0014440  0.0059793  0.0018062 -0.0017524  0.0009622  0.0035407  0.0039890  0.0041832  0.0040445  0.0015511 -0.0013682 -0.0043692 -0.0052580 -0.0047650
C  0  2   0  1  1 18   0.0004462  0.0071025  0.0050752  0.0065428  0.0041763 -0.0002774 -0.0022321 -0.0007144  0.0026577  0.0040151  0.0018154  0.0009457 -0.0015158 -0.0038756 -0.0059191 -0.0041419
C  0  2   0  1  1 19   0.0019664  0.0080789  0.0118755  0.0098741  0.0062956  0.0017944 -0.0026258 -0.0007199  0.0026729  0.0050999  0.0022348 -0.0003720 -0.0029291 -0.0047677 -0.0055085 -0.0023531
C  0  2   0  1  1 20   0.0012038  0.0144249  0.0178255  0.0132744  0.0063002  0.0029764 -0.0021901 -0.0013048  0.0007979  0.0058730  0.0013311 -0.0026939 -0.0069551 -0.0086276 -0.0060482 -0.0049465
C  0  2   0  1  1 21   0.0089248  0.0210184  0.0306954  0.0222491  0.0153671  0.0158183  0.0105152  0.0111634  0.0117121  0.0135463  0.0013125 -0.0036064 -0.0090933 -0.0177560 -0.0079011  0.0007180
