CPHI 16 
CETA 22 -2.40 -2.10 -1.85 -1.60 -1.40 -1.20 -1.00 -0.80 -0.60 -0.40 -0.20  0.00  0.20  0.40  0.60  0.80  1.00  1.20  1.40  1.60  1.85  2.10  2.40 
RMIN  6 
RTRK 12 
RETA 11  0.00  0.20  0.40  0.60  0.80  1.00  1.20  1.40  1.60  1.85  2.10  2.40 
T 0 3   0  0  0  0    0.0000000   0.0006174   0.0016774   0.0031880   0.0122719   0.0692370   0.2780276   0.6535433   1.0000000   1.0000000   1.0000000   1.0000000   1.0000000
T 0 3   0  0  0  1    0.0000000   0.0001354   0.0005459   0.0023920   0.0124343   0.0590489   0.2262877   0.5889114   1.0000000   1.0000000   1.0000000   1.0000000   1.0000000
T 0 3   0  0  0  2    0.0000000   0.0001294   0.0005243   0.0017488   0.0107047   0.0555296   0.2094740   0.5738720   1.0000000   1.0000000   1.0000000   1.0000000   1.0000000
T 0 3   0  0  0  3    0.0000000   0.0002015   0.0005867   0.0017170   0.0115356   0.0627351   0.2260086   0.5868161   1.0000000   1.0000000   1.0000000   1.0000000   1.0000000
T 0 3   0  0  0  4    0.0000000   0.0003907   0.0025396   0.0143279   0.0629528   0.2043776   0.4892906   0.8222971   1.0000000   1.0000000   1.0000000   1.0000000   1.0000000
T 0 3   0  0  0  5    0.0000000   0.0009833   0.0074319   0.0513680   0.2055027   0.5328830   0.8761381   0.9993922   1.0000000   1.0000000   1.0000000   1.0000000   1.0000000
T 0 3   0  0  0  6    0.0000000   0.0002959   0.0012101   0.0103076   0.0673314   0.2771700   0.6633683   0.9312166   0.9981963   0.9999994   1.0000000   1.0000000   1.0000000
T 0 3   0  0  0  7    0.0000000   0.0000583   0.0003953   0.0009066   0.0047834   0.0308238   0.1189337   0.2972425   0.5813239   0.8692031   0.9842107   0.9998683   1.0000000
T 0 3   0  0  0  8    0.0000000   0.0000019   0.0000351   0.0001224   0.0003944   0.0009957   0.0042109   0.0251107   0.1194546   0.3938732   0.7895316   0.9692909   1.0000000
T 0 3   0  0  0  9    0.0000000   0.0000072   0.0000100   0.0000333   0.0005408   0.0035534   0.0183417   0.0860144   0.3020499   0.6584964   0.9386042   0.9999342   1.0000000
T 0 3   0  0  0 10    0.0000000   0.0067141   0.0290557   0.0464353   0.0795622   0.1688626   0.3381590   0.6900122   0.9105257   0.9702516   0.9998314   1.0000000   1.0000000
T 0 3   0  1  0  0    0.0000000   0.0005148   0.0016399   0.0047460   0.0213440   0.1017716   0.3374237   0.6994022   1.0000000   1.0000000   1.0000000   1.0000000   1.0000000
T 0 3   0  1  0  1    0.0000000   0.0002633   0.0010891   0.0042307   0.0181163   0.0752157   0.2537985   0.6193956   1.0000000   1.0000000   1.0000000   1.0000000   1.0000000
T 0 3   0  1  0  2    0.0000000   0.0002194   0.0008486   0.0027728   0.0124455   0.0616642   0.2339277   0.6064318   1.0000000   1.0000000   1.0000000   1.0000000   1.0000000
T 0 3   0  1  0  3    0.0000000   0.0002283   0.0008669   0.0027852   0.0140251   0.0700545   0.2491207   0.6198491   1.0000000   1.0000000   1.0000000   1.0000000   1.0000000
T 0 3   0  1  0  4    0.0000000   0.0004356   0.0027620   0.0153929   0.0663357   0.2155446   0.5058694   0.8320271   1.0000000   1.0000000   1.0000000   1.0000000   1.0000000
T 0 3   0  1  0  5    0.0000000   0.0011873   0.0094478   0.0577925   0.2246261   0.5586818   0.8900123   0.9996500   1.0000000   1.0000000   1.0000000   1.0000000   1.0000000
T 0 3   0  1  0  6    0.0000000   0.0004626   0.0026649   0.0180020   0.0942133   0.3329130   0.7236541   0.9536823   0.9988141   0.9999984   1.0000000   1.0000000   1.0000000
T 0 3   0  1  0  7    0.0000000   0.0002246   0.0006446   0.0024765   0.0123245   0.0526267   0.1570011   0.3413836   0.6074237   0.8728054   0.9849908   0.9998878   1.0000000
T 0 3   0  1  0  8    0.0000000   0.0009562   0.0014955   0.0017998   0.0022382   0.0036136   0.0107994   0.0452511   0.1686405   0.4573475   0.8251665   0.9710661   1.0000000
T 0 3   0  1  0  9    0.0000000   0.0021003   0.0074838   0.0131257   0.0159362   0.0198461   0.0401951   0.1288935   0.3661962   0.7154288   0.9583841   0.9999941   1.0000000
T 0 3   0  1  0 10    0.0000000   0.0032254   0.0170235   0.0428863   0.0843736   0.1746921   0.3942474   0.7474223   0.9511020   0.9856143   0.9999985   1.0000000   1.0000000
R 0 3   0  0  0  0    0.0253576   0.0253576   0.0128287   0.0109595   0.0104595   0.0102026   0.0100150   0.0098581   0.0098581   0.0098581   0.0098581   0.0098581
R 0 3   0  0  0  1    0.0122798   0.0122798   0.0122798   0.0122798   0.0111934   0.0109503   0.0109754   0.0108621   0.0108621   0.0108621   0.0108621   0.0108621
R 0 3   0  0  0  2    0.0130097   0.0130097   0.0130097   0.0130097   0.0121884   0.0120291   0.0118600   0.0116981   0.0116981   0.0116981   0.0116981   0.0116981
R 0 3   0  0  0  3    0.0140471   0.0140471   0.0140471   0.0140471   0.0128436   0.0126149   0.0123856   0.0122570   0.0122570   0.0122570   0.0122570   0.0122570
R 0 3   0  0  0  4    0.0197239   0.0197239   0.0197239   0.0177018   0.0170027   0.0159123   0.0145108   0.0131235   0.0131235   0.0131235   0.0131235   0.0131235
R 0 3   0  0  0  5    0.0212935   0.0212935   0.0197325   0.0192336   0.0187752   0.0180916   0.0170218   0.0170218   0.0170218   0.0170218   0.0170218   0.0170218
R 0 3   0  0  0  6    0.0209098   0.0209098   0.0209098   0.0207367   0.0208473   0.0207490   0.0208824   0.0207785   0.0207785   0.0207785   0.0207785   0.0207785
R 0 3   0  0  0  7    0.0231029   0.0231029   0.0231029   0.0231029   0.0212789   0.0214481   0.0212900   0.0210390   0.0206293   0.0198029   0.0198029   0.0198029
R 0 3   0  0  0  8    0.0218674   0.0218674   0.0218674   0.0218674   0.0218674   0.0218674   0.0218674   0.0212585   0.0210625   0.0209894   0.0203586   0.0192185
R 0 3   0  0  0  9    0.0322194   0.0322194   0.0322194   0.0322194   0.0322194   0.0322194   0.0302407   0.0289090   0.0275300   0.0264879   0.0252806   0.0252806
R 0 3   0  0  0 10    0.0828094   0.0734940   0.0639626   0.0550960   0.0477775   0.0442456   0.0410102   0.0356627   0.0342561   0.0313162   0.0313162   0.0313162
R 0 3   0  0  1  0    0.0000000   0.0000000   0.0000000   0.0000837   0.0000868   0.0000820   0.0000736   0.0000663   0.0000663   0.0000663   0.0000663   0.0000663
R 0 3   0  0  1  1    0.0000874   0.0000874   0.0000874   0.0000874   0.0000711   0.0000724   0.0000636   0.0000574   0.0000574   0.0000574   0.0000574   0.0000574
R 0 3   0  0  1  2    0.0000752   0.0000752   0.0000752   0.0000752   0.0000719   0.0000660   0.0000612   0.0000537   0.0000537   0.0000537   0.0000537   0.0000537
R 0 3   0  0  1  3    0.0000851   0.0000851   0.0000851   0.0000851   0.0000713   0.0000603   0.0000560   0.0000501   0.0000501   0.0000501   0.0000501   0.0000501
R 0 3   0  0  1  4    0.0001461   0.0001461   0.0001461   0.0000977   0.0000948   0.0000759   0.0000557   0.0000462   0.0000462   0.0000462   0.0000462   0.0000462
R 0 3   0  0  1  5    0.0001217   0.0001217   0.0000859   0.0000774   0.0000698   0.0000620   0.0000474   0.0000474   0.0000474   0.0000474   0.0000474   0.0000474
R 0 3   0  0  1  6    0.0000762   0.0000762   0.0000762   0.0000570   0.0000623   0.0000598   0.0000569   0.0000346   0.0000346   0.0000346   0.0000346   0.0000346
R 0 3   0  0  1  7    0.0000925   0.0000925   0.0000925   0.0000925   0.0000873   0.0000769   0.0000748   0.0000768   0.0000760   0.0000592   0.0000592   0.0000592
R 0 3   0  0  1  8    0.0001249   0.0001249   0.0001249   0.0001249   0.0001249   0.0001249   0.0001249   0.0001174   0.0001061   0.0001022   0.0000919   0.0000743
R 0 3   0  0  1  9    0.0002936   0.0002936   0.0002936   0.0002936   0.0002936   0.0002936   0.0002312   0.0002043   0.0001854   0.0001543   0.0001428   0.0001428
R 0 3   0  0  1 10    0.0015181   0.0011873   0.0009508   0.0008022   0.0005915   0.0004904   0.0004008   0.0002669   0.0002108   0.0001759   0.0001759   0.0001759
R 0 3   0  0  2  0    0.0000000   0.0000000   0.0000000   0.0000000   0.0000152   0.0000186   0.0000200   0.0000113   0.0000113   0.0000113   0.0000113   0.0000113
R 0 3   0  0  2  1    0.0000000   0.0000000   0.0000000   0.0000000   0.0000000   0.0000228   0.0000152   0.0000206   0.0000206   0.0000206   0.0000206   0.0000206
R 0 3   0  0  2  2    0.0000495   0.0000495   0.0000495   0.0000495   0.0000661   0.0000216   0.0000169   0.0000194   0.0000194   0.0000194   0.0000194   0.0000194
R 0 3   0  0  2  3    0.0000562   0.0000562   0.0000562   0.0000562   0.0000308   0.0000152   0.0000207   0.0000129   0.0000129   0.0000129   0.0000129   0.0000129
R 0 3   0  0  2  4    0.0000000   0.0000000   0.0000000   0.0000000   0.0000147   0.0000196   0.0000163   0.0000199   0.0000199   0.0000199   0.0000199   0.0000199
R 0 3   0  0  2  5    0.0000000   0.0000000   0.0000000   0.0000117   0.0000281   0.0000232   0.0000142   0.0000142   0.0000142   0.0000142   0.0000142   0.0000142
R 0 3   0  0  2  6    0.0000000   0.0000000   0.0000000   0.0000000   0.0000120   0.0000106   0.0000000   0.0000205   0.0000205   0.0000205   0.0000205   0.0000205
R 0 3   0  0  2  7    0.0000000   0.0000000   0.0000000   0.0000000   0.0000493   0.0000000   0.0000000   0.0000090   0.0000080   0.0000216   0.0000216   0.0000216
R 0 3   0  0  2  8    0.0000000   0.0000000   0.0000000   0.0000000   0.0000000   0.0000000   0.0000000   0.0000000   0.0000071   0.0000151   0.0000000   0.0000000
R 0 3   0  0  2  9    0.0000000   0.0000000   0.0000000   0.0000000   0.0000000   0.0000000   0.0000490   0.0000558   0.0000189   0.0000409   0.0000273   0.0000273
R 0 3   0  0  2 10    0.0000000   0.0000000   0.0000000   0.0000000   0.0000000   0.0000347   0.0001158   0.0000659   0.0000000   0.0000000   0.0000000   0.0000000
R 0 3   0  0  3  0    1.0185752   1.0185752   0.9730174   0.9938465   0.9866111   0.9816501   0.9794860   0.9809680   0.9809680   0.9809680   0.9809680   0.9809680
R 0 3   0  0  3  1    0.9874918   0.9874918   0.9874918   0.9874918   0.9812849   0.9801172   0.9777362   0.9775172   0.9775172   0.9775172   0.9775172   0.9775172
R 0 3   0  0  3  2    0.9792031   0.9792031   0.9792031   0.9792031   0.9860243   0.9815029   0.9795184   0.9792736   0.9792736   0.9792736   0.9792736   0.9792736
R 0 3   0  0  3  3    0.9647168   0.9647168   0.9647168   0.9647168   0.9889196   0.9827124   0.9799382   0.9795942   0.9795942   0.9795942   0.9795942   0.9795942
R 0 3   0  0  3  4    0.9850899   0.9850899   0.9850899   0.9742220   0.9727058   0.9719693   0.9764460   0.9847584   0.9847584   0.9847584   0.9847584   0.9847584
R 0 3   0  0  3  5    0.9742167   0.9742167   0.9797687   0.9778423   0.9721759   0.9702757   0.9666938   0.9666938   0.9666938   0.9666938   0.9666938   0.9666938
R 0 3   0  0  3  6    0.9910704   0.9910704   0.9910704   0.9872980   0.9845700   0.9825550   0.9809284   0.9781278   0.9781278   0.9781278   0.9781278   0.9781278
R 0 3   0  0  3  7    0.9850652   0.9850652   0.9850652   0.9850652   1.0014833   0.9877099   0.9850462   0.9827328   0.9838966   0.9822704   0.9822704   0.9822704
R 0 3   0  0  3  8    0.9964525   0.9964525   0.9964525   0.9964525   0.9964525   0.9964525   0.9964525   0.9852100   0.9805731   0.9820512   0.9842054   0.9960336
R 0 3   0  0  3  9    0.9938683   0.9938683   0.9938683   0.9938683   0.9938683   0.9938683   0.9780573   0.9723155   0.9711929   0.9816809   0.9913241   0.9913241
R 0 3   0  0  3 10    1.0022430   1.0060789   0.9872552   0.9702340   0.9686171   0.9658809   0.9654667   0.9654785   0.9857022   0.9869029   0.9869029   0.9869029
R 0 3   0  0  4  0    1.4039125   1.4039125   1.3432729   2.1364098   2.2558784   2.2742600   2.2391155   2.2725239   2.2725239   2.2725239   2.2725239   2.2725239
R 0 3   0  0  4  1    1.9857343   1.9857343   1.9857343   1.9857343   2.1492003   2.2221295   2.2043136   2.2039982   2.2039982   2.2039982   2.2039982   2.2039982
R 0 3   0  0  4  2    1.9220204   1.9220204   1.9220204   1.9220204   2.1913168   2.2552653   2.2336295   2.2312460   2.2312460   2.2312460   2.2312460   2.2312460
R 0 3   0  0  4  3    1.7842984   1.7842984   1.7842984   1.7842984   2.2667117   2.2614437   2.2349628   2.2263351   2.2263351   2.2263351   2.2263351   2.2263351
R 0 3   0  0  4  4    1.8940085   1.8940085   1.8940085   2.0246645   2.0844427   2.0864670   2.2027658   2.3417947   2.3417947   2.3417947   2.3417947   2.3417947
R 0 3   0  0  4  5    1.7417255   1.7417255   2.0657532   2.1533597   2.0866076   2.0820313   2.0064541   2.0064541   2.0064541   2.0064541   2.0064541   2.0064541
R 0 3   0  0  4  6    1.9708768   1.9708768   1.9708768   2.2150665   2.3187158   2.3504693   2.3420744   2.2755350   2.2755350   2.2755350   2.2755350   2.2755350
R 0 3   0  0  4  7    1.7958309   1.7958309   1.7958309   1.7958309   2.2720912   2.3510397   2.3413014   2.3475745   2.3855099   2.3473753   2.3473753   2.3473753
R 0 3   0  0  4  8    2.2394800   2.2394800   2.2394800   2.2394800   2.2394800   2.2394800   2.2394800   2.2466550   2.2245393   2.2688638   2.3094296   2.2989811
R 0 3   0  0  4  9    2.0876519   2.0876519   2.0876519   2.0876519   2.0876519   2.0876519   2.0440754   2.0564320   2.0417237   2.1987774   2.1982815   2.1982815
R 0 3   0  0  4 10    2.0059617   2.2206959   1.9797509   1.9006288   1.9778816   1.9626679   1.9571380   1.9375972   2.0789878   2.0207044   2.0207044   2.0207044
R 0 3   0  0  5  0   11.8606316  11.8606316   7.7902920   3.4474174   3.6390051   3.8614134   4.2304826   3.9271455   3.9271455   3.9271455   3.9271455   3.9271455
R 0 3   0  0  5  1    3.8991733   3.8991733   3.8991733   3.8991733   4.1143745   4.0612789   4.3725416   4.3288681   4.3288681   4.3288681   4.3288681   4.3288681
R 0 3   0  0  5  2    3.9166930   3.9166930   3.9166930   3.9166930   4.2547596   4.0408249   4.1359733   4.3113247   4.3113247   4.3113247   4.3113247   4.3113247
R 0 3   0  0  5  3    5.0220684   5.0220684   5.0220684   5.0220684   3.8534532   4.0308341   4.2964192   4.3514493   4.3514493   4.3514493   4.3514493   4.3514493
R 0 3   0  0  5  4    5.0742067   5.0742067   5.0742067   4.9907009   5.1465742   5.0100413   3.9583540   3.2190971   3.2190971   3.2190971   3.2190971   3.2190971
R 0 3   0  0  5  5    4.6758176   4.6758176   4.9678795   4.6449118   5.3305322   4.7112631   4.1277099   4.1277099   4.1277099   4.1277099   4.1277099   4.1277099
R 0 3   0  0  5  6    3.1695596   3.1695596   3.1695596   4.0018526   3.4542524   2.9629401   2.3993695   2.0087529   2.0087529   2.0087529   2.0087529   2.0087529
R 0 3   0  0  5  7    4.1378695   4.1378695   4.1378695   4.1378695   3.7415249   3.1214540   2.9435719   2.8796419   2.5792144   2.0865178   2.0865178   2.0865178
R 0 3   0  0  5  8    3.8696863   3.8696863   3.8696863   3.8696863   3.8696863   3.8696863   3.8696863   4.4509807   4.6225551   4.2586199   3.5083817   3.9612584
R 0 3   0  0  5  9    4.7018172   4.7018172   4.7018172   4.7018172   4.7018172   4.7018172   6.7168083   6.0925944   6.6696568   5.4532708   5.7217762   5.7217762
R 0 3   0  0  5 10    5.7473704   4.1720920   4.3599276   5.5884076   5.3803109   6.6671214   8.0193894   8.7655481   6.4724929   6.8947851   6.8947851   6.8947851
F  0  3   0  0  0  0    1.0104367   1.0295286   0.9899067   1.0000667   0.9738804   0.9970922   0.9932974   0.9891547   0.9900355   0.9849665   0.9817024
F  0  3   0  1  0  0    1.0282736   1.0356417   1.0223734   1.0221642   1.0181907   1.0508016   1.0478340   1.0329141   1.0183577   1.0443509   1.0662483
C  0  3   0  0  0  0  -0.2556300 -0.1162302 -0.1721025 -0.3880787 -0.2674381 -0.1640532 -0.1664843 -0.1882328 -0.2567827 -0.1533259 -0.2439374 -0.1622977 -0.1914021 -0.3131717 -0.3441225 -0.0352354
C  0  3   0  0  0  1  -0.0659761 -0.1586332 -0.1424531 -0.1237443 -0.1408109 -0.0983357 -0.1513480 -0.1280175 -0.0432576 -0.1281130 -0.0283475 -0.1045488 -0.1630764 -0.1372191 -0.2053656 -0.0419027
C  0  3   0  0  0  2  -0.1139566 -0.1062251 -0.1148491 -0.1326584 -0.0109907 -0.0541800 -0.0821978 -0.0936132 -0.0188900 -0.0746523 -0.0421959 -0.0722241 -0.1391380 -0.0588003 -0.0329838 -0.1034072
C  0  3   0  0  0  3  -0.0603383 -0.0775366 -0.1356258 -0.0258424  0.0286736 -0.1386415 -0.0918434 -0.0260660 -0.0440902 -0.0216250 -0.1056371 -0.0601202 -0.1575810 -0.1047453 -0.1014768 -0.0076769
C  0  3   0  0  0  4  -0.0888824 -0.0872309 -0.0482219 -0.0916691 -0.0990593 -0.0886704 -0.0475847 -0.0419580 -0.0377169 -0.0281290 -0.0634179 -0.0379389 -0.1335498 -0.1151252 -0.0278502 -0.0685981
C  0  3   0  0  0  5  -0.0215199  0.0086083 -0.0743955  0.0569500 -0.0073917 -0.0269486 -0.0341573 -0.0134793  0.0447599 -0.0142810 -0.0031453 -0.0039046 -0.0377517  0.0249794  0.0776863 -0.0579995
C  0  3   0  0  0  6  -0.0137490  0.0829303  0.0333990 -0.0057545 -0.0093793  0.0212483 -0.0369689 -0.0755700 -0.0286983 -0.0406471  0.0059269  0.0205598 -0.0664297 -0.0006242 -0.0494079  0.0834207
C  0  3   0  0  0  7  -0.0480296  0.0124584  0.0124880 -0.0079690  0.0038719  0.0448449  0.0229017 -0.0041970 -0.0240226 -0.0194572  0.0613859 -0.0406214  0.0017880 -0.0287592 -0.0322096  0.0205731
C  0  3   0  0  0  8  -0.0146685  0.0029767  0.0404239  0.0255653 -0.0128161  0.0336604 -0.0000555 -0.0229838  0.0089334  0.0291321 -0.0116015  0.0067911 -0.0062600  0.0579016 -0.0648457 -0.0173403
C  0  3   0  0  0  9  -0.0425003  0.0281287 -0.0117002  0.0432667  0.0287726  0.0365833 -0.0019280  0.0267748 -0.0417347  0.0104712  0.0472063  0.0377378 -0.0109681  0.0522020 -0.0108918  0.0528391
C  0  3   0  0  0 10  -0.0241302  0.0110144  0.0407727  0.0586404  0.0077742  0.0043074 -0.0401248 -0.0243038  0.0126250 -0.0560849  0.0126996 -0.0007479 -0.0386855  0.0495180  0.0102184  0.0487721
C  0  3   0  0  0 11  -0.0516000  0.0298699 -0.0442094  0.0507057  0.0203318  0.0569474  0.0483722  0.0881099  0.0140189  0.0311504  0.0222549 -0.0195578 -0.0011524  0.0205965 -0.0010371 -0.0049431
C  0  3   0  0  0 12   0.0580682 -0.0166232 -0.0008705  0.0068808  0.0095437  0.0302169 -0.0201145 -0.0076104 -0.0093582  0.0630518  0.0115584 -0.0017942 -0.0549946 -0.0011895  0.0210494  0.0231131
C  0  3   0  0  0 13  -0.0359372 -0.0047544  0.0349384  0.0038725  0.0018821 -0.0219562  0.0192400 -0.0031839  0.0312858  0.0419139 -0.0186252  0.0162215 -0.0152832  0.0145801 -0.0092871  0.0054136
C  0  3   0  0  0 14  -0.0317458 -0.0084015 -0.0238703 -0.0095043 -0.0093813 -0.0081463 -0.0027637  0.0082706 -0.0258083 -0.0177326  0.0744968 -0.0545557  0.0229968  0.0317178 -0.0080936 -0.0616082
C  0  3   0  0  0 15  -0.0723390 -0.0413912 -0.0108878  0.0218995  0.0281515 -0.0610263 -0.0053093  0.0285150  0.0057868 -0.0099926 -0.0202268 -0.1070035 -0.0064612  0.0091475 -0.0756634  0.0065053
C  0  3   0  0  0 16   0.0924598  0.0241362 -0.0182151  0.0114399 -0.0273756 -0.0941035 -0.0262237  0.0035817 -0.0733113  0.1158917  0.0119564 -0.0612529 -0.0712641 -0.0093985 -0.0887660 -0.0110591
C  0  3   0  0  0 17  -0.0866421 -0.0835851 -0.1199526 -0.1062008 -0.1283479 -0.0391215 -0.0597406 -0.0120153 -0.0215958 -0.0765074 -0.0012840 -0.0174466 -0.1051142 -0.1467145 -0.0495281 -0.0154564
C  0  3   0  0  0 18  -0.1459510 -0.0450520 -0.0165605 -0.0545643 -0.1493147 -0.0430344 -0.0562046 -0.0342894 -0.0493502 -0.0182208 -0.0299956 -0.0914278 -0.0360060 -0.0028133 -0.1521281 -0.0057191
C  0  3   0  0  0 19   0.0262918 -0.0873877 -0.2153058 -0.0240574 -0.1109363 -0.0666084 -0.1315641 -0.0419676 -0.1219788 -0.0632495 -0.0665576 -0.0825989 -0.0695008 -0.0639454 -0.0570814 -0.0986828
C  0  3   0  0  0 20  -0.0994529 -0.0708666 -0.0565400 -0.0629464 -0.1508217 -0.1417271 -0.1810846 -0.1361197 -0.1583441 -0.1942985 -0.1590933  0.0085902 -0.0289548 -0.1695831 -0.1590399 -0.1598519
C  0  3   0  0  0 21  -0.1985901 -0.1990497 -0.3344988 -0.1705777 -0.1997639 -0.1741347 -0.2602521 -0.0595026 -0.1831994 -0.1114692 -0.1985576 -0.2848496 -0.3436948 -0.3903054 -0.2465979 -0.2629795
C  0  3   0  0  1  0  -0.0019751 -0.0003008 -0.0007816 -0.0020093 -0.0030106  0.0023591  0.0008575  0.0008587  0.0018059 -0.0004830 -0.0034834  0.0032334  0.0057676  0.0046850  0.0053728  0.0061054
C  0  3   0  0  1  1   0.0010579  0.0008894 -0.0019387 -0.0027782 -0.0007997 -0.0021142  0.0043270  0.0007426  0.0022395 -0.0016079 -0.0015385 -0.0023215  0.0025409  0.0040312  0.0019620  0.0023191
C  0  3   0  0  1  2   0.0027298 -0.0009923 -0.0001624  0.0000884 -0.0018871  0.0008755  0.0001440  0.0005837 -0.0012019  0.0010481 -0.0016877 -0.0017880  0.0016126 -0.0007360  0.0002116 -0.0002834
C  0  3   0  0  1  3   0.0024917 -0.0002012  0.0003894 -0.0019420 -0.0010985  0.0014769  0.0019641 -0.0012873 -0.0025418 -0.0021692 -0.0010330 -0.0015264  0.0005970 -0.0010823  0.0003127  0.0022484
C  0  3   0  0  1  4   0.0024935 -0.0004991 -0.0007753  0.0023018  0.0010579 -0.0010563  0.0016165 -0.0000204  0.0009054  0.0005947 -0.0007665 -0.0016800  0.0018207 -0.0004551 -0.0001290 -0.0024446
C  0  3   0  0  1  5   0.0012697  0.0008903 -0.0019463  0.0015465  0.0002083 -0.0006714 -0.0005776  0.0005821 -0.0000921  0.0002754  0.0017035 -0.0013649  0.0003021  0.0000306  0.0004138 -0.0010324
C  0  3   0  0  1  6   0.0022012 -0.0003817 -0.0006001  0.0003633  0.0008088 -0.0002303 -0.0008711 -0.0004937  0.0005692 -0.0012733 -0.0002939 -0.0001496 -0.0010377 -0.0022993  0.0013499 -0.0007102
C  0  3   0  0  1  7   0.0019668 -0.0001949  0.0007996  0.0002941  0.0020317  0.0009555 -0.0014418  0.0001344  0.0009077 -0.0012663  0.0013507 -0.0016484 -0.0009443 -0.0001037  0.0000091  0.0002372
C  0  3   0  0  1  8   0.0015369  0.0009963  0.0002761 -0.0005736  0.0012365  0.0011262  0.0010309  0.0001317  0.0017935  0.0001040  0.0000243 -0.0013498 -0.0005507  0.0006800  0.0001530  0.0007231
C  0  3   0  0  1  9  -0.0019971  0.0008476  0.0016347  0.0001711  0.0002427  0.0003014  0.0007033  0.0008480 -0.0007756 -0.0015350 -0.0029494 -0.0007598 -0.0011893  0.0001534 -0.0013537  0.0007597
C  0  3   0  0  1 10   0.0007597  0.0002022  0.0014590  0.0017224  0.0015547 -0.0003129  0.0006819 -0.0002870 -0.0019402 -0.0017587 -0.0002425 -0.0008726 -0.0012567 -0.0007210 -0.0000708  0.0011217
C  0  3   0  0  1 11   0.0002424  0.0002787  0.0003401  0.0008385 -0.0000176  0.0003120 -0.0022916 -0.0013916 -0.0027087  0.0000801 -0.0002090 -0.0013972  0.0007356 -0.0001069 -0.0003511 -0.0006737
C  0  3   0  0  1 12   0.0004754 -0.0001503  0.0002084 -0.0005779  0.0007449 -0.0005727  0.0012176 -0.0002200  0.0003106 -0.0000127 -0.0000688  0.0018120  0.0002168 -0.0002049  0.0002941  0.0013036
C  0  3   0  0  1 13   0.0027371 -0.0013337  0.0004883  0.0017809  0.0024031  0.0007600 -0.0008095  0.0005922 -0.0002625 -0.0014191 -0.0009262 -0.0018758 -0.0007211  0.0010616  0.0003114  0.0014581
C  0  3   0  0  1 14   0.0020337  0.0003646  0.0022444  0.0014033  0.0017376  0.0017186 -0.0006805  0.0013303  0.0000972  0.0006770  0.0002003  0.0003933  0.0005598  0.0004192 -0.0005227  0.0021402
C  0  3   0  0  1 15   0.0015947  0.0000699 -0.0003810  0.0005437  0.0007252  0.0019015  0.0009316 -0.0012463  0.0006462 -0.0009138 -0.0005002  0.0009764 -0.0000368  0.0007537  0.0005687  0.0004301
C  0  3   0  0  1 16   0.0021144  0.0025640  0.0010677  0.0013373 -0.0005001  0.0024157  0.0007623  0.0000927  0.0008053 -0.0009206  0.0007466  0.0002071 -0.0001757  0.0012910  0.0024317  0.0018687
C  0  3   0  0  1 17   0.0006275 -0.0013314 -0.0000122  0.0032773  0.0014183  0.0031057  0.0022345  0.0020669 -0.0001671  0.0031547  0.0017111 -0.0003976  0.0011363 -0.0008586  0.0047029  0.0044030
C  0  3   0  0  1 18   0.0055259  0.0043560  0.0020772  0.0010279  0.0000987  0.0019099  0.0043443  0.0010914 -0.0007558  0.0016419  0.0036967  0.0018423 -0.0000488 -0.0000522  0.0060238  0.0049634
C  0  3   0  0  1 19   0.0027168  0.0025460  0.0012478  0.0019848  0.0006743  0.0015245  0.0030187  0.0015145  0.0033532  0.0030311 -0.0003273  0.0004093  0.0017181  0.0020383  0.0034985  0.0044521
C  0  3   0  0  1 20   0.0054142  0.0054688  0.0045056  0.0036447  0.0014834  0.0039287  0.0029326  0.0040359  0.0034039  0.0036754 -0.0000605 -0.0016231  0.0027833  0.0038457  0.0051464  0.0057494
C  0  3   0  0  1 21   0.0127993  0.0126080  0.0059842  0.0017735 -0.0031823 -0.0051664 -0.0084876 -0.0012351 -0.0021606 -0.0029796 -0.0003012  0.0048559  0.0017621  0.0054416  0.0097462  0.0044764
C  0  3   0  1  0  0  -0.4493747 -0.3447086 -0.3458443 -0.3656678 -0.2358066 -0.3915176 -0.3389284 -0.3103146 -0.3229508 -0.2948533 -0.3676842 -0.4742059 -0.4276653 -0.4163169 -0.4132996 -0.4516141
C  0  3   0  1  0  1  -0.2805487 -0.3387988 -0.2838396 -0.2766217 -0.3208102 -0.2895158 -0.2768597 -0.2380170 -0.2837590 -0.2310336 -0.3054872 -0.3042680 -0.3656554 -0.3844538 -0.3396596 -0.3206472
C  0  3   0  1  0  2  -0.3202565 -0.3255125 -0.2599800 -0.2903939 -0.2858711 -0.2498346 -0.2613687 -0.2477725 -0.2404972 -0.2260748 -0.2853099 -0.2914208 -0.3318482 -0.3575629 -0.2785466 -0.3370414
C  0  3   0  1  0  3  -0.2878004 -0.2956397 -0.3069260 -0.2775790 -0.2744246 -0.2199689 -0.1878081 -0.1515430 -0.1817188 -0.2100433 -0.2258711 -0.2595556 -0.2578080 -0.2859562 -0.2988098 -0.2697521
C  0  3   0  1  0  4  -0.2838664 -0.2546108 -0.2724806 -0.2512876 -0.2435706 -0.2022989 -0.2549019 -0.2365500 -0.2278402 -0.1954918 -0.1962891 -0.2785332 -0.2945890 -0.2588927 -0.3162156 -0.2902173
C  0  3   0  1  0  5  -0.2023548 -0.1754726 -0.1824398 -0.1568014 -0.1508484 -0.1414440 -0.1842808 -0.1467208 -0.1521160 -0.1458878 -0.1641648 -0.1988527 -0.2202621 -0.1534193 -0.1828285 -0.1891894
C  0  3   0  1  0  6  -0.1481737 -0.1284115 -0.1725385 -0.1656450 -0.1161149 -0.1291655 -0.1370501 -0.1298865 -0.1401279 -0.1166510 -0.0980304 -0.1141578 -0.1176471 -0.1410005 -0.1415397 -0.1815945
C  0  3   0  1  0  7  -0.1495091 -0.1489805 -0.1467849 -0.1246525 -0.1593222 -0.1622268 -0.1670193 -0.1291341 -0.1349890 -0.0974578 -0.1000724 -0.1342761 -0.1558969 -0.1402130 -0.1337378 -0.1310677
C  0  3   0  1  0  8  -0.1744236 -0.0972180 -0.1336707 -0.1501280 -0.1589829 -0.1569880 -0.1453363 -0.1500670 -0.1415375 -0.1117852 -0.1217385 -0.1670138 -0.1174426 -0.1609567 -0.1390456 -0.1328915
C  0  3   0  1  0  9  -0.1300122 -0.1319844 -0.0882187 -0.1296057 -0.1021962 -0.1337111 -0.1100166 -0.1682519 -0.1057210 -0.1275490 -0.0733699 -0.1382674 -0.1261820 -0.0978830 -0.1299483 -0.1368377
C  0  3   0  1  0 10  -0.1345719 -0.1046257 -0.1198153 -0.1395458 -0.1435076 -0.1280554 -0.1349608 -0.1190533 -0.0923932 -0.1247474 -0.1249218 -0.1157939 -0.1052210 -0.1272163 -0.1119691 -0.1154781
C  0  3   0  1  0 11  -0.1287409 -0.1116883 -0.1383930 -0.1013138 -0.0994153 -0.1047487 -0.1163180 -0.1181033 -0.1416393 -0.0856725 -0.1060764 -0.1216684 -0.1071865 -0.1349046 -0.0938833 -0.1156535
C  0  3   0  1  0 12  -0.0956128 -0.1124199 -0.1301585 -0.1004318 -0.1367452 -0.1210097 -0.1367825 -0.1719650 -0.1285831 -0.1185801 -0.1195423 -0.0970247 -0.0947690 -0.1222779 -0.1068546 -0.1204709
C  0  3   0  1  0 13  -0.1091109 -0.1452334 -0.1583783 -0.1238956 -0.1337352 -0.1576260 -0.1471189 -0.1476480 -0.1141649 -0.1259221 -0.1563745 -0.1312616 -0.1537032 -0.1321398 -0.1559835 -0.1294893
C  0  3   0  1  0 14  -0.1298250 -0.1521360 -0.1420068 -0.1477993 -0.1640114 -0.1312007 -0.1426529 -0.2084039 -0.1494998 -0.1456272 -0.1288882 -0.1333886 -0.1412498 -0.0884033 -0.1343954 -0.1800582
C  0  3   0  1  0 15  -0.1072071 -0.1790610 -0.1424017 -0.1309552 -0.1576344 -0.1164658 -0.1512692 -0.1559567 -0.1559239 -0.1237763 -0.1017549 -0.1611748 -0.1309312 -0.0958521 -0.0933530 -0.1463305
C  0  3   0  1  0 16  -0.1658180 -0.1514457 -0.1556629 -0.1407784 -0.1623625 -0.1592163 -0.1932314 -0.2079227 -0.1577278 -0.1886660 -0.1308219 -0.1391426 -0.1373218 -0.1473223 -0.1414280 -0.1151824
C  0  3   0  1  0 17  -0.2501301 -0.2745840 -0.2041782 -0.2774583 -0.2185918 -0.2661977 -0.2566528 -0.2475678 -0.2449395 -0.2468992 -0.2453329 -0.2133567 -0.2020070 -0.2790077 -0.2267426 -0.2474860
C  0  3   0  1  0 18  -0.2561763 -0.2601535 -0.2585242 -0.2482782 -0.2348304 -0.2389582 -0.2830693 -0.2670567 -0.2528707 -0.2287654 -0.2593012 -0.2620322 -0.2616769 -0.1934213 -0.1871586 -0.2184008
C  0  3   0  1  0 19  -0.2633006 -0.2552350 -0.2853770 -0.3066811 -0.2896439 -0.2793332 -0.2645536 -0.2192189 -0.2745646 -0.2736790 -0.2186769 -0.2735974 -0.2416314 -0.2531869 -0.2653369 -0.2512811
C  0  3   0  1  0 20  -0.2587062 -0.2902360 -0.3383430 -0.3228301 -0.3181838 -0.2285930 -0.2849282 -0.3154977 -0.3465928 -0.3055361 -0.3132649 -0.2727566 -0.3494729 -0.2936603 -0.2603728 -0.2966293
C  0  3   0  1  0 21  -0.4048829 -0.3791681 -0.3656018 -0.3634326 -0.3013067 -0.2768865 -0.3182986 -0.3537442 -0.3946601 -0.3335630 -0.3300530 -0.3510076 -0.3055065 -0.3478627 -0.3641245 -0.3779546
C  0  3   0  1  1  0   0.0456041  0.0488286  0.0401096  0.0243132  0.0011407 -0.0209347 -0.0337601 -0.0424295 -0.0466861 -0.0367002 -0.0341306 -0.0191747  0.0023587  0.0051121  0.0243213  0.0375121
C  0  3   0  1  1  1   0.0245139  0.0220695  0.0175281  0.0103277  0.0019706 -0.0082954 -0.0156273 -0.0187288 -0.0182024 -0.0155528 -0.0156401 -0.0076284  0.0030323  0.0085041  0.0116504  0.0234174
C  0  3   0  1  1  2   0.0118891  0.0128240  0.0084753  0.0052853  0.0010639 -0.0035887 -0.0084231 -0.0087849 -0.0098385 -0.0065135 -0.0056887 -0.0036007  0.0001335  0.0028775  0.0043036  0.0103456
C  0  3   0  1  1  3   0.0072473  0.0065821  0.0017396  0.0036167  0.0006228 -0.0000543 -0.0043049 -0.0023816 -0.0000499 -0.0006153 -0.0031132 -0.0012701  0.0011777  0.0022609  0.0017192  0.0058605
C  0  3   0  1  1  4   0.0014275  0.0020033 -0.0000224  0.0001009  0.0025830  0.0015671 -0.0001100  0.0012953  0.0039463  0.0024072 -0.0012739 -0.0009270  0.0016964  0.0010142  0.0032496  0.0019664
C  0  3   0  1  1  5   0.0009432  0.0001897 -0.0003349  0.0027304  0.0026350  0.0031105  0.0026826  0.0035512  0.0043801  0.0018665 -0.0015767 -0.0012173  0.0013749  0.0019315  0.0015475 -0.0010366
C  0  3   0  1  1  6   0.0006187  0.0010537  0.0007218  0.0032447  0.0038578  0.0037291  0.0043831  0.0041844  0.0037784  0.0006584 -0.0001061 -0.0000420  0.0002087  0.0005539  0.0000838 -0.0009021
C  0  3   0  1  1  7  -0.0014985  0.0012978  0.0013606  0.0037297  0.0038654  0.0032672  0.0051070  0.0030050  0.0030799  0.0003651 -0.0008441 -0.0006184  0.0009157  0.0005662  0.0008740 -0.0018302
C  0  3   0  1  1  8  -0.0013587  0.0004742  0.0016928  0.0012676  0.0042080  0.0033123  0.0041607  0.0044091  0.0046267  0.0009527  0.0001853 -0.0006875  0.0010993  0.0006360  0.0009008 -0.0015735
C  0  3   0  1  1  9   0.0005854  0.0016987  0.0011819  0.0024723  0.0020639  0.0021490  0.0031477  0.0030186  0.0019861 -0.0009268  0.0006079  0.0001768  0.0006862 -0.0005182 -0.0004771 -0.0023144
C  0  3   0  1  1 10  -0.0009135  0.0014566  0.0010584  0.0011132  0.0016078  0.0011595  0.0016570  0.0021202  0.0023639 -0.0008063 -0.0011967 -0.0003973 -0.0011212  0.0001916  0.0012631 -0.0016457
C  0  3   0  1  1 11  -0.0006385  0.0010264  0.0005800  0.0014294  0.0020721 -0.0006239  0.0006416  0.0015225  0.0019605  0.0008869 -0.0023590 -0.0009278 -0.0007607 -0.0008639 -0.0002306 -0.0024458
C  0  3   0  1  1 12  -0.0005885  0.0012061  0.0019091  0.0032021  0.0017155  0.0007142  0.0004639  0.0021766  0.0036150  0.0004636  0.0007607  0.0001935  0.0001411 -0.0009872  0.0002325 -0.0017338
C  0  3   0  1  1 13  -0.0006975  0.0015061  0.0018986  0.0026180  0.0023235  0.0022524  0.0035906  0.0050448  0.0042494  0.0006582  0.0005433 -0.0007835 -0.0010162 -0.0026502 -0.0003486 -0.0020456
C  0  3   0  1  1 14  -0.0011932  0.0003016  0.0018108  0.0031624  0.0031770  0.0019224  0.0031011  0.0054718  0.0047013  0.0012806  0.0010374 -0.0011837 -0.0023775 -0.0020932 -0.0022913 -0.0028184
C  0  3   0  1  1 15  -0.0024051 -0.0002600  0.0021597  0.0031758  0.0023012 -0.0012623  0.0024339  0.0028061  0.0054489  0.0025195  0.0015647 -0.0003826 -0.0033913 -0.0060561 -0.0060417 -0.0054734
C  0  3   0  1  1 16  -0.0019558  0.0007141  0.0028287  0.0040316  0.0026215  0.0004279  0.0030486  0.0032232  0.0037303  0.0057705  0.0020904  0.0019655 -0.0017460 -0.0021372 -0.0052747 -0.0058582
C  0  3   0  1  1 17  -0.0040558  0.0015048  0.0010923  0.0055528  0.0014332 -0.0021456  0.0005970  0.0031843  0.0036033  0.0038406  0.0036809  0.0011606 -0.0016976 -0.0047634 -0.0056671 -0.0051519
C  0  3   0  1  1 18   0.0000298  0.0067840  0.0047076  0.0061571  0.0037704 -0.0006605 -0.0025987 -0.0010854  0.0022800  0.0036471  0.0014147  0.0005849 -0.0018551 -0.0042216 -0.0063554 -0.0045201
C  0  3   0  1  1 19   0.0016263  0.0077678  0.0115517  0.0095240  0.0059958  0.0014359 -0.0029417 -0.0010869  0.0023368  0.0047518  0.0019021 -0.0006915 -0.0032900 -0.0051543 -0.0057907 -0.0026638
C  0  3   0  1  1 20   0.0008800  0.0141185  0.0175822  0.0129913  0.0060102  0.0026688 -0.0025254 -0.0016629  0.0004665  0.0056187  0.0010202 -0.0030100 -0.0072414 -0.0090483 -0.0063218 -0.0052779
C  0  3   0  1  1 21   0.0086216  0.0207894  0.0303526  0.0219745  0.0151194  0.0154414  0.0101830  0.0108580  0.0113626  0.0132081  0.0010190 -0.0039295 -0.0094087 -0.0180913 -0.0082153  0.0004365
