CPHI 16 
CETA 22 -2.40 -2.10 -1.85 -1.60 -1.40 -1.20 -1.00 -0.80 -0.60 -0.40 -0.20  0.00  0.20  0.40  0.60  0.80  1.00  1.20  1.40  1.60  1.85  2.10  2.40 
RMIN  6 
RTRK 12 
RETA 11  0.00  0.20  0.40  0.60  0.80  1.00  1.20  1.40  1.60  1.85  2.10  2.40 
T 0 4   0  0  0  0    0.0000000   0.0006174   0.0016774   0.0031880   0.0122719   0.0692370   0.2780276   0.6535433   1.0000000   1.0000000   1.0000000   1.0000000   1.0000000
T 0 4   0  0  0  1    0.0000000   0.0001354   0.0005459   0.0023920   0.0124343   0.0590489   0.2262877   0.5889114   1.0000000   1.0000000   1.0000000   1.0000000   1.0000000
T 0 4   0  0  0  2    0.0000000   0.0001294   0.0005243   0.0017488   0.0107047   0.0555296   0.2094740   0.5738720   1.0000000   1.0000000   1.0000000   1.0000000   1.0000000
T 0 4   0  0  0  3    0.0000000   0.0002015   0.0005867   0.0017170   0.0115356   0.0627351   0.2260086   0.5868161   1.0000000   1.0000000   1.0000000   1.0000000   1.0000000
T 0 4   0  0  0  4    0.0000000   0.0003907   0.0025396   0.0143279   0.0629528   0.2043776   0.4892906   0.8222971   1.0000000   1.0000000   1.0000000   1.0000000   1.0000000
T 0 4   0  0  0  5    0.0000000   0.0009833   0.0074319   0.0513680   0.2055027   0.5328830   0.8761381   0.9993922   1.0000000   1.0000000   1.0000000   1.0000000   1.0000000
T 0 4   0  0  0  6    0.0000000   0.0002959   0.0012101   0.0103076   0.0673314   0.2771700   0.6633683   0.9312166   0.9981963   0.9999994   1.0000000   1.0000000   1.0000000
T 0 4   0  0  0  7    0.0000000   0.0000583   0.0003953   0.0009066   0.0047834   0.0308238   0.1189337   0.2972425   0.5813239   0.8692031   0.9842107   0.9998683   1.0000000
T 0 4   0  0  0  8    0.0000000   0.0000019   0.0000351   0.0001224   0.0003944   0.0009957   0.0042109   0.0251107   0.1194546   0.3938732   0.7895316   0.9692909   1.0000000
T 0 4   0  0  0  9    0.0000000   0.0000072   0.0000100   0.0000333   0.0005408   0.0035534   0.0183417   0.0860144   0.3020499   0.6584964   0.9386042   0.9999342   1.0000000
T 0 4   0  0  0 10    0.0000000   0.0067141   0.0290557   0.0464353   0.0795622   0.1688626   0.3381590   0.6900122   0.9105257   0.9702516   0.9998314   1.0000000   1.0000000
T 0 4   0  1  0  0    0.0000000   0.0005148   0.0016399   0.0047460   0.0213440   0.1017716   0.3374237   0.6994022   1.0000000   1.0000000   1.0000000   1.0000000   1.0000000
T 0 4   0  1  0  1    0.0000000   0.0002633   0.0010891   0.0042307   0.0181163   0.0752157   0.2537985   0.6193956   1.0000000   1.0000000   1.0000000   1.0000000   1.0000000
T 0 4   0  1  0  2    0.0000000   0.0002194   0.0008486   0.0027728   0.0124455   0.0616642   0.2339277   0.6064318   1.0000000   1.0000000   1.0000000   1.0000000   1.0000000
T 0 4   0  1  0  3    0.0000000   0.0002283   0.0008669   0.0027852   0.0140251   0.0700545   0.2491207   0.6198491   1.0000000   1.0000000   1.0000000   1.0000000   1.0000000
T 0 4   0  1  0  4    0.0000000   0.0004356   0.0027620   0.0153929   0.0663357   0.2155446   0.5058694   0.8320271   1.0000000   1.0000000   1.0000000   1.0000000   1.0000000
T 0 4   0  1  0  5    0.0000000   0.0011873   0.0094478   0.0577925   0.2246261   0.5586818   0.8900123   0.9996500   1.0000000   1.0000000   1.0000000   1.0000000   1.0000000
T 0 4   0  1  0  6    0.0000000   0.0004626   0.0026649   0.0180020   0.0942133   0.3329130   0.7236541   0.9536823   0.9988141   0.9999984   1.0000000   1.0000000   1.0000000
T 0 4   0  1  0  7    0.0000000   0.0002246   0.0006446   0.0024765   0.0123245   0.0526267   0.1570011   0.3413836   0.6074237   0.8728054   0.9849908   0.9998878   1.0000000
T 0 4   0  1  0  8    0.0000000   0.0009562   0.0014955   0.0017998   0.0022382   0.0036136   0.0107994   0.0452511   0.1686405   0.4573475   0.8251665   0.9710661   1.0000000
T 0 4   0  1  0  9    0.0000000   0.0021003   0.0074838   0.0131257   0.0159362   0.0198461   0.0401951   0.1288935   0.3661962   0.7154288   0.9583841   0.9999941   1.0000000
T 0 4   0  1  0 10    0.0000000   0.0032254   0.0170235   0.0428863   0.0843736   0.1746921   0.3942474   0.7474223   0.9511020   0.9856143   0.9999985   1.0000000   1.0000000
R 0 4   0  0  0  0    0.0253576   0.0253576   0.0128287   0.0109595   0.0104595   0.0102026   0.0100150   0.0098581   0.0098581   0.0098581   0.0098581   0.0098581
R 0 4   0  0  0  1    0.0122798   0.0122798   0.0122798   0.0122798   0.0111934   0.0109503   0.0109754   0.0108621   0.0108621   0.0108621   0.0108621   0.0108621
R 0 4   0  0  0  2    0.0130097   0.0130097   0.0130097   0.0130097   0.0121884   0.0120291   0.0118600   0.0116981   0.0116981   0.0116981   0.0116981   0.0116981
R 0 4   0  0  0  3    0.0140471   0.0140471   0.0140471   0.0140471   0.0128436   0.0126149   0.0123856   0.0122570   0.0122570   0.0122570   0.0122570   0.0122570
R 0 4   0  0  0  4    0.0197239   0.0197239   0.0197239   0.0177018   0.0170027   0.0159123   0.0145108   0.0131235   0.0131235   0.0131235   0.0131235   0.0131235
R 0 4   0  0  0  5    0.0212935   0.0212935   0.0197325   0.0192336   0.0187752   0.0180916   0.0170218   0.0170218   0.0170218   0.0170218   0.0170218   0.0170218
R 0 4   0  0  0  6    0.0209098   0.0209098   0.0209098   0.0207367   0.0208473   0.0207490   0.0208824   0.0207785   0.0207785   0.0207785   0.0207785   0.0207785
R 0 4   0  0  0  7    0.0231029   0.0231029   0.0231029   0.0231029   0.0212789   0.0214481   0.0212900   0.0210390   0.0206293   0.0198029   0.0198029   0.0198029
R 0 4   0  0  0  8    0.0218674   0.0218674   0.0218674   0.0218674   0.0218674   0.0218674   0.0218674   0.0212585   0.0210625   0.0209894   0.0203586   0.0192185
R 0 4   0  0  0  9    0.0322194   0.0322194   0.0322194   0.0322194   0.0322194   0.0322194   0.0302407   0.0289090   0.0275300   0.0264879   0.0252806   0.0252806
R 0 4   0  0  0 10    0.0828094   0.0734940   0.0639626   0.0550960   0.0477775   0.0442456   0.0410102   0.0356627   0.0342561   0.0313162   0.0313162   0.0313162
R 0 4   0  0  1  0    0.0000000   0.0000000   0.0000000   0.0000837   0.0000868   0.0000820   0.0000736   0.0000663   0.0000663   0.0000663   0.0000663   0.0000663
R 0 4   0  0  1  1    0.0000874   0.0000874   0.0000874   0.0000874   0.0000711   0.0000724   0.0000636   0.0000574   0.0000574   0.0000574   0.0000574   0.0000574
R 0 4   0  0  1  2    0.0000752   0.0000752   0.0000752   0.0000752   0.0000719   0.0000660   0.0000612   0.0000537   0.0000537   0.0000537   0.0000537   0.0000537
R 0 4   0  0  1  3    0.0000851   0.0000851   0.0000851   0.0000851   0.0000713   0.0000603   0.0000560   0.0000501   0.0000501   0.0000501   0.0000501   0.0000501
R 0 4   0  0  1  4    0.0001461   0.0001461   0.0001461   0.0000977   0.0000948   0.0000759   0.0000557   0.0000462   0.0000462   0.0000462   0.0000462   0.0000462
R 0 4   0  0  1  5    0.0001217   0.0001217   0.0000859   0.0000774   0.0000698   0.0000620   0.0000474   0.0000474   0.0000474   0.0000474   0.0000474   0.0000474
R 0 4   0  0  1  6    0.0000762   0.0000762   0.0000762   0.0000570   0.0000623   0.0000598   0.0000569   0.0000346   0.0000346   0.0000346   0.0000346   0.0000346
R 0 4   0  0  1  7    0.0000925   0.0000925   0.0000925   0.0000925   0.0000873   0.0000769   0.0000748   0.0000768   0.0000760   0.0000592   0.0000592   0.0000592
R 0 4   0  0  1  8    0.0001249   0.0001249   0.0001249   0.0001249   0.0001249   0.0001249   0.0001249   0.0001174   0.0001061   0.0001022   0.0000919   0.0000743
R 0 4   0  0  1  9    0.0002936   0.0002936   0.0002936   0.0002936   0.0002936   0.0002936   0.0002312   0.0002043   0.0001854   0.0001543   0.0001428   0.0001428
R 0 4   0  0  1 10    0.0015181   0.0011873   0.0009508   0.0008022   0.0005915   0.0004904   0.0004008   0.0002669   0.0002108   0.0001759   0.0001759   0.0001759
R 0 4   0  0  2  0    0.0000000   0.0000000   0.0000000   0.0000000   0.0000152   0.0000186   0.0000200   0.0000113   0.0000113   0.0000113   0.0000113   0.0000113
R 0 4   0  0  2  1    0.0000000   0.0000000   0.0000000   0.0000000   0.0000000   0.0000228   0.0000152   0.0000206   0.0000206   0.0000206   0.0000206   0.0000206
R 0 4   0  0  2  2    0.0000495   0.0000495   0.0000495   0.0000495   0.0000661   0.0000216   0.0000169   0.0000194   0.0000194   0.0000194   0.0000194   0.0000194
R 0 4   0  0  2  3    0.0000562   0.0000562   0.0000562   0.0000562   0.0000308   0.0000152   0.0000207   0.0000129   0.0000129   0.0000129   0.0000129   0.0000129
R 0 4   0  0  2  4    0.0000000   0.0000000   0.0000000   0.0000000   0.0000147   0.0000196   0.0000163   0.0000199   0.0000199   0.0000199   0.0000199   0.0000199
R 0 4   0  0  2  5    0.0000000   0.0000000   0.0000000   0.0000117   0.0000281   0.0000232   0.0000142   0.0000142   0.0000142   0.0000142   0.0000142   0.0000142
R 0 4   0  0  2  6    0.0000000   0.0000000   0.0000000   0.0000000   0.0000120   0.0000106   0.0000000   0.0000205   0.0000205   0.0000205   0.0000205   0.0000205
R 0 4   0  0  2  7    0.0000000   0.0000000   0.0000000   0.0000000   0.0000493   0.0000000   0.0000000   0.0000090   0.0000080   0.0000216   0.0000216   0.0000216
R 0 4   0  0  2  8    0.0000000   0.0000000   0.0000000   0.0000000   0.0000000   0.0000000   0.0000000   0.0000000   0.0000071   0.0000151   0.0000000   0.0000000
R 0 4   0  0  2  9    0.0000000   0.0000000   0.0000000   0.0000000   0.0000000   0.0000000   0.0000490   0.0000558   0.0000189   0.0000409   0.0000273   0.0000273
R 0 4   0  0  2 10    0.0000000   0.0000000   0.0000000   0.0000000   0.0000000   0.0000347   0.0001158   0.0000659   0.0000000   0.0000000   0.0000000   0.0000000
R 0 4   0  0  3  0    1.0185752   1.0185752   0.9730174   0.9938465   0.9866111   0.9816501   0.9794860   0.9809680   0.9809680   0.9809680   0.9809680   0.9809680
R 0 4   0  0  3  1    0.9874918   0.9874918   0.9874918   0.9874918   0.9812849   0.9801172   0.9777362   0.9775172   0.9775172   0.9775172   0.9775172   0.9775172
R 0 4   0  0  3  2    0.9792031   0.9792031   0.9792031   0.9792031   0.9860243   0.9815029   0.9795184   0.9792736   0.9792736   0.9792736   0.9792736   0.9792736
R 0 4   0  0  3  3    0.9647168   0.9647168   0.9647168   0.9647168   0.9889196   0.9827124   0.9799382   0.9795942   0.9795942   0.9795942   0.9795942   0.9795942
R 0 4   0  0  3  4    0.9850899   0.9850899   0.9850899   0.9742220   0.9727058   0.9719693   0.9764460   0.9847584   0.9847584   0.9847584   0.9847584   0.9847584
R 0 4   0  0  3  5    0.9742167   0.9742167   0.9797687   0.9778423   0.9721759   0.9702757   0.9666938   0.9666938   0.9666938   0.9666938   0.9666938   0.9666938
R 0 4   0  0  3  6    0.9910704   0.9910704   0.9910704   0.9872980   0.9845700   0.9825550   0.9809284   0.9781278   0.9781278   0.9781278   0.9781278   0.9781278
R 0 4   0  0  3  7    0.9850652   0.9850652   0.9850652   0.9850652   1.0014833   0.9877099   0.9850462   0.9827328   0.9838966   0.9822704   0.9822704   0.9822704
R 0 4   0  0  3  8    0.9964525   0.9964525   0.9964525   0.9964525   0.9964525   0.9964525   0.9964525   0.9852100   0.9805731   0.9820512   0.9842054   0.9960336
R 0 4   0  0  3  9    0.9938683   0.9938683   0.9938683   0.9938683   0.9938683   0.9938683   0.9780573   0.9723155   0.9711929   0.9816809   0.9913241   0.9913241
R 0 4   0  0  3 10    1.0022430   1.0060789   0.9872552   0.9702340   0.9686171   0.9658809   0.9654667   0.9654785   0.9857022   0.9869029   0.9869029   0.9869029
R 0 4   0  0  4  0    1.4039125   1.4039125   1.3432729   2.1364098   2.2558784   2.2742600   2.2391155   2.2725239   2.2725239   2.2725239   2.2725239   2.2725239
R 0 4   0  0  4  1    1.9857343   1.9857343   1.9857343   1.9857343   2.1492003   2.2221295   2.2043136   2.2039982   2.2039982   2.2039982   2.2039982   2.2039982
R 0 4   0  0  4  2    1.9220204   1.9220204   1.9220204   1.9220204   2.1913168   2.2552653   2.2336295   2.2312460   2.2312460   2.2312460   2.2312460   2.2312460
R 0 4   0  0  4  3    1.7842984   1.7842984   1.7842984   1.7842984   2.2667117   2.2614437   2.2349628   2.2263351   2.2263351   2.2263351   2.2263351   2.2263351
R 0 4   0  0  4  4    1.8940085   1.8940085   1.8940085   2.0246645   2.0844427   2.0864670   2.2027658   2.3417947   2.3417947   2.3417947   2.3417947   2.3417947
R 0 4   0  0  4  5    1.7417255   1.7417255   2.0657532   2.1533597   2.0866076   2.0820313   2.0064541   2.0064541   2.0064541   2.0064541   2.0064541   2.0064541
R 0 4   0  0  4  6    1.9708768   1.9708768   1.9708768   2.2150665   2.3187158   2.3504693   2.3420744   2.2755350   2.2755350   2.2755350   2.2755350   2.2755350
R 0 4   0  0  4  7    1.7958309   1.7958309   1.7958309   1.7958309   2.2720912   2.3510397   2.3413014   2.3475745   2.3855099   2.3473753   2.3473753   2.3473753
R 0 4   0  0  4  8    2.2394800   2.2394800   2.2394800   2.2394800   2.2394800   2.2394800   2.2394800   2.2466550   2.2245393   2.2688638   2.3094296   2.2989811
R 0 4   0  0  4  9    2.0876519   2.0876519   2.0876519   2.0876519   2.0876519   2.0876519   2.0440754   2.0564320   2.0417237   2.1987774   2.1982815   2.1982815
R 0 4   0  0  4 10    2.0059617   2.2206959   1.9797509   1.9006288   1.9778816   1.9626679   1.9571380   1.9375972   2.0789878   2.0207044   2.0207044   2.0207044
R 0 4   0  0  5  0   11.8606316  11.8606316   7.7902920   3.4474174   3.6390051   3.8614134   4.2304826   3.9271455   3.9271455   3.9271455   3.9271455   3.9271455
R 0 4   0  0  5  1    3.8991733   3.8991733   3.8991733   3.8991733   4.1143745   4.0612789   4.3725416   4.3288681   4.3288681   4.3288681   4.3288681   4.3288681
R 0 4   0  0  5  2    3.9166930   3.9166930   3.9166930   3.9166930   4.2547596   4.0408249   4.1359733   4.3113247   4.3113247   4.3113247   4.3113247   4.3113247
R 0 4   0  0  5  3    5.0220684   5.0220684   5.0220684   5.0220684   3.8534532   4.0308341   4.2964192   4.3514493   4.3514493   4.3514493   4.3514493   4.3514493
R 0 4   0  0  5  4    5.0742067   5.0742067   5.0742067   4.9907009   5.1465742   5.0100413   3.9583540   3.2190971   3.2190971   3.2190971   3.2190971   3.2190971
R 0 4   0  0  5  5    4.6758176   4.6758176   4.9678795   4.6449118   5.3305322   4.7112631   4.1277099   4.1277099   4.1277099   4.1277099   4.1277099   4.1277099
R 0 4   0  0  5  6    3.1695596   3.1695596   3.1695596   4.0018526   3.4542524   2.9629401   2.3993695   2.0087529   2.0087529   2.0087529   2.0087529   2.0087529
R 0 4   0  0  5  7    4.1378695   4.1378695   4.1378695   4.1378695   3.7415249   3.1214540   2.9435719   2.8796419   2.5792144   2.0865178   2.0865178   2.0865178
R 0 4   0  0  5  8    3.8696863   3.8696863   3.8696863   3.8696863   3.8696863   3.8696863   3.8696863   4.4509807   4.6225551   4.2586199   3.5083817   3.9612584
R 0 4   0  0  5  9    4.7018172   4.7018172   4.7018172   4.7018172   4.7018172   4.7018172   6.7168083   6.0925944   6.6696568   5.4532708   5.7217762   5.7217762
R 0 4   0  0  5 10    5.7473704   4.1720920   4.3599276   5.5884076   5.3803109   6.6671214   8.0193894   8.7655481   6.4724929   6.8947851   6.8947851   6.8947851
F  0  4   0  0  0  0    1.0092477   1.0285163   0.9907377   1.0005626   0.9741179   0.9968334   0.9933462   0.9896354   0.9899494   0.9848999   0.9818794
F  0  4   0  1  0  0    1.0735792   1.0809273   1.0694563   1.0764072   1.0521663   1.0775451   1.0767879   1.0660514   1.0530429   1.0706625   1.1047818
C  0  4   0  0  0  0  -0.2580619 -0.1159264 -0.1802893 -0.3897480 -0.2657349 -0.1626579 -0.1576897 -0.1898265 -0.2578610 -0.1580843 -0.2448234 -0.1620234 -0.1947058 -0.3172645 -0.3347530 -0.0418791
C  0  4   0  0  0  1  -0.0626270 -0.1594234 -0.1366528 -0.1206488 -0.1396288 -0.0978938 -0.1524268 -0.1261711 -0.0441255 -0.1316245 -0.0218280 -0.1045877 -0.1583409 -0.1342719 -0.2003261 -0.0432013
C  0  4   0  0  0  2  -0.1137085 -0.1070804 -0.1139573 -0.1314270 -0.0156600 -0.0543956 -0.0836303 -0.0944273 -0.0193604 -0.0743565 -0.0466578 -0.0673608 -0.1253481 -0.0598745 -0.0351635 -0.1000566
C  0  4   0  0  0  3  -0.0588671 -0.0789500 -0.1294413 -0.0285180  0.0291301 -0.1345572 -0.0912742 -0.0256316 -0.0425434 -0.0213386 -0.1082004 -0.0596228 -0.1520554 -0.1084997 -0.1017448 -0.0114292
C  0  4   0  0  0  4  -0.0862888 -0.0875039 -0.0492958 -0.0895745 -0.1020298 -0.0866916 -0.0483318 -0.0439419 -0.0361948 -0.0303818 -0.0621637 -0.0377646 -0.1263976 -0.1157416 -0.0251157 -0.0685222
C  0  4   0  0  0  5  -0.0236741  0.0100821 -0.0722281  0.0540964 -0.0115162 -0.0276719 -0.0333929 -0.0171061  0.0402093 -0.0142017 -0.0043323 -0.0066880 -0.0376849  0.0246341  0.0752038 -0.0576990
C  0  4   0  0  0  6  -0.0107429  0.0784790  0.0322198 -0.0006084 -0.0062483  0.0232853 -0.0411607 -0.0742775 -0.0300739 -0.0422719  0.0047556  0.0199686 -0.0639573 -0.0027233 -0.0477919  0.0809835
C  0  4   0  0  0  7  -0.0453973  0.0104817  0.0115770 -0.0114197  0.0045247  0.0431302  0.0241038  0.0006809 -0.0278189 -0.0200532  0.0629427 -0.0385720  0.0053394 -0.0280804 -0.0306527  0.0186285
C  0  4   0  0  0  8  -0.0121228  0.0030421  0.0391734  0.0261135 -0.0128995  0.0347859  0.0026546 -0.0234812  0.0074003  0.0287673 -0.0167185  0.0050376 -0.0062650  0.0578054 -0.0590511 -0.0138742
C  0  4   0  0  0  9  -0.0439187  0.0259524 -0.0121985  0.0416517  0.0294337  0.0366664 -0.0046135  0.0320501 -0.0407906  0.0094250  0.0472640  0.0381300 -0.0116936  0.0517086 -0.0130700  0.0481420
C  0  4   0  0  0 10  -0.0231661  0.0100351  0.0418250  0.0600395  0.0031724  0.0036399 -0.0381827 -0.0268899  0.0130526 -0.0540311  0.0117164 -0.0014883 -0.0365395  0.0507956  0.0135574  0.0475873
C  0  4   0  0  0 11  -0.0492304  0.0308156 -0.0420797  0.0522972  0.0198362  0.0562645  0.0464156  0.0874616  0.0133535  0.0322505  0.0201983 -0.0206617 -0.0009763  0.0187009  0.0003332 -0.0028438
C  0  4   0  0  0 12   0.0565554 -0.0134928  0.0006800  0.0076862  0.0107732  0.0287446 -0.0232990 -0.0092039 -0.0049039  0.0630272  0.0139293 -0.0017832 -0.0570247 -0.0009493  0.0203436  0.0223949
C  0  4   0  0  0 13  -0.0330031 -0.0013600  0.0337553  0.0040794 -0.0009010 -0.0205811  0.0175919 -0.0044365  0.0312886  0.0364316 -0.0198017  0.0163078 -0.0096066  0.0153272 -0.0090052  0.0080160
C  0  4   0  0  0 14  -0.0322343 -0.0057041 -0.0240684 -0.0087730 -0.0102906 -0.0073531 -0.0037616  0.0104429 -0.0255103 -0.0202039  0.0711995 -0.0547623  0.0213341  0.0315764 -0.0078279 -0.0608323
C  0  4   0  0  0 15  -0.0720702 -0.0435125 -0.0130542  0.0250333  0.0286737 -0.0578521 -0.0053365  0.0198005  0.0043909 -0.0125378 -0.0200428 -0.1034623 -0.0088342  0.0085730 -0.0751255  0.0060386
C  0  4   0  0  0 16   0.0884838  0.0250569 -0.0130843  0.0116608 -0.0283966 -0.0891997 -0.0265362  0.0006374 -0.0700537  0.1133546  0.0122611 -0.0597934 -0.0703627 -0.0095019 -0.0845640 -0.0091309
C  0  4   0  0  0 17  -0.0880132 -0.0840881 -0.1221580 -0.1039953 -0.1254510 -0.0425005 -0.0535395 -0.0094704 -0.0245318 -0.0682381 -0.0027102 -0.0158058 -0.1003943 -0.1472371 -0.0513092 -0.0156557
C  0  4   0  0  0 18  -0.1428193 -0.0435857 -0.0159869 -0.0541692 -0.1490322 -0.0449667 -0.0568031 -0.0359923 -0.0522575 -0.0206323 -0.0300084 -0.0891818 -0.0407241 -0.0049801 -0.1555148 -0.0086687
C  0  4   0  0  0 19   0.0219149 -0.0895999 -0.2072201 -0.0211320 -0.1126918 -0.0670365 -0.1313433 -0.0397477 -0.1175718 -0.0609461 -0.0733363 -0.0863377 -0.0691467 -0.0608643 -0.0581127 -0.0971882
C  0  4   0  0  0 20  -0.1029308 -0.0706543 -0.0575382 -0.0594251 -0.1480869 -0.1450747 -0.1799356 -0.1395195 -0.1520775 -0.1967142 -0.1585362  0.0067187 -0.0293801 -0.1679702 -0.1548093 -0.1588208
C  0  4   0  0  0 21  -0.1977072 -0.1999121 -0.3250670 -0.1718789 -0.2005119 -0.1724356 -0.2528361 -0.0717960 -0.1848797 -0.1169229 -0.1970351 -0.2845276 -0.3461290 -0.3869285 -0.2489724 -0.2627449
C  0  4   0  0  1  0  -0.0018587 -0.0002222 -0.0004912 -0.0019056 -0.0029453  0.0025261  0.0006823  0.0006725  0.0019791 -0.0005977 -0.0033885  0.0032877  0.0057462  0.0046134  0.0054592  0.0063151
C  0  4   0  0  1  1   0.0011498  0.0009830 -0.0020957 -0.0027499 -0.0007840 -0.0019401  0.0043630  0.0008571  0.0022833 -0.0015110 -0.0016338 -0.0024354  0.0026916  0.0041237  0.0020477  0.0023706
C  0  4   0  0  1  2   0.0027930 -0.0009237 -0.0001162  0.0001267 -0.0018532  0.0009570  0.0001648  0.0006523 -0.0011612  0.0011048 -0.0016596 -0.0017318  0.0016859 -0.0007509  0.0002467 -0.0001884
C  0  4   0  0  1  3   0.0025406 -0.0001038  0.0004202 -0.0018833 -0.0009330  0.0016735  0.0020633 -0.0012715 -0.0024054 -0.0020918 -0.0010922 -0.0015012  0.0006603 -0.0010836  0.0002510  0.0023449
C  0  4   0  0  1  4   0.0025034 -0.0003953 -0.0008646  0.0023158  0.0010560 -0.0010185  0.0015877 -0.0001077  0.0009702  0.0007546 -0.0006322 -0.0016742  0.0017964 -0.0003863 -0.0000796 -0.0023857
C  0  4   0  0  1  5   0.0013616  0.0008812 -0.0018588  0.0016124  0.0002553 -0.0006346 -0.0005845  0.0005994 -0.0000362  0.0004210  0.0017332 -0.0013078  0.0002908  0.0000396  0.0003896 -0.0009008
C  0  4   0  0  1  6   0.0022075 -0.0002055 -0.0005857  0.0005068  0.0007988 -0.0002414 -0.0009729 -0.0004635  0.0005846 -0.0011405 -0.0003851 -0.0001210 -0.0009943 -0.0022541  0.0013865 -0.0007182
C  0  4   0  0  1  7   0.0019735 -0.0001264  0.0008221  0.0003893  0.0020252  0.0009199 -0.0013832  0.0001568  0.0009241 -0.0012227  0.0013310 -0.0015590 -0.0008904 -0.0001307  0.0000328  0.0001763
C  0  4   0  0  1  8   0.0015803  0.0010415  0.0002524 -0.0005587  0.0012457  0.0011074  0.0009940  0.0001748  0.0018450  0.0001319 -0.0000069 -0.0013040 -0.0004932  0.0006888  0.0001310  0.0008066
C  0  4   0  0  1  9  -0.0018750  0.0008669  0.0016329  0.0001612  0.0002951  0.0003485  0.0007739  0.0007960 -0.0007327 -0.0014798 -0.0027890 -0.0007320 -0.0011521  0.0000854 -0.0012983  0.0006643
C  0  4   0  0  1 10   0.0007825  0.0002592  0.0014247  0.0017153  0.0016174 -0.0003066  0.0005618 -0.0002737 -0.0019390 -0.0016997 -0.0002266 -0.0008649 -0.0012133 -0.0007811  0.0000173  0.0011398
C  0  4   0  0  1 11   0.0002285  0.0002992  0.0003251  0.0008641  0.0000902  0.0004090 -0.0022144 -0.0013771 -0.0026445  0.0000887 -0.0002003 -0.0013663  0.0007416 -0.0001578 -0.0003142 -0.0005989
C  0  4   0  0  1 12   0.0004290 -0.0001339  0.0002743 -0.0005478  0.0006929 -0.0005271  0.0011658 -0.0001953  0.0003897 -0.0000365 -0.0000739  0.0017762  0.0002016 -0.0001242  0.0002215  0.0012894
C  0  4   0  0  1 13   0.0026077 -0.0012488  0.0004865  0.0018059  0.0024204  0.0007250 -0.0007776  0.0006594 -0.0002973 -0.0013069 -0.0008951 -0.0018615 -0.0007797  0.0010247  0.0003044  0.0015166
C  0  4   0  0  1 14   0.0019371  0.0004666  0.0022632  0.0014295  0.0016760  0.0017045 -0.0005875  0.0012835  0.0000934  0.0005922  0.0002063  0.0003012  0.0005342  0.0004195 -0.0005490  0.0021563
C  0  4   0  0  1 15   0.0015826  0.0000645 -0.0002937  0.0005941  0.0007444  0.0018715  0.0008554 -0.0010163  0.0006841 -0.0008717 -0.0004613  0.0009975 -0.0000267  0.0007042  0.0005791  0.0004300
C  0  4   0  0  1 16   0.0021955  0.0025158  0.0012583  0.0013588 -0.0004869  0.0023106  0.0007546  0.0000349  0.0007466 -0.0008749  0.0007743  0.0002213 -0.0001751  0.0013100  0.0023587  0.0019069
C  0  4   0  0  1 17   0.0006474 -0.0013533  0.0000422  0.0032995  0.0014239  0.0031120  0.0022276  0.0020760 -0.0002023  0.0030940  0.0016558 -0.0003399  0.0012152 -0.0009448  0.0047686  0.0044546
C  0  4   0  0  1 18   0.0055098  0.0043779  0.0020836  0.0010853  0.0001078  0.0019736  0.0043734  0.0011473 -0.0007517  0.0015835  0.0037178  0.0018708 -0.0000147  0.0000442  0.0059748  0.0049857
C  0  4   0  0  1 19   0.0025634  0.0024627  0.0011626  0.0019355  0.0007346  0.0015354  0.0029858  0.0014518  0.0033045  0.0030664 -0.0003774  0.0004740  0.0017084  0.0020495  0.0035228  0.0045389
C  0  4   0  0  1 20   0.0054834  0.0055039  0.0046028  0.0037523  0.0015070  0.0040562  0.0028810  0.0040159  0.0032282  0.0036417  0.0000199 -0.0015722  0.0027938  0.0038812  0.0052759  0.0057441
C  0  4   0  0  1 21   0.0129857  0.0125575  0.0062714  0.0017796 -0.0030750 -0.0052321 -0.0083179 -0.0009940 -0.0022122 -0.0030067 -0.0002488  0.0051081  0.0017678  0.0055051  0.0097018  0.0042980
C  0  4   0  1  0  0  -0.9943184 -0.8276307 -0.9408837 -0.6593396 -0.8366846 -0.9238283 -0.9508221 -0.8589634 -0.9000716 -1.0177088 -1.0259276 -1.0545414 -0.9058494 -0.9756194 -0.8037064 -0.9154113
C  0  4   0  1  0  1  -0.4580345 -0.3716582 -0.3964945 -0.2878450 -0.4799003 -0.4025216 -0.3057203 -0.3477371 -0.4350438 -0.3356278 -0.3038597 -0.5084887 -0.3339710 -0.4621758 -0.4019964 -0.4617711
C  0  4   0  1  0  2  -0.4473506 -0.3385869 -0.3861901 -0.3482400 -0.3537972 -0.3423930 -0.3217887 -0.3837872 -0.2763856 -0.3904670 -0.2442697 -0.5068057 -0.4620614 -0.4017226 -0.4227133 -0.3755620
C  0  4   0  1  0  3  -0.2853798 -0.2566823 -0.3630414 -0.2570030 -0.3248054 -0.3130761 -0.2166653 -0.2279524 -0.3007449 -0.2769204 -0.2481793 -0.6097269 -0.3551684 -0.3840885 -0.3600373 -0.3496784
C  0  4   0  1  0  4  -0.2521356 -0.2974575 -0.3129861 -0.1610597 -0.1759907 -0.2569697 -0.2125679 -0.2927521 -0.4419933 -0.2339739 -0.1514527 -0.3841394 -0.3226062 -0.1783003 -0.3372283 -0.3191793
C  0  4   0  1  0  5  -0.2719074 -0.1517931 -0.2386673 -0.1012617 -0.1805332 -0.1738456 -0.1571533 -0.1726551 -0.1610997 -0.2421935 -0.1276231 -0.2485481 -0.3113231 -0.1571765 -0.0905553 -0.1966453
C  0  4   0  1  0  6  -0.1555837 -0.2174033 -0.1590387 -0.2094031 -0.1196199 -0.1445278 -0.1838224 -0.1638453 -0.1341981 -0.1184321 -0.1195676 -0.1865666 -0.1331836 -0.2081429 -0.2489975 -0.1369912
C  0  4   0  1  0  7  -0.1873260 -0.1304561 -0.1465256 -0.1716678 -0.1070097 -0.0934307 -0.2285020 -0.1945672 -0.0652718 -0.1775503 -0.1600588 -0.0879224 -0.0767654 -0.1582918 -0.2314376 -0.0958846
C  0  4   0  1  0  8  -0.1855994 -0.0688319 -0.1264821 -0.0541973 -0.1556073 -0.1129759 -0.1213016 -0.1256746 -0.2338822 -0.0723763 -0.1331835 -0.1788920 -0.1046532 -0.1665648 -0.0787316 -0.1021292
C  0  4   0  1  0  9  -0.1504643 -0.0017854 -0.0621927 -0.1708525 -0.1377299 -0.0771959 -0.1633797 -0.1684927 -0.1685721 -0.1107603  0.0153634 -0.0749801 -0.0138584 -0.1392983 -0.1046184 -0.1203552
C  0  4   0  1  0 10   0.0002143 -0.1597951 -0.1280319 -0.0898732 -0.1377963 -0.0840529 -0.1434816 -0.1318235 -0.0527126 -0.1622378 -0.0885570 -0.1092233 -0.0771081 -0.1259644 -0.0751579 -0.0967080
C  0  4   0  1  0 11  -0.0783470  0.0035642 -0.1522150 -0.0384330 -0.0826130  0.0231051 -0.1169273 -0.2117883 -0.0690056 -0.0917612 -0.1010270 -0.1312268 -0.0284763 -0.0919059 -0.0569331 -0.0029932
C  0  4   0  1  0 12  -0.0665232 -0.1281270 -0.0991106 -0.1103799 -0.1790932 -0.1609522 -0.1245292 -0.1680757 -0.1519606 -0.1829895 -0.1285828 -0.2101593 -0.0664570 -0.0729497 -0.0916466 -0.0816502
C  0  4   0  1  0 13  -0.0645526 -0.0376870 -0.1622968 -0.0810121 -0.0679860 -0.1025682 -0.1395794 -0.0977535 -0.1329989 -0.0607019 -0.1349605 -0.1754976 -0.1469876 -0.1436808 -0.2103702 -0.0245528
C  0  4   0  1  0 14  -0.1846928 -0.0811420 -0.1069419 -0.1267014 -0.1987802 -0.0379116 -0.2363789 -0.2097631 -0.1797620 -0.1937474 -0.0678641 -0.2127606 -0.1661297 -0.1626276 -0.1401729 -0.1376333
C  0  4   0  1  0 15  -0.1137239 -0.1271288 -0.1563981 -0.1033089 -0.1257404 -0.1091251 -0.2277296 -0.1273816 -0.1938973 -0.1572297 -0.0624947 -0.2463792 -0.1750889 -0.2314352 -0.0589415 -0.0929454
C  0  4   0  1  0 16  -0.1086123 -0.1309722 -0.1361459 -0.1515951 -0.1646882 -0.1723251 -0.2509074 -0.2200117 -0.1970293 -0.3596513 -0.2068053 -0.2322031 -0.2071495 -0.1859883 -0.0889859 -0.0700711
C  0  4   0  1  0 17  -0.1583544 -0.2810749 -0.2441872 -0.3685840 -0.2371075 -0.2128045 -0.1926981 -0.2333983 -0.3634069 -0.3435084 -0.2884050 -0.2771123 -0.3434984 -0.2398506 -0.1746048 -0.2175039
C  0  4   0  1  0 18  -0.3496125 -0.3006700 -0.2199099 -0.3108833 -0.3844723 -0.2903411 -0.3004546 -0.2408688 -0.2882297 -0.2697244 -0.4202375 -0.4143351 -0.2462927 -0.3480152 -0.2875848 -0.1231574
C  0  4   0  1  0 19  -0.3009543 -0.3519204 -0.3535899 -0.3713453 -0.3422039 -0.4489001 -0.3301383 -0.4081144 -0.3307775 -0.3258719 -0.3453278 -0.4675355 -0.3270709 -0.2635044 -0.2230557 -0.2302486
C  0  4   0  1  0 20  -0.3171114 -0.4071346 -0.3877394 -0.4056446 -0.3717107 -0.3619387 -0.4721498 -0.3906522 -0.6109553 -0.4946829 -0.3968177 -0.5231154 -0.2941659 -0.3344098 -0.3879959 -0.4007155
C  0  4   0  1  0 21  -0.9564517 -0.7285827 -0.7219777 -1.1414439 -0.7690832 -0.7902343 -0.9357736 -0.8120332 -0.8212334 -0.6542559 -0.9017554 -0.7842416 -0.5794126 -0.9058187 -0.9307593 -0.6902516
C  0  4   0  1  1  0   0.0509983  0.0620874  0.0307551  0.0171253 -0.0010466 -0.0243198 -0.0339895 -0.0439037 -0.0431167 -0.0373808 -0.0301555 -0.0213014 -0.0019100  0.0003232  0.0170118  0.0302430
C  0  4   0  1  1  1   0.0281622  0.0213779  0.0170883  0.0124306  0.0061609 -0.0063815 -0.0151690 -0.0170672 -0.0194288 -0.0090741 -0.0143679 -0.0113323  0.0042845  0.0102315  0.0149902  0.0261069
C  0  4   0  1  1  2   0.0137719  0.0158799  0.0116877  0.0072156  0.0040683  0.0012482 -0.0059666 -0.0035862 -0.0079244 -0.0065434 -0.0091463  0.0007406  0.0053938  0.0045854  0.0049516  0.0140244
C  0  4   0  1  1  3   0.0088763  0.0088854  0.0025811  0.0018739 -0.0012217  0.0034345 -0.0005840  0.0018383  0.0038068 -0.0001370 -0.0024934 -0.0026062  0.0025870  0.0045095  0.0037180  0.0076200
C  0  4   0  1  1  4   0.0019044  0.0053109  0.0003735  0.0037056  0.0088218  0.0043540 -0.0031740  0.0022342  0.0069806  0.0035576  0.0026058  0.0004167  0.0043155  0.0066208  0.0048429  0.0075600
C  0  4   0  1  1  5   0.0025454  0.0006318  0.0021040  0.0023988  0.0063180  0.0045942  0.0057169  0.0040773  0.0044983  0.0028456  0.0026366  0.0003824  0.0030644  0.0016675  0.0016945  0.0038237
C  0  4   0  1  1  6  -0.0009290  0.0002113  0.0027154  0.0056743  0.0055135  0.0030865  0.0041823  0.0072701  0.0044661 -0.0013685  0.0025277  0.0021291  0.0014198 -0.0008208  0.0018074  0.0008170
C  0  4   0  1  1  7   0.0000048  0.0009586  0.0025014  0.0047624  0.0058597  0.0040123  0.0072941  0.0042860  0.0022270  0.0009050 -0.0013659  0.0013248 -0.0007541  0.0008653  0.0003968 -0.0012809
C  0  4   0  1  1  8   0.0000893  0.0011346  0.0003181  0.0020679  0.0043555  0.0009166  0.0025549  0.0044359  0.0068921  0.0030275  0.0024828  0.0011662  0.0008381  0.0024571  0.0032456 -0.0007274
C  0  4   0  1  1  9   0.0017754  0.0031224  0.0002574  0.0022490  0.0037911  0.0040524  0.0030736  0.0037248  0.0013596  0.0009155  0.0008303  0.0011625  0.0051683 -0.0010541  0.0015926 -0.0028826
C  0  4   0  1  1 10  -0.0000762  0.0022421  0.0010623  0.0039108  0.0024698  0.0037408  0.0025178  0.0040430  0.0050983  0.0004030  0.0010748  0.0015568 -0.0004862  0.0027674  0.0023587 -0.0008326
C  0  4   0  1  1 11   0.0022312  0.0030227  0.0002868  0.0016040  0.0019851  0.0019905  0.0033516  0.0042553  0.0038459  0.0028485 -0.0019486  0.0010884  0.0014706  0.0005095  0.0010403  0.0001487
C  0  4   0  1  1 12   0.0018607  0.0018553  0.0013952  0.0033594  0.0016165  0.0014575  0.0004917  0.0012999  0.0039896 -0.0003286 -0.0001349  0.0018055 -0.0020510  0.0011889  0.0003900 -0.0024129
C  0  4   0  1  1 13  -0.0003803  0.0029434  0.0021644  0.0026330  0.0025748  0.0012242  0.0036897  0.0074274  0.0046598 -0.0002202  0.0003944 -0.0020524 -0.0001361 -0.0023808  0.0006027 -0.0013199
C  0  4   0  1  1 14   0.0003161 -0.0001389  0.0021539  0.0058401  0.0036709  0.0032323  0.0055058  0.0060389  0.0060843  0.0012459  0.0011855 -0.0004283 -0.0015404 -0.0032125 -0.0009687 -0.0018756
C  0  4   0  1  1 15  -0.0016044 -0.0006313  0.0042586  0.0059707  0.0030479 -0.0019702  0.0053391  0.0022484  0.0063011  0.0038597  0.0040844  0.0020208 -0.0012012 -0.0036132 -0.0015795 -0.0028735
C  0  4   0  1  1 16   0.0010770  0.0012526  0.0006674  0.0074388  0.0012125  0.0023160  0.0043878  0.0009728  0.0042660  0.0061618  0.0028460  0.0040561  0.0009135 -0.0046637 -0.0040350 -0.0028858
C  0  4   0  1  1 17  -0.0022466  0.0056859  0.0045132  0.0079570  0.0012151  0.0013556  0.0006256  0.0033412  0.0042851  0.0062770  0.0061524  0.0017614  0.0004617 -0.0027849 -0.0079898 -0.0027565
C  0  4   0  1  1 18   0.0019821  0.0077956  0.0073238  0.0059145  0.0060919  0.0002644 -0.0000061  0.0004013  0.0050190  0.0040387  0.0039349  0.0020081 -0.0019930 -0.0033683 -0.0054409 -0.0021285
C  0  4   0  1  1 19  -0.0033621  0.0103668  0.0116663  0.0108377  0.0061323  0.0046664 -0.0010281 -0.0003960  0.0026489  0.0036840  0.0030548  0.0004894 -0.0024744 -0.0035528 -0.0057984  0.0009785
C  0  4   0  1  1 20   0.0050916  0.0161785  0.0139932  0.0130424  0.0108719  0.0063036 -0.0024894  0.0013728  0.0025025  0.0047133  0.0065547  0.0036135 -0.0050579 -0.0046952 -0.0040064  0.0035879
C  0  4   0  1  1 21  -0.0036702  0.0260729  0.0332718  0.0130969  0.0138426  0.0070762 -0.0012562  0.0061667  0.0086812  0.0157037 -0.0030804 -0.0086943 -0.0091110 -0.0226725 -0.0142872  0.0005448
