CPHI 16 
CETA 22 -2.40 -2.10 -1.85 -1.60 -1.40 -1.20 -1.00 -0.80 -0.60 -0.40 -0.20  0.00  0.20  0.40  0.60  0.80  1.00  1.20  1.40  1.60  1.85  2.10  2.40 
RMIN  6 
RTRK 12 
RETA 11  0.00  0.20  0.40  0.60  0.80  1.00  1.20  1.40  1.60  1.85  2.10  2.40 
T 0 4   1  0  0  0    0.0000000   0.0006174   0.0016774   0.0031880   0.0122719   0.0692370   0.2780276   0.6535433   1.0000000   1.0000000   1.0000000   1.0000000   1.0000000
T 0 4   1  0  0  1    0.0000000   0.0001354   0.0005459   0.0023920   0.0124343   0.0590489   0.2262877   0.5889114   1.0000000   1.0000000   1.0000000   1.0000000   1.0000000
T 0 4   1  0  0  2    0.0000000   0.0001294   0.0005243   0.0017488   0.0107047   0.0555296   0.2094740   0.5738720   1.0000000   1.0000000   1.0000000   1.0000000   1.0000000
T 0 4   1  0  0  3    0.0000000   0.0002015   0.0005867   0.0017170   0.0115356   0.0627351   0.2260086   0.5868161   1.0000000   1.0000000   1.0000000   1.0000000   1.0000000
T 0 4   1  0  0  4    0.0000000   0.0003907   0.0025396   0.0143279   0.0629528   0.2043776   0.4892906   0.8222971   1.0000000   1.0000000   1.0000000   1.0000000   1.0000000
T 0 4   1  0  0  5    0.0000000   0.0009833   0.0074319   0.0513680   0.2055027   0.5328830   0.8761381   0.9993922   1.0000000   1.0000000   1.0000000   1.0000000   1.0000000
T 0 4   1  0  0  6    0.0000000   0.0002959   0.0012101   0.0103076   0.0673314   0.2771700   0.6633683   0.9312166   0.9981963   0.9999994   1.0000000   1.0000000   1.0000000
T 0 4   1  0  0  7    0.0000000   0.0000583   0.0003953   0.0009066   0.0047834   0.0308238   0.1189337   0.2972425   0.5813239   0.8692031   0.9842107   0.9998683   1.0000000
T 0 4   1  0  0  8    0.0000000   0.0000019   0.0000351   0.0001224   0.0003944   0.0009957   0.0042109   0.0251107   0.1194546   0.3938732   0.7895316   0.9692909   1.0000000
T 0 4   1  0  0  9    0.0000000   0.0000072   0.0000100   0.0000333   0.0005408   0.0035534   0.0183417   0.0860144   0.3020499   0.6584964   0.9386042   0.9999342   1.0000000
T 0 4   1  0  0 10    0.0000000   0.0067141   0.0290557   0.0464353   0.0795622   0.1688626   0.3381590   0.6900122   0.9105257   0.9702516   0.9998314   1.0000000   1.0000000
T 0 4   1  1  0  0    0.0000000   0.0005148   0.0016399   0.0047460   0.0213440   0.1017716   0.3374237   0.6994022   1.0000000   1.0000000   1.0000000   1.0000000   1.0000000
T 0 4   1  1  0  1    0.0000000   0.0002633   0.0010891   0.0042307   0.0181163   0.0752157   0.2537985   0.6193956   1.0000000   1.0000000   1.0000000   1.0000000   1.0000000
T 0 4   1  1  0  2    0.0000000   0.0002194   0.0008486   0.0027728   0.0124455   0.0616642   0.2339277   0.6064318   1.0000000   1.0000000   1.0000000   1.0000000   1.0000000
T 0 4   1  1  0  3    0.0000000   0.0002283   0.0008669   0.0027852   0.0140251   0.0700545   0.2491207   0.6198491   1.0000000   1.0000000   1.0000000   1.0000000   1.0000000
T 0 4   1  1  0  4    0.0000000   0.0004356   0.0027620   0.0153929   0.0663357   0.2155446   0.5058694   0.8320271   1.0000000   1.0000000   1.0000000   1.0000000   1.0000000
T 0 4   1  1  0  5    0.0000000   0.0011873   0.0094478   0.0577925   0.2246261   0.5586818   0.8900123   0.9996500   1.0000000   1.0000000   1.0000000   1.0000000   1.0000000
T 0 4   1  1  0  6    0.0000000   0.0004626   0.0026649   0.0180020   0.0942133   0.3329130   0.7236541   0.9536823   0.9988141   0.9999984   1.0000000   1.0000000   1.0000000
T 0 4   1  1  0  7    0.0000000   0.0002246   0.0006446   0.0024765   0.0123245   0.0526267   0.1570011   0.3413836   0.6074237   0.8728054   0.9849908   0.9998878   1.0000000
T 0 4   1  1  0  8    0.0000000   0.0009562   0.0014955   0.0017998   0.0022382   0.0036136   0.0107994   0.0452511   0.1686405   0.4573475   0.8251665   0.9710661   1.0000000
T 0 4   1  1  0  9    0.0000000   0.0021003   0.0074838   0.0131257   0.0159362   0.0198461   0.0401951   0.1288935   0.3661962   0.7154288   0.9583841   0.9999941   1.0000000
T 0 4   1  1  0 10    0.0000000   0.0032254   0.0170235   0.0428863   0.0843736   0.1746921   0.3942474   0.7474223   0.9511020   0.9856143   0.9999985   1.0000000   1.0000000
R 0 4   1  0  0  0    0.0253576   0.0253576   0.0128287   0.0109595   0.0104595   0.0102026   0.0100150   0.0098581   0.0098581   0.0098581   0.0098581   0.0098581
R 0 4   1  0  0  1    0.0122798   0.0122798   0.0122798   0.0122798   0.0111934   0.0109503   0.0109754   0.0108621   0.0108621   0.0108621   0.0108621   0.0108621
R 0 4   1  0  0  2    0.0130097   0.0130097   0.0130097   0.0130097   0.0121884   0.0120291   0.0118600   0.0116981   0.0116981   0.0116981   0.0116981   0.0116981
R 0 4   1  0  0  3    0.0140471   0.0140471   0.0140471   0.0140471   0.0128436   0.0126149   0.0123856   0.0122570   0.0122570   0.0122570   0.0122570   0.0122570
R 0 4   1  0  0  4    0.0197239   0.0197239   0.0197239   0.0177018   0.0170027   0.0159123   0.0145108   0.0131235   0.0131235   0.0131235   0.0131235   0.0131235
R 0 4   1  0  0  5    0.0212935   0.0212935   0.0197325   0.0192336   0.0187752   0.0180916   0.0170218   0.0170218   0.0170218   0.0170218   0.0170218   0.0170218
R 0 4   1  0  0  6    0.0209098   0.0209098   0.0209098   0.0207367   0.0208473   0.0207490   0.0208824   0.0207785   0.0207785   0.0207785   0.0207785   0.0207785
R 0 4   1  0  0  7    0.0231029   0.0231029   0.0231029   0.0231029   0.0212789   0.0214481   0.0212900   0.0210390   0.0206293   0.0198029   0.0198029   0.0198029
R 0 4   1  0  0  8    0.0218674   0.0218674   0.0218674   0.0218674   0.0218674   0.0218674   0.0218674   0.0212585   0.0210625   0.0209894   0.0203586   0.0192185
R 0 4   1  0  0  9    0.0322194   0.0322194   0.0322194   0.0322194   0.0322194   0.0322194   0.0302407   0.0289090   0.0275300   0.0264879   0.0252806   0.0252806
R 0 4   1  0  0 10    0.0828094   0.0734940   0.0639626   0.0550960   0.0477775   0.0442456   0.0410102   0.0356627   0.0342561   0.0313162   0.0313162   0.0313162
R 0 4   1  0  1  0    0.0000000   0.0000000   0.0000000   0.0000837   0.0000868   0.0000820   0.0000736   0.0000663   0.0000663   0.0000663   0.0000663   0.0000663
R 0 4   1  0  1  1    0.0000874   0.0000874   0.0000874   0.0000874   0.0000711   0.0000724   0.0000636   0.0000574   0.0000574   0.0000574   0.0000574   0.0000574
R 0 4   1  0  1  2    0.0000752   0.0000752   0.0000752   0.0000752   0.0000719   0.0000660   0.0000612   0.0000537   0.0000537   0.0000537   0.0000537   0.0000537
R 0 4   1  0  1  3    0.0000851   0.0000851   0.0000851   0.0000851   0.0000713   0.0000603   0.0000560   0.0000501   0.0000501   0.0000501   0.0000501   0.0000501
R 0 4   1  0  1  4    0.0001461   0.0001461   0.0001461   0.0000977   0.0000948   0.0000759   0.0000557   0.0000462   0.0000462   0.0000462   0.0000462   0.0000462
R 0 4   1  0  1  5    0.0001217   0.0001217   0.0000859   0.0000774   0.0000698   0.0000620   0.0000474   0.0000474   0.0000474   0.0000474   0.0000474   0.0000474
R 0 4   1  0  1  6    0.0000762   0.0000762   0.0000762   0.0000570   0.0000623   0.0000598   0.0000569   0.0000346   0.0000346   0.0000346   0.0000346   0.0000346
R 0 4   1  0  1  7    0.0000925   0.0000925   0.0000925   0.0000925   0.0000873   0.0000769   0.0000748   0.0000768   0.0000760   0.0000592   0.0000592   0.0000592
R 0 4   1  0  1  8    0.0001249   0.0001249   0.0001249   0.0001249   0.0001249   0.0001249   0.0001249   0.0001174   0.0001061   0.0001022   0.0000919   0.0000743
R 0 4   1  0  1  9    0.0002936   0.0002936   0.0002936   0.0002936   0.0002936   0.0002936   0.0002312   0.0002043   0.0001854   0.0001543   0.0001428   0.0001428
R 0 4   1  0  1 10    0.0015181   0.0011873   0.0009508   0.0008022   0.0005915   0.0004904   0.0004008   0.0002669   0.0002108   0.0001759   0.0001759   0.0001759
R 0 4   1  0  2  0    0.0000000   0.0000000   0.0000000   0.0000000   0.0000152   0.0000186   0.0000200   0.0000113   0.0000113   0.0000113   0.0000113   0.0000113
R 0 4   1  0  2  1    0.0000000   0.0000000   0.0000000   0.0000000   0.0000000   0.0000228   0.0000152   0.0000206   0.0000206   0.0000206   0.0000206   0.0000206
R 0 4   1  0  2  2    0.0000495   0.0000495   0.0000495   0.0000495   0.0000661   0.0000216   0.0000169   0.0000194   0.0000194   0.0000194   0.0000194   0.0000194
R 0 4   1  0  2  3    0.0000562   0.0000562   0.0000562   0.0000562   0.0000308   0.0000152   0.0000207   0.0000129   0.0000129   0.0000129   0.0000129   0.0000129
R 0 4   1  0  2  4    0.0000000   0.0000000   0.0000000   0.0000000   0.0000147   0.0000196   0.0000163   0.0000199   0.0000199   0.0000199   0.0000199   0.0000199
R 0 4   1  0  2  5    0.0000000   0.0000000   0.0000000   0.0000117   0.0000281   0.0000232   0.0000142   0.0000142   0.0000142   0.0000142   0.0000142   0.0000142
R 0 4   1  0  2  6    0.0000000   0.0000000   0.0000000   0.0000000   0.0000120   0.0000106   0.0000000   0.0000205   0.0000205   0.0000205   0.0000205   0.0000205
R 0 4   1  0  2  7    0.0000000   0.0000000   0.0000000   0.0000000   0.0000493   0.0000000   0.0000000   0.0000090   0.0000080   0.0000216   0.0000216   0.0000216
R 0 4   1  0  2  8    0.0000000   0.0000000   0.0000000   0.0000000   0.0000000   0.0000000   0.0000000   0.0000000   0.0000071   0.0000151   0.0000000   0.0000000
R 0 4   1  0  2  9    0.0000000   0.0000000   0.0000000   0.0000000   0.0000000   0.0000000   0.0000490   0.0000558   0.0000189   0.0000409   0.0000273   0.0000273
R 0 4   1  0  2 10    0.0000000   0.0000000   0.0000000   0.0000000   0.0000000   0.0000347   0.0001158   0.0000659   0.0000000   0.0000000   0.0000000   0.0000000
R 0 4   1  0  3  0    1.0185752   1.0185752   0.9730174   0.9938465   0.9866111   0.9816501   0.9794860   0.9809680   0.9809680   0.9809680   0.9809680   0.9809680
R 0 4   1  0  3  1    0.9874918   0.9874918   0.9874918   0.9874918   0.9812849   0.9801172   0.9777362   0.9775172   0.9775172   0.9775172   0.9775172   0.9775172
R 0 4   1  0  3  2    0.9792031   0.9792031   0.9792031   0.9792031   0.9860243   0.9815029   0.9795184   0.9792736   0.9792736   0.9792736   0.9792736   0.9792736
R 0 4   1  0  3  3    0.9647168   0.9647168   0.9647168   0.9647168   0.9889196   0.9827124   0.9799382   0.9795942   0.9795942   0.9795942   0.9795942   0.9795942
R 0 4   1  0  3  4    0.9850899   0.9850899   0.9850899   0.9742220   0.9727058   0.9719693   0.9764460   0.9847584   0.9847584   0.9847584   0.9847584   0.9847584
R 0 4   1  0  3  5    0.9742167   0.9742167   0.9797687   0.9778423   0.9721759   0.9702757   0.9666938   0.9666938   0.9666938   0.9666938   0.9666938   0.9666938
R 0 4   1  0  3  6    0.9910704   0.9910704   0.9910704   0.9872980   0.9845700   0.9825550   0.9809284   0.9781278   0.9781278   0.9781278   0.9781278   0.9781278
R 0 4   1  0  3  7    0.9850652   0.9850652   0.9850652   0.9850652   1.0014833   0.9877099   0.9850462   0.9827328   0.9838966   0.9822704   0.9822704   0.9822704
R 0 4   1  0  3  8    0.9964525   0.9964525   0.9964525   0.9964525   0.9964525   0.9964525   0.9964525   0.9852100   0.9805731   0.9820512   0.9842054   0.9960336
R 0 4   1  0  3  9    0.9938683   0.9938683   0.9938683   0.9938683   0.9938683   0.9938683   0.9780573   0.9723155   0.9711929   0.9816809   0.9913241   0.9913241
R 0 4   1  0  3 10    1.0022430   1.0060789   0.9872552   0.9702340   0.9686171   0.9658809   0.9654667   0.9654785   0.9857022   0.9869029   0.9869029   0.9869029
R 0 4   1  0  4  0    1.4039125   1.4039125   1.3432729   2.1364098   2.2558784   2.2742600   2.2391155   2.2725239   2.2725239   2.2725239   2.2725239   2.2725239
R 0 4   1  0  4  1    1.9857343   1.9857343   1.9857343   1.9857343   2.1492003   2.2221295   2.2043136   2.2039982   2.2039982   2.2039982   2.2039982   2.2039982
R 0 4   1  0  4  2    1.9220204   1.9220204   1.9220204   1.9220204   2.1913168   2.2552653   2.2336295   2.2312460   2.2312460   2.2312460   2.2312460   2.2312460
R 0 4   1  0  4  3    1.7842984   1.7842984   1.7842984   1.7842984   2.2667117   2.2614437   2.2349628   2.2263351   2.2263351   2.2263351   2.2263351   2.2263351
R 0 4   1  0  4  4    1.8940085   1.8940085   1.8940085   2.0246645   2.0844427   2.0864670   2.2027658   2.3417947   2.3417947   2.3417947   2.3417947   2.3417947
R 0 4   1  0  4  5    1.7417255   1.7417255   2.0657532   2.1533597   2.0866076   2.0820313   2.0064541   2.0064541   2.0064541   2.0064541   2.0064541   2.0064541
R 0 4   1  0  4  6    1.9708768   1.9708768   1.9708768   2.2150665   2.3187158   2.3504693   2.3420744   2.2755350   2.2755350   2.2755350   2.2755350   2.2755350
R 0 4   1  0  4  7    1.7958309   1.7958309   1.7958309   1.7958309   2.2720912   2.3510397   2.3413014   2.3475745   2.3855099   2.3473753   2.3473753   2.3473753
R 0 4   1  0  4  8    2.2394800   2.2394800   2.2394800   2.2394800   2.2394800   2.2394800   2.2394800   2.2466550   2.2245393   2.2688638   2.3094296   2.2989811
R 0 4   1  0  4  9    2.0876519   2.0876519   2.0876519   2.0876519   2.0876519   2.0876519   2.0440754   2.0564320   2.0417237   2.1987774   2.1982815   2.1982815
R 0 4   1  0  4 10    2.0059617   2.2206959   1.9797509   1.9006288   1.9778816   1.9626679   1.9571380   1.9375972   2.0789878   2.0207044   2.0207044   2.0207044
R 0 4   1  0  5  0   11.8606316  11.8606316   7.7902920   3.4474174   3.6390051   3.8614134   4.2304826   3.9271455   3.9271455   3.9271455   3.9271455   3.9271455
R 0 4   1  0  5  1    3.8991733   3.8991733   3.8991733   3.8991733   4.1143745   4.0612789   4.3725416   4.3288681   4.3288681   4.3288681   4.3288681   4.3288681
R 0 4   1  0  5  2    3.9166930   3.9166930   3.9166930   3.9166930   4.2547596   4.0408249   4.1359733   4.3113247   4.3113247   4.3113247   4.3113247   4.3113247
R 0 4   1  0  5  3    5.0220684   5.0220684   5.0220684   5.0220684   3.8534532   4.0308341   4.2964192   4.3514493   4.3514493   4.3514493   4.3514493   4.3514493
R 0 4   1  0  5  4    5.0742067   5.0742067   5.0742067   4.9907009   5.1465742   5.0100413   3.9583540   3.2190971   3.2190971   3.2190971   3.2190971   3.2190971
R 0 4   1  0  5  5    4.6758176   4.6758176   4.9678795   4.6449118   5.3305322   4.7112631   4.1277099   4.1277099   4.1277099   4.1277099   4.1277099   4.1277099
R 0 4   1  0  5  6    3.1695596   3.1695596   3.1695596   4.0018526   3.4542524   2.9629401   2.3993695   2.0087529   2.0087529   2.0087529   2.0087529   2.0087529
R 0 4   1  0  5  7    4.1378695   4.1378695   4.1378695   4.1378695   3.7415249   3.1214540   2.9435719   2.8796419   2.5792144   2.0865178   2.0865178   2.0865178
R 0 4   1  0  5  8    3.8696863   3.8696863   3.8696863   3.8696863   3.8696863   3.8696863   3.8696863   4.4509807   4.6225551   4.2586199   3.5083817   3.9612584
R 0 4   1  0  5  9    4.7018172   4.7018172   4.7018172   4.7018172   4.7018172   4.7018172   6.7168083   6.0925944   6.6696568   5.4532708   5.7217762   5.7217762
R 0 4   1  0  5 10    5.7473704   4.1720920   4.3599276   5.5884076   5.3803109   6.6671214   8.0193894   8.7655481   6.4724929   6.8947851   6.8947851   6.8947851
F  0  4   1  0  0  0    1.0092477   1.0285163   0.9907377   1.0005626   0.9741179   0.9968334   0.9933462   0.9896354   0.9899494   0.9848999   0.9818794
F  0  4   1  1  0  0    1.0754660   1.0840183   1.0635221   1.0659910   1.0519172   1.0756765   1.0713553   1.0561699   1.0402481   1.0632391   1.0832072
C  0  4   1  0  0  0  -0.2580619 -0.1159264 -0.1802893 -0.3897480 -0.2657349 -0.1626579 -0.1576897 -0.1898265 -0.2578610 -0.1580843 -0.2448234 -0.1620234 -0.1947058 -0.3172645 -0.3347530 -0.0418791
C  0  4   1  0  0  1  -0.0626270 -0.1594234 -0.1366528 -0.1206488 -0.1396288 -0.0978938 -0.1524268 -0.1261711 -0.0441255 -0.1316245 -0.0218280 -0.1045877 -0.1583409 -0.1342719 -0.2003261 -0.0432013
C  0  4   1  0  0  2  -0.1137085 -0.1070804 -0.1139573 -0.1314270 -0.0156600 -0.0543956 -0.0836303 -0.0944273 -0.0193604 -0.0743565 -0.0466578 -0.0673608 -0.1253481 -0.0598745 -0.0351635 -0.1000566
C  0  4   1  0  0  3  -0.0588671 -0.0789500 -0.1294413 -0.0285180  0.0291301 -0.1345572 -0.0912742 -0.0256316 -0.0425434 -0.0213386 -0.1082004 -0.0596228 -0.1520554 -0.1084997 -0.1017448 -0.0114292
C  0  4   1  0  0  4  -0.0862888 -0.0875039 -0.0492958 -0.0895745 -0.1020298 -0.0866916 -0.0483318 -0.0439419 -0.0361948 -0.0303818 -0.0621637 -0.0377646 -0.1263976 -0.1157416 -0.0251157 -0.0685222
C  0  4   1  0  0  5  -0.0236741  0.0100821 -0.0722281  0.0540964 -0.0115162 -0.0276719 -0.0333929 -0.0171061  0.0402093 -0.0142017 -0.0043323 -0.0066880 -0.0376849  0.0246341  0.0752038 -0.0576990
C  0  4   1  0  0  6  -0.0107429  0.0784790  0.0322198 -0.0006084 -0.0062483  0.0232853 -0.0411607 -0.0742775 -0.0300739 -0.0422719  0.0047556  0.0199686 -0.0639573 -0.0027233 -0.0477919  0.0809835
C  0  4   1  0  0  7  -0.0453973  0.0104817  0.0115770 -0.0114197  0.0045247  0.0431302  0.0241038  0.0006809 -0.0278189 -0.0200532  0.0629427 -0.0385720  0.0053394 -0.0280804 -0.0306527  0.0186285
C  0  4   1  0  0  8  -0.0121228  0.0030421  0.0391734  0.0261135 -0.0128995  0.0347859  0.0026546 -0.0234812  0.0074003  0.0287673 -0.0167185  0.0050376 -0.0062650  0.0578054 -0.0590511 -0.0138742
C  0  4   1  0  0  9  -0.0439187  0.0259524 -0.0121985  0.0416517  0.0294337  0.0366664 -0.0046135  0.0320501 -0.0407906  0.0094250  0.0472640  0.0381300 -0.0116936  0.0517086 -0.0130700  0.0481420
C  0  4   1  0  0 10  -0.0231661  0.0100351  0.0418250  0.0600395  0.0031724  0.0036399 -0.0381827 -0.0268899  0.0130526 -0.0540311  0.0117164 -0.0014883 -0.0365395  0.0507956  0.0135574  0.0475873
C  0  4   1  0  0 11  -0.0492304  0.0308156 -0.0420797  0.0522972  0.0198362  0.0562645  0.0464156  0.0874616  0.0133535  0.0322505  0.0201983 -0.0206617 -0.0009763  0.0187009  0.0003332 -0.0028438
C  0  4   1  0  0 12   0.0565554 -0.0134928  0.0006800  0.0076862  0.0107732  0.0287446 -0.0232990 -0.0092039 -0.0049039  0.0630272  0.0139293 -0.0017832 -0.0570247 -0.0009493  0.0203436  0.0223949
C  0  4   1  0  0 13  -0.0330031 -0.0013600  0.0337553  0.0040794 -0.0009010 -0.0205811  0.0175919 -0.0044365  0.0312886  0.0364316 -0.0198017  0.0163078 -0.0096066  0.0153272 -0.0090052  0.0080160
C  0  4   1  0  0 14  -0.0322343 -0.0057041 -0.0240684 -0.0087730 -0.0102906 -0.0073531 -0.0037616  0.0104429 -0.0255103 -0.0202039  0.0711995 -0.0547623  0.0213341  0.0315764 -0.0078279 -0.0608323
C  0  4   1  0  0 15  -0.0720702 -0.0435125 -0.0130542  0.0250333  0.0286737 -0.0578521 -0.0053365  0.0198005  0.0043909 -0.0125378 -0.0200428 -0.1034623 -0.0088342  0.0085730 -0.0751255  0.0060386
C  0  4   1  0  0 16   0.0884838  0.0250569 -0.0130843  0.0116608 -0.0283966 -0.0891997 -0.0265362  0.0006374 -0.0700537  0.1133546  0.0122611 -0.0597934 -0.0703627 -0.0095019 -0.0845640 -0.0091309
C  0  4   1  0  0 17  -0.0880132 -0.0840881 -0.1221580 -0.1039953 -0.1254510 -0.0425005 -0.0535395 -0.0094704 -0.0245318 -0.0682381 -0.0027102 -0.0158058 -0.1003943 -0.1472371 -0.0513092 -0.0156557
C  0  4   1  0  0 18  -0.1428193 -0.0435857 -0.0159869 -0.0541692 -0.1490322 -0.0449667 -0.0568031 -0.0359923 -0.0522575 -0.0206323 -0.0300084 -0.0891818 -0.0407241 -0.0049801 -0.1555148 -0.0086687
C  0  4   1  0  0 19   0.0219149 -0.0895999 -0.2072201 -0.0211320 -0.1126918 -0.0670365 -0.1313433 -0.0397477 -0.1175718 -0.0609461 -0.0733363 -0.0863377 -0.0691467 -0.0608643 -0.0581127 -0.0971882
C  0  4   1  0  0 20  -0.1029308 -0.0706543 -0.0575382 -0.0594251 -0.1480869 -0.1450747 -0.1799356 -0.1395195 -0.1520775 -0.1967142 -0.1585362  0.0067187 -0.0293801 -0.1679702 -0.1548093 -0.1588208
C  0  4   1  0  0 21  -0.1977072 -0.1999121 -0.3250670 -0.1718789 -0.2005119 -0.1724356 -0.2528361 -0.0717960 -0.1848797 -0.1169229 -0.1970351 -0.2845276 -0.3461290 -0.3869285 -0.2489724 -0.2627449
C  0  4   1  0  1  0  -0.0018587 -0.0002222 -0.0004912 -0.0019056 -0.0029453  0.0025261  0.0006823  0.0006725  0.0019791 -0.0005977 -0.0033885  0.0032877  0.0057462  0.0046134  0.0054592  0.0063151
C  0  4   1  0  1  1   0.0011498  0.0009830 -0.0020957 -0.0027499 -0.0007840 -0.0019401  0.0043630  0.0008571  0.0022833 -0.0015110 -0.0016338 -0.0024354  0.0026916  0.0041237  0.0020477  0.0023706
C  0  4   1  0  1  2   0.0027930 -0.0009237 -0.0001162  0.0001267 -0.0018532  0.0009570  0.0001648  0.0006523 -0.0011612  0.0011048 -0.0016596 -0.0017318  0.0016859 -0.0007509  0.0002467 -0.0001884
C  0  4   1  0  1  3   0.0025406 -0.0001038  0.0004202 -0.0018833 -0.0009330  0.0016735  0.0020633 -0.0012715 -0.0024054 -0.0020918 -0.0010922 -0.0015012  0.0006603 -0.0010836  0.0002510  0.0023449
C  0  4   1  0  1  4   0.0025034 -0.0003953 -0.0008646  0.0023158  0.0010560 -0.0010185  0.0015877 -0.0001077  0.0009702  0.0007546 -0.0006322 -0.0016742  0.0017964 -0.0003863 -0.0000796 -0.0023857
C  0  4   1  0  1  5   0.0013616  0.0008812 -0.0018588  0.0016124  0.0002553 -0.0006346 -0.0005845  0.0005994 -0.0000362  0.0004210  0.0017332 -0.0013078  0.0002908  0.0000396  0.0003896 -0.0009008
C  0  4   1  0  1  6   0.0022075 -0.0002055 -0.0005857  0.0005068  0.0007988 -0.0002414 -0.0009729 -0.0004635  0.0005846 -0.0011405 -0.0003851 -0.0001210 -0.0009943 -0.0022541  0.0013865 -0.0007182
C  0  4   1  0  1  7   0.0019735 -0.0001264  0.0008221  0.0003893  0.0020252  0.0009199 -0.0013832  0.0001568  0.0009241 -0.0012227  0.0013310 -0.0015590 -0.0008904 -0.0001307  0.0000328  0.0001763
C  0  4   1  0  1  8   0.0015803  0.0010415  0.0002524 -0.0005587  0.0012457  0.0011074  0.0009940  0.0001748  0.0018450  0.0001319 -0.0000069 -0.0013040 -0.0004932  0.0006888  0.0001310  0.0008066
C  0  4   1  0  1  9  -0.0018750  0.0008669  0.0016329  0.0001612  0.0002951  0.0003485  0.0007739  0.0007960 -0.0007327 -0.0014798 -0.0027890 -0.0007320 -0.0011521  0.0000854 -0.0012983  0.0006643
C  0  4   1  0  1 10   0.0007825  0.0002592  0.0014247  0.0017153  0.0016174 -0.0003066  0.0005618 -0.0002737 -0.0019390 -0.0016997 -0.0002266 -0.0008649 -0.0012133 -0.0007811  0.0000173  0.0011398
C  0  4   1  0  1 11   0.0002285  0.0002992  0.0003251  0.0008641  0.0000902  0.0004090 -0.0022144 -0.0013771 -0.0026445  0.0000887 -0.0002003 -0.0013663  0.0007416 -0.0001578 -0.0003142 -0.0005989
C  0  4   1  0  1 12   0.0004290 -0.0001339  0.0002743 -0.0005478  0.0006929 -0.0005271  0.0011658 -0.0001953  0.0003897 -0.0000365 -0.0000739  0.0017762  0.0002016 -0.0001242  0.0002215  0.0012894
C  0  4   1  0  1 13   0.0026077 -0.0012488  0.0004865  0.0018059  0.0024204  0.0007250 -0.0007776  0.0006594 -0.0002973 -0.0013069 -0.0008951 -0.0018615 -0.0007797  0.0010247  0.0003044  0.0015166
C  0  4   1  0  1 14   0.0019371  0.0004666  0.0022632  0.0014295  0.0016760  0.0017045 -0.0005875  0.0012835  0.0000934  0.0005922  0.0002063  0.0003012  0.0005342  0.0004195 -0.0005490  0.0021563
C  0  4   1  0  1 15   0.0015826  0.0000645 -0.0002937  0.0005941  0.0007444  0.0018715  0.0008554 -0.0010163  0.0006841 -0.0008717 -0.0004613  0.0009975 -0.0000267  0.0007042  0.0005791  0.0004300
C  0  4   1  0  1 16   0.0021955  0.0025158  0.0012583  0.0013588 -0.0004869  0.0023106  0.0007546  0.0000349  0.0007466 -0.0008749  0.0007743  0.0002213 -0.0001751  0.0013100  0.0023587  0.0019069
C  0  4   1  0  1 17   0.0006474 -0.0013533  0.0000422  0.0032995  0.0014239  0.0031120  0.0022276  0.0020760 -0.0002023  0.0030940  0.0016558 -0.0003399  0.0012152 -0.0009448  0.0047686  0.0044546
C  0  4   1  0  1 18   0.0055098  0.0043779  0.0020836  0.0010853  0.0001078  0.0019736  0.0043734  0.0011473 -0.0007517  0.0015835  0.0037178  0.0018708 -0.0000147  0.0000442  0.0059748  0.0049857
C  0  4   1  0  1 19   0.0025634  0.0024627  0.0011626  0.0019355  0.0007346  0.0015354  0.0029858  0.0014518  0.0033045  0.0030664 -0.0003774  0.0004740  0.0017084  0.0020495  0.0035228  0.0045389
C  0  4   1  0  1 20   0.0054834  0.0055039  0.0046028  0.0037523  0.0015070  0.0040562  0.0028810  0.0040159  0.0032282  0.0036417  0.0000199 -0.0015722  0.0027938  0.0038812  0.0052759  0.0057441
C  0  4   1  0  1 21   0.0129857  0.0125575  0.0062714  0.0017796 -0.0030750 -0.0052321 -0.0083179 -0.0009940 -0.0022122 -0.0030067 -0.0002488  0.0051081  0.0017678  0.0055051  0.0097018  0.0042980
C  0  4   1  1  0  0  -0.4868541 -0.3682020 -0.3770526 -0.2700094 -0.3045647 -0.3728554 -0.4099182 -0.3220762 -0.3926491 -0.3068743 -0.4571092 -0.4786227 -0.3075741 -0.5425495 -0.5054589 -0.4760317
C  0  4   1  1  0  1  -0.2772718 -0.3221042 -0.2314590 -0.2924895 -0.3220313 -0.2569015 -0.2264242 -0.2347283 -0.2692136 -0.2598171 -0.2675202 -0.2989904 -0.3369526 -0.3761149 -0.3461445 -0.3125954
C  0  4   1  1  0  2  -0.3044575 -0.2661580 -0.2774838 -0.3290900 -0.2843205 -0.2840061 -0.2200313 -0.2801978 -0.2601469 -0.2468444 -0.2933802 -0.2874125 -0.3520208 -0.3266482 -0.2490114 -0.3273300
C  0  4   1  1  0  3  -0.2760894 -0.2680393 -0.2917625 -0.2381483 -0.2893713 -0.2014067 -0.2348348 -0.1717932 -0.2244144 -0.2157146 -0.2523243 -0.2441099 -0.2838470 -0.2649491 -0.3223912 -0.2802496
C  0  4   1  1  0  4  -0.2393649 -0.2238231 -0.2323388 -0.2134580 -0.2141184 -0.1937199 -0.2217629 -0.2126421 -0.2162091 -0.2161280 -0.1675077 -0.2900532 -0.2787944 -0.2333219 -0.2748977 -0.2884477
C  0  4   1  1  0  5  -0.1783347 -0.2047310 -0.1759898 -0.1691711 -0.1575167 -0.1600651 -0.1615121 -0.1694220 -0.1576273 -0.1509497 -0.1346498 -0.2033961 -0.2197270 -0.1557974 -0.1514358 -0.1623486
C  0  4   1  1  0  6  -0.1337476 -0.1383479 -0.2045198 -0.1643704 -0.1386981 -0.1156450 -0.1198572 -0.1368754 -0.1406356 -0.1129947 -0.1315130 -0.1340781 -0.1350459 -0.1415652 -0.1848907 -0.1773355
C  0  4   1  1  0  7  -0.1541958 -0.1757834 -0.1572602 -0.1435387 -0.1560182 -0.1522655 -0.1875464 -0.1812329 -0.1518264 -0.1278207 -0.0989558 -0.1468353 -0.1440919 -0.1666294 -0.1757996 -0.1116739
C  0  4   1  1  0  8  -0.1687446 -0.1077624 -0.1681845 -0.1648520 -0.1649777 -0.1289264 -0.1301373 -0.1608117 -0.1962813 -0.1496390 -0.1358333 -0.1840604 -0.1394100 -0.1696621 -0.1283959 -0.1072729
C  0  4   1  1  0  9  -0.1445598 -0.1096459 -0.1173823 -0.1692244 -0.1367834 -0.1149750 -0.1398899 -0.1923703 -0.1652143 -0.1604192 -0.0980276 -0.1659341 -0.1557135 -0.1175922 -0.1484354 -0.1301200
C  0  4   1  1  0 10  -0.1351619 -0.1203776 -0.1055548 -0.1231964 -0.1214038 -0.1163053 -0.1318725 -0.1372938 -0.0967978 -0.1329433 -0.1231183 -0.1197359 -0.1108852 -0.1405324 -0.1171617 -0.1044756
C  0  4   1  1  0 11  -0.1491667 -0.1076651 -0.1331916 -0.1071985 -0.1097262 -0.0827957 -0.1291227 -0.1563460 -0.1441386 -0.1077429 -0.1114841 -0.1105970 -0.1157085 -0.1453151 -0.0752074 -0.1117959
C  0  4   1  1  0 12  -0.1431417 -0.1080741 -0.1585290 -0.1496871 -0.1784569 -0.1429278 -0.1620177 -0.2242909 -0.1399658 -0.1614583 -0.1664427 -0.1749954 -0.1173648 -0.1364231 -0.1284420 -0.1275724
C  0  4   1  1  0 13  -0.0704763 -0.1594562 -0.1397465 -0.1311466 -0.1121524 -0.1593678 -0.1750517 -0.1483558 -0.1430951 -0.1089853 -0.1291737 -0.1364364 -0.1554380 -0.1325844 -0.1514581 -0.1145201
C  0  4   1  1  0 14  -0.1348136 -0.1300113 -0.1462423 -0.1645343 -0.1690311 -0.1407570 -0.1595204 -0.2222704 -0.1651788 -0.1701271 -0.1787057 -0.1548449 -0.1601787 -0.1004176 -0.1255525 -0.2077453
C  0  4   1  1  0 15  -0.1007659 -0.1407267 -0.1342754 -0.1332622 -0.1263746 -0.1591802 -0.1641408 -0.1254430 -0.1644588 -0.1441240 -0.1320717 -0.1465732 -0.1525268 -0.1747897 -0.0877540 -0.1288024
C  0  4   1  1  0 16  -0.1506224 -0.1326401 -0.1133508 -0.1366365 -0.1717723 -0.1983495 -0.2333273 -0.2112142 -0.1214912 -0.2403388 -0.1719074 -0.1073186 -0.1398058 -0.1585978 -0.1253352 -0.0869639
C  0  4   1  1  0 17  -0.1945173 -0.2313441 -0.1683205 -0.2730412 -0.2099040 -0.2234408 -0.2701904 -0.2569187 -0.2213104 -0.2477971 -0.1878597 -0.1831484 -0.2143606 -0.2442914 -0.2110236 -0.1976585
C  0  4   1  1  0 18  -0.1986819 -0.2836094 -0.2435087 -0.2025629 -0.2476349 -0.2801778 -0.2130321 -0.3110668 -0.2354181 -0.2302263 -0.2522463 -0.2650855 -0.2600261 -0.2272044 -0.2397603 -0.2331097
C  0  4   1  1  0 19  -0.2254142 -0.2983515 -0.2655514 -0.3023616 -0.2574350 -0.2659538 -0.2649725 -0.2295366 -0.2635762 -0.2158899 -0.2194689 -0.2379960 -0.2584787 -0.2348502 -0.2254168 -0.1959999
C  0  4   1  1  0 20  -0.2081108 -0.2935453 -0.3348192 -0.2766290 -0.3021322 -0.2297803 -0.3011311 -0.3012171 -0.3441896 -0.3188097 -0.2988740 -0.2858817 -0.2855591 -0.2935510 -0.2791247 -0.3222784
C  0  4   1  1  0 21  -0.4546272 -0.3351095 -0.3067511 -0.4703177 -0.3067865 -0.3023228 -0.4146106 -0.2994442 -0.3618853 -0.3482620 -0.3773128 -0.3788176 -0.3392309 -0.3402824 -0.3442980 -0.3049047
C  0  4   1  1  1  0   0.0459513  0.0508025  0.0388460  0.0244663  0.0008679 -0.0184976 -0.0357410 -0.0390137 -0.0442623 -0.0337063 -0.0298257 -0.0206566  0.0043374  0.0061023  0.0242800  0.0369805
C  0  4   1  1  1  1   0.0256208  0.0229925  0.0180662  0.0121602  0.0022592 -0.0084637 -0.0144659 -0.0182409 -0.0173134 -0.0141059 -0.0134672 -0.0079047  0.0030360  0.0088395  0.0122030  0.0236917
C  0  4   1  1  1  2   0.0132208  0.0139491  0.0086496  0.0060307  0.0023015 -0.0024063 -0.0079579 -0.0084937 -0.0087776 -0.0055184 -0.0054331 -0.0024479  0.0008714  0.0028062  0.0034199  0.0107071
C  0  4   1  1  1  3   0.0082728  0.0062680  0.0027577  0.0045253  0.0025250  0.0008511 -0.0032528 -0.0013744  0.0006020  0.0007946 -0.0010925 -0.0010670  0.0018569  0.0029241  0.0022277  0.0072461
C  0  4   1  1  1  4   0.0018724  0.0024564  0.0003080  0.0011521  0.0042353  0.0029645  0.0005246  0.0030297  0.0049910  0.0030117  0.0006641 -0.0003002  0.0019422  0.0027390  0.0034866  0.0029288
C  0  4   1  1  1  5   0.0016564  0.0001341 -0.0000734  0.0019913  0.0026285  0.0029350  0.0027669  0.0038042  0.0040739  0.0022226 -0.0008202 -0.0006610  0.0021944  0.0014663  0.0018940  0.0003345
C  0  4   1  1  1  6   0.0003490  0.0008566  0.0009821  0.0039430  0.0046838  0.0036120  0.0043832  0.0050603  0.0034051  0.0004038  0.0003141  0.0008190 -0.0003947  0.0005228  0.0004819 -0.0005523
C  0  4   1  1  1  7  -0.0011344  0.0023517  0.0019965  0.0037907  0.0037127  0.0041128  0.0064914  0.0034582  0.0028986  0.0011495 -0.0007025  0.0002857  0.0004912  0.0012042  0.0015927 -0.0017705
C  0  4   1  1  1  8  -0.0013650  0.0008562  0.0017946  0.0015896  0.0040806  0.0032559  0.0044145  0.0044809  0.0049052  0.0024530  0.0006498 -0.0002156  0.0008474  0.0010161  0.0018694 -0.0005704
C  0  4   1  1  1  9   0.0015641  0.0029682  0.0019433  0.0030017  0.0023410  0.0027192  0.0034625  0.0034328  0.0021016  0.0000668  0.0019282  0.0003967  0.0017999  0.0004828  0.0007647 -0.0010431
C  0  4   1  1  1 10   0.0001698  0.0023207  0.0012088  0.0016910  0.0019315  0.0025175  0.0026071  0.0024053  0.0034313 -0.0005868 -0.0000892  0.0003151 -0.0010098  0.0007122  0.0012066 -0.0012831
C  0  4   1  1  1 11   0.0002991  0.0014825  0.0013800  0.0023415  0.0019905  0.0004388  0.0012534  0.0026232  0.0031775  0.0012824 -0.0012389  0.0001863  0.0003798 -0.0004876  0.0005893 -0.0011110
C  0  4   1  1  1 12   0.0001848  0.0020045  0.0033208  0.0033391  0.0012951  0.0012336  0.0014591  0.0029831  0.0041180  0.0007978  0.0000956  0.0012534 -0.0001119 -0.0000803  0.0011144 -0.0010420
C  0  4   1  1  1 13   0.0004456  0.0019081  0.0029868  0.0036436  0.0030786  0.0017114  0.0035083  0.0061578  0.0046760  0.0012060  0.0014326 -0.0007835 -0.0009521 -0.0025078 -0.0006646 -0.0017619
C  0  4   1  1  1 14  -0.0000144  0.0007203  0.0022678  0.0037543  0.0032931  0.0025064  0.0036158  0.0053723  0.0052341  0.0007524  0.0016898 -0.0015986 -0.0022141 -0.0021289 -0.0015897 -0.0032233
C  0  4   1  1  1 15  -0.0011486 -0.0002236  0.0024589  0.0033051  0.0024197  0.0001090  0.0025314  0.0020868  0.0059137  0.0025675  0.0018211 -0.0000605 -0.0024779 -0.0044342 -0.0044569 -0.0054477
C  0  4   1  1  1 16  -0.0006736  0.0014266  0.0035206  0.0042774  0.0022684  0.0000846  0.0031269  0.0029953  0.0035380  0.0058099  0.0025302  0.0020614 -0.0008986 -0.0019247 -0.0057710 -0.0047024
C  0  4   1  1  1 17  -0.0032217  0.0030135  0.0031068  0.0066491  0.0020760 -0.0015267 -0.0000187  0.0036706  0.0045767  0.0056378  0.0045010  0.0018451 -0.0014534 -0.0036046 -0.0046343 -0.0045503
C  0  4   1  1  1 18   0.0011675  0.0089989  0.0050660  0.0066889  0.0049526  0.0014984 -0.0011196  0.0000206  0.0030892  0.0035100  0.0025861  0.0012669 -0.0017586 -0.0032299 -0.0056060 -0.0031630
C  0  4   1  1  1 19   0.0010860  0.0091726  0.0109793  0.0095816  0.0069673  0.0025136 -0.0019157  0.0001826  0.0037153  0.0048111  0.0036090 -0.0002548 -0.0030175 -0.0038634 -0.0051633 -0.0013297
C  0  4   1  1  1 20   0.0019913  0.0135922  0.0171149  0.0131115  0.0064647  0.0033103 -0.0026882 -0.0010728  0.0018501  0.0047666  0.0010160 -0.0023934 -0.0074138 -0.0085824 -0.0045446 -0.0046172
C  0  4   1  1  1 21   0.0063014  0.0227969  0.0303250  0.0206822  0.0129412  0.0168389  0.0101438  0.0095901  0.0121935  0.0145047 -0.0008460 -0.0025706 -0.0079035 -0.0194072 -0.0074999  0.0008816
