CPHI 16 
CETA 22 -2.40 -2.10 -1.85 -1.60 -1.40 -1.20 -1.00 -0.80 -0.60 -0.40 -0.20  0.00  0.20  0.40  0.60  0.80  1.00  1.20  1.40  1.60  1.85  2.10  2.40 
RMIN  6 
RTRK 12 
RETA 11  0.00  0.20  0.40  0.60  0.80  1.00  1.20  1.40  1.60  1.85  2.10  2.40 
T 0 4   4  0  0  0    0.0000000   0.0006174   0.0016774   0.0031880   0.0122719   0.0692370   0.2780276   0.6535433   1.0000000   1.0000000   1.0000000   1.0000000   1.0000000
T 0 4   4  0  0  1    0.0000000   0.0001354   0.0005459   0.0023920   0.0124343   0.0590489   0.2262877   0.5889114   1.0000000   1.0000000   1.0000000   1.0000000   1.0000000
T 0 4   4  0  0  2    0.0000000   0.0001294   0.0005243   0.0017488   0.0107047   0.0555296   0.2094740   0.5738720   1.0000000   1.0000000   1.0000000   1.0000000   1.0000000
T 0 4   4  0  0  3    0.0000000   0.0002015   0.0005867   0.0017170   0.0115356   0.0627351   0.2260086   0.5868161   1.0000000   1.0000000   1.0000000   1.0000000   1.0000000
T 0 4   4  0  0  4    0.0000000   0.0003907   0.0025396   0.0143279   0.0629528   0.2043776   0.4892906   0.8222971   1.0000000   1.0000000   1.0000000   1.0000000   1.0000000
T 0 4   4  0  0  5    0.0000000   0.0009833   0.0074319   0.0513680   0.2055027   0.5328830   0.8761381   0.9993922   1.0000000   1.0000000   1.0000000   1.0000000   1.0000000
T 0 4   4  0  0  6    0.0000000   0.0002959   0.0012101   0.0103076   0.0673314   0.2771700   0.6633683   0.9312166   0.9981963   0.9999994   1.0000000   1.0000000   1.0000000
T 0 4   4  0  0  7    0.0000000   0.0000583   0.0003953   0.0009066   0.0047834   0.0308238   0.1189337   0.2972425   0.5813239   0.8692031   0.9842107   0.9998683   1.0000000
T 0 4   4  0  0  8    0.0000000   0.0000019   0.0000351   0.0001224   0.0003944   0.0009957   0.0042109   0.0251107   0.1194546   0.3938732   0.7895316   0.9692909   1.0000000
T 0 4   4  0  0  9    0.0000000   0.0000072   0.0000100   0.0000333   0.0005408   0.0035534   0.0183417   0.0860144   0.3020499   0.6584964   0.9386042   0.9999342   1.0000000
T 0 4   4  0  0 10    0.0000000   0.0067141   0.0290557   0.0464353   0.0795622   0.1688626   0.3381590   0.6900122   0.9105257   0.9702516   0.9998314   1.0000000   1.0000000
T 0 4   4  1  0  0    0.0000000   0.0005148   0.0016399   0.0047460   0.0213440   0.1017716   0.3374237   0.6994022   1.0000000   1.0000000   1.0000000   1.0000000   1.0000000
T 0 4   4  1  0  1    0.0000000   0.0002633   0.0010891   0.0042307   0.0181163   0.0752157   0.2537985   0.6193956   1.0000000   1.0000000   1.0000000   1.0000000   1.0000000
T 0 4   4  1  0  2    0.0000000   0.0002194   0.0008486   0.0027728   0.0124455   0.0616642   0.2339277   0.6064318   1.0000000   1.0000000   1.0000000   1.0000000   1.0000000
T 0 4   4  1  0  3    0.0000000   0.0002283   0.0008669   0.0027852   0.0140251   0.0700545   0.2491207   0.6198491   1.0000000   1.0000000   1.0000000   1.0000000   1.0000000
T 0 4   4  1  0  4    0.0000000   0.0004356   0.0027620   0.0153929   0.0663357   0.2155446   0.5058694   0.8320271   1.0000000   1.0000000   1.0000000   1.0000000   1.0000000
T 0 4   4  1  0  5    0.0000000   0.0011873   0.0094478   0.0577925   0.2246261   0.5586818   0.8900123   0.9996500   1.0000000   1.0000000   1.0000000   1.0000000   1.0000000
T 0 4   4  1  0  6    0.0000000   0.0004626   0.0026649   0.0180020   0.0942133   0.3329130   0.7236541   0.9536823   0.9988141   0.9999984   1.0000000   1.0000000   1.0000000
T 0 4   4  1  0  7    0.0000000   0.0002246   0.0006446   0.0024765   0.0123245   0.0526267   0.1570011   0.3413836   0.6074237   0.8728054   0.9849908   0.9998878   1.0000000
T 0 4   4  1  0  8    0.0000000   0.0009562   0.0014955   0.0017998   0.0022382   0.0036136   0.0107994   0.0452511   0.1686405   0.4573475   0.8251665   0.9710661   1.0000000
T 0 4   4  1  0  9    0.0000000   0.0021003   0.0074838   0.0131257   0.0159362   0.0198461   0.0401951   0.1288935   0.3661962   0.7154288   0.9583841   0.9999941   1.0000000
T 0 4   4  1  0 10    0.0000000   0.0032254   0.0170235   0.0428863   0.0843736   0.1746921   0.3942474   0.7474223   0.9511020   0.9856143   0.9999985   1.0000000   1.0000000
R 0 4   4  0  0  0    0.0253576   0.0253576   0.0128287   0.0109595   0.0104595   0.0102026   0.0100150   0.0098581   0.0098581   0.0098581   0.0098581   0.0098581
R 0 4   4  0  0  1    0.0122798   0.0122798   0.0122798   0.0122798   0.0111934   0.0109503   0.0109754   0.0108621   0.0108621   0.0108621   0.0108621   0.0108621
R 0 4   4  0  0  2    0.0130097   0.0130097   0.0130097   0.0130097   0.0121884   0.0120291   0.0118600   0.0116981   0.0116981   0.0116981   0.0116981   0.0116981
R 0 4   4  0  0  3    0.0140471   0.0140471   0.0140471   0.0140471   0.0128436   0.0126149   0.0123856   0.0122570   0.0122570   0.0122570   0.0122570   0.0122570
R 0 4   4  0  0  4    0.0197239   0.0197239   0.0197239   0.0177018   0.0170027   0.0159123   0.0145108   0.0131235   0.0131235   0.0131235   0.0131235   0.0131235
R 0 4   4  0  0  5    0.0212935   0.0212935   0.0197325   0.0192336   0.0187752   0.0180916   0.0170218   0.0170218   0.0170218   0.0170218   0.0170218   0.0170218
R 0 4   4  0  0  6    0.0209098   0.0209098   0.0209098   0.0207367   0.0208473   0.0207490   0.0208824   0.0207785   0.0207785   0.0207785   0.0207785   0.0207785
R 0 4   4  0  0  7    0.0231029   0.0231029   0.0231029   0.0231029   0.0212789   0.0214481   0.0212900   0.0210390   0.0206293   0.0198029   0.0198029   0.0198029
R 0 4   4  0  0  8    0.0218674   0.0218674   0.0218674   0.0218674   0.0218674   0.0218674   0.0218674   0.0212585   0.0210625   0.0209894   0.0203586   0.0192185
R 0 4   4  0  0  9    0.0322194   0.0322194   0.0322194   0.0322194   0.0322194   0.0322194   0.0302407   0.0289090   0.0275300   0.0264879   0.0252806   0.0252806
R 0 4   4  0  0 10    0.0828094   0.0734940   0.0639626   0.0550960   0.0477775   0.0442456   0.0410102   0.0356627   0.0342561   0.0313162   0.0313162   0.0313162
R 0 4   4  0  1  0    0.0000000   0.0000000   0.0000000   0.0000837   0.0000868   0.0000820   0.0000736   0.0000663   0.0000663   0.0000663   0.0000663   0.0000663
R 0 4   4  0  1  1    0.0000874   0.0000874   0.0000874   0.0000874   0.0000711   0.0000724   0.0000636   0.0000574   0.0000574   0.0000574   0.0000574   0.0000574
R 0 4   4  0  1  2    0.0000752   0.0000752   0.0000752   0.0000752   0.0000719   0.0000660   0.0000612   0.0000537   0.0000537   0.0000537   0.0000537   0.0000537
R 0 4   4  0  1  3    0.0000851   0.0000851   0.0000851   0.0000851   0.0000713   0.0000603   0.0000560   0.0000501   0.0000501   0.0000501   0.0000501   0.0000501
R 0 4   4  0  1  4    0.0001461   0.0001461   0.0001461   0.0000977   0.0000948   0.0000759   0.0000557   0.0000462   0.0000462   0.0000462   0.0000462   0.0000462
R 0 4   4  0  1  5    0.0001217   0.0001217   0.0000859   0.0000774   0.0000698   0.0000620   0.0000474   0.0000474   0.0000474   0.0000474   0.0000474   0.0000474
R 0 4   4  0  1  6    0.0000762   0.0000762   0.0000762   0.0000570   0.0000623   0.0000598   0.0000569   0.0000346   0.0000346   0.0000346   0.0000346   0.0000346
R 0 4   4  0  1  7    0.0000925   0.0000925   0.0000925   0.0000925   0.0000873   0.0000769   0.0000748   0.0000768   0.0000760   0.0000592   0.0000592   0.0000592
R 0 4   4  0  1  8    0.0001249   0.0001249   0.0001249   0.0001249   0.0001249   0.0001249   0.0001249   0.0001174   0.0001061   0.0001022   0.0000919   0.0000743
R 0 4   4  0  1  9    0.0002936   0.0002936   0.0002936   0.0002936   0.0002936   0.0002936   0.0002312   0.0002043   0.0001854   0.0001543   0.0001428   0.0001428
R 0 4   4  0  1 10    0.0015181   0.0011873   0.0009508   0.0008022   0.0005915   0.0004904   0.0004008   0.0002669   0.0002108   0.0001759   0.0001759   0.0001759
R 0 4   4  0  2  0    0.0000000   0.0000000   0.0000000   0.0000000   0.0000152   0.0000186   0.0000200   0.0000113   0.0000113   0.0000113   0.0000113   0.0000113
R 0 4   4  0  2  1    0.0000000   0.0000000   0.0000000   0.0000000   0.0000000   0.0000228   0.0000152   0.0000206   0.0000206   0.0000206   0.0000206   0.0000206
R 0 4   4  0  2  2    0.0000495   0.0000495   0.0000495   0.0000495   0.0000661   0.0000216   0.0000169   0.0000194   0.0000194   0.0000194   0.0000194   0.0000194
R 0 4   4  0  2  3    0.0000562   0.0000562   0.0000562   0.0000562   0.0000308   0.0000152   0.0000207   0.0000129   0.0000129   0.0000129   0.0000129   0.0000129
R 0 4   4  0  2  4    0.0000000   0.0000000   0.0000000   0.0000000   0.0000147   0.0000196   0.0000163   0.0000199   0.0000199   0.0000199   0.0000199   0.0000199
R 0 4   4  0  2  5    0.0000000   0.0000000   0.0000000   0.0000117   0.0000281   0.0000232   0.0000142   0.0000142   0.0000142   0.0000142   0.0000142   0.0000142
R 0 4   4  0  2  6    0.0000000   0.0000000   0.0000000   0.0000000   0.0000120   0.0000106   0.0000000   0.0000205   0.0000205   0.0000205   0.0000205   0.0000205
R 0 4   4  0  2  7    0.0000000   0.0000000   0.0000000   0.0000000   0.0000493   0.0000000   0.0000000   0.0000090   0.0000080   0.0000216   0.0000216   0.0000216
R 0 4   4  0  2  8    0.0000000   0.0000000   0.0000000   0.0000000   0.0000000   0.0000000   0.0000000   0.0000000   0.0000071   0.0000151   0.0000000   0.0000000
R 0 4   4  0  2  9    0.0000000   0.0000000   0.0000000   0.0000000   0.0000000   0.0000000   0.0000490   0.0000558   0.0000189   0.0000409   0.0000273   0.0000273
R 0 4   4  0  2 10    0.0000000   0.0000000   0.0000000   0.0000000   0.0000000   0.0000347   0.0001158   0.0000659   0.0000000   0.0000000   0.0000000   0.0000000
R 0 4   4  0  3  0    1.0185752   1.0185752   0.9730174   0.9938465   0.9866111   0.9816501   0.9794860   0.9809680   0.9809680   0.9809680   0.9809680   0.9809680
R 0 4   4  0  3  1    0.9874918   0.9874918   0.9874918   0.9874918   0.9812849   0.9801172   0.9777362   0.9775172   0.9775172   0.9775172   0.9775172   0.9775172
R 0 4   4  0  3  2    0.9792031   0.9792031   0.9792031   0.9792031   0.9860243   0.9815029   0.9795184   0.9792736   0.9792736   0.9792736   0.9792736   0.9792736
R 0 4   4  0  3  3    0.9647168   0.9647168   0.9647168   0.9647168   0.9889196   0.9827124   0.9799382   0.9795942   0.9795942   0.9795942   0.9795942   0.9795942
R 0 4   4  0  3  4    0.9850899   0.9850899   0.9850899   0.9742220   0.9727058   0.9719693   0.9764460   0.9847584   0.9847584   0.9847584   0.9847584   0.9847584
R 0 4   4  0  3  5    0.9742167   0.9742167   0.9797687   0.9778423   0.9721759   0.9702757   0.9666938   0.9666938   0.9666938   0.9666938   0.9666938   0.9666938
R 0 4   4  0  3  6    0.9910704   0.9910704   0.9910704   0.9872980   0.9845700   0.9825550   0.9809284   0.9781278   0.9781278   0.9781278   0.9781278   0.9781278
R 0 4   4  0  3  7    0.9850652   0.9850652   0.9850652   0.9850652   1.0014833   0.9877099   0.9850462   0.9827328   0.9838966   0.9822704   0.9822704   0.9822704
R 0 4   4  0  3  8    0.9964525   0.9964525   0.9964525   0.9964525   0.9964525   0.9964525   0.9964525   0.9852100   0.9805731   0.9820512   0.9842054   0.9960336
R 0 4   4  0  3  9    0.9938683   0.9938683   0.9938683   0.9938683   0.9938683   0.9938683   0.9780573   0.9723155   0.9711929   0.9816809   0.9913241   0.9913241
R 0 4   4  0  3 10    1.0022430   1.0060789   0.9872552   0.9702340   0.9686171   0.9658809   0.9654667   0.9654785   0.9857022   0.9869029   0.9869029   0.9869029
R 0 4   4  0  4  0    1.4039125   1.4039125   1.3432729   2.1364098   2.2558784   2.2742600   2.2391155   2.2725239   2.2725239   2.2725239   2.2725239   2.2725239
R 0 4   4  0  4  1    1.9857343   1.9857343   1.9857343   1.9857343   2.1492003   2.2221295   2.2043136   2.2039982   2.2039982   2.2039982   2.2039982   2.2039982
R 0 4   4  0  4  2    1.9220204   1.9220204   1.9220204   1.9220204   2.1913168   2.2552653   2.2336295   2.2312460   2.2312460   2.2312460   2.2312460   2.2312460
R 0 4   4  0  4  3    1.7842984   1.7842984   1.7842984   1.7842984   2.2667117   2.2614437   2.2349628   2.2263351   2.2263351   2.2263351   2.2263351   2.2263351
R 0 4   4  0  4  4    1.8940085   1.8940085   1.8940085   2.0246645   2.0844427   2.0864670   2.2027658   2.3417947   2.3417947   2.3417947   2.3417947   2.3417947
R 0 4   4  0  4  5    1.7417255   1.7417255   2.0657532   2.1533597   2.0866076   2.0820313   2.0064541   2.0064541   2.0064541   2.0064541   2.0064541   2.0064541
R 0 4   4  0  4  6    1.9708768   1.9708768   1.9708768   2.2150665   2.3187158   2.3504693   2.3420744   2.2755350   2.2755350   2.2755350   2.2755350   2.2755350
R 0 4   4  0  4  7    1.7958309   1.7958309   1.7958309   1.7958309   2.2720912   2.3510397   2.3413014   2.3475745   2.3855099   2.3473753   2.3473753   2.3473753
R 0 4   4  0  4  8    2.2394800   2.2394800   2.2394800   2.2394800   2.2394800   2.2394800   2.2394800   2.2466550   2.2245393   2.2688638   2.3094296   2.2989811
R 0 4   4  0  4  9    2.0876519   2.0876519   2.0876519   2.0876519   2.0876519   2.0876519   2.0440754   2.0564320   2.0417237   2.1987774   2.1982815   2.1982815
R 0 4   4  0  4 10    2.0059617   2.2206959   1.9797509   1.9006288   1.9778816   1.9626679   1.9571380   1.9375972   2.0789878   2.0207044   2.0207044   2.0207044
R 0 4   4  0  5  0   11.8606316  11.8606316   7.7902920   3.4474174   3.6390051   3.8614134   4.2304826   3.9271455   3.9271455   3.9271455   3.9271455   3.9271455
R 0 4   4  0  5  1    3.8991733   3.8991733   3.8991733   3.8991733   4.1143745   4.0612789   4.3725416   4.3288681   4.3288681   4.3288681   4.3288681   4.3288681
R 0 4   4  0  5  2    3.9166930   3.9166930   3.9166930   3.9166930   4.2547596   4.0408249   4.1359733   4.3113247   4.3113247   4.3113247   4.3113247   4.3113247
R 0 4   4  0  5  3    5.0220684   5.0220684   5.0220684   5.0220684   3.8534532   4.0308341   4.2964192   4.3514493   4.3514493   4.3514493   4.3514493   4.3514493
R 0 4   4  0  5  4    5.0742067   5.0742067   5.0742067   4.9907009   5.1465742   5.0100413   3.9583540   3.2190971   3.2190971   3.2190971   3.2190971   3.2190971
R 0 4   4  0  5  5    4.6758176   4.6758176   4.9678795   4.6449118   5.3305322   4.7112631   4.1277099   4.1277099   4.1277099   4.1277099   4.1277099   4.1277099
R 0 4   4  0  5  6    3.1695596   3.1695596   3.1695596   4.0018526   3.4542524   2.9629401   2.3993695   2.0087529   2.0087529   2.0087529   2.0087529   2.0087529
R 0 4   4  0  5  7    4.1378695   4.1378695   4.1378695   4.1378695   3.7415249   3.1214540   2.9435719   2.8796419   2.5792144   2.0865178   2.0865178   2.0865178
R 0 4   4  0  5  8    3.8696863   3.8696863   3.8696863   3.8696863   3.8696863   3.8696863   3.8696863   4.4509807   4.6225551   4.2586199   3.5083817   3.9612584
R 0 4   4  0  5  9    4.7018172   4.7018172   4.7018172   4.7018172   4.7018172   4.7018172   6.7168083   6.0925944   6.6696568   5.4532708   5.7217762   5.7217762
R 0 4   4  0  5 10    5.7473704   4.1720920   4.3599276   5.5884076   5.3803109   6.6671214   8.0193894   8.7655481   6.4724929   6.8947851   6.8947851   6.8947851
F  0  4   4  0  0  0    1.0092477   1.0285163   0.9907377   1.0005626   0.9741179   0.9968334   0.9933462   0.9896354   0.9899494   0.9848999   0.9818794
F  0  4   4  1  0  0    1.0781078   1.0812297   1.0635987   1.0602746   1.0518910   1.0766886   1.0717103   1.0562606   1.0415911   1.0635037   1.0827254
C  0  4   4  0  0  0  -0.2580619 -0.1159264 -0.1802893 -0.3897480 -0.2657349 -0.1626579 -0.1576897 -0.1898265 -0.2578610 -0.1580843 -0.2448234 -0.1620234 -0.1947058 -0.3172645 -0.3347530 -0.0418791
C  0  4   4  0  0  1  -0.0626270 -0.1594234 -0.1366528 -0.1206488 -0.1396288 -0.0978938 -0.1524268 -0.1261711 -0.0441255 -0.1316245 -0.0218280 -0.1045877 -0.1583409 -0.1342719 -0.2003261 -0.0432013
C  0  4   4  0  0  2  -0.1137085 -0.1070804 -0.1139573 -0.1314270 -0.0156600 -0.0543956 -0.0836303 -0.0944273 -0.0193604 -0.0743565 -0.0466578 -0.0673608 -0.1253481 -0.0598745 -0.0351635 -0.1000566
C  0  4   4  0  0  3  -0.0588671 -0.0789500 -0.1294413 -0.0285180  0.0291301 -0.1345572 -0.0912742 -0.0256316 -0.0425434 -0.0213386 -0.1082004 -0.0596228 -0.1520554 -0.1084997 -0.1017448 -0.0114292
C  0  4   4  0  0  4  -0.0862888 -0.0875039 -0.0492958 -0.0895745 -0.1020298 -0.0866916 -0.0483318 -0.0439419 -0.0361948 -0.0303818 -0.0621637 -0.0377646 -0.1263976 -0.1157416 -0.0251157 -0.0685222
C  0  4   4  0  0  5  -0.0236741  0.0100821 -0.0722281  0.0540964 -0.0115162 -0.0276719 -0.0333929 -0.0171061  0.0402093 -0.0142017 -0.0043323 -0.0066880 -0.0376849  0.0246341  0.0752038 -0.0576990
C  0  4   4  0  0  6  -0.0107429  0.0784790  0.0322198 -0.0006084 -0.0062483  0.0232853 -0.0411607 -0.0742775 -0.0300739 -0.0422719  0.0047556  0.0199686 -0.0639573 -0.0027233 -0.0477919  0.0809835
C  0  4   4  0  0  7  -0.0453973  0.0104817  0.0115770 -0.0114197  0.0045247  0.0431302  0.0241038  0.0006809 -0.0278189 -0.0200532  0.0629427 -0.0385720  0.0053394 -0.0280804 -0.0306527  0.0186285
C  0  4   4  0  0  8  -0.0121228  0.0030421  0.0391734  0.0261135 -0.0128995  0.0347859  0.0026546 -0.0234812  0.0074003  0.0287673 -0.0167185  0.0050376 -0.0062650  0.0578054 -0.0590511 -0.0138742
C  0  4   4  0  0  9  -0.0439187  0.0259524 -0.0121985  0.0416517  0.0294337  0.0366664 -0.0046135  0.0320501 -0.0407906  0.0094250  0.0472640  0.0381300 -0.0116936  0.0517086 -0.0130700  0.0481420
C  0  4   4  0  0 10  -0.0231661  0.0100351  0.0418250  0.0600395  0.0031724  0.0036399 -0.0381827 -0.0268899  0.0130526 -0.0540311  0.0117164 -0.0014883 -0.0365395  0.0507956  0.0135574  0.0475873
C  0  4   4  0  0 11  -0.0492304  0.0308156 -0.0420797  0.0522972  0.0198362  0.0562645  0.0464156  0.0874616  0.0133535  0.0322505  0.0201983 -0.0206617 -0.0009763  0.0187009  0.0003332 -0.0028438
C  0  4   4  0  0 12   0.0565554 -0.0134928  0.0006800  0.0076862  0.0107732  0.0287446 -0.0232990 -0.0092039 -0.0049039  0.0630272  0.0139293 -0.0017832 -0.0570247 -0.0009493  0.0203436  0.0223949
C  0  4   4  0  0 13  -0.0330031 -0.0013600  0.0337553  0.0040794 -0.0009010 -0.0205811  0.0175919 -0.0044365  0.0312886  0.0364316 -0.0198017  0.0163078 -0.0096066  0.0153272 -0.0090052  0.0080160
C  0  4   4  0  0 14  -0.0322343 -0.0057041 -0.0240684 -0.0087730 -0.0102906 -0.0073531 -0.0037616  0.0104429 -0.0255103 -0.0202039  0.0711995 -0.0547623  0.0213341  0.0315764 -0.0078279 -0.0608323
C  0  4   4  0  0 15  -0.0720702 -0.0435125 -0.0130542  0.0250333  0.0286737 -0.0578521 -0.0053365  0.0198005  0.0043909 -0.0125378 -0.0200428 -0.1034623 -0.0088342  0.0085730 -0.0751255  0.0060386
C  0  4   4  0  0 16   0.0884838  0.0250569 -0.0130843  0.0116608 -0.0283966 -0.0891997 -0.0265362  0.0006374 -0.0700537  0.1133546  0.0122611 -0.0597934 -0.0703627 -0.0095019 -0.0845640 -0.0091309
C  0  4   4  0  0 17  -0.0880132 -0.0840881 -0.1221580 -0.1039953 -0.1254510 -0.0425005 -0.0535395 -0.0094704 -0.0245318 -0.0682381 -0.0027102 -0.0158058 -0.1003943 -0.1472371 -0.0513092 -0.0156557
C  0  4   4  0  0 18  -0.1428193 -0.0435857 -0.0159869 -0.0541692 -0.1490322 -0.0449667 -0.0568031 -0.0359923 -0.0522575 -0.0206323 -0.0300084 -0.0891818 -0.0407241 -0.0049801 -0.1555148 -0.0086687
C  0  4   4  0  0 19   0.0219149 -0.0895999 -0.2072201 -0.0211320 -0.1126918 -0.0670365 -0.1313433 -0.0397477 -0.1175718 -0.0609461 -0.0733363 -0.0863377 -0.0691467 -0.0608643 -0.0581127 -0.0971882
C  0  4   4  0  0 20  -0.1029308 -0.0706543 -0.0575382 -0.0594251 -0.1480869 -0.1450747 -0.1799356 -0.1395195 -0.1520775 -0.1967142 -0.1585362  0.0067187 -0.0293801 -0.1679702 -0.1548093 -0.1588208
C  0  4   4  0  0 21  -0.1977072 -0.1999121 -0.3250670 -0.1718789 -0.2005119 -0.1724356 -0.2528361 -0.0717960 -0.1848797 -0.1169229 -0.1970351 -0.2845276 -0.3461290 -0.3869285 -0.2489724 -0.2627449
C  0  4   4  0  1  0  -0.0018587 -0.0002222 -0.0004912 -0.0019056 -0.0029453  0.0025261  0.0006823  0.0006725  0.0019791 -0.0005977 -0.0033885  0.0032877  0.0057462  0.0046134  0.0054592  0.0063151
C  0  4   4  0  1  1   0.0011498  0.0009830 -0.0020957 -0.0027499 -0.0007840 -0.0019401  0.0043630  0.0008571  0.0022833 -0.0015110 -0.0016338 -0.0024354  0.0026916  0.0041237  0.0020477  0.0023706
C  0  4   4  0  1  2   0.0027930 -0.0009237 -0.0001162  0.0001267 -0.0018532  0.0009570  0.0001648  0.0006523 -0.0011612  0.0011048 -0.0016596 -0.0017318  0.0016859 -0.0007509  0.0002467 -0.0001884
C  0  4   4  0  1  3   0.0025406 -0.0001038  0.0004202 -0.0018833 -0.0009330  0.0016735  0.0020633 -0.0012715 -0.0024054 -0.0020918 -0.0010922 -0.0015012  0.0006603 -0.0010836  0.0002510  0.0023449
C  0  4   4  0  1  4   0.0025034 -0.0003953 -0.0008646  0.0023158  0.0010560 -0.0010185  0.0015877 -0.0001077  0.0009702  0.0007546 -0.0006322 -0.0016742  0.0017964 -0.0003863 -0.0000796 -0.0023857
C  0  4   4  0  1  5   0.0013616  0.0008812 -0.0018588  0.0016124  0.0002553 -0.0006346 -0.0005845  0.0005994 -0.0000362  0.0004210  0.0017332 -0.0013078  0.0002908  0.0000396  0.0003896 -0.0009008
C  0  4   4  0  1  6   0.0022075 -0.0002055 -0.0005857  0.0005068  0.0007988 -0.0002414 -0.0009729 -0.0004635  0.0005846 -0.0011405 -0.0003851 -0.0001210 -0.0009943 -0.0022541  0.0013865 -0.0007182
C  0  4   4  0  1  7   0.0019735 -0.0001264  0.0008221  0.0003893  0.0020252  0.0009199 -0.0013832  0.0001568  0.0009241 -0.0012227  0.0013310 -0.0015590 -0.0008904 -0.0001307  0.0000328  0.0001763
C  0  4   4  0  1  8   0.0015803  0.0010415  0.0002524 -0.0005587  0.0012457  0.0011074  0.0009940  0.0001748  0.0018450  0.0001319 -0.0000069 -0.0013040 -0.0004932  0.0006888  0.0001310  0.0008066
C  0  4   4  0  1  9  -0.0018750  0.0008669  0.0016329  0.0001612  0.0002951  0.0003485  0.0007739  0.0007960 -0.0007327 -0.0014798 -0.0027890 -0.0007320 -0.0011521  0.0000854 -0.0012983  0.0006643
C  0  4   4  0  1 10   0.0007825  0.0002592  0.0014247  0.0017153  0.0016174 -0.0003066  0.0005618 -0.0002737 -0.0019390 -0.0016997 -0.0002266 -0.0008649 -0.0012133 -0.0007811  0.0000173  0.0011398
C  0  4   4  0  1 11   0.0002285  0.0002992  0.0003251  0.0008641  0.0000902  0.0004090 -0.0022144 -0.0013771 -0.0026445  0.0000887 -0.0002003 -0.0013663  0.0007416 -0.0001578 -0.0003142 -0.0005989
C  0  4   4  0  1 12   0.0004290 -0.0001339  0.0002743 -0.0005478  0.0006929 -0.0005271  0.0011658 -0.0001953  0.0003897 -0.0000365 -0.0000739  0.0017762  0.0002016 -0.0001242  0.0002215  0.0012894
C  0  4   4  0  1 13   0.0026077 -0.0012488  0.0004865  0.0018059  0.0024204  0.0007250 -0.0007776  0.0006594 -0.0002973 -0.0013069 -0.0008951 -0.0018615 -0.0007797  0.0010247  0.0003044  0.0015166
C  0  4   4  0  1 14   0.0019371  0.0004666  0.0022632  0.0014295  0.0016760  0.0017045 -0.0005875  0.0012835  0.0000934  0.0005922  0.0002063  0.0003012  0.0005342  0.0004195 -0.0005490  0.0021563
C  0  4   4  0  1 15   0.0015826  0.0000645 -0.0002937  0.0005941  0.0007444  0.0018715  0.0008554 -0.0010163  0.0006841 -0.0008717 -0.0004613  0.0009975 -0.0000267  0.0007042  0.0005791  0.0004300
C  0  4   4  0  1 16   0.0021955  0.0025158  0.0012583  0.0013588 -0.0004869  0.0023106  0.0007546  0.0000349  0.0007466 -0.0008749  0.0007743  0.0002213 -0.0001751  0.0013100  0.0023587  0.0019069
C  0  4   4  0  1 17   0.0006474 -0.0013533  0.0000422  0.0032995  0.0014239  0.0031120  0.0022276  0.0020760 -0.0002023  0.0030940  0.0016558 -0.0003399  0.0012152 -0.0009448  0.0047686  0.0044546
C  0  4   4  0  1 18   0.0055098  0.0043779  0.0020836  0.0010853  0.0001078  0.0019736  0.0043734  0.0011473 -0.0007517  0.0015835  0.0037178  0.0018708 -0.0000147  0.0000442  0.0059748  0.0049857
C  0  4   4  0  1 19   0.0025634  0.0024627  0.0011626  0.0019355  0.0007346  0.0015354  0.0029858  0.0014518  0.0033045  0.0030664 -0.0003774  0.0004740  0.0017084  0.0020495  0.0035228  0.0045389
C  0  4   4  0  1 20   0.0054834  0.0055039  0.0046028  0.0037523  0.0015070  0.0040562  0.0028810  0.0040159  0.0032282  0.0036417  0.0000199 -0.0015722  0.0027938  0.0038812  0.0052759  0.0057441
C  0  4   4  0  1 21   0.0129857  0.0125575  0.0062714  0.0017796 -0.0030750 -0.0052321 -0.0083179 -0.0009940 -0.0022122 -0.0030067 -0.0002488  0.0051081  0.0017678  0.0055051  0.0097018  0.0042980
C  0  4   4  1  0  0  -0.4207846 -0.3826571 -0.3385848 -0.4008904 -0.3455784 -0.3267120 -0.3105026 -0.3127477 -0.2844191 -0.3321210 -0.3514001 -0.4342781 -0.4201675 -0.4130196 -0.4408558 -0.4791315
C  0  4   4  1  0  1  -0.3006788 -0.3361069 -0.2963889 -0.3202509 -0.3076699 -0.2898914 -0.2612072 -0.2545350 -0.3294992 -0.2122885 -0.3359071 -0.3150339 -0.3667678 -0.3709717 -0.3667934 -0.3163015
C  0  4   4  1  0  2  -0.3498182 -0.3358920 -0.2733232 -0.2780710 -0.2827888 -0.2534568 -0.2788116 -0.2331453 -0.2320082 -0.2342364 -0.2656070 -0.3278359 -0.3469469 -0.3312301 -0.3241831 -0.3466246
C  0  4   4  1  0  3  -0.3125073 -0.2898332 -0.3073623 -0.2507911 -0.2542807 -0.2387710 -0.1666734 -0.1740042 -0.1663076 -0.2310782 -0.2523207 -0.2596303 -0.2716335 -0.3237639 -0.2801672 -0.2692879
C  0  4   4  1  0  4  -0.3008609 -0.2432595 -0.2331920 -0.2550428 -0.2075698 -0.2121480 -0.2565149 -0.2020620 -0.1917534 -0.1911008 -0.2182832 -0.2468571 -0.2722721 -0.2573650 -0.3018845 -0.2648860
C  0  4   4  1  0  5  -0.2070051 -0.1987961 -0.1593544 -0.1657263 -0.1665160 -0.1316396 -0.1823442 -0.1194799 -0.1372222 -0.1474715 -0.1658387 -0.1993669 -0.1801780 -0.1847966 -0.2120488 -0.1926019
C  0  4   4  1  0  6  -0.1346030 -0.1452721 -0.1470079 -0.1495728 -0.1329488 -0.1156400 -0.1427221 -0.1419076 -0.1168617 -0.1291243 -0.1197746 -0.1260604 -0.1235138 -0.1715630 -0.1523405 -0.2013594
C  0  4   4  1  0  7  -0.1624292 -0.1562765 -0.1579087 -0.1434288 -0.1499944 -0.1322626 -0.1285575 -0.1021004 -0.1165174 -0.1120878 -0.0674101 -0.1442081 -0.1387551 -0.1375136 -0.1450180 -0.1262115
C  0  4   4  1  0  8  -0.1688826 -0.1490607 -0.1457495 -0.1389209 -0.1616689 -0.1459945 -0.1298456 -0.1458923 -0.1150782 -0.0991841 -0.1270529 -0.1520334 -0.1437649 -0.1747442 -0.1535922 -0.1535342
C  0  4   4  1  0  9  -0.1410825 -0.1461696 -0.1096975 -0.1427445 -0.1346285 -0.1010785 -0.0864302 -0.1383430 -0.1089772 -0.1116135 -0.1167636 -0.1302502 -0.1149907 -0.1239987 -0.1354614 -0.1533365
C  0  4   4  1  0 10  -0.1373600 -0.1284239 -0.1465278 -0.1299746 -0.1312490 -0.1437932 -0.1388934 -0.1083162 -0.1255952 -0.1205294 -0.1286575 -0.1301886 -0.1089779 -0.1298845 -0.1142188 -0.1354565
C  0  4   4  1  0 11  -0.1732704 -0.1416377 -0.1480549 -0.1253093 -0.1321916 -0.1134958 -0.1241610 -0.1104605 -0.1304445 -0.1029051 -0.1441872 -0.1332532 -0.1200727 -0.1375389 -0.1181791 -0.1510668
C  0  4   4  1  0 12  -0.1212936 -0.1173106 -0.1480423 -0.1302117 -0.1352953 -0.1208928 -0.1322021 -0.1115756 -0.1052250 -0.1270445 -0.1339065 -0.1069184 -0.0768295 -0.1413938 -0.1246662 -0.1496222
C  0  4   4  1  0 13  -0.1301261 -0.1289861 -0.1585563 -0.1324161 -0.1233719 -0.1381176 -0.1607327 -0.1477775 -0.1135114 -0.0985934 -0.1638895 -0.1322993 -0.1445765 -0.1282532 -0.1415807 -0.1479368
C  0  4   4  1  0 14  -0.1277890 -0.1616410 -0.1337999 -0.1799621 -0.1498983 -0.1560359 -0.1219120 -0.1759783 -0.1210252 -0.1277004 -0.0998355 -0.1425249 -0.1319453 -0.1006221 -0.1216797 -0.1708717
C  0  4   4  1  0 15  -0.1355064 -0.2107973 -0.1478038 -0.1483141 -0.1372974 -0.1367583 -0.1337104 -0.1621345 -0.1580577 -0.1073716 -0.1088477 -0.1265819 -0.1628305 -0.1228037 -0.1109997 -0.1422003
C  0  4   4  1  0 16  -0.1981095 -0.1817229 -0.1757496 -0.1588995 -0.1499137 -0.1473021 -0.1619344 -0.1841056 -0.1552818 -0.1663374 -0.1351576 -0.1274371 -0.1342454 -0.1521984 -0.1502985 -0.1540726
C  0  4   4  1  0 17  -0.2339757 -0.2633407 -0.2293981 -0.2632172 -0.2410156 -0.2434651 -0.2363068 -0.2215573 -0.2497533 -0.2195481 -0.2446137 -0.1664901 -0.1969764 -0.2361964 -0.2144531 -0.2207696
C  0  4   4  1  0 18  -0.2759649 -0.3082414 -0.2786556 -0.2720799 -0.2395772 -0.2483565 -0.2493334 -0.2426286 -0.2194007 -0.2093520 -0.2535526 -0.2542131 -0.2748707 -0.1838592 -0.2371271 -0.2225094
C  0  4   4  1  0 19  -0.2847391 -0.2956030 -0.2859957 -0.3114248 -0.2819656 -0.2760888 -0.2833152 -0.2262429 -0.2721943 -0.2595379 -0.2443376 -0.2682065 -0.2553551 -0.2505605 -0.2739753 -0.2592300
C  0  4   4  1  0 20  -0.2934122 -0.3023081 -0.3034866 -0.2734012 -0.2802931 -0.2168328 -0.2918926 -0.3054732 -0.3099533 -0.3064130 -0.3315924 -0.3022251 -0.3150120 -0.2814844 -0.2884688 -0.3424019
C  0  4   4  1  0 21  -0.4054186 -0.3967190 -0.3861705 -0.3452253 -0.3479432 -0.3103692 -0.3704111 -0.3449449 -0.4058153 -0.3605292 -0.3045060 -0.3553780 -0.3172305 -0.3417620 -0.3671772 -0.4145900
C  0  4   4  1  1  0   0.0482644  0.0500257  0.0429299  0.0249214  0.0021544 -0.0211174 -0.0350754 -0.0434320 -0.0467081 -0.0375669 -0.0345739 -0.0165020  0.0016161  0.0066941  0.0254456  0.0399319
C  0  4   4  1  1  1   0.0254966  0.0234287  0.0180131  0.0110549  0.0016638 -0.0087522 -0.0145657 -0.0196546 -0.0183752 -0.0163788 -0.0153669 -0.0075893  0.0040221  0.0086023  0.0119619  0.0245898
C  0  4   4  1  1  2   0.0134181  0.0127110  0.0081051  0.0054206  0.0014915 -0.0035374 -0.0072173 -0.0086987 -0.0086108 -0.0059808 -0.0051741 -0.0027003  0.0004614  0.0027040  0.0049974  0.0102119
C  0  4   4  1  1  3   0.0073961  0.0072165  0.0025996  0.0039944  0.0011022 -0.0002624 -0.0035698 -0.0012016  0.0005907 -0.0001522 -0.0012822 -0.0015289  0.0018125  0.0023057  0.0021032  0.0058476
C  0  4   4  1  1  4   0.0018673  0.0029794  0.0007714  0.0010143  0.0014377  0.0024339 -0.0005766  0.0022759  0.0042436  0.0026276 -0.0012247 -0.0005564  0.0024771  0.0013016  0.0036608  0.0021190
C  0  4   4  1  1  5   0.0014056  0.0007942 -0.0004497  0.0034221  0.0033056  0.0038284  0.0034685  0.0035606  0.0057342  0.0027322 -0.0007972  0.0001453  0.0012434  0.0021609  0.0024721 -0.0000825
C  0  4   4  1  1  6   0.0014783  0.0009512  0.0009937  0.0035170  0.0048963  0.0038620  0.0053877  0.0047626  0.0046515  0.0018463  0.0002592  0.0003567  0.0007391  0.0007693  0.0001166  0.0001912
C  0  4   4  1  1  7  -0.0005701  0.0016372  0.0015420  0.0042153  0.0043010  0.0035763  0.0051268  0.0043903  0.0032256  0.0009520  0.0001969  0.0000531  0.0011109  0.0003463  0.0017813 -0.0016030
C  0  4   4  1  1  8  -0.0008564  0.0018230  0.0025562  0.0015895  0.0042962  0.0036620  0.0043205  0.0039442  0.0043346  0.0015307 -0.0001053 -0.0006015  0.0012110  0.0003320  0.0016860 -0.0021483
C  0  4   4  1  1  9  -0.0002390  0.0014182  0.0016020  0.0035251  0.0025503  0.0020042  0.0030845  0.0039621  0.0031706 -0.0005286  0.0010548  0.0010370  0.0015983 -0.0002880  0.0001713 -0.0017141
C  0  4   4  1  1 10  -0.0000082  0.0020665  0.0016498  0.0016699  0.0028706  0.0013759  0.0024612  0.0023323  0.0031950  0.0004485 -0.0002375  0.0001480 -0.0005629  0.0007084  0.0013355 -0.0009036
C  0  4   4  1  1 11   0.0004973  0.0014119  0.0014315  0.0021126  0.0026828  0.0002714  0.0014166  0.0020530  0.0026606  0.0006659 -0.0011569 -0.0002412  0.0000719 -0.0004512  0.0005527 -0.0012601
C  0  4   4  1  1 12  -0.0009378  0.0013711  0.0022484  0.0032379  0.0019345  0.0013393  0.0009328  0.0024717  0.0046207  0.0009458  0.0011255  0.0002778  0.0003654 -0.0007617  0.0012600 -0.0009911
C  0  4   4  1  1 13  -0.0001612  0.0015751  0.0027680  0.0039600  0.0028557  0.0025001  0.0036052  0.0057111  0.0044072  0.0005527  0.0013090 -0.0002740 -0.0008803 -0.0017136 -0.0005880 -0.0019630
C  0  4   4  1  1 14  -0.0000404  0.0009708  0.0021013  0.0041308  0.0032877  0.0029685  0.0037777  0.0058175  0.0049243  0.0013520  0.0008590 -0.0006872 -0.0015316 -0.0027348 -0.0018387 -0.0025766
C  0  4   4  1  1 15  -0.0020072  0.0002586  0.0027219  0.0038410  0.0029271 -0.0010549  0.0028489  0.0039430  0.0054282  0.0033692  0.0010013 -0.0003280 -0.0027677 -0.0047639 -0.0054181 -0.0050510
C  0  4   4  1  1 16  -0.0020070  0.0013343  0.0029236  0.0045930  0.0033994  0.0014728  0.0031057  0.0035585  0.0043430  0.0067717  0.0027614  0.0032204 -0.0006360 -0.0017421 -0.0049787 -0.0053356
C  0  4   4  1  1 17  -0.0031142  0.0014543  0.0006731  0.0052570  0.0010778 -0.0017279 -0.0001985  0.0034365  0.0033159  0.0041135  0.0041308  0.0020985 -0.0007879 -0.0047533 -0.0050657 -0.0057165
C  0  4   4  1  1 18   0.0011596  0.0075360  0.0055057  0.0064064  0.0035467  0.0002980 -0.0024860 -0.0004825  0.0030825  0.0043688  0.0015516  0.0010020 -0.0015954 -0.0044991 -0.0054028 -0.0036160
C  0  4   4  1  1 19   0.0013899  0.0078146  0.0111601  0.0095851  0.0063630  0.0017511 -0.0019177 -0.0003139  0.0020671  0.0048330  0.0020116 -0.0003839 -0.0033698 -0.0048496 -0.0055812 -0.0027310
C  0  4   4  1  1 20   0.0022160  0.0144982  0.0169100  0.0146386  0.0064664  0.0037069 -0.0022944 -0.0018401  0.0004935  0.0045624 -0.0001567 -0.0017358 -0.0059726 -0.0078422 -0.0064357 -0.0038775
C  0  4   4  1  1 21   0.0113326  0.0238086  0.0310845  0.0222561  0.0162792  0.0168771  0.0112560  0.0125677  0.0125475  0.0152913  0.0017502 -0.0043310 -0.0108577 -0.0192075 -0.0076293  0.0001326
