CPHI 16 
CETA 22 -2.40 -2.10 -1.85 -1.60 -1.40 -1.20 -1.00 -0.80 -0.60 -0.40 -0.20  0.00  0.20  0.40  0.60  0.80  1.00  1.20  1.40  1.60  1.85  2.10  2.40 
RMIN  6 
RTRK 12 
RETA 11  0.00  0.20  0.40  0.60  0.80  1.00  1.20  1.40  1.60  1.85  2.10  2.40 
T 0 5   0  0  0  0    0.0000000   0.0006174   0.0016774   0.0031880   0.0122719   0.0692370   0.2780276   0.6535433   1.0000000   1.0000000   1.0000000   1.0000000   1.0000000
T 0 5   0  0  0  1    0.0000000   0.0001354   0.0005459   0.0023920   0.0124343   0.0590489   0.2262877   0.5889114   1.0000000   1.0000000   1.0000000   1.0000000   1.0000000
T 0 5   0  0  0  2    0.0000000   0.0001294   0.0005243   0.0017488   0.0107047   0.0555296   0.2094740   0.5738720   1.0000000   1.0000000   1.0000000   1.0000000   1.0000000
T 0 5   0  0  0  3    0.0000000   0.0002015   0.0005867   0.0017170   0.0115356   0.0627351   0.2260086   0.5868161   1.0000000   1.0000000   1.0000000   1.0000000   1.0000000
T 0 5   0  0  0  4    0.0000000   0.0003907   0.0025396   0.0143279   0.0629528   0.2043776   0.4892906   0.8222971   1.0000000   1.0000000   1.0000000   1.0000000   1.0000000
T 0 5   0  0  0  5    0.0000000   0.0009833   0.0074319   0.0513680   0.2055027   0.5328830   0.8761381   0.9993922   1.0000000   1.0000000   1.0000000   1.0000000   1.0000000
T 0 5   0  0  0  6    0.0000000   0.0002959   0.0012101   0.0103076   0.0673314   0.2771700   0.6633683   0.9312166   0.9981963   0.9999994   1.0000000   1.0000000   1.0000000
T 0 5   0  0  0  7    0.0000000   0.0000583   0.0003953   0.0009066   0.0047834   0.0308238   0.1189337   0.2972425   0.5813239   0.8692031   0.9842107   0.9998683   1.0000000
T 0 5   0  0  0  8    0.0000000   0.0000019   0.0000351   0.0001224   0.0003944   0.0009957   0.0042109   0.0251107   0.1194546   0.3938732   0.7895316   0.9692909   1.0000000
T 0 5   0  0  0  9    0.0000000   0.0000072   0.0000100   0.0000333   0.0005408   0.0035534   0.0183417   0.0860144   0.3020499   0.6584964   0.9386042   0.9999342   1.0000000
T 0 5   0  0  0 10    0.0000000   0.0067141   0.0290557   0.0464353   0.0795622   0.1688626   0.3381590   0.6900122   0.9105257   0.9702516   0.9998314   1.0000000   1.0000000
T 0 5   0  1  0  0    0.0000000   0.0005148   0.0016399   0.0047460   0.0213440   0.1017716   0.3374237   0.6994022   1.0000000   1.0000000   1.0000000   1.0000000   1.0000000
T 0 5   0  1  0  1    0.0000000   0.0002633   0.0010891   0.0042307   0.0181163   0.0752157   0.2537985   0.6193956   1.0000000   1.0000000   1.0000000   1.0000000   1.0000000
T 0 5   0  1  0  2    0.0000000   0.0002194   0.0008486   0.0027728   0.0124455   0.0616642   0.2339277   0.6064318   1.0000000   1.0000000   1.0000000   1.0000000   1.0000000
T 0 5   0  1  0  3    0.0000000   0.0002283   0.0008669   0.0027852   0.0140251   0.0700545   0.2491207   0.6198491   1.0000000   1.0000000   1.0000000   1.0000000   1.0000000
T 0 5   0  1  0  4    0.0000000   0.0004356   0.0027620   0.0153929   0.0663357   0.2155446   0.5058694   0.8320271   1.0000000   1.0000000   1.0000000   1.0000000   1.0000000
T 0 5   0  1  0  5    0.0000000   0.0011873   0.0094478   0.0577925   0.2246261   0.5586818   0.8900123   0.9996500   1.0000000   1.0000000   1.0000000   1.0000000   1.0000000
T 0 5   0  1  0  6    0.0000000   0.0004626   0.0026649   0.0180020   0.0942133   0.3329130   0.7236541   0.9536823   0.9988141   0.9999984   1.0000000   1.0000000   1.0000000
T 0 5   0  1  0  7    0.0000000   0.0002246   0.0006446   0.0024765   0.0123245   0.0526267   0.1570011   0.3413836   0.6074237   0.8728054   0.9849908   0.9998878   1.0000000
T 0 5   0  1  0  8    0.0000000   0.0009562   0.0014955   0.0017998   0.0022382   0.0036136   0.0107994   0.0452511   0.1686405   0.4573475   0.8251665   0.9710661   1.0000000
T 0 5   0  1  0  9    0.0000000   0.0021003   0.0074838   0.0131257   0.0159362   0.0198461   0.0401951   0.1288935   0.3661962   0.7154288   0.9583841   0.9999941   1.0000000
T 0 5   0  1  0 10    0.0000000   0.0032254   0.0170235   0.0428863   0.0843736   0.1746921   0.3942474   0.7474223   0.9511020   0.9856143   0.9999985   1.0000000   1.0000000
R 0 5   0  0  0  0    0.0253576   0.0253576   0.0128287   0.0109595   0.0104595   0.0102026   0.0100150   0.0098581   0.0098581   0.0098581   0.0098581   0.0098581
R 0 5   0  0  0  1    0.0122798   0.0122798   0.0122798   0.0122798   0.0111934   0.0109503   0.0109754   0.0108621   0.0108621   0.0108621   0.0108621   0.0108621
R 0 5   0  0  0  2    0.0130097   0.0130097   0.0130097   0.0130097   0.0121884   0.0120291   0.0118600   0.0116981   0.0116981   0.0116981   0.0116981   0.0116981
R 0 5   0  0  0  3    0.0140471   0.0140471   0.0140471   0.0140471   0.0128436   0.0126149   0.0123856   0.0122570   0.0122570   0.0122570   0.0122570   0.0122570
R 0 5   0  0  0  4    0.0197239   0.0197239   0.0197239   0.0177018   0.0170027   0.0159123   0.0145108   0.0131235   0.0131235   0.0131235   0.0131235   0.0131235
R 0 5   0  0  0  5    0.0212935   0.0212935   0.0197325   0.0192336   0.0187752   0.0180916   0.0170218   0.0170218   0.0170218   0.0170218   0.0170218   0.0170218
R 0 5   0  0  0  6    0.0209098   0.0209098   0.0209098   0.0207367   0.0208473   0.0207490   0.0208824   0.0207785   0.0207785   0.0207785   0.0207785   0.0207785
R 0 5   0  0  0  7    0.0231029   0.0231029   0.0231029   0.0231029   0.0212789   0.0214481   0.0212900   0.0210390   0.0206293   0.0198029   0.0198029   0.0198029
R 0 5   0  0  0  8    0.0218674   0.0218674   0.0218674   0.0218674   0.0218674   0.0218674   0.0218674   0.0212585   0.0210625   0.0209894   0.0203586   0.0192185
R 0 5   0  0  0  9    0.0322194   0.0322194   0.0322194   0.0322194   0.0322194   0.0322194   0.0302407   0.0289090   0.0275300   0.0264879   0.0252806   0.0252806
R 0 5   0  0  0 10    0.0828094   0.0734940   0.0639626   0.0550960   0.0477775   0.0442456   0.0410102   0.0356627   0.0342561   0.0313162   0.0313162   0.0313162
R 0 5   0  0  1  0    0.0000000   0.0000000   0.0000000   0.0000837   0.0000868   0.0000820   0.0000736   0.0000663   0.0000663   0.0000663   0.0000663   0.0000663
R 0 5   0  0  1  1    0.0000874   0.0000874   0.0000874   0.0000874   0.0000711   0.0000724   0.0000636   0.0000574   0.0000574   0.0000574   0.0000574   0.0000574
R 0 5   0  0  1  2    0.0000752   0.0000752   0.0000752   0.0000752   0.0000719   0.0000660   0.0000612   0.0000537   0.0000537   0.0000537   0.0000537   0.0000537
R 0 5   0  0  1  3    0.0000851   0.0000851   0.0000851   0.0000851   0.0000713   0.0000603   0.0000560   0.0000501   0.0000501   0.0000501   0.0000501   0.0000501
R 0 5   0  0  1  4    0.0001461   0.0001461   0.0001461   0.0000977   0.0000948   0.0000759   0.0000557   0.0000462   0.0000462   0.0000462   0.0000462   0.0000462
R 0 5   0  0  1  5    0.0001217   0.0001217   0.0000859   0.0000774   0.0000698   0.0000620   0.0000474   0.0000474   0.0000474   0.0000474   0.0000474   0.0000474
R 0 5   0  0  1  6    0.0000762   0.0000762   0.0000762   0.0000570   0.0000623   0.0000598   0.0000569   0.0000346   0.0000346   0.0000346   0.0000346   0.0000346
R 0 5   0  0  1  7    0.0000925   0.0000925   0.0000925   0.0000925   0.0000873   0.0000769   0.0000748   0.0000768   0.0000760   0.0000592   0.0000592   0.0000592
R 0 5   0  0  1  8    0.0001249   0.0001249   0.0001249   0.0001249   0.0001249   0.0001249   0.0001249   0.0001174   0.0001061   0.0001022   0.0000919   0.0000743
R 0 5   0  0  1  9    0.0002936   0.0002936   0.0002936   0.0002936   0.0002936   0.0002936   0.0002312   0.0002043   0.0001854   0.0001543   0.0001428   0.0001428
R 0 5   0  0  1 10    0.0015181   0.0011873   0.0009508   0.0008022   0.0005915   0.0004904   0.0004008   0.0002669   0.0002108   0.0001759   0.0001759   0.0001759
R 0 5   0  0  2  0    0.0000000   0.0000000   0.0000000   0.0000000   0.0000152   0.0000186   0.0000200   0.0000113   0.0000113   0.0000113   0.0000113   0.0000113
R 0 5   0  0  2  1    0.0000000   0.0000000   0.0000000   0.0000000   0.0000000   0.0000228   0.0000152   0.0000206   0.0000206   0.0000206   0.0000206   0.0000206
R 0 5   0  0  2  2    0.0000495   0.0000495   0.0000495   0.0000495   0.0000661   0.0000216   0.0000169   0.0000194   0.0000194   0.0000194   0.0000194   0.0000194
R 0 5   0  0  2  3    0.0000562   0.0000562   0.0000562   0.0000562   0.0000308   0.0000152   0.0000207   0.0000129   0.0000129   0.0000129   0.0000129   0.0000129
R 0 5   0  0  2  4    0.0000000   0.0000000   0.0000000   0.0000000   0.0000147   0.0000196   0.0000163   0.0000199   0.0000199   0.0000199   0.0000199   0.0000199
R 0 5   0  0  2  5    0.0000000   0.0000000   0.0000000   0.0000117   0.0000281   0.0000232   0.0000142   0.0000142   0.0000142   0.0000142   0.0000142   0.0000142
R 0 5   0  0  2  6    0.0000000   0.0000000   0.0000000   0.0000000   0.0000120   0.0000106   0.0000000   0.0000205   0.0000205   0.0000205   0.0000205   0.0000205
R 0 5   0  0  2  7    0.0000000   0.0000000   0.0000000   0.0000000   0.0000493   0.0000000   0.0000000   0.0000090   0.0000080   0.0000216   0.0000216   0.0000216
R 0 5   0  0  2  8    0.0000000   0.0000000   0.0000000   0.0000000   0.0000000   0.0000000   0.0000000   0.0000000   0.0000071   0.0000151   0.0000000   0.0000000
R 0 5   0  0  2  9    0.0000000   0.0000000   0.0000000   0.0000000   0.0000000   0.0000000   0.0000490   0.0000558   0.0000189   0.0000409   0.0000273   0.0000273
R 0 5   0  0  2 10    0.0000000   0.0000000   0.0000000   0.0000000   0.0000000   0.0000347   0.0001158   0.0000659   0.0000000   0.0000000   0.0000000   0.0000000
R 0 5   0  0  3  0    1.0185752   1.0185752   0.9730174   0.9938465   0.9866111   0.9816501   0.9794860   0.9809680   0.9809680   0.9809680   0.9809680   0.9809680
R 0 5   0  0  3  1    0.9874918   0.9874918   0.9874918   0.9874918   0.9812849   0.9801172   0.9777362   0.9775172   0.9775172   0.9775172   0.9775172   0.9775172
R 0 5   0  0  3  2    0.9792031   0.9792031   0.9792031   0.9792031   0.9860243   0.9815029   0.9795184   0.9792736   0.9792736   0.9792736   0.9792736   0.9792736
R 0 5   0  0  3  3    0.9647168   0.9647168   0.9647168   0.9647168   0.9889196   0.9827124   0.9799382   0.9795942   0.9795942   0.9795942   0.9795942   0.9795942
R 0 5   0  0  3  4    0.9850899   0.9850899   0.9850899   0.9742220   0.9727058   0.9719693   0.9764460   0.9847584   0.9847584   0.9847584   0.9847584   0.9847584
R 0 5   0  0  3  5    0.9742167   0.9742167   0.9797687   0.9778423   0.9721759   0.9702757   0.9666938   0.9666938   0.9666938   0.9666938   0.9666938   0.9666938
R 0 5   0  0  3  6    0.9910704   0.9910704   0.9910704   0.9872980   0.9845700   0.9825550   0.9809284   0.9781278   0.9781278   0.9781278   0.9781278   0.9781278
R 0 5   0  0  3  7    0.9850652   0.9850652   0.9850652   0.9850652   1.0014833   0.9877099   0.9850462   0.9827328   0.9838966   0.9822704   0.9822704   0.9822704
R 0 5   0  0  3  8    0.9964525   0.9964525   0.9964525   0.9964525   0.9964525   0.9964525   0.9964525   0.9852100   0.9805731   0.9820512   0.9842054   0.9960336
R 0 5   0  0  3  9    0.9938683   0.9938683   0.9938683   0.9938683   0.9938683   0.9938683   0.9780573   0.9723155   0.9711929   0.9816809   0.9913241   0.9913241
R 0 5   0  0  3 10    1.0022430   1.0060789   0.9872552   0.9702340   0.9686171   0.9658809   0.9654667   0.9654785   0.9857022   0.9869029   0.9869029   0.9869029
R 0 5   0  0  4  0    1.4039125   1.4039125   1.3432729   2.1364098   2.2558784   2.2742600   2.2391155   2.2725239   2.2725239   2.2725239   2.2725239   2.2725239
R 0 5   0  0  4  1    1.9857343   1.9857343   1.9857343   1.9857343   2.1492003   2.2221295   2.2043136   2.2039982   2.2039982   2.2039982   2.2039982   2.2039982
R 0 5   0  0  4  2    1.9220204   1.9220204   1.9220204   1.9220204   2.1913168   2.2552653   2.2336295   2.2312460   2.2312460   2.2312460   2.2312460   2.2312460
R 0 5   0  0  4  3    1.7842984   1.7842984   1.7842984   1.7842984   2.2667117   2.2614437   2.2349628   2.2263351   2.2263351   2.2263351   2.2263351   2.2263351
R 0 5   0  0  4  4    1.8940085   1.8940085   1.8940085   2.0246645   2.0844427   2.0864670   2.2027658   2.3417947   2.3417947   2.3417947   2.3417947   2.3417947
R 0 5   0  0  4  5    1.7417255   1.7417255   2.0657532   2.1533597   2.0866076   2.0820313   2.0064541   2.0064541   2.0064541   2.0064541   2.0064541   2.0064541
R 0 5   0  0  4  6    1.9708768   1.9708768   1.9708768   2.2150665   2.3187158   2.3504693   2.3420744   2.2755350   2.2755350   2.2755350   2.2755350   2.2755350
R 0 5   0  0  4  7    1.7958309   1.7958309   1.7958309   1.7958309   2.2720912   2.3510397   2.3413014   2.3475745   2.3855099   2.3473753   2.3473753   2.3473753
R 0 5   0  0  4  8    2.2394800   2.2394800   2.2394800   2.2394800   2.2394800   2.2394800   2.2394800   2.2466550   2.2245393   2.2688638   2.3094296   2.2989811
R 0 5   0  0  4  9    2.0876519   2.0876519   2.0876519   2.0876519   2.0876519   2.0876519   2.0440754   2.0564320   2.0417237   2.1987774   2.1982815   2.1982815
R 0 5   0  0  4 10    2.0059617   2.2206959   1.9797509   1.9006288   1.9778816   1.9626679   1.9571380   1.9375972   2.0789878   2.0207044   2.0207044   2.0207044
R 0 5   0  0  5  0   11.8606316  11.8606316   7.7902920   3.4474174   3.6390051   3.8614134   4.2304826   3.9271455   3.9271455   3.9271455   3.9271455   3.9271455
R 0 5   0  0  5  1    3.8991733   3.8991733   3.8991733   3.8991733   4.1143745   4.0612789   4.3725416   4.3288681   4.3288681   4.3288681   4.3288681   4.3288681
R 0 5   0  0  5  2    3.9166930   3.9166930   3.9166930   3.9166930   4.2547596   4.0408249   4.1359733   4.3113247   4.3113247   4.3113247   4.3113247   4.3113247
R 0 5   0  0  5  3    5.0220684   5.0220684   5.0220684   5.0220684   3.8534532   4.0308341   4.2964192   4.3514493   4.3514493   4.3514493   4.3514493   4.3514493
R 0 5   0  0  5  4    5.0742067   5.0742067   5.0742067   4.9907009   5.1465742   5.0100413   3.9583540   3.2190971   3.2190971   3.2190971   3.2190971   3.2190971
R 0 5   0  0  5  5    4.6758176   4.6758176   4.9678795   4.6449118   5.3305322   4.7112631   4.1277099   4.1277099   4.1277099   4.1277099   4.1277099   4.1277099
R 0 5   0  0  5  6    3.1695596   3.1695596   3.1695596   4.0018526   3.4542524   2.9629401   2.3993695   2.0087529   2.0087529   2.0087529   2.0087529   2.0087529
R 0 5   0  0  5  7    4.1378695   4.1378695   4.1378695   4.1378695   3.7415249   3.1214540   2.9435719   2.8796419   2.5792144   2.0865178   2.0865178   2.0865178
R 0 5   0  0  5  8    3.8696863   3.8696863   3.8696863   3.8696863   3.8696863   3.8696863   3.8696863   4.4509807   4.6225551   4.2586199   3.5083817   3.9612584
R 0 5   0  0  5  9    4.7018172   4.7018172   4.7018172   4.7018172   4.7018172   4.7018172   6.7168083   6.0925944   6.6696568   5.4532708   5.7217762   5.7217762
R 0 5   0  0  5 10    5.7473704   4.1720920   4.3599276   5.5884076   5.3803109   6.6671214   8.0193894   8.7655481   6.4724929   6.8947851   6.8947851   6.8947851
F  0  5   0  0  0  0    0.9723159   1.0296320   1.0181397   1.0044261   0.9898853   0.9998219   0.9927605   1.0043096   0.9750105   0.9815520   1.0035333
F  0  5   0  1  0  0    1.0370558   1.0914174   1.0791853   1.0624318   1.0549379   1.0507074   1.0672991   1.0600893   1.0137422   1.0115136   1.0466299
C  0  5   0  0  0  0  -0.2535125 -0.1126715 -0.1766029 -0.3850009 -0.2618047 -0.1587794 -0.1538798 -0.1858363 -0.2538442 -0.1540691 -0.2413646 -0.1582336 -0.1910757 -0.3127557 -0.3305767 -0.0386820
C  0  5   0  0  0  1  -0.0629362 -0.1596513 -0.1368325 -0.1209383 -0.1398534 -0.0981391 -0.1526593 -0.1263515 -0.0443001 -0.1318800 -0.0220729 -0.1047948 -0.1585992 -0.1344518 -0.2006306 -0.0434438
C  0  5   0  0  0  2  -0.1143199 -0.1076616 -0.1142526 -0.1318133 -0.0160649 -0.0547150 -0.0842990 -0.0948364 -0.0197729 -0.0747145 -0.0470229 -0.0676872 -0.1257645 -0.0603657 -0.0355802 -0.1005908
C  0  5   0  0  0  3  -0.0582733 -0.0785713 -0.1290854 -0.0278599  0.0296108 -0.1342001 -0.0908725 -0.0252333 -0.0419874 -0.0209205 -0.1077591 -0.0592459 -0.1515829 -0.1079134 -0.1012920 -0.0108195
C  0  5   0  0  0  4  -0.0862973 -0.0875094 -0.0493029 -0.0895800 -0.1020305 -0.0867035 -0.0483312 -0.0439441 -0.0361966 -0.0303872 -0.0621642 -0.0377667 -0.1264057 -0.1157483 -0.0251230 -0.0685291
C  0  5   0  0  0  5  -0.0236005  0.0101632 -0.0721553  0.0541560 -0.0114409 -0.0276083 -0.0333471 -0.0170487  0.0402617 -0.0141244 -0.0042486 -0.0066192 -0.0376233  0.0246630  0.0752735 -0.0576143
C  0  5   0  0  0  6  -0.0105739  0.0789756  0.0324056 -0.0003129 -0.0060324  0.0235931 -0.0409108 -0.0740027 -0.0299337 -0.0421125  0.0049342  0.0202301 -0.0637893 -0.0024306 -0.0476023  0.0811773
C  0  5   0  0  0  7  -0.0453773  0.0104758  0.0115790 -0.0114228  0.0045440  0.0431350  0.0240851  0.0006728 -0.0278227 -0.0200586  0.0629368 -0.0385984  0.0053391 -0.0280975 -0.0306407  0.0186150
C  0  5   0  0  0  8  -0.0120628  0.0030264  0.0392471  0.0262635 -0.0128368  0.0346810  0.0026528 -0.0234316  0.0072728  0.0288250 -0.0166366  0.0048968 -0.0063691  0.0576737 -0.0590413 -0.0137251
C  0  5   0  0  0  9  -0.0439181  0.0259561 -0.0121860  0.0416542  0.0294397  0.0366723 -0.0046134  0.0320518 -0.0407900  0.0094284  0.0472640  0.0381238 -0.0116855  0.0517208 -0.0130635  0.0481502
C  0  5   0  0  0 10  -0.0232159  0.0099433  0.0416276  0.0595882  0.0031073  0.0034441 -0.0380401 -0.0269128  0.0128532 -0.0539281  0.0117722 -0.0014296 -0.0364756  0.0504825  0.0133122  0.0473313
C  0  5   0  0  0 11  -0.0495689  0.0307151 -0.0422330  0.0522581  0.0197792  0.0563735  0.0465389  0.0874629  0.0130975  0.0322442  0.0201213 -0.0205942 -0.0012036  0.0183518  0.0002634 -0.0028275
C  0  5   0  0  0 12   0.0565521 -0.0134866  0.0006788  0.0076927  0.0107807  0.0287487 -0.0232977 -0.0091958 -0.0048997  0.0630301  0.0139330 -0.0017883 -0.0570213 -0.0009454  0.0203530  0.0224021
C  0  5   0  0  0 13  -0.0329442 -0.0014164  0.0337814  0.0041173 -0.0007615 -0.0205986  0.0173246 -0.0042685  0.0312738  0.0362327 -0.0199176  0.0161489 -0.0096211  0.0154879 -0.0090978  0.0081059
C  0  5   0  0  0 14  -0.0322374 -0.0056903 -0.0240667 -0.0087671 -0.0102860 -0.0073840 -0.0037658  0.0104362 -0.0255253 -0.0202293  0.0711727 -0.0547644  0.0213276  0.0315661 -0.0078236 -0.0608470
C  0  5   0  0  0 15  -0.0718381 -0.0434144 -0.0128605  0.0251293  0.0287899 -0.0576552 -0.0050580  0.0199046  0.0045860 -0.0123317 -0.0199212 -0.1031691 -0.0086877  0.0088834 -0.0749441  0.0062513
C  0  5   0  0  0 16   0.0885239  0.0251031 -0.0130029  0.0117616 -0.0283442 -0.0891430 -0.0264911  0.0007065 -0.0699594  0.1134203  0.0123312 -0.0597410 -0.0703048 -0.0094410 -0.0844917 -0.0090930
C  0  5   0  0  0 17  -0.0880228 -0.0840958 -0.1221584 -0.1040039 -0.1254551 -0.0425128 -0.0535462 -0.0094806 -0.0245397 -0.0682542 -0.0027153 -0.0158115 -0.1003972 -0.1472456 -0.0513154 -0.0156578
C  0  5   0  0  0 18  -0.1423926 -0.0432200 -0.0155412 -0.0535226 -0.1485133 -0.0444033 -0.0562849 -0.0356480 -0.0519402 -0.0202567 -0.0295256 -0.0887085 -0.0401735 -0.0045834 -0.1549767 -0.0081005
C  0  5   0  0  0 19   0.0215043 -0.0901459 -0.2075727 -0.0215666 -0.1129845 -0.0672860 -0.1317587 -0.0402038 -0.1180178 -0.0613614 -0.0736628 -0.0866408 -0.0695805 -0.0613038 -0.0585416 -0.0975860
C  0  5   0  0  0 20  -0.1031765 -0.0709063 -0.0577241 -0.0596419 -0.1483251 -0.1452923 -0.1801380 -0.1397490 -0.1522783 -0.1968978 -0.1588383  0.0064917 -0.0296183 -0.1681935 -0.1550121 -0.1590942
C  0  5   0  0  0 21  -0.1939220 -0.1954800 -0.3207303 -0.1681927 -0.1961770 -0.1685567 -0.2488704 -0.0679063 -0.1805825 -0.1128566 -0.1932678 -0.2813771 -0.3418016 -0.3836166 -0.2444858 -0.2585737
C  0  5   0  0  1  0  -0.0018967 -0.0002511 -0.0005243 -0.0019620 -0.0029606  0.0024981  0.0006380  0.0006295  0.0019531 -0.0006239 -0.0034021  0.0032427  0.0057086  0.0045823  0.0054419  0.0062924
C  0  5   0  0  1  1   0.0011507  0.0009853 -0.0020938 -0.0027470 -0.0007829 -0.0019415  0.0043645  0.0008574  0.0022849 -0.0015100 -0.0016306 -0.0024358  0.0026901  0.0041240  0.0020470  0.0023706
C  0  5   0  0  1  2   0.0028007 -0.0009227 -0.0001099  0.0001306 -0.0018482  0.0009619  0.0001733  0.0006581 -0.0011585  0.0011082 -0.0016532 -0.0017250  0.0016895 -0.0007450  0.0002500 -0.0001837
C  0  5   0  0  1  3   0.0025349 -0.0001081  0.0004163 -0.0018878 -0.0009411  0.0016693  0.0020568 -0.0012743 -0.0024126 -0.0020936 -0.0010946 -0.0015087  0.0006560 -0.0010896  0.0002448  0.0023368
C  0  5   0  0  1  4   0.0025035 -0.0003952 -0.0008645  0.0023157  0.0010561 -0.0010183  0.0015878 -0.0001075  0.0009703  0.0007548 -0.0006321 -0.0016741  0.0017965 -0.0003862 -0.0000796 -0.0023856
C  0  5   0  0  1  5   0.0013615  0.0008810 -0.0018581  0.0016125  0.0002553 -0.0006350 -0.0005841  0.0005992 -0.0000363  0.0004210  0.0017335 -0.0013079  0.0002912  0.0000391  0.0003897 -0.0009008
C  0  5   0  0  1  6   0.0022061 -0.0002096 -0.0005891  0.0005069  0.0007932 -0.0002485 -0.0009730 -0.0004638  0.0005813 -0.0011453 -0.0003888 -0.0001225 -0.0009959 -0.0022604  0.0013835 -0.0007211
C  0  5   0  0  1  7   0.0019735 -0.0001272  0.0008217  0.0003889  0.0020247  0.0009195 -0.0013838  0.0001569  0.0009238 -0.0012234  0.0013307 -0.0015594 -0.0008909 -0.0001313  0.0000320  0.0001760
C  0  5   0  0  1  8   0.0015838  0.0010450  0.0002565 -0.0005582  0.0012481  0.0011074  0.0009937  0.0001774  0.0018462  0.0001366 -0.0000057 -0.0013008 -0.0004889  0.0006905  0.0001363  0.0008125
C  0  5   0  0  1  9  -0.0018753  0.0008668  0.0016329  0.0001612  0.0002951  0.0003484  0.0007738  0.0007960 -0.0007328 -0.0014799 -0.0027891 -0.0007321 -0.0011523  0.0000854 -0.0012983  0.0006643
C  0  5   0  0  1 10   0.0007896  0.0002605  0.0014322  0.0017221  0.0016243 -0.0002989  0.0005717 -0.0002648 -0.0019258 -0.0016908 -0.0002184 -0.0008589 -0.0012048 -0.0007699  0.0000205  0.0011497
C  0  5   0  0  1 11   0.0002409  0.0003084  0.0003271  0.0008724  0.0000974  0.0004142 -0.0022056 -0.0013719 -0.0026325  0.0000974 -0.0001911 -0.0013604  0.0007487 -0.0001491 -0.0003063 -0.0005956
C  0  5   0  0  1 12   0.0004289 -0.0001339  0.0002742 -0.0005478  0.0006927 -0.0005272  0.0011657 -0.0001954  0.0003895 -0.0000366 -0.0000741  0.0017761  0.0002015 -0.0001243  0.0002213  0.0012893
C  0  5   0  0  1 13   0.0026097 -0.0012467  0.0004869  0.0018110  0.0024263  0.0007265 -0.0007746  0.0006627 -0.0002958 -0.0013016 -0.0008951 -0.0018596 -0.0007758  0.0010282  0.0003062  0.0015193
C  0  5   0  0  1 14   0.0019359  0.0004663  0.0022628  0.0014291  0.0016758  0.0017031 -0.0005875  0.0012831  0.0000927  0.0005915  0.0002058  0.0003009  0.0005338  0.0004189 -0.0005491  0.0021559
C  0  5   0  0  1 15   0.0015806  0.0000593 -0.0002974  0.0005916  0.0007404  0.0018680  0.0008491 -0.0010189  0.0006794 -0.0008747 -0.0004642  0.0009913 -0.0000306  0.0007020  0.0005773  0.0004242
C  0  5   0  0  1 16   0.0021953  0.0025158  0.0012578  0.0013593 -0.0004871  0.0023108  0.0007544  0.0000349  0.0007469 -0.0008747  0.0007743  0.0002216 -0.0001753  0.0013100  0.0023583  0.0019069
C  0  5   0  0  1 17   0.0006475 -0.0013531  0.0000422  0.0032995  0.0014241  0.0031120  0.0022276  0.0020762 -0.0002020  0.0030940  0.0016560 -0.0003398  0.0012154 -0.0009448  0.0047688  0.0044547
C  0  5   0  0  1 18   0.0055077  0.0043749  0.0020825  0.0010781  0.0001050  0.0019672  0.0043655  0.0011438 -0.0007564  0.0015810  0.0037082  0.0018710 -0.0000168  0.0000410  0.0059698  0.0049756
C  0  5   0  0  1 19   0.0025680  0.0024693  0.0011710  0.0019391  0.0007405  0.0015394  0.0029955  0.0014547  0.0033119  0.0030740 -0.0003710  0.0004815  0.0017163  0.0020577  0.0035309  0.0045477
C  0  5   0  0  1 20   0.0054852  0.0055046  0.0046031  0.0037536  0.0015069  0.0040580  0.0028819  0.0040178  0.0032291  0.0036436  0.0000209 -0.0015702  0.0027969  0.0038816  0.0052767  0.0057431
C  0  5   0  0  1 21   0.0129539  0.0125197  0.0062310  0.0017602 -0.0031381 -0.0052748 -0.0083443 -0.0010219 -0.0022390 -0.0030278 -0.0002780  0.0050873  0.0017313  0.0054832  0.0096647  0.0042614
C  0  5   0  1  0  0  -0.4537969 -0.3492792 -0.3516165 -0.3721019 -0.2401542 -0.4032043 -0.3522100 -0.3163805 -0.3306413 -0.3023012 -0.3746078 -0.4812738 -0.4310817 -0.4280912 -0.4217716 -0.4617950
C  0  5   0  1  0  1  -0.2907329 -0.3449154 -0.2893352 -0.2856565 -0.3266520 -0.2967907 -0.2822064 -0.2446580 -0.2884053 -0.2409431 -0.3139025 -0.3110141 -0.3714964 -0.3889044 -0.3459730 -0.3240334
C  0  5   0  1  0  2  -0.3241714 -0.3322547 -0.2626752 -0.2941965 -0.2870422 -0.2527690 -0.2648339 -0.2518941 -0.2464313 -0.2302267 -0.2905251 -0.2968326 -0.3341728 -0.3603264 -0.2811499 -0.3432384
C  0  5   0  1  0  3  -0.2907536 -0.2975922 -0.3092016 -0.2782578 -0.2761997 -0.2236614 -0.1914484 -0.1542803 -0.1842182 -0.2139497 -0.2281955 -0.2640546 -0.2597696 -0.2916304 -0.3011593 -0.2728626
C  0  5   0  1  0  4  -0.2881649 -0.2585400 -0.2762306 -0.2525440 -0.2457136 -0.2055032 -0.2559555 -0.2394416 -0.2289649 -0.1982874 -0.1975318 -0.2818837 -0.3015981 -0.2605991 -0.3171248 -0.2967978
C  0  5   0  1  0  5  -0.2053475 -0.1789400 -0.1920123 -0.1612198 -0.1541323 -0.1476652 -0.1892068 -0.1515551 -0.1557424 -0.1488237 -0.1709669 -0.2038151 -0.2247834 -0.1567106 -0.1874878 -0.1920631
C  0  5   0  1  0  6  -0.1522391 -0.1306200 -0.1780143 -0.1705041 -0.1207836 -0.1319484 -0.1409063 -0.1346641 -0.1436407 -0.1212455 -0.1021416 -0.1167399 -0.1218279 -0.1441947 -0.1464920 -0.1851249
C  0  5   0  1  0  7  -0.1535083 -0.1515310 -0.1492978 -0.1279313 -0.1624453 -0.1650284 -0.1708430 -0.1308298 -0.1373750 -0.1004811 -0.1021447 -0.1376537 -0.1582326 -0.1434900 -0.1362496 -0.1346807
C  0  5   0  1  0  8  -0.1779354 -0.0985176 -0.1346475 -0.1522142 -0.1610345 -0.1601808 -0.1484272 -0.1517997 -0.1448022 -0.1146504 -0.1244055 -0.1701330 -0.1194029 -0.1646743 -0.1410278 -0.1385049
C  0  5   0  1  0  9  -0.1351552 -0.1351529 -0.0914739 -0.1350851 -0.1052878 -0.1377768 -0.1139461 -0.1720654 -0.1079349 -0.1308233 -0.0769284 -0.1417426 -0.1288990 -0.1011114 -0.1351792 -0.1403386
C  0  5   0  1  0 10  -0.1380516 -0.1090873 -0.1229456 -0.1444885 -0.1474392 -0.1329562 -0.1376461 -0.1215298 -0.0951482 -0.1273558 -0.1286205 -0.1205251 -0.1095941 -0.1307253 -0.1158359 -0.1201925
C  0  5   0  1  0 11  -0.1335553 -0.1157690 -0.1433861 -0.1051097 -0.1035836 -0.1087296 -0.1200119 -0.1211081 -0.1464281 -0.0884867 -0.1088282 -0.1244244 -0.1104589 -0.1389478 -0.0954310 -0.1187032
C  0  5   0  1  0 12  -0.0989261 -0.1149688 -0.1335402 -0.1045195 -0.1397691 -0.1245111 -0.1401750 -0.1740591 -0.1318712 -0.1212584 -0.1232544 -0.0982532 -0.0976524 -0.1254573 -0.1109655 -0.1245141
C  0  5   0  1  0 13  -0.1126580 -0.1487183 -0.1607864 -0.1271713 -0.1369027 -0.1608465 -0.1520703 -0.1518314 -0.1177620 -0.1284561 -0.1591875 -0.1339274 -0.1560503 -0.1364943 -0.1587830 -0.1323325
C  0  5   0  1  0 14  -0.1323534 -0.1549223 -0.1456892 -0.1505771 -0.1694745 -0.1352696 -0.1473389 -0.2116205 -0.1519576 -0.1486832 -0.1318215 -0.1354001 -0.1442843 -0.0909247 -0.1373226 -0.1831494
C  0  5   0  1  0 15  -0.1129163 -0.1822058 -0.1460296 -0.1342412 -0.1606755 -0.1199617 -0.1524897 -0.1572214 -0.1588782 -0.1262368 -0.1067890 -0.1650802 -0.1352551 -0.0994657 -0.0951323 -0.1497543
C  0  5   0  1  0 16  -0.1711791 -0.1547162 -0.1585738 -0.1435816 -0.1675334 -0.1659055 -0.1988378 -0.2113592 -0.1624705 -0.1935039 -0.1349051 -0.1427439 -0.1405563 -0.1501517 -0.1440733 -0.1203569
C  0  5   0  1  0 17  -0.2529801 -0.2774689 -0.2084078 -0.2805317 -0.2200375 -0.2692380 -0.2586592 -0.2525628 -0.2453168 -0.2504235 -0.2467919 -0.2147977 -0.2045073 -0.2817723 -0.2302581 -0.2511032
C  0  5   0  1  0 18  -0.2603974 -0.2646828 -0.2625844 -0.2492193 -0.2366780 -0.2402429 -0.2844154 -0.2675007 -0.2559031 -0.2283480 -0.2632981 -0.2635070 -0.2635130 -0.1943593 -0.1910014 -0.2207554
C  0  5   0  1  0 19  -0.2683856 -0.2570024 -0.2907712 -0.3106745 -0.2936234 -0.2813184 -0.2669926 -0.2217545 -0.2781838 -0.2774304 -0.2212659 -0.2750077 -0.2441869 -0.2570685 -0.2692413 -0.2581172
C  0  5   0  1  0 20  -0.2660045 -0.2964779 -0.3482949 -0.3304796 -0.3242644 -0.2350480 -0.2905684 -0.3229061 -0.3526011 -0.3132785 -0.3233601 -0.2784896 -0.3577500 -0.3016034 -0.2678350 -0.3060159
C  0  5   0  1  0 21  -0.4144965 -0.3886394 -0.3728149 -0.3682810 -0.3118735 -0.2815935 -0.3257910 -0.3586958 -0.3998443 -0.3416932 -0.3386751 -0.3570131 -0.3137523 -0.3557955 -0.3672741 -0.3859011
C  0  5   0  1  1  0   0.0460839  0.0493382  0.0406007  0.0247772  0.0016503 -0.0204899 -0.0332622 -0.0419848 -0.0462520 -0.0362409 -0.0335657 -0.0186760  0.0027770  0.0053886  0.0248562  0.0380624
C  0  5   0  1  1  1   0.0248658  0.0225900  0.0179510  0.0107245  0.0024265 -0.0077351 -0.0151721 -0.0182118 -0.0177377 -0.0151781 -0.0152125 -0.0071978  0.0034772  0.0089490  0.0121315  0.0239249
C  0  5   0  1  1  2   0.0123723  0.0133279  0.0089672  0.0057925  0.0015399 -0.0031504 -0.0079243 -0.0083045 -0.0093356 -0.0060506 -0.0052040 -0.0031343  0.0006127  0.0033392  0.0047524  0.0107989
C  0  5   0  1  1  3   0.0076849  0.0070866  0.0022472  0.0041050  0.0011159  0.0004048 -0.0038348 -0.0018374  0.0004422 -0.0000861 -0.0025343 -0.0007857  0.0016828  0.0027791  0.0022174  0.0063770
C  0  5   0  1  1  4   0.0019350  0.0024765  0.0005789  0.0006090  0.0031039  0.0020791  0.0003697  0.0017973  0.0044692  0.0029047 -0.0008073 -0.0003617  0.0022107  0.0014940  0.0037448  0.0024076
C  0  5   0  1  1  5   0.0014340  0.0006714  0.0001307  0.0032886  0.0031878  0.0036918  0.0031951  0.0040055  0.0048624  0.0023970 -0.0010800 -0.0007458  0.0018837  0.0024173  0.0020349 -0.0005219
C  0  5   0  1  1  6   0.0010665  0.0015677  0.0013023  0.0037349  0.0043825  0.0042286  0.0048803  0.0047065  0.0043074  0.0011680  0.0004015  0.0004582  0.0007361  0.0010574  0.0006030 -0.0003797
C  0  5   0  1  1  7  -0.0010108  0.0017790  0.0018418  0.0041892  0.0043553  0.0037500  0.0056085  0.0035213  0.0035581  0.0008382 -0.0003448 -0.0001348  0.0013943  0.0010547  0.0013561 -0.0013248
C  0  5   0  1  1  8  -0.0008070  0.0009827  0.0021861  0.0017843  0.0046890  0.0038341  0.0047048  0.0049345  0.0051573  0.0014438  0.0006796 -0.0001401  0.0016450  0.0011452  0.0014046 -0.0010640
C  0  5   0  1  1  9   0.0010572  0.0022209  0.0017019  0.0029648  0.0025997  0.0026854  0.0036471  0.0035269  0.0025203 -0.0004024  0.0011451  0.0006726  0.0012072  0.0000411 -0.0000476 -0.0017856
C  0  5   0  1  1 10  -0.0004152  0.0020002  0.0015929  0.0016078  0.0021460  0.0016781  0.0022045  0.0026417  0.0028811 -0.0002877 -0.0006802  0.0001305 -0.0006058  0.0007503  0.0017492 -0.0010843
C  0  5   0  1  1 11  -0.0000819  0.0015779  0.0011014  0.0019962  0.0025960 -0.0001453  0.0011681  0.0020879  0.0024610  0.0013765 -0.0018197 -0.0004134 -0.0002069 -0.0003586  0.0002749 -0.0019240
C  0  5   0  1  1 12  -0.0000474  0.0017460  0.0024239  0.0037263  0.0022814  0.0012208  0.0009391  0.0027084  0.0041476  0.0009813  0.0012608  0.0006835  0.0006739 -0.0004727  0.0007595 -0.0011858
C  0  5   0  1  1 13  -0.0001559  0.0020222  0.0024284  0.0031466  0.0028506  0.0027720  0.0041147  0.0055278  0.0047357  0.0011690  0.0010721 -0.0002412 -0.0005255 -0.0021353  0.0001341 -0.0015155
C  0  5   0  1  1 14  -0.0007000  0.0008022  0.0023172  0.0036353  0.0036432  0.0024077  0.0035684  0.0059761  0.0051989  0.0017510  0.0015806 -0.0006837 -0.0018333 -0.0015834 -0.0017986 -0.0023100
C  0  5   0  1  1 15  -0.0018623  0.0002617  0.0026899  0.0036886  0.0027851 -0.0007590  0.0029474  0.0033283  0.0059432  0.0030427  0.0019975  0.0001225 -0.0028331 -0.0055026 -0.0055366 -0.0049738
C  0  5   0  1  1 16  -0.0014357  0.0012332  0.0033088  0.0045538  0.0031162  0.0009822  0.0035968  0.0037258  0.0042439  0.0063187  0.0026196  0.0024706 -0.0012432 -0.0016359 -0.0047851 -0.0053150
C  0  5   0  1  1 17  -0.0035618  0.0020057  0.0015870  0.0061213  0.0019293 -0.0016221  0.0010641  0.0036723  0.0041145  0.0042774  0.0041535  0.0016570 -0.0012175 -0.0042580 -0.0051281 -0.0046728
C  0  5   0  1  1 18   0.0005647  0.0072502  0.0052212  0.0066769  0.0042919 -0.0001489 -0.0021156 -0.0005805  0.0028103  0.0041519  0.0019226  0.0010943 -0.0013792 -0.0037388 -0.0057877 -0.0039727
C  0  5   0  1  1 19   0.0021254  0.0082395  0.0120058  0.0100154  0.0064603  0.0019577 -0.0024754 -0.0005930  0.0028476  0.0052321  0.0024179 -0.0002115 -0.0027578 -0.0045802 -0.0053590 -0.0022147
C  0  5   0  1  1 20   0.0013610  0.0145666  0.0180648  0.0134411  0.0064300  0.0031525 -0.0020132 -0.0011672  0.0009605  0.0060719  0.0015308 -0.0025040 -0.0067669 -0.0084736 -0.0059148 -0.0047483
C  0  5   0  1  1 21   0.0091070  0.0211905  0.0308155  0.0224837  0.0155687  0.0160371  0.0106251  0.0113337  0.0118604  0.0137535  0.0015401 -0.0033645 -0.0088882 -0.0175744 -0.0077179  0.0008765
