CPHI 16 
CETA 22 -2.40 -2.10 -1.85 -1.60 -1.40 -1.20 -1.00 -0.80 -0.60 -0.40 -0.20  0.00  0.20  0.40  0.60  0.80  1.00  1.20  1.40  1.60  1.85  2.10  2.40 
RMIN  6 
RTRK 12 
RETA 11  0.00  0.20  0.40  0.60  0.80  1.00  1.20  1.40  1.60  1.85  2.10  2.40 
T 0 5   1  0  0  0    0.0000000   0.0006174   0.0016774   0.0031880   0.0122719   0.0692370   0.2780276   0.6535433   1.0000000   1.0000000   1.0000000   1.0000000   1.0000000
T 0 5   1  0  0  1    0.0000000   0.0001354   0.0005459   0.0023920   0.0124343   0.0590489   0.2262877   0.5889114   1.0000000   1.0000000   1.0000000   1.0000000   1.0000000
T 0 5   1  0  0  2    0.0000000   0.0001294   0.0005243   0.0017488   0.0107047   0.0555296   0.2094740   0.5738720   1.0000000   1.0000000   1.0000000   1.0000000   1.0000000
T 0 5   1  0  0  3    0.0000000   0.0002015   0.0005867   0.0017170   0.0115356   0.0627351   0.2260086   0.5868161   1.0000000   1.0000000   1.0000000   1.0000000   1.0000000
T 0 5   1  0  0  4    0.0000000   0.0003907   0.0025396   0.0143279   0.0629528   0.2043776   0.4892906   0.8222971   1.0000000   1.0000000   1.0000000   1.0000000   1.0000000
T 0 5   1  0  0  5    0.0000000   0.0009833   0.0074319   0.0513680   0.2055027   0.5328830   0.8761381   0.9993922   1.0000000   1.0000000   1.0000000   1.0000000   1.0000000
T 0 5   1  0  0  6    0.0000000   0.0002959   0.0012101   0.0103076   0.0673314   0.2771700   0.6633683   0.9312166   0.9981963   0.9999994   1.0000000   1.0000000   1.0000000
T 0 5   1  0  0  7    0.0000000   0.0000583   0.0003953   0.0009066   0.0047834   0.0308238   0.1189337   0.2972425   0.5813239   0.8692031   0.9842107   0.9998683   1.0000000
T 0 5   1  0  0  8    0.0000000   0.0000019   0.0000351   0.0001224   0.0003944   0.0009957   0.0042109   0.0251107   0.1194546   0.3938732   0.7895316   0.9692909   1.0000000
T 0 5   1  0  0  9    0.0000000   0.0000072   0.0000100   0.0000333   0.0005408   0.0035534   0.0183417   0.0860144   0.3020499   0.6584964   0.9386042   0.9999342   1.0000000
T 0 5   1  0  0 10    0.0000000   0.0067141   0.0290557   0.0464353   0.0795622   0.1688626   0.3381590   0.6900122   0.9105257   0.9702516   0.9998314   1.0000000   1.0000000
T 0 5   1  1  0  0    0.0000000   0.0005148   0.0016399   0.0047460   0.0213440   0.1017716   0.3374237   0.6994022   1.0000000   1.0000000   1.0000000   1.0000000   1.0000000
T 0 5   1  1  0  1    0.0000000   0.0002633   0.0010891   0.0042307   0.0181163   0.0752157   0.2537985   0.6193956   1.0000000   1.0000000   1.0000000   1.0000000   1.0000000
T 0 5   1  1  0  2    0.0000000   0.0002194   0.0008486   0.0027728   0.0124455   0.0616642   0.2339277   0.6064318   1.0000000   1.0000000   1.0000000   1.0000000   1.0000000
T 0 5   1  1  0  3    0.0000000   0.0002283   0.0008669   0.0027852   0.0140251   0.0700545   0.2491207   0.6198491   1.0000000   1.0000000   1.0000000   1.0000000   1.0000000
T 0 5   1  1  0  4    0.0000000   0.0004356   0.0027620   0.0153929   0.0663357   0.2155446   0.5058694   0.8320271   1.0000000   1.0000000   1.0000000   1.0000000   1.0000000
T 0 5   1  1  0  5    0.0000000   0.0011873   0.0094478   0.0577925   0.2246261   0.5586818   0.8900123   0.9996500   1.0000000   1.0000000   1.0000000   1.0000000   1.0000000
T 0 5   1  1  0  6    0.0000000   0.0004626   0.0026649   0.0180020   0.0942133   0.3329130   0.7236541   0.9536823   0.9988141   0.9999984   1.0000000   1.0000000   1.0000000
T 0 5   1  1  0  7    0.0000000   0.0002246   0.0006446   0.0024765   0.0123245   0.0526267   0.1570011   0.3413836   0.6074237   0.8728054   0.9849908   0.9998878   1.0000000
T 0 5   1  1  0  8    0.0000000   0.0009562   0.0014955   0.0017998   0.0022382   0.0036136   0.0107994   0.0452511   0.1686405   0.4573475   0.8251665   0.9710661   1.0000000
T 0 5   1  1  0  9    0.0000000   0.0021003   0.0074838   0.0131257   0.0159362   0.0198461   0.0401951   0.1288935   0.3661962   0.7154288   0.9583841   0.9999941   1.0000000
T 0 5   1  1  0 10    0.0000000   0.0032254   0.0170235   0.0428863   0.0843736   0.1746921   0.3942474   0.7474223   0.9511020   0.9856143   0.9999985   1.0000000   1.0000000
R 0 5   1  0  0  0    0.0253576   0.0253576   0.0128287   0.0109595   0.0104595   0.0102026   0.0100150   0.0098581   0.0098581   0.0098581   0.0098581   0.0098581
R 0 5   1  0  0  1    0.0122798   0.0122798   0.0122798   0.0122798   0.0111934   0.0109503   0.0109754   0.0108621   0.0108621   0.0108621   0.0108621   0.0108621
R 0 5   1  0  0  2    0.0130097   0.0130097   0.0130097   0.0130097   0.0121884   0.0120291   0.0118600   0.0116981   0.0116981   0.0116981   0.0116981   0.0116981
R 0 5   1  0  0  3    0.0140471   0.0140471   0.0140471   0.0140471   0.0128436   0.0126149   0.0123856   0.0122570   0.0122570   0.0122570   0.0122570   0.0122570
R 0 5   1  0  0  4    0.0197239   0.0197239   0.0197239   0.0177018   0.0170027   0.0159123   0.0145108   0.0131235   0.0131235   0.0131235   0.0131235   0.0131235
R 0 5   1  0  0  5    0.0212935   0.0212935   0.0197325   0.0192336   0.0187752   0.0180916   0.0170218   0.0170218   0.0170218   0.0170218   0.0170218   0.0170218
R 0 5   1  0  0  6    0.0209098   0.0209098   0.0209098   0.0207367   0.0208473   0.0207490   0.0208824   0.0207785   0.0207785   0.0207785   0.0207785   0.0207785
R 0 5   1  0  0  7    0.0231029   0.0231029   0.0231029   0.0231029   0.0212789   0.0214481   0.0212900   0.0210390   0.0206293   0.0198029   0.0198029   0.0198029
R 0 5   1  0  0  8    0.0218674   0.0218674   0.0218674   0.0218674   0.0218674   0.0218674   0.0218674   0.0212585   0.0210625   0.0209894   0.0203586   0.0192185
R 0 5   1  0  0  9    0.0322194   0.0322194   0.0322194   0.0322194   0.0322194   0.0322194   0.0302407   0.0289090   0.0275300   0.0264879   0.0252806   0.0252806
R 0 5   1  0  0 10    0.0828094   0.0734940   0.0639626   0.0550960   0.0477775   0.0442456   0.0410102   0.0356627   0.0342561   0.0313162   0.0313162   0.0313162
R 0 5   1  0  1  0    0.0000000   0.0000000   0.0000000   0.0000837   0.0000868   0.0000820   0.0000736   0.0000663   0.0000663   0.0000663   0.0000663   0.0000663
R 0 5   1  0  1  1    0.0000874   0.0000874   0.0000874   0.0000874   0.0000711   0.0000724   0.0000636   0.0000574   0.0000574   0.0000574   0.0000574   0.0000574
R 0 5   1  0  1  2    0.0000752   0.0000752   0.0000752   0.0000752   0.0000719   0.0000660   0.0000612   0.0000537   0.0000537   0.0000537   0.0000537   0.0000537
R 0 5   1  0  1  3    0.0000851   0.0000851   0.0000851   0.0000851   0.0000713   0.0000603   0.0000560   0.0000501   0.0000501   0.0000501   0.0000501   0.0000501
R 0 5   1  0  1  4    0.0001461   0.0001461   0.0001461   0.0000977   0.0000948   0.0000759   0.0000557   0.0000462   0.0000462   0.0000462   0.0000462   0.0000462
R 0 5   1  0  1  5    0.0001217   0.0001217   0.0000859   0.0000774   0.0000698   0.0000620   0.0000474   0.0000474   0.0000474   0.0000474   0.0000474   0.0000474
R 0 5   1  0  1  6    0.0000762   0.0000762   0.0000762   0.0000570   0.0000623   0.0000598   0.0000569   0.0000346   0.0000346   0.0000346   0.0000346   0.0000346
R 0 5   1  0  1  7    0.0000925   0.0000925   0.0000925   0.0000925   0.0000873   0.0000769   0.0000748   0.0000768   0.0000760   0.0000592   0.0000592   0.0000592
R 0 5   1  0  1  8    0.0001249   0.0001249   0.0001249   0.0001249   0.0001249   0.0001249   0.0001249   0.0001174   0.0001061   0.0001022   0.0000919   0.0000743
R 0 5   1  0  1  9    0.0002936   0.0002936   0.0002936   0.0002936   0.0002936   0.0002936   0.0002312   0.0002043   0.0001854   0.0001543   0.0001428   0.0001428
R 0 5   1  0  1 10    0.0015181   0.0011873   0.0009508   0.0008022   0.0005915   0.0004904   0.0004008   0.0002669   0.0002108   0.0001759   0.0001759   0.0001759
R 0 5   1  0  2  0    0.0000000   0.0000000   0.0000000   0.0000000   0.0000152   0.0000186   0.0000200   0.0000113   0.0000113   0.0000113   0.0000113   0.0000113
R 0 5   1  0  2  1    0.0000000   0.0000000   0.0000000   0.0000000   0.0000000   0.0000228   0.0000152   0.0000206   0.0000206   0.0000206   0.0000206   0.0000206
R 0 5   1  0  2  2    0.0000495   0.0000495   0.0000495   0.0000495   0.0000661   0.0000216   0.0000169   0.0000194   0.0000194   0.0000194   0.0000194   0.0000194
R 0 5   1  0  2  3    0.0000562   0.0000562   0.0000562   0.0000562   0.0000308   0.0000152   0.0000207   0.0000129   0.0000129   0.0000129   0.0000129   0.0000129
R 0 5   1  0  2  4    0.0000000   0.0000000   0.0000000   0.0000000   0.0000147   0.0000196   0.0000163   0.0000199   0.0000199   0.0000199   0.0000199   0.0000199
R 0 5   1  0  2  5    0.0000000   0.0000000   0.0000000   0.0000117   0.0000281   0.0000232   0.0000142   0.0000142   0.0000142   0.0000142   0.0000142   0.0000142
R 0 5   1  0  2  6    0.0000000   0.0000000   0.0000000   0.0000000   0.0000120   0.0000106   0.0000000   0.0000205   0.0000205   0.0000205   0.0000205   0.0000205
R 0 5   1  0  2  7    0.0000000   0.0000000   0.0000000   0.0000000   0.0000493   0.0000000   0.0000000   0.0000090   0.0000080   0.0000216   0.0000216   0.0000216
R 0 5   1  0  2  8    0.0000000   0.0000000   0.0000000   0.0000000   0.0000000   0.0000000   0.0000000   0.0000000   0.0000071   0.0000151   0.0000000   0.0000000
R 0 5   1  0  2  9    0.0000000   0.0000000   0.0000000   0.0000000   0.0000000   0.0000000   0.0000490   0.0000558   0.0000189   0.0000409   0.0000273   0.0000273
R 0 5   1  0  2 10    0.0000000   0.0000000   0.0000000   0.0000000   0.0000000   0.0000347   0.0001158   0.0000659   0.0000000   0.0000000   0.0000000   0.0000000
R 0 5   1  0  3  0    1.0185752   1.0185752   0.9730174   0.9938465   0.9866111   0.9816501   0.9794860   0.9809680   0.9809680   0.9809680   0.9809680   0.9809680
R 0 5   1  0  3  1    0.9874918   0.9874918   0.9874918   0.9874918   0.9812849   0.9801172   0.9777362   0.9775172   0.9775172   0.9775172   0.9775172   0.9775172
R 0 5   1  0  3  2    0.9792031   0.9792031   0.9792031   0.9792031   0.9860243   0.9815029   0.9795184   0.9792736   0.9792736   0.9792736   0.9792736   0.9792736
R 0 5   1  0  3  3    0.9647168   0.9647168   0.9647168   0.9647168   0.9889196   0.9827124   0.9799382   0.9795942   0.9795942   0.9795942   0.9795942   0.9795942
R 0 5   1  0  3  4    0.9850899   0.9850899   0.9850899   0.9742220   0.9727058   0.9719693   0.9764460   0.9847584   0.9847584   0.9847584   0.9847584   0.9847584
R 0 5   1  0  3  5    0.9742167   0.9742167   0.9797687   0.9778423   0.9721759   0.9702757   0.9666938   0.9666938   0.9666938   0.9666938   0.9666938   0.9666938
R 0 5   1  0  3  6    0.9910704   0.9910704   0.9910704   0.9872980   0.9845700   0.9825550   0.9809284   0.9781278   0.9781278   0.9781278   0.9781278   0.9781278
R 0 5   1  0  3  7    0.9850652   0.9850652   0.9850652   0.9850652   1.0014833   0.9877099   0.9850462   0.9827328   0.9838966   0.9822704   0.9822704   0.9822704
R 0 5   1  0  3  8    0.9964525   0.9964525   0.9964525   0.9964525   0.9964525   0.9964525   0.9964525   0.9852100   0.9805731   0.9820512   0.9842054   0.9960336
R 0 5   1  0  3  9    0.9938683   0.9938683   0.9938683   0.9938683   0.9938683   0.9938683   0.9780573   0.9723155   0.9711929   0.9816809   0.9913241   0.9913241
R 0 5   1  0  3 10    1.0022430   1.0060789   0.9872552   0.9702340   0.9686171   0.9658809   0.9654667   0.9654785   0.9857022   0.9869029   0.9869029   0.9869029
R 0 5   1  0  4  0    1.4039125   1.4039125   1.3432729   2.1364098   2.2558784   2.2742600   2.2391155   2.2725239   2.2725239   2.2725239   2.2725239   2.2725239
R 0 5   1  0  4  1    1.9857343   1.9857343   1.9857343   1.9857343   2.1492003   2.2221295   2.2043136   2.2039982   2.2039982   2.2039982   2.2039982   2.2039982
R 0 5   1  0  4  2    1.9220204   1.9220204   1.9220204   1.9220204   2.1913168   2.2552653   2.2336295   2.2312460   2.2312460   2.2312460   2.2312460   2.2312460
R 0 5   1  0  4  3    1.7842984   1.7842984   1.7842984   1.7842984   2.2667117   2.2614437   2.2349628   2.2263351   2.2263351   2.2263351   2.2263351   2.2263351
R 0 5   1  0  4  4    1.8940085   1.8940085   1.8940085   2.0246645   2.0844427   2.0864670   2.2027658   2.3417947   2.3417947   2.3417947   2.3417947   2.3417947
R 0 5   1  0  4  5    1.7417255   1.7417255   2.0657532   2.1533597   2.0866076   2.0820313   2.0064541   2.0064541   2.0064541   2.0064541   2.0064541   2.0064541
R 0 5   1  0  4  6    1.9708768   1.9708768   1.9708768   2.2150665   2.3187158   2.3504693   2.3420744   2.2755350   2.2755350   2.2755350   2.2755350   2.2755350
R 0 5   1  0  4  7    1.7958309   1.7958309   1.7958309   1.7958309   2.2720912   2.3510397   2.3413014   2.3475745   2.3855099   2.3473753   2.3473753   2.3473753
R 0 5   1  0  4  8    2.2394800   2.2394800   2.2394800   2.2394800   2.2394800   2.2394800   2.2394800   2.2466550   2.2245393   2.2688638   2.3094296   2.2989811
R 0 5   1  0  4  9    2.0876519   2.0876519   2.0876519   2.0876519   2.0876519   2.0876519   2.0440754   2.0564320   2.0417237   2.1987774   2.1982815   2.1982815
R 0 5   1  0  4 10    2.0059617   2.2206959   1.9797509   1.9006288   1.9778816   1.9626679   1.9571380   1.9375972   2.0789878   2.0207044   2.0207044   2.0207044
R 0 5   1  0  5  0   11.8606316  11.8606316   7.7902920   3.4474174   3.6390051   3.8614134   4.2304826   3.9271455   3.9271455   3.9271455   3.9271455   3.9271455
R 0 5   1  0  5  1    3.8991733   3.8991733   3.8991733   3.8991733   4.1143745   4.0612789   4.3725416   4.3288681   4.3288681   4.3288681   4.3288681   4.3288681
R 0 5   1  0  5  2    3.9166930   3.9166930   3.9166930   3.9166930   4.2547596   4.0408249   4.1359733   4.3113247   4.3113247   4.3113247   4.3113247   4.3113247
R 0 5   1  0  5  3    5.0220684   5.0220684   5.0220684   5.0220684   3.8534532   4.0308341   4.2964192   4.3514493   4.3514493   4.3514493   4.3514493   4.3514493
R 0 5   1  0  5  4    5.0742067   5.0742067   5.0742067   4.9907009   5.1465742   5.0100413   3.9583540   3.2190971   3.2190971   3.2190971   3.2190971   3.2190971
R 0 5   1  0  5  5    4.6758176   4.6758176   4.9678795   4.6449118   5.3305322   4.7112631   4.1277099   4.1277099   4.1277099   4.1277099   4.1277099   4.1277099
R 0 5   1  0  5  6    3.1695596   3.1695596   3.1695596   4.0018526   3.4542524   2.9629401   2.3993695   2.0087529   2.0087529   2.0087529   2.0087529   2.0087529
R 0 5   1  0  5  7    4.1378695   4.1378695   4.1378695   4.1378695   3.7415249   3.1214540   2.9435719   2.8796419   2.5792144   2.0865178   2.0865178   2.0865178
R 0 5   1  0  5  8    3.8696863   3.8696863   3.8696863   3.8696863   3.8696863   3.8696863   3.8696863   4.4509807   4.6225551   4.2586199   3.5083817   3.9612584
R 0 5   1  0  5  9    4.7018172   4.7018172   4.7018172   4.7018172   4.7018172   4.7018172   6.7168083   6.0925944   6.6696568   5.4532708   5.7217762   5.7217762
R 0 5   1  0  5 10    5.7473704   4.1720920   4.3599276   5.5884076   5.3803109   6.6671214   8.0193894   8.7655481   6.4724929   6.8947851   6.8947851   6.8947851
F  0  5   1  0  0  0    1.0056334   1.0313946   0.9899925   1.0011392   0.9756419   0.9970514   0.9974886   0.9926285   0.9920143   0.9848285   0.9774542
F  0  5   1  1  0  0    1.0660565   1.0769895   1.0659922   1.0688935   1.0542139   1.0742222   1.0708360   1.0557999   1.0360922   1.0497289   1.0570484
C  0  5   1  0  0  0  -0.2589917 -0.1165916 -0.1810427 -0.3907181 -0.2665381 -0.1634505 -0.1584683 -0.1906419 -0.2586819 -0.1589049 -0.2455303 -0.1627979 -0.1954477 -0.3181860 -0.3356065 -0.0425325
C  0  5   1  0  0  1  -0.0626336 -0.1594282 -0.1366566 -0.1206550 -0.1396336 -0.0978990 -0.1524318 -0.1261749 -0.0441293 -0.1316300 -0.0218332 -0.1045921 -0.1583464 -0.1342757 -0.2003326 -0.0432064
C  0  5   1  0  0  2  -0.1136240 -0.1070000 -0.1139165 -0.1313737 -0.0156040 -0.0543514 -0.0835379 -0.0943707 -0.0193034 -0.0743070 -0.0466074 -0.0673157 -0.1252905 -0.0598066 -0.0351059 -0.0999827
C  0  5   1  0  0  3  -0.0587460 -0.0788728 -0.1293687 -0.0283838  0.0292281 -0.1344844 -0.0911923 -0.0255504 -0.0424300 -0.0212533 -0.1081104 -0.0595459 -0.1519590 -0.1083801 -0.1016524 -0.0113049
C  0  5   1  0  0  4  -0.0862286 -0.0874644 -0.0492457 -0.0895356 -0.1020250 -0.0866077 -0.0483357 -0.0439266 -0.0361824 -0.0303440 -0.0621606 -0.0377500 -0.1263397 -0.1156946 -0.0250641 -0.0684733
C  0  5   1  0  0  5  -0.0236687  0.0100880 -0.0722228  0.0541008 -0.0115107 -0.0276673 -0.0333895 -0.0171019  0.0402131 -0.0141961 -0.0043262 -0.0066829 -0.0376804  0.0246362  0.0752089 -0.0576928
C  0  5   1  0  0  6  -0.0107265  0.0785270  0.0322378 -0.0005798 -0.0062275  0.0233150 -0.0411366 -0.0742509 -0.0300604 -0.0422565  0.0047728  0.0199938 -0.0639410 -0.0026950 -0.0477735  0.0810022
C  0  5   1  0  0  7  -0.0453943  0.0104809  0.0115773 -0.0114201  0.0045276  0.0431309  0.0241010  0.0006797 -0.0278195 -0.0200540  0.0629418 -0.0385760  0.0053393 -0.0280829 -0.0306509  0.0186265
C  0  5   1  0  0  8  -0.0121244  0.0030426  0.0391714  0.0261094 -0.0129012  0.0347887  0.0026546 -0.0234825  0.0074038  0.0287657 -0.0167207  0.0050414 -0.0062622  0.0578090 -0.0590514 -0.0138782
C  0  5   1  0  0  9  -0.0439172  0.0259621 -0.0121663  0.0416582  0.0294493  0.0366816 -0.0046133  0.0320543 -0.0407891  0.0094339  0.0472641  0.0381138 -0.0116728  0.0517402 -0.0130533  0.0481633
C  0  5   1  0  0 10  -0.0231710  0.0100261  0.0418057  0.0599953  0.0031660  0.0036208 -0.0381687 -0.0268921  0.0130331 -0.0540210  0.0117219 -0.0014826 -0.0365332  0.0507650  0.0135334  0.0475622
C  0  5   1  0  0 11  -0.0492636  0.0308057 -0.0420947  0.0522934  0.0198306  0.0562752  0.0464277  0.0874617  0.0133285  0.0322499  0.0201907 -0.0206551 -0.0009985  0.0186667  0.0003263 -0.0028422
C  0  5   1  0  0 12   0.0565470 -0.0134769  0.0006769  0.0077030  0.0107925  0.0287552 -0.0232957 -0.0091832 -0.0048930  0.0630348  0.0139389 -0.0017964 -0.0570161 -0.0009394  0.0203678  0.0224134
C  0  5   1  0  0 13  -0.0330047 -0.0013585  0.0337546  0.0040783 -0.0009047 -0.0205806  0.0175991 -0.0044411  0.0312890  0.0364370 -0.0197986  0.0163121 -0.0096062  0.0153228 -0.0090027  0.0080136
C  0  5   1  0  0 14  -0.0322347 -0.0057020 -0.0240682 -0.0087721 -0.0102899 -0.0073577 -0.0037622  0.0104419 -0.0255125 -0.0202077  0.0711955 -0.0547626  0.0213331  0.0315749 -0.0078272 -0.0608345
C  0  5   1  0  0 15  -0.0720478 -0.0435030 -0.0130355  0.0250425  0.0286849 -0.0578331 -0.0053096  0.0198105  0.0044097 -0.0125179 -0.0200310 -0.1034339 -0.0088201  0.0086030 -0.0751080  0.0060592
C  0  5   1  0  0 16   0.0884868  0.0250603 -0.0130783  0.0116682 -0.0283928 -0.0891956 -0.0265329  0.0006425 -0.0700468  0.1133594  0.0122662 -0.0597895 -0.0703585 -0.0094974 -0.0845587 -0.0091281
C  0  5   1  0  0 17  -0.0879453 -0.0840331 -0.1221546 -0.1039346 -0.1254218 -0.0424138 -0.0534924 -0.0093984 -0.0244759 -0.0681242 -0.0026743 -0.0157655 -0.1003732 -0.1471773 -0.0512656 -0.0156409
C  0  5   1  0  0 18  -0.1427323 -0.0435111 -0.0158960 -0.0540373 -0.1489264 -0.0448518 -0.0566974 -0.0359221 -0.0521928 -0.0205557 -0.0299099 -0.0890853 -0.0406118 -0.0048992 -0.1554050 -0.0085528
C  0  5   1  0  0 19   0.0219717 -0.0895245 -0.2071713 -0.0210719 -0.1126513 -0.0670020 -0.1312859 -0.0396846 -0.1175101 -0.0608887 -0.0732912 -0.0862957 -0.0690867 -0.0608036 -0.0580534 -0.0971332
C  0  5   1  0  0 20  -0.1029360 -0.0706597 -0.0575421 -0.0594297 -0.1480920 -0.1450794 -0.1799399 -0.1395244 -0.1520818 -0.1967182 -0.1585427  0.0067138 -0.0293852 -0.1679750 -0.1548136 -0.1588266
C  0  5   1  0  0 21  -0.1984807 -0.2008178 -0.3259533 -0.1726323 -0.2013979 -0.1732283 -0.2536466 -0.0725909 -0.1857579 -0.1177539 -0.1978050 -0.2851714 -0.3470134 -0.3876054 -0.2498893 -0.2635973
C  0  5   1  0  1  0  -0.0018509 -0.0002163 -0.0004845 -0.0018941 -0.0029422  0.0025318  0.0006913  0.0006812  0.0019844 -0.0005924 -0.0033857  0.0032968  0.0057539  0.0046198  0.0054628  0.0063198
C  0  5   1  0  1  1   0.0011498  0.0009831 -0.0020956 -0.0027499 -0.0007839 -0.0019401  0.0043630  0.0008571  0.0022834 -0.0015110 -0.0016337 -0.0024354  0.0026916  0.0041237  0.0020477  0.0023706
C  0  5   1  0  1  2   0.0027920 -0.0009238 -0.0001171  0.0001262 -0.0018539  0.0009563  0.0001636  0.0006515 -0.0011616  0.0011043 -0.0016605 -0.0017328  0.0016854 -0.0007517  0.0002462 -0.0001891
C  0  5   1  0  1  3   0.0025394 -0.0001047  0.0004194 -0.0018842 -0.0009346  0.0016726  0.0020620 -0.0012721 -0.0024069 -0.0020922 -0.0010927 -0.0015027  0.0006594 -0.0010848  0.0002498  0.0023433
C  0  5   1  0  1  4   0.0025030 -0.0003961 -0.0008653  0.0023159  0.0010549 -0.0010203  0.0015871 -0.0001092  0.0009695  0.0007533 -0.0006330 -0.0016745  0.0017960 -0.0003870 -0.0000795 -0.0023865
C  0  5   1  0  1  5   0.0013616  0.0008812 -0.0018588  0.0016124  0.0002553 -0.0006346 -0.0005845  0.0005994 -0.0000362  0.0004210  0.0017332 -0.0013078  0.0002908  0.0000395  0.0003896 -0.0009008
C  0  5   1  0  1  6   0.0022074 -0.0002059 -0.0005860  0.0005068  0.0007982 -0.0002421 -0.0009729 -0.0004636  0.0005843 -0.0011410 -0.0003855 -0.0001212 -0.0009944 -0.0022547  0.0013862 -0.0007185
C  0  5   1  0  1  7   0.0019735 -0.0001265  0.0008221  0.0003892  0.0020251  0.0009199 -0.0013833  0.0001568  0.0009240 -0.0012228  0.0013310 -0.0015591 -0.0008905 -0.0001308  0.0000327  0.0001763
C  0  5   1  0  1  8   0.0015802  0.0010414  0.0002523 -0.0005587  0.0012456  0.0011074  0.0009940  0.0001747  0.0018450  0.0001318 -0.0000070 -0.0013041 -0.0004933  0.0006888  0.0001309  0.0008064
C  0  5   1  0  1  9  -0.0018756  0.0008666  0.0016330  0.0001610  0.0002950  0.0003484  0.0007738  0.0007959 -0.0007328 -0.0014802 -0.0027893 -0.0007322 -0.0011527  0.0000854 -0.0012983  0.0006642
C  0  5   1  0  1 10   0.0007832  0.0002593  0.0014255  0.0017160  0.0016180 -0.0003059  0.0005628 -0.0002729 -0.0019377 -0.0016989 -0.0002257 -0.0008643 -0.0012125 -0.0007800  0.0000176  0.0011408
C  0  5   1  0  1 11   0.0002297  0.0003001  0.0003253  0.0008649  0.0000909  0.0004095 -0.0022135 -0.0013766 -0.0026433  0.0000896 -0.0001994 -0.0013657  0.0007423 -0.0001569 -0.0003134 -0.0005986
C  0  5   1  0  1 12   0.0004288 -0.0001338  0.0002739 -0.0005479  0.0006924 -0.0005274  0.0011655 -0.0001955  0.0003893 -0.0000368 -0.0000743  0.0017760  0.0002013 -0.0001244  0.0002211  0.0012892
C  0  5   1  0  1 13   0.0026077 -0.0012488  0.0004865  0.0018057  0.0024202  0.0007250 -0.0007777  0.0006593 -0.0002973 -0.0013070 -0.0008951 -0.0018616 -0.0007798  0.0010246  0.0003043  0.0015165
C  0  5   1  0  1 14   0.0019369  0.0004665  0.0022632  0.0014294  0.0016759  0.0017043 -0.0005875  0.0012835  0.0000933  0.0005921  0.0002062  0.0003012  0.0005342  0.0004194 -0.0005490  0.0021563
C  0  5   1  0  1 15   0.0015824  0.0000640 -0.0002941  0.0005939  0.0007440  0.0018712  0.0008548 -0.0010166  0.0006836 -0.0008720 -0.0004616  0.0009969 -0.0000271  0.0007040  0.0005789  0.0004294
C  0  5   1  0  1 16   0.0021955  0.0025158  0.0012583  0.0013588 -0.0004869  0.0023106  0.0007546  0.0000349  0.0007466 -0.0008749  0.0007743  0.0002213 -0.0001751  0.0013100  0.0023587  0.0019069
C  0  5   1  0  1 17   0.0006471 -0.0013545  0.0000418  0.0032994  0.0014230  0.0031122  0.0022276  0.0020748 -0.0002037  0.0030939  0.0016545 -0.0003411  0.0012141 -0.0009449  0.0047669  0.0044535
C  0  5   1  0  1 18   0.0055094  0.0043773  0.0020834  0.0010839  0.0001072  0.0019723  0.0043718  0.0011466 -0.0007527  0.0015830  0.0037158  0.0018708 -0.0000152  0.0000435  0.0059738  0.0049837
C  0  5   1  0  1 19   0.0025628  0.0024618  0.0011614  0.0019350  0.0007338  0.0015349  0.0029844  0.0014514  0.0033035  0.0030653 -0.0003783  0.0004730  0.0017073  0.0020484  0.0035217  0.0045377
C  0  5   1  0  1 20   0.0054835  0.0055039  0.0046028  0.0037523  0.0015070  0.0040563  0.0028811  0.0040159  0.0032283  0.0036418  0.0000199 -0.0015721  0.0027939  0.0038812  0.0052759  0.0057441
C  0  5   1  0  1 21   0.0129922  0.0125652  0.0062797  0.0017835 -0.0030621 -0.0052234 -0.0083125 -0.0009883 -0.0022068 -0.0030024 -0.0002428  0.0051124  0.0017753  0.0055096  0.0097094  0.0043055
C  0  5   1  1  0  0  -0.4519442 -0.3471261 -0.3494912 -0.3699277 -0.2380408 -0.4011627 -0.3500525 -0.3141616 -0.3284858 -0.3002576 -0.3724231 -0.4793130 -0.4288330 -0.4258581 -0.4198057 -0.4596133
C  0  5   1  1  0  1  -0.2877407 -0.3426904 -0.2866140 -0.2829305 -0.3237818 -0.2941422 -0.2794529 -0.2419035 -0.2854926 -0.2381474 -0.3112347 -0.3082382 -0.3686525 -0.3860325 -0.3429993 -0.3211691
C  0  5   1  1  0  2  -0.3234944 -0.3317056 -0.2621542 -0.2934898 -0.2866095 -0.2521059 -0.2642734 -0.2513587 -0.2457120 -0.2296488 -0.2898067 -0.2961459 -0.3335031 -0.3595583 -0.2803852 -0.3426203
C  0  5   1  1  0  3  -0.2908775 -0.2977155 -0.3093237 -0.2783859 -0.2763308 -0.2237872 -0.1916013 -0.1544280 -0.1843302 -0.2140899 -0.2283423 -0.2641700 -0.2599436 -0.2917669 -0.3012993 -0.2729985
C  0  5   1  1  0  4  -0.2881368 -0.2585233 -0.2761925 -0.2525161 -0.2456677 -0.2054787 -0.2559121 -0.2393997 -0.2289323 -0.1982559 -0.1974681 -0.2818397 -0.3015672 -0.2605626 -0.3170976 -0.2967680
C  0  5   1  1  0  5  -0.2048447 -0.1785253 -0.1913340 -0.1607213 -0.1536585 -0.1470463 -0.1887198 -0.1510219 -0.1551040 -0.1481815 -0.1705412 -0.2030795 -0.2241982 -0.1560976 -0.1870503 -0.1915058
C  0  5   1  1  0  6  -0.1522494 -0.1306331 -0.1780239 -0.1705179 -0.1207925 -0.1319577 -0.1409155 -0.1346758 -0.1436525 -0.1212545 -0.1021501 -0.1167517 -0.1218405 -0.1442050 -0.1465024 -0.1851374
C  0  5   1  1  0  7  -0.1535276 -0.1515354 -0.1493021 -0.1279437 -0.1624473 -0.1650464 -0.1708414 -0.1308175 -0.1373675 -0.1004795 -0.1021245 -0.1376835 -0.1582277 -0.1435003 -0.1362463 -0.1347064
C  0  5   1  1  0  8  -0.1778841 -0.0984560 -0.1346276 -0.1521420 -0.1609585 -0.1601381 -0.1484052 -0.1518339 -0.1447870 -0.1146345 -0.1244324 -0.1701374 -0.1193770 -0.1646551 -0.1410193 -0.1384854
C  0  5   1  1  0  9  -0.1351526 -0.1352095 -0.0914863 -0.1351305 -0.1053532 -0.1378203 -0.1140320 -0.1721163 -0.1080160 -0.1308883 -0.0769577 -0.1418378 -0.1289868 -0.1011999 -0.1352362 -0.1404018
C  0  5   1  1  0 10  -0.1380413 -0.1090167 -0.1228183 -0.1444442 -0.1474371 -0.1328654 -0.1375732 -0.1214841 -0.0950782 -0.1272440 -0.1284498 -0.1205198 -0.1094433 -0.1306873 -0.1157466 -0.1200830
C  0  5   1  1  0 11  -0.1334421 -0.1156625 -0.1433396 -0.1051966 -0.1034895 -0.1086916 -0.1199553 -0.1210076 -0.1463223 -0.0884589 -0.1087117 -0.1243027 -0.1103857 -0.1389235 -0.0953598 -0.1186252
C  0  5   1  1  0 12  -0.0989988 -0.1150143 -0.1335760 -0.1045625 -0.1398518 -0.1245811 -0.1402407 -0.1741022 -0.1319465 -0.1213085 -0.1233046 -0.0983773 -0.0977350 -0.1254795 -0.1110122 -0.1245275
C  0  5   1  1  0 13  -0.1126046 -0.1487249 -0.1607957 -0.1271097 -0.1368472 -0.1608050 -0.1520184 -0.1518289 -0.1177483 -0.1284118 -0.1591881 -0.1339169 -0.1560798 -0.1364335 -0.1587837 -0.1323217
C  0  5   1  1  0 14  -0.1323668 -0.1549434 -0.1456837 -0.1505808 -0.1694728 -0.1352842 -0.1473565 -0.2116124 -0.1519633 -0.1486812 -0.1318203 -0.1353915 -0.1442857 -0.0909113 -0.1373276 -0.1831760
C  0  5   1  1  0 15  -0.1129257 -0.1822152 -0.1460406 -0.1342498 -0.1606851 -0.1199736 -0.1525035 -0.1572333 -0.1588892 -0.1262459 -0.1067980 -0.1650901 -0.1352672 -0.0994771 -0.0951431 -0.1497661
C  0  5   1  1  0 16  -0.1706023 -0.1543057 -0.1580906 -0.1429216 -0.1670518 -0.1653880 -0.1982706 -0.2107716 -0.1619325 -0.1929293 -0.1343630 -0.1420315 -0.1399508 -0.1495755 -0.1435965 -0.1198815
C  0  5   1  1  0 17  -0.2529274 -0.2774360 -0.2083806 -0.2804955 -0.2200021 -0.2691968 -0.2586243 -0.2525193 -0.2452701 -0.2503918 -0.2467537 -0.2147548 -0.2044593 -0.2817501 -0.2302297 -0.2510373
C  0  5   1  1  0 18  -0.2605356 -0.2648020 -0.2627171 -0.2493685 -0.2367744 -0.2403690 -0.2845366 -0.2676400 -0.2560371 -0.2284988 -0.2634434 -0.2636470 -0.2636475 -0.1945167 -0.1911255 -0.2208746
C  0  5   1  1  0 19  -0.2677437 -0.2563378 -0.2900679 -0.3100675 -0.2931054 -0.2808015 -0.2661963 -0.2211230 -0.2775532 -0.2768408 -0.2205702 -0.2742638 -0.2434463 -0.2562202 -0.2684771 -0.2575050
C  0  5   1  1  0 20  -0.2635674 -0.2935611 -0.3457080 -0.3276506 -0.3219477 -0.2323872 -0.2877213 -0.3197687 -0.3499879 -0.3104130 -0.3206356 -0.2758135 -0.3552732 -0.2991038 -0.2650420 -0.3031893
C  0  5   1  1  0 21  -0.4124568 -0.3866114 -0.3709487 -0.3662859 -0.3100423 -0.2794464 -0.3236176 -0.3565873 -0.3977987 -0.3394782 -0.3367654 -0.3550413 -0.3117103 -0.3536357 -0.3651171 -0.3836179
C  0  5   1  1  1  0   0.0460669  0.0493177  0.0405855  0.0247564  0.0016379 -0.0205011 -0.0332778 -0.0420016 -0.0462692 -0.0362586 -0.0335861 -0.0186960  0.0027617  0.0053660  0.0248373  0.0380476
C  0  5   1  1  1  1   0.0248391  0.0225760  0.0179458  0.0107144  0.0024173 -0.0077526 -0.0151927 -0.0182385 -0.0177467 -0.0151910 -0.0152320 -0.0072113  0.0034696  0.0089286  0.0121109  0.0239027
C  0  5   1  1  1  2   0.0123578  0.0133173  0.0089551  0.0057840  0.0015291 -0.0031577 -0.0079358 -0.0083151 -0.0093462 -0.0060631 -0.0052162 -0.0031452  0.0006017  0.0033296  0.0047416  0.0107875
C  0  5   1  1  1  3   0.0076866  0.0070881  0.0022492  0.0041065  0.0011181  0.0004066 -0.0038339 -0.0018351  0.0004439 -0.0000846 -0.0025326 -0.0007839  0.0016842  0.0027806  0.0022188  0.0063790
C  0  5   1  1  1  4   0.0019343  0.0024757  0.0005781  0.0006084  0.0031030  0.0020781  0.0003692  0.0017969  0.0044685  0.0029044 -0.0008083 -0.0003623  0.0022101  0.0014936  0.0037443  0.0024069
C  0  5   1  1  1  5   0.0014333  0.0006688  0.0001313  0.0032874  0.0031879  0.0036922  0.0031955  0.0040071  0.0048629  0.0023980 -0.0010835 -0.0007459  0.0018828  0.0024150  0.0020317 -0.0005198
C  0  5   1  1  1  6   0.0010666  0.0015679  0.0013025  0.0037352  0.0043827  0.0042288  0.0048804  0.0047067  0.0043076  0.0011681  0.0004017  0.0004584  0.0007363  0.0010575  0.0006032 -0.0003795
C  0  5   1  1  1  7  -0.0010121  0.0017773  0.0018406  0.0041879  0.0043543  0.0037486  0.0056073  0.0035203  0.0035574  0.0008370 -0.0003461 -0.0001361  0.0013930  0.0010536  0.0013554 -0.0013258
C  0  5   1  1  1  8  -0.0008078  0.0009818  0.0021853  0.0017835  0.0046885  0.0038323  0.0047031  0.0049327  0.0051557  0.0014428  0.0006784 -0.0001409  0.0016445  0.0011440  0.0014038 -0.0010642
C  0  5   1  1  1  9   0.0010583  0.0022224  0.0017037  0.0029658  0.0026019  0.0026873  0.0036484  0.0035286  0.0025213 -0.0004012  0.0011475  0.0006740  0.0012083  0.0000430 -0.0000460 -0.0017856
C  0  5   1  1  1 10  -0.0004209  0.0019938  0.0015850  0.0015994  0.0021393  0.0016718  0.0021984  0.0026354  0.0028748 -0.0002966 -0.0006892  0.0001225 -0.0006110  0.0007432  0.0017445 -0.0010907
C  0  5   1  1  1 11  -0.0000889  0.0015738  0.0010938  0.0019892  0.0025879 -0.0001519  0.0011604  0.0020814  0.0024554  0.0013695 -0.0018280 -0.0004201 -0.0002150 -0.0003655  0.0002664 -0.0019316
C  0  5   1  1  1 12  -0.0000459  0.0017478  0.0024257  0.0037272  0.0022823  0.0012221  0.0009400  0.0027094  0.0041478  0.0009833  0.0012635  0.0006849  0.0006762 -0.0004718  0.0007605 -0.0011845
C  0  5   1  1  1 13  -0.0001573  0.0020209  0.0024272  0.0031457  0.0028492  0.0027712  0.0041141  0.0055270  0.0047351  0.0011678  0.0010715 -0.0002415 -0.0005261 -0.0021360  0.0001338 -0.0015172
C  0  5   1  1  1 14  -0.0007010  0.0008011  0.0023156  0.0036345  0.0036416  0.0024067  0.0035670  0.0059752  0.0051982  0.0017498  0.0015794 -0.0006845 -0.0018342 -0.0015838 -0.0017995 -0.0023108
C  0  5   1  1  1 15  -0.0018621  0.0002619  0.0026901  0.0036887  0.0027853 -0.0007588  0.0029475  0.0033284  0.0059434  0.0030429  0.0019977  0.0001227 -0.0028329 -0.0055024 -0.0055364 -0.0049737
C  0  5   1  1  1 16  -0.0014361  0.0012324  0.0033057  0.0045514  0.0031131  0.0009853  0.0035975  0.0037255  0.0042445  0.0063203  0.0026175  0.0024728 -0.0012446 -0.0016358 -0.0047862 -0.0053162
C  0  5   1  1  1 17  -0.0035626  0.0020048  0.0015864  0.0061203  0.0019289 -0.0016226  0.0010634  0.0036718  0.0041137  0.0042766  0.0041530  0.0016564 -0.0012183 -0.0042586 -0.0051286 -0.0046738
C  0  5   1  1  1 18   0.0005661  0.0072520  0.0052226  0.0066788  0.0042931 -0.0001472 -0.0021138 -0.0005795  0.0028122  0.0041532  0.0019240  0.0010960 -0.0013772 -0.0037368 -0.0057860 -0.0039717
C  0  5   1  1  1 19   0.0021132  0.0082264  0.0119943  0.0100067  0.0064473  0.0019508 -0.0024849 -0.0006027  0.0028374  0.0052202  0.0024113 -0.0002226 -0.0027667 -0.0045890 -0.0053681 -0.0022260
C  0  5   1  1  1 20   0.0013568  0.0145565  0.0180470  0.0134202  0.0064147  0.0031300 -0.0020280 -0.0011842  0.0009493  0.0060540  0.0015146 -0.0025188 -0.0067838 -0.0084910 -0.0059290 -0.0047656
C  0  5   1  1  1 21   0.0090917  0.0211727  0.0308020  0.0224717  0.0155515  0.0160185  0.0106107  0.0113249  0.0118457  0.0137441  0.0015242 -0.0033826 -0.0089063 -0.0175918 -0.0077277  0.0008693
