CPHI 16 
CETA 22 -2.40 -2.10 -1.85 -1.60 -1.40 -1.20 -1.00 -0.80 -0.60 -0.40 -0.20  0.00  0.20  0.40  0.60  0.80  1.00  1.20  1.40  1.60  1.85  2.10  2.40 
RMIN  6 
RTRK 12 
RETA 11  0.00  0.20  0.40  0.60  0.80  1.00  1.20  1.40  1.60  1.85  2.10  2.40 
T 0 5   3  0  0  0    0.0000000   0.0006174   0.0016774   0.0031880   0.0122719   0.0692370   0.2780276   0.6535433   1.0000000   1.0000000   1.0000000   1.0000000   1.0000000
T 0 5   3  0  0  1    0.0000000   0.0001354   0.0005459   0.0023920   0.0124343   0.0590489   0.2262877   0.5889114   1.0000000   1.0000000   1.0000000   1.0000000   1.0000000
T 0 5   3  0  0  2    0.0000000   0.0001294   0.0005243   0.0017488   0.0107047   0.0555296   0.2094740   0.5738720   1.0000000   1.0000000   1.0000000   1.0000000   1.0000000
T 0 5   3  0  0  3    0.0000000   0.0002015   0.0005867   0.0017170   0.0115356   0.0627351   0.2260086   0.5868161   1.0000000   1.0000000   1.0000000   1.0000000   1.0000000
T 0 5   3  0  0  4    0.0000000   0.0003907   0.0025396   0.0143279   0.0629528   0.2043776   0.4892906   0.8222971   1.0000000   1.0000000   1.0000000   1.0000000   1.0000000
T 0 5   3  0  0  5    0.0000000   0.0009833   0.0074319   0.0513680   0.2055027   0.5328830   0.8761381   0.9993922   1.0000000   1.0000000   1.0000000   1.0000000   1.0000000
T 0 5   3  0  0  6    0.0000000   0.0002959   0.0012101   0.0103076   0.0673314   0.2771700   0.6633683   0.9312166   0.9981963   0.9999994   1.0000000   1.0000000   1.0000000
T 0 5   3  0  0  7    0.0000000   0.0000583   0.0003953   0.0009066   0.0047834   0.0308238   0.1189337   0.2972425   0.5813239   0.8692031   0.9842107   0.9998683   1.0000000
T 0 5   3  0  0  8    0.0000000   0.0000019   0.0000351   0.0001224   0.0003944   0.0009957   0.0042109   0.0251107   0.1194546   0.3938732   0.7895316   0.9692909   1.0000000
T 0 5   3  0  0  9    0.0000000   0.0000072   0.0000100   0.0000333   0.0005408   0.0035534   0.0183417   0.0860144   0.3020499   0.6584964   0.9386042   0.9999342   1.0000000
T 0 5   3  0  0 10    0.0000000   0.0067141   0.0290557   0.0464353   0.0795622   0.1688626   0.3381590   0.6900122   0.9105257   0.9702516   0.9998314   1.0000000   1.0000000
T 0 5   3  1  0  0    0.0000000   0.0005148   0.0016399   0.0047460   0.0213440   0.1017716   0.3374237   0.6994022   1.0000000   1.0000000   1.0000000   1.0000000   1.0000000
T 0 5   3  1  0  1    0.0000000   0.0002633   0.0010891   0.0042307   0.0181163   0.0752157   0.2537985   0.6193956   1.0000000   1.0000000   1.0000000   1.0000000   1.0000000
T 0 5   3  1  0  2    0.0000000   0.0002194   0.0008486   0.0027728   0.0124455   0.0616642   0.2339277   0.6064318   1.0000000   1.0000000   1.0000000   1.0000000   1.0000000
T 0 5   3  1  0  3    0.0000000   0.0002283   0.0008669   0.0027852   0.0140251   0.0700545   0.2491207   0.6198491   1.0000000   1.0000000   1.0000000   1.0000000   1.0000000
T 0 5   3  1  0  4    0.0000000   0.0004356   0.0027620   0.0153929   0.0663357   0.2155446   0.5058694   0.8320271   1.0000000   1.0000000   1.0000000   1.0000000   1.0000000
T 0 5   3  1  0  5    0.0000000   0.0011873   0.0094478   0.0577925   0.2246261   0.5586818   0.8900123   0.9996500   1.0000000   1.0000000   1.0000000   1.0000000   1.0000000
T 0 5   3  1  0  6    0.0000000   0.0004626   0.0026649   0.0180020   0.0942133   0.3329130   0.7236541   0.9536823   0.9988141   0.9999984   1.0000000   1.0000000   1.0000000
T 0 5   3  1  0  7    0.0000000   0.0002246   0.0006446   0.0024765   0.0123245   0.0526267   0.1570011   0.3413836   0.6074237   0.8728054   0.9849908   0.9998878   1.0000000
T 0 5   3  1  0  8    0.0000000   0.0009562   0.0014955   0.0017998   0.0022382   0.0036136   0.0107994   0.0452511   0.1686405   0.4573475   0.8251665   0.9710661   1.0000000
T 0 5   3  1  0  9    0.0000000   0.0021003   0.0074838   0.0131257   0.0159362   0.0198461   0.0401951   0.1288935   0.3661962   0.7154288   0.9583841   0.9999941   1.0000000
T 0 5   3  1  0 10    0.0000000   0.0032254   0.0170235   0.0428863   0.0843736   0.1746921   0.3942474   0.7474223   0.9511020   0.9856143   0.9999985   1.0000000   1.0000000
R 0 5   3  0  0  0    0.0253576   0.0253576   0.0128287   0.0109595   0.0104595   0.0102026   0.0100150   0.0098581   0.0098581   0.0098581   0.0098581   0.0098581
R 0 5   3  0  0  1    0.0122798   0.0122798   0.0122798   0.0122798   0.0111934   0.0109503   0.0109754   0.0108621   0.0108621   0.0108621   0.0108621   0.0108621
R 0 5   3  0  0  2    0.0130097   0.0130097   0.0130097   0.0130097   0.0121884   0.0120291   0.0118600   0.0116981   0.0116981   0.0116981   0.0116981   0.0116981
R 0 5   3  0  0  3    0.0140471   0.0140471   0.0140471   0.0140471   0.0128436   0.0126149   0.0123856   0.0122570   0.0122570   0.0122570   0.0122570   0.0122570
R 0 5   3  0  0  4    0.0197239   0.0197239   0.0197239   0.0177018   0.0170027   0.0159123   0.0145108   0.0131235   0.0131235   0.0131235   0.0131235   0.0131235
R 0 5   3  0  0  5    0.0212935   0.0212935   0.0197325   0.0192336   0.0187752   0.0180916   0.0170218   0.0170218   0.0170218   0.0170218   0.0170218   0.0170218
R 0 5   3  0  0  6    0.0209098   0.0209098   0.0209098   0.0207367   0.0208473   0.0207490   0.0208824   0.0207785   0.0207785   0.0207785   0.0207785   0.0207785
R 0 5   3  0  0  7    0.0231029   0.0231029   0.0231029   0.0231029   0.0212789   0.0214481   0.0212900   0.0210390   0.0206293   0.0198029   0.0198029   0.0198029
R 0 5   3  0  0  8    0.0218674   0.0218674   0.0218674   0.0218674   0.0218674   0.0218674   0.0218674   0.0212585   0.0210625   0.0209894   0.0203586   0.0192185
R 0 5   3  0  0  9    0.0322194   0.0322194   0.0322194   0.0322194   0.0322194   0.0322194   0.0302407   0.0289090   0.0275300   0.0264879   0.0252806   0.0252806
R 0 5   3  0  0 10    0.0828094   0.0734940   0.0639626   0.0550960   0.0477775   0.0442456   0.0410102   0.0356627   0.0342561   0.0313162   0.0313162   0.0313162
R 0 5   3  0  1  0    0.0000000   0.0000000   0.0000000   0.0000837   0.0000868   0.0000820   0.0000736   0.0000663   0.0000663   0.0000663   0.0000663   0.0000663
R 0 5   3  0  1  1    0.0000874   0.0000874   0.0000874   0.0000874   0.0000711   0.0000724   0.0000636   0.0000574   0.0000574   0.0000574   0.0000574   0.0000574
R 0 5   3  0  1  2    0.0000752   0.0000752   0.0000752   0.0000752   0.0000719   0.0000660   0.0000612   0.0000537   0.0000537   0.0000537   0.0000537   0.0000537
R 0 5   3  0  1  3    0.0000851   0.0000851   0.0000851   0.0000851   0.0000713   0.0000603   0.0000560   0.0000501   0.0000501   0.0000501   0.0000501   0.0000501
R 0 5   3  0  1  4    0.0001461   0.0001461   0.0001461   0.0000977   0.0000948   0.0000759   0.0000557   0.0000462   0.0000462   0.0000462   0.0000462   0.0000462
R 0 5   3  0  1  5    0.0001217   0.0001217   0.0000859   0.0000774   0.0000698   0.0000620   0.0000474   0.0000474   0.0000474   0.0000474   0.0000474   0.0000474
R 0 5   3  0  1  6    0.0000762   0.0000762   0.0000762   0.0000570   0.0000623   0.0000598   0.0000569   0.0000346   0.0000346   0.0000346   0.0000346   0.0000346
R 0 5   3  0  1  7    0.0000925   0.0000925   0.0000925   0.0000925   0.0000873   0.0000769   0.0000748   0.0000768   0.0000760   0.0000592   0.0000592   0.0000592
R 0 5   3  0  1  8    0.0001249   0.0001249   0.0001249   0.0001249   0.0001249   0.0001249   0.0001249   0.0001174   0.0001061   0.0001022   0.0000919   0.0000743
R 0 5   3  0  1  9    0.0002936   0.0002936   0.0002936   0.0002936   0.0002936   0.0002936   0.0002312   0.0002043   0.0001854   0.0001543   0.0001428   0.0001428
R 0 5   3  0  1 10    0.0015181   0.0011873   0.0009508   0.0008022   0.0005915   0.0004904   0.0004008   0.0002669   0.0002108   0.0001759   0.0001759   0.0001759
R 0 5   3  0  2  0    0.0000000   0.0000000   0.0000000   0.0000000   0.0000152   0.0000186   0.0000200   0.0000113   0.0000113   0.0000113   0.0000113   0.0000113
R 0 5   3  0  2  1    0.0000000   0.0000000   0.0000000   0.0000000   0.0000000   0.0000228   0.0000152   0.0000206   0.0000206   0.0000206   0.0000206   0.0000206
R 0 5   3  0  2  2    0.0000495   0.0000495   0.0000495   0.0000495   0.0000661   0.0000216   0.0000169   0.0000194   0.0000194   0.0000194   0.0000194   0.0000194
R 0 5   3  0  2  3    0.0000562   0.0000562   0.0000562   0.0000562   0.0000308   0.0000152   0.0000207   0.0000129   0.0000129   0.0000129   0.0000129   0.0000129
R 0 5   3  0  2  4    0.0000000   0.0000000   0.0000000   0.0000000   0.0000147   0.0000196   0.0000163   0.0000199   0.0000199   0.0000199   0.0000199   0.0000199
R 0 5   3  0  2  5    0.0000000   0.0000000   0.0000000   0.0000117   0.0000281   0.0000232   0.0000142   0.0000142   0.0000142   0.0000142   0.0000142   0.0000142
R 0 5   3  0  2  6    0.0000000   0.0000000   0.0000000   0.0000000   0.0000120   0.0000106   0.0000000   0.0000205   0.0000205   0.0000205   0.0000205   0.0000205
R 0 5   3  0  2  7    0.0000000   0.0000000   0.0000000   0.0000000   0.0000493   0.0000000   0.0000000   0.0000090   0.0000080   0.0000216   0.0000216   0.0000216
R 0 5   3  0  2  8    0.0000000   0.0000000   0.0000000   0.0000000   0.0000000   0.0000000   0.0000000   0.0000000   0.0000071   0.0000151   0.0000000   0.0000000
R 0 5   3  0  2  9    0.0000000   0.0000000   0.0000000   0.0000000   0.0000000   0.0000000   0.0000490   0.0000558   0.0000189   0.0000409   0.0000273   0.0000273
R 0 5   3  0  2 10    0.0000000   0.0000000   0.0000000   0.0000000   0.0000000   0.0000347   0.0001158   0.0000659   0.0000000   0.0000000   0.0000000   0.0000000
R 0 5   3  0  3  0    1.0185752   1.0185752   0.9730174   0.9938465   0.9866111   0.9816501   0.9794860   0.9809680   0.9809680   0.9809680   0.9809680   0.9809680
R 0 5   3  0  3  1    0.9874918   0.9874918   0.9874918   0.9874918   0.9812849   0.9801172   0.9777362   0.9775172   0.9775172   0.9775172   0.9775172   0.9775172
R 0 5   3  0  3  2    0.9792031   0.9792031   0.9792031   0.9792031   0.9860243   0.9815029   0.9795184   0.9792736   0.9792736   0.9792736   0.9792736   0.9792736
R 0 5   3  0  3  3    0.9647168   0.9647168   0.9647168   0.9647168   0.9889196   0.9827124   0.9799382   0.9795942   0.9795942   0.9795942   0.9795942   0.9795942
R 0 5   3  0  3  4    0.9850899   0.9850899   0.9850899   0.9742220   0.9727058   0.9719693   0.9764460   0.9847584   0.9847584   0.9847584   0.9847584   0.9847584
R 0 5   3  0  3  5    0.9742167   0.9742167   0.9797687   0.9778423   0.9721759   0.9702757   0.9666938   0.9666938   0.9666938   0.9666938   0.9666938   0.9666938
R 0 5   3  0  3  6    0.9910704   0.9910704   0.9910704   0.9872980   0.9845700   0.9825550   0.9809284   0.9781278   0.9781278   0.9781278   0.9781278   0.9781278
R 0 5   3  0  3  7    0.9850652   0.9850652   0.9850652   0.9850652   1.0014833   0.9877099   0.9850462   0.9827328   0.9838966   0.9822704   0.9822704   0.9822704
R 0 5   3  0  3  8    0.9964525   0.9964525   0.9964525   0.9964525   0.9964525   0.9964525   0.9964525   0.9852100   0.9805731   0.9820512   0.9842054   0.9960336
R 0 5   3  0  3  9    0.9938683   0.9938683   0.9938683   0.9938683   0.9938683   0.9938683   0.9780573   0.9723155   0.9711929   0.9816809   0.9913241   0.9913241
R 0 5   3  0  3 10    1.0022430   1.0060789   0.9872552   0.9702340   0.9686171   0.9658809   0.9654667   0.9654785   0.9857022   0.9869029   0.9869029   0.9869029
R 0 5   3  0  4  0    1.4039125   1.4039125   1.3432729   2.1364098   2.2558784   2.2742600   2.2391155   2.2725239   2.2725239   2.2725239   2.2725239   2.2725239
R 0 5   3  0  4  1    1.9857343   1.9857343   1.9857343   1.9857343   2.1492003   2.2221295   2.2043136   2.2039982   2.2039982   2.2039982   2.2039982   2.2039982
R 0 5   3  0  4  2    1.9220204   1.9220204   1.9220204   1.9220204   2.1913168   2.2552653   2.2336295   2.2312460   2.2312460   2.2312460   2.2312460   2.2312460
R 0 5   3  0  4  3    1.7842984   1.7842984   1.7842984   1.7842984   2.2667117   2.2614437   2.2349628   2.2263351   2.2263351   2.2263351   2.2263351   2.2263351
R 0 5   3  0  4  4    1.8940085   1.8940085   1.8940085   2.0246645   2.0844427   2.0864670   2.2027658   2.3417947   2.3417947   2.3417947   2.3417947   2.3417947
R 0 5   3  0  4  5    1.7417255   1.7417255   2.0657532   2.1533597   2.0866076   2.0820313   2.0064541   2.0064541   2.0064541   2.0064541   2.0064541   2.0064541
R 0 5   3  0  4  6    1.9708768   1.9708768   1.9708768   2.2150665   2.3187158   2.3504693   2.3420744   2.2755350   2.2755350   2.2755350   2.2755350   2.2755350
R 0 5   3  0  4  7    1.7958309   1.7958309   1.7958309   1.7958309   2.2720912   2.3510397   2.3413014   2.3475745   2.3855099   2.3473753   2.3473753   2.3473753
R 0 5   3  0  4  8    2.2394800   2.2394800   2.2394800   2.2394800   2.2394800   2.2394800   2.2394800   2.2466550   2.2245393   2.2688638   2.3094296   2.2989811
R 0 5   3  0  4  9    2.0876519   2.0876519   2.0876519   2.0876519   2.0876519   2.0876519   2.0440754   2.0564320   2.0417237   2.1987774   2.1982815   2.1982815
R 0 5   3  0  4 10    2.0059617   2.2206959   1.9797509   1.9006288   1.9778816   1.9626679   1.9571380   1.9375972   2.0789878   2.0207044   2.0207044   2.0207044
R 0 5   3  0  5  0   11.8606316  11.8606316   7.7902920   3.4474174   3.6390051   3.8614134   4.2304826   3.9271455   3.9271455   3.9271455   3.9271455   3.9271455
R 0 5   3  0  5  1    3.8991733   3.8991733   3.8991733   3.8991733   4.1143745   4.0612789   4.3725416   4.3288681   4.3288681   4.3288681   4.3288681   4.3288681
R 0 5   3  0  5  2    3.9166930   3.9166930   3.9166930   3.9166930   4.2547596   4.0408249   4.1359733   4.3113247   4.3113247   4.3113247   4.3113247   4.3113247
R 0 5   3  0  5  3    5.0220684   5.0220684   5.0220684   5.0220684   3.8534532   4.0308341   4.2964192   4.3514493   4.3514493   4.3514493   4.3514493   4.3514493
R 0 5   3  0  5  4    5.0742067   5.0742067   5.0742067   4.9907009   5.1465742   5.0100413   3.9583540   3.2190971   3.2190971   3.2190971   3.2190971   3.2190971
R 0 5   3  0  5  5    4.6758176   4.6758176   4.9678795   4.6449118   5.3305322   4.7112631   4.1277099   4.1277099   4.1277099   4.1277099   4.1277099   4.1277099
R 0 5   3  0  5  6    3.1695596   3.1695596   3.1695596   4.0018526   3.4542524   2.9629401   2.3993695   2.0087529   2.0087529   2.0087529   2.0087529   2.0087529
R 0 5   3  0  5  7    4.1378695   4.1378695   4.1378695   4.1378695   3.7415249   3.1214540   2.9435719   2.8796419   2.5792144   2.0865178   2.0865178   2.0865178
R 0 5   3  0  5  8    3.8696863   3.8696863   3.8696863   3.8696863   3.8696863   3.8696863   3.8696863   4.4509807   4.6225551   4.2586199   3.5083817   3.9612584
R 0 5   3  0  5  9    4.7018172   4.7018172   4.7018172   4.7018172   4.7018172   4.7018172   6.7168083   6.0925944   6.6696568   5.4532708   5.7217762   5.7217762
R 0 5   3  0  5 10    5.7473704   4.1720920   4.3599276   5.5884076   5.3803109   6.6671214   8.0193894   8.7655481   6.4724929   6.8947851   6.8947851   6.8947851
F  0  5   3  0  0  0    1.0149545   1.0171507   0.9922477   1.0094413   0.9729449   0.9986389   0.9925789   0.9870044   0.9912169   0.9855714   0.9830033
F  0  5   3  1  0  0    1.0723892   1.0622305   1.0698927   1.0698621   1.0509377   1.0792497   1.0753052   1.0540860   1.0411343   1.0657300   1.0913038
C  0  5   3  0  0  0  -0.2578258 -0.1157575 -0.1800980 -0.3895016 -0.2655309 -0.1624566 -0.1574920 -0.1896194 -0.2576525 -0.1578759 -0.2446439 -0.1618267 -0.1945174 -0.3170305 -0.3345363 -0.0417132
C  0  5   3  0  0  1  -0.0625649 -0.1593776 -0.1366167 -0.1205908 -0.1395837 -0.0978446 -0.1523802 -0.1261349 -0.0440905 -0.1315733 -0.0217788 -0.1045461 -0.1582891 -0.1342358 -0.2002651 -0.0431526
C  0  5   3  0  0  2  -0.1136566 -0.1070310 -0.1139322 -0.1313943 -0.0156256 -0.0543685 -0.0835736 -0.0943926 -0.0193254 -0.0743261 -0.0466269 -0.0673331 -0.1253127 -0.0598329 -0.0351281 -0.1000112
C  0  5   3  0  0  3  -0.0589736 -0.0790179 -0.1295051 -0.0286360  0.0290439 -0.1346212 -0.0913463 -0.0257031 -0.0426431 -0.0214135 -0.1082795 -0.0596904 -0.1521401 -0.1086049 -0.1018260 -0.0115386
C  0  5   3  0  0  4  -0.0862999 -0.0875112 -0.0493051 -0.0895817 -0.1020307 -0.0867071 -0.0483311 -0.0439447 -0.0361971 -0.0303888 -0.0621643 -0.0377673 -0.1264083 -0.1157503 -0.0251252 -0.0685312
C  0  5   3  0  0  5  -0.0236296  0.0101311 -0.0721842  0.0541324 -0.0114707 -0.0276335 -0.0333652 -0.0170714  0.0402409 -0.0141550 -0.0042817 -0.0066464 -0.0376477  0.0246515  0.0752459 -0.0576479
C  0  5   3  0  0  6  -0.0107554  0.0784421  0.0322060 -0.0006304 -0.0062644  0.0232624 -0.0411793 -0.0742979 -0.0300844 -0.0422837  0.0047423  0.0199491 -0.0639697 -0.0027451 -0.0478060  0.0809690
C  0  5   3  0  0  7  -0.0453513  0.0104681  0.0115815 -0.0114268  0.0045690  0.0431413  0.0240608  0.0006623 -0.0278275 -0.0200657  0.0629293 -0.0386325  0.0053387 -0.0281197 -0.0306251  0.0185975
C  0  5   3  0  0  8  -0.0121195  0.0030413  0.0391775  0.0261218 -0.0128961  0.0347801  0.0026545 -0.0234784  0.0073933  0.0287705 -0.0167140  0.0050298 -0.0062708  0.0577981 -0.0590506 -0.0138660
C  0  5   3  0  0  9  -0.0439248  0.0259142 -0.0123256  0.0416263  0.0293721  0.0366060 -0.0046144  0.0320334 -0.0407968  0.0093897  0.0472633  0.0381941 -0.0117757  0.0515837 -0.0131358  0.0480579
C  0  5   3  0  0 10  -0.0231585  0.0100493  0.0418555  0.0601092  0.0031825  0.0036702 -0.0382047 -0.0268863  0.0130835 -0.0540470  0.0117078 -0.0014974 -0.0365494  0.0508440  0.0135953  0.0476269
C  0  5   3  0  0 11  -0.0491781  0.0308311 -0.0420561  0.0523032  0.0198450  0.0562477  0.0463966  0.0874613  0.0133931  0.0322514  0.0202102 -0.0206721 -0.0009412  0.0187548  0.0003439 -0.0028463
C  0  5   3  0  0 12   0.0565887 -0.0135555  0.0006926  0.0076197  0.0106968  0.0287025 -0.0233124 -0.0092855 -0.0049466  0.0629973  0.0138910 -0.0017311 -0.0570587 -0.0009883  0.0202477  0.0223222
C  0  5   3  0  0 13  -0.0329998 -0.0013632  0.0337567  0.0040815 -0.0008933 -0.0205820  0.0175771 -0.0044272  0.0312878  0.0364207 -0.0198081  0.0162991 -0.0096074  0.0153360 -0.0090103  0.0080210
C  0  5   3  0  0 14  -0.0322415 -0.0056724 -0.0240644 -0.0087594 -0.0102800 -0.0074241 -0.0037713  0.0104274 -0.0255448 -0.0202623  0.0711378 -0.0547670  0.0213192  0.0315528 -0.0078180 -0.0608660
C  0  5   3  0  0 15  -0.0720874 -0.0435198 -0.0130687  0.0250261  0.0286650 -0.0578668 -0.0053572  0.0197927  0.0043764 -0.0125532 -0.0200518 -0.1034841 -0.0088451  0.0085499 -0.0751390  0.0060228
C  0  5   3  0  0 16   0.0885081  0.0250848 -0.0130351  0.0117217 -0.0283650 -0.0891654 -0.0265089  0.0006791 -0.0699967  0.1133943  0.0123035 -0.0597617 -0.0703277 -0.0094651 -0.0845203 -0.0091080
C  0  5   3  0  0 17  -0.0880257 -0.0840982 -0.1221586 -0.1040066 -0.1254564 -0.0425166 -0.0535482 -0.0094837 -0.0245422 -0.0682592 -0.0027168 -0.0158133 -0.1003982 -0.1472482 -0.0513173 -0.0156585
C  0  5   3  0  0 18  -0.1428959 -0.0436512 -0.0160668 -0.0542851 -0.1491253 -0.0450677 -0.0568960 -0.0360541 -0.0523144 -0.0206996 -0.0300950 -0.0892667 -0.0408229 -0.0050512 -0.1556113 -0.0087706
C  0  5   3  0  0 19   0.0219498 -0.0895536 -0.2071901 -0.0210951 -0.1126669 -0.0670153 -0.1313081 -0.0397090 -0.1175339 -0.0609109 -0.0733086 -0.0863119 -0.0691099 -0.0608271 -0.0580763 -0.0971544
C  0  5   3  0  0 20  -0.1028815 -0.0706038 -0.0575009 -0.0593816 -0.1480391 -0.1450311 -0.1798950 -0.1394734 -0.1520373 -0.1966774 -0.1584756  0.0067642 -0.0293324 -0.1679254 -0.1547686 -0.1587660
C  0  5   3  0  0 21  -0.1975107 -0.1996820 -0.3248419 -0.1716876 -0.2002870 -0.1722343 -0.2526303 -0.0715941 -0.1846567 -0.1167118 -0.1968396 -0.2843641 -0.3459044 -0.3867566 -0.2487395 -0.2625284
C  0  5   3  0  1  0  -0.0018607 -0.0002237 -0.0004930 -0.0019086 -0.0029461  0.0025246  0.0006800  0.0006702  0.0019777 -0.0005991 -0.0033892  0.0032853  0.0057443  0.0046118  0.0054583  0.0063139
C  0  5   3  0  1  1   0.0011496  0.0009826 -0.0020961 -0.0027505 -0.0007842 -0.0019398  0.0043627  0.0008571  0.0022830 -0.0015112 -0.0016344 -0.0024353  0.0026920  0.0041236  0.0020479  0.0023706
C  0  5   3  0  1  2   0.0027924 -0.0009238 -0.0001168  0.0001264 -0.0018536  0.0009566  0.0001640  0.0006518 -0.0011614  0.0011045 -0.0016601 -0.0017324  0.0016856 -0.0007514  0.0002464 -0.0001888
C  0  5   3  0  1  3   0.0025416 -0.0001030  0.0004209 -0.0018825 -0.0009315  0.0016742  0.0020645 -0.0012710 -0.0024041 -0.0020915 -0.0010918 -0.0014998  0.0006611 -0.0010825  0.0002522  0.0023464
C  0  5   3  0  1  4   0.0025035 -0.0003952 -0.0008645  0.0023157  0.0010562 -0.0010182  0.0015879 -0.0001075  0.0009704  0.0007549 -0.0006321 -0.0016741  0.0017965 -0.0003862 -0.0000796 -0.0023856
C  0  5   3  0  1  5   0.0013615  0.0008811 -0.0018584  0.0016125  0.0002553 -0.0006348 -0.0005843  0.0005993 -0.0000363  0.0004210  0.0017334 -0.0013079  0.0002910  0.0000393  0.0003896 -0.0009008
C  0  5   3  0  1  6   0.0022076 -0.0002052 -0.0005854  0.0005068  0.0007992 -0.0002408 -0.0009729 -0.0004635  0.0005849 -0.0011402 -0.0003849 -0.0001209 -0.0009942 -0.0022537  0.0013867 -0.0007180
C  0  5   3  0  1  7   0.0019736 -0.0001282  0.0008210  0.0003885  0.0020240  0.0009189 -0.0013846  0.0001571  0.0009234 -0.0012243  0.0013302 -0.0015598 -0.0008917 -0.0001321  0.0000309  0.0001755
C  0  5   3  0  1  8   0.0015805  0.0010417  0.0002526 -0.0005586  0.0012458  0.0011074  0.0009940  0.0001750  0.0018451  0.0001322 -0.0000069 -0.0013038 -0.0004929  0.0006889  0.0001313  0.0008069
C  0  5   3  0  1  9  -0.0018726  0.0008682  0.0016326  0.0001621  0.0002956  0.0003488  0.0007739  0.0007967 -0.0007324 -0.0014783 -0.0027881 -0.0007315 -0.0011499  0.0000853 -0.0012981  0.0006646
C  0  5   3  0  1 10   0.0007814  0.0002590  0.0014236  0.0017142  0.0016163 -0.0003078  0.0005603 -0.0002751 -0.0019411 -0.0017011 -0.0002278 -0.0008658 -0.0012147 -0.0007829  0.0000168  0.0011383
C  0  5   3  0  1 11   0.0002266  0.0002978  0.0003248  0.0008628  0.0000891  0.0004082 -0.0022158 -0.0013779 -0.0026464  0.0000874 -0.0002017 -0.0013672  0.0007406 -0.0001591 -0.0003154 -0.0005995
C  0  5   3  0  1 12   0.0004297 -0.0001345  0.0002762 -0.0005472  0.0006950 -0.0005258  0.0011671 -0.0001945  0.0003911 -0.0000356 -0.0000723  0.0017770  0.0002027 -0.0001236  0.0002229  0.0012902
C  0  5   3  0  1 13   0.0026078 -0.0012487  0.0004865  0.0018062  0.0024207  0.0007251 -0.0007775  0.0006596 -0.0002972 -0.0013066 -0.0008951 -0.0018614 -0.0007795  0.0010249  0.0003045  0.0015167
C  0  5   3  0  1 14   0.0019344  0.0004659  0.0022623  0.0014287  0.0016755  0.0017013 -0.0005874  0.0012825  0.0000917  0.0005906  0.0002051  0.0003004  0.0005331  0.0004182 -0.0005493  0.0021553
C  0  5   3  0  1 15   0.0015828  0.0000649 -0.0002935  0.0005943  0.0007447  0.0018718  0.0008559 -0.0010162  0.0006844 -0.0008715 -0.0004611  0.0009980 -0.0000264  0.0007044  0.0005792  0.0004304
C  0  5   3  0  1 16   0.0021954  0.0025158  0.0012580  0.0013591 -0.0004870  0.0023107  0.0007545  0.0000349  0.0007468 -0.0008748  0.0007743  0.0002215 -0.0001752  0.0013100  0.0023585  0.0019069
C  0  5   3  0  1 17   0.0006475 -0.0013531  0.0000423  0.0032995  0.0014241  0.0031120  0.0022276  0.0020763 -0.0002020  0.0030940  0.0016561 -0.0003397  0.0012154 -0.0009448  0.0047689  0.0044547
C  0  5   3  0  1 18   0.0055102  0.0043784  0.0020838  0.0010866  0.0001083  0.0019748  0.0043748  0.0011479 -0.0007509  0.0015839  0.0037195  0.0018707 -0.0000144  0.0000447  0.0059757  0.0049875
C  0  5   3  0  1 19   0.0025630  0.0024622  0.0011618  0.0019352  0.0007341  0.0015351  0.0029849  0.0014516  0.0033039  0.0030658 -0.0003780  0.0004734  0.0017077  0.0020488  0.0035222  0.0045382
C  0  5   3  0  1 20   0.0054831  0.0055038  0.0046028  0.0037520  0.0015070  0.0040559  0.0028809  0.0040155  0.0032281  0.0036414  0.0000196 -0.0015726  0.0027932  0.0038811  0.0052757  0.0057443
C  0  5   3  0  1 21   0.0129841  0.0125555  0.0062693  0.0017786 -0.0030783 -0.0052343 -0.0083193 -0.0009954 -0.0022136 -0.0030078 -0.0002503  0.0051071  0.0017659  0.0055040  0.0096999  0.0042961
C  0  5   3  1  0  0  -0.4458525 -0.3400468 -0.3425033 -0.3627790 -0.2310918 -0.3944500 -0.3429586 -0.3068662 -0.3213985 -0.2935384 -0.3652399 -0.4728661 -0.4214396 -0.4185156 -0.4133420 -0.4524399
C  0  5   3  1  0  1  -0.2864879 -0.3417587 -0.2854746 -0.2817891 -0.3225800 -0.2930333 -0.2783000 -0.2407501 -0.2842730 -0.2369767 -0.3101176 -0.3070759 -0.3674617 -0.3848300 -0.3417541 -0.3199698
C  0  5   3  1  0  2  -0.3233417 -0.3315818 -0.2620366 -0.2933303 -0.2865119 -0.2519563 -0.2641470 -0.2512379 -0.2455498 -0.2295184 -0.2896446 -0.2959910 -0.3333520 -0.3593850 -0.2802127 -0.3424808
C  0  5   3  1  0  3  -0.2909271 -0.2977648 -0.3093724 -0.2784371 -0.2763832 -0.2238375 -0.1916624 -0.1544870 -0.1843749 -0.2141460 -0.2284009 -0.2642160 -0.2600131 -0.2918215 -0.3013553 -0.2730528
C  0  5   3  1  0  4  -0.2881012 -0.2585023 -0.2761443 -0.2524810 -0.2456096 -0.2054477 -0.2558574 -0.2393467 -0.2288912 -0.1982162 -0.1973876 -0.2817842 -0.3015282 -0.2605165 -0.3170632 -0.2967304
C  0  5   3  1  0  5  -0.2047372 -0.1784366 -0.1911889 -0.1606147 -0.1535572 -0.1469140 -0.1886157 -0.1509079 -0.1549675 -0.1480442 -0.1704502 -0.2029222 -0.2240730 -0.1559665 -0.1869568 -0.1913867
C  0  5   3  1  0  6  -0.1522959 -0.1306924 -0.1780673 -0.1705803 -0.1208326 -0.1319995 -0.1409569 -0.1347286 -0.1437059 -0.1212953 -0.1021887 -0.1168052 -0.1218975 -0.1442515 -0.1465499 -0.1851940
C  0  5   3  1  0  7  -0.1535305 -0.1515361 -0.1493028 -0.1279455 -0.1624476 -0.1650491 -0.1708412 -0.1308157 -0.1373664 -0.1004792 -0.1021215 -0.1376880 -0.1582270 -0.1435018 -0.1362458 -0.1347103
C  0  5   3  1  0  8  -0.1778993 -0.0984742 -0.1346335 -0.1521633 -0.1609809 -0.1601507 -0.1484117 -0.1518238 -0.1447915 -0.1146392 -0.1244244 -0.1701361 -0.1193847 -0.1646608 -0.1410218 -0.1384912
C  0  5   3  1  0  9  -0.1351499 -0.1352673 -0.0914989 -0.1351769 -0.1054201 -0.1378648 -0.1141200 -0.1721683 -0.1080989 -0.1309547 -0.0769876 -0.1419351 -0.1290766 -0.1012904 -0.1352946 -0.1404665
C  0  5   3  1  0 10  -0.1380391 -0.1090013 -0.1227905 -0.1444345 -0.1474367 -0.1328456 -0.1375573 -0.1214741 -0.0950629 -0.1272196 -0.1284126 -0.1205186 -0.1094104 -0.1306790 -0.1157271 -0.1200591
C  0  5   3  1  0 11  -0.1334174 -0.1156392 -0.1433295 -0.1052156 -0.1034690 -0.1086833 -0.1199429 -0.1209856 -0.1462992 -0.0884529 -0.1086863 -0.1242762 -0.1103697 -0.1389182 -0.0953442 -0.1186082
C  0  5   3  1  0 12  -0.0990732 -0.1150609 -0.1336127 -0.1046065 -0.1399364 -0.1246527 -0.1403079 -0.1741464 -0.1320234 -0.1213597 -0.1233560 -0.0985042 -0.0978195 -0.1255023 -0.1110600 -0.1245412
C  0  5   3  1  0 13  -0.1126204 -0.1487229 -0.1607929 -0.1271280 -0.1368636 -0.1608172 -0.1520338 -0.1518297 -0.1177524 -0.1284249 -0.1591879 -0.1339200 -0.1560710 -0.1364515 -0.1587835 -0.1323249
C  0  5   3  1  0 14  -0.1323689 -0.1549466 -0.1456829 -0.1505814 -0.1694725 -0.1352864 -0.1473592 -0.2116112 -0.1519641 -0.1486808 -0.1318201 -0.1353902 -0.1442859 -0.0909093 -0.1373283 -0.1831800
C  0  5   3  1  0 15  -0.1129685 -0.1822580 -0.1460899 -0.1342884 -0.1607285 -0.1200277 -0.1525658 -0.1572873 -0.1589392 -0.1262868 -0.1068386 -0.1651348 -0.1353218 -0.0995287 -0.0951920 -0.1498198
C  0  5   3  1  0 16  -0.1704789 -0.1542180 -0.1579873 -0.1427805 -0.1669489 -0.1652774 -0.1981493 -0.2106460 -0.1618175 -0.1928065 -0.1342471 -0.1418791 -0.1398214 -0.1494523 -0.1434946 -0.1197799
C  0  5   3  1  0 17  -0.2528607 -0.2773945 -0.2083461 -0.2804498 -0.2199573 -0.2691447 -0.2585802 -0.2524642 -0.2452111 -0.2503518 -0.2467054 -0.2147007 -0.2043986 -0.2817221 -0.2301938 -0.2509542
C  0  5   3  1  0 18  -0.2605909 -0.2648496 -0.2627701 -0.2494282 -0.2368129 -0.2404193 -0.2845850 -0.2676957 -0.2560906 -0.2285591 -0.2635015 -0.2637029 -0.2637012 -0.1945795 -0.1911750 -0.2209222
C  0  5   3  1  0 19  -0.2675989 -0.2561879 -0.2899092 -0.3099306 -0.2929886 -0.2806849 -0.2660167 -0.2209806 -0.2774110 -0.2767077 -0.2204133 -0.2740960 -0.2432793 -0.2560289 -0.2683047 -0.2573668
C  0  5   3  1  0 20  -0.2625469 -0.2923398 -0.3446248 -0.3264660 -0.3209777 -0.2312731 -0.2865292 -0.3184551 -0.3488937 -0.3092131 -0.3194949 -0.2746929 -0.3542362 -0.2980572 -0.2638725 -0.3020057
C  0  5   3  1  0 21  -0.4057504 -0.3799436 -0.3648126 -0.3597261 -0.3040214 -0.2723867 -0.3164713 -0.3496546 -0.3910728 -0.3321955 -0.3304866 -0.3485583 -0.3049960 -0.3465345 -0.3580251 -0.3761107
C  0  5   3  1  1  0   0.0460110  0.0492504  0.0405358  0.0246880  0.0015971 -0.0205381 -0.0333290 -0.0420570 -0.0463256 -0.0363170 -0.0336530 -0.0187617  0.0027116  0.0052918  0.0247751  0.0379991
C  0  5   3  1  1  1   0.0248279  0.0225702  0.0179436  0.0107102  0.0024134 -0.0077599 -0.0152013 -0.0182496 -0.0177505 -0.0151964 -0.0152402 -0.0072169  0.0034664  0.0089201  0.0121023  0.0238934
C  0  5   3  1  1  2   0.0123545  0.0133149  0.0089524  0.0057821  0.0015266 -0.0031593 -0.0079383 -0.0083174 -0.0093487 -0.0060660 -0.0052189 -0.0031477  0.0005992  0.0033274  0.0047392  0.0107849
C  0  5   3  1  1  3   0.0076873  0.0070887  0.0022500  0.0041071  0.0011189  0.0004073 -0.0038335 -0.0018342  0.0004446 -0.0000840 -0.0025320 -0.0007832  0.0016847  0.0027811  0.0022194  0.0063797
C  0  5   3  1  1  4   0.0019335  0.0024746  0.0005771  0.0006077  0.0031018  0.0020768  0.0003686  0.0017963  0.0044676  0.0029039 -0.0008094 -0.0003630  0.0022092  0.0014929  0.0037436  0.0024059
C  0  5   3  1  1  5   0.0014331  0.0006683  0.0001314  0.0032871  0.0031880  0.0036923  0.0031956  0.0040075  0.0048630  0.0023981 -0.0010843 -0.0007460  0.0018826  0.0024144  0.0020310 -0.0005194
C  0  5   3  1  1  6   0.0010675  0.0015686  0.0013031  0.0037363  0.0043836  0.0042294  0.0048811  0.0047077  0.0043086  0.0011687  0.0004025  0.0004593  0.0007372  0.0010582  0.0006040 -0.0003785
C  0  5   3  1  1  7  -0.0010123  0.0017771  0.0018404  0.0041877  0.0043541  0.0037484  0.0056071  0.0035202  0.0035573  0.0008368 -0.0003463 -0.0001362  0.0013928  0.0010535  0.0013553 -0.0013260
C  0  5   3  1  1  8  -0.0008076  0.0009821  0.0021856  0.0017837  0.0046887  0.0038328  0.0047036  0.0049333  0.0051562  0.0014431  0.0006787 -0.0001407  0.0016446  0.0011444  0.0014040 -0.0010641
C  0  5   3  1  1  9   0.0010594  0.0022240  0.0017056  0.0029667  0.0026040  0.0026892  0.0036496  0.0035303  0.0025222 -0.0003999  0.0011499  0.0006755  0.0012094  0.0000449 -0.0000443 -0.0017855
C  0  5   3  1  1 10  -0.0004222  0.0019924  0.0015833  0.0015976  0.0021379  0.0016704  0.0021971  0.0026340  0.0028734 -0.0002985 -0.0006912  0.0001208 -0.0006121  0.0007417  0.0017435 -0.0010921
C  0  5   3  1  1 11  -0.0000904  0.0015728  0.0010921  0.0019877  0.0025861 -0.0001534  0.0011587  0.0020799  0.0024542  0.0013679 -0.0018298 -0.0004215 -0.0002167 -0.0003671  0.0002645 -0.0019333
C  0  5   3  1  1 12  -0.0000443  0.0017497  0.0024275  0.0037282  0.0022833  0.0012235  0.0009409  0.0027105  0.0041479  0.0009854  0.0012663  0.0006864  0.0006784 -0.0004708  0.0007615 -0.0011831
C  0  5   3  1  1 13  -0.0001569  0.0020213  0.0024276  0.0031459  0.0028496  0.0027715  0.0041143  0.0055272  0.0047353  0.0011681  0.0010717 -0.0002414 -0.0005259 -0.0021358  0.0001339 -0.0015167
C  0  5   3  1  1 14  -0.0007012  0.0008010  0.0023153  0.0036344  0.0036413  0.0024065  0.0035668  0.0059750  0.0051980  0.0017496  0.0015792 -0.0006846 -0.0018344 -0.0015838 -0.0017997 -0.0023109
C  0  5   3  1  1 15  -0.0018614  0.0002629  0.0026910  0.0036893  0.0027863 -0.0007579  0.0029480  0.0033291  0.0059443  0.0030438  0.0019985  0.0001236 -0.0028320 -0.0055018 -0.0055356 -0.0049731
C  0  5   3  1  1 16  -0.0014362  0.0012322  0.0033050  0.0045509  0.0031124  0.0009860  0.0035977  0.0037255  0.0042447  0.0063207  0.0026171  0.0024733 -0.0012449 -0.0016357 -0.0047864 -0.0053165
C  0  5   3  1  1 17  -0.0035636  0.0020036  0.0015855  0.0061191  0.0019285 -0.0016232  0.0010625  0.0036711  0.0041127  0.0042755  0.0041525  0.0016556 -0.0012192 -0.0042592 -0.0051293 -0.0046750
C  0  5   3  1  1 18   0.0005666  0.0072527  0.0052231  0.0066796  0.0042935 -0.0001465 -0.0021131 -0.0005790  0.0028130  0.0041537  0.0019245  0.0010966 -0.0013764 -0.0037360 -0.0057852 -0.0039713
C  0  5   3  1  1 19   0.0021104  0.0082234  0.0119917  0.0100047  0.0064443  0.0019492 -0.0024871 -0.0006049  0.0028351  0.0052175  0.0024099 -0.0002251 -0.0027687 -0.0045910 -0.0053702 -0.0022286
C  0  5   3  1  1 20   0.0013551  0.0145523  0.0180396  0.0134114  0.0064083  0.0031206 -0.0020341 -0.0011913  0.0009445  0.0060465  0.0015078 -0.0025250 -0.0067909 -0.0084984 -0.0059350 -0.0047728
C  0  5   3  1  1 21   0.0090414  0.0211144  0.0307575  0.0224322  0.0154951  0.0159572  0.0105633  0.0112957  0.0117971  0.0137132  0.0014718 -0.0034420 -0.0089659 -0.0176489 -0.0077599  0.0008455
