CPHI 16 
CETA 22 -2.40 -2.10 -1.85 -1.60 -1.40 -1.20 -1.00 -0.80 -0.60 -0.40 -0.20  0.00  0.20  0.40  0.60  0.80  1.00  1.20  1.40  1.60  1.85  2.10  2.40 
RMIN  6 
RTRK 12 
RETA 11  0.00  0.20  0.40  0.60  0.80  1.00  1.20  1.40  1.60  1.85  2.10  2.40 
T 0 5   4  0  0  0    0.0000000   0.0006174   0.0016774   0.0031880   0.0122719   0.0692370   0.2780276   0.6535433   1.0000000   1.0000000   1.0000000   1.0000000   1.0000000
T 0 5   4  0  0  1    0.0000000   0.0001354   0.0005459   0.0023920   0.0124343   0.0590489   0.2262877   0.5889114   1.0000000   1.0000000   1.0000000   1.0000000   1.0000000
T 0 5   4  0  0  2    0.0000000   0.0001294   0.0005243   0.0017488   0.0107047   0.0555296   0.2094740   0.5738720   1.0000000   1.0000000   1.0000000   1.0000000   1.0000000
T 0 5   4  0  0  3    0.0000000   0.0002015   0.0005867   0.0017170   0.0115356   0.0627351   0.2260086   0.5868161   1.0000000   1.0000000   1.0000000   1.0000000   1.0000000
T 0 5   4  0  0  4    0.0000000   0.0003907   0.0025396   0.0143279   0.0629528   0.2043776   0.4892906   0.8222971   1.0000000   1.0000000   1.0000000   1.0000000   1.0000000
T 0 5   4  0  0  5    0.0000000   0.0009833   0.0074319   0.0513680   0.2055027   0.5328830   0.8761381   0.9993922   1.0000000   1.0000000   1.0000000   1.0000000   1.0000000
T 0 5   4  0  0  6    0.0000000   0.0002959   0.0012101   0.0103076   0.0673314   0.2771700   0.6633683   0.9312166   0.9981963   0.9999994   1.0000000   1.0000000   1.0000000
T 0 5   4  0  0  7    0.0000000   0.0000583   0.0003953   0.0009066   0.0047834   0.0308238   0.1189337   0.2972425   0.5813239   0.8692031   0.9842107   0.9998683   1.0000000
T 0 5   4  0  0  8    0.0000000   0.0000019   0.0000351   0.0001224   0.0003944   0.0009957   0.0042109   0.0251107   0.1194546   0.3938732   0.7895316   0.9692909   1.0000000
T 0 5   4  0  0  9    0.0000000   0.0000072   0.0000100   0.0000333   0.0005408   0.0035534   0.0183417   0.0860144   0.3020499   0.6584964   0.9386042   0.9999342   1.0000000
T 0 5   4  0  0 10    0.0000000   0.0067141   0.0290557   0.0464353   0.0795622   0.1688626   0.3381590   0.6900122   0.9105257   0.9702516   0.9998314   1.0000000   1.0000000
T 0 5   4  1  0  0    0.0000000   0.0005148   0.0016399   0.0047460   0.0213440   0.1017716   0.3374237   0.6994022   1.0000000   1.0000000   1.0000000   1.0000000   1.0000000
T 0 5   4  1  0  1    0.0000000   0.0002633   0.0010891   0.0042307   0.0181163   0.0752157   0.2537985   0.6193956   1.0000000   1.0000000   1.0000000   1.0000000   1.0000000
T 0 5   4  1  0  2    0.0000000   0.0002194   0.0008486   0.0027728   0.0124455   0.0616642   0.2339277   0.6064318   1.0000000   1.0000000   1.0000000   1.0000000   1.0000000
T 0 5   4  1  0  3    0.0000000   0.0002283   0.0008669   0.0027852   0.0140251   0.0700545   0.2491207   0.6198491   1.0000000   1.0000000   1.0000000   1.0000000   1.0000000
T 0 5   4  1  0  4    0.0000000   0.0004356   0.0027620   0.0153929   0.0663357   0.2155446   0.5058694   0.8320271   1.0000000   1.0000000   1.0000000   1.0000000   1.0000000
T 0 5   4  1  0  5    0.0000000   0.0011873   0.0094478   0.0577925   0.2246261   0.5586818   0.8900123   0.9996500   1.0000000   1.0000000   1.0000000   1.0000000   1.0000000
T 0 5   4  1  0  6    0.0000000   0.0004626   0.0026649   0.0180020   0.0942133   0.3329130   0.7236541   0.9536823   0.9988141   0.9999984   1.0000000   1.0000000   1.0000000
T 0 5   4  1  0  7    0.0000000   0.0002246   0.0006446   0.0024765   0.0123245   0.0526267   0.1570011   0.3413836   0.6074237   0.8728054   0.9849908   0.9998878   1.0000000
T 0 5   4  1  0  8    0.0000000   0.0009562   0.0014955   0.0017998   0.0022382   0.0036136   0.0107994   0.0452511   0.1686405   0.4573475   0.8251665   0.9710661   1.0000000
T 0 5   4  1  0  9    0.0000000   0.0021003   0.0074838   0.0131257   0.0159362   0.0198461   0.0401951   0.1288935   0.3661962   0.7154288   0.9583841   0.9999941   1.0000000
T 0 5   4  1  0 10    0.0000000   0.0032254   0.0170235   0.0428863   0.0843736   0.1746921   0.3942474   0.7474223   0.9511020   0.9856143   0.9999985   1.0000000   1.0000000
R 0 5   4  0  0  0    0.0253576   0.0253576   0.0128287   0.0109595   0.0104595   0.0102026   0.0100150   0.0098581   0.0098581   0.0098581   0.0098581   0.0098581
R 0 5   4  0  0  1    0.0122798   0.0122798   0.0122798   0.0122798   0.0111934   0.0109503   0.0109754   0.0108621   0.0108621   0.0108621   0.0108621   0.0108621
R 0 5   4  0  0  2    0.0130097   0.0130097   0.0130097   0.0130097   0.0121884   0.0120291   0.0118600   0.0116981   0.0116981   0.0116981   0.0116981   0.0116981
R 0 5   4  0  0  3    0.0140471   0.0140471   0.0140471   0.0140471   0.0128436   0.0126149   0.0123856   0.0122570   0.0122570   0.0122570   0.0122570   0.0122570
R 0 5   4  0  0  4    0.0197239   0.0197239   0.0197239   0.0177018   0.0170027   0.0159123   0.0145108   0.0131235   0.0131235   0.0131235   0.0131235   0.0131235
R 0 5   4  0  0  5    0.0212935   0.0212935   0.0197325   0.0192336   0.0187752   0.0180916   0.0170218   0.0170218   0.0170218   0.0170218   0.0170218   0.0170218
R 0 5   4  0  0  6    0.0209098   0.0209098   0.0209098   0.0207367   0.0208473   0.0207490   0.0208824   0.0207785   0.0207785   0.0207785   0.0207785   0.0207785
R 0 5   4  0  0  7    0.0231029   0.0231029   0.0231029   0.0231029   0.0212789   0.0214481   0.0212900   0.0210390   0.0206293   0.0198029   0.0198029   0.0198029
R 0 5   4  0  0  8    0.0218674   0.0218674   0.0218674   0.0218674   0.0218674   0.0218674   0.0218674   0.0212585   0.0210625   0.0209894   0.0203586   0.0192185
R 0 5   4  0  0  9    0.0322194   0.0322194   0.0322194   0.0322194   0.0322194   0.0322194   0.0302407   0.0289090   0.0275300   0.0264879   0.0252806   0.0252806
R 0 5   4  0  0 10    0.0828094   0.0734940   0.0639626   0.0550960   0.0477775   0.0442456   0.0410102   0.0356627   0.0342561   0.0313162   0.0313162   0.0313162
R 0 5   4  0  1  0    0.0000000   0.0000000   0.0000000   0.0000837   0.0000868   0.0000820   0.0000736   0.0000663   0.0000663   0.0000663   0.0000663   0.0000663
R 0 5   4  0  1  1    0.0000874   0.0000874   0.0000874   0.0000874   0.0000711   0.0000724   0.0000636   0.0000574   0.0000574   0.0000574   0.0000574   0.0000574
R 0 5   4  0  1  2    0.0000752   0.0000752   0.0000752   0.0000752   0.0000719   0.0000660   0.0000612   0.0000537   0.0000537   0.0000537   0.0000537   0.0000537
R 0 5   4  0  1  3    0.0000851   0.0000851   0.0000851   0.0000851   0.0000713   0.0000603   0.0000560   0.0000501   0.0000501   0.0000501   0.0000501   0.0000501
R 0 5   4  0  1  4    0.0001461   0.0001461   0.0001461   0.0000977   0.0000948   0.0000759   0.0000557   0.0000462   0.0000462   0.0000462   0.0000462   0.0000462
R 0 5   4  0  1  5    0.0001217   0.0001217   0.0000859   0.0000774   0.0000698   0.0000620   0.0000474   0.0000474   0.0000474   0.0000474   0.0000474   0.0000474
R 0 5   4  0  1  6    0.0000762   0.0000762   0.0000762   0.0000570   0.0000623   0.0000598   0.0000569   0.0000346   0.0000346   0.0000346   0.0000346   0.0000346
R 0 5   4  0  1  7    0.0000925   0.0000925   0.0000925   0.0000925   0.0000873   0.0000769   0.0000748   0.0000768   0.0000760   0.0000592   0.0000592   0.0000592
R 0 5   4  0  1  8    0.0001249   0.0001249   0.0001249   0.0001249   0.0001249   0.0001249   0.0001249   0.0001174   0.0001061   0.0001022   0.0000919   0.0000743
R 0 5   4  0  1  9    0.0002936   0.0002936   0.0002936   0.0002936   0.0002936   0.0002936   0.0002312   0.0002043   0.0001854   0.0001543   0.0001428   0.0001428
R 0 5   4  0  1 10    0.0015181   0.0011873   0.0009508   0.0008022   0.0005915   0.0004904   0.0004008   0.0002669   0.0002108   0.0001759   0.0001759   0.0001759
R 0 5   4  0  2  0    0.0000000   0.0000000   0.0000000   0.0000000   0.0000152   0.0000186   0.0000200   0.0000113   0.0000113   0.0000113   0.0000113   0.0000113
R 0 5   4  0  2  1    0.0000000   0.0000000   0.0000000   0.0000000   0.0000000   0.0000228   0.0000152   0.0000206   0.0000206   0.0000206   0.0000206   0.0000206
R 0 5   4  0  2  2    0.0000495   0.0000495   0.0000495   0.0000495   0.0000661   0.0000216   0.0000169   0.0000194   0.0000194   0.0000194   0.0000194   0.0000194
R 0 5   4  0  2  3    0.0000562   0.0000562   0.0000562   0.0000562   0.0000308   0.0000152   0.0000207   0.0000129   0.0000129   0.0000129   0.0000129   0.0000129
R 0 5   4  0  2  4    0.0000000   0.0000000   0.0000000   0.0000000   0.0000147   0.0000196   0.0000163   0.0000199   0.0000199   0.0000199   0.0000199   0.0000199
R 0 5   4  0  2  5    0.0000000   0.0000000   0.0000000   0.0000117   0.0000281   0.0000232   0.0000142   0.0000142   0.0000142   0.0000142   0.0000142   0.0000142
R 0 5   4  0  2  6    0.0000000   0.0000000   0.0000000   0.0000000   0.0000120   0.0000106   0.0000000   0.0000205   0.0000205   0.0000205   0.0000205   0.0000205
R 0 5   4  0  2  7    0.0000000   0.0000000   0.0000000   0.0000000   0.0000493   0.0000000   0.0000000   0.0000090   0.0000080   0.0000216   0.0000216   0.0000216
R 0 5   4  0  2  8    0.0000000   0.0000000   0.0000000   0.0000000   0.0000000   0.0000000   0.0000000   0.0000000   0.0000071   0.0000151   0.0000000   0.0000000
R 0 5   4  0  2  9    0.0000000   0.0000000   0.0000000   0.0000000   0.0000000   0.0000000   0.0000490   0.0000558   0.0000189   0.0000409   0.0000273   0.0000273
R 0 5   4  0  2 10    0.0000000   0.0000000   0.0000000   0.0000000   0.0000000   0.0000347   0.0001158   0.0000659   0.0000000   0.0000000   0.0000000   0.0000000
R 0 5   4  0  3  0    1.0185752   1.0185752   0.9730174   0.9938465   0.9866111   0.9816501   0.9794860   0.9809680   0.9809680   0.9809680   0.9809680   0.9809680
R 0 5   4  0  3  1    0.9874918   0.9874918   0.9874918   0.9874918   0.9812849   0.9801172   0.9777362   0.9775172   0.9775172   0.9775172   0.9775172   0.9775172
R 0 5   4  0  3  2    0.9792031   0.9792031   0.9792031   0.9792031   0.9860243   0.9815029   0.9795184   0.9792736   0.9792736   0.9792736   0.9792736   0.9792736
R 0 5   4  0  3  3    0.9647168   0.9647168   0.9647168   0.9647168   0.9889196   0.9827124   0.9799382   0.9795942   0.9795942   0.9795942   0.9795942   0.9795942
R 0 5   4  0  3  4    0.9850899   0.9850899   0.9850899   0.9742220   0.9727058   0.9719693   0.9764460   0.9847584   0.9847584   0.9847584   0.9847584   0.9847584
R 0 5   4  0  3  5    0.9742167   0.9742167   0.9797687   0.9778423   0.9721759   0.9702757   0.9666938   0.9666938   0.9666938   0.9666938   0.9666938   0.9666938
R 0 5   4  0  3  6    0.9910704   0.9910704   0.9910704   0.9872980   0.9845700   0.9825550   0.9809284   0.9781278   0.9781278   0.9781278   0.9781278   0.9781278
R 0 5   4  0  3  7    0.9850652   0.9850652   0.9850652   0.9850652   1.0014833   0.9877099   0.9850462   0.9827328   0.9838966   0.9822704   0.9822704   0.9822704
R 0 5   4  0  3  8    0.9964525   0.9964525   0.9964525   0.9964525   0.9964525   0.9964525   0.9964525   0.9852100   0.9805731   0.9820512   0.9842054   0.9960336
R 0 5   4  0  3  9    0.9938683   0.9938683   0.9938683   0.9938683   0.9938683   0.9938683   0.9780573   0.9723155   0.9711929   0.9816809   0.9913241   0.9913241
R 0 5   4  0  3 10    1.0022430   1.0060789   0.9872552   0.9702340   0.9686171   0.9658809   0.9654667   0.9654785   0.9857022   0.9869029   0.9869029   0.9869029
R 0 5   4  0  4  0    1.4039125   1.4039125   1.3432729   2.1364098   2.2558784   2.2742600   2.2391155   2.2725239   2.2725239   2.2725239   2.2725239   2.2725239
R 0 5   4  0  4  1    1.9857343   1.9857343   1.9857343   1.9857343   2.1492003   2.2221295   2.2043136   2.2039982   2.2039982   2.2039982   2.2039982   2.2039982
R 0 5   4  0  4  2    1.9220204   1.9220204   1.9220204   1.9220204   2.1913168   2.2552653   2.2336295   2.2312460   2.2312460   2.2312460   2.2312460   2.2312460
R 0 5   4  0  4  3    1.7842984   1.7842984   1.7842984   1.7842984   2.2667117   2.2614437   2.2349628   2.2263351   2.2263351   2.2263351   2.2263351   2.2263351
R 0 5   4  0  4  4    1.8940085   1.8940085   1.8940085   2.0246645   2.0844427   2.0864670   2.2027658   2.3417947   2.3417947   2.3417947   2.3417947   2.3417947
R 0 5   4  0  4  5    1.7417255   1.7417255   2.0657532   2.1533597   2.0866076   2.0820313   2.0064541   2.0064541   2.0064541   2.0064541   2.0064541   2.0064541
R 0 5   4  0  4  6    1.9708768   1.9708768   1.9708768   2.2150665   2.3187158   2.3504693   2.3420744   2.2755350   2.2755350   2.2755350   2.2755350   2.2755350
R 0 5   4  0  4  7    1.7958309   1.7958309   1.7958309   1.7958309   2.2720912   2.3510397   2.3413014   2.3475745   2.3855099   2.3473753   2.3473753   2.3473753
R 0 5   4  0  4  8    2.2394800   2.2394800   2.2394800   2.2394800   2.2394800   2.2394800   2.2394800   2.2466550   2.2245393   2.2688638   2.3094296   2.2989811
R 0 5   4  0  4  9    2.0876519   2.0876519   2.0876519   2.0876519   2.0876519   2.0876519   2.0440754   2.0564320   2.0417237   2.1987774   2.1982815   2.1982815
R 0 5   4  0  4 10    2.0059617   2.2206959   1.9797509   1.9006288   1.9778816   1.9626679   1.9571380   1.9375972   2.0789878   2.0207044   2.0207044   2.0207044
R 0 5   4  0  5  0   11.8606316  11.8606316   7.7902920   3.4474174   3.6390051   3.8614134   4.2304826   3.9271455   3.9271455   3.9271455   3.9271455   3.9271455
R 0 5   4  0  5  1    3.8991733   3.8991733   3.8991733   3.8991733   4.1143745   4.0612789   4.3725416   4.3288681   4.3288681   4.3288681   4.3288681   4.3288681
R 0 5   4  0  5  2    3.9166930   3.9166930   3.9166930   3.9166930   4.2547596   4.0408249   4.1359733   4.3113247   4.3113247   4.3113247   4.3113247   4.3113247
R 0 5   4  0  5  3    5.0220684   5.0220684   5.0220684   5.0220684   3.8534532   4.0308341   4.2964192   4.3514493   4.3514493   4.3514493   4.3514493   4.3514493
R 0 5   4  0  5  4    5.0742067   5.0742067   5.0742067   4.9907009   5.1465742   5.0100413   3.9583540   3.2190971   3.2190971   3.2190971   3.2190971   3.2190971
R 0 5   4  0  5  5    4.6758176   4.6758176   4.9678795   4.6449118   5.3305322   4.7112631   4.1277099   4.1277099   4.1277099   4.1277099   4.1277099   4.1277099
R 0 5   4  0  5  6    3.1695596   3.1695596   3.1695596   4.0018526   3.4542524   2.9629401   2.3993695   2.0087529   2.0087529   2.0087529   2.0087529   2.0087529
R 0 5   4  0  5  7    4.1378695   4.1378695   4.1378695   4.1378695   3.7415249   3.1214540   2.9435719   2.8796419   2.5792144   2.0865178   2.0865178   2.0865178
R 0 5   4  0  5  8    3.8696863   3.8696863   3.8696863   3.8696863   3.8696863   3.8696863   3.8696863   4.4509807   4.6225551   4.2586199   3.5083817   3.9612584
R 0 5   4  0  5  9    4.7018172   4.7018172   4.7018172   4.7018172   4.7018172   4.7018172   6.7168083   6.0925944   6.6696568   5.4532708   5.7217762   5.7217762
R 0 5   4  0  5 10    5.7473704   4.1720920   4.3599276   5.5884076   5.3803109   6.6671214   8.0193894   8.7655481   6.4724929   6.8947851   6.8947851   6.8947851
F  0  5   4  0  0  0    1.0054325   1.0253460   0.9928009   0.9852208   0.9770418   0.9960028   0.9919461   0.9902342   0.9886291   0.9870206   0.9817635
F  0  5   4  1  0  0    1.0553289   1.0692261   1.0772008   1.0560541   1.0587460   1.0794942   1.0784474   1.0605182   1.0432925   1.0675745   1.0937223
C  0  5   4  0  0  0  -0.2580863 -0.1159438 -0.1803090 -0.3897734 -0.2657560 -0.1626787 -0.1577101 -0.1898478 -0.2578825 -0.1581058 -0.2448419 -0.1620437 -0.1947253 -0.3172887 -0.3347754 -0.0418962
C  0  5   4  0  0  1  -0.0624311 -0.1592790 -0.1365389 -0.1204655 -0.1394865 -0.0977385 -0.1522796 -0.1260568 -0.0440149 -0.1314627 -0.0216728 -0.1044564 -0.1581773 -0.1341579 -0.2001333 -0.0430477
C  0  5   4  0  0  2  -0.1137625 -0.1071317 -0.1139834 -0.1314612 -0.0156958 -0.0544238 -0.0836894 -0.0944634 -0.0193969 -0.0743881 -0.0466901 -0.0673896 -0.1253849 -0.0599179 -0.0352003 -0.1001038
C  0  5   4  0  0  3  -0.0588429 -0.0789346 -0.1294268 -0.0284912  0.0291497 -0.1345426 -0.0912578 -0.0256154 -0.0425207 -0.0213215 -0.1081824 -0.0596074 -0.1520361 -0.1084758 -0.1017263 -0.0114044
C  0  5   4  0  0  4  -0.0863091 -0.0875172 -0.0493127 -0.0895876 -0.1020314 -0.0867200 -0.0483305 -0.0439471 -0.0361990 -0.0303946 -0.0621648 -0.0377695 -0.1264171 -0.1157575 -0.0251331 -0.0685387
C  0  5   4  0  0  5  -0.0236945  0.0100596 -0.0722484  0.0540799 -0.0115371 -0.0276896 -0.0334056 -0.0171221  0.0401947 -0.0142232 -0.0043556 -0.0067071 -0.0377020  0.0246261  0.0751844 -0.0577225
C  0  5   4  0  0  6  -0.0107115  0.0785711  0.0322543 -0.0005536 -0.0062083  0.0233423 -0.0411144 -0.0742265 -0.0300479 -0.0422423  0.0047887  0.0200171 -0.0639261 -0.0026690 -0.0477567  0.0810194
C  0  5   4  0  0  7  -0.0454768  0.0105053  0.0115691 -0.0114073  0.0044481  0.0431110  0.0241780  0.0007131 -0.0278042 -0.0200316  0.0629657 -0.0384675  0.0053404 -0.0280124 -0.0307002  0.0186822
C  0  5   4  0  0  8  -0.0121183  0.0030409  0.0391789  0.0261248 -0.0128948  0.0347780  0.0026545 -0.0234774  0.0073907  0.0287716 -0.0167123  0.0050270 -0.0062729  0.0577955 -0.0590504 -0.0138630
C  0  5   4  0  0  9  -0.0439204  0.0259417 -0.0122339  0.0416446  0.0294165  0.0366495 -0.0046138  0.0320455 -0.0407924  0.0094151  0.0472638  0.0381479 -0.0117165  0.0516737 -0.0130883  0.0481185
C  0  5   4  0  0 10  -0.0231713  0.0100256  0.0418046  0.0599929  0.0031657  0.0036197 -0.0381680 -0.0268922  0.0130320 -0.0540204  0.0117222 -0.0014822 -0.0365329  0.0507633  0.0135321  0.0475609
C  0  5   4  0  0 11  -0.0492654  0.0308052 -0.0420956  0.0522932  0.0198303  0.0562758  0.0464284  0.0874617  0.0133271  0.0322498  0.0201903 -0.0206547 -0.0009998  0.0186648  0.0003260 -0.0028421
C  0  5   4  0  0 12   0.0565647 -0.0135103  0.0006835  0.0076676  0.0107519  0.0287328 -0.0233028 -0.0092266 -0.0049158  0.0630188  0.0139186 -0.0017686 -0.0570342 -0.0009601  0.0203168  0.0223746
C  0  5   4  0  0 13  -0.0329987 -0.0013643  0.0337572  0.0040822 -0.0008904 -0.0205824  0.0175717 -0.0044238  0.0312875  0.0364167 -0.0198105  0.0162959 -0.0096077  0.0153393 -0.0090122  0.0080228
C  0  5   4  0  0 14  -0.0322217 -0.0057588 -0.0240754 -0.0087967 -0.0103091 -0.0072304 -0.0037449  0.0104697 -0.0254506 -0.0201030  0.0713060 -0.0547541  0.0213597  0.0316173 -0.0078449 -0.0607741
C  0  5   4  0  0 15  -0.0720272 -0.0434943 -0.0130183  0.0250511  0.0286952 -0.0578156 -0.0052848  0.0198198  0.0044270 -0.0124996 -0.0200202 -0.1034079 -0.0088071  0.0086306 -0.0750919  0.0060781
C  0  5   4  0  0 16   0.0884727  0.0250441 -0.0131069  0.0116328 -0.0284112 -0.0892155 -0.0265487  0.0006182 -0.0700799  0.1133364  0.0122416 -0.0598079 -0.0703788 -0.0095188 -0.0845840 -0.0091414
C  0  5   4  0  0 17  -0.0880361 -0.0841066 -0.1221591 -0.1040159 -0.1254608 -0.0425298 -0.0535554 -0.0094947 -0.0245507 -0.0682766 -0.0027223 -0.0158194 -0.1004014 -0.1472574 -0.0513240 -0.0156608
C  0  5   4  0  0 18  -0.1428019 -0.0435708 -0.0159687 -0.0541428 -0.1490111 -0.0449437 -0.0567819 -0.0359783 -0.0522446 -0.0206169 -0.0299887 -0.0891625 -0.0407017 -0.0049639 -0.1554928 -0.0086455
C  0  5   4  0  0 19   0.0218786 -0.0896482 -0.2072512 -0.0211704 -0.1127176 -0.0670585 -0.1313800 -0.0397880 -0.1176112 -0.0609828 -0.0733652 -0.0863644 -0.0691850 -0.0609032 -0.0581506 -0.0972233
C  0  5   4  0  0 20  -0.1027751 -0.0704947 -0.0574204 -0.0592877 -0.1479360 -0.1449370 -0.1798074 -0.1393741 -0.1519503 -0.1965980 -0.1583449  0.0068625 -0.0292293 -0.1678288 -0.1546808 -0.1586476
C  0  5   4  0  0 21  -0.1977274 -0.1999358 -0.3250902 -0.1718987 -0.2005352 -0.1724564 -0.2528574 -0.0718168 -0.1849027 -0.1169446 -0.1970553 -0.2845445 -0.3461522 -0.3869462 -0.2489964 -0.2627672
C  0  5   4  0  1  0  -0.0018585 -0.0002221 -0.0004911 -0.0019053 -0.0029452  0.0025262  0.0006825  0.0006727  0.0019792 -0.0005976 -0.0033884  0.0032879  0.0057464  0.0046136  0.0054593  0.0063152
C  0  5   4  0  1  1   0.0011493  0.0009816 -0.0020969 -0.0027518 -0.0007846 -0.0019391  0.0043621  0.0008569  0.0022824 -0.0015116 -0.0016358 -0.0024352  0.0026926  0.0041235  0.0020481  0.0023706
C  0  5   4  0  1  2   0.0027937 -0.0009236 -0.0001157  0.0001271 -0.0018528  0.0009574  0.0001655  0.0006528 -0.0011609  0.0011051 -0.0016590 -0.0017312  0.0016862 -0.0007503  0.0002470 -0.0001880
C  0  5   4  0  1  3   0.0025404 -0.0001040  0.0004200 -0.0018835 -0.0009333  0.0016733  0.0020631 -0.0012716 -0.0024057 -0.0020919 -0.0010923 -0.0015015  0.0006601 -0.0010838  0.0002508  0.0023446
C  0  5   4  0  1  4   0.0025036 -0.0003951 -0.0008643  0.0023157  0.0010563 -0.0010179  0.0015879 -0.0001072  0.0009705  0.0007551 -0.0006320 -0.0016741  0.0017966 -0.0003861 -0.0000796 -0.0023855
C  0  5   4  0  1  5   0.0013616  0.0008813 -0.0018590  0.0016124  0.0002553 -0.0006345 -0.0005846  0.0005995 -0.0000362  0.0004210  0.0017331 -0.0013078  0.0002907  0.0000397  0.0003895 -0.0009008
C  0  5   4  0  1  6   0.0022073 -0.0002063 -0.0005863  0.0005068  0.0007977 -0.0002427 -0.0009729 -0.0004636  0.0005840 -0.0011414 -0.0003858 -0.0001213 -0.0009946 -0.0022553  0.0013859 -0.0007188
C  0  5   4  0  1  7   0.0019734 -0.0001233  0.0008240  0.0003905  0.0020273  0.0009218 -0.0013807  0.0001563  0.0009253 -0.0012200  0.0013326 -0.0015577 -0.0008881 -0.0001283  0.0000360  0.0001777
C  0  5   4  0  1  8   0.0015806  0.0010418  0.0002527 -0.0005586  0.0012458  0.0011074  0.0009940  0.0001750  0.0018451  0.0001323 -0.0000068 -0.0013037 -0.0004928  0.0006889  0.0001314  0.0008070
C  0  5   4  0  1  9  -0.0018743  0.0008673  0.0016328  0.0001615  0.0002953  0.0003486  0.0007739  0.0007962 -0.0007327 -0.0014794 -0.0027888 -0.0007319 -0.0011515  0.0000854 -0.0012982  0.0006644
C  0  5   4  0  1 10   0.0007833  0.0002593  0.0014255  0.0017160  0.0016181 -0.0003058  0.0005629 -0.0002728 -0.0019377 -0.0016988 -0.0002257 -0.0008643 -0.0012125 -0.0007800  0.0000176  0.0011408
C  0  5   4  0  1 11   0.0002298  0.0003002  0.0003253  0.0008650  0.0000909  0.0004095 -0.0022135 -0.0013766 -0.0026433  0.0000896 -0.0001993 -0.0013657  0.0007424 -0.0001569 -0.0003134 -0.0005986
C  0  5   4  0  1 12   0.0004292 -0.0001341  0.0002749 -0.0005476  0.0006935 -0.0005267  0.0011662 -0.0001951  0.0003901 -0.0000363 -0.0000734  0.0017764  0.0002019 -0.0001240  0.0002219  0.0012896
C  0  5   4  0  1 13   0.0026079 -0.0012486  0.0004865  0.0018063  0.0024208  0.0007251 -0.0007774  0.0006596 -0.0002972 -0.0013065 -0.0008951 -0.0018614 -0.0007794  0.0010250  0.0003045  0.0015168
C  0  5   4  0  1 14   0.0019419  0.0004677  0.0022649  0.0014307  0.0016768  0.0017100 -0.0005876  0.0012853  0.0000963  0.0005950  0.0002085  0.0003028  0.0005361  0.0004218 -0.0005485  0.0021581
C  0  5   4  0  1 15   0.0015822  0.0000635 -0.0002944  0.0005936  0.0007437  0.0018709  0.0008542 -0.0010168  0.0006832 -0.0008722 -0.0004619  0.0009964 -0.0000274  0.0007038  0.0005788  0.0004289
C  0  5   4  0  1 16   0.0021955  0.0025158  0.0012585  0.0013587 -0.0004869  0.0023106  0.0007546  0.0000349  0.0007466 -0.0008750  0.0007743  0.0002212 -0.0001750  0.0013100  0.0023588  0.0019070
C  0  5   4  0  1 17   0.0006475 -0.0013529  0.0000423  0.0032995  0.0014242  0.0031120  0.0022276  0.0020765 -0.0002018  0.0030940  0.0016563 -0.0003395  0.0012156 -0.0009448  0.0047691  0.0044549
C  0  5   4  0  1 18   0.0055097  0.0043778  0.0020835  0.0010850  0.0001077  0.0019734  0.0043731  0.0011471 -0.0007519  0.0015834  0.0037174  0.0018708 -0.0000148  0.0000440  0.0059746  0.0049853
C  0  5   4  0  1 19   0.0025638  0.0024633  0.0011633  0.0019359  0.0007351  0.0015358  0.0029866  0.0014521  0.0033052  0.0030671 -0.0003769  0.0004747  0.0017091  0.0020502  0.0035236  0.0045397
C  0  5   4  0  1 20   0.0054823  0.0055035  0.0046027  0.0037514  0.0015070  0.0040551  0.0028805  0.0040146  0.0032277  0.0036406  0.0000192 -0.0015734  0.0027918  0.0038810  0.0052754  0.0057447
C  0  5   4  0  1 21   0.0129859  0.0125577  0.0062716  0.0017797 -0.0030746 -0.0052319 -0.0083178 -0.0009938 -0.0022121 -0.0030066 -0.0002486  0.0051083  0.0017680  0.0055052  0.0097020  0.0042982
C  0  5   4  1  0  0  -0.4454224 -0.3395470 -0.3420099 -0.3622743 -0.2306011 -0.3939761 -0.3424578 -0.3063511 -0.3208981 -0.2930640 -0.3647327 -0.4724109 -0.4209176 -0.4179972 -0.4128856 -0.4519335
C  0  5   4  1  0  1  -0.2863434 -0.3416513 -0.2853432 -0.2816576 -0.3224415 -0.2929055 -0.2781671 -0.2406171 -0.2841324 -0.2368418 -0.3099889 -0.3069419 -0.3673244 -0.3846914 -0.3416106 -0.3198315
C  0  5   4  1  0  2  -0.3232763 -0.3315287 -0.2619863 -0.2932621 -0.2864701 -0.2518923 -0.2640929 -0.2511862 -0.2454803 -0.2294626 -0.2895752 -0.2959247 -0.3332873 -0.3593109 -0.2801389 -0.3424212
C  0  5   4  1  0  3  -0.2907412 -0.2975799 -0.3091894 -0.2782450 -0.2761865 -0.2236489 -0.1914331 -0.1542655 -0.1842070 -0.2139357 -0.2281808 -0.2640431 -0.2597523 -0.2916167 -0.3011453 -0.2728490
C  0  5   4  1  0  4  -0.2880762 -0.2584875 -0.2761105 -0.2524562 -0.2455688 -0.2054259 -0.2558189 -0.2393095 -0.2288623 -0.1981882 -0.1973309 -0.2817452 -0.3015008 -0.2604841 -0.3170391 -0.2967039
C  0  5   4  1  0  5  -0.2047320 -0.1784323 -0.1911819 -0.1606096 -0.1535523 -0.1469075 -0.1886107 -0.1509024 -0.1549608 -0.1480375 -0.1704457 -0.2029145 -0.2240670 -0.1559602 -0.1869522 -0.1913809
C  0  5   4  1  0  6  -0.1521850 -0.1305510 -0.1779638 -0.1704315 -0.1207370 -0.1318998 -0.1408581 -0.1346027 -0.1435786 -0.1211982 -0.1020967 -0.1166777 -0.1217617 -0.1441407 -0.1464368 -0.1850591
C  0  5   4  1  0  7  -0.1534892 -0.1515266 -0.1492936 -0.1279191 -0.1624433 -0.1650106 -0.1708446 -0.1308420 -0.1373824 -0.1004827 -0.1021646 -0.1376242 -0.1582374 -0.1434799 -0.1362530 -0.1346553
C  0  5   4  1  0  8  -0.1779277 -0.0985084 -0.1346445 -0.1522033 -0.1610230 -0.1601744 -0.1484239 -0.1518048 -0.1448000 -0.1146480 -0.1244096 -0.1701337 -0.1193990 -0.1646714 -0.1410265 -0.1385020
C  0  5   4  1  0  9  -0.1351512 -0.1352399 -0.0914929 -0.1351549 -0.1053884 -0.1378437 -0.1140783 -0.1721436 -0.1080596 -0.1309232 -0.0769734 -0.1418890 -0.1290341 -0.1012475 -0.1352669 -0.1404359
C  0  5   4  1  0 10  -0.1380451 -0.1090428 -0.1228654 -0.1444606 -0.1474379 -0.1328990 -0.1376002 -0.1215010 -0.0951041 -0.1272854 -0.1285130 -0.1205218 -0.1094991 -0.1307013 -0.1157796 -0.1201235
C  0  5   4  1  0 11  -0.1334840 -0.1157019 -0.1433568 -0.1051645 -0.1035243 -0.1087057 -0.1199762 -0.1210448 -0.1463614 -0.0884692 -0.1087548 -0.1243477 -0.1104128 -0.1389325 -0.0953861 -0.1186541
C  0  5   4  1  0 12  -0.0990379 -0.1150388 -0.1335953 -0.1045856 -0.1398963 -0.1246188 -0.1402760 -0.1741255 -0.1319869 -0.1213354 -0.1233316 -0.0984441 -0.0977795 -0.1254915 -0.1110373 -0.1245347
C  0  5   4  1  0 13  -0.1126500 -0.1487193 -0.1607878 -0.1271621 -0.1368943 -0.1608403 -0.1520625 -0.1518311 -0.1177600 -0.1284494 -0.1591876 -0.1339258 -0.1560547 -0.1364851 -0.1587831 -0.1323308
C  0  5   4  1  0 14  -0.1323401 -0.1549015 -0.1456946 -0.1505734 -0.1694763 -0.1352551 -0.1473215 -0.2116284 -0.1519520 -0.1486852 -0.1318228 -0.1354086 -0.1442829 -0.0909379 -0.1373176 -0.1831231
C  0  5   4  1  0 15  -0.1128665 -0.1821560 -0.1459722 -0.1341963 -0.1606251 -0.1198988 -0.1524173 -0.1571586 -0.1588200 -0.1261892 -0.1067418 -0.1650282 -0.1351916 -0.0994056 -0.0950756 -0.1496919
C  0  5   4  1  0 16  -0.1704729 -0.1542137 -0.1579823 -0.1427736 -0.1669438 -0.1652720 -0.1981434 -0.2106399 -0.1618119 -0.1928005 -0.1342414 -0.1418717 -0.1398151 -0.1494463 -0.1434896 -0.1197749
C  0  5   4  1  0 17  -0.2528139 -0.2773653 -0.2083219 -0.2804176 -0.2199259 -0.2691080 -0.2585492 -0.2524255 -0.2451696 -0.2503236 -0.2466714 -0.2146626 -0.2043559 -0.2817025 -0.2301686 -0.2508957
C  0  5   4  1  0 18  -0.2603835 -0.2646709 -0.2625711 -0.2492044 -0.2366684 -0.2402303 -0.2844033 -0.2674867 -0.2558897 -0.2283329 -0.2632836 -0.2634930 -0.2634996 -0.1943435 -0.1909890 -0.2207435
C  0  5   4  1  0 19  -0.2675370 -0.2561237 -0.2898413 -0.3098720 -0.2929386 -0.2806350 -0.2659398 -0.2209196 -0.2773501 -0.2766508 -0.2203461 -0.2740242 -0.2432077 -0.2559469 -0.2682309 -0.2573077
C  0  5   4  1  0 20  -0.2624293 -0.2921990 -0.3445000 -0.3263295 -0.3208659 -0.2311447 -0.2863918 -0.3183037 -0.3487675 -0.3090748 -0.3193634 -0.2745637 -0.3541167 -0.2979365 -0.2637377 -0.3018693
C  0  5   4  1  0 21  -0.4052769 -0.3794728 -0.3643794 -0.3592630 -0.3035963 -0.2718882 -0.3159668 -0.3491651 -0.3905980 -0.3316813 -0.3300433 -0.3481006 -0.3045220 -0.3460332 -0.3575244 -0.3755807
C  0  5   4  1  1  0   0.0460071  0.0492456  0.0405322  0.0246831  0.0015943 -0.0205407 -0.0333326 -0.0420610 -0.0463296 -0.0363211 -0.0336577 -0.0187664  0.0027081  0.0052865  0.0247708  0.0379956
C  0  5   4  1  1  1   0.0248266  0.0225695  0.0179434  0.0107097  0.0024129 -0.0077608 -0.0152023 -0.0182509 -0.0177509 -0.0151971 -0.0152411 -0.0072175  0.0034661  0.0089191  0.0121013  0.0238923
C  0  5   4  1  1  2   0.0123531  0.0133139  0.0089512  0.0057812  0.0015256 -0.0031600 -0.0079394 -0.0083185 -0.0093497 -0.0060672 -0.0052201 -0.0031487  0.0005982  0.0033264  0.0047381  0.0107838
C  0  5   4  1  1  3   0.0076848  0.0070864  0.0022470  0.0041048  0.0011157  0.0004046 -0.0038349 -0.0018376  0.0004421 -0.0000863 -0.0025345 -0.0007859  0.0016827  0.0027790  0.0022173  0.0063768
C  0  5   4  1  1  4   0.0019328  0.0024739  0.0005764  0.0006072  0.0031009  0.0020759  0.0003681  0.0017959  0.0044670  0.0029036 -0.0008102 -0.0003635  0.0022086  0.0014925  0.0037432  0.0024052
C  0  5   4  1  1  5   0.0014331  0.0006683  0.0001314  0.0032871  0.0031880  0.0036923  0.0031956  0.0040075  0.0048630  0.0023982 -0.0010843 -0.0007460  0.0018826  0.0024144  0.0020310 -0.0005194
C  0  5   4  1  1  6   0.0010655  0.0015669  0.0013016  0.0037336  0.0043815  0.0042279  0.0048795  0.0047054  0.0043062  0.0011673  0.0004006  0.0004572  0.0007351  0.0010566  0.0006020 -0.0003809
C  0  5   4  1  1  7  -0.0010096  0.0017807  0.0018430  0.0041904  0.0043563  0.0037514  0.0056098  0.0035222  0.0035588  0.0008395 -0.0003435 -0.0001336  0.0013956  0.0010558  0.0013569 -0.0013238
C  0  5   4  1  1  8  -0.0008071  0.0009826  0.0021860  0.0017841  0.0046889  0.0038338  0.0047046  0.0049342  0.0051571  0.0014437  0.0006794 -0.0001402  0.0016449  0.0011450  0.0014044 -0.0010640
C  0  5   4  1  1  9   0.0010588  0.0022232  0.0017047  0.0029663  0.0026030  0.0026883  0.0036490  0.0035295  0.0025218 -0.0004005  0.0011488  0.0006748  0.0012089  0.0000440 -0.0000451 -0.0017855
C  0  5   4  1  1 10  -0.0004188  0.0019962  0.0015879  0.0016025  0.0021418  0.0016741  0.0022007  0.0026377  0.0028771 -0.0002933 -0.0006859  0.0001255 -0.0006090  0.0007458  0.0017462 -0.0010883
C  0  5   4  1  1 11  -0.0000863  0.0015753  0.0010966  0.0019918  0.0025909 -0.0001495  0.0011632  0.0020838  0.0024574  0.0013721 -0.0018249 -0.0004176 -0.0002120 -0.0003630  0.0002695 -0.0019288
C  0  5   4  1  1 12  -0.0000451  0.0017488  0.0024267  0.0037277  0.0022829  0.0012229  0.0009405  0.0027100  0.0041478  0.0009844  0.0012650  0.0006857  0.0006773 -0.0004713  0.0007610 -0.0011837
C  0  5   4  1  1 13  -0.0001561  0.0020220  0.0024282  0.0031464  0.0028504  0.0027719  0.0041146  0.0055277  0.0047356  0.0011688  0.0010720 -0.0002413 -0.0005256 -0.0021354  0.0001341 -0.0015157
C  0  5   4  1  1 14  -0.0006989  0.0008033  0.0023188  0.0036362  0.0036448  0.0024088  0.0035697  0.0059770  0.0051997  0.0017521  0.0015819 -0.0006829 -0.0018324 -0.0015830 -0.0017978 -0.0023093
C  0  5   4  1  1 15  -0.0018631  0.0002606  0.0026889  0.0036878  0.0027840 -0.0007601  0.0029470  0.0033275  0.0059420  0.0030416  0.0019965  0.0001214 -0.0028342 -0.0055033 -0.0055375 -0.0049745
C  0  5   4  1  1 16  -0.0014362  0.0012322  0.0033050  0.0045508  0.0031124  0.0009860  0.0035977  0.0037255  0.0042447  0.0063207  0.0026171  0.0024733 -0.0012449 -0.0016357 -0.0047864 -0.0053165
C  0  5   4  1  1 17  -0.0035643  0.0020028  0.0015849  0.0061183  0.0019282 -0.0016237  0.0010619  0.0036706  0.0041119  0.0042748  0.0041520  0.0016551 -0.0012198 -0.0042597 -0.0051297 -0.0046759
C  0  5   4  1  1 18   0.0005646  0.0072501  0.0052211  0.0066767  0.0042918 -0.0001490 -0.0021158 -0.0005806  0.0028101  0.0041518  0.0019224  0.0010941 -0.0013794 -0.0037390 -0.0057879 -0.0039728
C  0  5   4  1  1 19   0.0021093  0.0082221  0.0119906  0.0100039  0.0064431  0.0019486 -0.0024880 -0.0006059  0.0028341  0.0052163  0.0024092 -0.0002262 -0.0027696 -0.0045918 -0.0053711 -0.0022296
C  0  5   4  1  1 20   0.0013549  0.0145518  0.0180387  0.0134104  0.0064075  0.0031195 -0.0020348 -0.0011921  0.0009440  0.0060456  0.0015070 -0.0025257 -0.0067917 -0.0084992 -0.0059357 -0.0047737
C  0  5   4  1  1 21   0.0090378  0.0211102  0.0307543  0.0224294  0.0154911  0.0159529  0.0105600  0.0112937  0.0117937  0.0137110  0.0014681 -0.0034462 -0.0089701 -0.0176529 -0.0077622  0.0008438
