CPHI 16 
CETA 22 -2.40 -2.10 -1.85 -1.60 -1.40 -1.20 -1.00 -0.80 -0.60 -0.40 -0.20  0.00  0.20  0.40  0.60  0.80  1.00  1.20  1.40  1.60  1.85  2.10  2.40 
RMIN  6 
RTRK 12 
RETA 11  0.00  0.20  0.40  0.60  0.80  1.00  1.20  1.40  1.60  1.85  2.10  2.40 
T 0 7   0  0  0  0    0.0000000   0.0006174   0.0016774   0.0031880   0.0122719   0.0692370   0.2780276   0.6535433   1.0000000   1.0000000   1.0000000   1.0000000   1.0000000
T 0 7   0  0  0  1    0.0000000   0.0001354   0.0005459   0.0023920   0.0124343   0.0590489   0.2262877   0.5889114   1.0000000   1.0000000   1.0000000   1.0000000   1.0000000
T 0 7   0  0  0  2    0.0000000   0.0001294   0.0005243   0.0017488   0.0107047   0.0555296   0.2094740   0.5738720   1.0000000   1.0000000   1.0000000   1.0000000   1.0000000
T 0 7   0  0  0  3    0.0000000   0.0002015   0.0005867   0.0017170   0.0115356   0.0627351   0.2260086   0.5868161   1.0000000   1.0000000   1.0000000   1.0000000   1.0000000
T 0 7   0  0  0  4    0.0000000   0.0003907   0.0025396   0.0143279   0.0629528   0.2043776   0.4892906   0.8222971   1.0000000   1.0000000   1.0000000   1.0000000   1.0000000
T 0 7   0  0  0  5    0.0000000   0.0009833   0.0074319   0.0513680   0.2055027   0.5328830   0.8761381   0.9993922   1.0000000   1.0000000   1.0000000   1.0000000   1.0000000
T 0 7   0  0  0  6    0.0000000   0.0002959   0.0012101   0.0103076   0.0673314   0.2771700   0.6633683   0.9312166   0.9981963   0.9999994   1.0000000   1.0000000   1.0000000
T 0 7   0  0  0  7    0.0000000   0.0000583   0.0003953   0.0009066   0.0047834   0.0308238   0.1189337   0.2972425   0.5813239   0.8692031   0.9842107   0.9998683   1.0000000
T 0 7   0  0  0  8    0.0000000   0.0000019   0.0000351   0.0001224   0.0003944   0.0009957   0.0042109   0.0251107   0.1194546   0.3938732   0.7895316   0.9692909   1.0000000
T 0 7   0  0  0  9    0.0000000   0.0000072   0.0000100   0.0000333   0.0005408   0.0035534   0.0183417   0.0860144   0.3020499   0.6584964   0.9386042   0.9999342   1.0000000
T 0 7   0  0  0 10    0.0000000   0.0067141   0.0290557   0.0464353   0.0795622   0.1688626   0.3381590   0.6900122   0.9105257   0.9702516   0.9998314   1.0000000   1.0000000
T 0 7   0  1  0  0    0.0000000   0.0002798   0.0009397   0.0034327   0.0177457   0.0920027   0.3209462   0.6825344   1.0000000   1.0000000   1.0000000   1.0000000   1.0000000
T 0 7   0  1  0  1    0.0000000   0.0000973   0.0005126   0.0028727   0.0150220   0.0675251   0.2372631   0.6011108   1.0000000   1.0000000   1.0000000   1.0000000   1.0000000
T 0 7   0  1  0  2    0.0000000   0.0000413   0.0002832   0.0015433   0.0091112   0.0515333   0.2133262   0.5835474   1.0000000   1.0000000   1.0000000   1.0000000   1.0000000
T 0 7   0  1  0  3    0.0000000   0.0000353   0.0002645   0.0014666   0.0099554   0.0595673   0.2294613   0.5956998   1.0000000   1.0000000   1.0000000   1.0000000   1.0000000
T 0 7   0  1  0  4    0.0000000   0.0001283   0.0015749   0.0116585   0.0561536   0.1961071   0.4854844   0.8222393   1.0000000   1.0000000   1.0000000   1.0000000   1.0000000
T 0 7   0  1  0  5    0.0000000   0.0006341   0.0069063   0.0490245   0.2083522   0.5421945   0.8838058   0.9996616   1.0000000   1.0000000   1.0000000   1.0000000   1.0000000
T 0 7   0  1  0  6    0.0000000   0.0003170   0.0021547   0.0162435   0.0884421   0.3205752   0.7155522   0.9525275   0.9986990   1.0000000   1.0000000   1.0000000   1.0000000
T 0 7   0  1  0  7    0.0000000   0.0001574   0.0004576   0.0021852   0.0112933   0.0499151   0.1520165   0.3373462   0.6027070   0.8667706   0.9838367   0.9999181   1.0000000
T 0 7   0  1  0  8    0.0000000   0.0009456   0.0014277   0.0016258   0.0018800   0.0030460   0.0099978   0.0444087   0.1683678   0.4551689   0.8204347   0.9694984   1.0000000
T 0 7   0  1  0  9    0.0000000   0.0022614   0.0087617   0.0157543   0.0190776   0.0228888   0.0435635   0.1355099   0.3779745   0.7262482   0.9583647   0.9999979   1.0000000
T 0 7   0  1  0 10    0.0000000   0.0037893   0.0174048   0.0476262   0.0936504   0.1879416   0.4198687   0.7579704   0.9519582   0.9857925   0.9999977   1.0000000   1.0000000
R 0 7   0  0  0  0    0.0253576   0.0253576   0.0128287   0.0109595   0.0104595   0.0102026   0.0100150   0.0098581   0.0098581   0.0098581   0.0098581   0.0098581
R 0 7   0  0  0  1    0.0122798   0.0122798   0.0122798   0.0122798   0.0111934   0.0109503   0.0109754   0.0108621   0.0108621   0.0108621   0.0108621   0.0108621
R 0 7   0  0  0  2    0.0130097   0.0130097   0.0130097   0.0130097   0.0121884   0.0120291   0.0118600   0.0116981   0.0116981   0.0116981   0.0116981   0.0116981
R 0 7   0  0  0  3    0.0140471   0.0140471   0.0140471   0.0140471   0.0128436   0.0126149   0.0123856   0.0122570   0.0122570   0.0122570   0.0122570   0.0122570
R 0 7   0  0  0  4    0.0197239   0.0197239   0.0197239   0.0177018   0.0170027   0.0159123   0.0145108   0.0131235   0.0131235   0.0131235   0.0131235   0.0131235
R 0 7   0  0  0  5    0.0212935   0.0212935   0.0197325   0.0192336   0.0187752   0.0180916   0.0170218   0.0170218   0.0170218   0.0170218   0.0170218   0.0170218
R 0 7   0  0  0  6    0.0209098   0.0209098   0.0209098   0.0207367   0.0208473   0.0207490   0.0208824   0.0207785   0.0207785   0.0207785   0.0207785   0.0207785
R 0 7   0  0  0  7    0.0231029   0.0231029   0.0231029   0.0231029   0.0212789   0.0214481   0.0212900   0.0210390   0.0206293   0.0198029   0.0198029   0.0198029
R 0 7   0  0  0  8    0.0218674   0.0218674   0.0218674   0.0218674   0.0218674   0.0218674   0.0218674   0.0212585   0.0210625   0.0209894   0.0203586   0.0192185
R 0 7   0  0  0  9    0.0322194   0.0322194   0.0322194   0.0322194   0.0322194   0.0322194   0.0302407   0.0289090   0.0275300   0.0264879   0.0252806   0.0252806
R 0 7   0  0  0 10    0.0828094   0.0734940   0.0639626   0.0550960   0.0477775   0.0442456   0.0410102   0.0356627   0.0342561   0.0313162   0.0313162   0.0313162
R 0 7   0  0  1  0    0.0000000   0.0000000   0.0000000   0.0000837   0.0000868   0.0000820   0.0000736   0.0000663   0.0000663   0.0000663   0.0000663   0.0000663
R 0 7   0  0  1  1    0.0000874   0.0000874   0.0000874   0.0000874   0.0000711   0.0000724   0.0000636   0.0000574   0.0000574   0.0000574   0.0000574   0.0000574
R 0 7   0  0  1  2    0.0000752   0.0000752   0.0000752   0.0000752   0.0000719   0.0000660   0.0000612   0.0000537   0.0000537   0.0000537   0.0000537   0.0000537
R 0 7   0  0  1  3    0.0000851   0.0000851   0.0000851   0.0000851   0.0000713   0.0000603   0.0000560   0.0000501   0.0000501   0.0000501   0.0000501   0.0000501
R 0 7   0  0  1  4    0.0001461   0.0001461   0.0001461   0.0000977   0.0000948   0.0000759   0.0000557   0.0000462   0.0000462   0.0000462   0.0000462   0.0000462
R 0 7   0  0  1  5    0.0001217   0.0001217   0.0000859   0.0000774   0.0000698   0.0000620   0.0000474   0.0000474   0.0000474   0.0000474   0.0000474   0.0000474
R 0 7   0  0  1  6    0.0000762   0.0000762   0.0000762   0.0000570   0.0000623   0.0000598   0.0000569   0.0000346   0.0000346   0.0000346   0.0000346   0.0000346
R 0 7   0  0  1  7    0.0000925   0.0000925   0.0000925   0.0000925   0.0000873   0.0000769   0.0000748   0.0000768   0.0000760   0.0000592   0.0000592   0.0000592
R 0 7   0  0  1  8    0.0001249   0.0001249   0.0001249   0.0001249   0.0001249   0.0001249   0.0001249   0.0001174   0.0001061   0.0001022   0.0000919   0.0000743
R 0 7   0  0  1  9    0.0002936   0.0002936   0.0002936   0.0002936   0.0002936   0.0002936   0.0002312   0.0002043   0.0001854   0.0001543   0.0001428   0.0001428
R 0 7   0  0  1 10    0.0015181   0.0011873   0.0009508   0.0008022   0.0005915   0.0004904   0.0004008   0.0002669   0.0002108   0.0001759   0.0001759   0.0001759
R 0 7   0  0  2  0    0.0000000   0.0000000   0.0000000   0.0000000   0.0000152   0.0000186   0.0000200   0.0000113   0.0000113   0.0000113   0.0000113   0.0000113
R 0 7   0  0  2  1    0.0000000   0.0000000   0.0000000   0.0000000   0.0000000   0.0000228   0.0000152   0.0000206   0.0000206   0.0000206   0.0000206   0.0000206
R 0 7   0  0  2  2    0.0000495   0.0000495   0.0000495   0.0000495   0.0000661   0.0000216   0.0000169   0.0000194   0.0000194   0.0000194   0.0000194   0.0000194
R 0 7   0  0  2  3    0.0000562   0.0000562   0.0000562   0.0000562   0.0000308   0.0000152   0.0000207   0.0000129   0.0000129   0.0000129   0.0000129   0.0000129
R 0 7   0  0  2  4    0.0000000   0.0000000   0.0000000   0.0000000   0.0000147   0.0000196   0.0000163   0.0000199   0.0000199   0.0000199   0.0000199   0.0000199
R 0 7   0  0  2  5    0.0000000   0.0000000   0.0000000   0.0000117   0.0000281   0.0000232   0.0000142   0.0000142   0.0000142   0.0000142   0.0000142   0.0000142
R 0 7   0  0  2  6    0.0000000   0.0000000   0.0000000   0.0000000   0.0000120   0.0000106   0.0000000   0.0000205   0.0000205   0.0000205   0.0000205   0.0000205
R 0 7   0  0  2  7    0.0000000   0.0000000   0.0000000   0.0000000   0.0000493   0.0000000   0.0000000   0.0000090   0.0000080   0.0000216   0.0000216   0.0000216
R 0 7   0  0  2  8    0.0000000   0.0000000   0.0000000   0.0000000   0.0000000   0.0000000   0.0000000   0.0000000   0.0000071   0.0000151   0.0000000   0.0000000
R 0 7   0  0  2  9    0.0000000   0.0000000   0.0000000   0.0000000   0.0000000   0.0000000   0.0000490   0.0000558   0.0000189   0.0000409   0.0000273   0.0000273
R 0 7   0  0  2 10    0.0000000   0.0000000   0.0000000   0.0000000   0.0000000   0.0000347   0.0001158   0.0000659   0.0000000   0.0000000   0.0000000   0.0000000
R 0 7   0  0  3  0    1.0185752   1.0185752   0.9730174   0.9938465   0.9866111   0.9816501   0.9794860   0.9809680   0.9809680   0.9809680   0.9809680   0.9809680
R 0 7   0  0  3  1    0.9874918   0.9874918   0.9874918   0.9874918   0.9812849   0.9801172   0.9777362   0.9775172   0.9775172   0.9775172   0.9775172   0.9775172
R 0 7   0  0  3  2    0.9792031   0.9792031   0.9792031   0.9792031   0.9860243   0.9815029   0.9795184   0.9792736   0.9792736   0.9792736   0.9792736   0.9792736
R 0 7   0  0  3  3    0.9647168   0.9647168   0.9647168   0.9647168   0.9889196   0.9827124   0.9799382   0.9795942   0.9795942   0.9795942   0.9795942   0.9795942
R 0 7   0  0  3  4    0.9850899   0.9850899   0.9850899   0.9742220   0.9727058   0.9719693   0.9764460   0.9847584   0.9847584   0.9847584   0.9847584   0.9847584
R 0 7   0  0  3  5    0.9742167   0.9742167   0.9797687   0.9778423   0.9721759   0.9702757   0.9666938   0.9666938   0.9666938   0.9666938   0.9666938   0.9666938
R 0 7   0  0  3  6    0.9910704   0.9910704   0.9910704   0.9872980   0.9845700   0.9825550   0.9809284   0.9781278   0.9781278   0.9781278   0.9781278   0.9781278
R 0 7   0  0  3  7    0.9850652   0.9850652   0.9850652   0.9850652   1.0014833   0.9877099   0.9850462   0.9827328   0.9838966   0.9822704   0.9822704   0.9822704
R 0 7   0  0  3  8    0.9964525   0.9964525   0.9964525   0.9964525   0.9964525   0.9964525   0.9964525   0.9852100   0.9805731   0.9820512   0.9842054   0.9960336
R 0 7   0  0  3  9    0.9938683   0.9938683   0.9938683   0.9938683   0.9938683   0.9938683   0.9780573   0.9723155   0.9711929   0.9816809   0.9913241   0.9913241
R 0 7   0  0  3 10    1.0022430   1.0060789   0.9872552   0.9702340   0.9686171   0.9658809   0.9654667   0.9654785   0.9857022   0.9869029   0.9869029   0.9869029
R 0 7   0  0  4  0    1.4039125   1.4039125   1.3432729   2.1364098   2.2558784   2.2742600   2.2391155   2.2725239   2.2725239   2.2725239   2.2725239   2.2725239
R 0 7   0  0  4  1    1.9857343   1.9857343   1.9857343   1.9857343   2.1492003   2.2221295   2.2043136   2.2039982   2.2039982   2.2039982   2.2039982   2.2039982
R 0 7   0  0  4  2    1.9220204   1.9220204   1.9220204   1.9220204   2.1913168   2.2552653   2.2336295   2.2312460   2.2312460   2.2312460   2.2312460   2.2312460
R 0 7   0  0  4  3    1.7842984   1.7842984   1.7842984   1.7842984   2.2667117   2.2614437   2.2349628   2.2263351   2.2263351   2.2263351   2.2263351   2.2263351
R 0 7   0  0  4  4    1.8940085   1.8940085   1.8940085   2.0246645   2.0844427   2.0864670   2.2027658   2.3417947   2.3417947   2.3417947   2.3417947   2.3417947
R 0 7   0  0  4  5    1.7417255   1.7417255   2.0657532   2.1533597   2.0866076   2.0820313   2.0064541   2.0064541   2.0064541   2.0064541   2.0064541   2.0064541
R 0 7   0  0  4  6    1.9708768   1.9708768   1.9708768   2.2150665   2.3187158   2.3504693   2.3420744   2.2755350   2.2755350   2.2755350   2.2755350   2.2755350
R 0 7   0  0  4  7    1.7958309   1.7958309   1.7958309   1.7958309   2.2720912   2.3510397   2.3413014   2.3475745   2.3855099   2.3473753   2.3473753   2.3473753
R 0 7   0  0  4  8    2.2394800   2.2394800   2.2394800   2.2394800   2.2394800   2.2394800   2.2394800   2.2466550   2.2245393   2.2688638   2.3094296   2.2989811
R 0 7   0  0  4  9    2.0876519   2.0876519   2.0876519   2.0876519   2.0876519   2.0876519   2.0440754   2.0564320   2.0417237   2.1987774   2.1982815   2.1982815
R 0 7   0  0  4 10    2.0059617   2.2206959   1.9797509   1.9006288   1.9778816   1.9626679   1.9571380   1.9375972   2.0789878   2.0207044   2.0207044   2.0207044
R 0 7   0  0  5  0   11.8606316  11.8606316   7.7902920   3.4474174   3.6390051   3.8614134   4.2304826   3.9271455   3.9271455   3.9271455   3.9271455   3.9271455
R 0 7   0  0  5  1    3.8991733   3.8991733   3.8991733   3.8991733   4.1143745   4.0612789   4.3725416   4.3288681   4.3288681   4.3288681   4.3288681   4.3288681
R 0 7   0  0  5  2    3.9166930   3.9166930   3.9166930   3.9166930   4.2547596   4.0408249   4.1359733   4.3113247   4.3113247   4.3113247   4.3113247   4.3113247
R 0 7   0  0  5  3    5.0220684   5.0220684   5.0220684   5.0220684   3.8534532   4.0308341   4.2964192   4.3514493   4.3514493   4.3514493   4.3514493   4.3514493
R 0 7   0  0  5  4    5.0742067   5.0742067   5.0742067   4.9907009   5.1465742   5.0100413   3.9583540   3.2190971   3.2190971   3.2190971   3.2190971   3.2190971
R 0 7   0  0  5  5    4.6758176   4.6758176   4.9678795   4.6449118   5.3305322   4.7112631   4.1277099   4.1277099   4.1277099   4.1277099   4.1277099   4.1277099
R 0 7   0  0  5  6    3.1695596   3.1695596   3.1695596   4.0018526   3.4542524   2.9629401   2.3993695   2.0087529   2.0087529   2.0087529   2.0087529   2.0087529
R 0 7   0  0  5  7    4.1378695   4.1378695   4.1378695   4.1378695   3.7415249   3.1214540   2.9435719   2.8796419   2.5792144   2.0865178   2.0865178   2.0865178
R 0 7   0  0  5  8    3.8696863   3.8696863   3.8696863   3.8696863   3.8696863   3.8696863   3.8696863   4.4509807   4.6225551   4.2586199   3.5083817   3.9612584
R 0 7   0  0  5  9    4.7018172   4.7018172   4.7018172   4.7018172   4.7018172   4.7018172   6.7168083   6.0925944   6.6696568   5.4532708   5.7217762   5.7217762
R 0 7   0  0  5 10    5.7473704   4.1720920   4.3599276   5.5884076   5.3803109   6.6671214   8.0193894   8.7655481   6.4724929   6.8947851   6.8947851   6.8947851
F  0  7   0  0  0  0    1.0092477   1.0285163   0.9907377   1.0005626   0.9741179   0.9968334   0.9933462   0.9896354   0.9899494   0.9848999   0.9818794
F  0  7   0  1  0  0    1.0463451   1.0571055   1.0652887   1.0631410   1.0626233   1.0625286   1.0505824   1.0432867   1.0425265   1.0348596   1.0638116
C  0  7   0  0  0  0  -0.2580619 -0.1159264 -0.1802893 -0.3897480 -0.2657349 -0.1626579 -0.1576897 -0.1898265 -0.2578610 -0.1580843 -0.2448234 -0.1620234 -0.1947058 -0.3172645 -0.3347530 -0.0418791
C  0  7   0  0  0  1  -0.0626270 -0.1594234 -0.1366528 -0.1206488 -0.1396288 -0.0978938 -0.1524268 -0.1261711 -0.0441255 -0.1316245 -0.0218280 -0.1045877 -0.1583409 -0.1342719 -0.2003261 -0.0432013
C  0  7   0  0  0  2  -0.1137085 -0.1070804 -0.1139573 -0.1314270 -0.0156600 -0.0543956 -0.0836303 -0.0944273 -0.0193604 -0.0743565 -0.0466578 -0.0673608 -0.1253481 -0.0598745 -0.0351635 -0.1000566
C  0  7   0  0  0  3  -0.0588671 -0.0789500 -0.1294413 -0.0285180  0.0291301 -0.1345572 -0.0912742 -0.0256316 -0.0425434 -0.0213386 -0.1082004 -0.0596228 -0.1520554 -0.1084997 -0.1017448 -0.0114292
C  0  7   0  0  0  4  -0.0862888 -0.0875039 -0.0492958 -0.0895745 -0.1020298 -0.0866916 -0.0483318 -0.0439419 -0.0361948 -0.0303818 -0.0621637 -0.0377646 -0.1263976 -0.1157416 -0.0251157 -0.0685222
C  0  7   0  0  0  5  -0.0236741  0.0100821 -0.0722281  0.0540964 -0.0115162 -0.0276719 -0.0333929 -0.0171061  0.0402093 -0.0142017 -0.0043323 -0.0066880 -0.0376849  0.0246341  0.0752038 -0.0576990
C  0  7   0  0  0  6  -0.0107429  0.0784790  0.0322198 -0.0006084 -0.0062483  0.0232853 -0.0411607 -0.0742775 -0.0300739 -0.0422719  0.0047556  0.0199686 -0.0639573 -0.0027233 -0.0477919  0.0809835
C  0  7   0  0  0  7  -0.0453973  0.0104817  0.0115770 -0.0114197  0.0045247  0.0431302  0.0241038  0.0006809 -0.0278189 -0.0200532  0.0629427 -0.0385720  0.0053394 -0.0280804 -0.0306527  0.0186285
C  0  7   0  0  0  8  -0.0121228  0.0030421  0.0391734  0.0261135 -0.0128995  0.0347859  0.0026546 -0.0234812  0.0074003  0.0287673 -0.0167185  0.0050376 -0.0062650  0.0578054 -0.0590511 -0.0138742
C  0  7   0  0  0  9  -0.0439187  0.0259524 -0.0121985  0.0416517  0.0294337  0.0366664 -0.0046135  0.0320501 -0.0407906  0.0094250  0.0472640  0.0381300 -0.0116936  0.0517086 -0.0130700  0.0481420
C  0  7   0  0  0 10  -0.0231661  0.0100351  0.0418250  0.0600395  0.0031724  0.0036399 -0.0381827 -0.0268899  0.0130526 -0.0540311  0.0117164 -0.0014883 -0.0365395  0.0507956  0.0135574  0.0475873
C  0  7   0  0  0 11  -0.0492304  0.0308156 -0.0420797  0.0522972  0.0198362  0.0562645  0.0464156  0.0874616  0.0133535  0.0322505  0.0201983 -0.0206617 -0.0009763  0.0187009  0.0003332 -0.0028438
C  0  7   0  0  0 12   0.0565554 -0.0134928  0.0006800  0.0076862  0.0107732  0.0287446 -0.0232990 -0.0092039 -0.0049039  0.0630272  0.0139293 -0.0017832 -0.0570247 -0.0009493  0.0203436  0.0223949
C  0  7   0  0  0 13  -0.0330031 -0.0013600  0.0337553  0.0040794 -0.0009010 -0.0205811  0.0175919 -0.0044365  0.0312886  0.0364316 -0.0198017  0.0163078 -0.0096066  0.0153272 -0.0090052  0.0080160
C  0  7   0  0  0 14  -0.0322343 -0.0057041 -0.0240684 -0.0087730 -0.0102906 -0.0073531 -0.0037616  0.0104429 -0.0255103 -0.0202039  0.0711995 -0.0547623  0.0213341  0.0315764 -0.0078279 -0.0608323
C  0  7   0  0  0 15  -0.0720702 -0.0435125 -0.0130542  0.0250333  0.0286737 -0.0578521 -0.0053365  0.0198005  0.0043909 -0.0125378 -0.0200428 -0.1034623 -0.0088342  0.0085730 -0.0751255  0.0060386
C  0  7   0  0  0 16   0.0884838  0.0250569 -0.0130843  0.0116608 -0.0283966 -0.0891997 -0.0265362  0.0006374 -0.0700537  0.1133546  0.0122611 -0.0597934 -0.0703627 -0.0095019 -0.0845640 -0.0091309
C  0  7   0  0  0 17  -0.0880132 -0.0840881 -0.1221580 -0.1039953 -0.1254510 -0.0425005 -0.0535395 -0.0094704 -0.0245318 -0.0682381 -0.0027102 -0.0158058 -0.1003943 -0.1472371 -0.0513092 -0.0156557
C  0  7   0  0  0 18  -0.1428193 -0.0435857 -0.0159869 -0.0541692 -0.1490322 -0.0449667 -0.0568031 -0.0359923 -0.0522575 -0.0206323 -0.0300084 -0.0891818 -0.0407241 -0.0049801 -0.1555148 -0.0086687
C  0  7   0  0  0 19   0.0219149 -0.0895999 -0.2072201 -0.0211320 -0.1126918 -0.0670365 -0.1313433 -0.0397477 -0.1175718 -0.0609461 -0.0733363 -0.0863377 -0.0691467 -0.0608643 -0.0581127 -0.0971882
C  0  7   0  0  0 20  -0.1029308 -0.0706543 -0.0575382 -0.0594251 -0.1480869 -0.1450747 -0.1799356 -0.1395195 -0.1520775 -0.1967142 -0.1585362  0.0067187 -0.0293801 -0.1679702 -0.1548093 -0.1588208
C  0  7   0  0  0 21  -0.1977072 -0.1999121 -0.3250670 -0.1718789 -0.2005119 -0.1724356 -0.2528361 -0.0717960 -0.1848797 -0.1169229 -0.1970351 -0.2845276 -0.3461290 -0.3869285 -0.2489724 -0.2627449
C  0  7   0  0  1  0  -0.0018587 -0.0002222 -0.0004912 -0.0019056 -0.0029453  0.0025261  0.0006823  0.0006725  0.0019791 -0.0005977 -0.0033885  0.0032877  0.0057462  0.0046134  0.0054592  0.0063151
C  0  7   0  0  1  1   0.0011498  0.0009830 -0.0020957 -0.0027499 -0.0007840 -0.0019401  0.0043630  0.0008571  0.0022833 -0.0015110 -0.0016338 -0.0024354  0.0026916  0.0041237  0.0020477  0.0023706
C  0  7   0  0  1  2   0.0027930 -0.0009237 -0.0001162  0.0001267 -0.0018532  0.0009570  0.0001648  0.0006523 -0.0011612  0.0011048 -0.0016596 -0.0017318  0.0016859 -0.0007509  0.0002467 -0.0001884
C  0  7   0  0  1  3   0.0025406 -0.0001038  0.0004202 -0.0018833 -0.0009330  0.0016735  0.0020633 -0.0012715 -0.0024054 -0.0020918 -0.0010922 -0.0015012  0.0006603 -0.0010836  0.0002510  0.0023449
C  0  7   0  0  1  4   0.0025034 -0.0003953 -0.0008646  0.0023158  0.0010560 -0.0010185  0.0015877 -0.0001077  0.0009702  0.0007546 -0.0006322 -0.0016742  0.0017964 -0.0003863 -0.0000796 -0.0023857
C  0  7   0  0  1  5   0.0013616  0.0008812 -0.0018588  0.0016124  0.0002553 -0.0006346 -0.0005845  0.0005994 -0.0000362  0.0004210  0.0017332 -0.0013078  0.0002908  0.0000396  0.0003896 -0.0009008
C  0  7   0  0  1  6   0.0022075 -0.0002055 -0.0005857  0.0005068  0.0007988 -0.0002414 -0.0009729 -0.0004635  0.0005846 -0.0011405 -0.0003851 -0.0001210 -0.0009943 -0.0022541  0.0013865 -0.0007182
C  0  7   0  0  1  7   0.0019735 -0.0001264  0.0008221  0.0003893  0.0020252  0.0009199 -0.0013832  0.0001568  0.0009241 -0.0012227  0.0013310 -0.0015590 -0.0008904 -0.0001307  0.0000328  0.0001763
C  0  7   0  0  1  8   0.0015803  0.0010415  0.0002524 -0.0005587  0.0012457  0.0011074  0.0009940  0.0001748  0.0018450  0.0001319 -0.0000069 -0.0013040 -0.0004932  0.0006888  0.0001310  0.0008066
C  0  7   0  0  1  9  -0.0018750  0.0008669  0.0016329  0.0001612  0.0002951  0.0003485  0.0007739  0.0007960 -0.0007327 -0.0014798 -0.0027890 -0.0007320 -0.0011521  0.0000854 -0.0012983  0.0006643
C  0  7   0  0  1 10   0.0007825  0.0002592  0.0014247  0.0017153  0.0016174 -0.0003066  0.0005618 -0.0002737 -0.0019390 -0.0016997 -0.0002266 -0.0008649 -0.0012133 -0.0007811  0.0000173  0.0011398
C  0  7   0  0  1 11   0.0002285  0.0002992  0.0003251  0.0008641  0.0000902  0.0004090 -0.0022144 -0.0013771 -0.0026445  0.0000887 -0.0002003 -0.0013663  0.0007416 -0.0001578 -0.0003142 -0.0005989
C  0  7   0  0  1 12   0.0004290 -0.0001339  0.0002743 -0.0005478  0.0006929 -0.0005271  0.0011658 -0.0001953  0.0003897 -0.0000365 -0.0000739  0.0017762  0.0002016 -0.0001242  0.0002215  0.0012894
C  0  7   0  0  1 13   0.0026077 -0.0012488  0.0004865  0.0018059  0.0024204  0.0007250 -0.0007776  0.0006594 -0.0002973 -0.0013069 -0.0008951 -0.0018615 -0.0007797  0.0010247  0.0003044  0.0015166
C  0  7   0  0  1 14   0.0019371  0.0004666  0.0022632  0.0014295  0.0016760  0.0017045 -0.0005875  0.0012835  0.0000934  0.0005922  0.0002063  0.0003012  0.0005342  0.0004195 -0.0005490  0.0021563
C  0  7   0  0  1 15   0.0015826  0.0000645 -0.0002937  0.0005941  0.0007444  0.0018715  0.0008554 -0.0010163  0.0006841 -0.0008717 -0.0004613  0.0009975 -0.0000267  0.0007042  0.0005791  0.0004300
C  0  7   0  0  1 16   0.0021955  0.0025158  0.0012583  0.0013588 -0.0004869  0.0023106  0.0007546  0.0000349  0.0007466 -0.0008749  0.0007743  0.0002213 -0.0001751  0.0013100  0.0023587  0.0019069
C  0  7   0  0  1 17   0.0006474 -0.0013533  0.0000422  0.0032995  0.0014239  0.0031120  0.0022276  0.0020760 -0.0002023  0.0030940  0.0016558 -0.0003399  0.0012152 -0.0009448  0.0047686  0.0044546
C  0  7   0  0  1 18   0.0055098  0.0043779  0.0020836  0.0010853  0.0001078  0.0019736  0.0043734  0.0011473 -0.0007517  0.0015835  0.0037178  0.0018708 -0.0000147  0.0000442  0.0059748  0.0049857
C  0  7   0  0  1 19   0.0025634  0.0024627  0.0011626  0.0019355  0.0007346  0.0015354  0.0029858  0.0014518  0.0033045  0.0030664 -0.0003774  0.0004740  0.0017084  0.0020495  0.0035228  0.0045389
C  0  7   0  0  1 20   0.0054834  0.0055039  0.0046028  0.0037523  0.0015070  0.0040562  0.0028810  0.0040159  0.0032282  0.0036417  0.0000199 -0.0015722  0.0027938  0.0038812  0.0052759  0.0057441
C  0  7   0  0  1 21   0.0129857  0.0125575  0.0062714  0.0017796 -0.0030750 -0.0052321 -0.0083179 -0.0009940 -0.0022122 -0.0030067 -0.0002488  0.0051081  0.0017678  0.0055051  0.0097018  0.0042980
C  0  7   0  1  0  0  -0.5335270 -0.2494384 -0.2424125 -0.3244618 -0.0905008 -0.2816373 -0.3464303 -0.2561990 -0.1090367 -0.3592655 -0.4258311 -0.5342551 -0.4661323 -0.3389398 -0.4414521 -0.5831338
C  0  7   0  1  0  1  -0.2763778 -0.3165227 -0.3310075 -0.2741857 -0.4549086 -0.2242407 -0.1999326 -0.2540336 -0.2838020 -0.2298568 -0.2430120 -0.3027462 -0.4013541 -0.4729148 -0.3121310 -0.3320071
C  0  7   0  1  0  2  -0.2873377 -0.3028661 -0.3170416 -0.2884162 -0.2316175 -0.2444865 -0.3419093 -0.1930783 -0.3538848 -0.1403122 -0.2222609 -0.3295509 -0.3379177 -0.3981940 -0.3403842 -0.3069637
C  0  7   0  1  0  3  -0.2638668 -0.3325085 -0.2373157 -0.3323106 -0.2594866 -0.2215805 -0.2282528 -0.1376615 -0.2100219 -0.2237223 -0.2049789 -0.3371725 -0.2649583 -0.2917038 -0.3510625 -0.3006136
C  0  7   0  1  0  4  -0.3030105 -0.2670728 -0.3650014 -0.2055120 -0.1653751 -0.1656195 -0.2315637 -0.2671250 -0.2193857 -0.1864615 -0.2869637 -0.3152089 -0.2844793 -0.3192134 -0.3481947 -0.4061985
C  0  7   0  1  0  5  -0.1735915 -0.3057408 -0.1779179 -0.2312471 -0.1278121 -0.1668922 -0.2566645 -0.2700729 -0.1905772 -0.1639027 -0.1315944 -0.2300009 -0.2241035 -0.1143996 -0.1738136 -0.2039103
C  0  7   0  1  0  6  -0.0808797 -0.1649937 -0.1349736 -0.2031664 -0.1221457 -0.1095783 -0.1130841 -0.0785431 -0.1765983 -0.1579491 -0.1460128 -0.1564214 -0.1381952 -0.1521394 -0.1873365 -0.2057227
C  0  7   0  1  0  7  -0.2036031 -0.1918239 -0.1430835 -0.1734799 -0.1852691 -0.1893760 -0.0755421 -0.1131699 -0.1613219 -0.0867833 -0.1533810 -0.1214997 -0.1960733 -0.1777872 -0.1634487 -0.1864686
C  0  7   0  1  0  8  -0.2505771 -0.1209042 -0.0720667 -0.1900775 -0.1499122 -0.1872068 -0.1321572 -0.2761139 -0.1145452 -0.2109115 -0.1949328 -0.1451551 -0.1439391 -0.1106696 -0.1560141 -0.2197315
C  0  7   0  1  0  9  -0.0700484 -0.0543623 -0.0434716 -0.1672480 -0.0874116 -0.1180449 -0.0936017 -0.1775184 -0.0905338 -0.1095649 -0.0700475 -0.0465889 -0.1837118 -0.2212106 -0.1147200 -0.1475721
C  0  7   0  1  0 10  -0.1746827 -0.0659007 -0.1640490 -0.1661196 -0.1309071 -0.1387648 -0.1226058 -0.0882804 -0.0467373 -0.1075068 -0.0706947 -0.1108462 -0.1229701 -0.1453760 -0.1263857 -0.1346175
C  0  7   0  1  0 11  -0.1254291 -0.0753679 -0.1078734 -0.0643313 -0.1057971 -0.0544559 -0.1229829 -0.1122573 -0.0720537 -0.0622537 -0.1003716 -0.1068431 -0.0981194 -0.0895074 -0.0380823 -0.0928555
C  0  7   0  1  0 12  -0.1473010 -0.1035807 -0.1697800 -0.0146741 -0.1301651 -0.0027522 -0.1842885 -0.1246041 -0.1046907 -0.1802040 -0.1295777 -0.0611407 -0.0766688 -0.2085837 -0.1444626 -0.1246791
C  0  7   0  1  0 13  -0.0492945 -0.1303052 -0.1963566 -0.1678433 -0.1499666 -0.1547552 -0.0727413 -0.1937662 -0.1137385 -0.0988216 -0.1294079 -0.1513930 -0.1282624 -0.0747971 -0.1792404 -0.0776516
C  0  7   0  1  0 14  -0.1963015 -0.1046722 -0.1312279 -0.1450379 -0.1645714 -0.1193563 -0.1103882 -0.2128084 -0.1192055 -0.1460999 -0.1412504 -0.1186317 -0.1394876 -0.0897546 -0.1766694 -0.2497662
C  0  7   0  1  0 15  -0.0873137 -0.2137867 -0.1729320 -0.2099640 -0.0798428 -0.0584171 -0.1486238 -0.1868234 -0.1492005 -0.0728603 -0.0982853 -0.2175930 -0.1584228 -0.1585807 -0.1700242 -0.1533412
C  0  7   0  1  0 16  -0.2087835 -0.2289697 -0.1793731 -0.1655184 -0.2231344 -0.0947366 -0.2687911 -0.2731929 -0.1945096 -0.2026517 -0.0982977 -0.1449526 -0.1542219 -0.1846254 -0.1404227 -0.1780119
C  0  7   0  1  0 17  -0.3745968 -0.3672728 -0.3479667 -0.3072496 -0.2296173 -0.2659570 -0.2808714 -0.2977582 -0.2517167 -0.2806689 -0.2293039 -0.1723453 -0.2165975 -0.2471845 -0.2435255 -0.2438215
C  0  7   0  1  0 18  -0.1745091 -0.2601644 -0.2810243 -0.2863622 -0.1885863 -0.4200754 -0.3139600 -0.2637112 -0.3086036 -0.2429052 -0.1577173 -0.2404057 -0.2414815 -0.2811505 -0.1336959 -0.2465352
C  0  7   0  1  0 19  -0.2166800 -0.2380000 -0.2957805 -0.2831219 -0.2302896 -0.3778371 -0.3176180 -0.2356272 -0.2119036 -0.3235358 -0.2451550 -0.2448554 -0.2288372 -0.2383060 -0.3287485 -0.2258150
C  0  7   0  1  0 20  -0.3815027 -0.2269991 -0.4531754 -0.2531667 -0.2590935 -0.1572684 -0.3244947 -0.2041250 -0.5043205 -0.2803905 -0.2539517 -0.2251951 -0.4015843 -0.2602816 -0.2833878 -0.2089032
C  0  7   0  1  0 21  -0.3324645 -0.2418823 -0.3392348 -0.2954322 -0.2633100 -0.2506949 -0.3613693 -0.3815387 -0.3154510 -0.3621058 -0.2867709 -0.3801543 -0.4066531 -0.3344997 -0.4106344 -0.2119631
C  0  7   0  1  1  0   0.0534395  0.0523388  0.0425720  0.0181209  0.0051357 -0.0257162 -0.0372928 -0.0483607 -0.0450425 -0.0404276 -0.0371542 -0.0129963  0.0074482  0.0117349  0.0358466  0.0439969
C  0  7   0  1  1  1   0.0282570  0.0222155  0.0197652  0.0101235  0.0050259 -0.0072018 -0.0161024 -0.0209824 -0.0198968 -0.0138002 -0.0186723 -0.0057516  0.0035401  0.0106484  0.0161359  0.0250135
C  0  7   0  1  1  2   0.0140499  0.0167877  0.0096085  0.0083854  0.0033670 -0.0055616 -0.0046903 -0.0077499 -0.0092767 -0.0087092 -0.0034796 -0.0030275  0.0051916  0.0027703  0.0072370  0.0137066
C  0  7   0  1  1  3   0.0098608  0.0097792  0.0023478  0.0078072  0.0027969  0.0003362 -0.0029385 -0.0024444  0.0006052  0.0004056 -0.0023231 -0.0013329  0.0024379  0.0007606  0.0031364  0.0068957
C  0  7   0  1  1  4   0.0033479  0.0048557  0.0024661  0.0025703  0.0053663  0.0020108  0.0007806  0.0024257  0.0053516  0.0035418  0.0015846 -0.0012794  0.0064995  0.0008692  0.0043841  0.0062535
C  0  7   0  1  1  5   0.0040615  0.0025627  0.0028908  0.0041192  0.0042252  0.0041287  0.0034286  0.0045349  0.0049824  0.0042081  0.0008397  0.0008027  0.0028425  0.0027302  0.0012487  0.0012515
C  0  7   0  1  1  6   0.0023363  0.0029397  0.0047098  0.0042314  0.0057463  0.0035345  0.0035494  0.0044725  0.0041461  0.0035366  0.0004159  0.0027007  0.0030602  0.0039061  0.0005289  0.0012408
C  0  7   0  1  1  7   0.0007552  0.0034315  0.0054718  0.0047718  0.0062267  0.0045820  0.0046200  0.0025663  0.0028471 -0.0004690  0.0011374  0.0004914  0.0022819  0.0036349  0.0031402  0.0004553
C  0  7   0  1  1  8   0.0005745  0.0024788  0.0027585  0.0017054  0.0047211  0.0046973  0.0030863  0.0045628  0.0047099  0.0004697  0.0029056  0.0017637  0.0012534  0.0048399  0.0024918  0.0017213
C  0  7   0  1  1  9   0.0019512  0.0024791  0.0018019  0.0042088  0.0015382  0.0034706  0.0016858  0.0024900  0.0026649 -0.0007531  0.0015436  0.0004169  0.0018390  0.0028254  0.0015702 -0.0003398
C  0  7   0  1  1 10  -0.0010067  0.0051119  0.0020344  0.0020706  0.0031603  0.0017986  0.0022758  0.0035476  0.0024852 -0.0000915  0.0005434  0.0006187  0.0004302  0.0009494  0.0048494 -0.0010452
C  0  7   0  1  1 11   0.0002689  0.0011083  0.0030626  0.0034776  0.0015095  0.0006110  0.0001289  0.0020555  0.0020690  0.0002562  0.0001241  0.0006558  0.0021507  0.0003903  0.0028344 -0.0003306
C  0  7   0  1  1 12   0.0015577  0.0034566  0.0025564  0.0040904  0.0025466  0.0012903  0.0012465 -0.0002511  0.0033882  0.0014038  0.0016838  0.0010197  0.0039289  0.0024897  0.0019270  0.0002041
C  0  7   0  1  1 13   0.0013837  0.0028413  0.0041014  0.0042429  0.0037661  0.0020946  0.0021151  0.0042992  0.0049259  0.0018124 -0.0001251  0.0007558  0.0008356  0.0003472  0.0024499  0.0007616
C  0  7   0  1  1 14   0.0004676  0.0016161  0.0044997  0.0041180  0.0026374  0.0019423  0.0026439  0.0038892  0.0046910  0.0040647  0.0005975 -0.0010730 -0.0009305  0.0007392 -0.0007644 -0.0017945
C  0  7   0  1  1 15  -0.0002755  0.0008368  0.0042652  0.0046275  0.0056901  0.0029878  0.0022921  0.0018483  0.0054066  0.0042991  0.0020424  0.0003528 -0.0005034 -0.0039543 -0.0040919 -0.0024138
C  0  7   0  1  1 16  -0.0003876  0.0041976  0.0034229  0.0045760  0.0048874  0.0032964  0.0044803  0.0056146  0.0034082  0.0060639  0.0012829  0.0018783  0.0002258 -0.0009338 -0.0040046 -0.0038015
C  0  7   0  1  1 17  -0.0028350  0.0020585  0.0047173  0.0072744  0.0014791 -0.0021662  0.0002996  0.0024409  0.0001708  0.0054551  0.0057374  0.0002659 -0.0016369 -0.0016859 -0.0051394 -0.0045402
C  0  7   0  1  1 18   0.0005373  0.0099022  0.0074691  0.0059936  0.0061233  0.0001329 -0.0013222 -0.0017223  0.0028475  0.0041661  0.0020152 -0.0000289 -0.0020618 -0.0039016 -0.0053419 -0.0034328
C  0  7   0  1  1 19   0.0036406  0.0110472  0.0139682  0.0097629  0.0050341  0.0028228 -0.0010632 -0.0007020  0.0025006  0.0033568 -0.0004960  0.0017264 -0.0021530 -0.0018408 -0.0032201 -0.0024409
C  0  7   0  1  1 20   0.0021306  0.0108886  0.0202809  0.0154359  0.0083617  0.0047216 -0.0015416  0.0002525 -0.0005434  0.0007664 -0.0003057 -0.0061088 -0.0056022 -0.0112956 -0.0094921 -0.0098670
C  0  7   0  1  1 21   0.0067618  0.0233211  0.0296185  0.0241002  0.0186039  0.0106695  0.0117128  0.0047245  0.0085573  0.0102725 -0.0031780 -0.0099153 -0.0065977 -0.0159502 -0.0067395  0.0022977
