CPHI 16 
CETA 22 -2.40 -2.10 -1.85 -1.60 -1.40 -1.20 -1.00 -0.80 -0.60 -0.40 -0.20  0.00  0.20  0.40  0.60  0.80  1.00  1.20  1.40  1.60  1.85  2.10  2.40 
RMIN  6 
RTRK 12 
RETA 11  0.00  0.20  0.40  0.60  0.80  1.00  1.20  1.40  1.60  1.85  2.10  2.40 
T 0 7   1  0  0  0    0.0000000   0.0006174   0.0016774   0.0031880   0.0122719   0.0692370   0.2780276   0.6535433   1.0000000   1.0000000   1.0000000   1.0000000   1.0000000
T 0 7   1  0  0  1    0.0000000   0.0001354   0.0005459   0.0023920   0.0124343   0.0590489   0.2262877   0.5889114   1.0000000   1.0000000   1.0000000   1.0000000   1.0000000
T 0 7   1  0  0  2    0.0000000   0.0001294   0.0005243   0.0017488   0.0107047   0.0555296   0.2094740   0.5738720   1.0000000   1.0000000   1.0000000   1.0000000   1.0000000
T 0 7   1  0  0  3    0.0000000   0.0002015   0.0005867   0.0017170   0.0115356   0.0627351   0.2260086   0.5868161   1.0000000   1.0000000   1.0000000   1.0000000   1.0000000
T 0 7   1  0  0  4    0.0000000   0.0003907   0.0025396   0.0143279   0.0629528   0.2043776   0.4892906   0.8222971   1.0000000   1.0000000   1.0000000   1.0000000   1.0000000
T 0 7   1  0  0  5    0.0000000   0.0009833   0.0074319   0.0513680   0.2055027   0.5328830   0.8761381   0.9993922   1.0000000   1.0000000   1.0000000   1.0000000   1.0000000
T 0 7   1  0  0  6    0.0000000   0.0002959   0.0012101   0.0103076   0.0673314   0.2771700   0.6633683   0.9312166   0.9981963   0.9999994   1.0000000   1.0000000   1.0000000
T 0 7   1  0  0  7    0.0000000   0.0000583   0.0003953   0.0009066   0.0047834   0.0308238   0.1189337   0.2972425   0.5813239   0.8692031   0.9842107   0.9998683   1.0000000
T 0 7   1  0  0  8    0.0000000   0.0000019   0.0000351   0.0001224   0.0003944   0.0009957   0.0042109   0.0251107   0.1194546   0.3938732   0.7895316   0.9692909   1.0000000
T 0 7   1  0  0  9    0.0000000   0.0000072   0.0000100   0.0000333   0.0005408   0.0035534   0.0183417   0.0860144   0.3020499   0.6584964   0.9386042   0.9999342   1.0000000
T 0 7   1  0  0 10    0.0000000   0.0067141   0.0290557   0.0464353   0.0795622   0.1688626   0.3381590   0.6900122   0.9105257   0.9702516   0.9998314   1.0000000   1.0000000
T 0 7   1  1  0  0    0.0000000   0.0004023   0.0014475   0.0051091   0.0236028   0.1099414   0.3570336   0.7182892   1.0000000   1.0000000   1.0000000   1.0000000   1.0000000
T 0 7   1  1  0  1    0.0000000   0.0001715   0.0007791   0.0038247   0.0178749   0.0789143   0.2705878   0.6410143   1.0000000   1.0000000   1.0000000   1.0000000   1.0000000
T 0 7   1  1  0  2    0.0000000   0.0001058   0.0006243   0.0024480   0.0121587   0.0626100   0.2423201   0.6195005   1.0000000   1.0000000   1.0000000   1.0000000   1.0000000
T 0 7   1  1  0  3    0.0000000   0.0000917   0.0004953   0.0022895   0.0130179   0.0699329   0.2598634   0.6326762   1.0000000   1.0000000   1.0000000   1.0000000   1.0000000
T 0 7   1  1  0  4    0.0000000   0.0001815   0.0018313   0.0128352   0.0635629   0.2137331   0.5074462   0.8341670   1.0000000   1.0000000   1.0000000   1.0000000   1.0000000
T 0 7   1  1  0  5    0.0000000   0.0008871   0.0088237   0.0578171   0.2291060   0.5677475   0.8943198   0.9996929   1.0000000   1.0000000   1.0000000   1.0000000   1.0000000
T 0 7   1  1  0  6    0.0000000   0.0005363   0.0036962   0.0230663   0.1101830   0.3593450   0.7414926   0.9586227   0.9988693   0.9999955   1.0000000   1.0000000   1.0000000
T 0 7   1  1  0  7    0.0000000   0.0003234   0.0008206   0.0033066   0.0155822   0.0617111   0.1758891   0.3708842   0.6373124   0.8825974   0.9851467   0.9998793   1.0000000
T 0 7   1  1  0  8    0.0000000   0.0017065   0.0025511   0.0029409   0.0034000   0.0054400   0.0161988   0.0622399   0.2079470   0.5057714   0.8405109   0.9726223   1.0000000
T 0 7   1  1  0  9    0.0000000   0.0041281   0.0147484   0.0251987   0.0303863   0.0367984   0.0660853   0.1798041   0.4405567   0.7679244   0.9660553   0.9999900   1.0000000
T 0 7   1  1  0 10    0.0000000   0.0045872   0.0201497   0.0600111   0.1150572   0.2252098   0.4747021   0.7920934   0.9588358   0.9888167   1.0000000   1.0000000   1.0000000
R 0 7   1  0  0  0    0.0253576   0.0253576   0.0128287   0.0109595   0.0104595   0.0102026   0.0100150   0.0098581   0.0098581   0.0098581   0.0098581   0.0098581
R 0 7   1  0  0  1    0.0122798   0.0122798   0.0122798   0.0122798   0.0111934   0.0109503   0.0109754   0.0108621   0.0108621   0.0108621   0.0108621   0.0108621
R 0 7   1  0  0  2    0.0130097   0.0130097   0.0130097   0.0130097   0.0121884   0.0120291   0.0118600   0.0116981   0.0116981   0.0116981   0.0116981   0.0116981
R 0 7   1  0  0  3    0.0140471   0.0140471   0.0140471   0.0140471   0.0128436   0.0126149   0.0123856   0.0122570   0.0122570   0.0122570   0.0122570   0.0122570
R 0 7   1  0  0  4    0.0197239   0.0197239   0.0197239   0.0177018   0.0170027   0.0159123   0.0145108   0.0131235   0.0131235   0.0131235   0.0131235   0.0131235
R 0 7   1  0  0  5    0.0212935   0.0212935   0.0197325   0.0192336   0.0187752   0.0180916   0.0170218   0.0170218   0.0170218   0.0170218   0.0170218   0.0170218
R 0 7   1  0  0  6    0.0209098   0.0209098   0.0209098   0.0207367   0.0208473   0.0207490   0.0208824   0.0207785   0.0207785   0.0207785   0.0207785   0.0207785
R 0 7   1  0  0  7    0.0231029   0.0231029   0.0231029   0.0231029   0.0212789   0.0214481   0.0212900   0.0210390   0.0206293   0.0198029   0.0198029   0.0198029
R 0 7   1  0  0  8    0.0218674   0.0218674   0.0218674   0.0218674   0.0218674   0.0218674   0.0218674   0.0212585   0.0210625   0.0209894   0.0203586   0.0192185
R 0 7   1  0  0  9    0.0322194   0.0322194   0.0322194   0.0322194   0.0322194   0.0322194   0.0302407   0.0289090   0.0275300   0.0264879   0.0252806   0.0252806
R 0 7   1  0  0 10    0.0828094   0.0734940   0.0639626   0.0550960   0.0477775   0.0442456   0.0410102   0.0356627   0.0342561   0.0313162   0.0313162   0.0313162
R 0 7   1  0  1  0    0.0000000   0.0000000   0.0000000   0.0000837   0.0000868   0.0000820   0.0000736   0.0000663   0.0000663   0.0000663   0.0000663   0.0000663
R 0 7   1  0  1  1    0.0000874   0.0000874   0.0000874   0.0000874   0.0000711   0.0000724   0.0000636   0.0000574   0.0000574   0.0000574   0.0000574   0.0000574
R 0 7   1  0  1  2    0.0000752   0.0000752   0.0000752   0.0000752   0.0000719   0.0000660   0.0000612   0.0000537   0.0000537   0.0000537   0.0000537   0.0000537
R 0 7   1  0  1  3    0.0000851   0.0000851   0.0000851   0.0000851   0.0000713   0.0000603   0.0000560   0.0000501   0.0000501   0.0000501   0.0000501   0.0000501
R 0 7   1  0  1  4    0.0001461   0.0001461   0.0001461   0.0000977   0.0000948   0.0000759   0.0000557   0.0000462   0.0000462   0.0000462   0.0000462   0.0000462
R 0 7   1  0  1  5    0.0001217   0.0001217   0.0000859   0.0000774   0.0000698   0.0000620   0.0000474   0.0000474   0.0000474   0.0000474   0.0000474   0.0000474
R 0 7   1  0  1  6    0.0000762   0.0000762   0.0000762   0.0000570   0.0000623   0.0000598   0.0000569   0.0000346   0.0000346   0.0000346   0.0000346   0.0000346
R 0 7   1  0  1  7    0.0000925   0.0000925   0.0000925   0.0000925   0.0000873   0.0000769   0.0000748   0.0000768   0.0000760   0.0000592   0.0000592   0.0000592
R 0 7   1  0  1  8    0.0001249   0.0001249   0.0001249   0.0001249   0.0001249   0.0001249   0.0001249   0.0001174   0.0001061   0.0001022   0.0000919   0.0000743
R 0 7   1  0  1  9    0.0002936   0.0002936   0.0002936   0.0002936   0.0002936   0.0002936   0.0002312   0.0002043   0.0001854   0.0001543   0.0001428   0.0001428
R 0 7   1  0  1 10    0.0015181   0.0011873   0.0009508   0.0008022   0.0005915   0.0004904   0.0004008   0.0002669   0.0002108   0.0001759   0.0001759   0.0001759
R 0 7   1  0  2  0    0.0000000   0.0000000   0.0000000   0.0000000   0.0000152   0.0000186   0.0000200   0.0000113   0.0000113   0.0000113   0.0000113   0.0000113
R 0 7   1  0  2  1    0.0000000   0.0000000   0.0000000   0.0000000   0.0000000   0.0000228   0.0000152   0.0000206   0.0000206   0.0000206   0.0000206   0.0000206
R 0 7   1  0  2  2    0.0000495   0.0000495   0.0000495   0.0000495   0.0000661   0.0000216   0.0000169   0.0000194   0.0000194   0.0000194   0.0000194   0.0000194
R 0 7   1  0  2  3    0.0000562   0.0000562   0.0000562   0.0000562   0.0000308   0.0000152   0.0000207   0.0000129   0.0000129   0.0000129   0.0000129   0.0000129
R 0 7   1  0  2  4    0.0000000   0.0000000   0.0000000   0.0000000   0.0000147   0.0000196   0.0000163   0.0000199   0.0000199   0.0000199   0.0000199   0.0000199
R 0 7   1  0  2  5    0.0000000   0.0000000   0.0000000   0.0000117   0.0000281   0.0000232   0.0000142   0.0000142   0.0000142   0.0000142   0.0000142   0.0000142
R 0 7   1  0  2  6    0.0000000   0.0000000   0.0000000   0.0000000   0.0000120   0.0000106   0.0000000   0.0000205   0.0000205   0.0000205   0.0000205   0.0000205
R 0 7   1  0  2  7    0.0000000   0.0000000   0.0000000   0.0000000   0.0000493   0.0000000   0.0000000   0.0000090   0.0000080   0.0000216   0.0000216   0.0000216
R 0 7   1  0  2  8    0.0000000   0.0000000   0.0000000   0.0000000   0.0000000   0.0000000   0.0000000   0.0000000   0.0000071   0.0000151   0.0000000   0.0000000
R 0 7   1  0  2  9    0.0000000   0.0000000   0.0000000   0.0000000   0.0000000   0.0000000   0.0000490   0.0000558   0.0000189   0.0000409   0.0000273   0.0000273
R 0 7   1  0  2 10    0.0000000   0.0000000   0.0000000   0.0000000   0.0000000   0.0000347   0.0001158   0.0000659   0.0000000   0.0000000   0.0000000   0.0000000
R 0 7   1  0  3  0    1.0185752   1.0185752   0.9730174   0.9938465   0.9866111   0.9816501   0.9794860   0.9809680   0.9809680   0.9809680   0.9809680   0.9809680
R 0 7   1  0  3  1    0.9874918   0.9874918   0.9874918   0.9874918   0.9812849   0.9801172   0.9777362   0.9775172   0.9775172   0.9775172   0.9775172   0.9775172
R 0 7   1  0  3  2    0.9792031   0.9792031   0.9792031   0.9792031   0.9860243   0.9815029   0.9795184   0.9792736   0.9792736   0.9792736   0.9792736   0.9792736
R 0 7   1  0  3  3    0.9647168   0.9647168   0.9647168   0.9647168   0.9889196   0.9827124   0.9799382   0.9795942   0.9795942   0.9795942   0.9795942   0.9795942
R 0 7   1  0  3  4    0.9850899   0.9850899   0.9850899   0.9742220   0.9727058   0.9719693   0.9764460   0.9847584   0.9847584   0.9847584   0.9847584   0.9847584
R 0 7   1  0  3  5    0.9742167   0.9742167   0.9797687   0.9778423   0.9721759   0.9702757   0.9666938   0.9666938   0.9666938   0.9666938   0.9666938   0.9666938
R 0 7   1  0  3  6    0.9910704   0.9910704   0.9910704   0.9872980   0.9845700   0.9825550   0.9809284   0.9781278   0.9781278   0.9781278   0.9781278   0.9781278
R 0 7   1  0  3  7    0.9850652   0.9850652   0.9850652   0.9850652   1.0014833   0.9877099   0.9850462   0.9827328   0.9838966   0.9822704   0.9822704   0.9822704
R 0 7   1  0  3  8    0.9964525   0.9964525   0.9964525   0.9964525   0.9964525   0.9964525   0.9964525   0.9852100   0.9805731   0.9820512   0.9842054   0.9960336
R 0 7   1  0  3  9    0.9938683   0.9938683   0.9938683   0.9938683   0.9938683   0.9938683   0.9780573   0.9723155   0.9711929   0.9816809   0.9913241   0.9913241
R 0 7   1  0  3 10    1.0022430   1.0060789   0.9872552   0.9702340   0.9686171   0.9658809   0.9654667   0.9654785   0.9857022   0.9869029   0.9869029   0.9869029
R 0 7   1  0  4  0    1.4039125   1.4039125   1.3432729   2.1364098   2.2558784   2.2742600   2.2391155   2.2725239   2.2725239   2.2725239   2.2725239   2.2725239
R 0 7   1  0  4  1    1.9857343   1.9857343   1.9857343   1.9857343   2.1492003   2.2221295   2.2043136   2.2039982   2.2039982   2.2039982   2.2039982   2.2039982
R 0 7   1  0  4  2    1.9220204   1.9220204   1.9220204   1.9220204   2.1913168   2.2552653   2.2336295   2.2312460   2.2312460   2.2312460   2.2312460   2.2312460
R 0 7   1  0  4  3    1.7842984   1.7842984   1.7842984   1.7842984   2.2667117   2.2614437   2.2349628   2.2263351   2.2263351   2.2263351   2.2263351   2.2263351
R 0 7   1  0  4  4    1.8940085   1.8940085   1.8940085   2.0246645   2.0844427   2.0864670   2.2027658   2.3417947   2.3417947   2.3417947   2.3417947   2.3417947
R 0 7   1  0  4  5    1.7417255   1.7417255   2.0657532   2.1533597   2.0866076   2.0820313   2.0064541   2.0064541   2.0064541   2.0064541   2.0064541   2.0064541
R 0 7   1  0  4  6    1.9708768   1.9708768   1.9708768   2.2150665   2.3187158   2.3504693   2.3420744   2.2755350   2.2755350   2.2755350   2.2755350   2.2755350
R 0 7   1  0  4  7    1.7958309   1.7958309   1.7958309   1.7958309   2.2720912   2.3510397   2.3413014   2.3475745   2.3855099   2.3473753   2.3473753   2.3473753
R 0 7   1  0  4  8    2.2394800   2.2394800   2.2394800   2.2394800   2.2394800   2.2394800   2.2394800   2.2466550   2.2245393   2.2688638   2.3094296   2.2989811
R 0 7   1  0  4  9    2.0876519   2.0876519   2.0876519   2.0876519   2.0876519   2.0876519   2.0440754   2.0564320   2.0417237   2.1987774   2.1982815   2.1982815
R 0 7   1  0  4 10    2.0059617   2.2206959   1.9797509   1.9006288   1.9778816   1.9626679   1.9571380   1.9375972   2.0789878   2.0207044   2.0207044   2.0207044
R 0 7   1  0  5  0   11.8606316  11.8606316   7.7902920   3.4474174   3.6390051   3.8614134   4.2304826   3.9271455   3.9271455   3.9271455   3.9271455   3.9271455
R 0 7   1  0  5  1    3.8991733   3.8991733   3.8991733   3.8991733   4.1143745   4.0612789   4.3725416   4.3288681   4.3288681   4.3288681   4.3288681   4.3288681
R 0 7   1  0  5  2    3.9166930   3.9166930   3.9166930   3.9166930   4.2547596   4.0408249   4.1359733   4.3113247   4.3113247   4.3113247   4.3113247   4.3113247
R 0 7   1  0  5  3    5.0220684   5.0220684   5.0220684   5.0220684   3.8534532   4.0308341   4.2964192   4.3514493   4.3514493   4.3514493   4.3514493   4.3514493
R 0 7   1  0  5  4    5.0742067   5.0742067   5.0742067   4.9907009   5.1465742   5.0100413   3.9583540   3.2190971   3.2190971   3.2190971   3.2190971   3.2190971
R 0 7   1  0  5  5    4.6758176   4.6758176   4.9678795   4.6449118   5.3305322   4.7112631   4.1277099   4.1277099   4.1277099   4.1277099   4.1277099   4.1277099
R 0 7   1  0  5  6    3.1695596   3.1695596   3.1695596   4.0018526   3.4542524   2.9629401   2.3993695   2.0087529   2.0087529   2.0087529   2.0087529   2.0087529
R 0 7   1  0  5  7    4.1378695   4.1378695   4.1378695   4.1378695   3.7415249   3.1214540   2.9435719   2.8796419   2.5792144   2.0865178   2.0865178   2.0865178
R 0 7   1  0  5  8    3.8696863   3.8696863   3.8696863   3.8696863   3.8696863   3.8696863   3.8696863   4.4509807   4.6225551   4.2586199   3.5083817   3.9612584
R 0 7   1  0  5  9    4.7018172   4.7018172   4.7018172   4.7018172   4.7018172   4.7018172   6.7168083   6.0925944   6.6696568   5.4532708   5.7217762   5.7217762
R 0 7   1  0  5 10    5.7473704   4.1720920   4.3599276   5.5884076   5.3803109   6.6671214   8.0193894   8.7655481   6.4724929   6.8947851   6.8947851   6.8947851
F  0  7   1  0  0  0    1.0092477   1.0285163   0.9907377   1.0005626   0.9741179   0.9968334   0.9933462   0.9896354   0.9899494   0.9848999   0.9818794
F  0  7   1  1  0  0    1.1147186   1.0699491   1.0870312   1.0522209   1.0622572   1.0821519   1.0833113   1.0331497   1.0677188   1.0808940   1.0865669
C  0  7   1  0  0  0  -0.2580619 -0.1159264 -0.1802893 -0.3897480 -0.2657349 -0.1626579 -0.1576897 -0.1898265 -0.2578610 -0.1580843 -0.2448234 -0.1620234 -0.1947058 -0.3172645 -0.3347530 -0.0418791
C  0  7   1  0  0  1  -0.0626270 -0.1594234 -0.1366528 -0.1206488 -0.1396288 -0.0978938 -0.1524268 -0.1261711 -0.0441255 -0.1316245 -0.0218280 -0.1045877 -0.1583409 -0.1342719 -0.2003261 -0.0432013
C  0  7   1  0  0  2  -0.1137085 -0.1070804 -0.1139573 -0.1314270 -0.0156600 -0.0543956 -0.0836303 -0.0944273 -0.0193604 -0.0743565 -0.0466578 -0.0673608 -0.1253481 -0.0598745 -0.0351635 -0.1000566
C  0  7   1  0  0  3  -0.0588671 -0.0789500 -0.1294413 -0.0285180  0.0291301 -0.1345572 -0.0912742 -0.0256316 -0.0425434 -0.0213386 -0.1082004 -0.0596228 -0.1520554 -0.1084997 -0.1017448 -0.0114292
C  0  7   1  0  0  4  -0.0862888 -0.0875039 -0.0492958 -0.0895745 -0.1020298 -0.0866916 -0.0483318 -0.0439419 -0.0361948 -0.0303818 -0.0621637 -0.0377646 -0.1263976 -0.1157416 -0.0251157 -0.0685222
C  0  7   1  0  0  5  -0.0236741  0.0100821 -0.0722281  0.0540964 -0.0115162 -0.0276719 -0.0333929 -0.0171061  0.0402093 -0.0142017 -0.0043323 -0.0066880 -0.0376849  0.0246341  0.0752038 -0.0576990
C  0  7   1  0  0  6  -0.0107429  0.0784790  0.0322198 -0.0006084 -0.0062483  0.0232853 -0.0411607 -0.0742775 -0.0300739 -0.0422719  0.0047556  0.0199686 -0.0639573 -0.0027233 -0.0477919  0.0809835
C  0  7   1  0  0  7  -0.0453973  0.0104817  0.0115770 -0.0114197  0.0045247  0.0431302  0.0241038  0.0006809 -0.0278189 -0.0200532  0.0629427 -0.0385720  0.0053394 -0.0280804 -0.0306527  0.0186285
C  0  7   1  0  0  8  -0.0121228  0.0030421  0.0391734  0.0261135 -0.0128995  0.0347859  0.0026546 -0.0234812  0.0074003  0.0287673 -0.0167185  0.0050376 -0.0062650  0.0578054 -0.0590511 -0.0138742
C  0  7   1  0  0  9  -0.0439187  0.0259524 -0.0121985  0.0416517  0.0294337  0.0366664 -0.0046135  0.0320501 -0.0407906  0.0094250  0.0472640  0.0381300 -0.0116936  0.0517086 -0.0130700  0.0481420
C  0  7   1  0  0 10  -0.0231661  0.0100351  0.0418250  0.0600395  0.0031724  0.0036399 -0.0381827 -0.0268899  0.0130526 -0.0540311  0.0117164 -0.0014883 -0.0365395  0.0507956  0.0135574  0.0475873
C  0  7   1  0  0 11  -0.0492304  0.0308156 -0.0420797  0.0522972  0.0198362  0.0562645  0.0464156  0.0874616  0.0133535  0.0322505  0.0201983 -0.0206617 -0.0009763  0.0187009  0.0003332 -0.0028438
C  0  7   1  0  0 12   0.0565554 -0.0134928  0.0006800  0.0076862  0.0107732  0.0287446 -0.0232990 -0.0092039 -0.0049039  0.0630272  0.0139293 -0.0017832 -0.0570247 -0.0009493  0.0203436  0.0223949
C  0  7   1  0  0 13  -0.0330031 -0.0013600  0.0337553  0.0040794 -0.0009010 -0.0205811  0.0175919 -0.0044365  0.0312886  0.0364316 -0.0198017  0.0163078 -0.0096066  0.0153272 -0.0090052  0.0080160
C  0  7   1  0  0 14  -0.0322343 -0.0057041 -0.0240684 -0.0087730 -0.0102906 -0.0073531 -0.0037616  0.0104429 -0.0255103 -0.0202039  0.0711995 -0.0547623  0.0213341  0.0315764 -0.0078279 -0.0608323
C  0  7   1  0  0 15  -0.0720702 -0.0435125 -0.0130542  0.0250333  0.0286737 -0.0578521 -0.0053365  0.0198005  0.0043909 -0.0125378 -0.0200428 -0.1034623 -0.0088342  0.0085730 -0.0751255  0.0060386
C  0  7   1  0  0 16   0.0884838  0.0250569 -0.0130843  0.0116608 -0.0283966 -0.0891997 -0.0265362  0.0006374 -0.0700537  0.1133546  0.0122611 -0.0597934 -0.0703627 -0.0095019 -0.0845640 -0.0091309
C  0  7   1  0  0 17  -0.0880132 -0.0840881 -0.1221580 -0.1039953 -0.1254510 -0.0425005 -0.0535395 -0.0094704 -0.0245318 -0.0682381 -0.0027102 -0.0158058 -0.1003943 -0.1472371 -0.0513092 -0.0156557
C  0  7   1  0  0 18  -0.1428193 -0.0435857 -0.0159869 -0.0541692 -0.1490322 -0.0449667 -0.0568031 -0.0359923 -0.0522575 -0.0206323 -0.0300084 -0.0891818 -0.0407241 -0.0049801 -0.1555148 -0.0086687
C  0  7   1  0  0 19   0.0219149 -0.0895999 -0.2072201 -0.0211320 -0.1126918 -0.0670365 -0.1313433 -0.0397477 -0.1175718 -0.0609461 -0.0733363 -0.0863377 -0.0691467 -0.0608643 -0.0581127 -0.0971882
C  0  7   1  0  0 20  -0.1029308 -0.0706543 -0.0575382 -0.0594251 -0.1480869 -0.1450747 -0.1799356 -0.1395195 -0.1520775 -0.1967142 -0.1585362  0.0067187 -0.0293801 -0.1679702 -0.1548093 -0.1588208
C  0  7   1  0  0 21  -0.1977072 -0.1999121 -0.3250670 -0.1718789 -0.2005119 -0.1724356 -0.2528361 -0.0717960 -0.1848797 -0.1169229 -0.1970351 -0.2845276 -0.3461290 -0.3869285 -0.2489724 -0.2627449
C  0  7   1  0  1  0  -0.0018587 -0.0002222 -0.0004912 -0.0019056 -0.0029453  0.0025261  0.0006823  0.0006725  0.0019791 -0.0005977 -0.0033885  0.0032877  0.0057462  0.0046134  0.0054592  0.0063151
C  0  7   1  0  1  1   0.0011498  0.0009830 -0.0020957 -0.0027499 -0.0007840 -0.0019401  0.0043630  0.0008571  0.0022833 -0.0015110 -0.0016338 -0.0024354  0.0026916  0.0041237  0.0020477  0.0023706
C  0  7   1  0  1  2   0.0027930 -0.0009237 -0.0001162  0.0001267 -0.0018532  0.0009570  0.0001648  0.0006523 -0.0011612  0.0011048 -0.0016596 -0.0017318  0.0016859 -0.0007509  0.0002467 -0.0001884
C  0  7   1  0  1  3   0.0025406 -0.0001038  0.0004202 -0.0018833 -0.0009330  0.0016735  0.0020633 -0.0012715 -0.0024054 -0.0020918 -0.0010922 -0.0015012  0.0006603 -0.0010836  0.0002510  0.0023449
C  0  7   1  0  1  4   0.0025034 -0.0003953 -0.0008646  0.0023158  0.0010560 -0.0010185  0.0015877 -0.0001077  0.0009702  0.0007546 -0.0006322 -0.0016742  0.0017964 -0.0003863 -0.0000796 -0.0023857
C  0  7   1  0  1  5   0.0013616  0.0008812 -0.0018588  0.0016124  0.0002553 -0.0006346 -0.0005845  0.0005994 -0.0000362  0.0004210  0.0017332 -0.0013078  0.0002908  0.0000396  0.0003896 -0.0009008
C  0  7   1  0  1  6   0.0022075 -0.0002055 -0.0005857  0.0005068  0.0007988 -0.0002414 -0.0009729 -0.0004635  0.0005846 -0.0011405 -0.0003851 -0.0001210 -0.0009943 -0.0022541  0.0013865 -0.0007182
C  0  7   1  0  1  7   0.0019735 -0.0001264  0.0008221  0.0003893  0.0020252  0.0009199 -0.0013832  0.0001568  0.0009241 -0.0012227  0.0013310 -0.0015590 -0.0008904 -0.0001307  0.0000328  0.0001763
C  0  7   1  0  1  8   0.0015803  0.0010415  0.0002524 -0.0005587  0.0012457  0.0011074  0.0009940  0.0001748  0.0018450  0.0001319 -0.0000069 -0.0013040 -0.0004932  0.0006888  0.0001310  0.0008066
C  0  7   1  0  1  9  -0.0018750  0.0008669  0.0016329  0.0001612  0.0002951  0.0003485  0.0007739  0.0007960 -0.0007327 -0.0014798 -0.0027890 -0.0007320 -0.0011521  0.0000854 -0.0012983  0.0006643
C  0  7   1  0  1 10   0.0007825  0.0002592  0.0014247  0.0017153  0.0016174 -0.0003066  0.0005618 -0.0002737 -0.0019390 -0.0016997 -0.0002266 -0.0008649 -0.0012133 -0.0007811  0.0000173  0.0011398
C  0  7   1  0  1 11   0.0002285  0.0002992  0.0003251  0.0008641  0.0000902  0.0004090 -0.0022144 -0.0013771 -0.0026445  0.0000887 -0.0002003 -0.0013663  0.0007416 -0.0001578 -0.0003142 -0.0005989
C  0  7   1  0  1 12   0.0004290 -0.0001339  0.0002743 -0.0005478  0.0006929 -0.0005271  0.0011658 -0.0001953  0.0003897 -0.0000365 -0.0000739  0.0017762  0.0002016 -0.0001242  0.0002215  0.0012894
C  0  7   1  0  1 13   0.0026077 -0.0012488  0.0004865  0.0018059  0.0024204  0.0007250 -0.0007776  0.0006594 -0.0002973 -0.0013069 -0.0008951 -0.0018615 -0.0007797  0.0010247  0.0003044  0.0015166
C  0  7   1  0  1 14   0.0019371  0.0004666  0.0022632  0.0014295  0.0016760  0.0017045 -0.0005875  0.0012835  0.0000934  0.0005922  0.0002063  0.0003012  0.0005342  0.0004195 -0.0005490  0.0021563
C  0  7   1  0  1 15   0.0015826  0.0000645 -0.0002937  0.0005941  0.0007444  0.0018715  0.0008554 -0.0010163  0.0006841 -0.0008717 -0.0004613  0.0009975 -0.0000267  0.0007042  0.0005791  0.0004300
C  0  7   1  0  1 16   0.0021955  0.0025158  0.0012583  0.0013588 -0.0004869  0.0023106  0.0007546  0.0000349  0.0007466 -0.0008749  0.0007743  0.0002213 -0.0001751  0.0013100  0.0023587  0.0019069
C  0  7   1  0  1 17   0.0006474 -0.0013533  0.0000422  0.0032995  0.0014239  0.0031120  0.0022276  0.0020760 -0.0002023  0.0030940  0.0016558 -0.0003399  0.0012152 -0.0009448  0.0047686  0.0044546
C  0  7   1  0  1 18   0.0055098  0.0043779  0.0020836  0.0010853  0.0001078  0.0019736  0.0043734  0.0011473 -0.0007517  0.0015835  0.0037178  0.0018708 -0.0000147  0.0000442  0.0059748  0.0049857
C  0  7   1  0  1 19   0.0025634  0.0024627  0.0011626  0.0019355  0.0007346  0.0015354  0.0029858  0.0014518  0.0033045  0.0030664 -0.0003774  0.0004740  0.0017084  0.0020495  0.0035228  0.0045389
C  0  7   1  0  1 20   0.0054834  0.0055039  0.0046028  0.0037523  0.0015070  0.0040562  0.0028810  0.0040159  0.0032282  0.0036417  0.0000199 -0.0015722  0.0027938  0.0038812  0.0052759  0.0057441
C  0  7   1  0  1 21   0.0129857  0.0125575  0.0062714  0.0017796 -0.0030750 -0.0052321 -0.0083179 -0.0009940 -0.0022122 -0.0030067 -0.0002488  0.0051081  0.0017678  0.0055051  0.0097018  0.0042980
C  0  7   1  1  0  0  -0.4967358 -0.6202826 -0.2172524 -0.5890215 -0.1692106 -0.5988086 -0.2046548 -0.2489933 -0.2841113 -0.3394367 -0.4055113 -0.4903369 -0.3812725 -0.3272692 -0.2980036 -0.6868675
C  0  7   1  1  0  1  -0.5804672 -0.3756782 -0.4480329 -0.4107164 -0.4778234 -0.4683291 -0.2535138 -0.3577019 -0.2388702 -0.1262914 -0.2588697 -0.4434632 -0.3153013 -0.5904699 -0.0965630 -0.2170605
C  0  7   1  1  0  2  -0.2524258 -0.4301927 -0.2196705 -0.2985404 -0.3311046 -0.1392919 -0.1382964 -0.3391194 -0.2049625 -0.1323274 -0.2648822 -0.3447131 -0.4380735 -0.3104017 -0.2831018 -0.3152777
C  0  7   1  1  0  3  -0.4271362 -0.3304572 -0.4252358 -0.2712326 -0.2174720 -0.3059182 -0.2202472 -0.1260952 -0.0911610 -0.2635892 -0.2828217 -0.0980403 -0.3782015 -0.4331855 -0.4080157 -0.2756414
C  0  7   1  1  0  4  -0.4239699 -0.4669603 -0.3118275 -0.1938294 -0.1223529 -0.3375769 -0.1941918 -0.2140420 -0.1522252 -0.1565066 -0.1051432 -0.4381199 -0.2119201 -0.2972593 -0.3720843 -0.2638853
C  0  7   1  1  0  5  -0.1687852 -0.2636181 -0.2707731 -0.1461992 -0.1406479 -0.2424574 -0.1277270 -0.1510822 -0.1594212 -0.1049501 -0.1122593 -0.2586355 -0.2952893 -0.0082007 -0.1286186 -0.2481811
C  0  7   1  1  0  6  -0.2061057 -0.1851855 -0.1250192 -0.1999669  0.0210650 -0.1777108 -0.0861920 -0.0331392 -0.0826047 -0.0323049 -0.1896189 -0.0301094 -0.0970405 -0.2979020 -0.0936155 -0.2468378
C  0  7   1  1  0  7  -0.0710652 -0.1288931 -0.1129902 -0.0962412 -0.2226173 -0.1449921 -0.0615366 -0.1021381 -0.0651009 -0.1381464 -0.0793486 -0.1384055 -0.1723370 -0.2230923 -0.0787888 -0.1085209
C  0  7   1  1  0  8  -0.2039371 -0.0904689 -0.1262649 -0.1166975  0.0002144 -0.1144422 -0.1102411 -0.1435087 -0.1195843 -0.1388552  0.0548967 -0.0755675 -0.1543820 -0.2712836 -0.1512456 -0.0953588
C  0  7   1  1  0  9  -0.2329637 -0.2029924 -0.0957483 -0.1561143 -0.1420657 -0.1185540 -0.0554605 -0.2581941 -0.0355104 -0.1005061  0.0159344 -0.2406951 -0.1464798 -0.1483355 -0.3222858 -0.1242365
C  0  7   1  1  0 10  -0.1780774 -0.1773783 -0.1160770 -0.0539487 -0.1556416 -0.2157509 -0.1390837 -0.1038004 -0.1030970 -0.1037523 -0.0666789 -0.1343357 -0.1916624 -0.1343750 -0.1749851 -0.1124145
C  0  7   1  1  0 11  -0.1619401 -0.2626089 -0.1603377 -0.1381195 -0.1365372 -0.1213258 -0.0925033 -0.0192565 -0.1990335 -0.1708561 -0.0619404 -0.0853132 -0.1881684 -0.1443844 -0.1167765 -0.1308272
C  0  7   1  1  0 12  -0.1641259 -0.2103752 -0.1333756 -0.0173170 -0.0871175 -0.1257181 -0.0678706 -0.1320488 -0.2157964  0.0273904 -0.0077840 -0.1676750 -0.1088631 -0.1458336 -0.2131685 -0.0420723
C  0  7   1  1  0 13  -0.0822223 -0.2096918 -0.0268130 -0.2050316 -0.0006331 -0.1312166 -0.1905186 -0.2336395 -0.1007441 -0.1211677 -0.1414950 -0.1717000 -0.1458058 -0.1710543 -0.1704623 -0.1402170
C  0  7   1  1  0 14  -0.0710603 -0.1695397 -0.1068331 -0.1370955 -0.0677708 -0.1330320 -0.1244093 -0.2051945  0.0474969 -0.0618551 -0.1047610 -0.1283227 -0.1393356 -0.1849777 -0.1990137 -0.2559369
C  0  7   1  1  0 15  -0.0773919 -0.3144797 -0.4067169 -0.1537003 -0.1725854  0.0196594 -0.1567869 -0.1394313 -0.2090250 -0.2239363 -0.1883689 -0.0347946 -0.1407771 -0.2302902 -0.0251749 -0.1932154
C  0  7   1  1  0 16  -0.1676563 -0.1658591 -0.1645046 -0.1673183 -0.3260457 -0.1225275 -0.1768794 -0.2842700 -0.0532873 -0.1124809 -0.0329250 -0.1102964 -0.1126387 -0.2397185 -0.1980521 -0.2134742
C  0  7   1  1  0 17  -0.2118479 -0.2084690 -0.1836364 -0.1823440 -0.2826688 -0.2879592 -0.4042750 -0.1833667 -0.1885320 -0.3469170 -0.2210877 -0.3803686 -0.0204096 -0.2576645 -0.2507198 -0.1730902
C  0  7   1  1  0 18  -0.2285385 -0.4474369 -0.3108204 -0.2259529 -0.1832635 -0.1405330 -0.2964821 -0.2938075 -0.4794993 -0.1736942 -0.2242451 -0.3978941 -0.1434048 -0.3069480 -0.3981089 -0.2373738
C  0  7   1  1  0 19  -0.3076914 -0.3470832 -0.1504726 -0.3270778 -0.4465465 -0.2926293 -0.2675059 -0.1226049 -0.2380553 -0.4403899 -0.3914881 -0.3406313 -0.3874018 -0.2383568 -0.1049325 -0.1458040
C  0  7   1  1  0 20  -0.2910847 -0.1046561 -0.4642034 -0.2992382 -0.3302620 -0.1423269 -0.1967129 -0.5575007 -0.2827559 -0.3947680 -0.3225030 -0.1537042 -0.3975548 -0.3914989 -0.3825666 -0.4493878
C  0  7   1  1  0 21  -0.6235591 -0.4417666 -0.4166668 -0.5596661 -0.1637660 -0.1041397 -0.5085891 -0.3358472 -0.5185747 -0.0428356 -0.3348873 -0.3135535 -0.6169844 -0.2877363 -0.3388096 -0.4372939
C  0  7   1  1  1  0   0.0555554  0.0552053  0.0497671  0.0257618  0.0060205 -0.0205244 -0.0348236 -0.0397398 -0.0440307 -0.0332135 -0.0336912 -0.0223369  0.0116907  0.0072791  0.0240356  0.0421241
C  0  7   1  1  1  1   0.0268641  0.0250570  0.0149133  0.0109944  0.0025301 -0.0084132 -0.0122370 -0.0170791 -0.0148131 -0.0152079 -0.0127635 -0.0061203  0.0038562  0.0101275  0.0109483  0.0277647
C  0  7   1  1  1  2   0.0169850  0.0159044  0.0100016  0.0080621  0.0037969  0.0007099 -0.0069861 -0.0094180 -0.0059499 -0.0046911 -0.0071784 -0.0062797  0.0015585  0.0052779  0.0035436  0.0106879
C  0  7   1  1  1  3   0.0083029  0.0093782  0.0050551  0.0026152  0.0051546 -0.0033076 -0.0040646  0.0036168  0.0008253  0.0020267 -0.0000461  0.0031668  0.0058533  0.0072776  0.0026452  0.0059816
C  0  7   1  1  1  4   0.0012298  0.0049439  0.0032572  0.0039134  0.0048921  0.0021927  0.0004614  0.0012501  0.0056815  0.0039065  0.0010524 -0.0020983  0.0041193  0.0027241  0.0064572  0.0022727
C  0  7   1  1  1  5   0.0046008  0.0017760 -0.0012347  0.0038945  0.0024067  0.0049867  0.0014637  0.0027422  0.0058354  0.0034092 -0.0031173 -0.0014818  0.0042807  0.0034689  0.0050529  0.0036098
C  0  7   1  1  1  6   0.0023395  0.0038680  0.0012552  0.0032576  0.0040794  0.0047209  0.0049834  0.0048452  0.0023075  0.0038340  0.0002911  0.0042035  0.0032429  0.0029230  0.0021207  0.0013251
C  0  7   1  1  1  7   0.0012240  0.0033193  0.0044902  0.0055947  0.0073738  0.0052159  0.0075728  0.0029003  0.0046586  0.0003253 -0.0018842  0.0038928  0.0024902  0.0024766  0.0000688  0.0008474
C  0  7   1  1  1  8   0.0046661  0.0055723  0.0006998  0.0001230  0.0075637  0.0042449  0.0068421  0.0050203  0.0076141  0.0013544  0.0011492  0.0001609  0.0062623  0.0027931  0.0005827  0.0056082
C  0  7   1  1  1  9   0.0035991  0.0022138  0.0029066  0.0064846  0.0018498  0.0014966  0.0006582  0.0043328  0.0015998  0.0005440  0.0031685  0.0029405  0.0043381  0.0041515  0.0010516 -0.0032228
C  0  7   1  1  1 10   0.0031985  0.0037338  0.0030585 -0.0009367 -0.0003512  0.0015252  0.0035824  0.0015399  0.0023305 -0.0003124 -0.0001684 -0.0008838  0.0008694  0.0037267  0.0006943 -0.0016090
C  0  7   1  1  1 11   0.0027242  0.0063559  0.0020238  0.0033132  0.0043553 -0.0010317  0.0000326  0.0006251  0.0038797  0.0034480 -0.0009174 -0.0003667  0.0024024  0.0024750  0.0032405 -0.0006064
C  0  7   1  1  1 12   0.0004089  0.0032527  0.0010454  0.0064523  0.0031747 -0.0025229  0.0001814  0.0032383  0.0050535 -0.0011158  0.0010351  0.0000343  0.0009178  0.0015614  0.0054859 -0.0015731
C  0  7   1  1  1 13  -0.0012835  0.0037432  0.0061044  0.0048456  0.0026617  0.0025943  0.0049039  0.0051001  0.0042999  0.0008330  0.0042368 -0.0005884  0.0002504 -0.0005925  0.0004081 -0.0001131
C  0  7   1  1  1 14   0.0033464  0.0023403  0.0034212  0.0012695  0.0056519  0.0047146  0.0036688  0.0064027  0.0062527  0.0002780 -0.0002138  0.0005935 -0.0019678  0.0002255  0.0003768 -0.0001056
C  0  7   1  1  1 15  -0.0005910  0.0001117  0.0076335  0.0054884  0.0029260  0.0006324  0.0040932  0.0055394  0.0065490  0.0024748  0.0043411  0.0026712 -0.0036829 -0.0032420 -0.0039602 -0.0019442
C  0  7   1  1  1 16  -0.0030830  0.0011461  0.0067748  0.0066597  0.0029142  0.0013594  0.0037638  0.0021047  0.0044306  0.0092255  0.0022803  0.0045099 -0.0062109  0.0012231 -0.0023637 -0.0041246
C  0  7   1  1  1 17  -0.0008614  0.0075366 -0.0002500  0.0037262  0.0026686 -0.0006805  0.0006848 -0.0011394  0.0032670  0.0076513  0.0018357  0.0015564  0.0012085 -0.0039419 -0.0014847 -0.0015422
C  0  7   1  1  1 18   0.0002746  0.0129570  0.0039414  0.0080353  0.0083502  0.0034690 -0.0007078 -0.0000819  0.0020500  0.0033655 -0.0009643  0.0002812 -0.0045033 -0.0051921 -0.0046902 -0.0006314
C  0  7   1  1  1 19   0.0063169  0.0084140  0.0128565  0.0070700  0.0073443 -0.0003350 -0.0017270 -0.0026763 -0.0001419  0.0048641  0.0060568  0.0007024 -0.0050438 -0.0082251 -0.0040124 -0.0038889
C  0  7   1  1  1 20   0.0029991  0.0144083  0.0177928  0.0120356  0.0051059  0.0045202 -0.0017103 -0.0042166  0.0013604  0.0002475 -0.0062057 -0.0007509 -0.0081838 -0.0063899 -0.0063827 -0.0055343
C  0  7   1  1  1 21   0.0120298  0.0304542  0.0327067  0.0223897  0.0202647  0.0269662  0.0083222  0.0013420  0.0051888  0.0092773 -0.0052861 -0.0083804 -0.0012655 -0.0219734 -0.0074558  0.0008993
