CPHI 16 
CETA 22 -2.40 -2.10 -1.85 -1.60 -1.40 -1.20 -1.00 -0.80 -0.60 -0.40 -0.20  0.00  0.20  0.40  0.60  0.80  1.00  1.20  1.40  1.60  1.85  2.10  2.40 
RMIN  6 
RTRK 12 
RETA 11  0.00  0.20  0.40  0.60  0.80  1.00  1.20  1.40  1.60  1.85  2.10  2.40 
T 0 7   2  0  0  0    0.0000000   0.0006174   0.0016774   0.0031880   0.0122719   0.0692370   0.2780276   0.6535433   1.0000000   1.0000000   1.0000000   1.0000000   1.0000000
T 0 7   2  0  0  1    0.0000000   0.0001354   0.0005459   0.0023920   0.0124343   0.0590489   0.2262877   0.5889114   1.0000000   1.0000000   1.0000000   1.0000000   1.0000000
T 0 7   2  0  0  2    0.0000000   0.0001294   0.0005243   0.0017488   0.0107047   0.0555296   0.2094740   0.5738720   1.0000000   1.0000000   1.0000000   1.0000000   1.0000000
T 0 7   2  0  0  3    0.0000000   0.0002015   0.0005867   0.0017170   0.0115356   0.0627351   0.2260086   0.5868161   1.0000000   1.0000000   1.0000000   1.0000000   1.0000000
T 0 7   2  0  0  4    0.0000000   0.0003907   0.0025396   0.0143279   0.0629528   0.2043776   0.4892906   0.8222971   1.0000000   1.0000000   1.0000000   1.0000000   1.0000000
T 0 7   2  0  0  5    0.0000000   0.0009833   0.0074319   0.0513680   0.2055027   0.5328830   0.8761381   0.9993922   1.0000000   1.0000000   1.0000000   1.0000000   1.0000000
T 0 7   2  0  0  6    0.0000000   0.0002959   0.0012101   0.0103076   0.0673314   0.2771700   0.6633683   0.9312166   0.9981963   0.9999994   1.0000000   1.0000000   1.0000000
T 0 7   2  0  0  7    0.0000000   0.0000583   0.0003953   0.0009066   0.0047834   0.0308238   0.1189337   0.2972425   0.5813239   0.8692031   0.9842107   0.9998683   1.0000000
T 0 7   2  0  0  8    0.0000000   0.0000019   0.0000351   0.0001224   0.0003944   0.0009957   0.0042109   0.0251107   0.1194546   0.3938732   0.7895316   0.9692909   1.0000000
T 0 7   2  0  0  9    0.0000000   0.0000072   0.0000100   0.0000333   0.0005408   0.0035534   0.0183417   0.0860144   0.3020499   0.6584964   0.9386042   0.9999342   1.0000000
T 0 7   2  0  0 10    0.0000000   0.0067141   0.0290557   0.0464353   0.0795622   0.1688626   0.3381590   0.6900122   0.9105257   0.9702516   0.9998314   1.0000000   1.0000000
T 0 7   2  1  0  0    0.0000000   0.0004142   0.0014288   0.0049574   0.0237101   0.1085261   0.3536081   0.7130370   1.0000000   1.0000000   1.0000000   1.0000000   1.0000000
T 0 7   2  1  0  1    0.0000000   0.0001614   0.0008227   0.0039633   0.0180275   0.0781825   0.2644447   0.6296299   1.0000000   1.0000000   1.0000000   1.0000000   1.0000000
T 0 7   2  1  0  2    0.0000000   0.0001015   0.0004842   0.0021671   0.0118015   0.0613160   0.2379681   0.6120082   1.0000000   1.0000000   1.0000000   1.0000000   1.0000000
T 0 7   2  1  0  3    0.0000000   0.0000840   0.0004796   0.0022210   0.0127844   0.0687838   0.2529762   0.6254715   1.0000000   1.0000000   1.0000000   1.0000000   1.0000000
T 0 7   2  1  0  4    0.0000000   0.0001505   0.0019270   0.0137782   0.0638280   0.2120676   0.5034743   0.8325506   1.0000000   1.0000000   1.0000000   1.0000000   1.0000000
T 0 7   2  1  0  5    0.0000000   0.0009957   0.0092810   0.0586528   0.2268531   0.5641469   0.8926205   0.9996749   1.0000000   1.0000000   1.0000000   1.0000000   1.0000000
T 0 7   2  1  0  6    0.0000000   0.0005130   0.0037330   0.0232065   0.1102502   0.3608216   0.7427468   0.9590442   0.9988318   1.0000000   1.0000000   1.0000000   1.0000000
T 0 7   2  1  0  7    0.0000000   0.0002521   0.0006693   0.0029902   0.0152931   0.0612968   0.1728886   0.3670970   0.6340822   0.8814919   0.9856313   0.9999247   1.0000000
T 0 7   2  1  0  8    0.0000000   0.0016818   0.0025618   0.0029263   0.0033715   0.0052824   0.0157119   0.0607101   0.2057776   0.5025254   0.8376455   0.9728303   1.0000000
T 0 7   2  1  0  9    0.0000000   0.0038258   0.0136553   0.0243796   0.0293802   0.0356160   0.0661198   0.1821375   0.4433001   0.7707602   0.9662879   0.9999910   1.0000000
T 0 7   2  1  0 10    0.0000000   0.0045469   0.0194876   0.0569320   0.1119204   0.2214097   0.4723498   0.7910609   0.9577357   0.9887612   0.9999967   1.0000000   1.0000000
R 0 7   2  0  0  0    0.0253576   0.0253576   0.0128287   0.0109595   0.0104595   0.0102026   0.0100150   0.0098581   0.0098581   0.0098581   0.0098581   0.0098581
R 0 7   2  0  0  1    0.0122798   0.0122798   0.0122798   0.0122798   0.0111934   0.0109503   0.0109754   0.0108621   0.0108621   0.0108621   0.0108621   0.0108621
R 0 7   2  0  0  2    0.0130097   0.0130097   0.0130097   0.0130097   0.0121884   0.0120291   0.0118600   0.0116981   0.0116981   0.0116981   0.0116981   0.0116981
R 0 7   2  0  0  3    0.0140471   0.0140471   0.0140471   0.0140471   0.0128436   0.0126149   0.0123856   0.0122570   0.0122570   0.0122570   0.0122570   0.0122570
R 0 7   2  0  0  4    0.0197239   0.0197239   0.0197239   0.0177018   0.0170027   0.0159123   0.0145108   0.0131235   0.0131235   0.0131235   0.0131235   0.0131235
R 0 7   2  0  0  5    0.0212935   0.0212935   0.0197325   0.0192336   0.0187752   0.0180916   0.0170218   0.0170218   0.0170218   0.0170218   0.0170218   0.0170218
R 0 7   2  0  0  6    0.0209098   0.0209098   0.0209098   0.0207367   0.0208473   0.0207490   0.0208824   0.0207785   0.0207785   0.0207785   0.0207785   0.0207785
R 0 7   2  0  0  7    0.0231029   0.0231029   0.0231029   0.0231029   0.0212789   0.0214481   0.0212900   0.0210390   0.0206293   0.0198029   0.0198029   0.0198029
R 0 7   2  0  0  8    0.0218674   0.0218674   0.0218674   0.0218674   0.0218674   0.0218674   0.0218674   0.0212585   0.0210625   0.0209894   0.0203586   0.0192185
R 0 7   2  0  0  9    0.0322194   0.0322194   0.0322194   0.0322194   0.0322194   0.0322194   0.0302407   0.0289090   0.0275300   0.0264879   0.0252806   0.0252806
R 0 7   2  0  0 10    0.0828094   0.0734940   0.0639626   0.0550960   0.0477775   0.0442456   0.0410102   0.0356627   0.0342561   0.0313162   0.0313162   0.0313162
R 0 7   2  0  1  0    0.0000000   0.0000000   0.0000000   0.0000837   0.0000868   0.0000820   0.0000736   0.0000663   0.0000663   0.0000663   0.0000663   0.0000663
R 0 7   2  0  1  1    0.0000874   0.0000874   0.0000874   0.0000874   0.0000711   0.0000724   0.0000636   0.0000574   0.0000574   0.0000574   0.0000574   0.0000574
R 0 7   2  0  1  2    0.0000752   0.0000752   0.0000752   0.0000752   0.0000719   0.0000660   0.0000612   0.0000537   0.0000537   0.0000537   0.0000537   0.0000537
R 0 7   2  0  1  3    0.0000851   0.0000851   0.0000851   0.0000851   0.0000713   0.0000603   0.0000560   0.0000501   0.0000501   0.0000501   0.0000501   0.0000501
R 0 7   2  0  1  4    0.0001461   0.0001461   0.0001461   0.0000977   0.0000948   0.0000759   0.0000557   0.0000462   0.0000462   0.0000462   0.0000462   0.0000462
R 0 7   2  0  1  5    0.0001217   0.0001217   0.0000859   0.0000774   0.0000698   0.0000620   0.0000474   0.0000474   0.0000474   0.0000474   0.0000474   0.0000474
R 0 7   2  0  1  6    0.0000762   0.0000762   0.0000762   0.0000570   0.0000623   0.0000598   0.0000569   0.0000346   0.0000346   0.0000346   0.0000346   0.0000346
R 0 7   2  0  1  7    0.0000925   0.0000925   0.0000925   0.0000925   0.0000873   0.0000769   0.0000748   0.0000768   0.0000760   0.0000592   0.0000592   0.0000592
R 0 7   2  0  1  8    0.0001249   0.0001249   0.0001249   0.0001249   0.0001249   0.0001249   0.0001249   0.0001174   0.0001061   0.0001022   0.0000919   0.0000743
R 0 7   2  0  1  9    0.0002936   0.0002936   0.0002936   0.0002936   0.0002936   0.0002936   0.0002312   0.0002043   0.0001854   0.0001543   0.0001428   0.0001428
R 0 7   2  0  1 10    0.0015181   0.0011873   0.0009508   0.0008022   0.0005915   0.0004904   0.0004008   0.0002669   0.0002108   0.0001759   0.0001759   0.0001759
R 0 7   2  0  2  0    0.0000000   0.0000000   0.0000000   0.0000000   0.0000152   0.0000186   0.0000200   0.0000113   0.0000113   0.0000113   0.0000113   0.0000113
R 0 7   2  0  2  1    0.0000000   0.0000000   0.0000000   0.0000000   0.0000000   0.0000228   0.0000152   0.0000206   0.0000206   0.0000206   0.0000206   0.0000206
R 0 7   2  0  2  2    0.0000495   0.0000495   0.0000495   0.0000495   0.0000661   0.0000216   0.0000169   0.0000194   0.0000194   0.0000194   0.0000194   0.0000194
R 0 7   2  0  2  3    0.0000562   0.0000562   0.0000562   0.0000562   0.0000308   0.0000152   0.0000207   0.0000129   0.0000129   0.0000129   0.0000129   0.0000129
R 0 7   2  0  2  4    0.0000000   0.0000000   0.0000000   0.0000000   0.0000147   0.0000196   0.0000163   0.0000199   0.0000199   0.0000199   0.0000199   0.0000199
R 0 7   2  0  2  5    0.0000000   0.0000000   0.0000000   0.0000117   0.0000281   0.0000232   0.0000142   0.0000142   0.0000142   0.0000142   0.0000142   0.0000142
R 0 7   2  0  2  6    0.0000000   0.0000000   0.0000000   0.0000000   0.0000120   0.0000106   0.0000000   0.0000205   0.0000205   0.0000205   0.0000205   0.0000205
R 0 7   2  0  2  7    0.0000000   0.0000000   0.0000000   0.0000000   0.0000493   0.0000000   0.0000000   0.0000090   0.0000080   0.0000216   0.0000216   0.0000216
R 0 7   2  0  2  8    0.0000000   0.0000000   0.0000000   0.0000000   0.0000000   0.0000000   0.0000000   0.0000000   0.0000071   0.0000151   0.0000000   0.0000000
R 0 7   2  0  2  9    0.0000000   0.0000000   0.0000000   0.0000000   0.0000000   0.0000000   0.0000490   0.0000558   0.0000189   0.0000409   0.0000273   0.0000273
R 0 7   2  0  2 10    0.0000000   0.0000000   0.0000000   0.0000000   0.0000000   0.0000347   0.0001158   0.0000659   0.0000000   0.0000000   0.0000000   0.0000000
R 0 7   2  0  3  0    1.0185752   1.0185752   0.9730174   0.9938465   0.9866111   0.9816501   0.9794860   0.9809680   0.9809680   0.9809680   0.9809680   0.9809680
R 0 7   2  0  3  1    0.9874918   0.9874918   0.9874918   0.9874918   0.9812849   0.9801172   0.9777362   0.9775172   0.9775172   0.9775172   0.9775172   0.9775172
R 0 7   2  0  3  2    0.9792031   0.9792031   0.9792031   0.9792031   0.9860243   0.9815029   0.9795184   0.9792736   0.9792736   0.9792736   0.9792736   0.9792736
R 0 7   2  0  3  3    0.9647168   0.9647168   0.9647168   0.9647168   0.9889196   0.9827124   0.9799382   0.9795942   0.9795942   0.9795942   0.9795942   0.9795942
R 0 7   2  0  3  4    0.9850899   0.9850899   0.9850899   0.9742220   0.9727058   0.9719693   0.9764460   0.9847584   0.9847584   0.9847584   0.9847584   0.9847584
R 0 7   2  0  3  5    0.9742167   0.9742167   0.9797687   0.9778423   0.9721759   0.9702757   0.9666938   0.9666938   0.9666938   0.9666938   0.9666938   0.9666938
R 0 7   2  0  3  6    0.9910704   0.9910704   0.9910704   0.9872980   0.9845700   0.9825550   0.9809284   0.9781278   0.9781278   0.9781278   0.9781278   0.9781278
R 0 7   2  0  3  7    0.9850652   0.9850652   0.9850652   0.9850652   1.0014833   0.9877099   0.9850462   0.9827328   0.9838966   0.9822704   0.9822704   0.9822704
R 0 7   2  0  3  8    0.9964525   0.9964525   0.9964525   0.9964525   0.9964525   0.9964525   0.9964525   0.9852100   0.9805731   0.9820512   0.9842054   0.9960336
R 0 7   2  0  3  9    0.9938683   0.9938683   0.9938683   0.9938683   0.9938683   0.9938683   0.9780573   0.9723155   0.9711929   0.9816809   0.9913241   0.9913241
R 0 7   2  0  3 10    1.0022430   1.0060789   0.9872552   0.9702340   0.9686171   0.9658809   0.9654667   0.9654785   0.9857022   0.9869029   0.9869029   0.9869029
R 0 7   2  0  4  0    1.4039125   1.4039125   1.3432729   2.1364098   2.2558784   2.2742600   2.2391155   2.2725239   2.2725239   2.2725239   2.2725239   2.2725239
R 0 7   2  0  4  1    1.9857343   1.9857343   1.9857343   1.9857343   2.1492003   2.2221295   2.2043136   2.2039982   2.2039982   2.2039982   2.2039982   2.2039982
R 0 7   2  0  4  2    1.9220204   1.9220204   1.9220204   1.9220204   2.1913168   2.2552653   2.2336295   2.2312460   2.2312460   2.2312460   2.2312460   2.2312460
R 0 7   2  0  4  3    1.7842984   1.7842984   1.7842984   1.7842984   2.2667117   2.2614437   2.2349628   2.2263351   2.2263351   2.2263351   2.2263351   2.2263351
R 0 7   2  0  4  4    1.8940085   1.8940085   1.8940085   2.0246645   2.0844427   2.0864670   2.2027658   2.3417947   2.3417947   2.3417947   2.3417947   2.3417947
R 0 7   2  0  4  5    1.7417255   1.7417255   2.0657532   2.1533597   2.0866076   2.0820313   2.0064541   2.0064541   2.0064541   2.0064541   2.0064541   2.0064541
R 0 7   2  0  4  6    1.9708768   1.9708768   1.9708768   2.2150665   2.3187158   2.3504693   2.3420744   2.2755350   2.2755350   2.2755350   2.2755350   2.2755350
R 0 7   2  0  4  7    1.7958309   1.7958309   1.7958309   1.7958309   2.2720912   2.3510397   2.3413014   2.3475745   2.3855099   2.3473753   2.3473753   2.3473753
R 0 7   2  0  4  8    2.2394800   2.2394800   2.2394800   2.2394800   2.2394800   2.2394800   2.2394800   2.2466550   2.2245393   2.2688638   2.3094296   2.2989811
R 0 7   2  0  4  9    2.0876519   2.0876519   2.0876519   2.0876519   2.0876519   2.0876519   2.0440754   2.0564320   2.0417237   2.1987774   2.1982815   2.1982815
R 0 7   2  0  4 10    2.0059617   2.2206959   1.9797509   1.9006288   1.9778816   1.9626679   1.9571380   1.9375972   2.0789878   2.0207044   2.0207044   2.0207044
R 0 7   2  0  5  0   11.8606316  11.8606316   7.7902920   3.4474174   3.6390051   3.8614134   4.2304826   3.9271455   3.9271455   3.9271455   3.9271455   3.9271455
R 0 7   2  0  5  1    3.8991733   3.8991733   3.8991733   3.8991733   4.1143745   4.0612789   4.3725416   4.3288681   4.3288681   4.3288681   4.3288681   4.3288681
R 0 7   2  0  5  2    3.9166930   3.9166930   3.9166930   3.9166930   4.2547596   4.0408249   4.1359733   4.3113247   4.3113247   4.3113247   4.3113247   4.3113247
R 0 7   2  0  5  3    5.0220684   5.0220684   5.0220684   5.0220684   3.8534532   4.0308341   4.2964192   4.3514493   4.3514493   4.3514493   4.3514493   4.3514493
R 0 7   2  0  5  4    5.0742067   5.0742067   5.0742067   4.9907009   5.1465742   5.0100413   3.9583540   3.2190971   3.2190971   3.2190971   3.2190971   3.2190971
R 0 7   2  0  5  5    4.6758176   4.6758176   4.9678795   4.6449118   5.3305322   4.7112631   4.1277099   4.1277099   4.1277099   4.1277099   4.1277099   4.1277099
R 0 7   2  0  5  6    3.1695596   3.1695596   3.1695596   4.0018526   3.4542524   2.9629401   2.3993695   2.0087529   2.0087529   2.0087529   2.0087529   2.0087529
R 0 7   2  0  5  7    4.1378695   4.1378695   4.1378695   4.1378695   3.7415249   3.1214540   2.9435719   2.8796419   2.5792144   2.0865178   2.0865178   2.0865178
R 0 7   2  0  5  8    3.8696863   3.8696863   3.8696863   3.8696863   3.8696863   3.8696863   3.8696863   4.4509807   4.6225551   4.2586199   3.5083817   3.9612584
R 0 7   2  0  5  9    4.7018172   4.7018172   4.7018172   4.7018172   4.7018172   4.7018172   6.7168083   6.0925944   6.6696568   5.4532708   5.7217762   5.7217762
R 0 7   2  0  5 10    5.7473704   4.1720920   4.3599276   5.5884076   5.3803109   6.6671214   8.0193894   8.7655481   6.4724929   6.8947851   6.8947851   6.8947851
F  0  7   2  0  0  0    1.0092477   1.0285163   0.9907377   1.0005626   0.9741179   0.9968334   0.9933462   0.9896354   0.9899494   0.9848999   0.9818794
F  0  7   2  1  0  0    1.1108578   1.1130145   1.0820409   1.0626854   1.0390285   1.0844531   1.0768289   1.0473342   1.0548869   1.0754067   1.0790116
C  0  7   2  0  0  0  -0.2580619 -0.1159264 -0.1802893 -0.3897480 -0.2657349 -0.1626579 -0.1576897 -0.1898265 -0.2578610 -0.1580843 -0.2448234 -0.1620234 -0.1947058 -0.3172645 -0.3347530 -0.0418791
C  0  7   2  0  0  1  -0.0626270 -0.1594234 -0.1366528 -0.1206488 -0.1396288 -0.0978938 -0.1524268 -0.1261711 -0.0441255 -0.1316245 -0.0218280 -0.1045877 -0.1583409 -0.1342719 -0.2003261 -0.0432013
C  0  7   2  0  0  2  -0.1137085 -0.1070804 -0.1139573 -0.1314270 -0.0156600 -0.0543956 -0.0836303 -0.0944273 -0.0193604 -0.0743565 -0.0466578 -0.0673608 -0.1253481 -0.0598745 -0.0351635 -0.1000566
C  0  7   2  0  0  3  -0.0588671 -0.0789500 -0.1294413 -0.0285180  0.0291301 -0.1345572 -0.0912742 -0.0256316 -0.0425434 -0.0213386 -0.1082004 -0.0596228 -0.1520554 -0.1084997 -0.1017448 -0.0114292
C  0  7   2  0  0  4  -0.0862888 -0.0875039 -0.0492958 -0.0895745 -0.1020298 -0.0866916 -0.0483318 -0.0439419 -0.0361948 -0.0303818 -0.0621637 -0.0377646 -0.1263976 -0.1157416 -0.0251157 -0.0685222
C  0  7   2  0  0  5  -0.0236741  0.0100821 -0.0722281  0.0540964 -0.0115162 -0.0276719 -0.0333929 -0.0171061  0.0402093 -0.0142017 -0.0043323 -0.0066880 -0.0376849  0.0246341  0.0752038 -0.0576990
C  0  7   2  0  0  6  -0.0107429  0.0784790  0.0322198 -0.0006084 -0.0062483  0.0232853 -0.0411607 -0.0742775 -0.0300739 -0.0422719  0.0047556  0.0199686 -0.0639573 -0.0027233 -0.0477919  0.0809835
C  0  7   2  0  0  7  -0.0453973  0.0104817  0.0115770 -0.0114197  0.0045247  0.0431302  0.0241038  0.0006809 -0.0278189 -0.0200532  0.0629427 -0.0385720  0.0053394 -0.0280804 -0.0306527  0.0186285
C  0  7   2  0  0  8  -0.0121228  0.0030421  0.0391734  0.0261135 -0.0128995  0.0347859  0.0026546 -0.0234812  0.0074003  0.0287673 -0.0167185  0.0050376 -0.0062650  0.0578054 -0.0590511 -0.0138742
C  0  7   2  0  0  9  -0.0439187  0.0259524 -0.0121985  0.0416517  0.0294337  0.0366664 -0.0046135  0.0320501 -0.0407906  0.0094250  0.0472640  0.0381300 -0.0116936  0.0517086 -0.0130700  0.0481420
C  0  7   2  0  0 10  -0.0231661  0.0100351  0.0418250  0.0600395  0.0031724  0.0036399 -0.0381827 -0.0268899  0.0130526 -0.0540311  0.0117164 -0.0014883 -0.0365395  0.0507956  0.0135574  0.0475873
C  0  7   2  0  0 11  -0.0492304  0.0308156 -0.0420797  0.0522972  0.0198362  0.0562645  0.0464156  0.0874616  0.0133535  0.0322505  0.0201983 -0.0206617 -0.0009763  0.0187009  0.0003332 -0.0028438
C  0  7   2  0  0 12   0.0565554 -0.0134928  0.0006800  0.0076862  0.0107732  0.0287446 -0.0232990 -0.0092039 -0.0049039  0.0630272  0.0139293 -0.0017832 -0.0570247 -0.0009493  0.0203436  0.0223949
C  0  7   2  0  0 13  -0.0330031 -0.0013600  0.0337553  0.0040794 -0.0009010 -0.0205811  0.0175919 -0.0044365  0.0312886  0.0364316 -0.0198017  0.0163078 -0.0096066  0.0153272 -0.0090052  0.0080160
C  0  7   2  0  0 14  -0.0322343 -0.0057041 -0.0240684 -0.0087730 -0.0102906 -0.0073531 -0.0037616  0.0104429 -0.0255103 -0.0202039  0.0711995 -0.0547623  0.0213341  0.0315764 -0.0078279 -0.0608323
C  0  7   2  0  0 15  -0.0720702 -0.0435125 -0.0130542  0.0250333  0.0286737 -0.0578521 -0.0053365  0.0198005  0.0043909 -0.0125378 -0.0200428 -0.1034623 -0.0088342  0.0085730 -0.0751255  0.0060386
C  0  7   2  0  0 16   0.0884838  0.0250569 -0.0130843  0.0116608 -0.0283966 -0.0891997 -0.0265362  0.0006374 -0.0700537  0.1133546  0.0122611 -0.0597934 -0.0703627 -0.0095019 -0.0845640 -0.0091309
C  0  7   2  0  0 17  -0.0880132 -0.0840881 -0.1221580 -0.1039953 -0.1254510 -0.0425005 -0.0535395 -0.0094704 -0.0245318 -0.0682381 -0.0027102 -0.0158058 -0.1003943 -0.1472371 -0.0513092 -0.0156557
C  0  7   2  0  0 18  -0.1428193 -0.0435857 -0.0159869 -0.0541692 -0.1490322 -0.0449667 -0.0568031 -0.0359923 -0.0522575 -0.0206323 -0.0300084 -0.0891818 -0.0407241 -0.0049801 -0.1555148 -0.0086687
C  0  7   2  0  0 19   0.0219149 -0.0895999 -0.2072201 -0.0211320 -0.1126918 -0.0670365 -0.1313433 -0.0397477 -0.1175718 -0.0609461 -0.0733363 -0.0863377 -0.0691467 -0.0608643 -0.0581127 -0.0971882
C  0  7   2  0  0 20  -0.1029308 -0.0706543 -0.0575382 -0.0594251 -0.1480869 -0.1450747 -0.1799356 -0.1395195 -0.1520775 -0.1967142 -0.1585362  0.0067187 -0.0293801 -0.1679702 -0.1548093 -0.1588208
C  0  7   2  0  0 21  -0.1977072 -0.1999121 -0.3250670 -0.1718789 -0.2005119 -0.1724356 -0.2528361 -0.0717960 -0.1848797 -0.1169229 -0.1970351 -0.2845276 -0.3461290 -0.3869285 -0.2489724 -0.2627449
C  0  7   2  0  1  0  -0.0018587 -0.0002222 -0.0004912 -0.0019056 -0.0029453  0.0025261  0.0006823  0.0006725  0.0019791 -0.0005977 -0.0033885  0.0032877  0.0057462  0.0046134  0.0054592  0.0063151
C  0  7   2  0  1  1   0.0011498  0.0009830 -0.0020957 -0.0027499 -0.0007840 -0.0019401  0.0043630  0.0008571  0.0022833 -0.0015110 -0.0016338 -0.0024354  0.0026916  0.0041237  0.0020477  0.0023706
C  0  7   2  0  1  2   0.0027930 -0.0009237 -0.0001162  0.0001267 -0.0018532  0.0009570  0.0001648  0.0006523 -0.0011612  0.0011048 -0.0016596 -0.0017318  0.0016859 -0.0007509  0.0002467 -0.0001884
C  0  7   2  0  1  3   0.0025406 -0.0001038  0.0004202 -0.0018833 -0.0009330  0.0016735  0.0020633 -0.0012715 -0.0024054 -0.0020918 -0.0010922 -0.0015012  0.0006603 -0.0010836  0.0002510  0.0023449
C  0  7   2  0  1  4   0.0025034 -0.0003953 -0.0008646  0.0023158  0.0010560 -0.0010185  0.0015877 -0.0001077  0.0009702  0.0007546 -0.0006322 -0.0016742  0.0017964 -0.0003863 -0.0000796 -0.0023857
C  0  7   2  0  1  5   0.0013616  0.0008812 -0.0018588  0.0016124  0.0002553 -0.0006346 -0.0005845  0.0005994 -0.0000362  0.0004210  0.0017332 -0.0013078  0.0002908  0.0000396  0.0003896 -0.0009008
C  0  7   2  0  1  6   0.0022075 -0.0002055 -0.0005857  0.0005068  0.0007988 -0.0002414 -0.0009729 -0.0004635  0.0005846 -0.0011405 -0.0003851 -0.0001210 -0.0009943 -0.0022541  0.0013865 -0.0007182
C  0  7   2  0  1  7   0.0019735 -0.0001264  0.0008221  0.0003893  0.0020252  0.0009199 -0.0013832  0.0001568  0.0009241 -0.0012227  0.0013310 -0.0015590 -0.0008904 -0.0001307  0.0000328  0.0001763
C  0  7   2  0  1  8   0.0015803  0.0010415  0.0002524 -0.0005587  0.0012457  0.0011074  0.0009940  0.0001748  0.0018450  0.0001319 -0.0000069 -0.0013040 -0.0004932  0.0006888  0.0001310  0.0008066
C  0  7   2  0  1  9  -0.0018750  0.0008669  0.0016329  0.0001612  0.0002951  0.0003485  0.0007739  0.0007960 -0.0007327 -0.0014798 -0.0027890 -0.0007320 -0.0011521  0.0000854 -0.0012983  0.0006643
C  0  7   2  0  1 10   0.0007825  0.0002592  0.0014247  0.0017153  0.0016174 -0.0003066  0.0005618 -0.0002737 -0.0019390 -0.0016997 -0.0002266 -0.0008649 -0.0012133 -0.0007811  0.0000173  0.0011398
C  0  7   2  0  1 11   0.0002285  0.0002992  0.0003251  0.0008641  0.0000902  0.0004090 -0.0022144 -0.0013771 -0.0026445  0.0000887 -0.0002003 -0.0013663  0.0007416 -0.0001578 -0.0003142 -0.0005989
C  0  7   2  0  1 12   0.0004290 -0.0001339  0.0002743 -0.0005478  0.0006929 -0.0005271  0.0011658 -0.0001953  0.0003897 -0.0000365 -0.0000739  0.0017762  0.0002016 -0.0001242  0.0002215  0.0012894
C  0  7   2  0  1 13   0.0026077 -0.0012488  0.0004865  0.0018059  0.0024204  0.0007250 -0.0007776  0.0006594 -0.0002973 -0.0013069 -0.0008951 -0.0018615 -0.0007797  0.0010247  0.0003044  0.0015166
C  0  7   2  0  1 14   0.0019371  0.0004666  0.0022632  0.0014295  0.0016760  0.0017045 -0.0005875  0.0012835  0.0000934  0.0005922  0.0002063  0.0003012  0.0005342  0.0004195 -0.0005490  0.0021563
C  0  7   2  0  1 15   0.0015826  0.0000645 -0.0002937  0.0005941  0.0007444  0.0018715  0.0008554 -0.0010163  0.0006841 -0.0008717 -0.0004613  0.0009975 -0.0000267  0.0007042  0.0005791  0.0004300
C  0  7   2  0  1 16   0.0021955  0.0025158  0.0012583  0.0013588 -0.0004869  0.0023106  0.0007546  0.0000349  0.0007466 -0.0008749  0.0007743  0.0002213 -0.0001751  0.0013100  0.0023587  0.0019069
C  0  7   2  0  1 17   0.0006474 -0.0013533  0.0000422  0.0032995  0.0014239  0.0031120  0.0022276  0.0020760 -0.0002023  0.0030940  0.0016558 -0.0003399  0.0012152 -0.0009448  0.0047686  0.0044546
C  0  7   2  0  1 18   0.0055098  0.0043779  0.0020836  0.0010853  0.0001078  0.0019736  0.0043734  0.0011473 -0.0007517  0.0015835  0.0037178  0.0018708 -0.0000147  0.0000442  0.0059748  0.0049857
C  0  7   2  0  1 19   0.0025634  0.0024627  0.0011626  0.0019355  0.0007346  0.0015354  0.0029858  0.0014518  0.0033045  0.0030664 -0.0003774  0.0004740  0.0017084  0.0020495  0.0035228  0.0045389
C  0  7   2  0  1 20   0.0054834  0.0055039  0.0046028  0.0037523  0.0015070  0.0040562  0.0028810  0.0040159  0.0032282  0.0036417  0.0000199 -0.0015722  0.0027938  0.0038812  0.0052759  0.0057441
C  0  7   2  0  1 21   0.0129857  0.0125575  0.0062714  0.0017796 -0.0030750 -0.0052321 -0.0083179 -0.0009940 -0.0022122 -0.0030067 -0.0002488  0.0051081  0.0017678  0.0055051  0.0097018  0.0042980
C  0  7   2  1  0  0  -0.4124266 -0.2954056 -0.2974729 -0.4478615 -0.2358252 -0.4386021 -0.4530252 -0.0765059 -0.2142837 -0.3009643 -0.5635505 -0.7032859 -0.3746075 -0.5196613 -0.4690918 -0.4263925
C  0  7   2  1  0  1  -0.2704382 -0.3737724 -0.3258959 -0.2510938 -0.1599012 -0.2884641 -0.2908510 -0.1009305 -0.3553969 -0.3175622 -0.2986020 -0.3296072 -0.3787161 -0.3800069 -0.2410155 -0.4036573
C  0  7   2  1  0  2  -0.3236651 -0.2998072 -0.2223083 -0.3460615 -0.3377100 -0.2051459 -0.2112097 -0.3982581 -0.2804472 -0.1734485 -0.2358271 -0.1855841 -0.2639588 -0.3284776 -0.2454012 -0.2797818
C  0  7   2  1  0  3  -0.2887582 -0.2158172 -0.3977736 -0.2623340 -0.3331882 -0.1576654 -0.1715618 -0.1341485 -0.1207278 -0.3103262 -0.2946523 -0.1825634 -0.2954431 -0.1824347 -0.3052685 -0.2251244
C  0  7   2  1  0  4  -0.2978790 -0.1657849 -0.3978832 -0.2232587 -0.2682820 -0.1156725 -0.1737220 -0.2555781 -0.2382651 -0.1856204 -0.1272101 -0.2668861 -0.3132698 -0.2253476 -0.3728740 -0.3399234
C  0  7   2  1  0  5  -0.2855557 -0.1384919 -0.0542726 -0.1726125 -0.1254489 -0.1731571 -0.1649464 -0.1533137 -0.1806430 -0.1915761 -0.2913619 -0.1728395 -0.1768671 -0.1886639 -0.1587418 -0.2279752
C  0  7   2  1  0  6  -0.0471036 -0.1641964 -0.1569107 -0.1552030 -0.0985374 -0.1315714 -0.2203248 -0.0604090 -0.1170093 -0.1795395 -0.0919161 -0.1211846 -0.1905490 -0.1624290 -0.1356682 -0.0921452
C  0  7   2  1  0  7  -0.1550347 -0.0856868 -0.1352750 -0.0747285 -0.1915636 -0.1422809 -0.1899800 -0.2292554 -0.2445415 -0.1468817 -0.1390142 -0.1870572 -0.1807743 -0.1552570 -0.1092832 -0.1678919
C  0  7   2  1  0  8  -0.0911733 -0.0763659 -0.1135779 -0.0522771 -0.1365094 -0.0758198 -0.1816446 -0.0638567 -0.0999619 -0.1522913 -0.0906779 -0.1813026 -0.1332742 -0.1415489 -0.1051862 -0.0660606
C  0  7   2  1  0  9  -0.1255510 -0.1665978 -0.1402101 -0.2327282 -0.0448281 -0.2096610 -0.1343548 -0.1764377 -0.1798919 -0.1734999 -0.1806668 -0.2297130 -0.1442719 -0.0808006 -0.1530160 -0.1028213
C  0  7   2  1  0 10  -0.1253261 -0.0895343 -0.1392872 -0.2178375 -0.1580769 -0.0567903 -0.2050878 -0.0661378 -0.1581676 -0.1746766 -0.1506968 -0.0659463 -0.1579669 -0.1214896 -0.1425448 -0.1619146
C  0  7   2  1  0 11  -0.1462157 -0.0748724 -0.0710673 -0.0966757 -0.0779725 -0.1689405 -0.1332642 -0.1310876 -0.2137620 -0.1081320 -0.0807754 -0.1770550 -0.1545409 -0.0945144 -0.1929240 -0.1609249
C  0  7   2  1  0 12  -0.0681988 -0.1516966 -0.1799266 -0.1156169 -0.1042926 -0.1520577 -0.0676284 -0.1278330 -0.1038497 -0.1456813 -0.1472332 -0.1488018 -0.1423167 -0.1331020 -0.1420221 -0.1213510
C  0  7   2  1  0 13  -0.1318314 -0.1501788 -0.1564360 -0.1134489 -0.1132962 -0.2189863 -0.2276102 -0.1960450 -0.1425597 -0.1680306 -0.1053868 -0.0729876 -0.2132440 -0.2532587 -0.0839076 -0.1921204
C  0  7   2  1  0 14  -0.0798688 -0.2419479 -0.1481457 -0.1459498 -0.2367359 -0.1101517 -0.0775626 -0.1863653 -0.1175860 -0.0872256 -0.1122183 -0.1169411 -0.1235623 -0.0630417 -0.0778120 -0.0618571
C  0  7   2  1  0 15  -0.1038034 -0.0822734 -0.0823312 -0.0895298 -0.2311051 -0.1706830 -0.0621416 -0.1563078 -0.1106908 -0.1325689 -0.1177025 -0.0849696 -0.1600447 -0.1320462 -0.1396504 -0.1877365
C  0  7   2  1  0 16  -0.1593159 -0.1101710 -0.0713216 -0.1531235 -0.1846367 -0.1470821 -0.2978104 -0.2147545 -0.2414697 -0.2404411 -0.1457872 -0.1194343 -0.2192417 -0.1658628 -0.1397854 -0.1171704
C  0  7   2  1  0 17  -0.1477611 -0.1982644 -0.2437642 -0.3798133 -0.2723340 -0.1718098 -0.2938096 -0.1682509 -0.2334345 -0.3203612 -0.2865185 -0.0769896 -0.2288620 -0.4093288 -0.2284034 -0.2848892
C  0  7   2  1  0 18  -0.2247497 -0.1407107 -0.2155756 -0.2335342 -0.3033187 -0.1645365 -0.3483098 -0.3483109 -0.2848861 -0.1874413 -0.3014905 -0.2675466 -0.2941093 -0.1162745 -0.2139314 -0.3201432
C  0  7   2  1  0 19  -0.1853411 -0.2573908 -0.3881195 -0.2827975 -0.2774036 -0.3286297 -0.3488183 -0.1353264 -0.3321904 -0.2976992 -0.1568058 -0.2776798 -0.1658798 -0.2645566 -0.2421335 -0.2563294
C  0  7   2  1  0 20  -0.1544499 -0.3208458 -0.3423138 -0.4080659 -0.2319964 -0.2913975 -0.2731619 -0.1807803 -0.4266114 -0.2749557 -0.3978444 -0.3456751 -0.4170502 -0.3469992 -0.1877895 -0.2785521
C  0  7   2  1  0 21  -0.4691833 -0.4862384 -0.3498113 -0.5771942 -0.1249894 -0.5695003 -0.4267296 -0.5280642 -0.2223086 -0.2958186 -0.4784109 -0.3924438 -0.1643057 -0.2826159 -0.2840293 -0.4031727
C  0  7   2  1  1  0   0.0459722  0.0558044  0.0455283  0.0272710 -0.0021694 -0.0192376 -0.0305130 -0.0409453 -0.0480029 -0.0402661 -0.0372099 -0.0192819  0.0077358  0.0103940  0.0308295  0.0427822
C  0  7   2  1  1  1   0.0266889  0.0230313  0.0232826  0.0081781  0.0076619 -0.0055169 -0.0118067 -0.0133028 -0.0189241 -0.0139925 -0.0193841 -0.0131228  0.0031790  0.0083659  0.0092098  0.0261423
C  0  7   2  1  1  2   0.0105106  0.0125883  0.0104927  0.0070902  0.0041442  0.0013365 -0.0100552 -0.0059149 -0.0097727 -0.0067778 -0.0087064 -0.0010298  0.0008927  0.0043786  0.0057021  0.0138196
C  0  7   2  1  1  3   0.0079400  0.0059924 -0.0000761  0.0087533  0.0033868  0.0009611 -0.0036029 -0.0014590 -0.0001019 -0.0001811 -0.0017774 -0.0018854  0.0023671  0.0044665  0.0035262  0.0100525
C  0  7   2  1  1  4   0.0045113  0.0065188  0.0023011  0.0028564  0.0030304  0.0059988  0.0032693  0.0074302  0.0046613  0.0044583 -0.0018004  0.0006402  0.0005056  0.0031971  0.0033379  0.0021567
C  0  7   2  1  1  5   0.0024358  0.0009794  0.0029008  0.0053688  0.0059664  0.0046444  0.0059386  0.0058369  0.0030177  0.0010830 -0.0005575 -0.0005196  0.0018981  0.0065346  0.0015882  0.0000823
C  0  7   2  1  1  6   0.0027819  0.0005491  0.0034451  0.0052744  0.0049954  0.0051212  0.0082532  0.0035974  0.0058599  0.0005621  0.0004698  0.0002365  0.0013704  0.0041194  0.0018355  0.0014488
C  0  7   2  1  1  7   0.0000269  0.0029753  0.0007759  0.0065085  0.0055335  0.0052137  0.0062999  0.0032882  0.0046575  0.0016214 -0.0003600 -0.0013028  0.0013187  0.0030596  0.0026408  0.0010774
C  0  7   2  1  1  8   0.0006598  0.0007439  0.0027923  0.0013906  0.0056079  0.0048661  0.0062034  0.0045927  0.0048515  0.0013196  0.0006345 -0.0003690  0.0030641  0.0026876  0.0030535 -0.0006463
C  0  7   2  1  1  9   0.0028759  0.0033239  0.0019991  0.0020892  0.0012796  0.0033105  0.0046256  0.0062617  0.0026457  0.0009975  0.0017680  0.0002153  0.0035350  0.0017914  0.0037893  0.0002990
C  0  7   2  1  1 10   0.0028322  0.0002463  0.0003761  0.0027013  0.0033388  0.0001780  0.0021910  0.0031215  0.0053688  0.0010231  0.0010423  0.0006313 -0.0006626  0.0044709  0.0023021 -0.0000492
C  0  7   2  1  1 11   0.0015386  0.0009967  0.0010941  0.0009516  0.0034359 -0.0005656  0.0014268  0.0006730  0.0012566  0.0024364 -0.0009637  0.0011585  0.0008004  0.0015027  0.0012525  0.0005719
C  0  7   2  1  1 12   0.0021292  0.0037694  0.0011400  0.0021970  0.0017640 -0.0017528 -0.0001902  0.0023328  0.0053524 -0.0009516  0.0005538 -0.0005576  0.0002266  0.0006896  0.0010314  0.0010986
C  0  7   2  1  1 13   0.0003772  0.0013707  0.0007408 -0.0011823  0.0004644  0.0007437  0.0050469  0.0039078  0.0053744  0.0019890  0.0021838 -0.0017731  0.0013078 -0.0015419  0.0020416  0.0010116
C  0  7   2  1  1 14  -0.0009029  0.0012974  0.0042385  0.0045668  0.0030295 -0.0001315  0.0018658  0.0070458  0.0058787  0.0011162  0.0020661 -0.0029458 -0.0013471 -0.0011115 -0.0003906 -0.0012014
C  0  7   2  1  1 15   0.0007229  0.0019318  0.0030688  0.0013522 -0.0000106  0.0004107  0.0035500  0.0051331  0.0033641  0.0031193 -0.0006106 -0.0014457 -0.0013316 -0.0014330 -0.0052263 -0.0044872
C  0  7   2  1  1 16  -0.0002107  0.0053820  0.0024925  0.0051342  0.0034102 -0.0019213 -0.0001225  0.0033565  0.0015014  0.0045168  0.0052953  0.0019626 -0.0003897  0.0006395 -0.0050831 -0.0043380
C  0  7   2  1  1 17  -0.0006806  0.0007165  0.0017185  0.0076660  0.0037457 -0.0044882 -0.0001170  0.0008168  0.0031175  0.0050638  0.0031996 -0.0007549 -0.0011992 -0.0000183 -0.0028838 -0.0036223
C  0  7   2  1  1 18   0.0012801  0.0098729  0.0036078  0.0041909  0.0039048 -0.0060529 -0.0008238 -0.0015277 -0.0009856  0.0050720  0.0020166  0.0009756  0.0006767  0.0002636 -0.0039531 -0.0016512
C  0  7   2  1  1 19   0.0002451  0.0115567  0.0127498  0.0104543  0.0072814  0.0009261 -0.0039991 -0.0008744  0.0038814  0.0025721  0.0003363 -0.0002969 -0.0035024 -0.0046723 -0.0047891 -0.0003928
C  0  7   2  1  1 20   0.0042249  0.0165395  0.0189860  0.0156232 -0.0006012  0.0050600 -0.0021785  0.0018763  0.0004826  0.0066723 -0.0036118 -0.0065397 -0.0066685 -0.0044574 -0.0051085 -0.0005661
C  0  7   2  1  1 21   0.0129770  0.0248018  0.0354163  0.0201525  0.0213647  0.0109387  0.0032884  0.0104548  0.0125475  0.0140028  0.0023158 -0.0073010 -0.0106213 -0.0071973 -0.0093609  0.0042455
