CPHI 16 
CETA 22 -2.40 -2.10 -1.85 -1.60 -1.40 -1.20 -1.00 -0.80 -0.60 -0.40 -0.20  0.00  0.20  0.40  0.60  0.80  1.00  1.20  1.40  1.60  1.85  2.10  2.40 
RMIN  6 
RTRK 12 
RETA 11  0.00  0.20  0.40  0.60  0.80  1.00  1.20  1.40  1.60  1.85  2.10  2.40 
T 0 7   3  0  0  0    0.0000000   0.0006174   0.0016774   0.0031880   0.0122719   0.0692370   0.2780276   0.6535433   1.0000000   1.0000000   1.0000000   1.0000000   1.0000000
T 0 7   3  0  0  1    0.0000000   0.0001354   0.0005459   0.0023920   0.0124343   0.0590489   0.2262877   0.5889114   1.0000000   1.0000000   1.0000000   1.0000000   1.0000000
T 0 7   3  0  0  2    0.0000000   0.0001294   0.0005243   0.0017488   0.0107047   0.0555296   0.2094740   0.5738720   1.0000000   1.0000000   1.0000000   1.0000000   1.0000000
T 0 7   3  0  0  3    0.0000000   0.0002015   0.0005867   0.0017170   0.0115356   0.0627351   0.2260086   0.5868161   1.0000000   1.0000000   1.0000000   1.0000000   1.0000000
T 0 7   3  0  0  4    0.0000000   0.0003907   0.0025396   0.0143279   0.0629528   0.2043776   0.4892906   0.8222971   1.0000000   1.0000000   1.0000000   1.0000000   1.0000000
T 0 7   3  0  0  5    0.0000000   0.0009833   0.0074319   0.0513680   0.2055027   0.5328830   0.8761381   0.9993922   1.0000000   1.0000000   1.0000000   1.0000000   1.0000000
T 0 7   3  0  0  6    0.0000000   0.0002959   0.0012101   0.0103076   0.0673314   0.2771700   0.6633683   0.9312166   0.9981963   0.9999994   1.0000000   1.0000000   1.0000000
T 0 7   3  0  0  7    0.0000000   0.0000583   0.0003953   0.0009066   0.0047834   0.0308238   0.1189337   0.2972425   0.5813239   0.8692031   0.9842107   0.9998683   1.0000000
T 0 7   3  0  0  8    0.0000000   0.0000019   0.0000351   0.0001224   0.0003944   0.0009957   0.0042109   0.0251107   0.1194546   0.3938732   0.7895316   0.9692909   1.0000000
T 0 7   3  0  0  9    0.0000000   0.0000072   0.0000100   0.0000333   0.0005408   0.0035534   0.0183417   0.0860144   0.3020499   0.6584964   0.9386042   0.9999342   1.0000000
T 0 7   3  0  0 10    0.0000000   0.0067141   0.0290557   0.0464353   0.0795622   0.1688626   0.3381590   0.6900122   0.9105257   0.9702516   0.9998314   1.0000000   1.0000000
T 0 7   3  1  0  0    0.0000000   0.0006697   0.0023621   0.0073779   0.0305205   0.1272915   0.3824940   0.7369481   1.0000000   1.0000000   1.0000000   1.0000000   1.0000000
T 0 7   3  1  0  1    0.0000000   0.0003661   0.0015237   0.0062682   0.0247807   0.0937353   0.2922185   0.6588236   1.0000000   1.0000000   1.0000000   1.0000000   1.0000000
T 0 7   3  1  0  2    0.0000000   0.0001791   0.0009538   0.0038503   0.0167109   0.0756981   0.2655925   0.6400792   1.0000000   1.0000000   1.0000000   1.0000000   1.0000000
T 0 7   3  1  0  3    0.0000000   0.0001218   0.0007039   0.0034440   0.0182963   0.0846741   0.2783469   0.6501556   1.0000000   1.0000000   1.0000000   1.0000000   1.0000000
T 0 7   3  1  0  4    0.0000000   0.0002643   0.0027654   0.0172704   0.0722315   0.2267870   0.5220552   0.8412403   1.0000000   1.0000000   1.0000000   1.0000000   1.0000000
T 0 7   3  1  0  5    0.0000000   0.0012538   0.0114140   0.0674896   0.2460033   0.5816761   0.8990601   0.9997323   1.0000000   1.0000000   1.0000000   1.0000000   1.0000000
T 0 7   3  1  0  6    0.0000000   0.0007105   0.0048376   0.0299579   0.1316975   0.3914570   0.7613286   0.9630759   0.9990822   1.0000000   1.0000000   1.0000000   1.0000000
T 0 7   3  1  0  7    0.0000000   0.0004898   0.0011782   0.0043668   0.0194299   0.0707210   0.1899479   0.3882614   0.6530187   0.8897757   0.9868931   0.9999040   1.0000000
T 0 7   3  1  0  8    0.0000000   0.0025173   0.0039196   0.0045547   0.0053909   0.0082904   0.0220609   0.0763497   0.2339457   0.5346891   0.8502490   0.9754304   1.0000000
T 0 7   3  1  0  9    0.0000000   0.0055322   0.0188739   0.0324250   0.0391674   0.0475155   0.0835378   0.2104353   0.4746531   0.7894816   0.9694500   0.9999900   1.0000000
T 0 7   3  1  0 10    0.0000000   0.0047344   0.0213690   0.0643306   0.1242533   0.2410144   0.4980802   0.8104039   0.9620808   0.9903552   1.0000000   1.0000000   1.0000000
R 0 7   3  0  0  0    0.0253576   0.0253576   0.0128287   0.0109595   0.0104595   0.0102026   0.0100150   0.0098581   0.0098581   0.0098581   0.0098581   0.0098581
R 0 7   3  0  0  1    0.0122798   0.0122798   0.0122798   0.0122798   0.0111934   0.0109503   0.0109754   0.0108621   0.0108621   0.0108621   0.0108621   0.0108621
R 0 7   3  0  0  2    0.0130097   0.0130097   0.0130097   0.0130097   0.0121884   0.0120291   0.0118600   0.0116981   0.0116981   0.0116981   0.0116981   0.0116981
R 0 7   3  0  0  3    0.0140471   0.0140471   0.0140471   0.0140471   0.0128436   0.0126149   0.0123856   0.0122570   0.0122570   0.0122570   0.0122570   0.0122570
R 0 7   3  0  0  4    0.0197239   0.0197239   0.0197239   0.0177018   0.0170027   0.0159123   0.0145108   0.0131235   0.0131235   0.0131235   0.0131235   0.0131235
R 0 7   3  0  0  5    0.0212935   0.0212935   0.0197325   0.0192336   0.0187752   0.0180916   0.0170218   0.0170218   0.0170218   0.0170218   0.0170218   0.0170218
R 0 7   3  0  0  6    0.0209098   0.0209098   0.0209098   0.0207367   0.0208473   0.0207490   0.0208824   0.0207785   0.0207785   0.0207785   0.0207785   0.0207785
R 0 7   3  0  0  7    0.0231029   0.0231029   0.0231029   0.0231029   0.0212789   0.0214481   0.0212900   0.0210390   0.0206293   0.0198029   0.0198029   0.0198029
R 0 7   3  0  0  8    0.0218674   0.0218674   0.0218674   0.0218674   0.0218674   0.0218674   0.0218674   0.0212585   0.0210625   0.0209894   0.0203586   0.0192185
R 0 7   3  0  0  9    0.0322194   0.0322194   0.0322194   0.0322194   0.0322194   0.0322194   0.0302407   0.0289090   0.0275300   0.0264879   0.0252806   0.0252806
R 0 7   3  0  0 10    0.0828094   0.0734940   0.0639626   0.0550960   0.0477775   0.0442456   0.0410102   0.0356627   0.0342561   0.0313162   0.0313162   0.0313162
R 0 7   3  0  1  0    0.0000000   0.0000000   0.0000000   0.0000837   0.0000868   0.0000820   0.0000736   0.0000663   0.0000663   0.0000663   0.0000663   0.0000663
R 0 7   3  0  1  1    0.0000874   0.0000874   0.0000874   0.0000874   0.0000711   0.0000724   0.0000636   0.0000574   0.0000574   0.0000574   0.0000574   0.0000574
R 0 7   3  0  1  2    0.0000752   0.0000752   0.0000752   0.0000752   0.0000719   0.0000660   0.0000612   0.0000537   0.0000537   0.0000537   0.0000537   0.0000537
R 0 7   3  0  1  3    0.0000851   0.0000851   0.0000851   0.0000851   0.0000713   0.0000603   0.0000560   0.0000501   0.0000501   0.0000501   0.0000501   0.0000501
R 0 7   3  0  1  4    0.0001461   0.0001461   0.0001461   0.0000977   0.0000948   0.0000759   0.0000557   0.0000462   0.0000462   0.0000462   0.0000462   0.0000462
R 0 7   3  0  1  5    0.0001217   0.0001217   0.0000859   0.0000774   0.0000698   0.0000620   0.0000474   0.0000474   0.0000474   0.0000474   0.0000474   0.0000474
R 0 7   3  0  1  6    0.0000762   0.0000762   0.0000762   0.0000570   0.0000623   0.0000598   0.0000569   0.0000346   0.0000346   0.0000346   0.0000346   0.0000346
R 0 7   3  0  1  7    0.0000925   0.0000925   0.0000925   0.0000925   0.0000873   0.0000769   0.0000748   0.0000768   0.0000760   0.0000592   0.0000592   0.0000592
R 0 7   3  0  1  8    0.0001249   0.0001249   0.0001249   0.0001249   0.0001249   0.0001249   0.0001249   0.0001174   0.0001061   0.0001022   0.0000919   0.0000743
R 0 7   3  0  1  9    0.0002936   0.0002936   0.0002936   0.0002936   0.0002936   0.0002936   0.0002312   0.0002043   0.0001854   0.0001543   0.0001428   0.0001428
R 0 7   3  0  1 10    0.0015181   0.0011873   0.0009508   0.0008022   0.0005915   0.0004904   0.0004008   0.0002669   0.0002108   0.0001759   0.0001759   0.0001759
R 0 7   3  0  2  0    0.0000000   0.0000000   0.0000000   0.0000000   0.0000152   0.0000186   0.0000200   0.0000113   0.0000113   0.0000113   0.0000113   0.0000113
R 0 7   3  0  2  1    0.0000000   0.0000000   0.0000000   0.0000000   0.0000000   0.0000228   0.0000152   0.0000206   0.0000206   0.0000206   0.0000206   0.0000206
R 0 7   3  0  2  2    0.0000495   0.0000495   0.0000495   0.0000495   0.0000661   0.0000216   0.0000169   0.0000194   0.0000194   0.0000194   0.0000194   0.0000194
R 0 7   3  0  2  3    0.0000562   0.0000562   0.0000562   0.0000562   0.0000308   0.0000152   0.0000207   0.0000129   0.0000129   0.0000129   0.0000129   0.0000129
R 0 7   3  0  2  4    0.0000000   0.0000000   0.0000000   0.0000000   0.0000147   0.0000196   0.0000163   0.0000199   0.0000199   0.0000199   0.0000199   0.0000199
R 0 7   3  0  2  5    0.0000000   0.0000000   0.0000000   0.0000117   0.0000281   0.0000232   0.0000142   0.0000142   0.0000142   0.0000142   0.0000142   0.0000142
R 0 7   3  0  2  6    0.0000000   0.0000000   0.0000000   0.0000000   0.0000120   0.0000106   0.0000000   0.0000205   0.0000205   0.0000205   0.0000205   0.0000205
R 0 7   3  0  2  7    0.0000000   0.0000000   0.0000000   0.0000000   0.0000493   0.0000000   0.0000000   0.0000090   0.0000080   0.0000216   0.0000216   0.0000216
R 0 7   3  0  2  8    0.0000000   0.0000000   0.0000000   0.0000000   0.0000000   0.0000000   0.0000000   0.0000000   0.0000071   0.0000151   0.0000000   0.0000000
R 0 7   3  0  2  9    0.0000000   0.0000000   0.0000000   0.0000000   0.0000000   0.0000000   0.0000490   0.0000558   0.0000189   0.0000409   0.0000273   0.0000273
R 0 7   3  0  2 10    0.0000000   0.0000000   0.0000000   0.0000000   0.0000000   0.0000347   0.0001158   0.0000659   0.0000000   0.0000000   0.0000000   0.0000000
R 0 7   3  0  3  0    1.0185752   1.0185752   0.9730174   0.9938465   0.9866111   0.9816501   0.9794860   0.9809680   0.9809680   0.9809680   0.9809680   0.9809680
R 0 7   3  0  3  1    0.9874918   0.9874918   0.9874918   0.9874918   0.9812849   0.9801172   0.9777362   0.9775172   0.9775172   0.9775172   0.9775172   0.9775172
R 0 7   3  0  3  2    0.9792031   0.9792031   0.9792031   0.9792031   0.9860243   0.9815029   0.9795184   0.9792736   0.9792736   0.9792736   0.9792736   0.9792736
R 0 7   3  0  3  3    0.9647168   0.9647168   0.9647168   0.9647168   0.9889196   0.9827124   0.9799382   0.9795942   0.9795942   0.9795942   0.9795942   0.9795942
R 0 7   3  0  3  4    0.9850899   0.9850899   0.9850899   0.9742220   0.9727058   0.9719693   0.9764460   0.9847584   0.9847584   0.9847584   0.9847584   0.9847584
R 0 7   3  0  3  5    0.9742167   0.9742167   0.9797687   0.9778423   0.9721759   0.9702757   0.9666938   0.9666938   0.9666938   0.9666938   0.9666938   0.9666938
R 0 7   3  0  3  6    0.9910704   0.9910704   0.9910704   0.9872980   0.9845700   0.9825550   0.9809284   0.9781278   0.9781278   0.9781278   0.9781278   0.9781278
R 0 7   3  0  3  7    0.9850652   0.9850652   0.9850652   0.9850652   1.0014833   0.9877099   0.9850462   0.9827328   0.9838966   0.9822704   0.9822704   0.9822704
R 0 7   3  0  3  8    0.9964525   0.9964525   0.9964525   0.9964525   0.9964525   0.9964525   0.9964525   0.9852100   0.9805731   0.9820512   0.9842054   0.9960336
R 0 7   3  0  3  9    0.9938683   0.9938683   0.9938683   0.9938683   0.9938683   0.9938683   0.9780573   0.9723155   0.9711929   0.9816809   0.9913241   0.9913241
R 0 7   3  0  3 10    1.0022430   1.0060789   0.9872552   0.9702340   0.9686171   0.9658809   0.9654667   0.9654785   0.9857022   0.9869029   0.9869029   0.9869029
R 0 7   3  0  4  0    1.4039125   1.4039125   1.3432729   2.1364098   2.2558784   2.2742600   2.2391155   2.2725239   2.2725239   2.2725239   2.2725239   2.2725239
R 0 7   3  0  4  1    1.9857343   1.9857343   1.9857343   1.9857343   2.1492003   2.2221295   2.2043136   2.2039982   2.2039982   2.2039982   2.2039982   2.2039982
R 0 7   3  0  4  2    1.9220204   1.9220204   1.9220204   1.9220204   2.1913168   2.2552653   2.2336295   2.2312460   2.2312460   2.2312460   2.2312460   2.2312460
R 0 7   3  0  4  3    1.7842984   1.7842984   1.7842984   1.7842984   2.2667117   2.2614437   2.2349628   2.2263351   2.2263351   2.2263351   2.2263351   2.2263351
R 0 7   3  0  4  4    1.8940085   1.8940085   1.8940085   2.0246645   2.0844427   2.0864670   2.2027658   2.3417947   2.3417947   2.3417947   2.3417947   2.3417947
R 0 7   3  0  4  5    1.7417255   1.7417255   2.0657532   2.1533597   2.0866076   2.0820313   2.0064541   2.0064541   2.0064541   2.0064541   2.0064541   2.0064541
R 0 7   3  0  4  6    1.9708768   1.9708768   1.9708768   2.2150665   2.3187158   2.3504693   2.3420744   2.2755350   2.2755350   2.2755350   2.2755350   2.2755350
R 0 7   3  0  4  7    1.7958309   1.7958309   1.7958309   1.7958309   2.2720912   2.3510397   2.3413014   2.3475745   2.3855099   2.3473753   2.3473753   2.3473753
R 0 7   3  0  4  8    2.2394800   2.2394800   2.2394800   2.2394800   2.2394800   2.2394800   2.2394800   2.2466550   2.2245393   2.2688638   2.3094296   2.2989811
R 0 7   3  0  4  9    2.0876519   2.0876519   2.0876519   2.0876519   2.0876519   2.0876519   2.0440754   2.0564320   2.0417237   2.1987774   2.1982815   2.1982815
R 0 7   3  0  4 10    2.0059617   2.2206959   1.9797509   1.9006288   1.9778816   1.9626679   1.9571380   1.9375972   2.0789878   2.0207044   2.0207044   2.0207044
R 0 7   3  0  5  0   11.8606316  11.8606316   7.7902920   3.4474174   3.6390051   3.8614134   4.2304826   3.9271455   3.9271455   3.9271455   3.9271455   3.9271455
R 0 7   3  0  5  1    3.8991733   3.8991733   3.8991733   3.8991733   4.1143745   4.0612789   4.3725416   4.3288681   4.3288681   4.3288681   4.3288681   4.3288681
R 0 7   3  0  5  2    3.9166930   3.9166930   3.9166930   3.9166930   4.2547596   4.0408249   4.1359733   4.3113247   4.3113247   4.3113247   4.3113247   4.3113247
R 0 7   3  0  5  3    5.0220684   5.0220684   5.0220684   5.0220684   3.8534532   4.0308341   4.2964192   4.3514493   4.3514493   4.3514493   4.3514493   4.3514493
R 0 7   3  0  5  4    5.0742067   5.0742067   5.0742067   4.9907009   5.1465742   5.0100413   3.9583540   3.2190971   3.2190971   3.2190971   3.2190971   3.2190971
R 0 7   3  0  5  5    4.6758176   4.6758176   4.9678795   4.6449118   5.3305322   4.7112631   4.1277099   4.1277099   4.1277099   4.1277099   4.1277099   4.1277099
R 0 7   3  0  5  6    3.1695596   3.1695596   3.1695596   4.0018526   3.4542524   2.9629401   2.3993695   2.0087529   2.0087529   2.0087529   2.0087529   2.0087529
R 0 7   3  0  5  7    4.1378695   4.1378695   4.1378695   4.1378695   3.7415249   3.1214540   2.9435719   2.8796419   2.5792144   2.0865178   2.0865178   2.0865178
R 0 7   3  0  5  8    3.8696863   3.8696863   3.8696863   3.8696863   3.8696863   3.8696863   3.8696863   4.4509807   4.6225551   4.2586199   3.5083817   3.9612584
R 0 7   3  0  5  9    4.7018172   4.7018172   4.7018172   4.7018172   4.7018172   4.7018172   6.7168083   6.0925944   6.6696568   5.4532708   5.7217762   5.7217762
R 0 7   3  0  5 10    5.7473704   4.1720920   4.3599276   5.5884076   5.3803109   6.6671214   8.0193894   8.7655481   6.4724929   6.8947851   6.8947851   6.8947851
F  0  7   3  0  0  0    1.0092477   1.0285163   0.9907377   1.0005626   0.9741179   0.9968334   0.9933462   0.9896354   0.9899494   0.9848999   0.9818794
F  0  7   3  1  0  0    1.0637928   1.1168991   1.0582711   1.0620175   1.0670924   1.0830709   1.0686721   1.0515583   1.0457552   1.0986781   1.1105829
C  0  7   3  0  0  0  -0.2580619 -0.1159264 -0.1802893 -0.3897480 -0.2657349 -0.1626579 -0.1576897 -0.1898265 -0.2578610 -0.1580843 -0.2448234 -0.1620234 -0.1947058 -0.3172645 -0.3347530 -0.0418791
C  0  7   3  0  0  1  -0.0626270 -0.1594234 -0.1366528 -0.1206488 -0.1396288 -0.0978938 -0.1524268 -0.1261711 -0.0441255 -0.1316245 -0.0218280 -0.1045877 -0.1583409 -0.1342719 -0.2003261 -0.0432013
C  0  7   3  0  0  2  -0.1137085 -0.1070804 -0.1139573 -0.1314270 -0.0156600 -0.0543956 -0.0836303 -0.0944273 -0.0193604 -0.0743565 -0.0466578 -0.0673608 -0.1253481 -0.0598745 -0.0351635 -0.1000566
C  0  7   3  0  0  3  -0.0588671 -0.0789500 -0.1294413 -0.0285180  0.0291301 -0.1345572 -0.0912742 -0.0256316 -0.0425434 -0.0213386 -0.1082004 -0.0596228 -0.1520554 -0.1084997 -0.1017448 -0.0114292
C  0  7   3  0  0  4  -0.0862888 -0.0875039 -0.0492958 -0.0895745 -0.1020298 -0.0866916 -0.0483318 -0.0439419 -0.0361948 -0.0303818 -0.0621637 -0.0377646 -0.1263976 -0.1157416 -0.0251157 -0.0685222
C  0  7   3  0  0  5  -0.0236741  0.0100821 -0.0722281  0.0540964 -0.0115162 -0.0276719 -0.0333929 -0.0171061  0.0402093 -0.0142017 -0.0043323 -0.0066880 -0.0376849  0.0246341  0.0752038 -0.0576990
C  0  7   3  0  0  6  -0.0107429  0.0784790  0.0322198 -0.0006084 -0.0062483  0.0232853 -0.0411607 -0.0742775 -0.0300739 -0.0422719  0.0047556  0.0199686 -0.0639573 -0.0027233 -0.0477919  0.0809835
C  0  7   3  0  0  7  -0.0453973  0.0104817  0.0115770 -0.0114197  0.0045247  0.0431302  0.0241038  0.0006809 -0.0278189 -0.0200532  0.0629427 -0.0385720  0.0053394 -0.0280804 -0.0306527  0.0186285
C  0  7   3  0  0  8  -0.0121228  0.0030421  0.0391734  0.0261135 -0.0128995  0.0347859  0.0026546 -0.0234812  0.0074003  0.0287673 -0.0167185  0.0050376 -0.0062650  0.0578054 -0.0590511 -0.0138742
C  0  7   3  0  0  9  -0.0439187  0.0259524 -0.0121985  0.0416517  0.0294337  0.0366664 -0.0046135  0.0320501 -0.0407906  0.0094250  0.0472640  0.0381300 -0.0116936  0.0517086 -0.0130700  0.0481420
C  0  7   3  0  0 10  -0.0231661  0.0100351  0.0418250  0.0600395  0.0031724  0.0036399 -0.0381827 -0.0268899  0.0130526 -0.0540311  0.0117164 -0.0014883 -0.0365395  0.0507956  0.0135574  0.0475873
C  0  7   3  0  0 11  -0.0492304  0.0308156 -0.0420797  0.0522972  0.0198362  0.0562645  0.0464156  0.0874616  0.0133535  0.0322505  0.0201983 -0.0206617 -0.0009763  0.0187009  0.0003332 -0.0028438
C  0  7   3  0  0 12   0.0565554 -0.0134928  0.0006800  0.0076862  0.0107732  0.0287446 -0.0232990 -0.0092039 -0.0049039  0.0630272  0.0139293 -0.0017832 -0.0570247 -0.0009493  0.0203436  0.0223949
C  0  7   3  0  0 13  -0.0330031 -0.0013600  0.0337553  0.0040794 -0.0009010 -0.0205811  0.0175919 -0.0044365  0.0312886  0.0364316 -0.0198017  0.0163078 -0.0096066  0.0153272 -0.0090052  0.0080160
C  0  7   3  0  0 14  -0.0322343 -0.0057041 -0.0240684 -0.0087730 -0.0102906 -0.0073531 -0.0037616  0.0104429 -0.0255103 -0.0202039  0.0711995 -0.0547623  0.0213341  0.0315764 -0.0078279 -0.0608323
C  0  7   3  0  0 15  -0.0720702 -0.0435125 -0.0130542  0.0250333  0.0286737 -0.0578521 -0.0053365  0.0198005  0.0043909 -0.0125378 -0.0200428 -0.1034623 -0.0088342  0.0085730 -0.0751255  0.0060386
C  0  7   3  0  0 16   0.0884838  0.0250569 -0.0130843  0.0116608 -0.0283966 -0.0891997 -0.0265362  0.0006374 -0.0700537  0.1133546  0.0122611 -0.0597934 -0.0703627 -0.0095019 -0.0845640 -0.0091309
C  0  7   3  0  0 17  -0.0880132 -0.0840881 -0.1221580 -0.1039953 -0.1254510 -0.0425005 -0.0535395 -0.0094704 -0.0245318 -0.0682381 -0.0027102 -0.0158058 -0.1003943 -0.1472371 -0.0513092 -0.0156557
C  0  7   3  0  0 18  -0.1428193 -0.0435857 -0.0159869 -0.0541692 -0.1490322 -0.0449667 -0.0568031 -0.0359923 -0.0522575 -0.0206323 -0.0300084 -0.0891818 -0.0407241 -0.0049801 -0.1555148 -0.0086687
C  0  7   3  0  0 19   0.0219149 -0.0895999 -0.2072201 -0.0211320 -0.1126918 -0.0670365 -0.1313433 -0.0397477 -0.1175718 -0.0609461 -0.0733363 -0.0863377 -0.0691467 -0.0608643 -0.0581127 -0.0971882
C  0  7   3  0  0 20  -0.1029308 -0.0706543 -0.0575382 -0.0594251 -0.1480869 -0.1450747 -0.1799356 -0.1395195 -0.1520775 -0.1967142 -0.1585362  0.0067187 -0.0293801 -0.1679702 -0.1548093 -0.1588208
C  0  7   3  0  0 21  -0.1977072 -0.1999121 -0.3250670 -0.1718789 -0.2005119 -0.1724356 -0.2528361 -0.0717960 -0.1848797 -0.1169229 -0.1970351 -0.2845276 -0.3461290 -0.3869285 -0.2489724 -0.2627449
C  0  7   3  0  1  0  -0.0018587 -0.0002222 -0.0004912 -0.0019056 -0.0029453  0.0025261  0.0006823  0.0006725  0.0019791 -0.0005977 -0.0033885  0.0032877  0.0057462  0.0046134  0.0054592  0.0063151
C  0  7   3  0  1  1   0.0011498  0.0009830 -0.0020957 -0.0027499 -0.0007840 -0.0019401  0.0043630  0.0008571  0.0022833 -0.0015110 -0.0016338 -0.0024354  0.0026916  0.0041237  0.0020477  0.0023706
C  0  7   3  0  1  2   0.0027930 -0.0009237 -0.0001162  0.0001267 -0.0018532  0.0009570  0.0001648  0.0006523 -0.0011612  0.0011048 -0.0016596 -0.0017318  0.0016859 -0.0007509  0.0002467 -0.0001884
C  0  7   3  0  1  3   0.0025406 -0.0001038  0.0004202 -0.0018833 -0.0009330  0.0016735  0.0020633 -0.0012715 -0.0024054 -0.0020918 -0.0010922 -0.0015012  0.0006603 -0.0010836  0.0002510  0.0023449
C  0  7   3  0  1  4   0.0025034 -0.0003953 -0.0008646  0.0023158  0.0010560 -0.0010185  0.0015877 -0.0001077  0.0009702  0.0007546 -0.0006322 -0.0016742  0.0017964 -0.0003863 -0.0000796 -0.0023857
C  0  7   3  0  1  5   0.0013616  0.0008812 -0.0018588  0.0016124  0.0002553 -0.0006346 -0.0005845  0.0005994 -0.0000362  0.0004210  0.0017332 -0.0013078  0.0002908  0.0000396  0.0003896 -0.0009008
C  0  7   3  0  1  6   0.0022075 -0.0002055 -0.0005857  0.0005068  0.0007988 -0.0002414 -0.0009729 -0.0004635  0.0005846 -0.0011405 -0.0003851 -0.0001210 -0.0009943 -0.0022541  0.0013865 -0.0007182
C  0  7   3  0  1  7   0.0019735 -0.0001264  0.0008221  0.0003893  0.0020252  0.0009199 -0.0013832  0.0001568  0.0009241 -0.0012227  0.0013310 -0.0015590 -0.0008904 -0.0001307  0.0000328  0.0001763
C  0  7   3  0  1  8   0.0015803  0.0010415  0.0002524 -0.0005587  0.0012457  0.0011074  0.0009940  0.0001748  0.0018450  0.0001319 -0.0000069 -0.0013040 -0.0004932  0.0006888  0.0001310  0.0008066
C  0  7   3  0  1  9  -0.0018750  0.0008669  0.0016329  0.0001612  0.0002951  0.0003485  0.0007739  0.0007960 -0.0007327 -0.0014798 -0.0027890 -0.0007320 -0.0011521  0.0000854 -0.0012983  0.0006643
C  0  7   3  0  1 10   0.0007825  0.0002592  0.0014247  0.0017153  0.0016174 -0.0003066  0.0005618 -0.0002737 -0.0019390 -0.0016997 -0.0002266 -0.0008649 -0.0012133 -0.0007811  0.0000173  0.0011398
C  0  7   3  0  1 11   0.0002285  0.0002992  0.0003251  0.0008641  0.0000902  0.0004090 -0.0022144 -0.0013771 -0.0026445  0.0000887 -0.0002003 -0.0013663  0.0007416 -0.0001578 -0.0003142 -0.0005989
C  0  7   3  0  1 12   0.0004290 -0.0001339  0.0002743 -0.0005478  0.0006929 -0.0005271  0.0011658 -0.0001953  0.0003897 -0.0000365 -0.0000739  0.0017762  0.0002016 -0.0001242  0.0002215  0.0012894
C  0  7   3  0  1 13   0.0026077 -0.0012488  0.0004865  0.0018059  0.0024204  0.0007250 -0.0007776  0.0006594 -0.0002973 -0.0013069 -0.0008951 -0.0018615 -0.0007797  0.0010247  0.0003044  0.0015166
C  0  7   3  0  1 14   0.0019371  0.0004666  0.0022632  0.0014295  0.0016760  0.0017045 -0.0005875  0.0012835  0.0000934  0.0005922  0.0002063  0.0003012  0.0005342  0.0004195 -0.0005490  0.0021563
C  0  7   3  0  1 15   0.0015826  0.0000645 -0.0002937  0.0005941  0.0007444  0.0018715  0.0008554 -0.0010163  0.0006841 -0.0008717 -0.0004613  0.0009975 -0.0000267  0.0007042  0.0005791  0.0004300
C  0  7   3  0  1 16   0.0021955  0.0025158  0.0012583  0.0013588 -0.0004869  0.0023106  0.0007546  0.0000349  0.0007466 -0.0008749  0.0007743  0.0002213 -0.0001751  0.0013100  0.0023587  0.0019069
C  0  7   3  0  1 17   0.0006474 -0.0013533  0.0000422  0.0032995  0.0014239  0.0031120  0.0022276  0.0020760 -0.0002023  0.0030940  0.0016558 -0.0003399  0.0012152 -0.0009448  0.0047686  0.0044546
C  0  7   3  0  1 18   0.0055098  0.0043779  0.0020836  0.0010853  0.0001078  0.0019736  0.0043734  0.0011473 -0.0007517  0.0015835  0.0037178  0.0018708 -0.0000147  0.0000442  0.0059748  0.0049857
C  0  7   3  0  1 19   0.0025634  0.0024627  0.0011626  0.0019355  0.0007346  0.0015354  0.0029858  0.0014518  0.0033045  0.0030664 -0.0003774  0.0004740  0.0017084  0.0020495  0.0035228  0.0045389
C  0  7   3  0  1 20   0.0054834  0.0055039  0.0046028  0.0037523  0.0015070  0.0040562  0.0028810  0.0040159  0.0032282  0.0036417  0.0000199 -0.0015722  0.0027938  0.0038812  0.0052759  0.0057441
C  0  7   3  0  1 21   0.0129857  0.0125575  0.0062714  0.0017796 -0.0030750 -0.0052321 -0.0083179 -0.0009940 -0.0022122 -0.0030067 -0.0002488  0.0051081  0.0017678  0.0055051  0.0097018  0.0042980
C  0  7   3  1  0  0  -0.5324157 -0.5235850 -0.4475979 -0.4477604 -0.2969160 -0.3417918 -0.4301372 -0.5756677 -0.3566370 -0.2385222 -0.4182992 -0.2868849 -0.5201459 -0.5880790 -0.3942908 -0.4456359
C  0  7   3  1  0  1  -0.1917938 -0.2119427 -0.2550371 -0.3504314 -0.1874280 -0.3088123 -0.3378790 -0.1830131 -0.2541513 -0.3084902 -0.3830280 -0.3052644 -0.3478518 -0.3024455 -0.5570103 -0.3615856
C  0  7   3  1  0  2  -0.3255944 -0.3788345 -0.2718535 -0.2962297 -0.2874367 -0.2969225 -0.3538868 -0.1256362 -0.2538591 -0.3279698 -0.2734180 -0.2628281 -0.2811509 -0.2876668 -0.2222036 -0.5283179
C  0  7   3  1  0  3  -0.2832471 -0.3798278 -0.3005523 -0.3554046 -0.2711794 -0.2845158 -0.2500875 -0.2138160 -0.1973501 -0.2554306 -0.2407389 -0.2575122 -0.1987296 -0.3203681 -0.3624423 -0.2885936
C  0  7   3  1  0  4  -0.2979770 -0.2874617 -0.1925099 -0.2635446 -0.2882523 -0.2290989 -0.2923729 -0.2328912 -0.0942975 -0.0752975 -0.1344377 -0.2683714 -0.3529212 -0.3630664 -0.3441069 -0.2712558
C  0  7   3  1  0  5  -0.2824704 -0.1517939 -0.1757412 -0.2508023 -0.1689060 -0.1148409 -0.1870610 -0.1544849 -0.0499736 -0.2998219 -0.0802527 -0.2501407 -0.2148046 -0.1193390 -0.2811621 -0.1912545
C  0  7   3  1  0  6  -0.1859351 -0.1534437 -0.2103007 -0.1278338 -0.0612374 -0.2042498 -0.2328617 -0.1919208 -0.1253251 -0.0855248 -0.0186414 -0.1644048 -0.0427596 -0.1641614 -0.1527460 -0.1723016
C  0  7   3  1  0  7  -0.1391230 -0.1826051 -0.0537420 -0.1380211 -0.1249954 -0.1561095 -0.2531523 -0.1522962 -0.1111490 -0.0243134 -0.0322240 -0.0825971 -0.1100063 -0.1607439 -0.1276444 -0.1960409
C  0  7   3  1  0  8  -0.1415519 -0.0763883 -0.1591889 -0.0945159 -0.1733678 -0.0633761 -0.2073107 -0.1471517 -0.0995548 -0.1087881 -0.1880985 -0.2187964 -0.0923326 -0.0743294 -0.2333515 -0.1969007
C  0  7   3  1  0  9  -0.1304653 -0.1761962 -0.0831286 -0.0985427 -0.0858412 -0.1394773 -0.0573582 -0.1807433 -0.0172621 -0.1713656 -0.0735800 -0.1010501 -0.1127804 -0.1202898 -0.1835177 -0.1238837
C  0  7   3  1  0 10  -0.0904882 -0.1535574 -0.2720199 -0.1707287 -0.1637137 -0.0925710 -0.0714180 -0.0612771 -0.0788394 -0.0603975 -0.0533520 -0.0600015 -0.1822462 -0.1809179 -0.2015211 -0.1262222
C  0  7   3  1  0 11  -0.1858403 -0.1571775 -0.1340693 -0.1467165 -0.1103258 -0.1658073 -0.1567698 -0.1147815 -0.1362823 -0.0701513 -0.0986152 -0.1767757 -0.1291068 -0.1153388 -0.0545067 -0.1828493
C  0  7   3  1  0 12  -0.0859799 -0.0656595 -0.1089466 -0.1351221 -0.0817019 -0.1474905 -0.0651599 -0.1518785 -0.1772402 -0.1863864 -0.1357611 -0.1062841 -0.0863592 -0.1444422 -0.1073733 -0.1453069
C  0  7   3  1  0 13  -0.2085613 -0.1039973 -0.2483721 -0.0317667 -0.1557812 -0.1896807 -0.0969656 -0.1207621 -0.0823772 -0.1416928 -0.1874511 -0.1280072 -0.1766027 -0.0080989 -0.1904714 -0.2273987
C  0  7   3  1  0 14  -0.1447635 -0.2641796 -0.2178304 -0.1499751 -0.1424225 -0.1902461 -0.1882224 -0.1981157 -0.1726177 -0.0662777 -0.0573730 -0.0896656 -0.1254362 -0.1200479 -0.1430585 -0.2781051
C  0  7   3  1  0 15  -0.1498888 -0.2377240 -0.1677545 -0.2723594 -0.0820665 -0.2187494 -0.1372209 -0.1796545 -0.1830396 -0.0958922 -0.0005720 -0.1050315 -0.1676167 -0.0296768 -0.1236302 -0.1340679
C  0  7   3  1  0 16  -0.2592658 -0.2101925 -0.1288344 -0.1222291 -0.1059228 -0.3258954 -0.2447385 -0.2201424 -0.1397066 -0.3565374 -0.0898947 -0.1012414 -0.0346646 -0.1079054 -0.0471250 -0.1783813
C  0  7   3  1  0 17  -0.3211704 -0.2820588 -0.1681750 -0.1931578 -0.1620931 -0.3886562 -0.3216892 -0.1937012 -0.2485097 -0.1327701 -0.2542441 -0.2237803 -0.1917882 -0.1743935 -0.1971274 -0.3388665
C  0  7   3  1  0 18  -0.2341082 -0.3124223 -0.1963719 -0.3000983 -0.3203194 -0.2205476 -0.3657195 -0.2737893 -0.1534197 -0.2044550 -0.3488262 -0.2212389 -0.2645991 -0.1298504 -0.1585896 -0.0892271
C  0  7   3  1  0 19  -0.4164486 -0.3185413 -0.3605854 -0.2879707 -0.3126610 -0.2943198 -0.1823785 -0.1043119 -0.2916006 -0.2885337 -0.2278315 -0.3564438 -0.2054929 -0.2424456 -0.2683115 -0.2457726
C  0  7   3  1  0 20  -0.2722174 -0.3345628 -0.3879939 -0.3520219 -0.3160892 -0.0360841 -0.3592896 -0.4829153 -0.2523538 -0.3656197 -0.3011966 -0.3176948 -0.4404399 -0.2661586 -0.3917563 -0.3011565
C  0  7   3  1  0 21  -0.5954415 -0.4158257 -0.4374329 -0.3063314 -0.4038718 -0.0936711 -0.2665781 -0.4281646 -0.6562517 -0.3644062 -0.3670456 -0.2462192 -0.2893932 -0.5401606 -0.1754006 -0.3602689
C  0  7   3  1  1  0   0.0439664  0.0498867  0.0407112  0.0205884 -0.0019023 -0.0216547 -0.0335691 -0.0510317 -0.0504807 -0.0366057 -0.0418231 -0.0207330 -0.0013980  0.0019500  0.0228166  0.0430212
C  0  7   3  1  1  1   0.0248092  0.0258867  0.0215724  0.0109299  0.0039554 -0.0047400 -0.0131251 -0.0178014 -0.0174111 -0.0169569 -0.0154266 -0.0073811 -0.0000362  0.0065539  0.0084126  0.0257099
C  0  7   3  1  1  2   0.0118289  0.0124441  0.0084293  0.0066366  0.0033639 -0.0036051 -0.0086094 -0.0114392 -0.0121959 -0.0075622 -0.0045868 -0.0000600 -0.0029116  0.0007485  0.0000203  0.0077440
C  0  7   3  1  1  3   0.0076818  0.0059349  0.0041251  0.0051836  0.0033027  0.0013554 -0.0069067 -0.0034361  0.0004172 -0.0005269 -0.0033206 -0.0035786  0.0003797  0.0025933 -0.0038295  0.0038687
C  0  7   3  1  1  4   0.0012594 -0.0003290  0.0028784 -0.0009849  0.0043781  0.0022564 -0.0046006  0.0011957  0.0056683  0.0030375 -0.0040268 -0.0032614  0.0002422 -0.0009854  0.0009141 -0.0010207
C  0  7   3  1  1  5  -0.0005064  0.0011105  0.0001583  0.0048936  0.0015151  0.0038993  0.0038337  0.0026386  0.0051786 -0.0012241 -0.0013626 -0.0041316  0.0002019  0.0013926  0.0022383 -0.0004109
C  0  7   3  1  1  6   0.0015897  0.0016990  0.0024645  0.0039713  0.0025492  0.0052166  0.0041911  0.0029939  0.0072950 -0.0006700  0.0019274  0.0006981 -0.0002171 -0.0005644 -0.0012927 -0.0046903
C  0  7   3  1  1  7  -0.0024765  0.0028211  0.0013348  0.0037927  0.0035200  0.0030587  0.0043394  0.0036126  0.0027350  0.0011217 -0.0026475 -0.0002058 -0.0005877 -0.0001402 -0.0016996 -0.0019106
C  0  7   3  1  1  8  -0.0015834  0.0003996  0.0048938  0.0024761  0.0022988  0.0012206  0.0045023  0.0052452  0.0060292  0.0019297  0.0004657 -0.0005387  0.0003680 -0.0001274  0.0004251 -0.0020567
C  0  7   3  1  1  9   0.0027439  0.0021895  0.0005950  0.0019136  0.0037382  0.0012671  0.0013141  0.0028173  0.0013810 -0.0003330  0.0013588  0.0012809 -0.0002458  0.0005367 -0.0015229 -0.0013493
C  0  7   3  1  1 10  -0.0015815  0.0011446  0.0024996  0.0030829  0.0006540  0.0017215 -0.0011594 -0.0019140  0.0000866  0.0014658 -0.0006781 -0.0002317 -0.0016428  0.0012977  0.0006159 -0.0014717
C  0  7   3  1  1 11  -0.0017332  0.0013428 -0.0014385  0.0016274  0.0011131 -0.0030971 -0.0001313 -0.0002944 -0.0007899 -0.0025805 -0.0032388 -0.0005683  0.0015990 -0.0005169 -0.0031987 -0.0022318
C  0  7   3  1  1 12  -0.0002028  0.0006712  0.0022071  0.0017917  0.0010344  0.0005080 -0.0001808  0.0014418  0.0017431  0.0002146 -0.0002300  0.0008696  0.0003431 -0.0003124  0.0008130 -0.0014458
C  0  7   3  1  1 13  -0.0003239  0.0029954  0.0018957  0.0021779  0.0026813  0.0014220  0.0025468  0.0041438  0.0022633 -0.0006168  0.0009909 -0.0009106 -0.0017868 -0.0026756  0.0007956 -0.0029155
C  0  7   3  1  1 14  -0.0013976  0.0011762  0.0022157  0.0007709  0.0029882  0.0019773  0.0017971  0.0032847  0.0030608  0.0005646 -0.0016997  0.0000626 -0.0007351 -0.0009877 -0.0036085 -0.0014281
C  0  7   3  1  1 15  -0.0019329 -0.0019794  0.0014845  0.0027093  0.0012379 -0.0027549  0.0007796  0.0005429  0.0033023  0.0025783  0.0027708 -0.0004087 -0.0042058 -0.0057506 -0.0064410 -0.0050857
C  0  7   3  1  1 16  -0.0020186  0.0015608  0.0040034  0.0047080  0.0033411  0.0002841  0.0007855  0.0011500  0.0028361  0.0060948  0.0020493  0.0016566 -0.0002717 -0.0032587 -0.0009839 -0.0043776
C  0  7   3  1  1 17  -0.0043615 -0.0005444  0.0018208  0.0045799  0.0003770 -0.0037742 -0.0017279  0.0019657  0.0027922  0.0043637  0.0045781  0.0053036 -0.0020280 -0.0021194  0.0000545 -0.0042615
C  0  7   3  1  1 18   0.0022205  0.0065426  0.0061551  0.0044745  0.0026353 -0.0016660 -0.0025111 -0.0070170  0.0011689  0.0049132  0.0017474  0.0004535 -0.0020656 -0.0017863 -0.0047063 -0.0038496
C  0  7   3  1  1 19   0.0025966  0.0051695  0.0111706  0.0121574  0.0061573 -0.0001735 -0.0047295 -0.0028668  0.0005600  0.0068873  0.0041619 -0.0007330 -0.0052848 -0.0002388 -0.0032220 -0.0016456
C  0  7   3  1  1 20   0.0002336  0.0158521  0.0178523  0.0122126  0.0053791 -0.0007621 -0.0017867 -0.0060604 -0.0008631  0.0055194 -0.0010998 -0.0002714 -0.0089542 -0.0088940 -0.0007740 -0.0064592
C  0  7   3  1  1 21   0.0068215  0.0225240  0.0285900  0.0209079  0.0173660  0.0144324  0.0118896  0.0098320  0.0070643  0.0040954 -0.0034064 -0.0071946 -0.0081722 -0.0176339 -0.0041653  0.0032232
