CPHI 16 
CETA 22 -2.40 -2.10 -1.85 -1.60 -1.40 -1.20 -1.00 -0.80 -0.60 -0.40 -0.20  0.00  0.20  0.40  0.60  0.80  1.00  1.20  1.40  1.60  1.85  2.10  2.40 
RMIN  6 
RTRK 12 
RETA 11  0.00  0.20  0.40  0.60  0.80  1.00  1.20  1.40  1.60  1.85  2.10  2.40 
T 0 7   4  0  0  0    0.0000000   0.0006174   0.0016774   0.0031880   0.0122719   0.0692370   0.2780276   0.6535433   1.0000000   1.0000000   1.0000000   1.0000000   1.0000000
T 0 7   4  0  0  1    0.0000000   0.0001354   0.0005459   0.0023920   0.0124343   0.0590489   0.2262877   0.5889114   1.0000000   1.0000000   1.0000000   1.0000000   1.0000000
T 0 7   4  0  0  2    0.0000000   0.0001294   0.0005243   0.0017488   0.0107047   0.0555296   0.2094740   0.5738720   1.0000000   1.0000000   1.0000000   1.0000000   1.0000000
T 0 7   4  0  0  3    0.0000000   0.0002015   0.0005867   0.0017170   0.0115356   0.0627351   0.2260086   0.5868161   1.0000000   1.0000000   1.0000000   1.0000000   1.0000000
T 0 7   4  0  0  4    0.0000000   0.0003907   0.0025396   0.0143279   0.0629528   0.2043776   0.4892906   0.8222971   1.0000000   1.0000000   1.0000000   1.0000000   1.0000000
T 0 7   4  0  0  5    0.0000000   0.0009833   0.0074319   0.0513680   0.2055027   0.5328830   0.8761381   0.9993922   1.0000000   1.0000000   1.0000000   1.0000000   1.0000000
T 0 7   4  0  0  6    0.0000000   0.0002959   0.0012101   0.0103076   0.0673314   0.2771700   0.6633683   0.9312166   0.9981963   0.9999994   1.0000000   1.0000000   1.0000000
T 0 7   4  0  0  7    0.0000000   0.0000583   0.0003953   0.0009066   0.0047834   0.0308238   0.1189337   0.2972425   0.5813239   0.8692031   0.9842107   0.9998683   1.0000000
T 0 7   4  0  0  8    0.0000000   0.0000019   0.0000351   0.0001224   0.0003944   0.0009957   0.0042109   0.0251107   0.1194546   0.3938732   0.7895316   0.9692909   1.0000000
T 0 7   4  0  0  9    0.0000000   0.0000072   0.0000100   0.0000333   0.0005408   0.0035534   0.0183417   0.0860144   0.3020499   0.6584964   0.9386042   0.9999342   1.0000000
T 0 7   4  0  0 10    0.0000000   0.0067141   0.0290557   0.0464353   0.0795622   0.1688626   0.3381590   0.6900122   0.9105257   0.9702516   0.9998314   1.0000000   1.0000000
T 0 7   4  1  0  0    0.0000000   0.0006265   0.0022647   0.0071057   0.0283318   0.1204475   0.3693512   0.7285321   1.0000000   1.0000000   1.0000000   1.0000000   1.0000000
T 0 7   4  1  0  1    0.0000000   0.0003231   0.0013692   0.0057711   0.0231004   0.0908980   0.2853240   0.6508804   1.0000000   1.0000000   1.0000000   1.0000000   1.0000000
T 0 7   4  1  0  2    0.0000000   0.0002308   0.0009502   0.0036959   0.0159917   0.0740593   0.2614392   0.6347872   1.0000000   1.0000000   1.0000000   1.0000000   1.0000000
T 0 7   4  1  0  3    0.0000000   0.0001825   0.0007898   0.0033040   0.0170518   0.0801552   0.2696856   0.6399640   1.0000000   1.0000000   1.0000000   1.0000000   1.0000000
T 0 7   4  1  0  4    0.0000000   0.0003945   0.0025522   0.0164725   0.0707405   0.2252432   0.5186233   0.8400637   1.0000000   1.0000000   1.0000000   1.0000000   1.0000000
T 0 7   4  1  0  5    0.0000000   0.0011484   0.0107681   0.0634129   0.2363382   0.5734741   0.8979231   0.9996984   1.0000000   1.0000000   1.0000000   1.0000000   1.0000000
T 0 7   4  1  0  6    0.0000000   0.0006981   0.0047717   0.0288107   0.1266887   0.3840745   0.7572477   0.9616650   0.9989873   1.0000000   1.0000000   1.0000000   1.0000000
T 0 7   4  1  0  7    0.0000000   0.0006410   0.0015121   0.0052060   0.0209348   0.0711454   0.1881828   0.3846533   0.6460935   0.8879055   0.9864735   0.9999343   1.0000000
T 0 7   4  1  0  8    0.0000000   0.0026322   0.0041380   0.0047774   0.0055098   0.0085362   0.0223666   0.0740223   0.2256546   0.5201786   0.8448394   0.9739565   1.0000000
T 0 7   4  1  0  9    0.0000000   0.0051164   0.0181912   0.0319711   0.0387772   0.0465249   0.0787583   0.1958768   0.4508588   0.7689146   0.9659307   0.9999957   1.0000000
T 0 7   4  1  0 10    0.0000000   0.0042096   0.0206242   0.0608037   0.1183725   0.2293523   0.4730803   0.7904667   0.9594626   0.9892688   1.0000000   1.0000000   1.0000000
R 0 7   4  0  0  0    0.0253576   0.0253576   0.0128287   0.0109595   0.0104595   0.0102026   0.0100150   0.0098581   0.0098581   0.0098581   0.0098581   0.0098581
R 0 7   4  0  0  1    0.0122798   0.0122798   0.0122798   0.0122798   0.0111934   0.0109503   0.0109754   0.0108621   0.0108621   0.0108621   0.0108621   0.0108621
R 0 7   4  0  0  2    0.0130097   0.0130097   0.0130097   0.0130097   0.0121884   0.0120291   0.0118600   0.0116981   0.0116981   0.0116981   0.0116981   0.0116981
R 0 7   4  0  0  3    0.0140471   0.0140471   0.0140471   0.0140471   0.0128436   0.0126149   0.0123856   0.0122570   0.0122570   0.0122570   0.0122570   0.0122570
R 0 7   4  0  0  4    0.0197239   0.0197239   0.0197239   0.0177018   0.0170027   0.0159123   0.0145108   0.0131235   0.0131235   0.0131235   0.0131235   0.0131235
R 0 7   4  0  0  5    0.0212935   0.0212935   0.0197325   0.0192336   0.0187752   0.0180916   0.0170218   0.0170218   0.0170218   0.0170218   0.0170218   0.0170218
R 0 7   4  0  0  6    0.0209098   0.0209098   0.0209098   0.0207367   0.0208473   0.0207490   0.0208824   0.0207785   0.0207785   0.0207785   0.0207785   0.0207785
R 0 7   4  0  0  7    0.0231029   0.0231029   0.0231029   0.0231029   0.0212789   0.0214481   0.0212900   0.0210390   0.0206293   0.0198029   0.0198029   0.0198029
R 0 7   4  0  0  8    0.0218674   0.0218674   0.0218674   0.0218674   0.0218674   0.0218674   0.0218674   0.0212585   0.0210625   0.0209894   0.0203586   0.0192185
R 0 7   4  0  0  9    0.0322194   0.0322194   0.0322194   0.0322194   0.0322194   0.0322194   0.0302407   0.0289090   0.0275300   0.0264879   0.0252806   0.0252806
R 0 7   4  0  0 10    0.0828094   0.0734940   0.0639626   0.0550960   0.0477775   0.0442456   0.0410102   0.0356627   0.0342561   0.0313162   0.0313162   0.0313162
R 0 7   4  0  1  0    0.0000000   0.0000000   0.0000000   0.0000837   0.0000868   0.0000820   0.0000736   0.0000663   0.0000663   0.0000663   0.0000663   0.0000663
R 0 7   4  0  1  1    0.0000874   0.0000874   0.0000874   0.0000874   0.0000711   0.0000724   0.0000636   0.0000574   0.0000574   0.0000574   0.0000574   0.0000574
R 0 7   4  0  1  2    0.0000752   0.0000752   0.0000752   0.0000752   0.0000719   0.0000660   0.0000612   0.0000537   0.0000537   0.0000537   0.0000537   0.0000537
R 0 7   4  0  1  3    0.0000851   0.0000851   0.0000851   0.0000851   0.0000713   0.0000603   0.0000560   0.0000501   0.0000501   0.0000501   0.0000501   0.0000501
R 0 7   4  0  1  4    0.0001461   0.0001461   0.0001461   0.0000977   0.0000948   0.0000759   0.0000557   0.0000462   0.0000462   0.0000462   0.0000462   0.0000462
R 0 7   4  0  1  5    0.0001217   0.0001217   0.0000859   0.0000774   0.0000698   0.0000620   0.0000474   0.0000474   0.0000474   0.0000474   0.0000474   0.0000474
R 0 7   4  0  1  6    0.0000762   0.0000762   0.0000762   0.0000570   0.0000623   0.0000598   0.0000569   0.0000346   0.0000346   0.0000346   0.0000346   0.0000346
R 0 7   4  0  1  7    0.0000925   0.0000925   0.0000925   0.0000925   0.0000873   0.0000769   0.0000748   0.0000768   0.0000760   0.0000592   0.0000592   0.0000592
R 0 7   4  0  1  8    0.0001249   0.0001249   0.0001249   0.0001249   0.0001249   0.0001249   0.0001249   0.0001174   0.0001061   0.0001022   0.0000919   0.0000743
R 0 7   4  0  1  9    0.0002936   0.0002936   0.0002936   0.0002936   0.0002936   0.0002936   0.0002312   0.0002043   0.0001854   0.0001543   0.0001428   0.0001428
R 0 7   4  0  1 10    0.0015181   0.0011873   0.0009508   0.0008022   0.0005915   0.0004904   0.0004008   0.0002669   0.0002108   0.0001759   0.0001759   0.0001759
R 0 7   4  0  2  0    0.0000000   0.0000000   0.0000000   0.0000000   0.0000152   0.0000186   0.0000200   0.0000113   0.0000113   0.0000113   0.0000113   0.0000113
R 0 7   4  0  2  1    0.0000000   0.0000000   0.0000000   0.0000000   0.0000000   0.0000228   0.0000152   0.0000206   0.0000206   0.0000206   0.0000206   0.0000206
R 0 7   4  0  2  2    0.0000495   0.0000495   0.0000495   0.0000495   0.0000661   0.0000216   0.0000169   0.0000194   0.0000194   0.0000194   0.0000194   0.0000194
R 0 7   4  0  2  3    0.0000562   0.0000562   0.0000562   0.0000562   0.0000308   0.0000152   0.0000207   0.0000129   0.0000129   0.0000129   0.0000129   0.0000129
R 0 7   4  0  2  4    0.0000000   0.0000000   0.0000000   0.0000000   0.0000147   0.0000196   0.0000163   0.0000199   0.0000199   0.0000199   0.0000199   0.0000199
R 0 7   4  0  2  5    0.0000000   0.0000000   0.0000000   0.0000117   0.0000281   0.0000232   0.0000142   0.0000142   0.0000142   0.0000142   0.0000142   0.0000142
R 0 7   4  0  2  6    0.0000000   0.0000000   0.0000000   0.0000000   0.0000120   0.0000106   0.0000000   0.0000205   0.0000205   0.0000205   0.0000205   0.0000205
R 0 7   4  0  2  7    0.0000000   0.0000000   0.0000000   0.0000000   0.0000493   0.0000000   0.0000000   0.0000090   0.0000080   0.0000216   0.0000216   0.0000216
R 0 7   4  0  2  8    0.0000000   0.0000000   0.0000000   0.0000000   0.0000000   0.0000000   0.0000000   0.0000000   0.0000071   0.0000151   0.0000000   0.0000000
R 0 7   4  0  2  9    0.0000000   0.0000000   0.0000000   0.0000000   0.0000000   0.0000000   0.0000490   0.0000558   0.0000189   0.0000409   0.0000273   0.0000273
R 0 7   4  0  2 10    0.0000000   0.0000000   0.0000000   0.0000000   0.0000000   0.0000347   0.0001158   0.0000659   0.0000000   0.0000000   0.0000000   0.0000000
R 0 7   4  0  3  0    1.0185752   1.0185752   0.9730174   0.9938465   0.9866111   0.9816501   0.9794860   0.9809680   0.9809680   0.9809680   0.9809680   0.9809680
R 0 7   4  0  3  1    0.9874918   0.9874918   0.9874918   0.9874918   0.9812849   0.9801172   0.9777362   0.9775172   0.9775172   0.9775172   0.9775172   0.9775172
R 0 7   4  0  3  2    0.9792031   0.9792031   0.9792031   0.9792031   0.9860243   0.9815029   0.9795184   0.9792736   0.9792736   0.9792736   0.9792736   0.9792736
R 0 7   4  0  3  3    0.9647168   0.9647168   0.9647168   0.9647168   0.9889196   0.9827124   0.9799382   0.9795942   0.9795942   0.9795942   0.9795942   0.9795942
R 0 7   4  0  3  4    0.9850899   0.9850899   0.9850899   0.9742220   0.9727058   0.9719693   0.9764460   0.9847584   0.9847584   0.9847584   0.9847584   0.9847584
R 0 7   4  0  3  5    0.9742167   0.9742167   0.9797687   0.9778423   0.9721759   0.9702757   0.9666938   0.9666938   0.9666938   0.9666938   0.9666938   0.9666938
R 0 7   4  0  3  6    0.9910704   0.9910704   0.9910704   0.9872980   0.9845700   0.9825550   0.9809284   0.9781278   0.9781278   0.9781278   0.9781278   0.9781278
R 0 7   4  0  3  7    0.9850652   0.9850652   0.9850652   0.9850652   1.0014833   0.9877099   0.9850462   0.9827328   0.9838966   0.9822704   0.9822704   0.9822704
R 0 7   4  0  3  8    0.9964525   0.9964525   0.9964525   0.9964525   0.9964525   0.9964525   0.9964525   0.9852100   0.9805731   0.9820512   0.9842054   0.9960336
R 0 7   4  0  3  9    0.9938683   0.9938683   0.9938683   0.9938683   0.9938683   0.9938683   0.9780573   0.9723155   0.9711929   0.9816809   0.9913241   0.9913241
R 0 7   4  0  3 10    1.0022430   1.0060789   0.9872552   0.9702340   0.9686171   0.9658809   0.9654667   0.9654785   0.9857022   0.9869029   0.9869029   0.9869029
R 0 7   4  0  4  0    1.4039125   1.4039125   1.3432729   2.1364098   2.2558784   2.2742600   2.2391155   2.2725239   2.2725239   2.2725239   2.2725239   2.2725239
R 0 7   4  0  4  1    1.9857343   1.9857343   1.9857343   1.9857343   2.1492003   2.2221295   2.2043136   2.2039982   2.2039982   2.2039982   2.2039982   2.2039982
R 0 7   4  0  4  2    1.9220204   1.9220204   1.9220204   1.9220204   2.1913168   2.2552653   2.2336295   2.2312460   2.2312460   2.2312460   2.2312460   2.2312460
R 0 7   4  0  4  3    1.7842984   1.7842984   1.7842984   1.7842984   2.2667117   2.2614437   2.2349628   2.2263351   2.2263351   2.2263351   2.2263351   2.2263351
R 0 7   4  0  4  4    1.8940085   1.8940085   1.8940085   2.0246645   2.0844427   2.0864670   2.2027658   2.3417947   2.3417947   2.3417947   2.3417947   2.3417947
R 0 7   4  0  4  5    1.7417255   1.7417255   2.0657532   2.1533597   2.0866076   2.0820313   2.0064541   2.0064541   2.0064541   2.0064541   2.0064541   2.0064541
R 0 7   4  0  4  6    1.9708768   1.9708768   1.9708768   2.2150665   2.3187158   2.3504693   2.3420744   2.2755350   2.2755350   2.2755350   2.2755350   2.2755350
R 0 7   4  0  4  7    1.7958309   1.7958309   1.7958309   1.7958309   2.2720912   2.3510397   2.3413014   2.3475745   2.3855099   2.3473753   2.3473753   2.3473753
R 0 7   4  0  4  8    2.2394800   2.2394800   2.2394800   2.2394800   2.2394800   2.2394800   2.2394800   2.2466550   2.2245393   2.2688638   2.3094296   2.2989811
R 0 7   4  0  4  9    2.0876519   2.0876519   2.0876519   2.0876519   2.0876519   2.0876519   2.0440754   2.0564320   2.0417237   2.1987774   2.1982815   2.1982815
R 0 7   4  0  4 10    2.0059617   2.2206959   1.9797509   1.9006288   1.9778816   1.9626679   1.9571380   1.9375972   2.0789878   2.0207044   2.0207044   2.0207044
R 0 7   4  0  5  0   11.8606316  11.8606316   7.7902920   3.4474174   3.6390051   3.8614134   4.2304826   3.9271455   3.9271455   3.9271455   3.9271455   3.9271455
R 0 7   4  0  5  1    3.8991733   3.8991733   3.8991733   3.8991733   4.1143745   4.0612789   4.3725416   4.3288681   4.3288681   4.3288681   4.3288681   4.3288681
R 0 7   4  0  5  2    3.9166930   3.9166930   3.9166930   3.9166930   4.2547596   4.0408249   4.1359733   4.3113247   4.3113247   4.3113247   4.3113247   4.3113247
R 0 7   4  0  5  3    5.0220684   5.0220684   5.0220684   5.0220684   3.8534532   4.0308341   4.2964192   4.3514493   4.3514493   4.3514493   4.3514493   4.3514493
R 0 7   4  0  5  4    5.0742067   5.0742067   5.0742067   4.9907009   5.1465742   5.0100413   3.9583540   3.2190971   3.2190971   3.2190971   3.2190971   3.2190971
R 0 7   4  0  5  5    4.6758176   4.6758176   4.9678795   4.6449118   5.3305322   4.7112631   4.1277099   4.1277099   4.1277099   4.1277099   4.1277099   4.1277099
R 0 7   4  0  5  6    3.1695596   3.1695596   3.1695596   4.0018526   3.4542524   2.9629401   2.3993695   2.0087529   2.0087529   2.0087529   2.0087529   2.0087529
R 0 7   4  0  5  7    4.1378695   4.1378695   4.1378695   4.1378695   3.7415249   3.1214540   2.9435719   2.8796419   2.5792144   2.0865178   2.0865178   2.0865178
R 0 7   4  0  5  8    3.8696863   3.8696863   3.8696863   3.8696863   3.8696863   3.8696863   3.8696863   4.4509807   4.6225551   4.2586199   3.5083817   3.9612584
R 0 7   4  0  5  9    4.7018172   4.7018172   4.7018172   4.7018172   4.7018172   4.7018172   6.7168083   6.0925944   6.6696568   5.4532708   5.7217762   5.7217762
R 0 7   4  0  5 10    5.7473704   4.1720920   4.3599276   5.5884076   5.3803109   6.6671214   8.0193894   8.7655481   6.4724929   6.8947851   6.8947851   6.8947851
F  0  7   4  0  0  0    1.0092477   1.0285163   0.9907377   1.0005626   0.9741179   0.9968334   0.9933462   0.9896354   0.9899494   0.9848999   0.9818794
F  0  7   4  1  0  0    1.0711727   1.0554388   1.0374910   1.0408881   1.0315879   1.0972553   1.0813613   1.0644659   1.0488323   1.1092094   1.1196691
C  0  7   4  0  0  0  -0.2580619 -0.1159264 -0.1802893 -0.3897480 -0.2657349 -0.1626579 -0.1576897 -0.1898265 -0.2578610 -0.1580843 -0.2448234 -0.1620234 -0.1947058 -0.3172645 -0.3347530 -0.0418791
C  0  7   4  0  0  1  -0.0626270 -0.1594234 -0.1366528 -0.1206488 -0.1396288 -0.0978938 -0.1524268 -0.1261711 -0.0441255 -0.1316245 -0.0218280 -0.1045877 -0.1583409 -0.1342719 -0.2003261 -0.0432013
C  0  7   4  0  0  2  -0.1137085 -0.1070804 -0.1139573 -0.1314270 -0.0156600 -0.0543956 -0.0836303 -0.0944273 -0.0193604 -0.0743565 -0.0466578 -0.0673608 -0.1253481 -0.0598745 -0.0351635 -0.1000566
C  0  7   4  0  0  3  -0.0588671 -0.0789500 -0.1294413 -0.0285180  0.0291301 -0.1345572 -0.0912742 -0.0256316 -0.0425434 -0.0213386 -0.1082004 -0.0596228 -0.1520554 -0.1084997 -0.1017448 -0.0114292
C  0  7   4  0  0  4  -0.0862888 -0.0875039 -0.0492958 -0.0895745 -0.1020298 -0.0866916 -0.0483318 -0.0439419 -0.0361948 -0.0303818 -0.0621637 -0.0377646 -0.1263976 -0.1157416 -0.0251157 -0.0685222
C  0  7   4  0  0  5  -0.0236741  0.0100821 -0.0722281  0.0540964 -0.0115162 -0.0276719 -0.0333929 -0.0171061  0.0402093 -0.0142017 -0.0043323 -0.0066880 -0.0376849  0.0246341  0.0752038 -0.0576990
C  0  7   4  0  0  6  -0.0107429  0.0784790  0.0322198 -0.0006084 -0.0062483  0.0232853 -0.0411607 -0.0742775 -0.0300739 -0.0422719  0.0047556  0.0199686 -0.0639573 -0.0027233 -0.0477919  0.0809835
C  0  7   4  0  0  7  -0.0453973  0.0104817  0.0115770 -0.0114197  0.0045247  0.0431302  0.0241038  0.0006809 -0.0278189 -0.0200532  0.0629427 -0.0385720  0.0053394 -0.0280804 -0.0306527  0.0186285
C  0  7   4  0  0  8  -0.0121228  0.0030421  0.0391734  0.0261135 -0.0128995  0.0347859  0.0026546 -0.0234812  0.0074003  0.0287673 -0.0167185  0.0050376 -0.0062650  0.0578054 -0.0590511 -0.0138742
C  0  7   4  0  0  9  -0.0439187  0.0259524 -0.0121985  0.0416517  0.0294337  0.0366664 -0.0046135  0.0320501 -0.0407906  0.0094250  0.0472640  0.0381300 -0.0116936  0.0517086 -0.0130700  0.0481420
C  0  7   4  0  0 10  -0.0231661  0.0100351  0.0418250  0.0600395  0.0031724  0.0036399 -0.0381827 -0.0268899  0.0130526 -0.0540311  0.0117164 -0.0014883 -0.0365395  0.0507956  0.0135574  0.0475873
C  0  7   4  0  0 11  -0.0492304  0.0308156 -0.0420797  0.0522972  0.0198362  0.0562645  0.0464156  0.0874616  0.0133535  0.0322505  0.0201983 -0.0206617 -0.0009763  0.0187009  0.0003332 -0.0028438
C  0  7   4  0  0 12   0.0565554 -0.0134928  0.0006800  0.0076862  0.0107732  0.0287446 -0.0232990 -0.0092039 -0.0049039  0.0630272  0.0139293 -0.0017832 -0.0570247 -0.0009493  0.0203436  0.0223949
C  0  7   4  0  0 13  -0.0330031 -0.0013600  0.0337553  0.0040794 -0.0009010 -0.0205811  0.0175919 -0.0044365  0.0312886  0.0364316 -0.0198017  0.0163078 -0.0096066  0.0153272 -0.0090052  0.0080160
C  0  7   4  0  0 14  -0.0322343 -0.0057041 -0.0240684 -0.0087730 -0.0102906 -0.0073531 -0.0037616  0.0104429 -0.0255103 -0.0202039  0.0711995 -0.0547623  0.0213341  0.0315764 -0.0078279 -0.0608323
C  0  7   4  0  0 15  -0.0720702 -0.0435125 -0.0130542  0.0250333  0.0286737 -0.0578521 -0.0053365  0.0198005  0.0043909 -0.0125378 -0.0200428 -0.1034623 -0.0088342  0.0085730 -0.0751255  0.0060386
C  0  7   4  0  0 16   0.0884838  0.0250569 -0.0130843  0.0116608 -0.0283966 -0.0891997 -0.0265362  0.0006374 -0.0700537  0.1133546  0.0122611 -0.0597934 -0.0703627 -0.0095019 -0.0845640 -0.0091309
C  0  7   4  0  0 17  -0.0880132 -0.0840881 -0.1221580 -0.1039953 -0.1254510 -0.0425005 -0.0535395 -0.0094704 -0.0245318 -0.0682381 -0.0027102 -0.0158058 -0.1003943 -0.1472371 -0.0513092 -0.0156557
C  0  7   4  0  0 18  -0.1428193 -0.0435857 -0.0159869 -0.0541692 -0.1490322 -0.0449667 -0.0568031 -0.0359923 -0.0522575 -0.0206323 -0.0300084 -0.0891818 -0.0407241 -0.0049801 -0.1555148 -0.0086687
C  0  7   4  0  0 19   0.0219149 -0.0895999 -0.2072201 -0.0211320 -0.1126918 -0.0670365 -0.1313433 -0.0397477 -0.1175718 -0.0609461 -0.0733363 -0.0863377 -0.0691467 -0.0608643 -0.0581127 -0.0971882
C  0  7   4  0  0 20  -0.1029308 -0.0706543 -0.0575382 -0.0594251 -0.1480869 -0.1450747 -0.1799356 -0.1395195 -0.1520775 -0.1967142 -0.1585362  0.0067187 -0.0293801 -0.1679702 -0.1548093 -0.1588208
C  0  7   4  0  0 21  -0.1977072 -0.1999121 -0.3250670 -0.1718789 -0.2005119 -0.1724356 -0.2528361 -0.0717960 -0.1848797 -0.1169229 -0.1970351 -0.2845276 -0.3461290 -0.3869285 -0.2489724 -0.2627449
C  0  7   4  0  1  0  -0.0018587 -0.0002222 -0.0004912 -0.0019056 -0.0029453  0.0025261  0.0006823  0.0006725  0.0019791 -0.0005977 -0.0033885  0.0032877  0.0057462  0.0046134  0.0054592  0.0063151
C  0  7   4  0  1  1   0.0011498  0.0009830 -0.0020957 -0.0027499 -0.0007840 -0.0019401  0.0043630  0.0008571  0.0022833 -0.0015110 -0.0016338 -0.0024354  0.0026916  0.0041237  0.0020477  0.0023706
C  0  7   4  0  1  2   0.0027930 -0.0009237 -0.0001162  0.0001267 -0.0018532  0.0009570  0.0001648  0.0006523 -0.0011612  0.0011048 -0.0016596 -0.0017318  0.0016859 -0.0007509  0.0002467 -0.0001884
C  0  7   4  0  1  3   0.0025406 -0.0001038  0.0004202 -0.0018833 -0.0009330  0.0016735  0.0020633 -0.0012715 -0.0024054 -0.0020918 -0.0010922 -0.0015012  0.0006603 -0.0010836  0.0002510  0.0023449
C  0  7   4  0  1  4   0.0025034 -0.0003953 -0.0008646  0.0023158  0.0010560 -0.0010185  0.0015877 -0.0001077  0.0009702  0.0007546 -0.0006322 -0.0016742  0.0017964 -0.0003863 -0.0000796 -0.0023857
C  0  7   4  0  1  5   0.0013616  0.0008812 -0.0018588  0.0016124  0.0002553 -0.0006346 -0.0005845  0.0005994 -0.0000362  0.0004210  0.0017332 -0.0013078  0.0002908  0.0000396  0.0003896 -0.0009008
C  0  7   4  0  1  6   0.0022075 -0.0002055 -0.0005857  0.0005068  0.0007988 -0.0002414 -0.0009729 -0.0004635  0.0005846 -0.0011405 -0.0003851 -0.0001210 -0.0009943 -0.0022541  0.0013865 -0.0007182
C  0  7   4  0  1  7   0.0019735 -0.0001264  0.0008221  0.0003893  0.0020252  0.0009199 -0.0013832  0.0001568  0.0009241 -0.0012227  0.0013310 -0.0015590 -0.0008904 -0.0001307  0.0000328  0.0001763
C  0  7   4  0  1  8   0.0015803  0.0010415  0.0002524 -0.0005587  0.0012457  0.0011074  0.0009940  0.0001748  0.0018450  0.0001319 -0.0000069 -0.0013040 -0.0004932  0.0006888  0.0001310  0.0008066
C  0  7   4  0  1  9  -0.0018750  0.0008669  0.0016329  0.0001612  0.0002951  0.0003485  0.0007739  0.0007960 -0.0007327 -0.0014798 -0.0027890 -0.0007320 -0.0011521  0.0000854 -0.0012983  0.0006643
C  0  7   4  0  1 10   0.0007825  0.0002592  0.0014247  0.0017153  0.0016174 -0.0003066  0.0005618 -0.0002737 -0.0019390 -0.0016997 -0.0002266 -0.0008649 -0.0012133 -0.0007811  0.0000173  0.0011398
C  0  7   4  0  1 11   0.0002285  0.0002992  0.0003251  0.0008641  0.0000902  0.0004090 -0.0022144 -0.0013771 -0.0026445  0.0000887 -0.0002003 -0.0013663  0.0007416 -0.0001578 -0.0003142 -0.0005989
C  0  7   4  0  1 12   0.0004290 -0.0001339  0.0002743 -0.0005478  0.0006929 -0.0005271  0.0011658 -0.0001953  0.0003897 -0.0000365 -0.0000739  0.0017762  0.0002016 -0.0001242  0.0002215  0.0012894
C  0  7   4  0  1 13   0.0026077 -0.0012488  0.0004865  0.0018059  0.0024204  0.0007250 -0.0007776  0.0006594 -0.0002973 -0.0013069 -0.0008951 -0.0018615 -0.0007797  0.0010247  0.0003044  0.0015166
C  0  7   4  0  1 14   0.0019371  0.0004666  0.0022632  0.0014295  0.0016760  0.0017045 -0.0005875  0.0012835  0.0000934  0.0005922  0.0002063  0.0003012  0.0005342  0.0004195 -0.0005490  0.0021563
C  0  7   4  0  1 15   0.0015826  0.0000645 -0.0002937  0.0005941  0.0007444  0.0018715  0.0008554 -0.0010163  0.0006841 -0.0008717 -0.0004613  0.0009975 -0.0000267  0.0007042  0.0005791  0.0004300
C  0  7   4  0  1 16   0.0021955  0.0025158  0.0012583  0.0013588 -0.0004869  0.0023106  0.0007546  0.0000349  0.0007466 -0.0008749  0.0007743  0.0002213 -0.0001751  0.0013100  0.0023587  0.0019069
C  0  7   4  0  1 17   0.0006474 -0.0013533  0.0000422  0.0032995  0.0014239  0.0031120  0.0022276  0.0020760 -0.0002023  0.0030940  0.0016558 -0.0003399  0.0012152 -0.0009448  0.0047686  0.0044546
C  0  7   4  0  1 18   0.0055098  0.0043779  0.0020836  0.0010853  0.0001078  0.0019736  0.0043734  0.0011473 -0.0007517  0.0015835  0.0037178  0.0018708 -0.0000147  0.0000442  0.0059748  0.0049857
C  0  7   4  0  1 19   0.0025634  0.0024627  0.0011626  0.0019355  0.0007346  0.0015354  0.0029858  0.0014518  0.0033045  0.0030664 -0.0003774  0.0004740  0.0017084  0.0020495  0.0035228  0.0045389
C  0  7   4  0  1 20   0.0054834  0.0055039  0.0046028  0.0037523  0.0015070  0.0040562  0.0028810  0.0040159  0.0032282  0.0036417  0.0000199 -0.0015722  0.0027938  0.0038812  0.0052759  0.0057441
C  0  7   4  0  1 21   0.0129857  0.0125575  0.0062714  0.0017796 -0.0030750 -0.0052321 -0.0083179 -0.0009940 -0.0022122 -0.0030067 -0.0002488  0.0051081  0.0017678  0.0055051  0.0097018  0.0042980
C  0  7   4  1  0  0  -0.6680828 -0.0808032 -0.3734206 -0.5482042 -0.0245384 -0.2177055 -0.2642188 -0.4881046 -0.4615242 -0.5013573 -0.5664325 -0.7190067 -0.6005585 -0.4540342 -0.5190378 -0.5858479
C  0  7   4  1  0  1  -0.3081903 -0.3203180 -0.4138029 -0.4582367 -0.4086289 -0.4226274 -0.1241152 -0.3749479 -0.1728091 -0.2962534 -0.4109026 -0.2737287 -0.1696262 -0.4783692 -0.3224642 -0.2273339
C  0  7   4  1  0  2  -0.2250766 -0.3410852 -0.4199669 -0.3501244 -0.2369796 -0.2467277 -0.2349779 -0.1019081 -0.1718377 -0.3092950 -0.2995382 -0.2879062 -0.3395522 -0.2060302 -0.3492688 -0.3023592
C  0  7   4  1  0  3  -0.3142108 -0.3773731 -0.4241223 -0.2634197 -0.3377514 -0.2517315 -0.0758771 -0.2653920 -0.2233759 -0.1281404 -0.1217915 -0.3666979 -0.2594098 -0.2475941 -0.2433643 -0.2144257
C  0  7   4  1  0  4  -0.1710429 -0.2646761 -0.1834298 -0.3181168 -0.4202935  0.0373966 -0.3474985 -0.1658949 -0.2879070 -0.0831808 -0.2679730 -0.2597173 -0.2960123 -0.2516553  0.0658709 -0.2251659
C  0  7   4  1  0  5  -0.1821968 -0.2041684 -0.3629229  0.0387394 -0.3631128 -0.2185965 -0.1329101 -0.1469627 -0.1783181  0.0254458 -0.1437846 -0.2218356 -0.1915462 -0.1202688 -0.2407848 -0.0888672
C  0  7   4  1  0  6  -0.1945001 -0.1903085 -0.1033194 -0.1475316 -0.2020063 -0.0944617 -0.0598469 -0.1476706 -0.1495269 -0.0739551 -0.0229502 -0.1951011 -0.0491594 -0.0802996 -0.0272876 -0.1669013
C  0  7   4  1  0  7  -0.0966847 -0.1509350 -0.2140506 -0.1134322 -0.1060670 -0.1456529 -0.2854911 -0.1237194 -0.2148288  0.0006226 -0.1489017 -0.1326118 -0.1400714 -0.1678811 -0.1569743 -0.0967671
C  0  7   4  1  0  8  -0.2070776 -0.1965668 -0.1550173 -0.2525856 -0.1301130 -0.1982949 -0.1495268 -0.2396687 -0.0938703 -0.0504487  0.0224335 -0.2148139 -0.0703926 -0.1225129 -0.2358425 -0.1289539
C  0  7   4  1  0  9  -0.2120986 -0.1006518 -0.0395284 -0.0971504 -0.0784643 -0.0814713 -0.0734294 -0.0225663 -0.1269299 -0.1311742 -0.0622291 -0.0681606 -0.0202711 -0.2470014 -0.1747144 -0.1843226
C  0  7   4  1  0 10  -0.1613672 -0.1200750 -0.1262119 -0.1952312 -0.0866011 -0.2135625 -0.1592327 -0.1084084 -0.0728505 -0.0330767 -0.0791748 -0.1991760 -0.1394896 -0.1270374 -0.1231978 -0.0790367
C  0  7   4  1  0 11  -0.2064789 -0.1500885 -0.0965270 -0.1344733 -0.0890179 -0.2066834 -0.1349572 -0.1104687 -0.0859930 -0.0993673 -0.0753709 -0.0793451 -0.0635361 -0.1791387 -0.1115101 -0.0825305
C  0  7   4  1  0 12  -0.1315801 -0.1018863 -0.1083259 -0.1674018 -0.1025592 -0.2273481 -0.1264731 -0.1171950 -0.1602406 -0.0906651 -0.1793007 -0.0982862 -0.1171246 -0.0995593 -0.1007317 -0.1038542
C  0  7   4  1  0 13  -0.1477291 -0.1805603 -0.2596568 -0.0564116 -0.1346728 -0.1245509 -0.1369932 -0.0337577 -0.0703665 -0.0716876 -0.1221151 -0.1051543 -0.1242750 -0.1543557 -0.2044681 -0.1033734
C  0  7   4  1  0 14  -0.1202189 -0.1209921 -0.1480951 -0.0926007 -0.1411151 -0.1520200 -0.1396157 -0.1883082 -0.1578542 -0.2550975 -0.1004356 -0.1616458 -0.0983344 -0.1082890 -0.1819659 -0.2076901
C  0  7   4  1  0 15  -0.1540944 -0.2304935 -0.0588258 -0.2262649 -0.3603197 -0.0902950 -0.2137403 -0.2756348 -0.1967692 -0.0689445 -0.0727947 -0.0958735 -0.1217017 -0.1379270 -0.0770018 -0.2743086
C  0  7   4  1  0 16  -0.2178539 -0.1685169 -0.2515778 -0.0270083 -0.1648810 -0.0111589 -0.1926182 -0.1807667 -0.2445363 -0.1814613 -0.1507525 -0.1289707 -0.1724658 -0.1897394 -0.1142961 -0.0795562
C  0  7   4  1  0 17  -0.2893760 -0.2590083 -0.1080332 -0.3339921 -0.3195766 -0.1994637 -0.2339963 -0.2570156 -0.1871025 -0.2058797 -0.2598961 -0.3535241 -0.0857346 -0.2157136 -0.0102821 -0.1689168
C  0  7   4  1  0 18  -0.4105586 -0.2003076 -0.2654085 -0.3058048 -0.1833513 -0.3438784 -0.1921373 -0.3822774 -0.1821457 -0.1302799 -0.1978842 -0.3571443 -0.2303102 -0.2092394 -0.2142514 -0.2721264
C  0  7   4  1  0 19  -0.3517000 -0.3420295 -0.2842186 -0.3697855 -0.3320923 -0.2416307 -0.2757965 -0.3113453 -0.3255044 -0.2676810 -0.2585600 -0.2442836 -0.3333078 -0.3616971 -0.2252687 -0.2949828
C  0  7   4  1  0 20  -0.3981213 -0.2591548 -0.2272787 -0.2601630 -0.3517682 -0.3922575 -0.2481365 -0.3909560 -0.4149949 -0.4241855 -0.3807618 -0.3539053 -0.2535051 -0.2253944 -0.3022172 -0.2890948
C  0  7   4  1  0 21  -0.5375947 -0.3023398 -0.5266390 -0.3149562 -0.2722557 -0.3447912 -0.0219104  0.0475305 -0.2766552 -0.1335503 -0.1261103 -0.2778735 -0.2291348 -0.7833973 -0.4738373 -0.5798068
C  0  7   4  1  1  0   0.0567088  0.0522618  0.0393638  0.0289009  0.0021308 -0.0263386 -0.0422527 -0.0467720 -0.0504269 -0.0398009 -0.0272803 -0.0155533 -0.0018192  0.0063978  0.0261678  0.0331948
C  0  7   4  1  1  1   0.0229205  0.0236102  0.0200426  0.0127130  0.0027049 -0.0094770 -0.0123373 -0.0224124 -0.0192889 -0.0150293 -0.0123141 -0.0090017  0.0038047  0.0056210  0.0137204  0.0237783
C  0  7   4  1  1  2   0.0134223  0.0125495  0.0111725  0.0029064  0.0006651 -0.0044155 -0.0095339 -0.0077943 -0.0117709 -0.0047003 -0.0060201 -0.0030005 -0.0007100  0.0032955  0.0058395  0.0097903
C  0  7   4  1  1  3   0.0072188  0.0085492  0.0026407  0.0026324 -0.0024021 -0.0011190 -0.0051413 -0.0050757 -0.0004501 -0.0016720 -0.0029406 -0.0031424  0.0048796  0.0029961  0.0052603  0.0080480
C  0  7   4  1  1  4  -0.0002277  0.0012314  0.0043289  0.0026253  0.0025310  0.0060031  0.0000905  0.0032356  0.0018090  0.0014496 -0.0026957 -0.0013181  0.0044335 -0.0003724  0.0020989  0.0021784
C  0  7   4  1  1  5   0.0027596  0.0018431  0.0007588  0.0037926  0.0025705  0.0007671  0.0025010  0.0073887  0.0052218  0.0013160 -0.0042533  0.0005365  0.0021724  0.0034345  0.0006722  0.0025705
C  0  7   4  1  1  6   0.0053329  0.0005571 -0.0000310  0.0036606  0.0069724  0.0046796  0.0021355  0.0072036  0.0043564 -0.0015226 -0.0013868 -0.0030395  0.0000570 -0.0001849  0.0014978  0.0019995
C  0  7   4  1  1  7   0.0007318  0.0010165  0.0017484  0.0026327  0.0033346  0.0049102  0.0046271  0.0048219  0.0037005 -0.0001480 -0.0015922 -0.0017098  0.0012530 -0.0015184  0.0025016 -0.0023057
C  0  7   4  1  1  8  -0.0011478  0.0022196  0.0005886  0.0021500  0.0043054  0.0024053  0.0021234  0.0036124  0.0049371  0.0007578  0.0018394 -0.0026872  0.0008407  0.0019453 -0.0000671 -0.0039567
C  0  7   4  1  1  9   0.0015486  0.0033266  0.0040616  0.0024352  0.0013260  0.0029448  0.0031854  0.0033684  0.0042678 -0.0026429  0.0004645  0.0019267  0.0013688 -0.0001405 -0.0015397 -0.0022528
C  0  7   4  1  1 10  -0.0026844  0.0014075  0.0025244  0.0025906 -0.0011712  0.0012634  0.0006613  0.0005838  0.0002913  0.0001273 -0.0015826 -0.0012558 -0.0030247  0.0014176  0.0021778 -0.0015301
C  0  7   4  1  1 11  -0.0000870  0.0016329 -0.0001119  0.0014514  0.0021883 -0.0013560 -0.0007885  0.0029066  0.0026893 -0.0002863 -0.0029583 -0.0008007 -0.0022826 -0.0021131 -0.0008366 -0.0039298
C  0  7   4  1  1 12  -0.0010806  0.0026923  0.0048077  0.0040935  0.0002000  0.0023816  0.0000530  0.0044882  0.0034458  0.0025722  0.0014953  0.0014037 -0.0020747 -0.0023679 -0.0005022 -0.0025026
C  0  7   4  1  1 13   0.0007735  0.0018679  0.0019220  0.0042189 -0.0010457  0.0048985  0.0046460  0.0080856  0.0038166 -0.0014389  0.0013264 -0.0007069 -0.0019247 -0.0022162  0.0018996 -0.0023666
C  0  7   4  1  1 14   0.0006423  0.0007032  0.0031470  0.0026699  0.0049741  0.0038993  0.0033459  0.0036420  0.0009808  0.0018545  0.0000376 -0.0012865 -0.0024371 -0.0002114 -0.0005595 -0.0036028
C  0  7   4  1  1 15  -0.0011145 -0.0014444  0.0048187  0.0028609  0.0036121 -0.0045829  0.0035440  0.0015780  0.0070989  0.0024257  0.0016895 -0.0038358 -0.0044576 -0.0079734 -0.0047092 -0.0075368
C  0  7   4  1  1 16  -0.0019835 -0.0004302 -0.0006695  0.0055067 -0.0001361  0.0022371 -0.0000232  0.0007540  0.0025258  0.0060771  0.0024183  0.0031676 -0.0002744 -0.0010765 -0.0048220 -0.0066988
C  0  7   4  1  1 17  -0.0016378  0.0003513  0.0026593  0.0082443  0.0016487  0.0016072 -0.0009027  0.0052896  0.0027843  0.0014596  0.0016590 -0.0025699 -0.0012487 -0.0061280 -0.0079599  0.0004896
C  0  7   4  1  1 18  -0.0019886  0.0077441  0.0039809  0.0048978  0.0007977  0.0029799 -0.0047126 -0.0014214  0.0018627  0.0027517  0.0010230  0.0026790 -0.0003696 -0.0029525 -0.0076743 -0.0027569
C  0  7   4  1  1 19   0.0034000  0.0048659  0.0089786  0.0073916  0.0053226  0.0017197 -0.0062539 -0.0025777  0.0006159  0.0057011  0.0009351 -0.0000355 -0.0002201 -0.0035063 -0.0063056  0.0003372
C  0  7   4  1  1 20   0.0001378  0.0142777  0.0198995  0.0071604  0.0004607 -0.0030429 -0.0029857  0.0015686 -0.0001122  0.0098150  0.0001803  0.0009540 -0.0070466 -0.0034170 -0.0048045 -0.0030663
C  0  7   4  1  1 21   0.0099357  0.0173110  0.0377602  0.0272408  0.0079539  0.0159116  0.0088981  0.0095377  0.0148273  0.0086899  0.0041179 -0.0000978 -0.0112509 -0.0163078  0.0012303 -0.0058762
