CPHI 16 
CETA 22 -2.40 -2.10 -1.85 -1.60 -1.40 -1.20 -1.00 -0.80 -0.60 -0.40 -0.20  0.00  0.20  0.40  0.60  0.80  1.00  1.20  1.40  1.60  1.85  2.10  2.40 
RMIN  6 
RTRK 12 
RETA 11  0.00  0.20  0.40  0.60  0.80  1.00  1.20  1.40  1.60  1.85  2.10  2.40 
T 0 7   5  0  0  0    0.0000000   0.0006174   0.0016774   0.0031880   0.0122719   0.0692370   0.2780276   0.6535433   1.0000000   1.0000000   1.0000000   1.0000000   1.0000000
T 0 7   5  0  0  1    0.0000000   0.0001354   0.0005459   0.0023920   0.0124343   0.0590489   0.2262877   0.5889114   1.0000000   1.0000000   1.0000000   1.0000000   1.0000000
T 0 7   5  0  0  2    0.0000000   0.0001294   0.0005243   0.0017488   0.0107047   0.0555296   0.2094740   0.5738720   1.0000000   1.0000000   1.0000000   1.0000000   1.0000000
T 0 7   5  0  0  3    0.0000000   0.0002015   0.0005867   0.0017170   0.0115356   0.0627351   0.2260086   0.5868161   1.0000000   1.0000000   1.0000000   1.0000000   1.0000000
T 0 7   5  0  0  4    0.0000000   0.0003907   0.0025396   0.0143279   0.0629528   0.2043776   0.4892906   0.8222971   1.0000000   1.0000000   1.0000000   1.0000000   1.0000000
T 0 7   5  0  0  5    0.0000000   0.0009833   0.0074319   0.0513680   0.2055027   0.5328830   0.8761381   0.9993922   1.0000000   1.0000000   1.0000000   1.0000000   1.0000000
T 0 7   5  0  0  6    0.0000000   0.0002959   0.0012101   0.0103076   0.0673314   0.2771700   0.6633683   0.9312166   0.9981963   0.9999994   1.0000000   1.0000000   1.0000000
T 0 7   5  0  0  7    0.0000000   0.0000583   0.0003953   0.0009066   0.0047834   0.0308238   0.1189337   0.2972425   0.5813239   0.8692031   0.9842107   0.9998683   1.0000000
T 0 7   5  0  0  8    0.0000000   0.0000019   0.0000351   0.0001224   0.0003944   0.0009957   0.0042109   0.0251107   0.1194546   0.3938732   0.7895316   0.9692909   1.0000000
T 0 7   5  0  0  9    0.0000000   0.0000072   0.0000100   0.0000333   0.0005408   0.0035534   0.0183417   0.0860144   0.3020499   0.6584964   0.9386042   0.9999342   1.0000000
T 0 7   5  0  0 10    0.0000000   0.0067141   0.0290557   0.0464353   0.0795622   0.1688626   0.3381590   0.6900122   0.9105257   0.9702516   0.9998314   1.0000000   1.0000000
T 0 7   5  1  0  0    0.0000000   0.0005723   0.0017627   0.0044683   0.0185138   0.0923650   0.3177342   0.6829366   1.0000000   1.0000000   1.0000000   1.0000000   1.0000000
T 0 7   5  1  0  1    0.0000000   0.0003354   0.0013920   0.0045630   0.0171856   0.0698543   0.2374179   0.6013364   1.0000000   1.0000000   1.0000000   1.0000000   1.0000000
T 0 7   5  1  0  2    0.0000000   0.0003530   0.0012589   0.0036032   0.0127318   0.0596650   0.2249509   0.5923637   1.0000000   1.0000000   1.0000000   1.0000000   1.0000000
T 0 7   5  1  0  3    0.0000000   0.0003879   0.0015431   0.0039356   0.0149689   0.0687129   0.2414901   0.6108134   1.0000000   1.0000000   1.0000000   1.0000000   1.0000000
T 0 7   5  1  0  4    0.0000000   0.0006606   0.0035767   0.0169699   0.0683291   0.2178801   0.5052399   0.8303246   1.0000000   1.0000000   1.0000000   1.0000000   1.0000000
T 0 7   5  1  0  5    0.0000000   0.0014548   0.0094634   0.0554209   0.2178573   0.5506519   0.8867879   0.9995966   1.0000000   1.0000000   1.0000000   1.0000000   1.0000000
T 0 7   5  1  0  6    0.0000000   0.0003708   0.0014087   0.0110077   0.0723078   0.2970950   0.6996896   0.9476517   0.9986915   0.9999971   1.0000000   1.0000000   1.0000000
T 0 7   5  1  0  7    0.0000000   0.0000866   0.0003787   0.0012721   0.0078334   0.0417806   0.1373113   0.3101001   0.5752154   0.8634893   0.9841107   0.9998454   1.0000000
T 0 7   5  1  0  8    0.0000000   0.0000182   0.0000754   0.0002611   0.0005851   0.0011241   0.0043426   0.0262610   0.1260408   0.4074540   0.8105792   0.9682737   1.0000000
T 0 7   5  1  0  9    0.0000000   0.0000192   0.0000320   0.0000560   0.0002273   0.0014054   0.0117061   0.0729081   0.2893690   0.6603924   0.9513076   0.9999968   1.0000000
T 0 7   5  1  0 10    0.0000000   0.0018022   0.0127429   0.0259213   0.0534867   0.1235206   0.3177829   0.7104112   0.9497428   0.9848598   1.0000000   1.0000000   1.0000000
R 0 7   5  0  0  0    0.0253576   0.0253576   0.0128287   0.0109595   0.0104595   0.0102026   0.0100150   0.0098581   0.0098581   0.0098581   0.0098581   0.0098581
R 0 7   5  0  0  1    0.0122798   0.0122798   0.0122798   0.0122798   0.0111934   0.0109503   0.0109754   0.0108621   0.0108621   0.0108621   0.0108621   0.0108621
R 0 7   5  0  0  2    0.0130097   0.0130097   0.0130097   0.0130097   0.0121884   0.0120291   0.0118600   0.0116981   0.0116981   0.0116981   0.0116981   0.0116981
R 0 7   5  0  0  3    0.0140471   0.0140471   0.0140471   0.0140471   0.0128436   0.0126149   0.0123856   0.0122570   0.0122570   0.0122570   0.0122570   0.0122570
R 0 7   5  0  0  4    0.0197239   0.0197239   0.0197239   0.0177018   0.0170027   0.0159123   0.0145108   0.0131235   0.0131235   0.0131235   0.0131235   0.0131235
R 0 7   5  0  0  5    0.0212935   0.0212935   0.0197325   0.0192336   0.0187752   0.0180916   0.0170218   0.0170218   0.0170218   0.0170218   0.0170218   0.0170218
R 0 7   5  0  0  6    0.0209098   0.0209098   0.0209098   0.0207367   0.0208473   0.0207490   0.0208824   0.0207785   0.0207785   0.0207785   0.0207785   0.0207785
R 0 7   5  0  0  7    0.0231029   0.0231029   0.0231029   0.0231029   0.0212789   0.0214481   0.0212900   0.0210390   0.0206293   0.0198029   0.0198029   0.0198029
R 0 7   5  0  0  8    0.0218674   0.0218674   0.0218674   0.0218674   0.0218674   0.0218674   0.0218674   0.0212585   0.0210625   0.0209894   0.0203586   0.0192185
R 0 7   5  0  0  9    0.0322194   0.0322194   0.0322194   0.0322194   0.0322194   0.0322194   0.0302407   0.0289090   0.0275300   0.0264879   0.0252806   0.0252806
R 0 7   5  0  0 10    0.0828094   0.0734940   0.0639626   0.0550960   0.0477775   0.0442456   0.0410102   0.0356627   0.0342561   0.0313162   0.0313162   0.0313162
R 0 7   5  0  1  0    0.0000000   0.0000000   0.0000000   0.0000837   0.0000868   0.0000820   0.0000736   0.0000663   0.0000663   0.0000663   0.0000663   0.0000663
R 0 7   5  0  1  1    0.0000874   0.0000874   0.0000874   0.0000874   0.0000711   0.0000724   0.0000636   0.0000574   0.0000574   0.0000574   0.0000574   0.0000574
R 0 7   5  0  1  2    0.0000752   0.0000752   0.0000752   0.0000752   0.0000719   0.0000660   0.0000612   0.0000537   0.0000537   0.0000537   0.0000537   0.0000537
R 0 7   5  0  1  3    0.0000851   0.0000851   0.0000851   0.0000851   0.0000713   0.0000603   0.0000560   0.0000501   0.0000501   0.0000501   0.0000501   0.0000501
R 0 7   5  0  1  4    0.0001461   0.0001461   0.0001461   0.0000977   0.0000948   0.0000759   0.0000557   0.0000462   0.0000462   0.0000462   0.0000462   0.0000462
R 0 7   5  0  1  5    0.0001217   0.0001217   0.0000859   0.0000774   0.0000698   0.0000620   0.0000474   0.0000474   0.0000474   0.0000474   0.0000474   0.0000474
R 0 7   5  0  1  6    0.0000762   0.0000762   0.0000762   0.0000570   0.0000623   0.0000598   0.0000569   0.0000346   0.0000346   0.0000346   0.0000346   0.0000346
R 0 7   5  0  1  7    0.0000925   0.0000925   0.0000925   0.0000925   0.0000873   0.0000769   0.0000748   0.0000768   0.0000760   0.0000592   0.0000592   0.0000592
R 0 7   5  0  1  8    0.0001249   0.0001249   0.0001249   0.0001249   0.0001249   0.0001249   0.0001249   0.0001174   0.0001061   0.0001022   0.0000919   0.0000743
R 0 7   5  0  1  9    0.0002936   0.0002936   0.0002936   0.0002936   0.0002936   0.0002936   0.0002312   0.0002043   0.0001854   0.0001543   0.0001428   0.0001428
R 0 7   5  0  1 10    0.0015181   0.0011873   0.0009508   0.0008022   0.0005915   0.0004904   0.0004008   0.0002669   0.0002108   0.0001759   0.0001759   0.0001759
R 0 7   5  0  2  0    0.0000000   0.0000000   0.0000000   0.0000000   0.0000152   0.0000186   0.0000200   0.0000113   0.0000113   0.0000113   0.0000113   0.0000113
R 0 7   5  0  2  1    0.0000000   0.0000000   0.0000000   0.0000000   0.0000000   0.0000228   0.0000152   0.0000206   0.0000206   0.0000206   0.0000206   0.0000206
R 0 7   5  0  2  2    0.0000495   0.0000495   0.0000495   0.0000495   0.0000661   0.0000216   0.0000169   0.0000194   0.0000194   0.0000194   0.0000194   0.0000194
R 0 7   5  0  2  3    0.0000562   0.0000562   0.0000562   0.0000562   0.0000308   0.0000152   0.0000207   0.0000129   0.0000129   0.0000129   0.0000129   0.0000129
R 0 7   5  0  2  4    0.0000000   0.0000000   0.0000000   0.0000000   0.0000147   0.0000196   0.0000163   0.0000199   0.0000199   0.0000199   0.0000199   0.0000199
R 0 7   5  0  2  5    0.0000000   0.0000000   0.0000000   0.0000117   0.0000281   0.0000232   0.0000142   0.0000142   0.0000142   0.0000142   0.0000142   0.0000142
R 0 7   5  0  2  6    0.0000000   0.0000000   0.0000000   0.0000000   0.0000120   0.0000106   0.0000000   0.0000205   0.0000205   0.0000205   0.0000205   0.0000205
R 0 7   5  0  2  7    0.0000000   0.0000000   0.0000000   0.0000000   0.0000493   0.0000000   0.0000000   0.0000090   0.0000080   0.0000216   0.0000216   0.0000216
R 0 7   5  0  2  8    0.0000000   0.0000000   0.0000000   0.0000000   0.0000000   0.0000000   0.0000000   0.0000000   0.0000071   0.0000151   0.0000000   0.0000000
R 0 7   5  0  2  9    0.0000000   0.0000000   0.0000000   0.0000000   0.0000000   0.0000000   0.0000490   0.0000558   0.0000189   0.0000409   0.0000273   0.0000273
R 0 7   5  0  2 10    0.0000000   0.0000000   0.0000000   0.0000000   0.0000000   0.0000347   0.0001158   0.0000659   0.0000000   0.0000000   0.0000000   0.0000000
R 0 7   5  0  3  0    1.0185752   1.0185752   0.9730174   0.9938465   0.9866111   0.9816501   0.9794860   0.9809680   0.9809680   0.9809680   0.9809680   0.9809680
R 0 7   5  0  3  1    0.9874918   0.9874918   0.9874918   0.9874918   0.9812849   0.9801172   0.9777362   0.9775172   0.9775172   0.9775172   0.9775172   0.9775172
R 0 7   5  0  3  2    0.9792031   0.9792031   0.9792031   0.9792031   0.9860243   0.9815029   0.9795184   0.9792736   0.9792736   0.9792736   0.9792736   0.9792736
R 0 7   5  0  3  3    0.9647168   0.9647168   0.9647168   0.9647168   0.9889196   0.9827124   0.9799382   0.9795942   0.9795942   0.9795942   0.9795942   0.9795942
R 0 7   5  0  3  4    0.9850899   0.9850899   0.9850899   0.9742220   0.9727058   0.9719693   0.9764460   0.9847584   0.9847584   0.9847584   0.9847584   0.9847584
R 0 7   5  0  3  5    0.9742167   0.9742167   0.9797687   0.9778423   0.9721759   0.9702757   0.9666938   0.9666938   0.9666938   0.9666938   0.9666938   0.9666938
R 0 7   5  0  3  6    0.9910704   0.9910704   0.9910704   0.9872980   0.9845700   0.9825550   0.9809284   0.9781278   0.9781278   0.9781278   0.9781278   0.9781278
R 0 7   5  0  3  7    0.9850652   0.9850652   0.9850652   0.9850652   1.0014833   0.9877099   0.9850462   0.9827328   0.9838966   0.9822704   0.9822704   0.9822704
R 0 7   5  0  3  8    0.9964525   0.9964525   0.9964525   0.9964525   0.9964525   0.9964525   0.9964525   0.9852100   0.9805731   0.9820512   0.9842054   0.9960336
R 0 7   5  0  3  9    0.9938683   0.9938683   0.9938683   0.9938683   0.9938683   0.9938683   0.9780573   0.9723155   0.9711929   0.9816809   0.9913241   0.9913241
R 0 7   5  0  3 10    1.0022430   1.0060789   0.9872552   0.9702340   0.9686171   0.9658809   0.9654667   0.9654785   0.9857022   0.9869029   0.9869029   0.9869029
R 0 7   5  0  4  0    1.4039125   1.4039125   1.3432729   2.1364098   2.2558784   2.2742600   2.2391155   2.2725239   2.2725239   2.2725239   2.2725239   2.2725239
R 0 7   5  0  4  1    1.9857343   1.9857343   1.9857343   1.9857343   2.1492003   2.2221295   2.2043136   2.2039982   2.2039982   2.2039982   2.2039982   2.2039982
R 0 7   5  0  4  2    1.9220204   1.9220204   1.9220204   1.9220204   2.1913168   2.2552653   2.2336295   2.2312460   2.2312460   2.2312460   2.2312460   2.2312460
R 0 7   5  0  4  3    1.7842984   1.7842984   1.7842984   1.7842984   2.2667117   2.2614437   2.2349628   2.2263351   2.2263351   2.2263351   2.2263351   2.2263351
R 0 7   5  0  4  4    1.8940085   1.8940085   1.8940085   2.0246645   2.0844427   2.0864670   2.2027658   2.3417947   2.3417947   2.3417947   2.3417947   2.3417947
R 0 7   5  0  4  5    1.7417255   1.7417255   2.0657532   2.1533597   2.0866076   2.0820313   2.0064541   2.0064541   2.0064541   2.0064541   2.0064541   2.0064541
R 0 7   5  0  4  6    1.9708768   1.9708768   1.9708768   2.2150665   2.3187158   2.3504693   2.3420744   2.2755350   2.2755350   2.2755350   2.2755350   2.2755350
R 0 7   5  0  4  7    1.7958309   1.7958309   1.7958309   1.7958309   2.2720912   2.3510397   2.3413014   2.3475745   2.3855099   2.3473753   2.3473753   2.3473753
R 0 7   5  0  4  8    2.2394800   2.2394800   2.2394800   2.2394800   2.2394800   2.2394800   2.2394800   2.2466550   2.2245393   2.2688638   2.3094296   2.2989811
R 0 7   5  0  4  9    2.0876519   2.0876519   2.0876519   2.0876519   2.0876519   2.0876519   2.0440754   2.0564320   2.0417237   2.1987774   2.1982815   2.1982815
R 0 7   5  0  4 10    2.0059617   2.2206959   1.9797509   1.9006288   1.9778816   1.9626679   1.9571380   1.9375972   2.0789878   2.0207044   2.0207044   2.0207044
R 0 7   5  0  5  0   11.8606316  11.8606316   7.7902920   3.4474174   3.6390051   3.8614134   4.2304826   3.9271455   3.9271455   3.9271455   3.9271455   3.9271455
R 0 7   5  0  5  1    3.8991733   3.8991733   3.8991733   3.8991733   4.1143745   4.0612789   4.3725416   4.3288681   4.3288681   4.3288681   4.3288681   4.3288681
R 0 7   5  0  5  2    3.9166930   3.9166930   3.9166930   3.9166930   4.2547596   4.0408249   4.1359733   4.3113247   4.3113247   4.3113247   4.3113247   4.3113247
R 0 7   5  0  5  3    5.0220684   5.0220684   5.0220684   5.0220684   3.8534532   4.0308341   4.2964192   4.3514493   4.3514493   4.3514493   4.3514493   4.3514493
R 0 7   5  0  5  4    5.0742067   5.0742067   5.0742067   4.9907009   5.1465742   5.0100413   3.9583540   3.2190971   3.2190971   3.2190971   3.2190971   3.2190971
R 0 7   5  0  5  5    4.6758176   4.6758176   4.9678795   4.6449118   5.3305322   4.7112631   4.1277099   4.1277099   4.1277099   4.1277099   4.1277099   4.1277099
R 0 7   5  0  5  6    3.1695596   3.1695596   3.1695596   4.0018526   3.4542524   2.9629401   2.3993695   2.0087529   2.0087529   2.0087529   2.0087529   2.0087529
R 0 7   5  0  5  7    4.1378695   4.1378695   4.1378695   4.1378695   3.7415249   3.1214540   2.9435719   2.8796419   2.5792144   2.0865178   2.0865178   2.0865178
R 0 7   5  0  5  8    3.8696863   3.8696863   3.8696863   3.8696863   3.8696863   3.8696863   3.8696863   4.4509807   4.6225551   4.2586199   3.5083817   3.9612584
R 0 7   5  0  5  9    4.7018172   4.7018172   4.7018172   4.7018172   4.7018172   4.7018172   6.7168083   6.0925944   6.6696568   5.4532708   5.7217762   5.7217762
R 0 7   5  0  5 10    5.7473704   4.1720920   4.3599276   5.5884076   5.3803109   6.6671214   8.0193894   8.7655481   6.4724929   6.8947851   6.8947851   6.8947851
F  0  7   5  0  0  0    1.0092477   1.0285163   0.9907377   1.0005626   0.9741179   0.9968334   0.9933462   0.9896354   0.9899494   0.9848999   0.9818794
F  0  7   5  1  0  0    1.0629557   1.0962860   1.0601485   1.0637319   1.0481650   1.0701905   1.0686248   1.0655554   1.0223357   1.0428409   1.0649732
C  0  7   5  0  0  0  -0.2580619 -0.1159264 -0.1802893 -0.3897480 -0.2657349 -0.1626579 -0.1576897 -0.1898265 -0.2578610 -0.1580843 -0.2448234 -0.1620234 -0.1947058 -0.3172645 -0.3347530 -0.0418791
C  0  7   5  0  0  1  -0.0626270 -0.1594234 -0.1366528 -0.1206488 -0.1396288 -0.0978938 -0.1524268 -0.1261711 -0.0441255 -0.1316245 -0.0218280 -0.1045877 -0.1583409 -0.1342719 -0.2003261 -0.0432013
C  0  7   5  0  0  2  -0.1137085 -0.1070804 -0.1139573 -0.1314270 -0.0156600 -0.0543956 -0.0836303 -0.0944273 -0.0193604 -0.0743565 -0.0466578 -0.0673608 -0.1253481 -0.0598745 -0.0351635 -0.1000566
C  0  7   5  0  0  3  -0.0588671 -0.0789500 -0.1294413 -0.0285180  0.0291301 -0.1345572 -0.0912742 -0.0256316 -0.0425434 -0.0213386 -0.1082004 -0.0596228 -0.1520554 -0.1084997 -0.1017448 -0.0114292
C  0  7   5  0  0  4  -0.0862888 -0.0875039 -0.0492958 -0.0895745 -0.1020298 -0.0866916 -0.0483318 -0.0439419 -0.0361948 -0.0303818 -0.0621637 -0.0377646 -0.1263976 -0.1157416 -0.0251157 -0.0685222
C  0  7   5  0  0  5  -0.0236741  0.0100821 -0.0722281  0.0540964 -0.0115162 -0.0276719 -0.0333929 -0.0171061  0.0402093 -0.0142017 -0.0043323 -0.0066880 -0.0376849  0.0246341  0.0752038 -0.0576990
C  0  7   5  0  0  6  -0.0107429  0.0784790  0.0322198 -0.0006084 -0.0062483  0.0232853 -0.0411607 -0.0742775 -0.0300739 -0.0422719  0.0047556  0.0199686 -0.0639573 -0.0027233 -0.0477919  0.0809835
C  0  7   5  0  0  7  -0.0453973  0.0104817  0.0115770 -0.0114197  0.0045247  0.0431302  0.0241038  0.0006809 -0.0278189 -0.0200532  0.0629427 -0.0385720  0.0053394 -0.0280804 -0.0306527  0.0186285
C  0  7   5  0  0  8  -0.0121228  0.0030421  0.0391734  0.0261135 -0.0128995  0.0347859  0.0026546 -0.0234812  0.0074003  0.0287673 -0.0167185  0.0050376 -0.0062650  0.0578054 -0.0590511 -0.0138742
C  0  7   5  0  0  9  -0.0439187  0.0259524 -0.0121985  0.0416517  0.0294337  0.0366664 -0.0046135  0.0320501 -0.0407906  0.0094250  0.0472640  0.0381300 -0.0116936  0.0517086 -0.0130700  0.0481420
C  0  7   5  0  0 10  -0.0231661  0.0100351  0.0418250  0.0600395  0.0031724  0.0036399 -0.0381827 -0.0268899  0.0130526 -0.0540311  0.0117164 -0.0014883 -0.0365395  0.0507956  0.0135574  0.0475873
C  0  7   5  0  0 11  -0.0492304  0.0308156 -0.0420797  0.0522972  0.0198362  0.0562645  0.0464156  0.0874616  0.0133535  0.0322505  0.0201983 -0.0206617 -0.0009763  0.0187009  0.0003332 -0.0028438
C  0  7   5  0  0 12   0.0565554 -0.0134928  0.0006800  0.0076862  0.0107732  0.0287446 -0.0232990 -0.0092039 -0.0049039  0.0630272  0.0139293 -0.0017832 -0.0570247 -0.0009493  0.0203436  0.0223949
C  0  7   5  0  0 13  -0.0330031 -0.0013600  0.0337553  0.0040794 -0.0009010 -0.0205811  0.0175919 -0.0044365  0.0312886  0.0364316 -0.0198017  0.0163078 -0.0096066  0.0153272 -0.0090052  0.0080160
C  0  7   5  0  0 14  -0.0322343 -0.0057041 -0.0240684 -0.0087730 -0.0102906 -0.0073531 -0.0037616  0.0104429 -0.0255103 -0.0202039  0.0711995 -0.0547623  0.0213341  0.0315764 -0.0078279 -0.0608323
C  0  7   5  0  0 15  -0.0720702 -0.0435125 -0.0130542  0.0250333  0.0286737 -0.0578521 -0.0053365  0.0198005  0.0043909 -0.0125378 -0.0200428 -0.1034623 -0.0088342  0.0085730 -0.0751255  0.0060386
C  0  7   5  0  0 16   0.0884838  0.0250569 -0.0130843  0.0116608 -0.0283966 -0.0891997 -0.0265362  0.0006374 -0.0700537  0.1133546  0.0122611 -0.0597934 -0.0703627 -0.0095019 -0.0845640 -0.0091309
C  0  7   5  0  0 17  -0.0880132 -0.0840881 -0.1221580 -0.1039953 -0.1254510 -0.0425005 -0.0535395 -0.0094704 -0.0245318 -0.0682381 -0.0027102 -0.0158058 -0.1003943 -0.1472371 -0.0513092 -0.0156557
C  0  7   5  0  0 18  -0.1428193 -0.0435857 -0.0159869 -0.0541692 -0.1490322 -0.0449667 -0.0568031 -0.0359923 -0.0522575 -0.0206323 -0.0300084 -0.0891818 -0.0407241 -0.0049801 -0.1555148 -0.0086687
C  0  7   5  0  0 19   0.0219149 -0.0895999 -0.2072201 -0.0211320 -0.1126918 -0.0670365 -0.1313433 -0.0397477 -0.1175718 -0.0609461 -0.0733363 -0.0863377 -0.0691467 -0.0608643 -0.0581127 -0.0971882
C  0  7   5  0  0 20  -0.1029308 -0.0706543 -0.0575382 -0.0594251 -0.1480869 -0.1450747 -0.1799356 -0.1395195 -0.1520775 -0.1967142 -0.1585362  0.0067187 -0.0293801 -0.1679702 -0.1548093 -0.1588208
C  0  7   5  0  0 21  -0.1977072 -0.1999121 -0.3250670 -0.1718789 -0.2005119 -0.1724356 -0.2528361 -0.0717960 -0.1848797 -0.1169229 -0.1970351 -0.2845276 -0.3461290 -0.3869285 -0.2489724 -0.2627449
C  0  7   5  0  1  0  -0.0018587 -0.0002222 -0.0004912 -0.0019056 -0.0029453  0.0025261  0.0006823  0.0006725  0.0019791 -0.0005977 -0.0033885  0.0032877  0.0057462  0.0046134  0.0054592  0.0063151
C  0  7   5  0  1  1   0.0011498  0.0009830 -0.0020957 -0.0027499 -0.0007840 -0.0019401  0.0043630  0.0008571  0.0022833 -0.0015110 -0.0016338 -0.0024354  0.0026916  0.0041237  0.0020477  0.0023706
C  0  7   5  0  1  2   0.0027930 -0.0009237 -0.0001162  0.0001267 -0.0018532  0.0009570  0.0001648  0.0006523 -0.0011612  0.0011048 -0.0016596 -0.0017318  0.0016859 -0.0007509  0.0002467 -0.0001884
C  0  7   5  0  1  3   0.0025406 -0.0001038  0.0004202 -0.0018833 -0.0009330  0.0016735  0.0020633 -0.0012715 -0.0024054 -0.0020918 -0.0010922 -0.0015012  0.0006603 -0.0010836  0.0002510  0.0023449
C  0  7   5  0  1  4   0.0025034 -0.0003953 -0.0008646  0.0023158  0.0010560 -0.0010185  0.0015877 -0.0001077  0.0009702  0.0007546 -0.0006322 -0.0016742  0.0017964 -0.0003863 -0.0000796 -0.0023857
C  0  7   5  0  1  5   0.0013616  0.0008812 -0.0018588  0.0016124  0.0002553 -0.0006346 -0.0005845  0.0005994 -0.0000362  0.0004210  0.0017332 -0.0013078  0.0002908  0.0000396  0.0003896 -0.0009008
C  0  7   5  0  1  6   0.0022075 -0.0002055 -0.0005857  0.0005068  0.0007988 -0.0002414 -0.0009729 -0.0004635  0.0005846 -0.0011405 -0.0003851 -0.0001210 -0.0009943 -0.0022541  0.0013865 -0.0007182
C  0  7   5  0  1  7   0.0019735 -0.0001264  0.0008221  0.0003893  0.0020252  0.0009199 -0.0013832  0.0001568  0.0009241 -0.0012227  0.0013310 -0.0015590 -0.0008904 -0.0001307  0.0000328  0.0001763
C  0  7   5  0  1  8   0.0015803  0.0010415  0.0002524 -0.0005587  0.0012457  0.0011074  0.0009940  0.0001748  0.0018450  0.0001319 -0.0000069 -0.0013040 -0.0004932  0.0006888  0.0001310  0.0008066
C  0  7   5  0  1  9  -0.0018750  0.0008669  0.0016329  0.0001612  0.0002951  0.0003485  0.0007739  0.0007960 -0.0007327 -0.0014798 -0.0027890 -0.0007320 -0.0011521  0.0000854 -0.0012983  0.0006643
C  0  7   5  0  1 10   0.0007825  0.0002592  0.0014247  0.0017153  0.0016174 -0.0003066  0.0005618 -0.0002737 -0.0019390 -0.0016997 -0.0002266 -0.0008649 -0.0012133 -0.0007811  0.0000173  0.0011398
C  0  7   5  0  1 11   0.0002285  0.0002992  0.0003251  0.0008641  0.0000902  0.0004090 -0.0022144 -0.0013771 -0.0026445  0.0000887 -0.0002003 -0.0013663  0.0007416 -0.0001578 -0.0003142 -0.0005989
C  0  7   5  0  1 12   0.0004290 -0.0001339  0.0002743 -0.0005478  0.0006929 -0.0005271  0.0011658 -0.0001953  0.0003897 -0.0000365 -0.0000739  0.0017762  0.0002016 -0.0001242  0.0002215  0.0012894
C  0  7   5  0  1 13   0.0026077 -0.0012488  0.0004865  0.0018059  0.0024204  0.0007250 -0.0007776  0.0006594 -0.0002973 -0.0013069 -0.0008951 -0.0018615 -0.0007797  0.0010247  0.0003044  0.0015166
C  0  7   5  0  1 14   0.0019371  0.0004666  0.0022632  0.0014295  0.0016760  0.0017045 -0.0005875  0.0012835  0.0000934  0.0005922  0.0002063  0.0003012  0.0005342  0.0004195 -0.0005490  0.0021563
C  0  7   5  0  1 15   0.0015826  0.0000645 -0.0002937  0.0005941  0.0007444  0.0018715  0.0008554 -0.0010163  0.0006841 -0.0008717 -0.0004613  0.0009975 -0.0000267  0.0007042  0.0005791  0.0004300
C  0  7   5  0  1 16   0.0021955  0.0025158  0.0012583  0.0013588 -0.0004869  0.0023106  0.0007546  0.0000349  0.0007466 -0.0008749  0.0007743  0.0002213 -0.0001751  0.0013100  0.0023587  0.0019069
C  0  7   5  0  1 17   0.0006474 -0.0013533  0.0000422  0.0032995  0.0014239  0.0031120  0.0022276  0.0020760 -0.0002023  0.0030940  0.0016558 -0.0003399  0.0012152 -0.0009448  0.0047686  0.0044546
C  0  7   5  0  1 18   0.0055098  0.0043779  0.0020836  0.0010853  0.0001078  0.0019736  0.0043734  0.0011473 -0.0007517  0.0015835  0.0037178  0.0018708 -0.0000147  0.0000442  0.0059748  0.0049857
C  0  7   5  0  1 19   0.0025634  0.0024627  0.0011626  0.0019355  0.0007346  0.0015354  0.0029858  0.0014518  0.0033045  0.0030664 -0.0003774  0.0004740  0.0017084  0.0020495  0.0035228  0.0045389
C  0  7   5  0  1 20   0.0054834  0.0055039  0.0046028  0.0037523  0.0015070  0.0040562  0.0028810  0.0040159  0.0032282  0.0036417  0.0000199 -0.0015722  0.0027938  0.0038812  0.0052759  0.0057441
C  0  7   5  0  1 21   0.0129857  0.0125575  0.0062714  0.0017796 -0.0030750 -0.0052321 -0.0083179 -0.0009940 -0.0022122 -0.0030067 -0.0002488  0.0051081  0.0017678  0.0055051  0.0097018  0.0042980
C  0  7   5  1  0  0  -0.3037695 -0.2541826 -0.3085511 -0.3254283 -0.3325347 -0.3519101 -0.2444741 -0.2660038 -0.3900919 -0.2810824 -0.3218293 -0.4328737 -0.3416471 -0.4776587 -0.3624906 -0.3747487
C  0  7   5  1  0  1  -0.2832934 -0.3418189 -0.2194897 -0.2923232 -0.2672406 -0.2260552 -0.3558814 -0.2594936 -0.3151697 -0.3381047 -0.3828848 -0.3085686 -0.3296210 -0.2937970 -0.2491645 -0.2352794
C  0  7   5  1  0  2  -0.3864262 -0.3061089 -0.2274808 -0.2874122 -0.2704738 -0.2933787 -0.2523887 -0.2586932 -0.2230271 -0.2629686 -0.3109746 -0.3628417 -0.3374766 -0.3890433 -0.1782024 -0.3686154
C  0  7   5  1  0  3  -0.3190382 -0.2474649 -0.2663604 -0.2844011 -0.3045117 -0.1998771 -0.2037183 -0.1707989 -0.2141557 -0.2389531 -0.2820267 -0.2766880 -0.2714309 -0.3186445 -0.2769001 -0.1623734
C  0  7   5  1  0  4  -0.2947503 -0.1654371 -0.1964303 -0.2188459 -0.2666502 -0.2671695 -0.3657222 -0.2562967 -0.1739152 -0.2681184 -0.2352428 -0.2946169 -0.2720357 -0.2469360 -0.2367045 -0.2934080
C  0  7   5  1  0  5  -0.1676006 -0.1337761 -0.1743958 -0.1541785 -0.1121831 -0.1352854 -0.2458373 -0.0853820 -0.1224400 -0.1962845 -0.1833489 -0.1932413 -0.2428403 -0.2174295 -0.1795074 -0.2545928
C  0  7   5  1  0  6  -0.1779856 -0.0274762 -0.1944296 -0.2220875 -0.0776333 -0.0930438 -0.1801213 -0.1211561 -0.1335824 -0.1008541 -0.1334403 -0.0947383 -0.0694008 -0.1333126 -0.1146705 -0.1616382
C  0  7   5  1  0  7  -0.1635402 -0.1631832 -0.1436439 -0.0933021 -0.1259215 -0.1790609 -0.1862883 -0.1175880 -0.1311233 -0.1413400 -0.1058179 -0.1318038 -0.1787570 -0.1066828 -0.1144424 -0.0941658
C  0  7   5  1  0  8  -0.1812064 -0.0380491 -0.1885455 -0.1692349 -0.1673311 -0.1668960 -0.1120924 -0.0905867 -0.1373929 -0.0565619 -0.1317788 -0.2421399 -0.1455001 -0.2143991 -0.1162054 -0.1065840
C  0  7   5  1  0  9  -0.1204688 -0.0992364 -0.1206781 -0.1130389 -0.1194167 -0.1516404 -0.1824797 -0.1640133 -0.1234840 -0.1569353 -0.0836028 -0.1664029 -0.1361761 -0.0636043 -0.0889189 -0.1814929
C  0  7   5  1  0 10  -0.1373483 -0.0939070 -0.0351631 -0.0800465 -0.1752653 -0.1216768 -0.1442665 -0.1249412 -0.1007421 -0.1095219 -0.1958933 -0.1114840 -0.0825798 -0.1011228 -0.1192213 -0.0991109
C  0  7   5  1  0 11  -0.1503142 -0.0981622 -0.1377284 -0.0969335 -0.1307576 -0.1028802 -0.0661499 -0.1046900 -0.1852928 -0.0841558 -0.1592252 -0.1299918 -0.1209505 -0.1333823 -0.0603358 -0.1201270
C  0  7   5  1  0 12  -0.1388392 -0.1103179 -0.0995226 -0.1072117 -0.1868750 -0.1451342 -0.1306495 -0.2222311 -0.1252107 -0.1350084 -0.1761269 -0.1310548 -0.1494942 -0.1081324 -0.0597270 -0.1105771
C  0  7   5  1  0 13  -0.0900483 -0.1536124 -0.1363752 -0.1546995 -0.1643054 -0.1141170 -0.1457399 -0.1723122 -0.1117285 -0.1814197 -0.1921315 -0.1383745 -0.1279944 -0.1900139 -0.1604271 -0.0838081
C  0  7   5  1  0 14  -0.0885222 -0.0605969 -0.1414833 -0.1401720 -0.1512729 -0.1552665 -0.1818399 -0.1949159 -0.2235762 -0.1376890 -0.1634059 -0.1917520 -0.1425838 -0.1563976 -0.1195689 -0.2194603
C  0  7   5  1  0 15  -0.1420918 -0.1474992 -0.1308609 -0.0826582 -0.1239863 -0.1511422 -0.1070423 -0.1217370 -0.1520539 -0.2046524 -0.1548720 -0.1593573 -0.1143717 -0.0424099 -0.0749837 -0.0647352
C  0  7   5  1  0 16  -0.0913047 -0.1270440 -0.1975780 -0.1332881 -0.1482394 -0.1597400 -0.0758491 -0.1803410 -0.1514623 -0.1882600 -0.1907066 -0.1592102 -0.0692693 -0.1917095 -0.1254635 -0.1137307
C  0  7   5  1  0 17  -0.1448110 -0.3866772 -0.1840865 -0.1796919 -0.1769741 -0.2606772 -0.2007634 -0.2463482 -0.1913750 -0.2408271 -0.2537447 -0.1709088 -0.2280127 -0.2984122 -0.3044523 -0.3255505
C  0  7   5  1  0 18  -0.2995544 -0.2938105 -0.2372719 -0.2028889 -0.2400652 -0.1870598 -0.2975084 -0.2008828 -0.2369740 -0.2914481 -0.3004237 -0.3099377 -0.2759374 -0.1902832 -0.1595511 -0.1922667
C  0  7   5  1  0 19  -0.2404263 -0.2541076 -0.2162672 -0.2682397 -0.2534414 -0.1997571 -0.3141576 -0.2221209 -0.2919229 -0.2973824 -0.2038572 -0.2280208 -0.2567671 -0.2723463 -0.2812346 -0.3277529
C  0  7   5  1  0 20  -0.3175125 -0.2486957 -0.3394128 -0.3205904 -0.2163627 -0.2921982 -0.3156007 -0.3471190 -0.2457362 -0.2663546 -0.3509353 -0.3390653 -0.2983299 -0.2980461 -0.1599226 -0.2686487
C  0  7   5  1  0 21  -0.3483162 -0.3704309 -0.3009089 -0.2944461 -0.4221077 -0.2487568 -0.3401543 -0.2101944 -0.3825900 -0.4181225 -0.2863254 -0.4873264 -0.2914400 -0.2946271 -0.4092345 -0.5219060
C  0  7   5  1  1  0   0.0438582  0.0463995  0.0410053  0.0278326 -0.0051492 -0.0212454 -0.0341711 -0.0424049 -0.0446816 -0.0300271 -0.0309100 -0.0185998  0.0013702  0.0002959  0.0213184  0.0359666
C  0  7   5  1  1  1   0.0248574  0.0207902  0.0190603  0.0122671 -0.0003560 -0.0088593 -0.0181601 -0.0187571 -0.0172409 -0.0141038 -0.0138651 -0.0067101  0.0054302  0.0095456  0.0130966  0.0232212
C  0  7   5  1  1  2   0.0121107  0.0114558  0.0102890  0.0054016 -0.0002919 -0.0044680 -0.0080435 -0.0103622 -0.0100878 -0.0041969 -0.0039676 -0.0027530 -0.0011130  0.0022201  0.0049152  0.0079749
C  0  7   5  1  1  3   0.0066645  0.0060676  0.0011798  0.0031876 -0.0025891  0.0003822 -0.0033971 -0.0026332 -0.0001825 -0.0023777 -0.0023383 -0.0019594 -0.0013601  0.0011191  0.0036491  0.0050840
C  0  7   5  1  1  4   0.0024560  0.0016218  0.0001458 -0.0016360  0.0006614 -0.0003530 -0.0009629 -0.0021071  0.0028185  0.0013212 -0.0007285 -0.0011293 -0.0001056  0.0008410  0.0029063  0.0019946
C  0  7   5  1  1  5   0.0012884 -0.0002353 -0.0012741  0.0012072  0.0007951  0.0017476  0.0025126  0.0012843  0.0038871  0.0021498 -0.0021659 -0.0004017 -0.0001598  0.0008468  0.0025600 -0.0012741
C  0  7   5  1  1  6   0.0000324  0.0015030  0.0010624  0.0031656  0.0029606  0.0023155  0.0037259  0.0031355  0.0025336  0.0003240  0.0003064 -0.0005890 -0.0014322 -0.0003677  0.0004030  0.0002046
C  0  7   5  1  1  7  -0.0017937  0.0004853  0.0008275  0.0039434  0.0027823  0.0022759  0.0043934  0.0038095  0.0027872  0.0003268  0.0003392  0.0006240  0.0015373 -0.0002057  0.0007715 -0.0024036
C  0  7   5  1  1  8  -0.0015042  0.0005606  0.0018270  0.0021925  0.0034810  0.0019520  0.0046384  0.0032988  0.0052609  0.0011154 -0.0006024 -0.0023491  0.0015793 -0.0015939  0.0016486 -0.0018245
C  0  7   5  1  1  9   0.0005960  0.0026898  0.0016651  0.0034495  0.0012300  0.0004264  0.0037062  0.0027402  0.0021729 -0.0004272  0.0001340  0.0010148 -0.0010614 -0.0021559 -0.0008259 -0.0020771
C  0  7   5  1  1 10  -0.0002233  0.0021400  0.0014885  0.0010134  0.0003280 -0.0001546 -0.0000521  0.0023293  0.0032679 -0.0002190 -0.0002690  0.0006109 -0.0013662  0.0002468  0.0007876 -0.0008104
C  0  7   5  1  1 11  -0.0000700  0.0013535  0.0025411  0.0012211  0.0021174  0.0001051  0.0008694  0.0013440  0.0034447  0.0018185 -0.0024914 -0.0008510 -0.0022903 -0.0010255  0.0010646 -0.0023883
C  0  7   5  1  1 12   0.0010548  0.0022846  0.0034394  0.0050805  0.0000771  0.0007252  0.0002009  0.0019260  0.0047471  0.0006297  0.0023289  0.0018985 -0.0006614 -0.0026282  0.0004004 -0.0019597
C  0  7   5  1  1 13  -0.0006491  0.0013064  0.0028300  0.0041825  0.0019016  0.0016432  0.0025612  0.0048546  0.0049143  0.0004530 -0.0000155 -0.0000269 -0.0020366 -0.0040152 -0.0014640 -0.0032934
C  0  7   5  1  1 14  -0.0017384  0.0009207  0.0018565  0.0047362  0.0027671  0.0020353  0.0036972  0.0053209  0.0070995 -0.0001828  0.0034709  0.0000614 -0.0024867 -0.0023281 -0.0021559 -0.0044276
C  0  7   5  1  1 15  -0.0019286  0.0030310  0.0019519  0.0043940  0.0016485 -0.0040774  0.0021152  0.0023812  0.0059301  0.0014887  0.0019781  0.0013717 -0.0034159 -0.0069046 -0.0052033 -0.0054490
C  0  7   5  1  1 16   0.0000132  0.0010716  0.0050867  0.0053662  0.0007939 -0.0019710  0.0019282  0.0027305  0.0047644  0.0053439  0.0033693  0.0027902 -0.0016706 -0.0021685 -0.0051274 -0.0048854
C  0  7   5  1  1 17  -0.0045254  0.0015746 -0.0003847  0.0051978  0.0003638 -0.0031817  0.0014713  0.0025121  0.0056234  0.0035300  0.0045414  0.0054153 -0.0034028 -0.0059306 -0.0051877 -0.0077539
C  0  7   5  1  1 18   0.0014767  0.0054231  0.0036594  0.0073601  0.0036741 -0.0000130 -0.0025977  0.0003460  0.0040522  0.0033343  0.0039881  0.0021235 -0.0008604 -0.0047855 -0.0053017 -0.0056889
C  0  7   5  1  1 19   0.0020839  0.0092874  0.0120753  0.0103328  0.0077126  0.0001927 -0.0012997 -0.0005067  0.0033344  0.0081579  0.0043320 -0.0002346 -0.0027715 -0.0057082 -0.0060892 -0.0030276
C  0  7   5  1  1 20   0.0015064  0.0149648  0.0188574  0.0133871  0.0043798  0.0002323 -0.0030432 -0.0067401  0.0033987  0.0076397  0.0086402 -0.0006231 -0.0084533 -0.0080647 -0.0064041 -0.0049434
C  0  7   5  1  1 21   0.0129349  0.0183674  0.0311861  0.0237303  0.0107624  0.0083996  0.0083936  0.0093521  0.0111400  0.0180172  0.0021652  0.0015613 -0.0147372 -0.0181760 -0.0122471  0.0007143
