CPHI 16 
CETA 22 -2.40 -2.10 -1.85 -1.60 -1.40 -1.20 -1.00 -0.80 -0.60 -0.40 -0.20  0.00  0.20  0.40  0.60  0.80  1.00  1.20  1.40  1.60  1.85  2.10  2.40 
RMIN  6 
RTRK 12 
RETA 11  0.00  0.20  0.40  0.60  0.80  1.00  1.20  1.40  1.60  1.85  2.10  2.40 
T 0 7   6  0  0  0    0.0000000   0.0006174   0.0016774   0.0031880   0.0122719   0.0692370   0.2780276   0.6535433   1.0000000   1.0000000   1.0000000   1.0000000   1.0000000
T 0 7   6  0  0  1    0.0000000   0.0001354   0.0005459   0.0023920   0.0124343   0.0590489   0.2262877   0.5889114   1.0000000   1.0000000   1.0000000   1.0000000   1.0000000
T 0 7   6  0  0  2    0.0000000   0.0001294   0.0005243   0.0017488   0.0107047   0.0555296   0.2094740   0.5738720   1.0000000   1.0000000   1.0000000   1.0000000   1.0000000
T 0 7   6  0  0  3    0.0000000   0.0002015   0.0005867   0.0017170   0.0115356   0.0627351   0.2260086   0.5868161   1.0000000   1.0000000   1.0000000   1.0000000   1.0000000
T 0 7   6  0  0  4    0.0000000   0.0003907   0.0025396   0.0143279   0.0629528   0.2043776   0.4892906   0.8222971   1.0000000   1.0000000   1.0000000   1.0000000   1.0000000
T 0 7   6  0  0  5    0.0000000   0.0009833   0.0074319   0.0513680   0.2055027   0.5328830   0.8761381   0.9993922   1.0000000   1.0000000   1.0000000   1.0000000   1.0000000
T 0 7   6  0  0  6    0.0000000   0.0002959   0.0012101   0.0103076   0.0673314   0.2771700   0.6633683   0.9312166   0.9981963   0.9999994   1.0000000   1.0000000   1.0000000
T 0 7   6  0  0  7    0.0000000   0.0000583   0.0003953   0.0009066   0.0047834   0.0308238   0.1189337   0.2972425   0.5813239   0.8692031   0.9842107   0.9998683   1.0000000
T 0 7   6  0  0  8    0.0000000   0.0000019   0.0000351   0.0001224   0.0003944   0.0009957   0.0042109   0.0251107   0.1194546   0.3938732   0.7895316   0.9692909   1.0000000
T 0 7   6  0  0  9    0.0000000   0.0000072   0.0000100   0.0000333   0.0005408   0.0035534   0.0183417   0.0860144   0.3020499   0.6584964   0.9386042   0.9999342   1.0000000
T 0 7   6  0  0 10    0.0000000   0.0067141   0.0290557   0.0464353   0.0795622   0.1688626   0.3381590   0.6900122   0.9105257   0.9702516   0.9998314   1.0000000   1.0000000
T 0 7   6  1  0  0    0.0000000   0.0005951   0.0016266   0.0037145   0.0180983   0.0935751   0.3219823   0.6870138   1.0000000   1.0000000   1.0000000   1.0000000   1.0000000
T 0 7   6  1  0  1    0.0000000   0.0003190   0.0011339   0.0036802   0.0165526   0.0693454   0.2422582   0.6088883   1.0000000   1.0000000   1.0000000   1.0000000   1.0000000
T 0 7   6  1  0  2    0.0000000   0.0003226   0.0010208   0.0024558   0.0117314   0.0597153   0.2280091   0.6032950   1.0000000   1.0000000   1.0000000   1.0000000   1.0000000
T 0 7   6  1  0  3    0.0000000   0.0003867   0.0010611   0.0025962   0.0138929   0.0690450   0.2442115   0.6173896   1.0000000   1.0000000   1.0000000   1.0000000   1.0000000
T 0 7   6  1  0  4    0.0000000   0.0007357   0.0035569   0.0167806   0.0692263   0.2203131   0.5092293   0.8324158   1.0000000   1.0000000   1.0000000   1.0000000   1.0000000
T 0 7   6  1  0  5    0.0000000   0.0014696   0.0100608   0.0591642   0.2258442   0.5566032   0.8879443   0.9996144   1.0000000   1.0000000   1.0000000   1.0000000   1.0000000
T 0 7   6  1  0  6    0.0000000   0.0004104   0.0016907   0.0127779   0.0785526   0.3101168   0.7089087   0.9492002   0.9988018   0.9999975   1.0000000   1.0000000   1.0000000
T 0 7   6  1  0  7    0.0000000   0.0000990   0.0004256   0.0015466   0.0087768   0.0435124   0.1405149   0.3169907   0.5857899   0.8658925   0.9848701   0.9998685   1.0000000
T 0 7   6  1  0  8    0.0000000   0.0000219   0.0000924   0.0002674   0.0006516   0.0012703   0.0045866   0.0277821   0.1312640   0.4142535   0.8137675   0.9704650   1.0000000
T 0 7   6  1  0  9    0.0000000   0.0000347   0.0000417   0.0000722   0.0002375   0.0017196   0.0130235   0.0787910   0.2963677   0.6678733   0.9516995   0.9999931   1.0000000
T 0 7   6  1  0 10    0.0000000   0.0022529   0.0157256   0.0297873   0.0586195   0.1333611   0.3228616   0.7033907   0.9398395   0.9809116   0.9999971   1.0000000   1.0000000
R 0 7   6  0  0  0    0.0253576   0.0253576   0.0128287   0.0109595   0.0104595   0.0102026   0.0100150   0.0098581   0.0098581   0.0098581   0.0098581   0.0098581
R 0 7   6  0  0  1    0.0122798   0.0122798   0.0122798   0.0122798   0.0111934   0.0109503   0.0109754   0.0108621   0.0108621   0.0108621   0.0108621   0.0108621
R 0 7   6  0  0  2    0.0130097   0.0130097   0.0130097   0.0130097   0.0121884   0.0120291   0.0118600   0.0116981   0.0116981   0.0116981   0.0116981   0.0116981
R 0 7   6  0  0  3    0.0140471   0.0140471   0.0140471   0.0140471   0.0128436   0.0126149   0.0123856   0.0122570   0.0122570   0.0122570   0.0122570   0.0122570
R 0 7   6  0  0  4    0.0197239   0.0197239   0.0197239   0.0177018   0.0170027   0.0159123   0.0145108   0.0131235   0.0131235   0.0131235   0.0131235   0.0131235
R 0 7   6  0  0  5    0.0212935   0.0212935   0.0197325   0.0192336   0.0187752   0.0180916   0.0170218   0.0170218   0.0170218   0.0170218   0.0170218   0.0170218
R 0 7   6  0  0  6    0.0209098   0.0209098   0.0209098   0.0207367   0.0208473   0.0207490   0.0208824   0.0207785   0.0207785   0.0207785   0.0207785   0.0207785
R 0 7   6  0  0  7    0.0231029   0.0231029   0.0231029   0.0231029   0.0212789   0.0214481   0.0212900   0.0210390   0.0206293   0.0198029   0.0198029   0.0198029
R 0 7   6  0  0  8    0.0218674   0.0218674   0.0218674   0.0218674   0.0218674   0.0218674   0.0218674   0.0212585   0.0210625   0.0209894   0.0203586   0.0192185
R 0 7   6  0  0  9    0.0322194   0.0322194   0.0322194   0.0322194   0.0322194   0.0322194   0.0302407   0.0289090   0.0275300   0.0264879   0.0252806   0.0252806
R 0 7   6  0  0 10    0.0828094   0.0734940   0.0639626   0.0550960   0.0477775   0.0442456   0.0410102   0.0356627   0.0342561   0.0313162   0.0313162   0.0313162
R 0 7   6  0  1  0    0.0000000   0.0000000   0.0000000   0.0000837   0.0000868   0.0000820   0.0000736   0.0000663   0.0000663   0.0000663   0.0000663   0.0000663
R 0 7   6  0  1  1    0.0000874   0.0000874   0.0000874   0.0000874   0.0000711   0.0000724   0.0000636   0.0000574   0.0000574   0.0000574   0.0000574   0.0000574
R 0 7   6  0  1  2    0.0000752   0.0000752   0.0000752   0.0000752   0.0000719   0.0000660   0.0000612   0.0000537   0.0000537   0.0000537   0.0000537   0.0000537
R 0 7   6  0  1  3    0.0000851   0.0000851   0.0000851   0.0000851   0.0000713   0.0000603   0.0000560   0.0000501   0.0000501   0.0000501   0.0000501   0.0000501
R 0 7   6  0  1  4    0.0001461   0.0001461   0.0001461   0.0000977   0.0000948   0.0000759   0.0000557   0.0000462   0.0000462   0.0000462   0.0000462   0.0000462
R 0 7   6  0  1  5    0.0001217   0.0001217   0.0000859   0.0000774   0.0000698   0.0000620   0.0000474   0.0000474   0.0000474   0.0000474   0.0000474   0.0000474
R 0 7   6  0  1  6    0.0000762   0.0000762   0.0000762   0.0000570   0.0000623   0.0000598   0.0000569   0.0000346   0.0000346   0.0000346   0.0000346   0.0000346
R 0 7   6  0  1  7    0.0000925   0.0000925   0.0000925   0.0000925   0.0000873   0.0000769   0.0000748   0.0000768   0.0000760   0.0000592   0.0000592   0.0000592
R 0 7   6  0  1  8    0.0001249   0.0001249   0.0001249   0.0001249   0.0001249   0.0001249   0.0001249   0.0001174   0.0001061   0.0001022   0.0000919   0.0000743
R 0 7   6  0  1  9    0.0002936   0.0002936   0.0002936   0.0002936   0.0002936   0.0002936   0.0002312   0.0002043   0.0001854   0.0001543   0.0001428   0.0001428
R 0 7   6  0  1 10    0.0015181   0.0011873   0.0009508   0.0008022   0.0005915   0.0004904   0.0004008   0.0002669   0.0002108   0.0001759   0.0001759   0.0001759
R 0 7   6  0  2  0    0.0000000   0.0000000   0.0000000   0.0000000   0.0000152   0.0000186   0.0000200   0.0000113   0.0000113   0.0000113   0.0000113   0.0000113
R 0 7   6  0  2  1    0.0000000   0.0000000   0.0000000   0.0000000   0.0000000   0.0000228   0.0000152   0.0000206   0.0000206   0.0000206   0.0000206   0.0000206
R 0 7   6  0  2  2    0.0000495   0.0000495   0.0000495   0.0000495   0.0000661   0.0000216   0.0000169   0.0000194   0.0000194   0.0000194   0.0000194   0.0000194
R 0 7   6  0  2  3    0.0000562   0.0000562   0.0000562   0.0000562   0.0000308   0.0000152   0.0000207   0.0000129   0.0000129   0.0000129   0.0000129   0.0000129
R 0 7   6  0  2  4    0.0000000   0.0000000   0.0000000   0.0000000   0.0000147   0.0000196   0.0000163   0.0000199   0.0000199   0.0000199   0.0000199   0.0000199
R 0 7   6  0  2  5    0.0000000   0.0000000   0.0000000   0.0000117   0.0000281   0.0000232   0.0000142   0.0000142   0.0000142   0.0000142   0.0000142   0.0000142
R 0 7   6  0  2  6    0.0000000   0.0000000   0.0000000   0.0000000   0.0000120   0.0000106   0.0000000   0.0000205   0.0000205   0.0000205   0.0000205   0.0000205
R 0 7   6  0  2  7    0.0000000   0.0000000   0.0000000   0.0000000   0.0000493   0.0000000   0.0000000   0.0000090   0.0000080   0.0000216   0.0000216   0.0000216
R 0 7   6  0  2  8    0.0000000   0.0000000   0.0000000   0.0000000   0.0000000   0.0000000   0.0000000   0.0000000   0.0000071   0.0000151   0.0000000   0.0000000
R 0 7   6  0  2  9    0.0000000   0.0000000   0.0000000   0.0000000   0.0000000   0.0000000   0.0000490   0.0000558   0.0000189   0.0000409   0.0000273   0.0000273
R 0 7   6  0  2 10    0.0000000   0.0000000   0.0000000   0.0000000   0.0000000   0.0000347   0.0001158   0.0000659   0.0000000   0.0000000   0.0000000   0.0000000
R 0 7   6  0  3  0    1.0185752   1.0185752   0.9730174   0.9938465   0.9866111   0.9816501   0.9794860   0.9809680   0.9809680   0.9809680   0.9809680   0.9809680
R 0 7   6  0  3  1    0.9874918   0.9874918   0.9874918   0.9874918   0.9812849   0.9801172   0.9777362   0.9775172   0.9775172   0.9775172   0.9775172   0.9775172
R 0 7   6  0  3  2    0.9792031   0.9792031   0.9792031   0.9792031   0.9860243   0.9815029   0.9795184   0.9792736   0.9792736   0.9792736   0.9792736   0.9792736
R 0 7   6  0  3  3    0.9647168   0.9647168   0.9647168   0.9647168   0.9889196   0.9827124   0.9799382   0.9795942   0.9795942   0.9795942   0.9795942   0.9795942
R 0 7   6  0  3  4    0.9850899   0.9850899   0.9850899   0.9742220   0.9727058   0.9719693   0.9764460   0.9847584   0.9847584   0.9847584   0.9847584   0.9847584
R 0 7   6  0  3  5    0.9742167   0.9742167   0.9797687   0.9778423   0.9721759   0.9702757   0.9666938   0.9666938   0.9666938   0.9666938   0.9666938   0.9666938
R 0 7   6  0  3  6    0.9910704   0.9910704   0.9910704   0.9872980   0.9845700   0.9825550   0.9809284   0.9781278   0.9781278   0.9781278   0.9781278   0.9781278
R 0 7   6  0  3  7    0.9850652   0.9850652   0.9850652   0.9850652   1.0014833   0.9877099   0.9850462   0.9827328   0.9838966   0.9822704   0.9822704   0.9822704
R 0 7   6  0  3  8    0.9964525   0.9964525   0.9964525   0.9964525   0.9964525   0.9964525   0.9964525   0.9852100   0.9805731   0.9820512   0.9842054   0.9960336
R 0 7   6  0  3  9    0.9938683   0.9938683   0.9938683   0.9938683   0.9938683   0.9938683   0.9780573   0.9723155   0.9711929   0.9816809   0.9913241   0.9913241
R 0 7   6  0  3 10    1.0022430   1.0060789   0.9872552   0.9702340   0.9686171   0.9658809   0.9654667   0.9654785   0.9857022   0.9869029   0.9869029   0.9869029
R 0 7   6  0  4  0    1.4039125   1.4039125   1.3432729   2.1364098   2.2558784   2.2742600   2.2391155   2.2725239   2.2725239   2.2725239   2.2725239   2.2725239
R 0 7   6  0  4  1    1.9857343   1.9857343   1.9857343   1.9857343   2.1492003   2.2221295   2.2043136   2.2039982   2.2039982   2.2039982   2.2039982   2.2039982
R 0 7   6  0  4  2    1.9220204   1.9220204   1.9220204   1.9220204   2.1913168   2.2552653   2.2336295   2.2312460   2.2312460   2.2312460   2.2312460   2.2312460
R 0 7   6  0  4  3    1.7842984   1.7842984   1.7842984   1.7842984   2.2667117   2.2614437   2.2349628   2.2263351   2.2263351   2.2263351   2.2263351   2.2263351
R 0 7   6  0  4  4    1.8940085   1.8940085   1.8940085   2.0246645   2.0844427   2.0864670   2.2027658   2.3417947   2.3417947   2.3417947   2.3417947   2.3417947
R 0 7   6  0  4  5    1.7417255   1.7417255   2.0657532   2.1533597   2.0866076   2.0820313   2.0064541   2.0064541   2.0064541   2.0064541   2.0064541   2.0064541
R 0 7   6  0  4  6    1.9708768   1.9708768   1.9708768   2.2150665   2.3187158   2.3504693   2.3420744   2.2755350   2.2755350   2.2755350   2.2755350   2.2755350
R 0 7   6  0  4  7    1.7958309   1.7958309   1.7958309   1.7958309   2.2720912   2.3510397   2.3413014   2.3475745   2.3855099   2.3473753   2.3473753   2.3473753
R 0 7   6  0  4  8    2.2394800   2.2394800   2.2394800   2.2394800   2.2394800   2.2394800   2.2394800   2.2466550   2.2245393   2.2688638   2.3094296   2.2989811
R 0 7   6  0  4  9    2.0876519   2.0876519   2.0876519   2.0876519   2.0876519   2.0876519   2.0440754   2.0564320   2.0417237   2.1987774   2.1982815   2.1982815
R 0 7   6  0  4 10    2.0059617   2.2206959   1.9797509   1.9006288   1.9778816   1.9626679   1.9571380   1.9375972   2.0789878   2.0207044   2.0207044   2.0207044
R 0 7   6  0  5  0   11.8606316  11.8606316   7.7902920   3.4474174   3.6390051   3.8614134   4.2304826   3.9271455   3.9271455   3.9271455   3.9271455   3.9271455
R 0 7   6  0  5  1    3.8991733   3.8991733   3.8991733   3.8991733   4.1143745   4.0612789   4.3725416   4.3288681   4.3288681   4.3288681   4.3288681   4.3288681
R 0 7   6  0  5  2    3.9166930   3.9166930   3.9166930   3.9166930   4.2547596   4.0408249   4.1359733   4.3113247   4.3113247   4.3113247   4.3113247   4.3113247
R 0 7   6  0  5  3    5.0220684   5.0220684   5.0220684   5.0220684   3.8534532   4.0308341   4.2964192   4.3514493   4.3514493   4.3514493   4.3514493   4.3514493
R 0 7   6  0  5  4    5.0742067   5.0742067   5.0742067   4.9907009   5.1465742   5.0100413   3.9583540   3.2190971   3.2190971   3.2190971   3.2190971   3.2190971
R 0 7   6  0  5  5    4.6758176   4.6758176   4.9678795   4.6449118   5.3305322   4.7112631   4.1277099   4.1277099   4.1277099   4.1277099   4.1277099   4.1277099
R 0 7   6  0  5  6    3.1695596   3.1695596   3.1695596   4.0018526   3.4542524   2.9629401   2.3993695   2.0087529   2.0087529   2.0087529   2.0087529   2.0087529
R 0 7   6  0  5  7    4.1378695   4.1378695   4.1378695   4.1378695   3.7415249   3.1214540   2.9435719   2.8796419   2.5792144   2.0865178   2.0865178   2.0865178
R 0 7   6  0  5  8    3.8696863   3.8696863   3.8696863   3.8696863   3.8696863   3.8696863   3.8696863   4.4509807   4.6225551   4.2586199   3.5083817   3.9612584
R 0 7   6  0  5  9    4.7018172   4.7018172   4.7018172   4.7018172   4.7018172   4.7018172   6.7168083   6.0925944   6.6696568   5.4532708   5.7217762   5.7217762
R 0 7   6  0  5 10    5.7473704   4.1720920   4.3599276   5.5884076   5.3803109   6.6671214   8.0193894   8.7655481   6.4724929   6.8947851   6.8947851   6.8947851
F  0  7   6  0  0  0    1.0092477   1.0285163   0.9907377   1.0005626   0.9741179   0.9968334   0.9933462   0.9896354   0.9899494   0.9848999   0.9818794
F  0  7   6  1  0  0    1.0543325   1.0539771   1.0629815   1.0590836   1.0493554   1.0737313   1.0784599   1.0593265   1.0322103   1.0532223   1.0822191
C  0  7   6  0  0  0  -0.2580619 -0.1159264 -0.1802893 -0.3897480 -0.2657349 -0.1626579 -0.1576897 -0.1898265 -0.2578610 -0.1580843 -0.2448234 -0.1620234 -0.1947058 -0.3172645 -0.3347530 -0.0418791
C  0  7   6  0  0  1  -0.0626270 -0.1594234 -0.1366528 -0.1206488 -0.1396288 -0.0978938 -0.1524268 -0.1261711 -0.0441255 -0.1316245 -0.0218280 -0.1045877 -0.1583409 -0.1342719 -0.2003261 -0.0432013
C  0  7   6  0  0  2  -0.1137085 -0.1070804 -0.1139573 -0.1314270 -0.0156600 -0.0543956 -0.0836303 -0.0944273 -0.0193604 -0.0743565 -0.0466578 -0.0673608 -0.1253481 -0.0598745 -0.0351635 -0.1000566
C  0  7   6  0  0  3  -0.0588671 -0.0789500 -0.1294413 -0.0285180  0.0291301 -0.1345572 -0.0912742 -0.0256316 -0.0425434 -0.0213386 -0.1082004 -0.0596228 -0.1520554 -0.1084997 -0.1017448 -0.0114292
C  0  7   6  0  0  4  -0.0862888 -0.0875039 -0.0492958 -0.0895745 -0.1020298 -0.0866916 -0.0483318 -0.0439419 -0.0361948 -0.0303818 -0.0621637 -0.0377646 -0.1263976 -0.1157416 -0.0251157 -0.0685222
C  0  7   6  0  0  5  -0.0236741  0.0100821 -0.0722281  0.0540964 -0.0115162 -0.0276719 -0.0333929 -0.0171061  0.0402093 -0.0142017 -0.0043323 -0.0066880 -0.0376849  0.0246341  0.0752038 -0.0576990
C  0  7   6  0  0  6  -0.0107429  0.0784790  0.0322198 -0.0006084 -0.0062483  0.0232853 -0.0411607 -0.0742775 -0.0300739 -0.0422719  0.0047556  0.0199686 -0.0639573 -0.0027233 -0.0477919  0.0809835
C  0  7   6  0  0  7  -0.0453973  0.0104817  0.0115770 -0.0114197  0.0045247  0.0431302  0.0241038  0.0006809 -0.0278189 -0.0200532  0.0629427 -0.0385720  0.0053394 -0.0280804 -0.0306527  0.0186285
C  0  7   6  0  0  8  -0.0121228  0.0030421  0.0391734  0.0261135 -0.0128995  0.0347859  0.0026546 -0.0234812  0.0074003  0.0287673 -0.0167185  0.0050376 -0.0062650  0.0578054 -0.0590511 -0.0138742
C  0  7   6  0  0  9  -0.0439187  0.0259524 -0.0121985  0.0416517  0.0294337  0.0366664 -0.0046135  0.0320501 -0.0407906  0.0094250  0.0472640  0.0381300 -0.0116936  0.0517086 -0.0130700  0.0481420
C  0  7   6  0  0 10  -0.0231661  0.0100351  0.0418250  0.0600395  0.0031724  0.0036399 -0.0381827 -0.0268899  0.0130526 -0.0540311  0.0117164 -0.0014883 -0.0365395  0.0507956  0.0135574  0.0475873
C  0  7   6  0  0 11  -0.0492304  0.0308156 -0.0420797  0.0522972  0.0198362  0.0562645  0.0464156  0.0874616  0.0133535  0.0322505  0.0201983 -0.0206617 -0.0009763  0.0187009  0.0003332 -0.0028438
C  0  7   6  0  0 12   0.0565554 -0.0134928  0.0006800  0.0076862  0.0107732  0.0287446 -0.0232990 -0.0092039 -0.0049039  0.0630272  0.0139293 -0.0017832 -0.0570247 -0.0009493  0.0203436  0.0223949
C  0  7   6  0  0 13  -0.0330031 -0.0013600  0.0337553  0.0040794 -0.0009010 -0.0205811  0.0175919 -0.0044365  0.0312886  0.0364316 -0.0198017  0.0163078 -0.0096066  0.0153272 -0.0090052  0.0080160
C  0  7   6  0  0 14  -0.0322343 -0.0057041 -0.0240684 -0.0087730 -0.0102906 -0.0073531 -0.0037616  0.0104429 -0.0255103 -0.0202039  0.0711995 -0.0547623  0.0213341  0.0315764 -0.0078279 -0.0608323
C  0  7   6  0  0 15  -0.0720702 -0.0435125 -0.0130542  0.0250333  0.0286737 -0.0578521 -0.0053365  0.0198005  0.0043909 -0.0125378 -0.0200428 -0.1034623 -0.0088342  0.0085730 -0.0751255  0.0060386
C  0  7   6  0  0 16   0.0884838  0.0250569 -0.0130843  0.0116608 -0.0283966 -0.0891997 -0.0265362  0.0006374 -0.0700537  0.1133546  0.0122611 -0.0597934 -0.0703627 -0.0095019 -0.0845640 -0.0091309
C  0  7   6  0  0 17  -0.0880132 -0.0840881 -0.1221580 -0.1039953 -0.1254510 -0.0425005 -0.0535395 -0.0094704 -0.0245318 -0.0682381 -0.0027102 -0.0158058 -0.1003943 -0.1472371 -0.0513092 -0.0156557
C  0  7   6  0  0 18  -0.1428193 -0.0435857 -0.0159869 -0.0541692 -0.1490322 -0.0449667 -0.0568031 -0.0359923 -0.0522575 -0.0206323 -0.0300084 -0.0891818 -0.0407241 -0.0049801 -0.1555148 -0.0086687
C  0  7   6  0  0 19   0.0219149 -0.0895999 -0.2072201 -0.0211320 -0.1126918 -0.0670365 -0.1313433 -0.0397477 -0.1175718 -0.0609461 -0.0733363 -0.0863377 -0.0691467 -0.0608643 -0.0581127 -0.0971882
C  0  7   6  0  0 20  -0.1029308 -0.0706543 -0.0575382 -0.0594251 -0.1480869 -0.1450747 -0.1799356 -0.1395195 -0.1520775 -0.1967142 -0.1585362  0.0067187 -0.0293801 -0.1679702 -0.1548093 -0.1588208
C  0  7   6  0  0 21  -0.1977072 -0.1999121 -0.3250670 -0.1718789 -0.2005119 -0.1724356 -0.2528361 -0.0717960 -0.1848797 -0.1169229 -0.1970351 -0.2845276 -0.3461290 -0.3869285 -0.2489724 -0.2627449
C  0  7   6  0  1  0  -0.0018587 -0.0002222 -0.0004912 -0.0019056 -0.0029453  0.0025261  0.0006823  0.0006725  0.0019791 -0.0005977 -0.0033885  0.0032877  0.0057462  0.0046134  0.0054592  0.0063151
C  0  7   6  0  1  1   0.0011498  0.0009830 -0.0020957 -0.0027499 -0.0007840 -0.0019401  0.0043630  0.0008571  0.0022833 -0.0015110 -0.0016338 -0.0024354  0.0026916  0.0041237  0.0020477  0.0023706
C  0  7   6  0  1  2   0.0027930 -0.0009237 -0.0001162  0.0001267 -0.0018532  0.0009570  0.0001648  0.0006523 -0.0011612  0.0011048 -0.0016596 -0.0017318  0.0016859 -0.0007509  0.0002467 -0.0001884
C  0  7   6  0  1  3   0.0025406 -0.0001038  0.0004202 -0.0018833 -0.0009330  0.0016735  0.0020633 -0.0012715 -0.0024054 -0.0020918 -0.0010922 -0.0015012  0.0006603 -0.0010836  0.0002510  0.0023449
C  0  7   6  0  1  4   0.0025034 -0.0003953 -0.0008646  0.0023158  0.0010560 -0.0010185  0.0015877 -0.0001077  0.0009702  0.0007546 -0.0006322 -0.0016742  0.0017964 -0.0003863 -0.0000796 -0.0023857
C  0  7   6  0  1  5   0.0013616  0.0008812 -0.0018588  0.0016124  0.0002553 -0.0006346 -0.0005845  0.0005994 -0.0000362  0.0004210  0.0017332 -0.0013078  0.0002908  0.0000396  0.0003896 -0.0009008
C  0  7   6  0  1  6   0.0022075 -0.0002055 -0.0005857  0.0005068  0.0007988 -0.0002414 -0.0009729 -0.0004635  0.0005846 -0.0011405 -0.0003851 -0.0001210 -0.0009943 -0.0022541  0.0013865 -0.0007182
C  0  7   6  0  1  7   0.0019735 -0.0001264  0.0008221  0.0003893  0.0020252  0.0009199 -0.0013832  0.0001568  0.0009241 -0.0012227  0.0013310 -0.0015590 -0.0008904 -0.0001307  0.0000328  0.0001763
C  0  7   6  0  1  8   0.0015803  0.0010415  0.0002524 -0.0005587  0.0012457  0.0011074  0.0009940  0.0001748  0.0018450  0.0001319 -0.0000069 -0.0013040 -0.0004932  0.0006888  0.0001310  0.0008066
C  0  7   6  0  1  9  -0.0018750  0.0008669  0.0016329  0.0001612  0.0002951  0.0003485  0.0007739  0.0007960 -0.0007327 -0.0014798 -0.0027890 -0.0007320 -0.0011521  0.0000854 -0.0012983  0.0006643
C  0  7   6  0  1 10   0.0007825  0.0002592  0.0014247  0.0017153  0.0016174 -0.0003066  0.0005618 -0.0002737 -0.0019390 -0.0016997 -0.0002266 -0.0008649 -0.0012133 -0.0007811  0.0000173  0.0011398
C  0  7   6  0  1 11   0.0002285  0.0002992  0.0003251  0.0008641  0.0000902  0.0004090 -0.0022144 -0.0013771 -0.0026445  0.0000887 -0.0002003 -0.0013663  0.0007416 -0.0001578 -0.0003142 -0.0005989
C  0  7   6  0  1 12   0.0004290 -0.0001339  0.0002743 -0.0005478  0.0006929 -0.0005271  0.0011658 -0.0001953  0.0003897 -0.0000365 -0.0000739  0.0017762  0.0002016 -0.0001242  0.0002215  0.0012894
C  0  7   6  0  1 13   0.0026077 -0.0012488  0.0004865  0.0018059  0.0024204  0.0007250 -0.0007776  0.0006594 -0.0002973 -0.0013069 -0.0008951 -0.0018615 -0.0007797  0.0010247  0.0003044  0.0015166
C  0  7   6  0  1 14   0.0019371  0.0004666  0.0022632  0.0014295  0.0016760  0.0017045 -0.0005875  0.0012835  0.0000934  0.0005922  0.0002063  0.0003012  0.0005342  0.0004195 -0.0005490  0.0021563
C  0  7   6  0  1 15   0.0015826  0.0000645 -0.0002937  0.0005941  0.0007444  0.0018715  0.0008554 -0.0010163  0.0006841 -0.0008717 -0.0004613  0.0009975 -0.0000267  0.0007042  0.0005791  0.0004300
C  0  7   6  0  1 16   0.0021955  0.0025158  0.0012583  0.0013588 -0.0004869  0.0023106  0.0007546  0.0000349  0.0007466 -0.0008749  0.0007743  0.0002213 -0.0001751  0.0013100  0.0023587  0.0019069
C  0  7   6  0  1 17   0.0006474 -0.0013533  0.0000422  0.0032995  0.0014239  0.0031120  0.0022276  0.0020760 -0.0002023  0.0030940  0.0016558 -0.0003399  0.0012152 -0.0009448  0.0047686  0.0044546
C  0  7   6  0  1 18   0.0055098  0.0043779  0.0020836  0.0010853  0.0001078  0.0019736  0.0043734  0.0011473 -0.0007517  0.0015835  0.0037178  0.0018708 -0.0000147  0.0000442  0.0059748  0.0049857
C  0  7   6  0  1 19   0.0025634  0.0024627  0.0011626  0.0019355  0.0007346  0.0015354  0.0029858  0.0014518  0.0033045  0.0030664 -0.0003774  0.0004740  0.0017084  0.0020495  0.0035228  0.0045389
C  0  7   6  0  1 20   0.0054834  0.0055039  0.0046028  0.0037523  0.0015070  0.0040562  0.0028810  0.0040159  0.0032282  0.0036417  0.0000199 -0.0015722  0.0027938  0.0038812  0.0052759  0.0057441
C  0  7   6  0  1 21   0.0129857  0.0125575  0.0062714  0.0017796 -0.0030750 -0.0052321 -0.0083179 -0.0009940 -0.0022122 -0.0030067 -0.0002488  0.0051081  0.0017678  0.0055051  0.0097018  0.0042980
C  0  7   6  1  0  0  -0.3600301 -0.4482261 -0.4070088 -0.3265534 -0.3233591 -0.5276051 -0.4245647 -0.3518585 -0.4692288 -0.2339160 -0.2375265 -0.3502308 -0.4657552 -0.3670018 -0.4162562 -0.3585370
C  0  7   6  1  0  1  -0.2484001 -0.3639466 -0.2706495 -0.1470231 -0.3730920 -0.3557768 -0.2650651 -0.2838404 -0.3414090 -0.1181058 -0.2807296 -0.2865194 -0.4678522 -0.3913937 -0.4557111 -0.3722756
C  0  7   6  1  0  2  -0.3769191 -0.2979883 -0.2208088 -0.2449793 -0.3249413 -0.2720499 -0.2333120 -0.3009556 -0.2012303 -0.2499277 -0.3337703 -0.2569498 -0.3363065 -0.3903124 -0.3318091 -0.2952239
C  0  7   6  1  0  3  -0.2511484 -0.2801539 -0.2709647 -0.2421056 -0.2411051 -0.2077227 -0.1750140 -0.1182581 -0.1767078 -0.1391370 -0.1879156 -0.2769833 -0.2420104 -0.2788475 -0.2330553 -0.3768199
C  0  7   6  1  0  4  -0.2578795 -0.2964759 -0.2970358 -0.3229509 -0.2245636 -0.2262205 -0.1748211 -0.2165653 -0.3176893 -0.2335702 -0.1607131 -0.2139502 -0.3090325 -0.1924521 -0.4056095 -0.2321459
C  0  7   6  1  0  5  -0.2095128 -0.1322920 -0.2044684 -0.1400235 -0.1275916 -0.1152197 -0.1404741 -0.1101793 -0.1700113 -0.0774651 -0.1725666 -0.1772072 -0.2421821 -0.1829161 -0.1686842 -0.1234721
C  0  7   6  1  0  6  -0.1708499 -0.1404951 -0.2220286 -0.1355932 -0.2179975 -0.1442880 -0.0922417 -0.2123954 -0.1623761 -0.1160537 -0.1006978 -0.0839914 -0.1774544 -0.1210177 -0.1556482 -0.2572750
C  0  7   6  1  0  7  -0.1596233 -0.1516772 -0.2055312 -0.1504514 -0.1780265 -0.1628657 -0.1924254 -0.1142841 -0.1104479 -0.1042857 -0.0937215 -0.1386222 -0.1296172 -0.1197278 -0.1667577 -0.1134178
C  0  7   6  1  0  8  -0.1577176 -0.1333998 -0.1452963 -0.1591403 -0.2200846 -0.2159969 -0.1656330 -0.1349660 -0.2066519 -0.1205903 -0.1545981 -0.1431203 -0.0807367 -0.1811041 -0.1071007 -0.1412784
C  0  7   6  1  0  9  -0.1228811 -0.1850606 -0.0976480 -0.1137298 -0.1303133 -0.1328496 -0.0922204 -0.1858261 -0.1338900 -0.0944315 -0.0557725 -0.1714510 -0.1325631 -0.0207093 -0.1014254 -0.1149175
C  0  7   6  1  0 10  -0.1029414 -0.1138415 -0.0946843 -0.1510623 -0.1415470 -0.1460771 -0.1322330 -0.2065480 -0.0818276 -0.1882772 -0.1548850 -0.1455317 -0.0602390 -0.1285037 -0.0417249 -0.1319205
C  0  7   6  1  0 11  -0.0683480 -0.1128748 -0.2176240 -0.0992078 -0.0999187 -0.0595323 -0.1342960 -0.1488115 -0.1450675 -0.0853497 -0.1113805 -0.1016942 -0.0670370 -0.1713789 -0.1136038 -0.0962533
C  0  7   6  1  0 12  -0.0347007 -0.1165362 -0.1422084 -0.1576412 -0.1737019 -0.1429354 -0.2152809 -0.2428745 -0.0932141 -0.0878592 -0.0857547 -0.0595274 -0.0469875 -0.0713074 -0.1038359 -0.1377531
C  0  7   6  1  0 13  -0.1173714 -0.1664931 -0.1217965 -0.1294132 -0.1416707 -0.1688075 -0.1775205 -0.1149691 -0.1455984 -0.1096391 -0.1816015 -0.1451952 -0.1726292 -0.0981863 -0.1615886 -0.1704939
C  0  7   6  1  0 14  -0.1684580 -0.1578317 -0.1335457 -0.1847398 -0.1869815 -0.1281554 -0.1593827 -0.2579249 -0.1530718 -0.1886308 -0.1734338 -0.1223753 -0.1770417 -0.0182270 -0.1018347 -0.0852268
C  0  7   6  1  0 15  -0.0977860 -0.1456254 -0.1326743 -0.0647490 -0.1772434 -0.1501042 -0.2052906 -0.1380322 -0.1583315 -0.1135244 -0.0731435 -0.2509416 -0.1515163 -0.0742322 -0.0761517 -0.1344940
C  0  7   6  1  0 16  -0.2026632 -0.1077727 -0.1237936 -0.1746916 -0.1193903 -0.2006960 -0.2037424 -0.1917720 -0.1222648 -0.1334469 -0.1605289 -0.1906998 -0.1759697 -0.0871889 -0.1728077 -0.0779128
C  0  7   6  1  0 17  -0.2790780 -0.1959147 -0.1789809 -0.3308124 -0.1933946 -0.2715017 -0.2321758 -0.3002709 -0.3097632 -0.2679903 -0.2653815 -0.2446055 -0.2564007 -0.2807702 -0.2075089 -0.2307176
C  0  7   6  1  0 18  -0.2519940 -0.2101102 -0.3001272 -0.2653622 -0.2238618 -0.2255324 -0.2114738 -0.2385768 -0.2652231 -0.2271898 -0.2640418 -0.2137592 -0.2864782 -0.1846813 -0.1921261 -0.2343787
C  0  7   6  1  0 19  -0.2402698 -0.2033768 -0.2869010 -0.3711605 -0.3184376 -0.2750099 -0.2178978 -0.2908535 -0.2734027 -0.1811027 -0.1562247 -0.3074908 -0.2413946 -0.2508844 -0.2610098 -0.2406488
C  0  7   6  1  0 20  -0.1148020 -0.4173328 -0.2454510 -0.3791784 -0.4263088 -0.2634241 -0.2594360 -0.2780839 -0.3237280 -0.2766202 -0.2621984 -0.2197393 -0.3367697 -0.2715174 -0.2854613 -0.3491181
C  0  7   6  1  0 21  -0.3501228 -0.3240263 -0.3399747 -0.3730114 -0.2989476 -0.2784021 -0.4227559 -0.4739765 -0.5409766 -0.3908803 -0.4014675 -0.3123340 -0.2496098 -0.2658237 -0.3550678 -0.2784575
C  0  7   6  1  1  0   0.0398894  0.0462180  0.0356763  0.0259054  0.0073891 -0.0151273 -0.0296070 -0.0348375 -0.0453683 -0.0365265 -0.0323787 -0.0199442  0.0002182  0.0040872  0.0201522  0.0323417
C  0  7   6  1  1  1   0.0222542  0.0216006  0.0125483  0.0095570  0.0002599 -0.0088915 -0.0155654 -0.0177028 -0.0188317 -0.0173447 -0.0136209 -0.0055895  0.0024411  0.0093200  0.0113079  0.0215315
C  0  7   6  1  1  2   0.0116657  0.0134305  0.0062917  0.0040662 -0.0005893 -0.0034762 -0.0078965 -0.0067349 -0.0071868 -0.0048612 -0.0057675 -0.0049001  0.0004072  0.0043748  0.0043324  0.0108307
C  0  7   6  1  1  3   0.0066575  0.0053386  0.0030352  0.0010402  0.0010150  0.0013533 -0.0033293 -0.0007865  0.0013181  0.0021479 -0.0038371  0.0013114  0.0019517  0.0039881  0.0012948  0.0057953
C  0  7   6  1  1  4   0.0011064  0.0006596 -0.0038726 -0.0008046  0.0030785  0.0015423  0.0019258  0.0020282  0.0051333  0.0034895 -0.0003854  0.0023329  0.0007860  0.0023139  0.0045787  0.0024898
C  0  7   6  1  1  5  -0.0010310 -0.0007242 -0.0022396  0.0017613  0.0043142  0.0044601  0.0034012  0.0049954  0.0068512  0.0030737  0.0004149 -0.0013082  0.0023511  0.0013949  0.0021621 -0.0032117
C  0  7   6  1  1  6  -0.0017451  0.0003902 -0.0021659  0.0037380  0.0045722  0.0052025  0.0053457  0.0064827  0.0045252  0.0014588  0.0005820  0.0004636  0.0004849 -0.0008218  0.0007856 -0.0027049
C  0  7   6  1  1  7  -0.0025306  0.0007666  0.0002485  0.0033704  0.0036229  0.0033442  0.0069974  0.0034319  0.0040279  0.0026802  0.0001101 -0.0015324  0.0008056  0.0006324  0.0009624 -0.0028590
C  0  7   6  1  1  8  -0.0028883 -0.0012585  0.0011211  0.0016596  0.0061357  0.0052359  0.0050906  0.0066948  0.0045063  0.0024620  0.0000246  0.0012303  0.0008521  0.0000950  0.0007194 -0.0026892
C  0  7   6  1  1  9  -0.0015746  0.0006960  0.0008065  0.0019428  0.0047704  0.0048693  0.0063889  0.0041850  0.0027852 -0.0000758  0.0005980 -0.0008996  0.0010887 -0.0012506 -0.0009704 -0.0036848
C  0  7   6  1  1 10  -0.0018816  0.0007233  0.0011886  0.0009588  0.0046554  0.0035857  0.0053746  0.0049073  0.0036681 -0.0017479 -0.0021386 -0.0003451  0.0002704 -0.0023691  0.0007182 -0.0016805
C  0  7   6  1  1 11  -0.0012364  0.0006332 -0.0000480  0.0017131  0.0039335  0.0019366  0.0031027  0.0041983  0.0031005  0.0023159 -0.0021843 -0.0009753 -0.0011835 -0.0010236 -0.0011262 -0.0034147
C  0  7   6  1  1 12  -0.0028291 -0.0008197  0.0015145  0.0029734  0.0049709  0.0045831  0.0031047  0.0050272  0.0042768  0.0019650  0.0006770  0.0002004  0.0011091 -0.0006852 -0.0010831 -0.0025428
C  0  7   6  1  1 13  -0.0007633  0.0010208  0.0011649  0.0029271  0.0057371  0.0057925  0.0067764  0.0074034  0.0058189  0.0022040  0.0011490  0.0003132 -0.0002234 -0.0028731 -0.0015339 -0.0028497
C  0  7   6  1  1 14  -0.0017273 -0.0010886 -0.0001749  0.0034483  0.0050867  0.0039650  0.0058735  0.0089247  0.0056216  0.0032911  0.0029791 -0.0007129 -0.0025429 -0.0040916 -0.0035881 -0.0020311
C  0  7   6  1  1 15  -0.0049335 -0.0016938  0.0008123  0.0037221  0.0034827  0.0012395  0.0041449  0.0049921  0.0082607  0.0038963  0.0022236  0.0005709 -0.0034056 -0.0075984 -0.0076814 -0.0065401
C  0  7   6  1  1 16  -0.0035754 -0.0021707  0.0017316  0.0027208  0.0047292  0.0033956  0.0073473  0.0064807  0.0064969  0.0066244  0.0014447  0.0022942 -0.0017871 -0.0030107 -0.0070196 -0.0073746
C  0  7   6  1  1 17  -0.0057059  0.0018928  0.0011846  0.0058102  0.0032381  0.0016282  0.0032290  0.0079760  0.0062937  0.0040741  0.0043147  0.0002557  0.0009041 -0.0069679 -0.0077313 -0.0056372
C  0  7   6  1  1 18  -0.0000354  0.0047532  0.0056839  0.0085319  0.0044094  0.0011036 -0.0016184  0.0028036  0.0048028  0.0048398  0.0008870  0.0008284 -0.0014779 -0.0049557 -0.0067408 -0.0058268
C  0  7   6  1  1 19  -0.0003827  0.0066974  0.0117074  0.0102270  0.0056968  0.0050155 -0.0018347  0.0018457  0.0042322  0.0048439  0.0015476 -0.0011919 -0.0022543 -0.0065636 -0.0072003 -0.0025965
C  0  7   6  1  1 20  -0.0007090  0.0154591  0.0145155  0.0136081  0.0117934  0.0083380 -0.0008327  0.0033132  0.0013278  0.0092229  0.0016917 -0.0017486 -0.0052283 -0.0106296 -0.0047613 -0.0026683
C  0  7   6  1  1 21   0.0054047  0.0195996  0.0271192  0.0184858  0.0158259  0.0236627  0.0165494  0.0193058  0.0169575  0.0164911  0.0060685 -0.0004163 -0.0076464 -0.0208700 -0.0084672 -0.0021892
