CPHI 16 
CETA 22 -2.40 -2.10 -1.85 -1.60 -1.40 -1.20 -1.00 -0.80 -0.60 -0.40 -0.20  0.00  0.20  0.40  0.60  0.80  1.00  1.20  1.40  1.60  1.85  2.10  2.40 
RMIN  6 
RTRK 12 
RETA 11  0.00  0.20  0.40  0.60  0.80  1.00  1.20  1.40  1.60  1.85  2.10  2.40 
T 0 8   0  0  0  0    0.0000000   0.0006437   0.0017103   0.0032457   0.0124332   0.0691798   0.2781078   0.6535834   1.0000000   1.0000000   1.0000000   1.0000000   1.0000000
T 0 8   0  0  0  1    0.0000000   0.0001002   0.0005676   0.0023145   0.0125574   0.0585753   0.2260872   0.5911848   1.0000000   1.0000000   1.0000000   1.0000000   1.0000000
T 0 8   0  0  0  2    0.0000000   0.0001432   0.0005084   0.0015562   0.0105260   0.0542193   0.2074176   0.5719106   1.0000000   1.0000000   1.0000000   1.0000000   1.0000000
T 0 8   0  0  0  3    0.0000000   0.0001480   0.0004885   0.0015718   0.0114875   0.0624662   0.2260899   0.5878527   1.0000000   1.0000000   1.0000000   1.0000000   1.0000000
T 0 8   0  0  0  4    0.0000000   0.0004782   0.0026128   0.0140795   0.0626941   0.2041609   0.4904152   0.8215921   1.0000000   1.0000000   1.0000000   1.0000000   1.0000000
T 0 8   0  0  0  5    0.0000000   0.0007956   0.0075605   0.0508227   0.2066026   0.5353142   0.8763467   0.9994126   1.0000000   1.0000000   1.0000000   1.0000000   1.0000000
T 0 8   0  0  0  6    0.0000000   0.0002686   0.0011499   0.0107937   0.0683356   0.2784849   0.6663889   0.9321502   0.9980392   0.9999996   1.0000000   1.0000000   1.0000000
T 0 8   0  0  0  7    0.0000000   0.0000856   0.0004683   0.0009302   0.0048438   0.0308737   0.1182202   0.2963726   0.5793107   0.8670675   0.9840193   0.9998447   1.0000000
T 0 8   0  0  0  8    0.0000000   0.0000073   0.0000462   0.0001710   0.0004182   0.0010062   0.0042849   0.0245988   0.1195722   0.3936515   0.7894752   0.9686820   1.0000000
T 0 8   0  0  0  9    0.0000000   0.0000000   0.0000024   0.0000163   0.0005870   0.0036720   0.0191139   0.0873820   0.3040055   0.6607052   0.9391788   0.9999314   1.0000000
T 0 8   0  0  0 10    0.0000000   0.0068448   0.0294922   0.0466030   0.0797986   0.1685368   0.3390306   0.6910949   0.9112911   0.9707769   0.9998673   1.0000000   1.0000000
T 0 8   0  1  0  0    0.0000000   0.0005148   0.0016399   0.0047460   0.0213440   0.1017716   0.3374237   0.6994022   1.0000000   1.0000000   1.0000000   1.0000000   1.0000000
T 0 8   0  1  0  1    0.0000000   0.0002633   0.0010891   0.0042307   0.0181163   0.0752157   0.2537985   0.6193956   1.0000000   1.0000000   1.0000000   1.0000000   1.0000000
T 0 8   0  1  0  2    0.0000000   0.0002194   0.0008486   0.0027728   0.0124455   0.0616642   0.2339277   0.6064318   1.0000000   1.0000000   1.0000000   1.0000000   1.0000000
T 0 8   0  1  0  3    0.0000000   0.0002283   0.0008669   0.0027852   0.0140251   0.0700545   0.2491207   0.6198491   1.0000000   1.0000000   1.0000000   1.0000000   1.0000000
T 0 8   0  1  0  4    0.0000000   0.0004356   0.0027620   0.0153929   0.0663357   0.2155446   0.5058694   0.8320271   1.0000000   1.0000000   1.0000000   1.0000000   1.0000000
T 0 8   0  1  0  5    0.0000000   0.0011873   0.0094478   0.0577925   0.2246261   0.5586818   0.8900123   0.9996500   1.0000000   1.0000000   1.0000000   1.0000000   1.0000000
T 0 8   0  1  0  6    0.0000000   0.0004626   0.0026649   0.0180020   0.0942133   0.3329130   0.7236541   0.9536823   0.9988141   0.9999984   1.0000000   1.0000000   1.0000000
T 0 8   0  1  0  7    0.0000000   0.0002246   0.0006446   0.0024765   0.0123245   0.0526267   0.1570011   0.3413836   0.6074237   0.8728054   0.9849908   0.9998878   1.0000000
T 0 8   0  1  0  8    0.0000000   0.0009562   0.0014955   0.0017998   0.0022382   0.0036136   0.0107994   0.0452511   0.1686405   0.4573475   0.8251665   0.9710661   1.0000000
T 0 8   0  1  0  9    0.0000000   0.0021003   0.0074838   0.0131257   0.0159362   0.0198461   0.0401951   0.1288935   0.3661962   0.7154288   0.9583841   0.9999941   1.0000000
T 0 8   0  1  0 10    0.0000000   0.0032254   0.0170235   0.0428863   0.0843736   0.1746921   0.3942474   0.7474223   0.9511020   0.9856143   0.9999985   1.0000000   1.0000000
R 0 8   0  0  0  0    0.0243230   0.0243230   0.0131143   0.0109979   0.0104481   0.0102002   0.0100135   0.0098591   0.0098591   0.0098591   0.0098591   0.0098591
R 0 8   0  0  0  1    0.0122349   0.0122349   0.0122349   0.0122349   0.0112284   0.0109188   0.0109667   0.0108863   0.0108863   0.0108863   0.0108863   0.0108863
R 0 8   0  0  0  2    0.0128655   0.0128655   0.0128655   0.0128655   0.0121247   0.0119896   0.0118644   0.0117094   0.0117094   0.0117094   0.0117094   0.0117094
R 0 8   0  0  0  3    0.0140049   0.0140049   0.0140049   0.0140049   0.0129164   0.0125433   0.0124416   0.0122706   0.0122706   0.0122706   0.0122706   0.0122706
R 0 8   0  0  0  4    0.0195838   0.0195838   0.0195838   0.0176137   0.0168616   0.0159074   0.0145422   0.0132052   0.0132052   0.0132052   0.0132052   0.0132052
R 0 8   0  0  0  5    0.0206175   0.0206175   0.0194229   0.0191846   0.0187333   0.0180678   0.0170511   0.0170511   0.0170511   0.0170511   0.0170511   0.0170511
R 0 8   0  0  0  6    0.0202752   0.0202752   0.0202752   0.0206849   0.0206225   0.0207103   0.0207383   0.0206427   0.0206427   0.0206427   0.0206427   0.0206427
R 0 8   0  0  0  7    0.0223835   0.0223835   0.0223835   0.0223835   0.0210556   0.0213167   0.0212745   0.0208987   0.0205810   0.0198208   0.0198208   0.0198208
R 0 8   0  0  0  8    0.0215834   0.0215834   0.0215834   0.0215834   0.0215834   0.0215834   0.0215834   0.0211007   0.0209947   0.0209273   0.0203186   0.0191828
R 0 8   0  0  0  9    0.0326481   0.0326481   0.0326481   0.0326481   0.0326481   0.0326481   0.0301727   0.0289192   0.0276666   0.0264747   0.0249960   0.0249960
R 0 8   0  0  0 10    0.0814800   0.0729351   0.0635787   0.0552260   0.0479211   0.0441927   0.0411193   0.0354962   0.0338312   0.0310402   0.0310402   0.0310402
R 0 8   0  0  1  0    0.0000000   0.0000000   0.0000000   0.0001176   0.0000868   0.0000824   0.0000736   0.0000672   0.0000672   0.0000672   0.0000672   0.0000672
R 0 8   0  0  1  1    0.0000987   0.0000987   0.0000987   0.0000987   0.0000816   0.0000728   0.0000669   0.0000573   0.0000573   0.0000573   0.0000573   0.0000573
R 0 8   0  0  1  2    0.0000812   0.0000812   0.0000812   0.0000812   0.0000641   0.0000622   0.0000572   0.0000546   0.0000546   0.0000546   0.0000546   0.0000546
R 0 8   0  0  1  3    0.0000963   0.0000963   0.0000963   0.0000963   0.0000707   0.0000617   0.0000548   0.0000503   0.0000503   0.0000503   0.0000503   0.0000503
R 0 8   0  0  1  4    0.0000944   0.0000944   0.0000944   0.0001034   0.0000902   0.0000714   0.0000591   0.0000492   0.0000492   0.0000492   0.0000492   0.0000492
R 0 8   0  0  1  5    0.0001445   0.0001445   0.0000868   0.0000776   0.0000756   0.0000603   0.0000503   0.0000503   0.0000503   0.0000503   0.0000503   0.0000503
R 0 8   0  0  1  6    0.0000753   0.0000753   0.0000753   0.0000668   0.0000579   0.0000615   0.0000578   0.0000495   0.0000495   0.0000495   0.0000495   0.0000495
R 0 8   0  0  1  7    0.0000807   0.0000807   0.0000807   0.0000807   0.0000605   0.0000662   0.0000663   0.0000722   0.0000799   0.0000615   0.0000615   0.0000615
R 0 8   0  0  1  8    0.0001288   0.0001288   0.0001288   0.0001288   0.0001288   0.0001288   0.0001288   0.0001183   0.0001079   0.0001035   0.0000853   0.0000828
R 0 8   0  0  1  9    0.0003403   0.0003403   0.0003403   0.0003403   0.0003403   0.0003403   0.0002171   0.0001901   0.0001805   0.0001617   0.0001363   0.0001363
R 0 8   0  0  1 10    0.0015325   0.0011830   0.0010142   0.0007970   0.0006468   0.0004863   0.0004011   0.0002763   0.0002328   0.0001594   0.0001594   0.0001594
R 0 8   0  0  2  0    0.0000000   0.0000000   0.0000000   0.0000000   0.0000000   0.0000176   0.0000180   0.0000169   0.0000169   0.0000169   0.0000169   0.0000169
R 0 8   0  0  2  1    0.0000000   0.0000000   0.0000000   0.0000000   0.0000000   0.0000236   0.0000176   0.0000204   0.0000204   0.0000204   0.0000204   0.0000204
R 0 8   0  0  2  2    0.0000000   0.0000000   0.0000000   0.0000000   0.0000242   0.0000229   0.0000245   0.0000159   0.0000159   0.0000159   0.0000159   0.0000159
R 0 8   0  0  2  3    0.0000000   0.0000000   0.0000000   0.0000000   0.0000000   0.0000258   0.0000184   0.0000205   0.0000205   0.0000205   0.0000205   0.0000205
R 0 8   0  0  2  4    0.0000000   0.0000000   0.0000000   0.0000657   0.0000213   0.0000239   0.0000236   0.0000110   0.0000110   0.0000110   0.0000110   0.0000110
R 0 8   0  0  2  5    0.0000000   0.0000000   0.0000000   0.0000340   0.0000201   0.0000299   0.0000419   0.0000419   0.0000419   0.0000419   0.0000419   0.0000419
R 0 8   0  0  2  6    0.0000000   0.0000000   0.0000000   0.0000353   0.0000241   0.0000000   0.0000000   0.0000000   0.0000000   0.0000000   0.0000000   0.0000000
R 0 8   0  0  2  7    0.0000000   0.0000000   0.0000000   0.0000000   0.0000000   0.0000284   0.0000137   0.0000215   0.0000000   0.0000208   0.0000208   0.0000208
R 0 8   0  0  2  8    0.0000000   0.0000000   0.0000000   0.0000000   0.0000000   0.0000000   0.0000000   0.0000000   0.0000236   0.0000174   0.0000109   0.0000000
R 0 8   0  0  2  9    0.0000000   0.0000000   0.0000000   0.0000000   0.0000000   0.0000000   0.0000000   0.0000275   0.0000311   0.0000159   0.0000000   0.0000000
R 0 8   0  0  2 10    0.0000000   0.0000000   0.0000000   0.0000000   0.0000936   0.0000699   0.0000543   0.0000442   0.0001286   0.0000000   0.0000000   0.0000000
R 0 8   0  0  3  0    0.9783570   0.9783570   0.8397389   1.0100850   0.9924865   0.9842880   0.9822853   0.9832828   0.9832828   0.9832828   0.9832828   0.9832828
R 0 8   0  0  3  1    0.9866790   0.9866790   0.9866790   0.9866790   0.9936179   0.9799066   0.9913213   0.9789947   0.9789947   0.9789947   0.9789947   0.9789947
R 0 8   0  0  3  2    0.9950136   0.9950136   0.9950136   0.9950136   0.9951834   0.9886106   0.9799093   0.9810423   0.9810423   0.9810423   0.9810423   0.9810423
R 0 8   0  0  3  3    0.9918516   0.9918516   0.9918516   0.9918516   0.9945912   0.9859776   0.9813537   0.9812567   0.9812567   0.9812567   0.9812567   0.9812567
R 0 8   0  0  3  4    1.0004169   1.0004169   1.0004169   0.9740858   0.9738061   0.9684491   0.9771291   0.9886511   0.9886511   0.9886511   0.9886511   0.9886511
R 0 8   0  0  3  5    0.9879443   0.9879443   0.9881812   0.9795206   0.9750899   0.9746637   0.9721560   0.9721560   0.9721560   0.9721560   0.9721560   0.9721560
R 0 8   0  0  3  6    0.9970715   0.9970715   0.9970715   0.9903777   0.9858009   0.9848389   0.9807024   0.9882000   0.9882000   0.9882000   0.9882000   0.9882000
R 0 8   0  0  3  7    0.9915791   0.9915791   0.9915791   0.9915791   1.0118146   0.9959024   0.9762598   0.9829499   0.9853271   0.9841276   0.9841276   0.9841276
R 0 8   0  0  3  8    1.0043182   1.0043182   1.0043182   1.0043182   1.0043182   1.0043182   1.0043182   0.9915138   0.9841840   0.9804140   0.9897679   1.0132105
R 0 8   0  0  3  9    1.0016751   1.0016751   1.0016751   1.0016751   1.0016751   1.0016751   0.9808785   0.9744984   0.9722090   0.9789825   0.9966002   0.9966002
R 0 8   0  0  3 10    1.0229337   1.0091122   1.0015616   0.9612896   0.9726493   0.9692320   0.9669669   0.9697468   0.9821237   0.9843907   0.9843907   0.9843907
R 0 8   0  0  4  0    1.1255155   1.1255155   1.2196058   2.0878011   2.2561791   2.2701230   2.2746489   2.2761507   2.2761507   2.2761507   2.2761507   2.2761507
R 0 8   0  0  4  1    1.8717941   1.8717941   1.8717941   1.8717941   2.2467890   2.1477871   2.2633934   2.2103910   2.2103910   2.2103910   2.2103910   2.2103910
R 0 8   0  0  4  2    1.8863121   1.8863121   1.8863121   1.8863121   2.2078750   2.2895368   2.2132757   2.2337557   2.2337557   2.2337557   2.2337557   2.2337557
R 0 8   0  0  4  3    1.8874540   1.8874540   1.8874540   1.8874540   2.2566138   2.2821922   2.2411971   2.2416240   2.2416240   2.2416240   2.2416240   2.2416240
R 0 8   0  0  4  4    1.9410722   1.9410722   1.9410722   1.9179482   2.0560143   2.0449057   2.1924007   2.3633622   2.3633622   2.3633622   2.3633622   2.3633622
R 0 8   0  0  4  5    1.8040366   1.8040366   2.0113128   2.1167804   2.1227411   2.1193069   2.0320756   2.0320756   2.0320756   2.0320756   2.0320756   2.0320756
R 0 8   0  0  4  6    1.8862106   1.8862106   1.8862106   2.1318883   2.2874414   2.3459769   2.3099016   2.2896993   2.2896993   2.2896993   2.2896993   2.2896993
R 0 8   0  0  4  7    1.7421542   1.7421542   1.7421542   1.7421542   2.1099729   2.3481487   2.0608503   2.3116525   2.3717892   2.3153340   2.3153340   2.3153340
R 0 8   0  0  4  8    2.1196443   2.1196443   2.1196443   2.1196443   2.1196443   2.1196443   2.1196443   2.2360608   2.2483598   2.2318034   2.3349041   2.3541212
R 0 8   0  0  4  9    2.0893120   2.0893120   2.0893120   2.0893120   2.0893120   2.0893120   2.0127662   2.0250623   2.0233056   2.1024971   2.1230797   2.1230797
R 0 8   0  0  4 10    2.1588784   2.0687783   1.9763128   1.7551748   1.9943136   1.9545644   1.9426423   1.9571051   1.9770214   1.7805636   1.7805636   1.7805636
R 0 8   0  0  5  0   37.4611220  37.4611220   5.1921037   3.8631000   3.6982046   3.9869308   3.9702293   4.0396930   4.0396930   4.0396930   4.0396930   4.0396930
R 0 8   0  0  5  1    3.8386523   3.8386523   3.8386523   3.8386523   4.0554448   4.5027872   4.8415837   4.3351194   4.3351194   4.3351194   4.3351194   4.3351194
R 0 8   0  0  5  2    3.9320595   3.9320595   3.9320595   3.9320595   4.0131497   4.0316618   4.3925120   4.2651111   4.2651111   4.2651111   4.2651111   4.2651111
R 0 8   0  0  5  3    3.9207049   3.9207049   3.9207049   3.9207049   3.8308382   3.9186840   4.1268992   4.3736584   4.3736584   4.3736584   4.3736584   4.3736584
R 0 8   0  0  5  4    4.6276702   4.6276702   4.6276702   6.9856430   5.1273705   5.0069442   4.0655313   3.1533250   3.1533250   3.1533250   3.1533250   3.1533250
R 0 8   0  0  5  5    3.6546557   3.6546557   4.9463252   4.9551297   4.7933456   4.4137231   4.1294277   4.1294277   4.1294277   4.1294277   4.1294277   4.1294277
R 0 8   0  0  5  6    3.4519278   3.4519278   3.4519278   4.9059255   3.6533905   3.0053055   2.4744821   1.9778540   1.9778540   1.9778540   1.9778540   1.9778540
R 0 8   0  0  5  7    4.5022027   4.5022027   4.5022027   4.5022027   4.8238039   3.3860566   5.0050454   2.9857214   2.6960448   2.1776427   2.1776427   2.1776427
R 0 8   0  0  5  8    3.8140321   3.8140321   3.8140321   3.8140321   3.8140321   3.8140321   3.8140321   4.4038468   4.4539507   4.3542637   3.5207870   3.6311357
R 0 8   0  0  5  9    5.0136592   5.0136592   5.0136592   5.0136592   5.0136592   5.0136592   6.5659635   6.6292146   6.8131331   6.6043048   6.7315265   6.7315265
R 0 8   0  0  5 10    4.9012509   6.0256718   3.7690827   7.3642665   5.4476747   6.8266765   8.7081991   7.6140133   9.5361764  17.2606253  17.2606253  17.2606253
F  0  8   0  0  0  0    0.9548222   1.0063265   0.9920660   0.9923458   1.0046990   0.9743823   1.0003036   0.9727016   0.9720373   0.9935757   0.9893539
F  0  8   0  1  0  0    1.0271194   1.0917986   1.0514775   1.0391526   1.0691280   1.0491543   1.0809405   1.0219241   1.0325026   1.0458985   1.0700548
C  0  8   0  0  0  0  -0.2790379 -0.2905889 -0.2540079 -0.2767714 -0.3196069 -0.1133798 -0.2419973  0.0619501 -0.1877158 -0.1159301 -0.1100598 -0.0814214  0.0298563 -0.1439650 -0.2364296 -0.0867268
C  0  8   0  0  0  1  -0.2170877  0.0686276 -0.2241676  0.0535180 -0.2193716 -0.1974210 -0.1344366 -0.2087861 -0.2021877 -0.1276368 -0.2439857 -0.0642900 -0.0830060 -0.1073358  0.0319460 -0.1787653
C  0  8   0  0  0  2  -0.0358835 -0.2286008 -0.3057832 -0.2414871  0.0375870 -0.2530785 -0.2205342  0.0352577 -0.0569101 -0.0508960  0.0023553 -0.1675733 -0.1218808 -0.0104450 -0.0713109  0.0772127
C  0  8   0  0  0  3   0.0876312 -0.0427146 -0.0614138 -0.2800042 -0.0260754  0.0449815 -0.0090065  0.0910088 -0.0296394 -0.0867210 -0.0312199 -0.2264159  0.0514214 -0.0376342 -0.0917424 -0.0684458
C  0  8   0  0  0  4  -0.1533763  0.1641133 -0.1044460  0.0796958 -0.1071650  0.0090499 -0.1442925  0.0243845 -0.0723051 -0.1130693  0.0348667 -0.0746369  0.0747214 -0.1076110  0.0675369 -0.2312608
C  0  8   0  0  0  5  -0.0163308 -0.0732470 -0.1356515  0.0206447 -0.1440503 -0.0657889 -0.0136237 -0.0097388 -0.0290227  0.1497414  0.1215254 -0.0147623 -0.0524510 -0.0150465 -0.0375665 -0.1637391
C  0  8   0  0  0  6   0.0126359 -0.0698516 -0.0229270 -0.0747482 -0.0051791  0.0384602 -0.0442512 -0.1060411 -0.1007679 -0.0250149 -0.0671135 -0.0054654 -0.0050578  0.0783512 -0.0947300 -0.0567913
C  0  8   0  0  0  7  -0.0105024  0.0281038  0.0798040 -0.0599775 -0.2069260 -0.0367078  0.1854396 -0.0472643  0.0079641  0.0673572  0.1279883 -0.0232972 -0.0250205  0.0029441  0.0828702 -0.1678860
C  0  8   0  0  0  8   0.0224558 -0.0353341  0.0080521 -0.0114233 -0.0752959 -0.0612874 -0.0204384 -0.0597077 -0.0991764  0.0591973  0.0424980 -0.0827007 -0.0678480 -0.1376462  0.0527447  0.0471177
C  0  8   0  0  0  9   0.0216197  0.1211823 -0.0919093 -0.0091547 -0.0495607  0.0073897 -0.0103770  0.0161353 -0.0432515  0.0035935 -0.0455874  0.0700408  0.0865412 -0.0173353 -0.0222981 -0.1852130
C  0  8   0  0  0 10   0.0534187 -0.0531357  0.0232826  0.0266580 -0.0099713  0.0832550 -0.0217495 -0.0010855  0.1192760 -0.1067427  0.0127715  0.0610142  0.0099756  0.0594744 -0.0355680 -0.0325016
C  0  8   0  0  0 11   0.0362361 -0.0099625 -0.0190259 -0.1177273 -0.1662155  0.0016306 -0.0031372  0.0587144  0.1484361  0.1749654  0.0773726  0.0171010  0.0371864 -0.0285333  0.1493814  0.0834643
C  0  8   0  0  0 12   0.1358851  0.0592473  0.0660910  0.0613246  0.1665200 -0.1492035 -0.0703129  0.0739122 -0.0896434  0.0191447  0.0729237  0.1552657 -0.0675653 -0.0507944 -0.0194975  0.0005145
C  0  8   0  0  0 13  -0.0065735 -0.0395788 -0.0112697  0.0308096 -0.0033585  0.0235304  0.0670299 -0.0377475 -0.0408043  0.1045125  0.0732567  0.0461474  0.0502388  0.0919301  0.0316982 -0.0049881
C  0  8   0  0  0 14   0.0340402 -0.0041232  0.0009143  0.0104686 -0.0129594  0.0229189  0.0035392 -0.0693431  0.1277973 -0.0746152 -0.0000807 -0.0255022 -0.0692474  0.1490441  0.1187590  0.0218263
C  0  8   0  0  0 15  -0.0485782  0.0880941  0.0076004 -0.0486262  0.1109668  0.0322545 -0.0915376 -0.0599846  0.0013233 -0.0835529  0.1213685  0.1108368  0.2682295 -0.1015708 -0.1105871 -0.0835429
C  0  8   0  0  0 16   0.0724937  0.0099790 -0.0267638  0.0285250  0.0356705  0.0249393 -0.0983976  0.0341574  0.0087335 -0.0371545 -0.0753462  0.0374505 -0.0468548 -0.1060300  0.1642021  0.0171764
C  0  8   0  0  0 17  -0.0518958  0.1266278 -0.1189627 -0.2365849 -0.1234306  0.0633830 -0.0226998 -0.0287912 -0.1187753 -0.1380660  0.0418426 -0.1404095 -0.0810000  0.0706254  0.0194764 -0.1442383
C  0  8   0  0  0 18  -0.0696139 -0.1649305  0.0204044  0.0686729 -0.0342799  0.1963597 -0.2209529 -0.2246587 -0.0196820 -0.0241973 -0.0520910 -0.2336274 -0.0414809 -0.2745879  0.0946936 -0.0127298
C  0  8   0  0  0 19  -0.1190566  0.1527865 -0.0534682 -0.1430351 -0.1174520 -0.0284408 -0.0401005 -0.0824140 -0.1139413 -0.0710698 -0.1625462 -0.1322412 -0.2053364 -0.0408197  0.0225226 -0.0757585
C  0  8   0  0  0 20   0.0036287 -0.0658490 -0.2700467 -0.2118076 -0.2223001 -0.2430584 -0.1924957 -0.2033159  0.0844469 -0.2325006 -0.0300276  0.0193448 -0.1701490  0.0082853  0.0052695 -0.4013515
C  0  8   0  0  0 21  -0.3435278 -0.4357720 -0.0915826 -0.3872193 -0.1442060 -0.1776185 -0.3793080 -0.1521706 -0.0884575 -0.0479089 -0.2237704 -0.0883499 -0.4301941 -0.0704499 -0.0536464  0.0946926
C  0  8   0  0  1  0  -0.0010109 -0.0059957 -0.0010308  0.0007387  0.0040564 -0.0027217 -0.0118102 -0.0003497  0.0036918  0.0033313 -0.0012491  0.0034107 -0.0023073  0.0015107 -0.0008636  0.0077589
C  0  8   0  0  1  1   0.0013038  0.0014007 -0.0024262 -0.0032906 -0.0063648  0.0014572  0.0019802  0.0037976  0.0026396 -0.0042863 -0.0028385 -0.0024844  0.0052134  0.0044302 -0.0012654  0.0047759
C  0  8   0  0  1  2   0.0014177  0.0004188  0.0005074 -0.0000028 -0.0012668  0.0001005 -0.0015671  0.0017068 -0.0001097  0.0019530 -0.0016739  0.0019947  0.0033084  0.0016093 -0.0026668  0.0054099
C  0  8   0  0  1  3  -0.0006449 -0.0005588  0.0022304  0.0012241 -0.0028394 -0.0015378  0.0034529 -0.0035593 -0.0041057  0.0032996  0.0007984 -0.0023608  0.0029471  0.0004139 -0.0021233  0.0026688
C  0  8   0  0  1  4   0.0055283  0.0019584  0.0004733  0.0013622  0.0040013 -0.0031463  0.0025642  0.0043238  0.0034878  0.0022921 -0.0015195  0.0000430  0.0020431 -0.0056194 -0.0015680  0.0029275
C  0  8   0  0  1  5   0.0006720 -0.0015455 -0.0003139 -0.0022740  0.0018676 -0.0053687  0.0036909  0.0027194  0.0044090 -0.0008397  0.0019649  0.0015666  0.0027794 -0.0006910  0.0027398  0.0016793
C  0  8   0  0  1  6   0.0048602  0.0017496  0.0008018  0.0022381  0.0018538 -0.0005385  0.0020391  0.0001517 -0.0010538 -0.0007233  0.0012628  0.0009464  0.0028168  0.0000024  0.0000643  0.0045304
C  0  8   0  0  1  7   0.0019992 -0.0001761  0.0012866  0.0005931 -0.0022633  0.0017976  0.0006570 -0.0027024  0.0018794 -0.0019199 -0.0012012 -0.0023257 -0.0013627  0.0015716 -0.0042404  0.0016868
C  0  8   0  0  1  8   0.0027601  0.0008358  0.0002771 -0.0008103  0.0015099  0.0001641  0.0010106  0.0009744  0.0003682  0.0004370  0.0013491  0.0000458 -0.0032315 -0.0018769 -0.0004328  0.0000100
C  0  8   0  0  1  9   0.0025623  0.0028620  0.0008046 -0.0006743 -0.0002775  0.0014571 -0.0008689  0.0015076  0.0012585 -0.0023287 -0.0002700 -0.0018526 -0.0035457  0.0008403  0.0002078  0.0021270
C  0  8   0  0  1 10   0.0008726  0.0022696 -0.0054417  0.0021137  0.0016616  0.0004443 -0.0013732  0.0020524  0.0002164  0.0034219 -0.0025895  0.0020474  0.0005678 -0.0034837 -0.0023085  0.0002903
C  0  8   0  0  1 11   0.0003904 -0.0004241 -0.0003223  0.0012043  0.0038970  0.0036152  0.0003648 -0.0007686 -0.0011108 -0.0004694  0.0026087  0.0001494 -0.0013231 -0.0009374 -0.0014204 -0.0000718
C  0  8   0  0  1 12   0.0026864 -0.0002774 -0.0009654 -0.0007379  0.0007989  0.0011265  0.0008355 -0.0025529  0.0007575 -0.0011996  0.0001076 -0.0010848 -0.0001884 -0.0014271  0.0011875  0.0003788
C  0  8   0  0  1 13  -0.0001403  0.0037495  0.0014466  0.0012928 -0.0016465 -0.0004611  0.0003225  0.0005084  0.0001891 -0.0000095 -0.0029033 -0.0015792  0.0013957 -0.0001535  0.0003851 -0.0002673
C  0  8   0  0  1 14   0.0006161  0.0002034  0.0035687  0.0016700  0.0015030  0.0043700 -0.0039355 -0.0009391 -0.0005591  0.0005774 -0.0002169  0.0005694  0.0013250 -0.0025172  0.0011896 -0.0010195
C  0  8   0  0  1 15   0.0001116  0.0006228  0.0021919 -0.0003356 -0.0012076 -0.0001810  0.0044664 -0.0011818 -0.0016861 -0.0020595  0.0013460  0.0000612 -0.0002242 -0.0009479  0.0000095  0.0027586
C  0  8   0  0  1 16   0.0010833  0.0019671  0.0006707 -0.0021182  0.0031896 -0.0005964 -0.0018121 -0.0026234  0.0014264  0.0005804 -0.0005077  0.0047093 -0.0011599  0.0016259  0.0043205  0.0010987
C  0  8   0  0  1 17   0.0057525 -0.0005263  0.0004246  0.0016866 -0.0036278  0.0044391  0.0044640 -0.0029853  0.0045589  0.0020253 -0.0011966  0.0028761 -0.0006380 -0.0011562  0.0034194 -0.0001862
C  0  8   0  0  1 18   0.0023112  0.0027422  0.0006426  0.0009827  0.0014692  0.0046701  0.0038705 -0.0021085 -0.0000482 -0.0005418  0.0048383 -0.0007564  0.0005840  0.0067451  0.0046241  0.0020139
C  0  8   0  0  1 19   0.0006003  0.0018060  0.0058176  0.0024124  0.0001813  0.0004534  0.0057026 -0.0001250  0.0038600  0.0011804  0.0007576  0.0000081  0.0007553  0.0064824  0.0040736  0.0018191
C  0  8   0  0  1 20   0.0000758  0.0122499  0.0038295  0.0002353  0.0028644 -0.0016078  0.0050211 -0.0003905  0.0021115 -0.0031335  0.0016131 -0.0020291  0.0014303  0.0020632  0.0007181  0.0012764
C  0  8   0  0  1 21   0.0151210  0.0117984  0.0011191  0.0033475  0.0000171 -0.0053085 -0.0087747 -0.0097771 -0.0073309 -0.0078598 -0.0025138  0.0091700  0.0034007  0.0090059  0.0111014  0.0036607
C  0  8   0  1  0  0  -0.4128647 -0.3051397 -0.3080810 -0.3378764 -0.1945746 -0.3505902 -0.2993046 -0.2774716 -0.2895694 -0.2550898 -0.3150333 -0.4356100 -0.3919650 -0.3744215 -0.3720478 -0.3975331
C  0  8   0  1  0  1  -0.2813181 -0.3323320 -0.2863131 -0.2791395 -0.3247602 -0.2903631 -0.2770072 -0.2420387 -0.2838675 -0.2252547 -0.3012384 -0.2983434 -0.3564130 -0.3759085 -0.3320647 -0.3107797
C  0  8   0  1  0  2  -0.2967939 -0.3006233 -0.2397229 -0.2685668 -0.2719405 -0.2352850 -0.2461639 -0.2332148 -0.2243525 -0.2096102 -0.2647004 -0.2679013 -0.3065910 -0.3303181 -0.2559779 -0.3145321
C  0  8   0  1  0  3  -0.2700808 -0.2791685 -0.2930132 -0.2674037 -0.2678770 -0.2139530 -0.1760230 -0.1418412 -0.1713165 -0.1969846 -0.2081875 -0.2489330 -0.2394575 -0.2666022 -0.2793263 -0.2534952
C  0  8   0  1  0  4  -0.2497435 -0.2238730 -0.2375072 -0.2199630 -0.2180338 -0.1737544 -0.2275303 -0.2068402 -0.1942521 -0.1637857 -0.1643217 -0.2436188 -0.2560154 -0.2247907 -0.2757478 -0.2575026
C  0  8   0  1  0  5  -0.2136784 -0.1922179 -0.2086117 -0.1790225 -0.1738714 -0.1690244 -0.2089845 -0.1704350 -0.1745158 -0.1685630 -0.1859348 -0.2208759 -0.2366421 -0.1683206 -0.1931019 -0.2041402
C  0  8   0  1  0  6  -0.1658065 -0.1448862 -0.1961452 -0.1885963 -0.1424670 -0.1518620 -0.1614117 -0.1532863 -0.1642254 -0.1351604 -0.1173261 -0.1301068 -0.1332205 -0.1552278 -0.1546608 -0.1995321
C  0  8   0  1  0  7  -0.1204956 -0.1220625 -0.1226374 -0.1012958 -0.1389448 -0.1427157 -0.1455190 -0.1097373 -0.1153365 -0.0774776 -0.0731320 -0.1032900 -0.1287841 -0.1126204 -0.1061122 -0.1012613
C  0  8   0  1  0  8  -0.1765909 -0.1002171 -0.1409441 -0.1596049 -0.1683081 -0.1673969 -0.1551602 -0.1602091 -0.1494186 -0.1175981 -0.1260330 -0.1681598 -0.1183781 -0.1602088 -0.1379228 -0.1349896
C  0  8   0  1  0  9  -0.1241265 -0.1283971 -0.0872195 -0.1321679 -0.1034107 -0.1363449 -0.1136496 -0.1706927 -0.1066274 -0.1266638 -0.0696481 -0.1323527 -0.1178452 -0.0940756 -0.1238016 -0.1312173
C  0  8   0  1  0 10  -0.1354814 -0.1089302 -0.1276709 -0.1486935 -0.1529279 -0.1404351 -0.1433849 -0.1264877 -0.0999001 -0.1316273 -0.1316051 -0.1204947 -0.1073509 -0.1274018 -0.1131201 -0.1194410
C  0  8   0  1  0 11  -0.1343989 -0.1181933 -0.1476146 -0.1079328 -0.1111821 -0.1154422 -0.1273112 -0.1274214 -0.1516084 -0.0910469 -0.1110044 -0.1260759 -0.1070888 -0.1373891 -0.0932314 -0.1162711
C  0  8   0  1  0 12  -0.0925551 -0.1073682 -0.1316292 -0.1010747 -0.1409648 -0.1200343 -0.1436532 -0.1744916 -0.1272145 -0.1178141 -0.1179019 -0.0905709 -0.0900049 -0.1167157 -0.0991643 -0.1139106
C  0  8   0  1  0 13  -0.1103384 -0.1491662 -0.1658948 -0.1338446 -0.1429545 -0.1673402 -0.1559749 -0.1589571 -0.1226765 -0.1309100 -0.1631503 -0.1335182 -0.1519895 -0.1308292 -0.1559232 -0.1303510
C  0  8   0  1  0 14  -0.1009363 -0.1224307 -0.1173055 -0.1271315 -0.1420935 -0.1103069 -0.1221011 -0.1867937 -0.1281448 -0.1240909 -0.1009349 -0.1060311 -0.1100625 -0.0587335 -0.1047270 -0.1521858
C  0  8   0  1  0 15  -0.1253880 -0.1955722 -0.1644269 -0.1475486 -0.1815783 -0.1440544 -0.1738849 -0.1781564 -0.1784768 -0.1452285 -0.1191506 -0.1767819 -0.1487388 -0.1101967 -0.1053395 -0.1603118
C  0  8   0  1  0 16  -0.1868289 -0.1701349 -0.1738059 -0.1658898 -0.1887583 -0.1829747 -0.2219871 -0.2330453 -0.1816138 -0.2125899 -0.1500216 -0.1606792 -0.1515063 -0.1588815 -0.1548653 -0.1331591
C  0  8   0  1  0 17  -0.2063478 -0.2308624 -0.1693455 -0.2467375 -0.1899838 -0.2356138 -0.2256979 -0.2156556 -0.2135669 -0.2147338 -0.2140097 -0.1795794 -0.1631860 -0.2457717 -0.1878762 -0.2128030
C  0  8   0  1  0 18  -0.2389392 -0.2452945 -0.2483351 -0.2358962 -0.2193531 -0.2252640 -0.2713612 -0.2563178 -0.2429825 -0.2140187 -0.2480205 -0.2459761 -0.2371982 -0.1713849 -0.1717467 -0.1976300
C  0  8   0  1  0 19  -0.2411279 -0.2325428 -0.2634022 -0.2912785 -0.2775814 -0.2648510 -0.2514821 -0.2028603 -0.2569905 -0.2532672 -0.1956123 -0.2525113 -0.2149310 -0.2257200 -0.2439714 -0.2283160
C  0  8   0  1  0 20  -0.2537834 -0.2830393 -0.3427850 -0.3261369 -0.3176205 -0.2264153 -0.2879734 -0.3148167 -0.3453726 -0.3019337 -0.3128853 -0.2689090 -0.3419686 -0.2879651 -0.2552521 -0.2874587
C  0  8   0  1  0 21  -0.3668869 -0.3407814 -0.3264972 -0.3317184 -0.2668983 -0.2353142 -0.2923325 -0.3234937 -0.3661030 -0.3084572 -0.2900656 -0.3183449 -0.2604601 -0.2980116 -0.3215187 -0.3318294
C  0  8   0  1  1  0   0.0460565  0.0493722  0.0407137  0.0247796  0.0014886 -0.0205393 -0.0335874 -0.0421314 -0.0461539 -0.0364355 -0.0340075 -0.0186124  0.0028902  0.0053591  0.0248573  0.0380184
C  0  8   0  1  1  1   0.0253055  0.0230936  0.0184502  0.0111708  0.0028970 -0.0072517 -0.0147466 -0.0178031 -0.0173391 -0.0148288 -0.0148576 -0.0067543  0.0038857  0.0094086  0.0125891  0.0244048
C  0  8   0  1  1  2   0.0130210  0.0138916  0.0095264  0.0064779  0.0021326 -0.0024353 -0.0072091 -0.0077690 -0.0086750 -0.0054590 -0.0046380 -0.0026267  0.0011988  0.0040078  0.0054071  0.0113831
C  0  8   0  1  1  3   0.0082168  0.0075927  0.0028475  0.0045919  0.0016140  0.0009371 -0.0032853 -0.0012596  0.0009597  0.0004048 -0.0021342 -0.0003457  0.0021113  0.0032283  0.0027088  0.0069520
C  0  8   0  1  1  4   0.0027134  0.0032832  0.0014139  0.0015236  0.0037747  0.0028812  0.0012343  0.0024458  0.0052007  0.0037679  0.0000581  0.0003938  0.0029451  0.0022042  0.0044634  0.0031964
C  0  8   0  1  1  5   0.0022979  0.0015482  0.0009231  0.0040396  0.0039786  0.0044918  0.0039939  0.0049245  0.0057142  0.0031743 -0.0002686  0.0000209  0.0026607  0.0032827  0.0028876  0.0003212
C  0  8   0  1  1  6   0.0020020  0.0024695  0.0021792  0.0046809  0.0053060  0.0050927  0.0058154  0.0056748  0.0052854  0.0021224  0.0013177  0.0014348  0.0016912  0.0020028  0.0015906  0.0005704
C  0  8   0  1  1  7  -0.0004995  0.0022264  0.0022109  0.0046407  0.0048080  0.0041679  0.0060293  0.0039385  0.0039789  0.0013071  0.0000257  0.0003155  0.0017843  0.0014181  0.0017717 -0.0009068
C  0  8   0  1  1  8  -0.0007671  0.0010059  0.0022620  0.0018862  0.0047927  0.0038483  0.0047764  0.0049526  0.0051934  0.0015170  0.0007047 -0.0000997  0.0017368  0.0011398  0.0015459 -0.0009654
C  0  8   0  1  1  9   0.0019487  0.0031202  0.0025411  0.0038530  0.0034964  0.0036485  0.0045514  0.0044332  0.0033654  0.0005577  0.0019978  0.0015104  0.0021115  0.0009890  0.0008736 -0.0009025
C  0  8   0  1  1 10   0.0006986  0.0030440  0.0026631  0.0026470  0.0032007  0.0026901  0.0032525  0.0037243  0.0039547  0.0007674  0.0004079  0.0011150  0.0004288  0.0018065  0.0027675 -0.0000294
C  0  8   0  1  1 11   0.0010040  0.0026001  0.0022160  0.0029604  0.0036443  0.0009142  0.0021374  0.0031515  0.0034959  0.0023770 -0.0007549  0.0006275  0.0008853  0.0006921  0.0013544 -0.0008455
C  0  8   0  1  1 12   0.0008901  0.0026638  0.0032583  0.0046004  0.0031120  0.0022020  0.0017939  0.0035769  0.0049977  0.0019055  0.0021970  0.0015300  0.0015810  0.0003516  0.0016654 -0.0003466
C  0  8   0  1  1 13  -0.0000946  0.0021213  0.0024061  0.0032378  0.0029539  0.0028083  0.0040884  0.0056034  0.0048065  0.0011981  0.0011420 -0.0001885 -0.0004404 -0.0022316  0.0002479 -0.0015026
C  0  8   0  1  1 14  -0.0002680  0.0012404  0.0027447  0.0040347  0.0041591  0.0028382  0.0039903  0.0064088  0.0056115  0.0021877  0.0019017 -0.0003084 -0.0014833 -0.0011461 -0.0013571 -0.0018988
C  0  8   0  1  1 15  -0.0009143  0.0011830  0.0036930  0.0046442  0.0037289  0.0001863  0.0038203  0.0042419  0.0070204  0.0039243  0.0029990  0.0010177 -0.0018655 -0.0045982 -0.0046185 -0.0041284
C  0  8   0  1  1 16  -0.0006940  0.0020122  0.0041103  0.0054029  0.0039804  0.0016849  0.0044219  0.0044902  0.0051184  0.0070446  0.0034890  0.0032735 -0.0003846 -0.0007447 -0.0040256 -0.0044890
C  0  8   0  1  1 17  -0.0028452  0.0027413  0.0022634  0.0067982  0.0026630 -0.0007231  0.0019477  0.0045259  0.0048080  0.0050319  0.0048479  0.0023544 -0.0003759 -0.0035169 -0.0043979 -0.0039410
C  0  8   0  1  1 18   0.0010752  0.0077386  0.0059077  0.0072665  0.0048489  0.0004451 -0.0014936  0.0000198  0.0033528  0.0047120  0.0025547  0.0015830 -0.0007542 -0.0031399 -0.0051969 -0.0034303
C  0  8   0  1  1 19   0.0027454  0.0088172  0.0127284  0.0105768  0.0071299  0.0026965 -0.0018525  0.0000388  0.0035630  0.0058380  0.0029032  0.0003178 -0.0021385 -0.0039676 -0.0046670 -0.0015822
C  0  8   0  1  1 20   0.0018695  0.0149633  0.0183602  0.0138553  0.0069575  0.0036303 -0.0015769 -0.0005980  0.0013815  0.0066452  0.0020825 -0.0020872 -0.0063313 -0.0080879 -0.0053723 -0.0045149
C  0  8   0  1  1 21   0.0091281  0.0212345  0.0308630  0.0221365  0.0156498  0.0155506  0.0104896  0.0113382  0.0118285  0.0137527  0.0015154 -0.0035684 -0.0093462 -0.0177908 -0.0077159  0.0007261
